/*--------------------------------*- C++ -*----------------------------------*\
| =========                 |                                                 |
| \\      /  F ield         | OpenFOAM: The Open Source CFD Toolbox           |
|  \\    /   O peration     | Version:  2112                                  |
|   \\  /    A nd           | Website:  www.openfoam.com                      |
|    \\/     M anipulation  |                                                 |
\*---------------------------------------------------------------------------*/
FoamFile
{
    version     2.0;
    format      ascii;
    arch        "LSB;label=32;scalar=64";
    class       volScalarField;
    location    "0.071";
    object      s;
}
// * * * * * * * * * * * * * * * * * * * * * * * * * * * * * * * * * * * * * //

dimensions      [0 0 0 0 0 0 0];

internalField   nonuniform List<scalar> 
12225
(
1
1
1
1
1
1
1
1
1
1
1
1
1
1
1
1
1
1
1
1
1
1
1
1
1
1
1
1
1
1
1
1
1
1
1
1
1
1
1
1
1
1
1
1
1
1
1
1
1
1
1
1
1
1
1
1
1
1
1
1
1
1
1
1
1
1
1
1
1
1
1
1
1
1
1
1
1
1
1
1
1
1
1
1
1
1
1
1
1
1
1
1
1
1
1
1
1
1
1
1
1
1
1
1
1
1
1
1
1
1
1
1
1
1
1
1
1
1
1
1
1
1
1
1
1
1
1
1
1
1
1
1
1
1
1
1
1
1
1
1
1
1
1
1
1
1
1
1
1
1
1
1
1
1
1
1
1
1
1
1
1
1
1
1
1
1
1
1
1
1
1
1
1
1
1
1
1
1
1
1
1
1
1
1
1
1
1
1
1
1
1
1
1
1
1
1
1
1
1
1
1
1
1
1
1
1
1
1
1
1
1
1
1
1
1
1
1
1
1
1
1
1
1
1
1
1
1
1
1
1
1
1
1
1
1
1
1
1
1
1
1
1
1
1
1
1
1
1
1
1
1
1
1
1
1
1
1
1
1
1
1
1
1
1
1
1
1
1
1
1
1
1
1
1
1
1
1
1
1
1
1
1
1
1
1
1
1
1
1
1
1
1
1
1
1
1
1
1
1
1
1
1
1
1
1
1
1
1
1
1
1
1
1
1
1
1
1
1
1
1
1
1
1
1
1
1
1
1
1
1
1
1
1
1
1
1
1
1
1
1
1
1
1
1
1
1
1
1
1
1
1
1
1
1
1
1
1
1
1
1
1
1
1
1
1
1
1
1
1
1
1
1
1
1
1
1
1
1
1
1
1
1
1
1
1
1
1
1
1
1
1
1
1
1
1
1
1
1
1
1
1
1
1
1
1
1
1
1
1
1
1
1
1
1
1
1
1
1
1
1
1
1
1
1
1
1
1
1
1
1
1
1
1
1
1
1
1
1
1
1
1
1
1
1
1
1
1
1
1
1
1
1
1
1
1
1
1
1
1
1
1
1
1
1
1
1
1
1
1
1
1
1
1
1
1
1
1
1
1
1
1
1
1
1
1
1
1
1
1
1
1
1
1
1
1
1
1
1
1
1
1
1
1
1
1
1
1
1
1
1
1
1
1
1
1
1
1
1
1
1
1
1
1
1
1
1
1
1
1
1
1
1
1
1
1
1
1
1
1
1
0.756019
0.76715
0.76376
0.750915
0.734189
0.716327
0.707586
0.706652
0.708031
0.71117
0.716174
0.723452
0.730568
0.737161
0.743402
0.74856
0.7527
0.755928
0.757871
0.758775
0.75904
0.759026
0.758602
0.757732
0.756308
0.755089
0.75319
0.748883
0.735067
0.683227
0.672901
0.680617
0.688572
0.696139
0.704356
0.708241
0.708342
0.705889
0.695734
0.688273
0.687458
0.694102
0.757156
0.815373
0.811131
0.807284
0.806541
0.806055
0.805364
0.804481
0.803168
0.801359
0.798804
0.795714
0.792356
0.788914
0.78605
0.78343
0.781364
0.779789
0.778123
0.77695
0.776065
0.774837
0.77365
0.772308
0.770792
0.7694
0.767404
0.764443
0.759338
0.751756
0.747765
0.747284
0.747751
0.749677
0.753892
0.76112
0.770832
0.781715
0.791842
0.79953
0.804579
0.808296
0.812295
0.817096
0.821631
0.824735
0.82759
0.832328
0.835687
0.83652
0.836345
0.833021
0.82422
0.820622
0.820059
0.819863
0.820037
0.820828
0.818929
0.807274
0.804092
0.805422
0.809684
0.813932
0.816961
0.81967
0.822688
0.826087
0.829277
0.831458
0.832779
0.834163
0.836016
0.838191
0.840072
0.841975
0.843924
0.84603
0.848275
0.850621
0.852792
0.8551
0.856916
0.857927
0.858386
0.858166
0.856773
0.854019
0.850355
0.84707
0.844267
0.842203
0.840502
0.839506
0.839333
0.839758
0.84075
0.841463
0.84142
0.840138
0.835243
0.829181
0.826676
0.826531
0.828284
0.83571
0.84496
0.852403
0.857925
0.861529
0.863526
0.864383
0.864582
0.864507
0.863837
0.861223
0.857984
0.855944
0.855046
0.85492
0.855111
0.856414
0.861929
0.881612
0.912575
0.93431
0.944345
0.947673
0.951106
0.954409
0.955731
0.955381
0.95137
0.93436
0.881325
0.69788
0.456967
0.405786
0.74186
0.75276
0.754422
0.712717
0.655681
0.637496
0.633732
0.635755
0.639184
0.644028
0.65176
0.665786
0.681287
0.697291
0.716074
0.732127
0.743002
0.755791
0.766008
0.774103
0.782017
0.786239
0.786477
0.785557
0.782824
0.776517
0.770358
0.761023
0.75121
0.730599
0.703056
0.692017
0.693489
0.699727
0.714835
0.730703
0.758889
0.762813
0.739746
0.735702
0.788457
0.807901
0.812924
0.815975
0.81407
0.817547
0.823961
0.826628
0.827341
0.825692
0.818148
0.807959
0.798343
0.787303
0.779678
0.777386
0.776573
0.776204
0.775908
0.775286
0.774163
0.772618
0.770674
0.768314
0.765825
0.763468
0.762103
0.761826
0.762051
0.763766
0.768743
0.7765
0.784303
0.791425
0.800344
0.814897
0.834335
0.841699
0.842857
0.842606
0.840778
0.837179
0.833399
0.831962
0.83145
0.831027
0.829451
0.825596
0.823487
0.823269
0.823655
0.825208
0.82708
0.827444
0.827095
0.82571
0.823314
0.8204
0.816244
0.812535
0.806244
0.797395
0.795109
0.794824
0.796729
0.800273
0.802918
0.80448
0.80521
0.805424
0.805225
0.804313
0.803877
0.803679
0.803765
0.803705
0.805138
0.808897
0.81276
0.81792
0.82494
0.833101
0.842376
0.852849
0.864724
0.875891
0.885413
0.894983
0.903696
0.910658
0.915476
0.91698
0.914612
0.907458
0.896563
0.885301
0.87842
0.877493
0.880109
0.885338
0.885489
0.875303
0.860849
0.854365
0.846561
0.834486
0.823181
0.816101
0.813025
0.812254
0.812485
0.814916
0.823609
0.83434
0.842699
0.847249
0.848394
0.848374
0.847874
0.84714
0.847042
0.847363
0.848852
0.851513
0.854962
0.862299
0.884574
0.921524
0.944343
0.952435
0.955643
0.957102
0.958049
0.959428
0.959322
0.955509
0.943282
0.911489
0.798666
0.617274
0.715662
0.750771
0.720772
0.647186
0.622536
0.623584
0.629542
0.643143
0.65579
0.671012
0.690907
0.712853
0.739218
0.764386
0.787461
0.809353
0.830255
0.848851
0.861601
0.870399
0.877993
0.880477
0.879996
0.877771
0.872757
0.859625
0.846336
0.820821
0.791073
0.764159
0.743572
0.723165
0.714948
0.715886
0.720567
0.738681
0.786901
0.823526
0.816621
0.814712
0.818812
0.820384
0.826302
0.829569
0.839749
0.843949
0.845009
0.842357
0.835228
0.827403
0.813705
0.796699
0.782193
0.77233
0.768772
0.767154
0.766214
0.765071
0.763311
0.762296
0.762091
0.762077
0.762351
0.763462
0.765755
0.76963
0.77661
0.789255
0.808919
0.833443
0.847098
0.851422
0.853304
0.854441
0.856135
0.857138
0.857157
0.855475
0.850633
0.84255
0.831955
0.819647
0.814029
0.812943
0.81301
0.81415
0.816189
0.818924
0.822357
0.826756
0.830009
0.830627
0.830264
0.827638
0.820903
0.809921
0.803641
0.801864
0.79827
0.78579
0.773535
0.767935
0.764521
0.762549
0.761748
0.761085
0.759909
0.758306
0.75489
0.752139
0.750331
0.748906
0.748342
0.748179
0.748902
0.749568
0.751285
0.753208
0.755513
0.758875
0.763179
0.76831
0.774498
0.7814
0.791066
0.804815
0.824138
0.84758
0.876019
0.904985
0.923021
0.936186
0.946151
0.954271
0.960161
0.96116
0.959256
0.958311
0.959343
0.9606
0.958403
0.943082
0.896848
0.870614
0.863386
0.85888
0.849922
0.833557
0.822753
0.817028
0.813906
0.811853
0.810642
0.810006
0.809793
0.809941
0.811704
0.818141
0.824528
0.828602
0.8317
0.836371
0.847008
0.869959
0.885894
0.891244
0.899744
0.924038
0.945228
0.952656
0.953069
0.950978
0.950688
0.953831
0.95968
0.961091
0.959885
0.953328
0.928951
0.836173
0.726354
0.697215
0.628184
0.612917
0.617794
0.639464
0.688511
0.747942
0.798576
0.830359
0.851255
0.864099
0.872446
0.879075
0.883004
0.885254
0.888795
0.892667
0.896703
0.899578
0.901885
0.9032
0.90332
0.903041
0.902037
0.899093
0.893328
0.88227
0.865369
0.828601
0.782916
0.752179
0.736629
0.731636
0.738502
0.810335
0.840326
0.831369
0.828423
0.828329
0.836128
0.845866
0.856118
0.862657
0.866245
0.86712
0.867161
0.863921
0.854085
0.839728
0.822186
0.801244
0.779221
0.766929
0.763271
0.76206
0.761707
0.761636
0.761672
0.762069
0.763162
0.765229
0.768784
0.774254
0.782162
0.793405
0.808392
0.82638
0.846118
0.859739
0.864139
0.865956
0.867133
0.869305
0.871614
0.872058
0.871618
0.868393
0.860487
0.848205
0.833653
0.819144
0.810194
0.8073
0.80662
0.806747
0.808636
0.812735
0.818245
0.825019
0.83141
0.833058
0.832966
0.829423
0.818024
0.797696
0.776301
0.768931
0.766216
0.759415
0.749198
0.745787
0.744088
0.743282
0.74269
0.741405
0.740131
0.739362
0.738653
0.738422
0.738414
0.73905
0.73994
0.741305
0.742402
0.743407
0.744945
0.746367
0.748125
0.750254
0.753345
0.75721
0.762421
0.767405
0.771168
0.775629
0.781756
0.790655
0.804934
0.83148
0.874891
0.908868
0.934364
0.952015
0.964496
0.973184
0.977707
0.979465
0.979925
0.979324
0.974009
0.961391
0.932569
0.888737
0.867586
0.864832
0.869072
0.869903
0.867095
0.854759
0.844316
0.841346
0.841247
0.841636
0.842484
0.843518
0.84548
0.850007
0.856148
0.86256
0.873661
0.89839
0.928582
0.947765
0.952056
0.948738
0.937474
0.93687
0.945521
0.950829
0.950047
0.948314
0.948329
0.949897
0.955829
0.961797
0.963289
0.962408
0.956384
0.922026
0.649456
0.609373
0.601345
0.612683
0.665135
0.776492
0.862316
0.891869
0.902299
0.901512
0.898851
0.895039
0.891985
0.889559
0.8872
0.884746
0.883765
0.882006
0.882158
0.882923
0.884755
0.887267
0.890479
0.893505
0.897306
0.897407
0.896298
0.893272
0.886459
0.869524
0.829099
0.784649
0.74803
0.735947
0.80179
0.845814
0.841997
0.839373
0.843153
0.856439
0.868717
0.877794
0.885992
0.893081
0.899538
0.904689
0.906079
0.90606
0.901963
0.888834
0.867157
0.839138
0.808247
0.781188
0.770307
0.766918
0.765957
0.765799
0.765902
0.766476
0.767864
0.770384
0.774281
0.779951
0.787624
0.797184
0.808723
0.823251
0.841739
0.863063
0.873405
0.876565
0.877802
0.878291
0.878446
0.878473
0.878337
0.877607
0.875618
0.871407
0.863717
0.851416
0.833655
0.813244
0.804837
0.802309
0.801794
0.802196
0.804647
0.80991
0.817996
0.829642
0.835042
0.835565
0.831475
0.814662
0.784316
0.756291
0.744756
0.739772
0.736622
0.735278
0.73479
0.734631
0.734478
0.734286
0.73423
0.734494
0.735054
0.736217
0.737512
0.738831
0.740367
0.742447
0.744224
0.745104
0.745831
0.746394
0.747801
0.749316
0.751833
0.755118
0.760345
0.767181
0.771496
0.774808
0.778973
0.784806
0.792717
0.805621
0.834219
0.876818
0.91423
0.943501
0.962658
0.974541
0.981344
0.984298
0.98494
0.984265
0.976841
0.956946
0.936659
0.900333
0.872515
0.865347
0.868013
0.883629
0.892179
0.892093
0.884289
0.870692
0.8666
0.866775
0.870645
0.885378
0.904171
0.921608
0.938039
0.953275
0.966597
0.976837
0.983098
0.985423
0.985273
0.980846
0.961485
0.949334
0.949004
0.950149
0.949122
0.947878
0.947977
0.949304
0.954172
0.96083
0.964877
0.965444
0.964156
0.953247
0.595855
0.593127
0.607551
0.689041
0.852263
0.906379
0.919061
0.917031
0.91239
0.904504
0.895715
0.885419
0.874471
0.863654
0.851203
0.843366
0.832675
0.827185
0.825737
0.826899
0.829522
0.833027
0.839361
0.846267
0.860384
0.878903
0.889139
0.890489
0.887937
0.877956
0.83921
0.782499
0.742773
0.756295
0.844503
0.849753
0.84868
0.856304
0.872526
0.886079
0.894839
0.902756
0.910911
0.918469
0.926968
0.934818
0.938602
0.939784
0.939736
0.936907
0.928716
0.915041
0.896106
0.871356
0.843551
0.818301
0.799448
0.792168
0.790463
0.790438
0.79125
0.792879
0.795067
0.797677
0.800787
0.804842
0.811364
0.822181
0.838307
0.858663
0.873066
0.877193
0.878465
0.87894
0.879179
0.87937
0.879583
0.879705
0.879703
0.879401
0.878318
0.875673
0.870555
0.86141
0.844877
0.819326
0.804882
0.800507
0.799208
0.799092
0.800934
0.806455
0.817937
0.83437
0.83885
0.836275
0.81668
0.774879
0.74562
0.73539
0.73122
0.729977
0.729857
0.7301
0.730723
0.731588
0.732615
0.733763
0.73521
0.737294
0.74062
0.745096
0.750537
0.755863
0.758361
0.75922
0.756912
0.753537
0.752127
0.751732
0.752363
0.754942
0.759683
0.76821
0.778714
0.782437
0.783793
0.786532
0.792224
0.802081
0.820996
0.863098
0.905394
0.939795
0.964378
0.978957
0.985729
0.988138
0.988528
0.988026
0.982282
0.94722
0.922086
0.900527
0.873733
0.862647
0.863494
0.87747
0.900775
0.909218
0.909098
0.900954
0.887332
0.883559
0.884403
0.892521
0.919445
0.946498
0.965852
0.978576
0.986135
0.990113
0.991818
0.992205
0.991957
0.989475
0.976036
0.959542
0.953328
0.950812
0.94867
0.948063
0.94836
0.95014
0.955047
0.960441
0.965416
0.967689
0.967629
0.964166
0.597822
0.606634
0.673223
0.852352
0.917232
0.927126
0.923881
0.913434
0.895853
0.881404
0.865386
0.848823
0.828419
0.809692
0.786311
0.770451
0.758254
0.758189
0.760672
0.76688
0.77799
0.790589
0.801178
0.809768
0.819302
0.832609
0.858522
0.877295
0.883334
0.87602
0.832641
0.76521
0.744496
0.818948
0.85456
0.857662
0.86386
0.882501
0.8986
0.908122
0.914779
0.922415
0.930232
0.937849
0.945967
0.952628
0.957111
0.958864
0.959397
0.959356
0.958112
0.955002
0.950437
0.944678
0.937298
0.928182
0.917129
0.906116
0.897755
0.891348
0.885377
0.879912
0.876436
0.874946
0.873048
0.868128
0.862827
0.861229
0.860895
0.862486
0.869983
0.877299
0.879293
0.880258
0.881008
0.881828
0.882179
0.882179
0.882065
0.882075
0.882154
0.882157
0.882024
0.880843
0.877349
0.870841
0.85944
0.84139
0.818662
0.806558
0.801685
0.800011
0.800045
0.80605
0.823034
0.840554
0.842432
0.828479
0.784171
0.744702
0.733081
0.729288
0.727915
0.727654
0.727968
0.729134
0.731159
0.733387
0.736195
0.740578
0.749041
0.762261
0.775338
0.78097
0.782775
0.782267
0.775736
0.766862
0.75972
0.757703
0.75776
0.75863
0.76114
0.768517
0.784627
0.794657
0.797517
0.798004
0.799262
0.804016
0.81818
0.854602
0.901152
0.937611
0.9644
0.981618
0.990169
0.992814
0.993154
0.992647
0.987043
0.948054
0.895614
0.88502
0.86912
0.857022
0.855857
0.864404
0.893996
0.91443
0.920146
0.918991
0.909049
0.900346
0.899397
0.902575
0.920191
0.949801
0.97003
0.982043
0.988494
0.991637
0.992912
0.993193
0.993047
0.991698
0.98436
0.967968
0.957854
0.951973
0.949267
0.949074
0.94964
0.9522
0.958347
0.962254
0.965842
0.968865
0.969632
0.968608
0.60467
0.636041
0.781205
0.913121
0.933378
0.929402
0.913165
0.888647
0.876347
0.862934
0.844396
0.820388
0.782828
0.73972
0.697974
0.680281
0.679652
0.685278
0.700486
0.716568
0.731019
0.750229
0.771098
0.786729
0.797126
0.814414
0.848515
0.87356
0.880604
0.86944
0.803286
0.750451
0.768379
0.850221
0.864813
0.869569
0.885763
0.906488
0.918003
0.924657
0.930895
0.937679
0.944808
0.951884
0.958122
0.963119
0.966123
0.967406
0.967983
0.968177
0.968174
0.967871
0.967234
0.966513
0.965758
0.964809
0.963734
0.962732
0.961757
0.960782
0.959659
0.958167
0.956203
0.953637
0.950292
0.946008
0.940313
0.932654
0.922563
0.91109
0.901728
0.897853
0.896707
0.89673
0.897892
0.899076
0.899157
0.898236
0.895814
0.892697
0.8907
0.889718
0.889129
0.888753
0.888122
0.886996
0.884961
0.881318
0.875294
0.866745
0.851591
0.828669
0.810154
0.802534
0.800606
0.805614
0.829671
0.84403
0.841568
0.81406
0.765855
0.738239
0.729962
0.727628
0.727032
0.727095
0.728215
0.731499
0.736026
0.745595
0.76013
0.776168
0.786358
0.789863
0.790307
0.787902
0.781284
0.771212
0.761893
0.759579
0.760927
0.765211
0.769233
0.775794
0.789514
0.802314
0.808219
0.810645
0.812196
0.814657
0.822046
0.852085
0.900801
0.938134
0.965084
0.982622
0.991991
0.995593
0.996149
0.995381
0.98866
0.948983
0.876407
0.860241
0.85754
0.849449
0.847212
0.850721
0.875358
0.908291
0.923004
0.925548
0.922985
0.915484
0.913732
0.915191
0.925171
0.951108
0.9708
0.982566
0.988958
0.992117
0.993412
0.993709
0.993591
0.992637
0.988436
0.975254
0.962254
0.953947
0.95104
0.951046
0.951965
0.955461
0.961756
0.964932
0.966623
0.969063
0.970746
0.970635
0.614925
0.675824
0.879413
0.936529
0.936186
0.920539
0.893137
0.881742
0.870331
0.853651
0.82009
0.761767
0.68169
0.623512
0.60156
0.603443
0.618691
0.645954
0.686517
0.720478
0.738978
0.755986
0.773941
0.787345
0.798101
0.819239
0.855358
0.875784
0.87595
0.837574
0.762987
0.756448
0.826953
0.866546
0.876137
0.886235
0.908246
0.924497
0.932117
0.93759
0.94358
0.949607
0.955546
0.961289
0.965579
0.968586
0.970005
0.970627
0.970919
0.97106
0.971125
0.971145
0.971145
0.971144
0.97116
0.971168
0.971195
0.971263
0.971332
0.971385
0.97141
0.971348
0.971188
0.970874
0.970401
0.969687
0.968627
0.967025
0.964707
0.961472
0.957173
0.95203
0.948028
0.946544
0.945841
0.945353
0.944562
0.942897
0.939772
0.934821
0.928726
0.922972
0.919153
0.916404
0.912742
0.9079
0.902732
0.898298
0.895416
0.892376
0.888883
0.882323
0.873356
0.857071
0.826495
0.805083
0.799535
0.808816
0.832921
0.844833
0.840564
0.810366
0.767777
0.739938
0.730497
0.727649
0.727146
0.727708
0.731035
0.739663
0.752975
0.767599
0.779056
0.787499
0.78909
0.78616
0.779548
0.768349
0.761396
0.760409
0.762623
0.769443
0.77807
0.790634
0.807177
0.817385
0.819859
0.819496
0.819958
0.822888
0.830878
0.856612
0.908263
0.946071
0.970411
0.985619
0.993882
0.997048
0.997469
0.99648
0.988841
0.945304
0.86479
0.841284
0.841695
0.841297
0.838413
0.839245
0.851091
0.891504
0.919637
0.92962
0.930718
0.9292
0.928417
0.929408
0.935789
0.955993
0.973978
0.984934
0.991023
0.994039
0.995259
0.99553
0.995327
0.994022
0.990195
0.979814
0.966741
0.957456
0.954305
0.954382
0.955855
0.961074
0.964814
0.966503
0.967292
0.968774
0.970776
0.971531
0.62788
0.723576
0.912771
0.942248
0.935026
0.904488
0.888948
0.88076
0.866232
0.83263
0.765286
0.677489
0.609659
0.584028
0.579764
0.586052
0.615468
0.655641
0.707847
0.74358
0.764322
0.776704
0.785904
0.797016
0.815577
0.847105
0.868118
0.873146
0.848328
0.778516
0.759754
0.785658
0.860788
0.880379
0.888281
0.904221
0.926488
0.937615
0.943091
0.947718
0.95306
0.958313
0.96285
0.967044
0.969537
0.970878
0.971443
0.971641
0.9717
0.971713
0.971754
0.971839
0.971877
0.971928
0.971979
0.972041
0.972125
0.97222
0.972308
0.972398
0.972488
0.972579
0.972669
0.972752
0.972815
0.972842
0.972844
0.972706
0.972467
0.97205
0.971421
0.970608
0.969614
0.968557
0.967597
0.966829
0.966117
0.965366
0.964631
0.963653
0.962637
0.961396
0.960032
0.958701
0.957204
0.954985
0.951386
0.945718
0.93734
0.927686
0.917
0.905573
0.897628
0.891658
0.883205
0.870969
0.846485
0.811023
0.803503
0.814583
0.832515
0.843605
0.838406
0.816679
0.781424
0.748053
0.734894
0.729778
0.729644
0.730683
0.734215
0.740494
0.753227
0.765416
0.765026
0.762635
0.757877
0.756255
0.758055
0.761736
0.768949
0.783437
0.795714
0.810465
0.825702
0.833247
0.832176
0.829283
0.828568
0.829637
0.837694
0.870359
0.9218
0.956649
0.977512
0.989462
0.99565
0.99796
0.998183
0.997039
0.988812
0.944464
0.855692
0.827275
0.827487
0.830213
0.829588
0.829562
0.835517
0.868709
0.912553
0.9344
0.942577
0.945058
0.946271
0.948222
0.95326
0.96749
0.981419
0.990477
0.995422
0.997599
0.998223
0.998183
0.997442
0.995035
0.989354
0.980324
0.969133
0.960575
0.958101
0.958501
0.961748
0.965085
0.966037
0.966869
0.967479
0.968191
0.970063
0.971481
0.642615
0.77091
0.928399
0.943901
0.925207
0.90009
0.88887
0.882178
0.860531
0.812322
0.737118
0.64621
0.591546
0.577394
0.57636
0.582781
0.600303
0.632039
0.688746
0.752913
0.783299
0.800935
0.81604
0.830565
0.84784
0.859029
0.863804
0.842238
0.783861
0.762801
0.771761
0.844862
0.880829
0.892625
0.902043
0.921428
0.939346
0.947231
0.951363
0.955143
0.959795
0.964318
0.967573
0.97
0.971145
0.97169
0.971915
0.972008
0.972084
0.972286
0.972432
0.9725
0.972535
0.97255
0.972555
0.972577
0.972612
0.97265
0.972691
0.972742
0.972812
0.972907
0.973022
0.973152
0.973298
0.973467
0.973658
0.973813
0.973984
0.974059
0.97404
0.973738
0.973154
0.972498
0.971678
0.970795
0.969966
0.969146
0.968448
0.967833
0.967463
0.967296
0.967234
0.96724
0.967399
0.967729
0.968001
0.968156
0.967867
0.966629
0.963617
0.957344
0.94493
0.927644
0.908937
0.89462
0.886647
0.877675
0.858034
0.823936
0.815605
0.820959
0.831534
0.840441
0.837666
0.82435
0.802574
0.766566
0.747609
0.738007
0.735762
0.735882
0.736788
0.738112
0.740401
0.745595
0.750604
0.755201
0.763054
0.774162
0.790146
0.810226
0.8267
0.837574
0.841215
0.840274
0.836399
0.832786
0.832808
0.835553
0.847889
0.888515
0.936252
0.966538
0.983233
0.992202
0.996856
0.998677
0.998887
0.997952
0.99061
0.948617
0.853827
0.817026
0.815636
0.819596
0.820783
0.820914
0.824477
0.848316
0.903732
0.940219
0.95859
0.966522
0.969618
0.971359
0.974512
0.982555
0.991269
0.996407
0.998583
0.999244
0.999279
0.998964
0.997733
0.993758
0.986263
0.977895
0.968341
0.96279
0.962312
0.964248
0.966531
0.966499
0.966166
0.965729
0.965859
0.966341
0.967626
0.97049
0.658997
0.816564
0.938351
0.944087
0.917812
0.899792
0.894805
0.887268
0.858325
0.805541
0.727451
0.636801
0.589629
0.578349
0.57779
0.586253
0.607691
0.638259
0.684348
0.749715
0.791939
0.811525
0.828327
0.840095
0.846953
0.847396
0.820002
0.778021
0.763043
0.769235
0.818724
0.877447
0.895546
0.903568
0.915186
0.934284
0.94817
0.954246
0.957555
0.960487
0.964301
0.968039
0.970173
0.971313
0.971841
0.97209
0.972209
0.972319
0.972526
0.972702
0.972754
0.972763
0.972715
0.972634
0.972597
0.972592
0.972599
0.972614
0.972644
0.972697
0.972745
0.972793
0.972929
0.973086
0.97324
0.973445
0.973711
0.973964
0.974319
0.97472
0.975173
0.975585
0.975939
0.975713
0.974864
0.973353
0.971942
0.970823
0.969717
0.968789
0.968048
0.967693
0.967551
0.967533
0.967743
0.968257
0.968937
0.969782
0.97064
0.971417
0.971968
0.972299
0.971926
0.969753
0.963539
0.948078
0.923518
0.899818
0.886427
0.87493
0.860403
0.835456
0.826997
0.828332
0.832161
0.840168
0.839844
0.835744
0.823313
0.803848
0.781137
0.766395
0.757203
0.754905
0.756208
0.759866
0.767419
0.779534
0.796794
0.815312
0.832614
0.842739
0.846791
0.847532
0.846376
0.842905
0.837809
0.835526
0.836042
0.840867
0.860956
0.9149
0.956783
0.979193
0.990212
0.995478
0.998164
0.999359
0.999541
0.999039
0.993933
0.959761
0.857997
0.80934
0.805399
0.809217
0.811916
0.812631
0.815819
0.835264
0.893886
0.941009
0.967311
0.979807
0.984611
0.986216
0.988449
0.993108
0.996983
0.998919
0.999573
0.999661
0.999534
0.99884
0.996405
0.990194
0.981859
0.973844
0.968926
0.968366
0.969249
0.968948
0.967864
0.965092
0.963731
0.963764
0.963983
0.964744
0.96565
0.967794
0.676025
0.848465
0.944567
0.943492
0.916052
0.904741
0.902632
0.890787
0.863396
0.808128
0.736663
0.659124
0.60749
0.590128
0.586871
0.59356
0.614802
0.639527
0.669109
0.721481
0.778973
0.802269
0.815582
0.820877
0.810888
0.784871
0.764766
0.759204
0.767449
0.80147
0.870993
0.89718
0.907269
0.914158
0.92685
0.943572
0.954251
0.959099
0.961721
0.964011
0.967245
0.970127
0.971357
0.971923
0.972182
0.972311
0.972415
0.972577
0.972756
0.97281
0.972811
0.972753
0.972633
0.972446
0.972246
0.972021
0.971758
0.971464
0.971269
0.971169
0.971127
0.971239
0.971438
0.971877
0.972144
0.972382
0.972673
0.97295
0.973246
0.973663
0.974296
0.975265
0.976621
0.977948
0.979034
0.979866
0.97942
0.977679
0.975261
0.972798
0.970881
0.969468
0.968588
0.968204
0.968205
0.968609
0.969314
0.970258
0.971197
0.972023
0.97272
0.973533
0.974297
0.974741
0.974653
0.97383
0.971267
0.963141
0.939028
0.90783
0.886722
0.873316
0.861986
0.844664
0.83693
0.836914
0.837479
0.839776
0.842108
0.841746
0.840326
0.837481
0.831983
0.827788
0.826765
0.828487
0.832619
0.838768
0.844509
0.848738
0.851226
0.852292
0.851797
0.850381
0.847721
0.843082
0.839673
0.839812
0.842248
0.852681
0.888515
0.941555
0.974539
0.989864
0.995782
0.998187
0.999273
0.999737
0.999809
0.999515
0.995947
0.969234
0.868468
0.805834
0.796788
0.800028
0.803673
0.80492
0.808253
0.825335
0.883445
0.937398
0.968489
0.983912
0.990164
0.99286
0.995256
0.997597
0.999074
0.999679
0.999809
0.999767
0.999388
0.997524
0.990944
0.984205
0.980468
0.978385
0.977327
0.976053
0.973205
0.966683
0.962422
0.96234
0.962676
0.963558
0.964517
0.965424
0.965987
0.966876
0.693228
0.876973
0.948399
0.942768
0.91649
0.910475
0.907657
0.900852
0.877519
0.837889
0.789261
0.726545
0.65339
0.620309
0.608224
0.605935
0.61619
0.638485
0.651312
0.675912
0.716471
0.742754
0.751756
0.752983
0.7482
0.746882
0.7534
0.764791
0.795251
0.865468
0.897414
0.910088
0.916083
0.922892
0.935026
0.948702
0.957805
0.962262
0.964542
0.966424
0.969178
0.971254
0.971955
0.972228
0.972346
0.97241
0.972488
0.972649
0.972789
0.97281
0.972765
0.972575
0.972177
0.971564
0.970727
0.969656
0.96836
0.966957
0.965923
0.965414
0.965253
0.966189
0.96746
0.96872
0.970003
0.970853
0.971329
0.9718
0.972084
0.972391
0.972559
0.97273
0.973155
0.974668
0.977419
0.980643
0.982947
0.984585
0.985522
0.985171
0.983414
0.980913
0.978515
0.97674
0.97603
0.97618
0.976808
0.977686
0.978051
0.977683
0.976488
0.975588
0.975387
0.975773
0.976143
0.976163
0.975945
0.975302
0.973775
0.969897
0.957201
0.918852
0.887294
0.868653
0.858129
0.84917
0.843063
0.841999
0.842097
0.842495
0.843887
0.84677
0.849114
0.850324
0.851248
0.852048
0.852986
0.853694
0.854151
0.854324
0.854221
0.853822
0.852545
0.850661
0.847612
0.843496
0.843214
0.844616
0.851284
0.872511
0.926528
0.967954
0.987242
0.995028
0.998037
0.999197
0.999691
0.999892
0.999922
0.999748
0.997412
0.97822
0.886675
0.807199
0.789368
0.79064
0.795005
0.797582
0.802885
0.823313
0.883722
0.936334
0.967992
0.984535
0.992203
0.995743
0.997765
0.99903
0.999657
0.999851
0.999857
0.999691
0.998586
0.993011
0.980543
0.971921
0.968592
0.967738
0.967059
0.963883
0.959609
0.959461
0.960197
0.962355
0.965557
0.96891
0.970148
0.969907
0.968714
0.96805
0.711821
0.896699
0.951656
0.942556
0.918746
0.915492
0.915981
0.911303
0.89093
0.852335
0.816303
0.785025
0.73516
0.677987
0.651995
0.639211
0.635673
0.637966
0.649583
0.662883
0.68436
0.702526
0.714425
0.724499
0.734635
0.746684
0.763758
0.799134
0.8648
0.898012
0.912342
0.918812
0.922952
0.929462
0.940197
0.951942
0.960071
0.964313
0.966318
0.967779
0.969791
0.971581
0.972189
0.97238
0.972427
0.972447
0.972487
0.972639
0.972769
0.972771
0.972597
0.972063
0.970951
0.968983
0.965574
0.961248
0.957162
0.954133
0.952428
0.951831
0.952634
0.954636
0.95781
0.962229
0.96584
0.968548
0.970127
0.971
0.971571
0.971949
0.972234
0.972356
0.972299
0.972153
0.972221
0.973649
0.977806
0.982925
0.986363
0.988492
0.989769
0.990547
0.990732
0.9905
0.990288
0.990476
0.990973
0.991538
0.991712
0.991319
0.989275
0.985182
0.981521
0.979412
0.978268
0.977636
0.977268
0.976901
0.976191
0.974698
0.973277
0.971222
0.966274
0.948682
0.910923
0.882823
0.865141
0.854321
0.848255
0.845981
0.845704
0.845845
0.846462
0.848248
0.850287
0.851928
0.853349
0.854186
0.8544
0.854366
0.854085
0.853365
0.851959
0.850089
0.84701
0.846921
0.848174
0.85355
0.870091
0.914228
0.96285
0.985701
0.994547
0.997896
0.999168
0.999663
0.999871
0.999956
0.999968
0.999895
0.998729
0.986981
0.914194
0.816422
0.785592
0.782736
0.784339
0.788106
0.796538
0.824687
0.88832
0.938304
0.968936
0.98531
0.993221
0.996873
0.998622
0.999473
0.999814
0.999883
0.999831
0.999288
0.995859
0.98066
0.96353
0.957287
0.955578
0.954934
0.954995
0.955396
0.95645
0.958769
0.964215
0.969513
0.971822
0.973139
0.974365
0.974382
0.973913
0.971897
0.731062
0.913207
0.956591
0.94566
0.922052
0.918674
0.922233
0.923893
0.917399
0.895455
0.865593
0.840507
0.807315
0.760719
0.717607
0.682408
0.66362
0.659226
0.659919
0.66939
0.687434
0.702888
0.715757
0.729815
0.747469
0.773485
0.820872
0.874065
0.901888
0.915458
0.921982
0.925383
0.928711
0.934327
0.943134
0.952264
0.960055
0.964634
0.96673
0.968021
0.969699
0.971509
0.972185
0.97241
0.972465
0.972463
0.972464
0.972587
0.972707
0.972666
0.972228
0.970732
0.967746
0.962115
0.955698
0.950574
0.947052
0.944802
0.943637
0.943201
0.943995
0.94591
0.948888
0.954024
0.960431
0.965847
0.969002
0.970543
0.971244
0.971574
0.971837
0.972178
0.972382
0.972277
0.971894
0.971446
0.971434
0.972842
0.977921
0.984099
0.988373
0.990864
0.992349
0.993233
0.993799
0.994201
0.994523
0.994792
0.994989
0.995056
0.994884
0.993914
0.991291
0.987918
0.984679
0.982216
0.980439
0.978806
0.977341
0.975861
0.974292
0.973027
0.972083
0.970774
0.967892
0.960151
0.936557
0.903739
0.880255
0.865588
0.856896
0.852714
0.851277
0.850962
0.850971
0.851269
0.852365
0.853343
0.853689
0.853684
0.853436
0.852786
0.852172
0.850509
0.851018
0.853085
0.859106
0.874863
0.91376
0.963236
0.985252
0.994307
0.997841
0.999178
0.999682
0.999874
0.999952
0.999984
0.999988
0.999959
0.999487
0.993865
0.948339
0.838613
0.788712
0.778417
0.778395
0.781624
0.79378
0.834812
0.898291
0.944312
0.972253
0.987106
0.994249
0.997518
0.998999
0.999646
0.999863
0.999874
0.999674
0.997973
0.986458
0.965797
0.957312
0.954638
0.954069
0.95409
0.954503
0.956087
0.960512
0.967581
0.970895
0.972568
0.973327
0.973804
0.974818
0.975724
0.975758
0.97514
0.749877
0.926306
0.961183
0.951532
0.927043
0.922457
0.92576
0.930677
0.928345
0.915856
0.896642
0.880145
0.860973
0.832507
0.803919
0.774824
0.742179
0.72119
0.712481
0.710865
0.719471
0.734321
0.750959
0.778049
0.811913
0.854909
0.88609
0.908759
0.919583
0.925377
0.928398
0.930428
0.93285
0.937254
0.943842
0.951616
0.959253
0.964333
0.966597
0.967899
0.969362
0.971179
0.972064
0.97238
0.972465
0.972469
0.972431
0.972433
0.972519
0.972421
0.971443
0.968918
0.963697
0.956837
0.950722
0.946007
0.943151
0.941435
0.940592
0.940379
0.941159
0.942997
0.945645
0.950852
0.95823
0.964712
0.968587
0.970457
0.971263
0.971551
0.971715
0.971817
0.972022
0.972325
0.972403
0.972206
0.971389
0.970613
0.970468
0.97172
0.977273
0.984053
0.988796
0.991623
0.993124
0.993795
0.993993
0.993942
0.99393
0.994216
0.994799
0.995198
0.995259
0.995117
0.994176
0.991732
0.988628
0.984854
0.980756
0.977091
0.974546
0.973273
0.972585
0.971287
0.970249
0.969214
0.967228
0.962993
0.953018
0.927237
0.902009
0.883913
0.872265
0.866063
0.863297
0.862098
0.861169
0.860768
0.860392
0.859667
0.858812
0.858753
0.859141
0.860614
0.864449
0.872458
0.890544
0.930226
0.968457
0.98658
0.994543
0.99786
0.999184
0.999693
0.999884
0.999956
0.999983
0.999994
0.999996
0.999986
0.999808
0.997603
0.976487
0.881706
0.805788
0.782152
0.779424
0.782497
0.799
0.854712
0.914539
0.95472
0.978048
0.989981
0.995589
0.998127
0.999271
0.99975
0.999872
0.999833
0.999254
0.994671
0.975638
0.961233
0.9559
0.954346
0.954171
0.954628
0.956704
0.963169
0.968865
0.971474
0.972486
0.973079
0.973366
0.973586
0.974102
0.975298
0.976165
0.9762
0.767194
0.937375
0.965376
0.956494
0.930629
0.924161
0.926753
0.93673
0.940007
0.93713
0.926516
0.913552
0.905057
0.889369
0.870595
0.855987
0.83999
0.82617
0.818124
0.81425
0.814112
0.825186
0.84042
0.863444
0.883728
0.90248
0.915245
0.924046
0.928259
0.930925
0.932406
0.93364
0.935408
0.938542
0.943466
0.950064
0.957217
0.963349
0.966092
0.967541
0.968734
0.970394
0.971697
0.972239
0.972429
0.972463
0.972431
0.97234
0.972287
0.972107
0.971411
0.969167
0.96399
0.957075
0.950975
0.946197
0.943254
0.941459
0.940583
0.940525
0.940905
0.942261
0.944909
0.95039
0.958817
0.965957
0.969711
0.971284
0.971751
0.971853
0.971833
0.971831
0.971861
0.971922
0.972114
0.972281
0.972233
0.971842
0.97055
0.969332
0.968845
0.96996
0.975843
0.982427
0.986372
0.987779
0.987658
0.986652
0.985676
0.985848
0.987893
0.991149
0.994075
0.99601
0.997137
0.99765
0.997557
0.996202
0.991754
0.984399
0.977263
0.972169
0.969445
0.968812
0.969112
0.969249
0.968811
0.96704
0.964715
0.962338
0.958281
0.94785
0.931782
0.918768
0.909918
0.903922
0.898336
0.895523
0.8918
0.886355
0.88491
0.885306
0.887194
0.891977
0.90437
0.921705
0.95635
0.977048
0.988604
0.994642
0.997615
0.999
0.999605
0.999852
0.999947
0.999981
0.999993
0.999998
0.999999
0.999996
0.999935
0.999126
0.991003
0.935316
0.844549
0.801763
0.791199
0.794044
0.819495
0.882846
0.932997
0.965471
0.983671
0.992682
0.996797
0.998643
0.999483
0.999813
0.999866
0.999744
0.998487
0.990292
0.970459
0.959623
0.955532
0.95465
0.954838
0.956596
0.963065
0.968685
0.971292
0.972218
0.972706
0.972669
0.972218
0.971836
0.972055
0.973049
0.975269
0.976166
0.783203
0.944955
0.968314
0.960904
0.936387
0.926937
0.927318
0.936579
0.94412
0.945545
0.941952
0.933193
0.926694
0.922399
0.913398
0.904183
0.896411
0.889468
0.885766
0.884261
0.885822
0.889274
0.897715
0.90857
0.917501
0.923177
0.928581
0.931816
0.933433
0.934691
0.935435
0.935931
0.93691
0.938941
0.942443
0.947309
0.95351
0.961144
0.964949
0.966816
0.967776
0.969213
0.970797
0.971811
0.972266
0.972417
0.972412
0.97234
0.972238
0.972053
0.971499
0.969869
0.96539
0.958568
0.952466
0.947535
0.944377
0.942284
0.941401
0.941497
0.942125
0.943759
0.947445
0.956134
0.965024
0.969318
0.971055
0.971694
0.97192
0.97202
0.972038
0.972007
0.971963
0.971926
0.971872
0.971807
0.971911
0.971966
0.971805
0.97105
0.968827
0.966677
0.96565
0.966511
0.970905
0.973168
0.972911
0.970453
0.967524
0.966585
0.96839
0.974571
0.983185
0.990341
0.995073
0.99754
0.998558
0.998795
0.998483
0.996254
0.987931
0.977663
0.969975
0.965499
0.963923
0.964279
0.96638
0.967177
0.966822
0.964552
0.962154
0.960581
0.959598
0.958122
0.95535
0.95289
0.950119
0.949156
0.94722
0.942795
0.941215
0.941953
0.944638
0.95067
0.961828
0.972944
0.982186
0.988995
0.993645
0.996608
0.998344
0.999264
0.999701
0.999888
0.999961
0.999987
0.999996
0.999999
0.999999
0.999999
0.99998
0.999713
0.996824
0.974807
0.902764
0.852008
0.833713
0.835317
0.863842
0.914769
0.951667
0.975289
0.988415
0.994826
0.99772
0.999031
0.999633
0.999845
0.999854
0.999614
0.997648
0.986758
0.968609
0.958969
0.9554
0.954931
0.955685
0.960247
0.96684
0.970271
0.971744
0.972137
0.972016
0.971539
0.970287
0.968526
0.968516
0.969153
0.971921
0.975139
0.789257
0.946945
0.970814
0.966446
0.945661
0.929576
0.927528
0.932205
0.944817
0.949333
0.95028
0.947624
0.940281
0.936032
0.933794
0.930161
0.926694
0.922976
0.920122
0.918855
0.918492
0.920001
0.923836
0.929256
0.932045
0.933821
0.936072
0.937131
0.937677
0.938072
0.938285
0.938579
0.938815
0.939714
0.941782
0.944778
0.949885
0.957093
0.962614
0.965487
0.966916
0.968045
0.969604
0.970804
0.97174
0.972219
0.972336
0.972313
0.972235
0.972079
0.9717
0.970763
0.968254
0.962032
0.955544
0.950323
0.946921
0.944324
0.943471
0.943696
0.944672
0.947056
0.952787
0.961738
0.96758
0.970402
0.971482
0.971858
0.972132
0.972419
0.972546
0.972542
0.972473
0.972318
0.972067
0.971691
0.971334
0.97124
0.971387
0.9714
0.971037
0.969336
0.965401
0.962421
0.960748
0.959522
0.958234
0.956413
0.955135
0.954735
0.955082
0.956946
0.962228
0.97371
0.985749
0.993247
0.997153
0.998707
0.998988
0.998672
0.996355
0.987542
0.97659
0.967944
0.962632
0.960564
0.960525
0.96283
0.965361
0.965606
0.964216
0.961007
0.95932
0.958402
0.957979
0.957915
0.958139
0.959037
0.960036
0.961291
0.963184
0.965853
0.969176
0.973092
0.977507
0.982172
0.986766
0.990965
0.994392
0.996865
0.998427
0.999289
0.999709
0.999891
0.999962
0.999988
0.999996
0.999999
1
1
0.999994
0.999915
0.998983
0.991127
0.951692
0.907769
0.890766
0.890793
0.90858
0.942294
0.966882
0.982913
0.991948
0.996375
0.998381
0.999308
0.999733
0.99986
0.999842
0.999474
0.996915
0.984602
0.967788
0.958639
0.955246
0.954936
0.956402
0.962529
0.967911
0.970545
0.971257
0.971196
0.970763
0.969285
0.967285
0.96546
0.96515
0.965467
0.966725
0.971385
0.790083
0.946936
0.971897
0.970558
0.957439
0.936052
0.929349
0.929764
0.937489
0.949532
0.953364
0.954151
0.95311
0.947528
0.942467
0.94006
0.938805
0.937964
0.937188
0.936345
0.935722
0.935631
0.936961
0.938704
0.939394
0.939842
0.940432
0.940655
0.940695
0.940544
0.940396
0.940433
0.940721
0.941101
0.941853
0.943358
0.946398
0.952761
0.959008
0.963489
0.965824
0.967208
0.96855
0.969818
0.970824
0.971606
0.972074
0.972204
0.972186
0.972092
0.971888
0.971398
0.970194
0.967385
0.961589
0.955684
0.951779
0.94828
0.947655
0.948152
0.949754
0.953236
0.960504
0.966552
0.969869
0.971289
0.971813
0.972058
0.972614
0.973614
0.974214
0.974291
0.974196
0.973875
0.97318
0.972244
0.971363
0.970721
0.970377
0.970434
0.970697
0.970622
0.969805
0.966169
0.96106
0.957543
0.955178
0.953723
0.953149
0.953123
0.953373
0.954264
0.956115
0.959669
0.969786
0.983892
0.992671
0.997102
0.99871
0.998873
0.998186
0.994245
0.985089
0.975717
0.967247
0.961403
0.959054
0.958961
0.961178
0.964587
0.965274
0.9644
0.959718
0.956129
0.955443
0.955698
0.956814
0.95884
0.960522
0.962338
0.964901
0.968239
0.971666
0.975056
0.978546
0.982354
0.98643
0.990423
0.993907
0.996535
0.998237
0.999195
0.999669
0.999877
0.999958
0.999987
0.999996
0.999999
1
1
0.999999
0.999977
0.999707
0.997185
0.980855
0.947925
0.932798
0.931325
0.939931
0.961271
0.977403
0.988163
0.994368
0.997444
0.998849
0.999507
0.9998
0.99987
0.999827
0.999335
0.996291
0.983325
0.967337
0.958144
0.954788
0.95463
0.95656
0.963247
0.968075
0.969699
0.969751
0.969442
0.968263
0.965413
0.963802
0.963222
0.96327
0.963498
0.964135
0.966223
0.787654
0.943821
0.972341
0.972737
0.96662
0.949237
0.933206
0.930959
0.933727
0.943033
0.952458
0.955929
0.956849
0.956888
0.954963
0.950173
0.945419
0.943469
0.942511
0.942017
0.941825
0.942146
0.943228
0.943855
0.944014
0.944088
0.944153
0.943999
0.943697
0.943121
0.942516
0.941954
0.941761
0.941952
0.942276
0.943087
0.944643
0.948075
0.95467
0.960209
0.963927
0.966053
0.967682
0.968988
0.970049
0.970859
0.971459
0.971873
0.972033
0.972018
0.97191
0.971673
0.971126
0.969912
0.967115
0.962804
0.959139
0.955548
0.954984
0.955482
0.95695
0.960218
0.964982
0.968792
0.970847
0.971624
0.971941
0.972489
0.973877
0.976442
0.978233
0.978657
0.978528
0.978017
0.976721
0.974629
0.972625
0.971113
0.97016
0.969648
0.969521
0.969779
0.96997
0.969704
0.968145
0.962957
0.957922
0.955071
0.95401
0.953944
0.95414
0.954706
0.955964
0.95798
0.961599
0.97199
0.985769
0.993931
0.997666
0.998696
0.998576
0.996945
0.992787
0.987568
0.979389
0.969632
0.962098
0.95893
0.958788
0.961439
0.965986
0.967467
0.967104
0.96535
0.965859
0.967842
0.968565
0.967476
0.963974
0.962783
0.963169
0.964713
0.96752
0.970424
0.972928
0.976154
0.980867
0.986322
0.991306
0.99508
0.997511
0.998874
0.999543
0.999834
0.999945
0.999984
0.999995
0.999999
1
1
1
0.999994
0.999924
0.999209
0.993957
0.97453
0.961064
0.958412
0.961495
0.97363
0.984569
0.99182
0.996078
0.998214
0.999197
0.999658
0.999849
0.999881
0.999813
0.999206
0.995818
0.982664
0.966908
0.957328
0.953855
0.953793
0.956285
0.96333
0.96696
0.967508
0.967358
0.966584
0.964118
0.962368
0.96189
0.961971
0.962212
0.96251
0.962921
0.963958
0.7792
0.932786
0.97079
0.973192
0.96996
0.959198
0.941422
0.936022
0.936902
0.942213
0.949676
0.955256
0.957458
0.958343
0.95851
0.957964
0.955797
0.952763
0.950484
0.948817
0.947597
0.946808
0.946477
0.946417
0.946378
0.946393
0.946344
0.94617
0.945968
0.945472
0.944891
0.944118
0.943543
0.943075
0.942936
0.943225
0.943937
0.945591
0.94977
0.955905
0.960742
0.96396
0.9662
0.967976
0.969268
0.970152
0.970821
0.971335
0.971669
0.971823
0.97181
0.971688
0.971438
0.970918
0.96965
0.967656
0.965363
0.962392
0.961635
0.961917
0.962834
0.964778
0.967931
0.970304
0.971375
0.971757
0.972283
0.973626
0.977135
0.981852
0.985563
0.98693
0.986829
0.986084
0.984288
0.980829
0.976955
0.973641
0.971291
0.969893
0.969228
0.969016
0.969061
0.969305
0.969297
0.968838
0.966792
0.962752
0.960005
0.959017
0.958946
0.959099
0.95922
0.959548
0.961114
0.965522
0.97801
0.989646
0.995913
0.99828
0.998574
0.997689
0.995134
0.99346
0.991096
0.98485
0.972677
0.96319
0.95938
0.959244
0.962294
0.969581
0.975698
0.981361
0.985545
0.987632
0.988068
0.987498
0.983288
0.972905
0.96609
0.962393
0.959375
0.958055
0.958498
0.961013
0.967994
0.977928
0.986338
0.99247
0.996302
0.998377
0.999362
0.999774
0.999927
0.999979
0.999994
0.999999
1
1
1
0.999999
0.999982
0.999804
0.998338
0.99004
0.978936
0.975493
0.976041
0.98152
0.989188
0.994249
0.997224
0.998732
0.999435
0.99976
0.999882
0.999892
0.999799
0.999093
0.995477
0.982385
0.966402
0.956124
0.952337
0.952306
0.955371
0.961752
0.964093
0.964391
0.964156
0.963065
0.961473
0.960955
0.961004
0.96116
0.961555
0.96204
0.962325
0.962883
0.771416
0.907427
0.963611
0.971221
0.970785
0.963628
0.950473
0.946892
0.949825
0.958065
0.961229
0.962207
0.96156
0.960265
0.959721
0.959746
0.95924
0.957526
0.955318
0.953242
0.951502
0.950315
0.949748
0.949565
0.949711
0.949808
0.949768
0.949184
0.948515
0.947814
0.946996
0.945907
0.945137
0.944598
0.944188
0.94376
0.944016
0.944705
0.946575
0.951305
0.956928
0.961153
0.964114
0.966412
0.968234
0.969478
0.970261
0.970812
0.971203
0.97144
0.971545
0.971554
0.971435
0.971205
0.970628
0.969769
0.968838
0.966913
0.96606
0.966134
0.966563
0.967561
0.969636
0.971058
0.971581
0.971994
0.973065
0.976425
0.983509
0.989225
0.99276
0.994702
0.995477
0.995429
0.994603
0.991695
0.986106
0.980229
0.975421
0.972073
0.970099
0.969152
0.968827
0.968781
0.968835
0.968862
0.96877
0.968336
0.967266
0.966587
0.966377
0.966256
0.965888
0.965055
0.964634
0.965558
0.971828
0.985204
0.99373
0.997641
0.998715
0.998516
0.996804
0.995605
0.995014
0.993668
0.987964
0.972985
0.963286
0.960095
0.96024
0.964591
0.976416
0.984342
0.988332
0.989912
0.990361
0.99033
0.989619
0.986433
0.97572
0.965489
0.958456
0.953685
0.951861
0.952007
0.955114
0.967629
0.981409
0.990404
0.995537
0.998123
0.999282
0.999749
0.99992
0.999976
0.999993
0.999998
1
1
1
1
0.999996
0.999956
0.999602
0.99727
0.990481
0.986831
0.986298
0.987542
0.992059
0.995799
0.997973
0.999077
0.999595
0.999828
0.999903
0.999901
0.999778
0.998977
0.995233
0.982252
0.965535
0.954352
0.94999
0.949809
0.952501
0.957153
0.959737
0.960998
0.961232
0.960967
0.960256
0.960236
0.960312
0.960547
0.961169
0.961889
0.962183
0.96245
0.792854
0.901453
0.951113
0.966597
0.96969
0.968385
0.966252
0.965997
0.970066
0.971927
0.971682
0.97267
0.97666
0.971341
0.962852
0.961817
0.961683
0.96042
0.958546
0.956457
0.954755
0.953764
0.95341
0.953607
0.954326
0.954793
0.954971
0.954736
0.953813
0.952826
0.951575
0.949163
0.947366
0.946085
0.9454
0.944976
0.944533
0.944788
0.94555
0.947672
0.952823
0.957875
0.961655
0.964469
0.966719
0.968453
0.969657
0.970387
0.970828
0.971084
0.971221
0.971268
0.971281
0.971191
0.970951
0.970562
0.970192
0.969244
0.968454
0.968416
0.968589
0.969187
0.970648
0.971429
0.971759
0.972401
0.974755
0.982138
0.98824
0.992216
0.994847
0.996584
0.997718
0.998246
0.998268
0.997953
0.996567
0.991502
0.983977
0.977712
0.973378
0.970815
0.969513
0.968958
0.968766
0.968691
0.968651
0.968621
0.96855
0.968714
0.969717
0.97051
0.970527
0.969887
0.969046
0.968903
0.970791
0.980914
0.991392
0.996698
0.998753
0.999258
0.999189
0.998844
0.998419
0.997425
0.99414
0.98208
0.968701
0.962267
0.960944
0.962004
0.969667
0.980109
0.985162
0.987105
0.988291
0.98907
0.989168
0.988301
0.984119
0.97196
0.960726
0.953376
0.949966
0.949592
0.951656
0.963307
0.979537
0.989683
0.995271
0.998028
0.99925
0.999739
0.999916
0.999975
0.999993
0.999998
1
1
1
1
0.999999
0.99999
0.999909
0.99935
0.996913
0.994419
0.99347
0.993456
0.994614
0.997092
0.998615
0.99938
0.999732
0.999883
0.999923
0.99991
0.999756
0.998875
0.995083
0.982151
0.964405
0.952042
0.946489
0.945516
0.946271
0.949437
0.95631
0.959517
0.960149
0.960055
0.959635
0.95949
0.959557
0.959825
0.960682
0.961846
0.962235
0.962383
0.766578
0.857517
0.904175
0.946514
0.964607
0.968434
0.96875
0.970447
0.973271
0.972587
0.96128
0.958999
0.976646
0.98724
0.973902
0.965184
0.965979
0.965596
0.964747
0.962897
0.961724
0.961486
0.96271
0.965252
0.96849
0.970685
0.971577
0.970821
0.967252
0.962795
0.959244
0.956483
0.952185
0.949004
0.947151
0.946087
0.945696
0.945369
0.945658
0.946539
0.949194
0.954375
0.958792
0.962322
0.965029
0.967091
0.968623
0.96973
0.97043
0.970828
0.97102
0.971089
0.971093
0.971088
0.971009
0.970841
0.970671
0.970164
0.969628
0.969581
0.969684
0.970225
0.971231
0.971634
0.971975
0.973057
0.978107
0.984518
0.989223
0.992789
0.995385
0.997125
0.998249
0.998931
0.999201
0.999196
0.999011
0.998304
0.995395
0.987439
0.980028
0.975083
0.972179
0.970561
0.969643
0.969093
0.9688
0.968735
0.968795
0.969185
0.970919
0.972367
0.972603
0.972188
0.971329
0.971206
0.972012
0.978449
0.989419
0.995621
0.998393
0.999377
0.999646
0.999664
0.99956
0.998997
0.996584
0.986434
0.97248
0.964418
0.96169
0.961713
0.964791
0.973895
0.980034
0.983156
0.984348
0.985351
0.986179
0.986345
0.985234
0.978863
0.964911
0.954371
0.949357
0.948572
0.950397
0.961935
0.978913
0.989421
0.995159
0.997981
0.999231
0.999731
0.999914
0.999974
0.999993
0.999998
1
1
1
1
1
0.999998
0.999978
0.999841
0.99915
0.998102
0.997441
0.99718
0.997304
0.9982
0.999171
0.999637
0.999843
0.999925
0.999941
0.999918
0.999727
0.998764
0.994939
0.981986
0.962942
0.949048
0.941644
0.938831
0.938939
0.945715
0.955554
0.959123
0.959684
0.959494
0.958969
0.95888
0.958955
0.959235
0.960115
0.96194
0.962465
0.96249
0.755793
0.788275
0.806185
0.84407
0.897068
0.934045
0.958755
0.966634
0.968256
0.96088
0.938545
0.943751
0.966305
0.987075
0.990812
0.973135
0.96826
0.970465
0.970768
0.970266
0.970503
0.971941
0.974559
0.977445
0.97993
0.981878
0.985077
0.987615
0.98887
0.987772
0.982358
0.969921
0.962306
0.955874
0.950904
0.94816
0.946835
0.946414
0.946265
0.94662
0.947798
0.951444
0.955926
0.959779
0.963066
0.965668
0.967548
0.968848
0.969795
0.970411
0.970759
0.970915
0.970964
0.970965
0.970954
0.970901
0.970812
0.970494
0.970234
0.970228
0.970335
0.970943
0.971558
0.971793
0.97219
0.974029
0.979651
0.984925
0.989299
0.99282
0.995475
0.997307
0.998456
0.999141
0.9995
0.999606
0.999589
0.999458
0.998971
0.997071
0.989704
0.982139
0.97747
0.97461
0.972569
0.970968
0.969901
0.969467
0.969452
0.969801
0.971811
0.974123
0.974718
0.974471
0.973184
0.972726
0.973212
0.977665
0.988181
0.994799
0.997998
0.999288
0.999714
0.999801
0.999765
0.999423
0.997669
0.989665
0.975743
0.966738
0.962867
0.962263
0.963313
0.969457
0.977777
0.982283
0.983532
0.983302
0.983199
0.983357
0.983081
0.979925
0.967279
0.954929
0.948978
0.947914
0.949699
0.961515
0.978755
0.989351
0.995124
0.997963
0.999223
0.999728
0.999912
0.999974
0.999993
0.999998
1
1
1
1
1
0.999999
0.999995
0.999959
0.999769
0.999421
0.999155
0.998985
0.99898
0.999224
0.999646
0.999849
0.999932
0.99996
0.999961
0.999924
0.999694
0.998657
0.994831
0.98178
0.961072
0.945276
0.935923
0.934015
0.936001
0.945661
0.955817
0.959034
0.959289
0.958804
0.958469
0.958487
0.958588
0.958873
0.95972
0.962
0.96292
0.962845
0.997843
0.99214
0.990411
0.985699
0.947443
0.919014
0.920962
0.931582
0.932318
0.926213
0.929082
0.948923
0.976822
0.990085
0.995164
0.988476
0.970687
0.970486
0.972225
0.97385
0.975255
0.977225
0.979461
0.980918
0.981567
0.981939
0.982447
0.982231
0.984588
0.989251
0.991126
0.99005
0.982058
0.968054
0.95958
0.952705
0.949118
0.947573
0.947132
0.947134
0.94763
0.949286
0.953762
0.957495
0.960731
0.963714
0.966248
0.968104
0.969245
0.969998
0.970472
0.970734
0.970859
0.970899
0.970899
0.970888
0.970843
0.970669
0.970611
0.970636
0.970846
0.971472
0.971758
0.971918
0.972388
0.974818
0.97998
0.984765
0.989031
0.992662
0.995437
0.997341
0.998542
0.999237
0.999606
0.999767
0.999799
0.999781
0.999682
0.999288
0.997606
0.990984
0.985069
0.981551
0.978619
0.975511
0.972827
0.971373
0.971093
0.971393
0.973546
0.976518
0.977426
0.977296
0.97588
0.974833
0.974971
0.977821
0.987259
0.994156
0.997648
0.99915
0.9997
0.999846
0.99984
0.999619
0.998359
0.992461
0.979396
0.969882
0.964965
0.963599
0.963928
0.967794
0.97696
0.982116
0.983424
0.982789
0.980468
0.979926
0.979419
0.977231
0.967207
0.954186
0.94775
0.946663
0.948855
0.961826
0.97908
0.989539
0.995206
0.997992
0.999231
0.99973
0.999913
0.999974
0.999993
0.999998
1
1
1
1
1
1
0.999999
0.999991
0.999946
0.999839
0.999746
0.999677
0.999667
0.999729
0.999873
0.999945
0.999973
0.999979
0.999973
0.999922
0.999656
0.998566
0.994761
0.981515
0.958381
0.940134
0.932697
0.932378
0.935486
0.947981
0.957077
0.958973
0.958741
0.958002
0.957992
0.958133
0.958269
0.958524
0.959309
0.961856
0.963343
0.963406
0.999977
0.999889
0.999734
0.999413
0.997762
0.991055
0.976642
0.958973
0.953597
0.956736
0.969668
0.987158
0.995125
0.998254
0.999065
0.99867
0.994574
0.979546
0.974004
0.974248
0.975766
0.978224
0.98026
0.981073
0.98068
0.979081
0.977917
0.977635
0.978539
0.98213
0.988283
0.991877
0.991725
0.987439
0.972496
0.963057
0.95465
0.950234
0.948454
0.947899
0.947985
0.948695
0.951024
0.955799
0.959014
0.961687
0.964264
0.966603
0.968457
0.969549
0.970205
0.970581
0.970769
0.970855
0.970884
0.970893
0.970881
0.970876
0.970909
0.971009
0.97141
0.97176
0.971862
0.971976
0.972547
0.975216
0.979464
0.98366
0.988133
0.992164
0.995238
0.997298
0.998557
0.999275
0.99965
0.999827
0.999892
0.9999
0.999886
0.999809
0.999468
0.997663
0.993436
0.99084
0.988344
0.983937
0.978715
0.975155
0.974019
0.974156
0.976008
0.979051
0.980016
0.979894
0.978382
0.976915
0.97686
0.978713
0.986835
0.993799
0.997394
0.999018
0.999662
0.999864
0.999882
0.999776
0.999048
0.995471
0.984533
0.974823
0.969129
0.966976
0.966918
0.969147
0.977292
0.982852
0.984226
0.983281
0.977662
0.974454
0.973204
0.970672
0.961957
0.950177
0.944618
0.944071
0.947995
0.964496
0.981049
0.990667
0.995758
0.998227
0.999319
0.999759
0.999921
0.999976
0.999993
0.999998
1
1
1
1
1
1
1
0.999998
0.99999
0.999965
0.999937
0.999913
0.999907
0.999921
0.999961
0.999982
0.999989
0.999989
0.999978
0.999911
0.999608
0.998472
0.994656
0.981001
0.953765
0.935348
0.931259
0.931831
0.936752
0.951747
0.958363
0.958776
0.957848
0.957356
0.957527
0.957938
0.957965
0.958096
0.958785
0.961455
0.963529
0.963855
1
0.999998
0.999994
0.999981
0.999912
0.999571
0.998565
0.995439
0.994629
0.995164
0.996955
0.998631
0.99943
0.999767
0.999877
0.999826
0.999156
0.995996
0.985155
0.976816
0.976318
0.97746
0.979161
0.979183
0.977233
0.975452
0.974665
0.974642
0.975677
0.979451
0.985177
0.990855
0.993417
0.993156
0.989544
0.975491
0.965412
0.957458
0.95189
0.94958
0.948834
0.949008
0.949924
0.952549
0.957181
0.960285
0.962643
0.964753
0.966768
0.968485
0.969651
0.970286
0.970616
0.970774
0.970859
0.970964
0.971057
0.971115
0.971192
0.971436
0.971756
0.97186
0.971879
0.97196
0.972684
0.975182
0.97741
0.981062
0.98631
0.991163
0.99478
0.997134
0.998519
0.999276
0.999665
0.999849
0.999927
0.999952
0.999953
0.999942
0.999872
0.999474
0.998101
0.99725
0.996493
0.994751
0.988303
0.98141
0.97843
0.978089
0.978941
0.981311
0.982115
0.98196
0.980283
0.978533
0.978358
0.97974
0.986795
0.993693
0.99729
0.998943
0.999626
0.999868
0.99992
0.999895
0.999642
0.998223
0.991502
0.981847
0.975736
0.973016
0.972648
0.973997
0.980455
0.985768
0.987105
0.985976
0.977966
0.967939
0.963129
0.957306
0.948053
0.941429
0.939918
0.941315
0.949954
0.970689
0.984946
0.99287
0.996851
0.998704
0.999505
0.999824
0.999942
0.999982
0.999995
0.999999
1
1
1
1
1
1
1
1
0.999998
0.999993
0.999986
0.999979
0.999977
0.99998
0.999989
0.999994
0.999995
0.999994
0.999979
0.999901
0.999569
0.9984
0.994481
0.979573
0.94784
0.932852
0.930676
0.931817
0.939552
0.954655
0.958908
0.958587
0.956985
0.956761
0.957236
0.957635
0.95748
0.957453
0.958167
0.96117
0.963552
0.964034
1
1
1
1
0.999998
0.999986
0.999946
0.999769
0.999755
0.999784
0.999872
0.999938
0.999972
0.999987
0.999993
0.999988
0.999901
0.999342
0.99704
0.989968
0.980537
0.978277
0.978243
0.977577
0.975873
0.974723
0.974358
0.974465
0.975361
0.979068
0.985291
0.99072
0.994628
0.995698
0.995164
0.991406
0.977939
0.966842
0.960488
0.953992
0.950979
0.949978
0.950202
0.951137
0.953471
0.957984
0.961215
0.963566
0.965432
0.967067
0.968427
0.969483
0.970175
0.970563
0.970791
0.97098
0.97114
0.971248
0.971436
0.9717
0.971848
0.971854
0.971839
0.971965
0.973183
0.973968
0.974335
0.9766
0.983425
0.989651
0.994063
0.99684
0.998422
0.999254
0.999666
0.999857
0.999939
0.999971
0.99998
0.999979
0.999967
0.999887
0.99953
0.999251
0.999011
0.998489
0.996602
0.989343
0.983936
0.982498
0.982577
0.983521
0.983871
0.983542
0.9815
0.97972
0.979526
0.980725
0.987089
0.99373
0.997271
0.998919
0.999607
0.999867
0.999941
0.999943
0.999871
0.999417
0.997209
0.99007
0.984087
0.981149
0.980509
0.981205
0.985578
0.990015
0.991201
0.990271
0.982278
0.966122
0.95367
0.944824
0.93977
0.938021
0.938259
0.941869
0.958309
0.978279
0.989785
0.995544
0.998185
0.9993
0.999744
0.999911
0.999971
0.999991
0.999997
0.999999
1
1
1
1
1
1
1
1
1
0.999999
0.999997
0.999995
0.999995
0.999995
0.999997
0.999998
0.999998
0.999996
0.999979
0.999894
0.999543
0.998337
0.994174
0.976231
0.943486
0.931188
0.930388
0.932509
0.941124
0.955754
0.959142
0.957929
0.95604
0.955852
0.956729
0.957404
0.957104
0.956251
0.957055
0.960721
0.963506
0.964037
1
1
1
1
1
1
0.999999
0.999994
0.999994
0.999995
0.999997
0.999999
0.999999
1
1
0.999999
0.999992
0.99992
0.999538
0.998096
0.994002
0.986237
0.981665
0.979174
0.976956
0.976111
0.976246
0.977156
0.979914
0.986504
0.99186
0.995107
0.99711
0.997873
0.997833
0.996916
0.992843
0.97961
0.968127
0.963026
0.957306
0.953013
0.951417
0.951544
0.952336
0.954309
0.957999
0.961541
0.964065
0.965999
0.967496
0.968709
0.969628
0.97024
0.970639
0.970931
0.971116
0.97129
0.971536
0.971752
0.971821
0.971803
0.971826
0.972516
0.973068
0.972367
0.971255
0.972321
0.979753
0.987843
0.9932
0.996475
0.998293
0.99922
0.999662
0.999861
0.999945
0.999978
0.99999
0.999992
0.999991
0.999977
0.999909
0.999837
0.999746
0.999521
0.998684
0.99452
0.988654
0.986288
0.985997
0.986114
0.986082
0.985271
0.9822
0.980443
0.980305
0.98162
0.987921
0.994047
0.997355
0.998931
0.999605
0.999865
0.999951
0.999966
0.99995
0.999824
0.999214
0.996679
0.992852
0.990509
0.989773
0.989941
0.991877
0.994638
0.995453
0.99488
0.988961
0.969235
0.953074
0.943839
0.939929
0.939525
0.941153
0.950646
0.972442
0.987175
0.994734
0.998009
0.999259
0.999729
0.999904
0.999967
0.999989
0.999997
0.999999
1
1
1
1
1
1
1
1
1
1
1
1
0.999999
0.999999
0.999999
0.999999
0.999999
0.999999
0.999997
0.99998
0.999894
0.99954
0.998311
0.993819
0.972442
0.940354
0.929998
0.930086
0.933307
0.941776
0.956405
0.959326
0.957219
0.954752
0.954755
0.956361
0.957325
0.956922
0.954743
0.955291
0.959315
0.963087
0.963861
1
1
1
1
1
1
1
1
1
1
1
1
1
1
1
1
0.999999
0.999993
0.999945
0.999726
0.998976
0.996819
0.993987
0.989489
0.985737
0.985531
0.986291
0.988735
0.992234
0.995027
0.996902
0.998005
0.998716
0.999059
0.999077
0.998884
0.99777
0.993784
0.9812
0.969992
0.964431
0.960761
0.95595
0.953399
0.953207
0.953768
0.955168
0.95779
0.960875
0.963593
0.965923
0.967599
0.968815
0.969671
0.970298
0.97073
0.970998
0.971248
0.971525
0.971679
0.971679
0.971645
0.971772
0.972284
0.972048
0.969617
0.968063
0.969142
0.976722
0.985944
0.992218
0.996048
0.998142
0.999183
0.99966
0.999865
0.999949
0.999981
0.999993
0.999997
0.999997
0.999995
0.999988
0.999971
0.999935
0.99981
0.999245
0.996193
0.991058
0.988867
0.988699
0.98907
0.989068
0.987712
0.983416
0.981298
0.981142
0.982706
0.989199
0.994681
0.997614
0.999017
0.999626
0.99987
0.999956
0.999978
0.999977
0.999944
0.999767
0.99898
0.997658
0.996851
0.996597
0.99665
0.997293
0.998225
0.99849
0.998281
0.995984
0.982813
0.964182
0.954948
0.952388
0.952644
0.957111
0.973787
0.988221
0.995062
0.998046
0.999253
0.99972
0.999897
0.999963
0.999987
0.999996
0.999999
1
1
1
1
1
1
1
1
1
1
1
1
1
1
1
1
1
1
0.999999
0.999997
0.999981
0.9999
0.999558
0.998335
0.993456
0.969606
0.937898
0.928341
0.929492
0.934101
0.941863
0.956584
0.959513
0.956374
0.953529
0.953645
0.956005
0.957265
0.956782
0.954052
0.953436
0.956387
0.961695
0.963147
1
1
1
1
1
1
1
1
1
1
1
1
1
1
1
1
1
0.999999
0.999995
0.999971
0.999872
0.99953
0.998966
0.997885
0.99628
0.996121
0.996365
0.997115
0.997992
0.998677
0.999134
0.999413
0.999601
0.999682
0.999682
0.999636
0.999373
0.998267
0.99463
0.983641
0.972032
0.966061
0.963065
0.959914
0.956488
0.955243
0.955558
0.956597
0.958244
0.960408
0.962608
0.964738
0.966557
0.968113
0.969277
0.969996
0.970498
0.97095
0.971232
0.971272
0.971171
0.97113
0.971525
0.971781
0.970919
0.967018
0.965397
0.965972
0.972677
0.98346
0.990965
0.995501
0.997939
0.999123
0.999651
0.999868
0.999952
0.999983
0.999994
0.999998
0.999999
0.999999
0.999998
0.999994
0.999979
0.999897
0.999434
0.996725
0.99252
0.991231
0.991419
0.992328
0.992299
0.99033
0.985105
0.982754
0.982602
0.984417
0.990779
0.995509
0.998001
0.999176
0.999683
0.999887
0.999962
0.999985
0.999987
0.999978
0.999923
0.999662
0.999221
0.998972
0.998909
0.998936
0.999169
0.999449
0.999525
0.999476
0.998969
0.996183
0.988742
0.983806
0.982226
0.982519
0.985845
0.992316
0.996319
0.998389
0.999341
0.999741
0.999901
0.999963
0.999986
0.999995
0.999998
0.999999
1
1
1
1
1
1
1
1
1
1
1
1
1
1
1
1
1
1
1
0.999997
0.999984
0.999913
0.999606
0.998433
0.993213
0.967805
0.935856
0.925676
0.928074
0.934741
0.941278
0.956457
0.959605
0.95607
0.951925
0.952035
0.955135
0.957107
0.956756
0.953852
0.952424
0.953612
0.957976
0.960778
1
1
1
1
1
1
1
1
1
1
1
1
1
1
1
1
1
1
1
0.999998
0.999988
0.999954
0.999877
0.99974
0.999405
0.999326
0.999365
0.999489
0.999647
0.999761
0.999837
0.999888
0.999918
0.999923
0.99992
0.999906
0.999848
0.999599
0.998662
0.995684
0.98722
0.975269
0.968255
0.965091
0.962759
0.960864
0.958218
0.957929
0.958385
0.95945
0.960852
0.962276
0.963811
0.965341
0.966629
0.96762
0.968611
0.969479
0.969885
0.969933
0.969941
0.970342
0.971174
0.971206
0.969414
0.965589
0.964462
0.964788
0.968996
0.980833
0.989756
0.995055
0.997816
0.999095
0.999645
0.999869
0.999954
0.999985
0.999995
0.999998
0.999999
1
0.999999
0.999998
0.99999
0.999932
0.999533
0.997193
0.994767
0.994444
0.995028
0.99569
0.99526
0.99175
0.986661
0.984706
0.984682
0.986783
0.992572
0.996413
0.998423
0.999357
0.999755
0.999913
0.999971
0.999989
0.999993
0.99999
0.999971
0.999882
0.999733
0.999648
0.999627
0.999637
0.999717
0.999822
0.999857
0.999852
0.999765
0.999266
0.997698
0.99654
0.996114
0.996102
0.996562
0.997933
0.998945
0.999513
0.999792
0.999916
0.999967
0.999987
0.999995
0.999998
0.999999
1
1
1
1
1
1
1
1
1
1
1
1
1
1
1
1
1
1
1
1
0.999998
0.999986
0.999927
0.999659
0.998556
0.993268
0.967605
0.93357
0.922854
0.926014
0.93557
0.941328
0.955855
0.95975
0.956036
0.950738
0.950143
0.953858
0.956804
0.956942
0.953944
0.952233
0.952311
0.954568
0.956973
1
1
1
1
1
1
1
1
1
1
1
1
1
1
1
1
1
1
1
1
0.999999
0.999997
0.99999
0.999977
0.99994
0.99992
0.999923
0.999934
0.999952
0.999968
0.999977
0.999983
0.999986
0.999986
0.999985
0.999981
0.999969
0.999922
0.999723
0.999018
0.996806
0.991389
0.979501
0.971642
0.967101
0.965088
0.963575
0.962607
0.960979
0.960869
0.96122
0.962039
0.963171
0.964237
0.965091
0.965959
0.967028
0.967985
0.968465
0.968677
0.96911
0.970215
0.970774
0.970677
0.968483
0.96517
0.964273
0.964528
0.967412
0.978824
0.988882
0.994821
0.99777
0.999106
0.999664
0.99988
0.999959
0.999987
0.999996
0.999999
1
1
1
0.999999
0.999996
0.999965
0.999732
0.99865
0.998008
0.997967
0.998161
0.998095
0.997017
0.992351
0.988468
0.987245
0.987408
0.989883
0.994544
0.997388
0.998858
0.999538
0.999825
0.999938
0.999979
0.999993
0.999996
0.999995
0.999989
0.999956
0.999905
0.999875
0.999866
0.999869
0.999894
0.999937
0.999956
0.999957
0.999945
0.999862
0.999542
0.999238
0.999108
0.999089
0.999147
0.999422
0.999696
0.999854
0.999936
0.999973
0.999989
0.999996
0.999998
0.999999
1
1
1
1
1
1
1
1
1
1
1
1
1
1
1
1
1
1
1
1
1
0.999998
0.999989
0.99994
0.999713
0.998704
0.993643
0.968812
0.932707
0.922214
0.925382
0.93638
0.941747
0.954895
0.960263
0.956163
0.950437
0.948852
0.952026
0.956243
0.957057
0.955309
0.952429
0.952037
0.95287
0.954376
1
1
1
1
1
1
1
1
1
1
1
1
1
1
1
1
1
1
1
1
1
1
0.999999
0.999998
0.999996
0.999993
0.999993
0.999994
0.999995
0.999996
0.999997
0.999998
0.999998
0.999998
0.999998
0.999997
0.999995
0.999987
0.999953
0.999815
0.999336
0.997906
0.994469
0.985736
0.975756
0.970219
0.967121
0.965811
0.96505
0.964706
0.96408
0.964016
0.964182
0.964702
0.96526
0.965957
0.966915
0.967698
0.968075
0.968432
0.969292
0.970152
0.970451
0.970314
0.968258
0.965226
0.964416
0.96462
0.966923
0.977457
0.988421
0.99472
0.997855
0.999207
0.999728
0.999911
0.999972
0.999992
0.999997
0.999999
1
1
1
1
0.999999
0.99999
0.999932
0.99965
0.999425
0.999369
0.999322
0.999111
0.997731
0.993806
0.991406
0.990761
0.991074
0.993552
0.996676
0.998442
0.999328
0.999731
0.999898
0.999964
0.999988
0.999996
0.999998
0.999998
0.999995
0.999983
0.999965
0.999955
0.999952
0.999952
0.99996
0.999977
0.999985
0.999987
0.999985
0.99997
0.999902
0.99982
0.999781
0.999772
0.99978
0.999835
0.999911
0.999956
0.99998
0.999992
0.999997
0.999999
0.999999
1
1
1
1
1
1
1
1
1
1
1
1
1
1
1
1
1
1
1
1
1
1
0.999998
0.999991
0.999952
0.999762
0.998867
0.994356
0.971122
0.933783
0.922584
0.925391
0.937417
0.942406
0.953446
0.961449
0.956799
0.950402
0.948459
0.949603
0.955137
0.957064
0.956794
0.953573
0.952401
0.952504
0.95346
1
1
1
1
1
1
1
1
1
1
1
1
1
1
1
1
1
1
1
1
1
1
1
1
1
1
1
1
1
1
1
1
1
1
1
1
0.999999
0.999998
0.999993
0.999971
0.999884
0.999588
0.998748
0.996532
0.991606
0.98148
0.974037
0.970014
0.967803
0.966836
0.966543
0.966542
0.966593
0.966824
0.967153
0.967513
0.96796
0.96836
0.968916
0.969713
0.970353
0.970618
0.970645
0.970462
0.968494
0.965829
0.965256
0.965479
0.967276
0.976943
0.988293
0.994879
0.998023
0.99931
0.999777
0.999932
0.99998
0.999994
0.999999
1
1
1
1
1
0.999999
0.999997
0.999979
0.999901
0.99984
0.999809
0.999758
0.999564
0.998518
0.996561
0.995446
0.995176
0.99547
0.997075
0.998531
0.999319
0.999708
0.999884
0.999956
0.999984
0.999995
0.999998
0.999999
0.999999
0.999998
0.999993
0.999987
0.999984
0.999983
0.999983
0.999986
0.999992
0.999995
0.999996
0.999995
0.999991
0.999974
0.999953
0.999942
0.999939
0.999941
0.999954
0.999974
0.999987
0.999994
0.999997
0.999999
1
1
1
1
1
1
1
1
1
1
1
1
1
1
1
1
1
1
1
1
1
1
1
1
0.999999
0.999993
0.999963
0.999808
0.99906
0.995268
0.974935
0.93677
0.924492
0.926698
0.938817
0.943235
0.951694
0.962289
0.958017
0.950541
0.948375
0.948472
0.952967
0.956754
0.957297
0.956101
0.953462
0.952892
0.95351
1
1
1
1
1
1
1
1
1
1
1
1
1
1
1
1
1
1
1
1
1
1
1
1
1
1
1
1
1
1
1
1
1
1
1
1
1
1
0.999999
0.999996
0.999982
0.999928
0.999754
0.99925
0.997942
0.995036
0.987901
0.978736
0.973023
0.969894
0.968295
0.96753
0.967408
0.967455
0.967638
0.968233
0.968853
0.969435
0.970066
0.97064
0.970986
0.9711
0.97109
0.970882
0.968957
0.966914
0.966604
0.966843
0.968627
0.978083
0.989156
0.995347
0.998227
0.999388
0.999806
0.999943
0.999984
0.999996
0.999999
1
1
1
1
1
1
0.999999
0.999994
0.999972
0.999956
0.999941
0.999912
0.999821
0.999413
0.998688
0.998261
0.998144
0.998223
0.998766
0.999357
0.999693
0.999865
0.999945
0.999979
0.999992
0.999997
0.999999
1
1
0.999999
0.999997
0.999995
0.999994
0.999994
0.999994
0.999995
0.999997
0.999998
0.999999
0.999998
0.999997
0.999992
0.999986
0.999984
0.999983
0.999983
0.999987
0.999993
0.999996
0.999998
0.999999
1
1
1
1
1
1
1
1
1
1
1
1
1
1
1
1
1
1
1
1
1
1
1
1
1
0.999999
0.999995
0.999971
0.999849
0.999256
0.996252
0.980039
0.941791
0.928552
0.930348
0.941282
0.944249
0.949875
0.962342
0.959621
0.951176
0.948412
0.948122
0.949823
0.955499
0.957399
0.957546
0.956321
0.955069
0.954646
1
1
1
1
1
1
1
1
1
1
1
1
1
1
1
1
1
1
1
1
1
1
1
1
1
1
1
1
1
1
1
1
1
1
1
1
1
1
1
0.999999
0.999997
0.999989
0.999959
0.999862
0.999584
0.99888
0.997144
0.993693
0.985335
0.977354
0.972537
0.96991
0.968398
0.967595
0.967394
0.967453
0.968022
0.968708
0.968884
0.968827
0.968894
0.969866
0.970597
0.970646
0.969954
0.968251
0.967723
0.967912
0.970055
0.980589
0.990969
0.99637
0.998713
0.999585
0.999875
0.999965
0.99999
0.999997
0.999999
1
1
1
1
1
1
1
0.999998
0.999992
0.999988
0.999981
0.999968
0.999925
0.999741
0.999428
0.999249
0.999201
0.99923
0.999446
0.999707
0.999858
0.999937
0.999974
0.99999
0.999996
0.999999
1
1
1
1
0.999999
0.999998
0.999998
0.999998
0.999998
0.999998
0.999999
0.999999
1
0.999999
0.999999
0.999997
0.999996
0.999995
0.999995
0.999995
0.999996
0.999998
0.999999
0.999999
1
1
1
1
1
1
1
1
1
1
1
1
1
1
1
1
1
1
1
1
1
1
1
1
1
1
0.999999
0.999996
0.999977
0.999883
0.999437
0.997198
0.985195
0.949242
0.934805
0.936103
0.944649
0.944971
0.948172
0.961831
0.962013
0.952924
0.94878
0.948054
0.948586
0.952354
0.956859
0.957826
0.957929
0.957576
0.957342
1
1
1
1
1
1
1
1
1
1
1
1
1
1
1
1
1
1
1
1
1
1
1
1
1
1
1
1
1
1
1
1
1
1
1
1
1
1
1
1
1
0.999999
0.999995
0.999981
0.999938
0.999815
0.999492
0.998724
0.996969
0.993691
0.98681
0.979382
0.973844
0.970428
0.968672
0.967746
0.967057
0.966356
0.965564
0.965098
0.965049
0.965264
0.967086
0.968635
0.968806
0.96828
0.968042
0.968558
0.973129
0.986056
0.994274
0.997983
0.999352
0.999804
0.999944
0.999984
0.999996
0.999999
1
1
1
1
1
1
1
1
1
0.999998
0.999997
0.999995
0.999989
0.999971
0.99989
0.999765
0.999695
0.999676
0.999687
0.999771
0.999878
0.999941
0.999973
0.999989
0.999996
0.999998
0.999999
1
1
1
1
1
0.999999
0.999999
0.999999
0.999999
0.999999
1
1
1
1
1
0.999999
0.999999
0.999999
0.999999
0.999999
0.999999
1
1
1
1
1
1
1
1
1
1
1
1
1
1
1
1
1
1
1
1
1
1
1
1
1
1
1
1
1
0.999999
0.999997
0.999983
0.999913
0.999594
0.998022
0.989625
0.958556
0.942886
0.943416
0.947916
0.945281
0.946902
0.9607
0.964383
0.956184
0.950013
0.948263
0.94825
0.949486
0.954334
0.957464
0.958187
0.958378
0.958492
1
1
1
1
1
1
1
1
1
1
1
1
1
1
1
1
1
1
1
1
1
1
1
1
1
1
1
1
1
1
1
1
1
1
1
1
1
1
1
1
1
1
1
0.999998
0.999993
0.999978
0.999935
0.999822
0.999555
0.998913
0.997707
0.995698
0.991106
0.985381
0.979561
0.975178
0.972486
0.970621
0.969933
0.970054
0.969901
0.96865
0.967836
0.967635
0.967511
0.967526
0.967989
0.9706
0.982302
0.992528
0.997248
0.999078
0.999711
0.999915
0.999976
0.999993
0.999998
1
1
1
1
1
1
1
1
1
1
1
0.999999
0.999999
0.999997
0.99999
0.999959
0.999915
0.999891
0.999885
0.999889
0.999919
0.999956
0.999979
0.99999
0.999996
0.999998
0.999999
1
1
1
1
1
1
1
1
1
1
1
1
1
1
1
1
1
1
1
1
1
1
1
1
1
1
1
1
1
1
1
1
1
1
1
1
1
1
1
1
1
1
1
1
1
1
1
1
1
1
1
0.999999
0.999997
0.999987
0.999938
0.999722
0.998683
0.993148
0.968808
0.95228
0.951491
0.9512
0.945046
0.944827
0.958586
0.964895
0.961211
0.953009
0.949346
0.948323
0.948752
0.950551
0.955145
0.957568
0.958398
0.958661
1
1
1
1
1
1
1
1
1
1
1
1
1
1
1
1
1
1
1
1
1
1
1
1
1
1
1
1
1
1
1
1
1
1
1
1
1
1
1
1
1
1
1
1
0.999999
0.999998
0.999994
0.999983
0.999954
0.999885
0.999738
0.99944
0.998849
0.997482
0.995417
0.992646
0.990498
0.990044
0.990492
0.991364
0.991168
0.986541
0.977271
0.972247
0.971041
0.971419
0.974371
0.985443
0.993614
0.997506
0.999115
0.99971
0.999911
0.999974
0.999993
0.999998
1
1
1
1
1
1
1
1
1
1
1
1
1
1
0.999999
0.999997
0.999987
0.999974
0.999968
0.999967
0.999968
0.999977
0.999988
0.999994
0.999997
0.999999
1
1
1
1
1
1
1
1
1
1
1
1
1
1
1
1
1
1
1
1
1
1
1
1
1
1
1
1
1
1
1
1
1
1
1
1
1
1
1
1
1
1
1
1
1
1
1
1
1
1
1
1
1
0.999999
0.999998
0.999989
0.999954
0.99981
0.999142
0.99563
0.978241
0.96253
0.959168
0.953718
0.94312
0.94189
0.955055
0.964736
0.964539
0.958799
0.952276
0.949398
0.948734
0.94953
0.951374
0.954386
0.957312
0.958367
1
1
1
1
1
1
1
1
1
1
1
1
1
1
1
1
1
1
1
1
1
1
1
1
1
1
1
1
1
1
1
1
1
1
1
1
1
1
1
1
1
1
1
1
1
1
1
0.999999
0.999997
0.999992
0.99998
0.999954
0.9999
0.999787
0.999472
0.9989
0.998622
0.998619
0.998759
0.998807
0.998596
0.996429
0.991661
0.989558
0.989423
0.990483
0.994431
0.997366
0.998893
0.999579
0.999853
0.999952
0.999985
0.999996
0.999999
1
1
1
1
1
1
1
1
1
1
1
1
1
1
1
1
0.999999
0.999997
0.999994
0.999993
0.999993
0.999993
0.999995
0.999997
0.999999
0.999999
1
1
1
1
1
1
1
1
1
1
1
1
1
1
1
1
1
1
1
1
1
1
1
1
1
1
1
1
1
1
1
1
1
1
1
1
1
1
1
1
1
1
1
1
1
1
1
1
1
1
1
1
1
1
0.999999
0.999997
0.99999
0.999962
0.999859
0.999419
0.997203
0.985375
0.973067
0.967044
0.954655
0.941946
0.9386
0.949775
0.963307
0.965038
0.963463
0.958147
0.952184
0.94995
0.949474
0.950532
0.95195
0.954035
0.956464
1
1
1
1
1
1
1
1
1
1
1
1
1
1
1
1
1
1
1
1
1
1
1
1
1
1
1
1
1
1
1
1
1
1
1
1
1
1
1
1
1
1
1
1
1
1
1
1
1
1
0.999999
0.999998
0.999995
0.999989
0.999966
0.999922
0.999907
0.99991
0.999913
0.999901
0.99979
0.999381
0.999132
0.999081
0.999113
0.99934
0.999658
0.999842
0.999934
0.999974
0.999991
0.999997
0.999999
1
1
1
1
1
1
1
1
1
1
1
1
1
1
1
1
1
1
1
0.999999
0.999999
0.999999
0.999999
0.999999
0.999999
1
1
1
1
1
1
1
1
1
1
1
1
1
1
1
1
1
1
1
1
1
1
1
1
1
1
1
1
1
1
1
0.999999
0.999999
0.999999
0.999999
0.999999
0.999999
0.999999
0.999999
0.999999
0.999999
0.999999
0.999999
0.999999
0.999999
0.999999
0.999999
0.999999
0.999999
0.999999
0.999999
1
1
1
0.999999
0.999999
0.999999
0.999998
0.999997
0.99999
0.999966
0.999884
0.999575
0.998035
0.990352
0.982828
0.97417
0.955244
0.938494
0.934466
0.943113
0.959304
0.964502
0.964296
0.96223
0.957615
0.95279
0.950856
0.950446
0.951387
0.952192
0.953535
1
1
1
1
1
1
1
1
1
1
1
1
1
1
1
1
1
1
1
1
1
1
1
1
1
1
1
1
1
1
1
1
1
1
1
1
1
1
1
1
1
1
1
1
1
1
1
1
1
1
1
1
1
1
0.999999
0.999997
0.999997
0.999997
0.999997
0.999992
0.99998
0.999973
0.999971
0.999972
0.999975
0.999984
0.999993
0.999997
0.999999
0.999999
1
1
1
1
1
1
1
1
1
1
1
1
1
1
1
1
1
1
1
1
1
1
1
1
1
1
1
1
1
1
1
1
1
1
1
1
1
1
1
1
1
1
1
1
1
1
1
1
1
1
1
1
1
1
1
0.999999
0.999998
0.999997
0.999997
0.999997
0.999997
0.999997
0.999997
0.999997
0.999996
0.999994
0.999994
0.999995
0.999995
0.999996
0.999996
0.999996
0.999996
0.999996
0.999996
0.999997
0.999997
0.999998
0.999998
0.999999
0.999999
0.999999
0.999998
0.999998
0.999997
0.999996
0.999994
0.999988
0.999966
0.999898
0.999655
0.998469
0.99329
0.988871
0.981258
0.958035
0.933086
0.92807
0.935402
0.951641
0.961432
0.963843
0.962879
0.960477
0.957189
0.953579
0.951896
0.951369
0.951541
0.952209
1
1
1
1
1
1
1
1
1
1
1
1
1
1
1
1
1
1
1
1
1
1
1
1
1
1
1
1
1
1
1
1
1
1
1
1
1
1
1
1
1
1
1
1
1
1
1
1
1
1
1
1
1
1
1
1
1
1
1
1
1
1
1
1
1
1
1
1
1
1
1
1
1
1
1
1
1
1
1
1
1
1
1
1
1
1
1
1
1
1
1
1
1
1
1
1
1
1
1
1
1
1
1
1
1
1
1
1
1
1
1
1
1
1
1
1
1
1
1
1
1
1
0.999999
0.999998
0.999996
0.999987
0.999979
0.999979
0.99998
0.999981
0.999984
0.999986
0.999985
0.999984
0.999978
0.999971
0.999971
0.999973
0.999977
0.999983
0.999985
0.999986
0.999987
0.999988
0.999989
0.99999
0.999992
0.999994
0.999995
0.999995
0.999996
0.999996
0.999995
0.999993
0.999991
0.99999
0.999988
0.999983
0.999965
0.999904
0.999695
0.998766
0.995051
0.991508
0.984927
0.961794
0.925705
0.915154
0.925879
0.941634
0.954673
0.960643
0.962088
0.960745
0.958371
0.955838
0.953577
0.952021
0.951519
0.951534
1
1
1
1
1
1
1
1
1
1
1
1
1
1
1
1
1
1
1
1
1
1
1
1
1
1
1
1
1
1
1
1
1
1
1
1
1
1
1
1
1
1
1
1
1
1
1
1
1
1
1
1
1
1
1
1
1
1
1
1
1
1
1
1
1
1
1
1
1
1
1
1
1
1
1
1
1
1
1
1
1
1
1
1
1
1
1
1
1
1
1
1
1
1
1
1
1
1
1
1
1
1
1
1
1
1
1
1
1
1
1
1
1
1
1
1
1
0.999999
0.999998
0.999997
0.999997
0.999996
0.999994
0.999984
0.99996
0.999885
0.999868
0.999876
0.999894
0.999917
0.99994
0.999946
0.999943
0.999933
0.999886
0.999841
0.999845
0.999861
0.999901
0.999934
0.999951
0.999959
0.999964
0.999968
0.999972
0.999976
0.99998
0.999983
0.999985
0.999986
0.999987
0.999987
0.999987
0.999983
0.999978
0.999976
0.999975
0.999971
0.999954
0.999892
0.999677
0.998773
0.995708
0.992796
0.987062
0.966372
0.917995
0.893944
0.907786
0.93272
0.945322
0.954082
0.958122
0.959246
0.958111
0.956003
0.95397
0.952502
0.951283
0.950749
1
1
1
1
1
1
1
1
1
1
1
1
1
1
1
1
1
1
1
1
1
1
1
1
1
1
1
1
1
1
1
1
1
1
1
1
1
1
1
1
1
1
1
1
1
1
1
1
1
1
1
1
1
1
1
1
1
1
1
1
1
1
1
1
1
1
1
1
1
1
1
1
1
1
1
1
1
1
1
1
1
1
1
1
1
1
1
1
1
1
1
1
1
1
1
1
1
1
1
1
1
1
1
1
1
1
1
1
1
1
1
1
1
1
1
0.999999
0.999995
0.999984
0.99998
0.999982
0.999982
0.999979
0.99996
0.999892
0.99971
0.999382
0.999387
0.999459
0.999621
0.999745
0.999832
0.999847
0.999828
0.999733
0.999363
0.999159
0.999211
0.99938
0.999627
0.99978
0.999857
0.999893
0.999913
0.999928
0.999939
0.999947
0.999954
0.999958
0.999961
0.999965
0.999968
0.999969
0.999968
0.999963
0.999957
0.999953
0.999952
0.999949
0.999932
0.999861
0.999618
0.99868
0.995875
0.993245
0.988105
0.97061
0.914383
0.866044
0.868352
0.91963
0.938161
0.944824
0.951135
0.954028
0.95502
0.954409
0.952724
0.951786
0.950484
0.949136
1
1
1
1
1
1
1
1
1
1
1
1
1
1
1
1
1
1
1
1
1
1
1
1
1
1
1
1
1
1
1
1
1
1
1
1
1
1
1
1
1
1
1
1
1
1
1
1
1
1
1
1
1
1
1
1
1
1
1
1
1
1
1
1
1
1
1
1
1
1
1
1
1
1
1
1
1
1
1
1
1
1
1
1
1
1
1
1
1
1
1
1
1
1
1
1
1
1
1
1
1
1
1
1
1
1
1
1
1
1
1
1
1
0.999999
0.999995
0.999986
0.999948
0.999868
0.999873
0.999898
0.999915
0.999901
0.99978
0.999419
0.998622
0.998148
0.998176
0.998387
0.998927
0.999381
0.999633
0.99965
0.999439
0.998575
0.997105
0.996826
0.997033
0.997701
0.998802
0.99938
0.999641
0.999757
0.999817
0.999855
0.99988
0.999893
0.999898
0.999901
0.999908
0.99992
0.999928
0.99993
0.999929
0.999925
0.99992
0.999916
0.999916
0.999915
0.999899
0.999827
0.999581
0.998682
0.995843
0.993147
0.988434
0.974064
0.919556
0.834805
0.807082
0.880984
0.934102
0.939456
0.942239
0.946203
0.948059
0.94861
0.947854
0.947036
0.946308
0.943313
1
1
1
1
1
1
1
1
1
1
1
1
1
1
1
1
1
1
1
1
1
1
1
1
1
1
1
1
1
1
1
1
1
1
1
1
1
1
1
1
1
1
1
1
1
1
1
1
1
1
1
1
1
1
1
1
1
1
1
1
1
1
1
1
1
1
1
1
1
1
1
1
1
1
1
1
1
1
1
1
1
1
1
1
1
1
1
1
1
1
1
1
1
1
1
1
1
1
1
1
1
1
1
1
1
1
1
1
1
1
0.999999
0.999998
0.999994
0.999985
0.999959
0.999882
0.999561
0.999304
0.999379
0.999565
0.999697
0.999636
0.998985
0.998172
0.997881
0.997641
0.997669
0.99784
0.998251
0.998871
0.99934
0.999158
0.9969
0.995911
0.995712
0.995672
0.995807
0.996254
0.997391
0.998538
0.999191
0.999481
0.999611
0.999696
0.999751
0.999781
0.999793
0.999802
0.999819
0.999842
0.999857
0.999859
0.999859
0.99986
0.999863
0.999863
0.999864
0.999864
0.999849
0.999775
0.999523
0.998643
0.995391
0.991993
0.987748
0.976337
0.933867
0.824682
0.743127
0.802406
0.921929
0.937579
0.938502
0.939113
0.940315
0.940865
0.940233
0.938597
0.936548
0.932926
1
1
1
1
1
1
1
1
1
1
1
1
1
1
1
1
1
1
1
1
1
1
1
1
1
1
1
1
1
1
1
1
1
1
1
1
1
1
1
1
1
1
1
1
1
1
1
1
1
1
1
1
1
1
1
1
1
1
1
1
1
1
1
1
1
1
1
1
1
1
1
1
1
1
1
1
1
1
1
1
1
1
1
1
1
1
1
1
1
1
1
1
1
1
1
0.999999
0.999997
0.999996
0.999996
0.999997
0.999998
0.999999
0.999999
1
1
1
1
1
0.999999
0.999996
0.999988
0.999975
0.999946
0.999874
0.999704
0.999212
0.997815
0.997772
0.997979
0.998641
0.999269
0.998754
0.997671
0.997796
0.997786
0.997549
0.99756
0.997777
0.998268
0.998955
0.998943
0.995157
0.994551
0.995597
0.995904
0.99586
0.995876
0.996157
0.997072
0.998063
0.99871
0.999109
0.999393
0.999559
0.999625
0.999645
0.999656
0.999676
0.999709
0.999741
0.999754
0.999753
0.999751
0.999756
0.999765
0.999765
0.999768
0.999768
0.999747
0.999652
0.999345
0.998287
0.994039
0.989635
0.986026
0.977445
0.948475
0.851343
0.726251
0.712437
0.878117
0.935438
0.937989
0.937262
0.936622
0.935931
0.935211
0.934248
0.932634
0.929422
1
1
1
1
1
1
1
1
1
1
1
1
1
1
1
1
1
1
1
1
1
1
1
1
1
1
1
1
1
1
1
1
1
1
1
1
1
1
1
1
1
1
1
1
1
1
1
1
1
1
1
1
1
1
1
1
1
1
1
1
1
1
1
1
1
1
1
1
1
1
1
1
1
1
1
1
1
1
1
1
1
1
1
1
1
1
1
1
1
1
1
1
1
1
0.999998
0.999985
0.999956
0.999954
0.99996
0.999974
0.999986
0.999993
0.999996
0.999998
0.999999
0.999999
0.999998
0.999993
0.999981
0.999949
0.999852
0.999765
0.999583
0.999137
0.998318
0.995857
0.996409
0.997402
0.997767
0.998815
0.998792
0.996922
0.997168
0.997686
0.997876
0.997757
0.997704
0.998019
0.998588
0.998947
0.995123
0.99067
0.994682
0.996695
0.996379
0.996062
0.996057
0.996347
0.997236
0.998101
0.998654
0.999055
0.999274
0.999351
0.999401
0.999437
0.999451
0.999476
0.999519
0.999556
0.999566
0.999561
0.999563
0.999575
0.99958
0.999571
0.999569
0.999559
0.999493
0.999289
0.998804
0.997319
0.991924
0.987249
0.984209
0.97789
0.959743
0.903475
0.7537
0.664399
0.785517
0.924349
0.937895
0.93888
0.937383
0.935379
0.934059
0.932895
0.931744
0.929502
1
1
1
1
1
1
1
1
1
1
1
1
1
1
1
1
1
1
1
1
1
1
1
1
1
1
1
1
1
1
1
1
1
1
1
1
1
1
1
1
1
1
1
1
1
1
1
1
1
1
1
1
1
1
1
1
1
1
1
1
1
1
1
1
1
1
1
1
1
1
1
1
1
1
1
1
1
1
1
1
1
1
1
1
1
1
1
1
1
1
1
1
1
0.999995
0.999953
0.999763
0.999639
0.99967
0.999779
0.999887
0.999946
0.999975
0.999988
0.999995
0.999997
0.999993
0.999961
0.999849
0.999724
0.999415
0.998685
0.998368
0.997237
0.995674
0.993972
0.993622
0.99652
0.99805
0.998473
0.998659
0.997541
0.996136
0.99565
0.996852
0.997827
0.998145
0.998245
0.998314
0.998345
0.996351
0.987157
0.989204
0.994564
0.996729
0.996911
0.996534
0.99651
0.996888
0.99763
0.998263
0.998733
0.999002
0.999145
0.999269
0.999304
0.999227
0.998677
0.998455
0.998493
0.998546
0.998559
0.998493
0.9985
0.998538
0.998532
0.998539
0.998587
0.998502
0.997879
0.997138
0.996468
0.994645
0.987196
0.981395
0.979681
0.976032
0.966028
0.939649
0.848828
0.660185
0.675662
0.87418
0.928329
0.939733
0.942736
0.942781
0.93901
0.935323
0.932931
0.931638
1
1
1
1
1
1
1
1
1
1
1
1
1
1
1
1
1
1
1
1
1
1
1
1
1
1
1
1
1
1
1
1
1
1
1
1
1
1
1
1
1
1
1
1
1
1
1
1
1
1
1
1
1
1
1
1
1
1
1
1
1
1
1
1
1
1
1
1
1
1
1
1
1
1
1
1
1
1
1
1
1
1
1
1
1
1
1
1
1
1
1
1
0.999994
0.999912
0.999315
0.998014
0.998028
0.99869
0.999544
0.999858
0.999955
0.999984
0.999995
1
0.999986
0.999773
0.998793
0.99808
0.997567
0.995777
0.995006
0.995019
0.995026
0.994393
0.992946
0.992584
0.994137
0.996987
0.997759
0.99758
0.99533
0.993307
0.992111
0.993162
0.99556
0.996778
0.997257
0.996568
0.994312
0.985534
0.974516
0.976923
0.988568
0.995461
0.997413
0.997693
0.997632
0.997946
0.998319
0.998654
0.998903
0.999058
0.999178
0.999185
0.998317
0.993469
0.981423
0.978457
0.979018
0.981149
0.984135
0.985395
0.986501
0.987417
0.988296
0.990262
0.991643
0.990322
0.985404
0.981898
0.976393
0.960347
0.952637
0.954206
0.964369
0.967293
0.963347
0.950649
0.905181
0.697823
0.586109
0.733996
0.860962
0.905131
0.932476
0.94735
0.953056
0.954011
0.951502
0.950557
1
1
1
1
1
1
1
1
1
1
1
1
1
1
1
1
1
1
1
1
1
1
1
1
1
1
1
1
1
1
1
1
1
1
1
1
1
1
1
1
1
1
1
1
1
1
1
1
1
1
1
1
1
1
1
1
1
1
1
1
1
1
1
1
1
1
1
1
1
1
1
1
1
1
1
1
1
1
1
1
1
1
1
1
1
1
1
1
1
1
1
0.999995
0.999882
0.998677
0.992915
0.99057
0.992871
0.997063
0.999232
0.999814
0.999394
0.998744
0.997966
0.995247
0.991575
0.990894
0.992242
0.993889
0.99461
0.995016
0.994916
0.994612
0.99439
0.993551
0.991805
0.991202
0.99121
0.993698
0.994801
0.994319
0.992246
0.99063
0.989081
0.98602
0.984932
0.985009
0.98298
0.978903
0.969339
0.952961
0.944557
0.949924
0.966662
0.983854
0.993347
0.997521
0.998481
0.998565
0.998677
0.998796
0.998829
0.99846
0.996365
0.986254
0.942111
0.885341
0.867881
0.869851
0.888922
0.908771
0.91217
0.909008
0.902286
0.901702
0.904367
0.920246
0.930239
0.927839
0.91731
0.889834
0.876209
0.877825
0.896248
0.928136
0.944496
0.949019
0.947651
0.935427
0.889474
0.704364
0.518036
0.530348
0.63132
0.68041
0.740139
0.816437
0.884804
0.921478
0.939165
0.946058
1
1
1
1
1
1
1
1
1
1
1
1
1
1
1
1
1
1
1
1
1
1
1
1
1
1
1
1
1
1
1
1
1
1
1
1
1
1
1
1
1
1
1
1
1
1
1
1
1
1
1
1
1
1
1
1
1
1
1
1
1
1
1
1
1
1
1
1
1
1
1
1
1
1
1
1
1
1
1
1
1
1
1
1
1
1
1
1
0.999999
0.999995
0.999959
0.999706
0.998483
0.992931
0.982904
0.981144
0.982224
0.984998
0.987995
0.989761
0.990473
0.990644
0.990566
0.990018
0.989738
0.989777
0.99175
0.993504
0.994007
0.99429
0.9944
0.994077
0.994503
0.994302
0.993318
0.991063
0.990236
0.990581
0.990715
0.990578
0.990148
0.990083
0.989345
0.984316
0.977548
0.971046
0.96382
0.954723
0.942246
0.929425
0.923995
0.930145
0.943067
0.950374
0.953469
0.955906
0.958082
0.956077
0.948109
0.934487
0.914776
0.890246
0.869875
0.857603
0.836367
0.820435
0.819163
0.826752
0.842599
0.852635
0.860476
0.867301
0.873858
0.883307
0.897207
0.905701
0.905998
0.896044
0.821425
0.773353
0.77901
0.801456
0.820407
0.835093
0.841471
0.838205
0.811739
0.712511
0.55455
0.462677
0.446203
0.45782
0.452375
0.386703
0.346245
0.352014
0.399279
0.464629
0.487995
0.495794
0.481884
0.590764
0.638947
0.656352
0.667455
0.671202
0.670407
0.666325
0.658281
0.649006
0.644163
0.641247
0.642636
0.639267
0.630049
0.607572
0.579053
0.53515
0.489848
0.432965
0.376676
0.32286
0.263048
0.225224
0.165011
0.61023
0.64965
0.760584
0.808682
0.817419
0.82271
0.83781
0.860687
0.884047
0.904625
0.92191
0.933566
0.938019
0.938636
0.938946
0.938787
0.93782
0.936981
0.932516
0.927949
0.912609
0.896972
0.872709
0.851901
0.808123
0.808727
0.811411
0.835618
0.873705
0.892501
0.903765
0.916434
0.928843
0.938481
0.944553
0.94779
0.949243
0.949929
0.950189
0.94976
0.948877
0.947906
0.94731
0.947299
0.947527
0.947472
0.945757
0.939434
0.935775
0.921934
0.879597
0.869807
0.872253
0.888553
0.909017
0.92035
0.928737
0.936143
0.942568
0.948485
0.953519
0.957891
0.961728
0.96482
0.966432
0.965471
0.960636
0.9547
0.951391
0.950517
0.950334
0.950179
0.949136
0.947219
0.940841
0.927947
0.89798
0.891594
0.894925
0.910377
0.921574
0.928273
0.933625
0.938238
0.943844
0.950263
0.95693
0.962758
0.967881
0.972441
0.976133
0.978025
0.976694
0.969585
0.961978
0.957713
0.955986
0.953816
0.952111
0.946694
0.956064
0.927863
0.905884
0.903145
0.90989
0.91993
0.922042
0.919402
0.919046
0.923307
0.932105
0.941468
0.950959
0.9601
0.968563
0.975581
0.980381
0.983065
0.983158
0.980398
0.973258
0.969333
0.963604
0.960309
0.951745
0.965888
0.95396
0.923248
0.91061
0.911018
0.912763
0.903832
0.881004
0.875208
0.88368
0.899768
0.913765
0.927013
0.940278
0.954122
0.967449
0.977688
0.983541
0.98615
0.986289
0.984824
0.982659
0.977304
0.972895
0.960058
0.969904
0.965288
0.943964
0.920562
0.913702
0.906558
0.880366
0.852679
0.845392
0.849829
0.867335
0.883961
0.898768
0.914592
0.932666
0.952179
0.969433
0.980939
0.986519
0.988436
0.988443
0.987849
0.985777
0.982584
0.969976
0.971455
0.969809
0.959578
0.932383
0.918964
0.90284
0.863752
0.837375
0.83025
0.831449
0.838185
0.850618
0.866738
0.885757
0.907681
0.932722
0.956829
0.974937
0.985107
0.989289
0.990167
0.990049
0.989309
0.987228
0.976914
0.971912
0.971459
0.966822
0.945782
0.92799
0.898741
0.854162
0.829845
0.823725
0.823929
0.82674
0.831484
0.840093
0.856864
0.881609
0.911019
0.941342
0.966086
0.981629
0.989034
0.991611
0.991832
0.991504
0.990141
0.980897
0.9717
0.971731
0.969794
0.956409
0.937753
0.899967
0.851081
0.826973
0.821552
0.821683
0.823612
0.826791
0.8316
0.84008
0.85909
0.889745
0.924569
0.955273
0.976287
0.987465
0.991993
0.99318
0.993152
0.992378
0.984157
0.97062
0.97149
0.970779
0.964453
0.947183
0.903306
0.85148
0.826634
0.821192
0.821433
0.823367
0.82608
0.829796
0.834749
0.844887
0.870898
0.908177
0.943508
0.969615
0.984771
0.991619
0.993788
0.993935
0.99337
0.986194
0.968814
0.970804
0.970738
0.967683
0.954702
0.910001
0.853083
0.826903
0.821297
0.821713
0.824036
0.826689
0.829762
0.83319
0.839087
0.85586
0.893298
0.931858
0.962153
0.981122
0.990561
0.994061
0.994744
0.994349
0.987956
0.96855
0.969957
0.970357
0.968801
0.95958
0.919501
0.856693
0.8277
0.821832
0.822834
0.826202
0.828892
0.830847
0.832994
0.836451
0.846827
0.879677
0.921203
0.954718
0.976951
0.988879
0.993808
0.995018
0.994831
0.989685
0.969953
0.970158
0.970283
0.969377
0.962838
0.929089
0.861776
0.829274
0.823204
0.825578
0.829941
0.832093
0.832914
0.833407
0.83497
0.841678
0.867801
0.911652
0.947756
0.972696
0.986868
0.993207
0.995023
0.994993
0.991073
0.973581
0.971274
0.970685
0.969671
0.964817
0.937939
0.867639
0.831236
0.826089
0.831708
0.836999
0.836956
0.834923
0.833829
0.834073
0.838209
0.858089
0.903218
0.941552
0.968644
0.98475
0.992412
0.994888
0.995037
0.99223
0.975847
0.973939
0.971709
0.970305
0.966167
0.944433
0.874403
0.834974
0.83246
0.842757
0.849009
0.845742
0.838472
0.834378
0.833773
0.836059
0.851039
0.89515
0.936153
0.965017
0.982721
0.99157
0.994704
0.995065
0.993145
0.976307
0.975822
0.973731
0.971494
0.967223
0.949133
0.881804
0.84128
0.840816
0.856263
0.864926
0.859669
0.845436
0.836312
0.833835
0.835183
0.846487
0.887602
0.931468
0.961905
0.9809
0.990801
0.994584
0.995202
0.993978
0.976161
0.976175
0.975421
0.97326
0.968679
0.952705
0.889243
0.848242
0.849043
0.868876
0.880151
0.876495
0.856747
0.840285
0.834505
0.835068
0.843516
0.880667
0.927328
0.959299
0.979332
0.990115
0.994545
0.995497
0.994804
0.975052
0.976012
0.975856
0.974599
0.970596
0.956163
0.896237
0.85501
0.856375
0.878588
0.890909
0.89004
0.871947
0.846843
0.836168
0.835507
0.84163
0.874369
0.923536
0.957125
0.978035
0.989522
0.994545
0.995874
0.995573
0.971744
0.975184
0.975717
0.975184
0.972171
0.959399
0.903063
0.861466
0.863099
0.885525
0.897231
0.897857
0.886771
0.856057
0.839123
0.836437
0.840979
0.869033
0.920078
0.955288
0.976997
0.989028
0.994544
0.996263
0.996258
0.966598
0.973098
0.975251
0.975127
0.973111
0.962288
0.909907
0.867981
0.869401
0.890709
0.900733
0.901895
0.896235
0.868069
0.843443
0.837782
0.841
0.864821
0.917044
0.953771
0.9762
0.988642
0.994547
0.996632
0.996893
0.964201
0.969127
0.974096
0.97489
0.973689
0.964724
0.916463
0.874223
0.874762
0.893197
0.902409
0.904098
0.901408
0.880204
0.848933
0.839506
0.841475
0.861686
0.914156
0.952547
0.975646
0.988381
0.994554
0.996932
0.997469
0.963081
0.965431
0.971881
0.974347
0.97367
0.96649
0.922519
0.879647
0.878828
0.893735
0.902075
0.905233
0.904337
0.890485
0.85521
0.841563
0.842371
0.859535
0.911381
0.951539
0.97531
0.988256
0.994576
0.997145
0.997947
0.962645
0.963748
0.968747
0.973252
0.973368
0.967823
0.928377
0.884744
0.882186
0.893653
0.899046
0.905057
0.906153
0.897665
0.862826
0.84397
0.84362
0.858325
0.909004
0.950764
0.975158
0.988215
0.99464
0.997282
0.998303
0.962568
0.963053
0.966088
0.971775
0.972737
0.968532
0.933893
0.889709
0.885157
0.892273
0.893978
0.90227
0.907857
0.902544
0.87068
0.846757
0.845059
0.858041
0.90728
0.950309
0.975137
0.988319
0.994791
0.99741
0.998551
0.962619
0.962751
0.96434
0.969981
0.971902
0.968788
0.939011
0.894089
0.887583
0.890154
0.889987
0.899079
0.909555
0.906443
0.878025
0.849779
0.846607
0.858228
0.906155
0.950109
0.975279
0.9885
0.994955
0.997525
0.998727
0.962864
0.962693
0.963458
0.96808
0.970956
0.968692
0.944219
0.898761
0.889543
0.887645
0.88685
0.896352
0.911435
0.910129
0.885194
0.853075
0.84835
0.858812
0.905637
0.950235
0.975606
0.988753
0.995117
0.997648
0.99889
0.963416
0.962696
0.963003
0.966292
0.969732
0.968361
0.948814
0.904486
0.891194
0.885793
0.885231
0.894671
0.91355
0.91367
0.891797
0.856422
0.850248
0.859905
0.90572
0.950947
0.976274
0.989211
0.995373
0.997839
0.999056
0.963717
0.962663
0.962693
0.964957
0.968619
0.967722
0.952292
0.910478
0.892635
0.885343
0.884957
0.894376
0.916185
0.917376
0.897364
0.859433
0.852096
0.861394
0.906791
0.951948
0.976977
0.989657
0.995616
0.998021
0.999194
0.963714
0.962529
0.962489
0.964221
0.967666
0.967088
0.955363
0.91658
0.894058
0.88548
0.885232
0.895833
0.919501
0.921291
0.901906
0.862052
0.854003
0.863297
0.908868
0.953659
0.97811
0.990302
0.995936
0.998212
0.99931
0.963546
0.962208
0.962033
0.96327
0.966613
0.966307
0.957543
0.922853
0.896521
0.886133
0.886293
0.899343
0.923575
0.925349
0.905431
0.86414
0.855826
0.865498
0.911674
0.955573
0.979267
0.990946
0.996259
0.998395
0.999408
0.962928
0.961486
0.961369
0.962622
0.965732
0.965556
0.959005
0.929137
0.899637
0.887687
0.8887
0.905106
0.928306
0.929458
0.907682
0.865627
0.857569
0.868034
0.915449
0.958123
0.980736
0.991704
0.996616
0.998579
0.999495
0.961098
0.960675
0.960781
0.962045
0.964813
0.964719
0.959905
0.935444
0.902421
0.890787
0.893176
0.912946
0.933364
0.933445
0.90874
0.866594
0.859274
0.870982
0.919828
0.960854
0.982275
0.99249
0.996983
0.998759
0.999572
0.958413
0.959081
0.959485
0.961308
0.963975
0.96395
0.960489
0.94191
0.90637
0.896438
0.900332
0.92226
0.938368
0.937046
0.908212
0.866967
0.860944
0.874573
0.925176
0.963999
0.983963
0.993317
0.997355
0.998931
0.99964
0.955842
0.956875
0.957968
0.960953
0.963246
0.963248
0.960836
0.947638
0.912419
0.904699
0.909931
0.931937
0.942956
0.939896
0.90603
0.86692
0.862626
0.878957
0.93112
0.967338
0.985709
0.994148
0.997719
0.999092
0.999699
0.954528
0.955724
0.957636
0.960656
0.962381
0.962392
0.960718
0.950593
0.919411
0.915161
0.921355
0.94064
0.946828
0.941662
0.902076
0.866567
0.864356
0.884576
0.937598
0.970852
0.987487
0.994965
0.998064
0.999236
0.999749
0.954447
0.955693
0.95784
0.96061
0.961631
0.961612
0.960467
0.951987
0.927978
0.926877
0.93284
0.947237
0.950001
0.942039
0.896383
0.866176
0.866212
0.89205
0.944134
0.974421
0.989225
0.99573
0.998375
0.999358
0.999786
0.955303
0.956595
0.958935
0.960625
0.961273
0.961201
0.960275
0.953453
0.937319
0.937244
0.941974
0.952017
0.952622
0.940258
0.889139
0.865898
0.868537
0.901364
0.950868
0.978002
0.990886
0.996421
0.998636
0.99945
0.999811
0.957708
0.958484
0.959593
0.960519
0.960843
0.960822
0.960062
0.954604
0.944093
0.944043
0.949127
0.955686
0.954433
0.934086
0.881339
0.86592
0.871982
0.912325
0.957805
0.981462
0.992406
0.997012
0.998841
0.999513
0.999824
0.958719
0.959083
0.959544
0.959862
0.9599
0.959922
0.959506
0.95446
0.948359
0.949204
0.955689
0.958248
0.954358
0.921539
0.875062
0.866493
0.877399
0.9249
0.964766
0.98477
0.993798
0.997524
0.999005
0.999557
0.999827
0.958904
0.959195
0.959388
0.959453
0.959419
0.959231
0.958415
0.954348
0.952692
0.955562
0.959634
0.959307
0.950552
0.904296
0.869973
0.867699
0.886421
0.938368
0.971441
0.987814
0.995027
0.997957
0.999137
0.999589
0.999822
0.958785
0.959278
0.959499
0.959555
0.95948
0.959209
0.958238
0.956282
0.957472
0.960114
0.960759
0.958477
0.938901
0.886331
0.867177
0.869862
0.901226
0.950231
0.977489
0.990496
0.996079
0.998329
0.999252
0.999624
0.999815
0.957883
0.959151
0.959574
0.959912
0.960032
0.95985
0.959246
0.959649
0.960594
0.961182
0.960539
0.95384
0.915223
0.874287
0.866409
0.875045
0.918631
0.960763
0.982604
0.992693
0.996929
0.998642
0.999356
0.999661
0.999803
0.954985
0.957925
0.959158
0.959778
0.960144
0.960353
0.9605
0.960864
0.961145
0.96095
0.958048
0.938932
0.889554
0.867608
0.867195
0.885575
0.936257
0.969746
0.98684
0.994486
0.99764
0.998921
0.999465
0.999701
0.999785
0.952804
0.954618
0.956719
0.95837
0.959474
0.960072
0.960443
0.960728
0.960607
0.958818
0.948577
0.907058
0.873552
0.865769
0.870531
0.903878
0.950468
0.977264
0.990396
0.996011
0.998237
0.999146
0.999547
0.999723
0.999759
0.951772
0.952778
0.954077
0.955511
0.957071
0.958473
0.959146
0.959087
0.957616
0.950504
0.919057
0.881576
0.867109
0.866771
0.879616
0.925015
0.962898
0.983641
0.992947
0.996822
0.998469
0.999216
0.999562
0.999702
0.999704
0.950566
0.951264
0.952052
0.952928
0.95386
0.95467
0.954994
0.953563
0.947264
0.92238
0.887929
0.870389
0.867016
0.871295
0.898379
0.943936
0.97339
0.987209
0.993841
0.99699
0.998427
0.999109
0.999448
0.999583
0.999557
0.947657
0.948225
0.948217
0.947999
0.947718
0.946717
0.944132
0.936088
0.916485
0.890888
0.874366
0.869347
0.870711
0.883303
0.922511
0.960091
0.978376
0.988159
0.99322
0.995959
0.997509
0.998412
0.99893
0.999153
0.999101
0.936891
0.938845
0.936437
0.933481
0.930253
0.925007
0.917087
0.905561
0.891122
0.878783
0.873241
0.874174
0.883149
0.905721
0.94478
0.968178
0.979161
0.983828
0.987408
0.991173
0.994147
0.996094
0.997231
0.997718
0.997652
0.92564
0.925189
0.920708
0.916198
0.911636
0.906022
0.899498
0.891977
0.884339
0.879016
0.880034
0.892354
0.903542
0.926704
0.960037
0.969195
0.966388
0.966405
0.968989
0.976648
0.984746
0.989704
0.992393
0.993504
0.993502
0.924255
0.921415
0.916544
0.911979
0.907244
0.902221
0.896967
0.891613
0.88789
0.890689
0.901966
0.909366
0.920035
0.953261
0.963744
0.951739
0.918684
0.916332
0.9235
0.945196
0.964665
0.975465
0.980992
0.982964
0.984539
0.925923
0.922315
0.918105
0.914223
0.910042
0.90622
0.903112
0.902079
0.904845
0.910361
0.914823
0.922402
0.94978
0.964166
0.949112
0.85963
0.801681
0.805323
0.837326
0.893486
0.930489
0.949514
0.962399
0.96722
0.975243
0.930984
0.926537
0.924174
0.921664
0.918922
0.917027
0.915856
0.916179
0.918643
0.922892
0.931276
0.956249
0.96966
0.952477
0.822655
0.618325
0.588084
0.622839
0.739027
0.832291
0.884627
0.916556
0.935839
0.94925
0.962852
0.950819
0.945951
0.944096
0.943018
0.942204
0.942177
0.942927
0.945016
0.949014
0.957036
0.969776
0.974851
0.949127
0.743165
0.380635
0.291992
0.323598
0.490866
0.649745
0.733043
0.781879
0.812776
0.82945
0.833242
0.793567
0.941494
0.94871
0.949429
0.949797
0.950077
0.950359
0.95055
0.950607
0.949702
0.942344
0.906434
0.738908
0.36006
0.150824
0.101303
0.137405
0.226943
0.257121
0.257767
0.233821
0.203511
0.182744
0.166379
0.151457
0.130095
0.474535
0.532388
0.549428
0.553488
0.556237
0.544677
0.524527
0.48479
0.416636
0.306478
0.17354
0.0862828
0.0529847
0.0293864
0.013347
0.00489414
0.0016804
0.00084018
0.000504501
0.000290289
0.000235617
0.000113225
0.000425877
0.000210391
0.00138763
)
;

boundaryField
{
    inlet
    {
        type            fixedValue;
        value           uniform 1;
    }
    outlet
    {
        type            inletOutlet;
        inletValue      uniform 0;
        value           nonuniform List<scalar> 
57
(
0.165011
0.808123
0.921934
0.940841
0.946694
0.951745
0.960058
0.969976
0.976914
0.980897
0.984157
0.986194
0.987956
0.989685
0.991073
0.99223
0.993145
0.993978
0.994804
0.995573
0.996258
0.996893
0.997469
0.997947
0.998303
0.998551
0.998727
0.99889
0.999056
0.999194
0.99931
0.999408
0.999495
0.999572
0.99964
0.999699
0.999749
0.999786
0.999811
0.999824
0.999827
0.999822
0.999815
0.999803
0.999785
0.999759
0.999704
0.999557
0.999101
0.997652
0.993502
0.984539
0.975243
0.962852
0.793567
0.130095
0.00138763
)
;
    }
    upperWall
    {
        type            zeroGradient;
    }
    lowerWall
    {
        type            zeroGradient;
    }
    frontAndBack
    {
        type            empty;
    }
}


// ************************************************************************* //
