/*--------------------------------*- C++ -*----------------------------------*\
| =========                 |                                                 |
| \\      /  F ield         | OpenFOAM: The Open Source CFD Toolbox           |
|  \\    /   O peration     | Version:  2112                                  |
|   \\  /    A nd           | Website:  www.openfoam.com                      |
|    \\/     M anipulation  |                                                 |
\*---------------------------------------------------------------------------*/
FoamFile
{
    version     2.0;
    format      ascii;
    arch        "LSB;label=32;scalar=64";
    class       volScalarField;
    location    "0.39";
    object      pPrime2Mean;
}
// * * * * * * * * * * * * * * * * * * * * * * * * * * * * * * * * * * * * * //

dimensions      [0 4 -4 0 0 0 0];

internalField   nonuniform List<scalar> 
12225
(
1.33169e+06
1.31218e+06
1.29178e+06
1.27173e+06
1.25219e+06
1.2332e+06
1.21477e+06
1.19689e+06
1.17952e+06
1.16263e+06
1.14617e+06
1.13006e+06
1.11423e+06
1.09855e+06
1.08286e+06
1.0669e+06
1.05019e+06
1.03155e+06
1.33174e+06
1.31222e+06
1.29181e+06
1.27176e+06
1.25222e+06
1.23322e+06
1.21479e+06
1.19691e+06
1.17955e+06
1.16267e+06
1.14621e+06
1.13011e+06
1.11429e+06
1.09864e+06
1.08299e+06
1.06712e+06
1.05062e+06
1.03265e+06
1.33185e+06
1.3123e+06
1.29188e+06
1.27181e+06
1.25227e+06
1.23327e+06
1.21484e+06
1.19696e+06
1.17961e+06
1.16274e+06
1.1463e+06
1.13023e+06
1.11444e+06
1.09884e+06
1.08329e+06
1.06759e+06
1.05147e+06
1.03461e+06
1.33203e+06
1.31244e+06
1.29199e+06
1.27191e+06
1.25235e+06
1.23336e+06
1.21493e+06
1.19706e+06
1.17971e+06
1.16286e+06
1.14645e+06
1.13041e+06
1.11468e+06
1.09917e+06
1.08376e+06
1.06832e+06
1.05271e+06
1.03695e+06
1.33232e+06
1.31264e+06
1.29215e+06
1.27204e+06
1.25248e+06
1.23348e+06
1.21505e+06
1.19719e+06
1.17986e+06
1.16304e+06
1.14666e+06
1.13068e+06
1.11504e+06
1.09964e+06
1.08443e+06
1.0693e+06
1.05425e+06
1.03947e+06
1.33267e+06
1.31291e+06
1.29237e+06
1.27223e+06
1.25265e+06
1.23364e+06
1.21522e+06
1.19737e+06
1.18007e+06
1.16328e+06
1.14696e+06
1.13105e+06
1.11551e+06
1.10027e+06
1.08528e+06
1.07052e+06
1.05604e+06
1.04207e+06
1.33313e+06
1.31327e+06
1.29266e+06
1.27248e+06
1.25288e+06
1.23386e+06
1.21545e+06
1.19761e+06
1.18034e+06
1.1636e+06
1.14734e+06
1.13152e+06
1.11611e+06
1.10105e+06
1.08633e+06
1.07195e+06
1.058e+06
1.04472e+06
1.33371e+06
1.31372e+06
1.29303e+06
1.2728e+06
1.25317e+06
1.23414e+06
1.21573e+06
1.19792e+06
1.18069e+06
1.164e+06
1.14782e+06
1.13211e+06
1.11684e+06
1.10199e+06
1.08756e+06
1.07356e+06
1.06011e+06
1.04739e+06
1.3344e+06
1.31428e+06
1.29349e+06
1.2732e+06
1.25353e+06
1.23449e+06
1.21609e+06
1.1983e+06
1.18111e+06
1.16449e+06
1.1484e+06
1.13282e+06
1.11773e+06
1.1031e+06
1.08895e+06
1.07533e+06
1.06233e+06
1.05008e+06
1.33525e+06
1.31496e+06
1.29406e+06
1.27369e+06
1.25398e+06
1.23492e+06
1.21653e+06
1.19877e+06
1.18163e+06
1.16509e+06
1.14911e+06
1.13366e+06
1.11875e+06
1.10436e+06
1.0905e+06
1.07724e+06
1.06463e+06
1.05278e+06
1.33624e+06
1.31578e+06
1.29474e+06
1.27428e+06
1.25451e+06
1.23544e+06
1.21705e+06
1.19933e+06
1.18225e+06
1.16579e+06
1.14993e+06
1.13464e+06
1.11991e+06
1.10576e+06
1.09219e+06
1.07925e+06
1.06699e+06
1.05548e+06
1.33731e+06
1.31668e+06
1.29548e+06
1.27492e+06
1.2551e+06
1.236e+06
1.21762e+06
1.19993e+06
1.18291e+06
1.16654e+06
1.15079e+06
1.13565e+06
1.12111e+06
1.10717e+06
1.09385e+06
1.08119e+06
1.06921e+06
1.05796e+06
1.33856e+06
1.3177e+06
1.29633e+06
1.27565e+06
1.25576e+06
1.23663e+06
1.21826e+06
1.2006e+06
1.18365e+06
1.16737e+06
1.15174e+06
1.13675e+06
1.12239e+06
1.10866e+06
1.09558e+06
1.08316e+06
1.07144e+06
1.06042e+06
1.34032e+06
1.31907e+06
1.29744e+06
1.2766e+06
1.25662e+06
1.23746e+06
1.21909e+06
1.20148e+06
1.1846e+06
1.16843e+06
1.15295e+06
1.13813e+06
1.12397e+06
1.11047e+06
1.09764e+06
1.08548e+06
1.07401e+06
1.06322e+06
1.34276e+06
1.32087e+06
1.29888e+06
1.27783e+06
1.25773e+06
1.23852e+06
1.22016e+06
1.2026e+06
1.18582e+06
1.16978e+06
1.15445e+06
1.13983e+06
1.12589e+06
1.11263e+06
1.10005e+06
1.08815e+06
1.07693e+06
1.06637e+06
1.34573e+06
1.32314e+06
1.3007e+06
1.27938e+06
1.25913e+06
1.23987e+06
1.22151e+06
1.20402e+06
1.18734e+06
1.17144e+06
1.1563e+06
1.14188e+06
1.12817e+06
1.11517e+06
1.10284e+06
1.09119e+06
1.0802e+06
1.06985e+06
1.34926e+06
1.32584e+06
1.30287e+06
1.28125e+06
1.26084e+06
1.24151e+06
1.22317e+06
1.20575e+06
1.1892e+06
1.17346e+06
1.1585e+06
1.1443e+06
1.13083e+06
1.11806e+06
1.10598e+06
1.09456e+06
1.08379e+06
1.07363e+06
1.35318e+06
1.32876e+06
1.30524e+06
1.28333e+06
1.26277e+06
1.24341e+06
1.22511e+06
1.20778e+06
1.19136e+06
1.17579e+06
1.16103e+06
1.14704e+06
1.1338e+06
1.12126e+06
1.1094e+06
1.0982e+06
1.08762e+06
1.07764e+06
1.35626e+06
1.33111e+06
1.3073e+06
1.28527e+06
1.2647e+06
1.24538e+06
1.22718e+06
1.20998e+06
1.19372e+06
1.17834e+06
1.16378e+06
1.15e+06
1.13696e+06
1.12463e+06
1.11298e+06
1.10196e+06
1.09155e+06
1.08172e+06
1.35535e+06
1.33128e+06
1.30797e+06
1.28622e+06
1.26587e+06
1.24673e+06
1.22868e+06
1.21164e+06
1.19554e+06
1.18031e+06
1.16591e+06
1.15228e+06
1.1394e+06
1.12721e+06
1.11569e+06
1.1048e+06
1.09451e+06
1.08478e+06
1.35397e+06
1.33071e+06
1.30794e+06
1.28655e+06
1.26644e+06
1.24749e+06
1.2296e+06
1.21269e+06
1.19671e+06
1.1816e+06
1.1673e+06
1.15378e+06
1.14099e+06
1.1289e+06
1.11746e+06
1.10665e+06
1.09642e+06
1.08675e+06
1.35235e+06
1.3299e+06
1.30763e+06
1.28659e+06
1.26672e+06
1.24795e+06
1.2302e+06
1.21341e+06
1.19753e+06
1.18251e+06
1.16829e+06
1.15485e+06
1.14213e+06
1.1301e+06
1.11872e+06
1.10796e+06
1.09778e+06
1.08815e+06
1.35097e+06
1.32909e+06
1.30725e+06
1.2865e+06
1.26684e+06
1.24823e+06
1.23059e+06
1.2139e+06
1.1981e+06
1.18314e+06
1.16899e+06
1.1556e+06
1.14293e+06
1.13095e+06
1.11961e+06
1.10888e+06
1.09873e+06
1.08913e+06
1.34979e+06
1.32839e+06
1.30689e+06
1.28638e+06
1.26689e+06
1.24839e+06
1.23085e+06
1.21423e+06
1.19849e+06
1.18358e+06
1.16948e+06
1.15613e+06
1.14349e+06
1.13154e+06
1.12023e+06
1.10953e+06
1.0994e+06
1.08982e+06
1.34877e+06
1.32781e+06
1.30659e+06
1.28626e+06
1.2669e+06
1.24849e+06
1.23102e+06
1.21445e+06
1.19875e+06
1.18388e+06
1.16981e+06
1.15648e+06
1.14388e+06
1.13195e+06
1.12065e+06
1.10997e+06
1.09986e+06
1.09029e+06
1.348e+06
1.32738e+06
1.30636e+06
1.28616e+06
1.26689e+06
1.24855e+06
1.23112e+06
1.21459e+06
1.19892e+06
1.18408e+06
1.17003e+06
1.15672e+06
1.14413e+06
1.13222e+06
1.12094e+06
1.11027e+06
1.10016e+06
1.0906e+06
1.34745e+06
1.32707e+06
1.3062e+06
1.28609e+06
1.26688e+06
1.24858e+06
1.23119e+06
1.21468e+06
1.19904e+06
1.18421e+06
1.17017e+06
1.15688e+06
1.1443e+06
1.13239e+06
1.12112e+06
1.11046e+06
1.10036e+06
1.0908e+06
1.3471e+06
1.32687e+06
1.3061e+06
1.28605e+06
1.26687e+06
1.2486e+06
1.23123e+06
1.21474e+06
1.1991e+06
1.18429e+06
1.17026e+06
1.15697e+06
1.1444e+06
1.1325e+06
1.12123e+06
1.11057e+06
1.10048e+06
1.09093e+06
1.34686e+06
1.32676e+06
1.30604e+06
1.28602e+06
1.26687e+06
1.24861e+06
1.23125e+06
1.21477e+06
1.19914e+06
1.18433e+06
1.1703e+06
1.15702e+06
1.14445e+06
1.13255e+06
1.12129e+06
1.11063e+06
1.10054e+06
1.09099e+06
1.34676e+06
1.32671e+06
1.30601e+06
1.28601e+06
1.26687e+06
1.24862e+06
1.23126e+06
1.21478e+06
1.19915e+06
1.18435e+06
1.17032e+06
1.15704e+06
1.14447e+06
1.13258e+06
1.12132e+06
1.11066e+06
1.10057e+06
1.09102e+06
872238
872169
872028
871815
871530
871172
870740
870232
869646
868982
868237
867411
866504
865514
864440
863284
862043
860718
859309
857816
856239
854580
852838
851015
849111
847129
845068
842929
840713
838423
836057
833618
831106
828521
825865
823138
820343
817481
814553
811562
808509
805392
802214
798975
795676
792318
788901
785428
781897
778310
774667
770967
767214
763411
759561
755662
751712
747712
743665
739576
735444
731269
727052
722795
718492
714142
709745
705308
700834
696326
691785
687209
682597
677948
673259
668529
663757
658945
654098
649212
644289
639337
634357
629353
624324
619272
614195
609094
603969
598822
593654
588465
583257
578031
572787
567526
562247
556950
551634
546296
540934
535548
530141
524716
519275
513821
508359
502889
497411
491924
486428
480920
475393
469846
464277
458686
453073
447437
441781
436108
430423
424731
419036
413343
407653
401968
396287
390611
384939
379271
373603
367937
362270
356603
350937
345272
339611
333952
328297
322645
316998
311357
305724
300097
294475
288857
283244
277638
272044
266465
260904
255364
249846
244349
238871
233410
227966
222541
217138
211759
206408
201086
195798
190545
185327
180145
175001
169898
164836
159816
154838
149904
145016
140176
135390
130662
125999
121412
116914
112540
872553
872484
872343
872129
871843
871484
871049
870538
869950
869282
868533
867704
866792
865798
864721
863559
862314
860983
859568
858069
856486
854819
853070
851239
849328
847337
845268
843121
840898
838601
836230
833786
831269
828680
826020
823290
820491
817625
814694
811697
808637
805516
802333
799088
795783
792419
788997
785519
781983
778392
774747
771044
767288
763481
759624
755720
751766
747763
743715
739624
735492
731314
727091
722827
718520
714169
709775
705342
700872
696365
691825
687249
682636
677985
673294
668561
663787
658972
654121
649233
644310
639358
634378
629373
624343
619290
614213
609111
603986
598839
593671
588482
583275
578050
572807
567547
562268
556970
551653
546313
540950
535564
530158
524735
519298
513846
508386
502918
497442
491958
486463
480953
475425
469877
464306
458714
453098
447461
441803
436127
430440
424746
419049
413354
407663
401977
396296
390620
384948
379280
373613
367946
362279
356613
350947
345284
339623
333965
328310
322658
317012
311371
305738
300111
294488
288868
283254
277648
272053
266473
260911
255371
249853
244356
238878
233416
227972
222546
217142
211763
206412
201091
195803
190550
185331
180149
175004
169901
164839
159819
154841
149907
145018
140177
135390
130661
125997
121407
116903
112511
873186
873116
872975
872762
872474
872112
871673
871157
870561
869886
869131
868293
867374
866371
865284
864112
862855
861513
860085
858573
856976
855295
853531
851685
849758
847752
845667
843506
841269
838958
836573
834116
831587
828988
826318
823580
820774
817900
814961
811957
808890
805760
802568
799313
796000
792627
789196
785709
782166
778568
774914
771205
767441
763625
759760
755848
751888
747882
743832
739737
735595
731407
727175
722901
718588
714234
709841
705410
700942
696437
691896
687318
682702
678049
673355
668620
663842
659024
654169
649279
644355
639402
634420
629413
624381
619325
614246
609143
604018
598871
593703
588515
583308
578083
572841
567580
562301
557003
551684
546343
540980
535595
530192
524772
519338
513891
508434
502968
497494
492011
486516
481006
475477
469927
464356
458761
453143
447503
441841
436163
430471
424773
419073
413375
407681
401994
396312
390637
384965
379297
373630
367963
362297
356631
350967
345305
339646
333989
328334
322683
317037
311397
305764
300135
294510
288889
283273
277665
272068
266487
260925
255384
249866
244368
238888
233426
227981
222554
217150
211771
206420
201099
195812
190558
185338
180155
175011
169907
164845
159824
154846
149911
145021
140179
135391
130660
125993
121398
116884
112464
874142
874071
873929
873714
873423
873055
872609
872085
871480
870794
870027
869177
868243
867225
866122
864933
863659
862298
860851
859319
857701
855999
854214
852347
850399
848371
846266
844084
841826
839495
837091
834615
832068
829451
826765
824013
821193
818308
815357
812342
809263
806122
802918
799654
796329
792944
789502
786002
782448
778837
775170
771448
767673
763846
759971
756049
752081
748068
744012
739907
735753
731553
727310
723027
718707
714349
709954
705522
701053
696546
692002
687421
682801
678143
673446
668706
663924
659103
654245
649353
644428
639473
634489
629479
624444
619385
614302
609197
604070
598923
593754
588564
583357
578131
572889
567629
562350
557051
551732
546392
541029
535646
530245
524829
519399
513955
508502
503039
497568
492086
486592
481082
475552
470001
464427
458830
453208
447564
441898
436214
430517
424814
419108
413405
407709
402019
396337
390661
384989
379321
373654
367988
362323
356658
350996
345336
339678
334022
328368
322718
317074
311434
305800
300170
294543
288919
283300
277690
272091
266508
260945
255404
249884
244385
238905
233441
227995
222568
217163
211783
206432
201112
195825
190570
185350
180165
175020
169916
164853
159832
154853
149917
145026
140182
135392
130659
125989
121388
116860
112414
875427
875355
875210
874989
874692
874316
873861
873324
872707
872006
871223
870355
869402
868363
867237
866025
864725
863338
861864
860305
858659
856930
855116
853221
851246
849191
847059
844851
842568
840211
837782
835281
832710
830072
827366
824594
821756
818853
815886
812856
809762
806605
803388
800109
796770
793372
789915
786401
782829
779202
775518
771780
767989
764147
760259
756324
752344
748319
744250
740132
735964
731751
727498
723206
718878
714515
710116
705680
701206
696695
692146
687558
682932
678267
673565
668820
664034
659209
654349
649454
644527
639570
634584
629571
624532
619469
614383
609274
604144
598993
593821
588629
583419
578193
572950
567689
562411
557114
551797
546459
541098
535717
530318
524905
519478
514039
508589
503130
497661
492182
486688
481178
475647
470094
464517
458917
453291
447642
441971
436281
430577
424866
419154
413446
407745
402053
396369
390692
385020
379352
373685
368020
362356
356694
351034
345376
339719
334065
328413
322765
317121
311482
305847
300215
294585
288958
283336
277723
272122
266538
260973
255431
249910
244410
238929
233464
228016
222588
217182
211801
206450
201131
195843
190588
185366
180180
175035
169930
164866
159843
154863
149925
145032
140187
135394
130658
125985
121376
116835
112364
877049
876973
876822
876595
876288
875901
875432
874881
874246
873527
872722
871831
870852
869785
868630
867386
866054
864634
863126
861532
859851
858087
856239
854309
852299
850211
848046
845806
843492
841104
838644
836114
833515
830850
828118
825322
822461
819536
816548
813497
810384
807209
803973
800677
797320
793904
790429
786895
783303
779655
775951
772193
768382
764521
760613
756659
752661
748618
744532
740398
736217
731992
727729
723429
719094
714724
710319
705878
701399
696881
692325
687729
683095
678422
673710
668959
664168
659339
654476
649579
644650
639690
634702
629686
624643
619576
614485
609371
604236
599080
593903
588707
583494
578264
573020
567759
562482
557187
551874
546540
541182
535804
530408
524998
519573
514137
508690
503235
497769
492292
486800
481290
475758
470203
464623
459019
453390
447736
442059
436362
430650
424930
419210
413496
407790
402095
396409
390731
385058
379390
373724
368060
362398
356738
351080
345424
339769
334116
328467
322820
317178
311539
305903
300269
294636
289006
283381
277764
272161
266575
261010
255466
249945
244443
238960
233493
228044
222614
217206
211825
206474
201154
195866
190610
185387
180201
175054
169947
164881
159858
154875
149936
145040
140193
135397
130658
125981
121365
116811
112318
879016
878937
878779
878541
878222
877820
877333
876761
876103
875358
874525
873604
872592
871491
870299
869017
867645
866185
864636
863000
861278
859472
857582
855611
853560
851432
849228
846949
844597
842172
839677
837112
834479
831781
829018
826191
823302
820350
817336
814260
811122
807924
804666
801347
797968
794530
791031
787474
783858
780187
776459
772676
768841
764957
761025
757047
753026
748961
744854
740703
736508
732273
728000
723692
719349
714973
710562
706114
701629
697104
692539
687935
683291
678608
673887
669127
664329
659496
654629
649729
644798
639836
634845
629826
624780
619707
614611
609491
604349
599185
594001
588799
583580
578346
573099
567838
562561
557270
551961
546631
541279
535905
530513
525105
519682
514248
508805
503352
497890
492415
486925
481415
475882
470323
464739
459131
453499
447842
442159
436455
430734
425005
419276
413554
407843
402144
396455
390775
385103
379435
373770
368108
362448
356790
351134
345479
339826
334175
328528
322883
317242
311604
305967
300331
294695
289061
283432
277812
272207
266620
261054
255510
249987
244484
238998
233529
228078
222646
217237
211854
206503
201183
195895
190638
185414
180226
175077
169969
164901
159876
154891
149949
145052
140201
135403
130661
125978
121355
116788
112277
881344
881259
881091
880840
880504
880082
879572
878973
878286
877508
876639
875679
874627
873483
872247
870920
869502
867995
866398
864713
862942
861087
859148
857129
855030
852855
850605
848280
845883
843415
840877
838271
835599
832862
830061
827199
824275
821290
818245
815139
811974
808748
805463
802118
798712
795247
791722
788138
784496
780797
777041
773231
769367
765454
761493
757487
753439
749350
745220
741050
736840
732593
728309
723992
719642
715259
710841
706387
701894
697362
692788
688174
683519
678825
674093
669324
664519
659680
654808
649905
644971
640008
635014
629992
624942
619865
614762
609635
604484
599310
594117
588906
583680
578441
573190
567927
562652
557363
552059
546734
541389
536021
530632
525225
519803
514371
508929
503478
498018
492546
487056
481546
476010
470448
464861
459250
453615
447954
442267
436556
430827
425089
419351
413621
407903
402199
396508
390827
385154
379487
373823
368163
362504
356848
351192
345538
339887
334238
328593
322951
317311
311673
306036
300397
294759
289121
283489
277867
272260
266672
261105
255560
250036
244531
239043
233571
228117
222683
217272
211888
206537
201217
195927
190670
185444
180255
175105
169994
164925
159897
154911
149966
145066
140213
135411
130666
125977
121346
116768
112240
884045
883952
883772
883505
883148
882700
882161
881529
880805
879986
879074
878067
876967
875773
874485
873105
871633
870070
868417
866676
864848
862935
860940
858864
856710
854480
852175
849797
847349
844830
842243
839589
836870
834089
831245
828341
825378
822356
819275
816137
812939
809683
806368
802993
799558
796063
792507
788892
785219
781488
777701
773857
769961
766015
762021
757983
753905
749787
745633
741442
737215
732953
728657
724330
719971
715581
711155
706693
702193
697651
693067
688442
683775
679069
674326
669548
664736
659891
655015
650108
645172
640205
635209
630184
625130
620048
614938
609801
604640
599456
594252
589030
583795
578549
573293
568028
562753
557467
552167
546849
541509
536146
530760
525353
519931
514498
509056
503607
498148
492677
487188
481676
476138
470572
464981
459368
453731
448068
442378
436661
430925
425178
419432
413694
407970
402261
396567
390884
385211
379544
373882
368222
362565
356909
351253
345599
339949
334302
328659
323019
317381
311743
306105
300465
294824
289184
283549
277925
272317
266729
261161
255615
250090
244583
239092
233618
228161
222724
217311
211926
206574
201253
195963
190704
185478
180288
175135
170023
164951
159921
154933
149986
145084
140228
135423
130672
125978
121338
116750
112208
887134
887033
886839
886552
886169
885691
885116
884444
883675
882808
881844
880783
879626
878374
877027
875586
874051
872424
870705
868898
867003
865024
862962
860821
858602
856308
853941
851502
848994
846418
843776
841068
838298
835467
832575
829625
826618
823554
820434
817258
814025
810735
807386
803978
800509
796980
793389
789738
786028
782259
778434
774554
770621
766637
762607
758534
754422
750274
746092
741878
737630
733352
729043
724703
720334
715934
711500
707029
702519
697967
693372
688734
684054
679335
674582
669795
664976
660126
655246
650336
645396
640427
635427
630398
625339
620250
615132
609986
604815
599620
594404
589172
583927
578672
573410
568141
562866
557582
552285
546972
541637
536278
530893
525485
520061
514625
509182
503731
498272
492801
487312
481799
476258
470688
465094
459477
453840
448176
442483
436763
431021
425268
419515
413771
408042
402328
396631
390946
385272
379606
373944
368284
362626
356970
351314
345660
340010
334364
328722
323083
317446
311809
306171
300530
294888
289246
283610
277985
272376
266787
261219
255673
250147
244638
239144
233667
228207
222768
217353
211967
206613
201292
196000
190740
185513
180322
175168
170053
164980
159947
154956
150008
145103
140245
135436
130680
125980
121331
116732
112178
890637
890525
890314
890003
889590
889075
888458
887738
886916
885993
884969
883845
882624
881305
879890
878379
876772
875071
873278
871393
869421
867364
865225
863007
860714
858347
855910
853403
850829
848188
845483
842716
839888
837000
834054
831052
827995
824883
821718
818499
815225
811896
808509
805062
801555
797987
794357
790664
786912
783101
779233
775312
771338
767314
763245
759135
754988
750808
746596
742355
738086
733789
729463
725110
720728
716316
711871
707389
702868
698304
693695
689043
684349
679618
674854
670059
665235
660381
655497
650584
645640
640666
635662
630627
625561
620464
615337
610182
605001
599796
594571
589328
584072
578807
573537
568264
562987
557704
552411
547100
541769
536411
531024
525614
520185
514745
509297
503844
498383
492912
487422
481907
476363
470789
465191
459574
453936
448272
442578
436855
431110
425354
419596
413847
408114
402397
396697
391011
385336
379669
374006
368345
362686
357028
351370
345716
340066
334420
328778
323140
317505
311868
306229
300588
294945
289303
283667
278041
272433
266843
261275
255730
250203
244692
239196
233715
228253
222811
217395
212007
206652
201329
196036
190776
185548
180355
175200
170084
165008
159974
154980
150029
145122
140261
135448
130688
125980
121323
116714
112149
894584
894459
894228
893888
893439
892881
892213
891437
890554
889565
888471
887275
885978
884582
883087
881494
879804
878018
876138
874166
872106
869961
867735
865431
863054
860605
858087
855503
852853
850140
847365
844529
841634
838682
835674
832611
829497
826330
823112
819843
816522
813146
809713
806222
802671
799059
795384
791647
787849
783993
780082
776116
772100
768035
763927
759778
755595
751381
747139
742870
738577
734259
729916
725546
721149
716721
712261
707766
703230
698651
694028
689360
684652
679909
675135
670333
665504
660647
655760
650842
645892
640911
635900
630858
625785
620679
615543
610379
605190
599977
594742
589490
584224
578950
573671
568391
563112
557830
552538
547229
541897
536537
531147
525731
520297
514851
509398
503940
498476
493002
487511
481993
476447
470871
465271
459652
454013
448349
442655
436933
431187
425429
419669
413918
408182
402464
396762
391074
385397
379728
374064
368401
362740
357080
351420
345764
340113
334466
328824
323186
317551
311915
306277
300635
294993
289351
283715
278090
272482
266894
261326
255781
250254
244742
239243
233760
228295
222852
217434
212044
206687
201363
196070
190809
185580
180387
175231
170113
165036
159999
155003
150050
145140
140275
135458
130693
125978
121313
116694
112118
899016
898877
898621
898247
897755
897145
896418
895576
894620
893552
892376
891093
889706
888216
886626
884936
883148
881263
879285
877215
875057
872814
870491
868091
865618
863075
860466
857793
855058
852262
849407
846494
843523
840497
837417
834284
831102
827871
824591
821262
817883
814451
810964
807421
803820
800159
796437
792654
788810
784910
780954
776945
772887
768782
764634
760449
756230
751983
747710
743414
739096
734757
730393
726004
721587
717142
712664
708150
703596
699000
694359
689676
684954
680199
675416
670608
665774
660914
656023
651099
646142
641152
636131
631079
625996
620882
615739
610569
605374
600155
594913
589652
584377
579094
573807
568520
563237
557953
552660
547350
542015
536651
531255
525832
520391
514937
509477
504013
498545
493068
487574
482054
476505
470929
465328
459708
454068
448404
442712
436991
431247
425490
419731
413980
408243
402524
396820
391131
385452
379781
374114
368448
362785
357122
351460
345801
340148
334500
328857
323219
317583
311948
306309
300668
295026
289386
283752
278129
272522
266935
261369
255824
250296
244783
239283
233798
228332
222887
217467
212076
206718
201393
196099
190837
185608
180414
175257
170139
165060
160021
155023
150067
145154
140286
135465
130693
125972
121299
116671
112086
903986
903830
903544
903129
902584
901911
901113
900190
899146
897983
896706
895317
893820
892217
890512
888707
886803
884803
882710
880527
878258
875904
873471
870962
868381
865734
863023
860251
857421
854533
851587
848585
845528
842416
839252
836039
832778
829471
826118
822719
819271
815775
812226
808625
804968
801255
797484
793654
789766
785822
781825
777775
773677
769535
765352
761132
756881
752602
748301
743978
739636
735273
730886
726474
722036
717568
713068
708532
703958
699342
694683
689983
685247
680481
675688
670873
666033
661168
656272
651341
646375
641374
636341
631278
626187
621066
615919
610746
605548
600326
595079
589811
584527
579234
573938
568644
563355
558067
552770
547456
542116
536746
531344
525913
520463
515001
509533
504063
498589
493107
487608
482086
476536
470959
465359
459738
454098
448435
442745
437028
431288
425536
419780
414030
408294
402574
396870
391179
385497
379823
374152
368483
362816
357151
351487
345825
340169
334519
328875
323235
317599
311963
306325
300684
295043
289405
283773
278153
272549
266963
261399
255855
250327
244813
239312
233827
228360
222914
217494
212101
206742
201416
196122
190860
185631
180437
175279
170160
165080
160039
155039
150080
145164
140292
135466
130689
125961
121280
116643
112050
909562
909383
909059
908591
907980
907229
906340
905316
904163
902883
901482
899964
898335
896597
894755
892811
890769
888631
886402
884085
881684
879202
876643
874012
871313
868550
865726
862843
859904
856911
853862
850760
847605
844398
841142
837838
834490
831097
827662
824183
820660
817091
813476
809811
806096
802328
798507
794630
790698
786713
782676
778589
774456
770280
766065
761815
757534
753227
748899
744550
740182
735794
731382
726945
722482
717990
713465
708905
704307
699670
694992
690276
685526
680748
675945
671120
666272
661398
656494
651556
646581
641569
636525
631452
626353
621228
616079
610906
605709
600485
595235
589960
584667
579364
574060
568759
563462
558166
552862
547541
542195
536818
531408
525969
520510
515040
509564
504086
498605
493117
487613
482087
476535
470959
465359
459739
454100
448438
442752
437041
431308
425562
419812
414066
408332
402612
396907
391213
385529
379850
374175
368503
362833
357165
351498
345834
340176
334523
328877
323235
317597
311960
306322
300682
295043
289407
283779
278162
272561
266978
261415
255872
250344
244830
239330
233844
228377
222932
217511
212119
206759
201433
196138
190876
185647
180453
175296
170176
165094
160052
155050
150088
145169
140293
135462
130679
125943
121255
116611
112009
916020
915811
915436
914896
914194
913336
912326
911171
909876
908448
906892
905214
903419
901513
899500
897384
895168
892858
890459
887976
885415
882779
880072
877298
874461
871564
868609
865600
862538
859426
856263
853049
849785
846473
843115
839712
836267
832781
829255
825688
822081
818434
814744
811011
807233
803406
799531
795605
791629
787602
783526
779403
775236
771028
766784
762505
758197
753863
749506
745130
740735
736319
731880
727417
722926
718406
713855
709270
704648
699988
695290
690558
685795
681005
676190
671353
666493
661607
656692
651744
646759
641737
636683
631602
626497
621370
616221
611050
605854
600629
595375
590094
584794
579483
574169
568859
563553
558246
552933
547602
542247
536862
531445
525998
520531
515053
509570
504084
498595
493098
487588
482057
476503
470926
465328
459710
454073
448414
442733
437029
431306
425569
419827
414087
408356
402637
396930
391233
385545
379862
374183
368508
362834
357163
351495
345829
340168
334512
328863
323218
317577
311939
306301
300662
295025
289393
283768
278156
272559
266979
261418
255875
250348
244835
239336
233851
228385
222941
217521
212129
206770
201443
196149
190887
185658
180464
175306
170186
165103
160059
155055
150092
145170
140290
135453
130663
125921
121225
116573
111965
923177
922928
922483
921845
921021
920021
918853
917528
916054
914440
912692
910817
908821
906711
904492
902170
899750
897240
894645
891973
889231
886422
883552
880622
877636
874597
871506
868364
865174
861937
858654
855324
851949
848531
845069
841566
838024
834444
830826
827171
823478
819749
815983
812179
808334
804448
800518
796543
792521
788452
784338
780180
775981
771744
767472
763167
758832
754471
750087
745684
741261
736817
732350
727859
723340
718793
714215
709603
704957
700276
695561
690814
686038
681236
676410
671560
666687
661788
656860
651899
646903
641872
636809
631722
626614
621485
616336
611165
605968
600741
595483
590197
584892
579575
574254
568935
563618
558299
552973
547632
542267
536872
531447
525995
520522
515038
509548
504054
498556
493051
487534
481998
476441
470863
465266
459651
454017
448363
442689
436993
431279
425553
419820
414087
408360
402643
396935
391236
385544
379857
374175
368495
362819
357146
351475
345808
340145
334486
328833
323185
317541
311901
306263
300626
294991
289363
283743
278136
272543
266966
261407
255866
250340
244828
239330
233848
228383
222940
217522
212132
206773
201446
196152
190891
185662
180468
175310
170189
165106
160061
155055
150090
145165
140281
135439
130643
125894
121191
116531
111916
930403
930104
929571
928811
927836
926663
925306
923780
922100
920274
918310
916217
914002
911673
909237
906702
904075
901364
898575
895717
892798
889822
886792
883712
880583
877407
874184
870916
867604
864250
860854
857417
853940
850423
846867
843273
839642
835975
832273
828537
824767
820963
817125
813254
809347
805403
801420
797397
793331
789222
785072
780881
776651
772387
768089
763759
759399
755013
750604
746175
741726
737256
732763
728245
723701
719127
714524
709889
705222
700523
695792
691031
686244
681431
676594
671733
666848
661936
656995
652022
647015
641975
636906
631815
626703
621572
616421
611247
606046
600815
595553
590264
584955
579635
574310
568984
563657
558326
552987
547634
542258
536855
531424
525966
520490
515001
509506
504005
498499
492985
487460
481919
476360
470782
465186
459573
453943
448293
442625
436938
431234
425518
419795
414070
408347
402632
396924
391223
385528
379839
374153
368471
362793
357118
351446
345777
340111
334450
328793
323142
317495
311854
306216
300580
294949
289325
283710
278108
272519
266946
261389
255849
250325
244815
239319
233838
228375
222935
217518
212130
206772
201445
196152
190890
185662
180468
175310
170189
165105
160059
155052
150084
145157
140269
135423
130621
125864
121154
116488
111867
937666
937307
936663
935749
934588
933204
931621
929860
927941
925875
923674
921345
918898
916343
913690
910945
908116
905212
902240
899208
896122
892987
889807
886583
883317
880010
876662
873275
869849
866386
862886
859350
855777
852170
848527
844849
841137
837391
833614
829805
825964
822092
818189
814255
810290
806291
802258
798188
794080
789933
785747
781524
777265
772974
768650
764295
759912
755502
751069
746616
742142
737647
733129
728587
724018
719420
714794
710138
705452
700736
695990
691218
686420
681597
676750
671878
666982
662058
657105
652120
647102
642054
636980
631884
626768
621634
616479
611300
606094
600858
595593
590301
584991
579669
574341
569009
563673
558331
552980
547615
542228
536818
531382
525921
520442
514950
509450
503943
498429
492908
487377
481831
476269
470690
465094
459483
453855
448211
442549
436870
431176
425469
419755
414037
408319
402606
396899
391197
385501
379810
374123
368439
362759
357083
351409
345739
340072
334408
328748
323093
317444
311802
306164
300531
294904
289284
283674
278077
272492
266922
261368
255829
250306
244798
239304
233826
228365
222926
217512
212126
206768
201442
196149
190887
185659
180466
175307
170186
165102
160055
155047
150078
145147
140256
135406
130599
125836
121119
116446
111818
944956
944519
943732
942626
941236
939596
937742
935705
933511
931178
928721
926148
923468
920690
917823
914875
911855
908770
905629
902438
899200
895920
892599
889241
885846
882415
878950
875452
871921
868358
864762
861134
857475
853784
850061
846306
842520
838703
834857
830982
827078
823144
819182
815192
811172
807123
803042
798928
794779
790596
786376
782122
777835
773516
769167
764789
760381
755948
751492
747016
742519
738000
733458
728892
724300
719680
715032
710357
705654
700923
696165
691381
686573
681740
676883
672002
667094
662159
657194
652198
647171
642116
637036
631935
626815
621676
616515
611330
606118
600877
595608
590315
585004
579681
574351
569014
563671
558320
552958
547581
542186
536768
531327
525864
520383
514888
509384
503872
498352
492824
487287
481737
476172
470592
464997
459386
453761
448120
442464
436793
431107
425409
419703
413992
408279
402569
396863
391162
385466
379774
374087
368403
362722
357044
351370
345698
340029
334363
328701
323044
317394
311750
306114
300484
294860
289245
283640
278047
272466
266899
261347
255810
250289
244782
239290
233814
228355
222918
217506
212121
206765
201439
196145
190884
185656
180463
175305
170184
165099
160052
155043
150072
145140
140246
135392
130579
125811
121087
116408
111774
952274
951734
950762
949409
947730
945777
943602
941247
938751
936138
933420
930604
927695
924700
921628
918487
915288
912037
908743
905406
902030
898615
895165
891683
888169
884625
881052
877452
873826
870171
866487
862776
859037
855270
851475
847650
843797
839916
836008
832074
828113
824124
820108
816066
811998
807902
803777
799621
795435
791217
786966
782683
778368
774022
769648
765245
760815
756360
751882
747384
742864
738322
733757
729169
724555
719915
715248
710555
705836
701092
696321
691527
686708
681866
677000
672108
667190
662244
657268
652261
647226
642164
637079
631973
626847
621702
616534
611342
606123
600877
595606
590312
585002
579678
574345
569004
563654
558295
552924
547538
542134
536711
531266
525801
520317
514820
509312
503796
498271
492738
487195
481641
476074
470492
464897
459287
453664
448027
442376
436711
431032
425342
419643
413938
408231
402525
396822
391122
385427
379735
374048
368364
362684
357006
351330
345658
339987
334320
328656
322998
317347
311704
306069
300441
294821
289210
283610
278020
272443
266879
261329
255794
250274
244770
239279
233804
228347
222912
217502
212118
206762
201437
196144
190883
185656
180463
175305
170184
165100
160053
155043
150070
145135
140239
135382
130565
125792
121062
116377
111737
959641
958959
957733
956052
954006
951676
949135
946439
943630
940731
937754
934701
931572
928371
925104
921783
918418
915015
911579
908110
904608
901073
897507
893913
890292
886646
882976
879284
875570
871831
868069
864282
860471
856635
852774
848886
844972
841034
837071
833084
829071
825032
820969
816881
812768
808629
804464
800271
796050
791799
787519
783208
778866
774496
770097
765671
761218
756742
752243
747723
743182
738618
734032
729423
724789
720131
715447
710738
706005
701248
696466
691660
686832
681980
677104
672202
667274
662316
657330
652314
647271
642203
637112
632000
626868
621716
616541
611342
606117
600867
595593
590299
584988
579664
574329
568984
563629
558263
552884
547490
542079
536650
531201
525734
520248
514749
509238
503718
498189
492651
487104
481546
475977
470394
464798
459189
453568
447934
442287
436627
430954
425271
419578
413880
408178
402476
396776
391079
385385
379696
374009
368326
362646
356968
351293
345619
339948
334280
328616
322958
317307
311664
306031
300405
294789
289181
283584
277998
272425
266863
261316
255783
250265
244761
239272
233799
228344
222910
217501
212118
206763
201439
196146
190886
185660
180468
175311
170190
165106
160058
155048
150074
145137
140238
135378
130558
125781
121047
116356
111711
967096
966198
964607
962483
959986
957231
954302
951257
948134
944952
941720
938438
935101
931706
928260
924772
921255
917713
914149
910560
906944
903301
899632
895939
892223
888487
884731
880957
877164
873350
869516
865661
861785
857887
853966
850021
846054
842064
838051
834016
829956
825873
821766
817636
813483
809307
805105
800878
796625
792344
788036
783699
779332
774938
770516
766067
761594
757097
752578
748038
743476
738892
734287
729659
725008
720333
715633
710910
706164
701394
696601
691785
686946
682084
677198
672286
667347
662379
657383
652359
647308
642234
637137
632019
626881
621722
616540
611334
606104
600850
595575
590280
584968
579643
574305
568957
563597
558225
552839
547438
542022
536587
531135
525665
520178
514677
509164
503641
498109
492567
487016
481455
475883
470299
464703
459095
453474
447843
442199
436543
430875
425198
419512
413819
408123
402426
396729
391036
385345
379657
373972
368290
362611
356933
351258
345585
339914
334245
328581
322924
317274
311632
306000
300376
294762
289158
283564
277982
272411
266853
261308
255778
250261
244759
239271
233799
228345
222913
217505
212123
206769
201445
196154
190895
185670
180479
175324
170203
165119
160071
155059
150084
145145
140244
135382
130560
125780
121042
116348
111698
974708
973441
971312
968626
965612
962404
959080
955690
952260
948806
945330
941830
938298
934725
931114
927476
923822
920155
916474
912775
909056
905316
901556
897776
893977
890162
886330
882482
878619
874738
870839
866923
862988
859033
855059
851064
847048
843011
838954
834874
830772
826648
822502
818335
814147
809936
805702
801444
797161
792853
788518
784157
779767
775350
770906
766436
761943
757426
752889
748330
743750
739148
734525
729880
725213
720522
715809
711073
706314
701532
696728
691902
687052
682180
677283
672361
667412
662435
657430
652398
647340
642259
637157
632033
626888
621722
616534
611322
606087
600830
595552
590256
584944
579617
574277
568925
563561
558184
552793
547386
541964
536525
531070
525597
520108
514605
509091
503566
498031
492487
486933
481369
475795
470210
464613
459005
453385
447755
442114
436461
430798
425126
419445
413758
408068
402375
396683
390994
385306
379620
373937
368257
362579
356902
351228
345556
339885
334217
328554
322897
317248
311608
305976
300354
294742
289140
283549
277970
272403
266848
261307
255778
250263
244762
239275
233805
228353
222922
217515
212134
206781
201459
196169
190912
185688
180499
175345
170225
165140
160091
155078
150101
145161
140259
135395
130572
125790
121049
116352
111699
982627
980681
977782
974414
970837
967164
963453
959731
956013
952304
948601
944899
941185
937448
933690
929919
926143
922363
918576
914778
910966
907140
903298
899441
895569
891683
887783
883871
879945
876004
872048
868077
864089
860084
856061
852020
847961
843882
839783
835664
831524
827363
823182
818981
814760
810519
806255
801969
797659
793326
788967
784583
780171
775733
771269
766779
762267
757733
753177
748601
744004
739386
734747
730087
725405
720701
715975
711226
706456
701663
696848
692011
687151
682268
677361
672429
667471
662485
657472
652432
647368
642281
637172
632042
626891
621718
616524
611306
606067
600807
595528
590231
584917
579589
574247
568892
563524
558142
552746
547335
541908
536465
531006
525531
520040
514537
509021
503495
497958
492411
486855
481289
475713
470127
464529
458921
453302
447673
442034
436384
430725
425057
419381
413699
408014
402327
396640
390954
385270
379588
373907
368228
362551
356877
351203
345532
339862
334195
328533
322878
317230
311590
305959
300338
294727
289128
283539
277963
272399
266848
261310
255783
250270
244771
239285
233816
228366
222937
217531
212151
206800
201479
196191
190936
185714
180527
175374
170255
165169
160118
155103
150124
145183
140280
135417
130593
125810
121068
116369
111713
991148
987878
983913
979768
975610
971486
967409
963382
959401
955460
951553
947667
943788
939904
936013
932124
928240
924360
920477
916589
912694
908790
904876
900950
897012
893063
889104
885134
881152
877159
873152
869132
865097
861047
856981
852898
848799
844682
840546
836391
832216
828022
823809
819578
815328
811058
806768
802456
798123
793765
789384
784978
780547
776089
771606
767099
762569
758018
753446
748854
744242
739609
734955
730281
725586
720870
716131
711371
706590
701786
696961
692114
687244
682351
677433
672491
667524
662529
657509
652463
647393
642300
637184
632048
626890
621711
616511
611289
606047
600784
595503
590204
584889
579559
574215
568857
563485
558099
552699
547284
541853
536407
530945
525467
519976
514471
508954
503427
497888
492340
486782
481215
475638
470050
464452
458843
453225
447596
441959
436312
430656
424991
419320
413644
407963
402282
396600
390919
385238
379559
373880
368203
362529
356856
351185
345515
339846
334181
328519
322865
317217
311578
305947
300327
294717
289119
283533
277960
272400
266852
261316
255792
250281
244784
239300
233833
228384
222956
217552
212174
206825
201506
196220
190967
185748
180563
175412
170292
165204
160150
155133
150153
145211
140308
135445
130621
125838
121097
116397
111740
1.00045e+06
994817
989538
984604
979897
975359
970953
966652
962437
958292
954203
950154
946128
942113
938107
934113
930133
926162
922194
918226
914257
910285
906305
902317
898321
894317
890305
886284
882253
878212
874160
870096
866019
861928
857823
853704
849569
845418
841248
837060
832854
828630
824389
820130
815853
811558
807243
802909
798553
794174
789772
785346
780896
776420
771919
767396
762850
758284
753697
749090
744463
739817
735151
730464
725757
721029
716279
711508
706715
701902
697067
692210
687330
682427
677500
672548
667572
662570
657543
652490
647414
642315
637193
632051
626887
621703
616497
611272
606026
600761
595478
590177
584861
579528
574182
568821
563447
558058
552654
547235
541801
536352
530887
525408
519915
514409
508892
503363
497824
492275
486716
481147
475568
469980
464381
458772
453154
447526
441890
436245
430592
424931
419264
413592
407917
402241
396564
390887
385211
379534
373858
368184
362511
356840
351171
345503
339836
334171
328511
322857
317209
311570
305940
300320
294711
289114
283530
277959
272402
266857
261325
255804
250295
244800
239319
233854
228406
222980
217578
212202
206855
201539
196256
191005
185789
180606
175455
170334
165243
160186
155167
150185
145243
140340
135477
130655
125873
121133
116434
111777
1.00992e+06
1.00101e+06
994466
988847
983673
978784
974097
969561
965146
960826
956580
952390
948235
944106
939998
935914
931849
927798
923754
919716
915683
911650
907612
903570
899523
895470
891411
887345
883271
879188
875096
870992
866877
862750
858610
854458
850291
846108
841908
837690
833455
829204
824937
820653
816352
812033
807696
803340
798963
794564
790143
785698
781230
776737
772220
767681
763121
758540
753939
749318
744678
740019
735340
730642
725923
721184
716423
711641
706838
702014
697169
692302
687412
682499
677563
672602
667617
662608
657574
652515
647433
642328
637200
632051
626881
621692
616482
611252
606004
600736
595452
590149
584831
579496
574147
568784
563407
558014
552607
547185
541748
536296
530830
525349
519854
514348
508830
503301
497761
492210
486650
481080
475501
469912
464313
458704
453085
447458
441823
436180
430529
424872
419210
413543
407874
402202
396531
390858
385186
379512
373839
368168
362498
356829
351162
345496
339830
334167
328507
322852
317205
311566
305935
300315
294706
289110
283529
277961
272406
266864
261334
255816
250311
244819
239341
233878
228433
223009
217609
212236
206893
201580
196299
191052
185838
180657
175506
170382
165288
160227
155204
150221
145279
140377
135516
130695
125916
121178
116481
111825
1.01572e+06
1.00634e+06
999030
992841
987258
982054
977112
972364
967764
963280
958888
954565
950291
946055
941849
937675
933528
929400
925285
921181
917085
912994
908902
904808
900711
896612
892508
888399
884283
880160
876028
871886
867735
863572
859399
855213
851015
846801
842571
838324
834061
829783
825491
821182
816857
812515
808155
803777
799380
794961
790520
786056
781569
777060
772528
767973
763397
758802
754186
749552
744898
740226
735535
730825
726094
721343
716571
711777
706963
702129
697273
692396
687496
682573
677626
672656
667663
662646
657604
652539
647451
642339
637205
632050
626874
621680
616466
611232
605981
600711
595425
590120
584800
579463
574112
568746
563365
557970
552560
547135
541696
536242
530773
525291
519795
514288
508770
503240
497699
492148
486586
481016
475436
469846
464246
458638
453020
447393
441759
436118
430470
424817
419159
413498
407834
402168
396501
390834
385164
379495
373825
368157
362490
356825
351160
345495
339830
334167
328507
322852
317204
311564
305933
300313
294704
289110
283530
277964
272411
266870
261343
255828
250328
244841
239367
233906
228463
223041
217645
212276
206936
201628
196351
191108
185896
180716
175563
170435
165335
160269
155243
150257
145315
140414
135556
130739
125963
121228
116535
111882
1.02032e+06
1.01109e+06
1.00344e+06
996853
990924
985431
980244
975283
970496
965846
961304
956843
952446
948099
943794
939527
935293
931084
926894
922719
918558
914404
910255
906106
901958
897809
893659
889504
885345
881178
877005
872824
868634
864434
860224
856004
851773
847527
843264
838986
834694
830389
826069
821735
817385
813018
808635
804234
799814
795373
790912
786428
781923
777396
772846
768276
763685
759073
754443
749794
745126
740440
735736
731013
726270
721506
716722
711917
707091
702245
697378
692490
687580
682647
677690
672710
667707
662682
657633
652561
647466
642348
637208
632047
626866
621666
616448
611212
605958
600686
595397
590091
584768
579429
574075
568707
563324
557926
552513
547086
541645
536189
530719
525236
519740
514232
508713
503182
497641
492089
486527
480956
475375
469785
464186
458577
452960
447335
441702
436063
430418
424769
419116
413460
407801
402141
396478
390814
385149
379483
373817
368152
362489
356826
351162
345498
339834
334170
328509
322854
317205
311564
305933
300312
294705
289111
283533
277967
272414
266875
261349
255839
250342
244860
239390
233932
228492
223073
217680
212315
206981
201678
196406
191165
185956
180775
175618
170485
165378
160306
155275
150287
145344
140445
135590
130776
126005
121275
116586
111938
1.02425e+06
1.01538e+06
1.00766e+06
1.00082e+06
994626
988883
983471
978309
973340
968523
963828
959230
954707
950247
945839
941475
937151
932856
928586
924336
920104
915885
911673
907467
903264
899063
894863
890662
886456
882245
878029
873806
869575
865336
861088
856832
852566
848286
843990
839680
835356
831021
826674
822312
817935
813543
809135
804709
800265
795802
791319
786815
782290
777744
773177
768590
763982
759354
754708
750044
745362
740662
735943
731206
726450
721673
716876
712058
707220
702362
697484
692585
687664
682720
677753
672763
667751
662717
657660
652581
647479
642355
637209
632042
626856
621653
616431
611191
605934
600660
595369
590061
584736
579395
574039
568668
563283
557883
552468
547039
541596
536139
530669
525184
519688
514180
508660
503129
497587
492035
486473
480901
475321
469731
464132
458523
452907
447283
441652
436016
430375
424730
419081
413430
407776
402120
396462
390802
385140
379478
373816
368155
362494
356832
351169
345505
339840
334175
328513
322856
317207
311565
305933
300313
294707
289115
283536
277970
272417
266877
261353
255845
250353
244875
239408
233953
228515
223100
217711
212352
207023
201726
196460
191223
186014
180831
175668
170527
165412
160333
155297
150306
145362
140465
135612
130803
126037
121312
116629
111988
1.02781e+06
1.01932e+06
1.01165e+06
1.0047e+06
998321
992379
986771
981424
976283
971307
966463
961727
957078
952502
947986
943522
939102
934717
930363
926035
921728
917437
913159
908890
904629
900374
896122
891870
887616
883360
879099
874833
870559
866278
861991
857697
853394
849079
844747
840403
836048
831682
827304
822913
818509
814089
809655
805204
800735
796248
791741
787215
782670
778105
773520
768915
764289
759645
754983
750303
745605
740890
736157
731404
726633
721843
717032
712201
707350
702480
697590
692679
687747
682792
677814
672814
667792
662750
657685
652598
647489
642359
637208
632036
626846
621638
616413
611171
605911
600635
595342
590031
584704
579361
574003
568630
563243
557841
552425
546995
541551
536094
530622
525138
519641
514133
508613
503081
497539
491986
486424
480853
475272
469683
464084
458477
452861
447239
441611
435977
430340
424700
419056
413410
407760
402108
396453
390796
385139
379480
373822
368164
362504
356843
351179
345514
339847
334181
328517
322859
317208
311567
305935
300316
294711
289120
283541
277973
272419
266879
261355
255849
250360
244884
239419
233966
228531
223120
217736
212383
207061
201771
196511
191278
186069
180881
175711
170559
165435
160349
155307
150312
145367
140471
135621
130816
126055
121337
116660
112026
1.03115e+06
1.023e+06
1.01546e+06
1.00847e+06
1.00198e+06
995889
990120
984610
979311
974184
969198
964328
959554
954860
950235
945667
941149
936672
932230
927819
923433
919067
914717
910381
906057
901742
897434
893129
888825
884520
880214
875902
871584
867260
862932
858599
854258
849904
845537
841157
836769
832371
827962
823540
819106
814658
810195
805717
801222
796710
792179
787631
783064
778478
773874
769250
764606
759944
755265
750569
745855
741124
736374
731606
726819
722014
717189
712345
707481
702597
697695
692772
687828
682862
677874
672863
667832
662780
657707
652613
647497
642361
637205
632029
626835
621624
616396
611151
605889
600611
595315
590003
584674
579329
573969
568595
563206
557803
552386
546955
541510
536052
530580
525096
519599
514090
508570
503039
497496
491944
486382
480810
475230
469641
464043
458437
452823
447203
441578
435949
430316
424680
419041
413399
407753
402104
396452
390799
385145
379490
373835
368178
362519
356856
351191
345523
339854
334186
328520
322861
317210
311569
305938
300321
294718
289127
283547
277977
272421
266880
261356
255850
250361
244887
239422
233970
228537
223130
217752
212405
207091
201809
196557
191328
186119
180925
175744
170581
165447
160352
155303
150305
145358
140461
135614
130813
126058
121347
116677
112051
1.03435e+06
1.0265e+06
1.01909e+06
1.01214e+06
1.00559e+06
999390
993493
987847
982408
977143
972022
967024
962127
957318
952582
947910
943292
938720
934188
929691
925222
920777
916352
911945
907553
903174
898804
894441
890083
885727
881371
877011
872647
868279
863908
859534
855153
850760
846355
841941
837518
833086
828645
824191
819725
815247
810755
806249
801726
797187
792632
788059
783470
778863
774238
769594
764931
760251
755554
750840
746110
741362
736596
731811
727008
722187
717348
712489
707611
702714
697799
692864
687909
682931
677932
672911
667871
662810
657728
652626
647504
642363
637202
632023
626825
621611
616380
611133
605869
600589
595291
589977
584646
579300
573938
568563
563173
557769
552351
546919
541474
536015
530543
525059
519562
514053
508533
503002
497459
491907
486346
480775
475196
469607
464010
458406
452794
447178
441556
435931
430303
424672
419037
413398
407755
402108
396460
390810
385160
379508
373855
368198
362537
356871
351202
345531
339858
334188
328521
322862
317211
311570
305942
300327
294725
289135
283553
277981
272423
266881
261355
255848
250358
244882
239417
233964
228533
223130
217757
212417
207111
201838
196594
191371
186160
180959
175766
170591
165447
160343
155287
150283
145334
140438
135592
130795
126046
121341
116679
112063
1.03745e+06
1.02985e+06
1.0226e+06
1.01569e+06
1.00913e+06
1.00287e+06
996874
991114
985555
980165
974922
969802
964788
959865
955021
950244
945527
940859
936235
931650
927096
922570
918068
913586
909122
904674
900238
895813
891395
886983
882573
878161
873748
869334
864919
860501
856078
851644
847201
842750
838291
833825
829350
824864
820366
815856
811333
806797
802245
797679
793097
788500
783886
779257
774610
769945
765262
760563
755847
751116
746368
741603
736819
732016
727197
722360
717506
712633
707741
702831
697902
692955
687987
682998
677988
672957
667908
662838
657749
652640
647512
642365
637200
632017
626817
621600
616367
611117
605852
600569
595270
589954
584622
579274
573911
568534
563143
557739
552320
546888
541442
535983
530512
525027
519530
514021
508501
502970
497429
491877
486316
480747
475168
469581
463986
458384
452776
447163
441547
435926
430303
424675
419043
413407
407766
402123
396477
390831
385183
379533
373879
368220
362555
356884
351210
345534
339859
334186
328519
322859
317209
311570
305944
300331
294731
289141
283558
277984
272425
266881
261354
255844
250350
244871
239403
233949
228519
223118
217749
212416
207118
201856
196621
191401
186189
180980
175776
170589
165434
160321
155259
150251
145299
140402
135558
130765
126020
121322
116669
112062
1.04048e+06
1.03311e+06
1.02599e+06
1.01916e+06
1.0126e+06
1.0063e+06
1.00024e+06
994396
988735
983237
977882
972650
967525
962493
957543
952664
947847
943084
938368
933693
929053
924445
919863
915304
910766
906246
901741
897249
892767
888293
883824
879357
874891
870427
865963
861500
857031
852556
848073
843583
839087
834585
830075
825554
821023
816480
811925
807358
802777
798182
793573
788949
784311
779658
774988
770301
765597
760877
756143
751393
746627
741843
737042
732222
727386
722533
717664
712776
707870
702946
698004
693044
688064
683063
678043
673003
667945
662867
657770
652655
647521
642370
637201
632014
626811
621592
616357
611105
605838
600553
595252
589935
584601
579252
573888
568511
563119
557714
552295
546862
541416
535957
530485
525000
519504
513995
508476
502945
497405
491854
486295
480726
475149
469564
463972
458374
452770
447162
441550
435935
430315
424690
419060
413426
407788
402147
396504
390860
385213
379562
373905
368241
362569
356893
351213
345532
339854
334179
328512
322853
317204
311567
305941
300330
294732
289143
283559
277984
272424
266880
261351
255837
250339
244854
239382
233926
228495
223095
217730
212402
207112
201858
196631
191417
186204
180988
175773
170574
165410
160290
155221
150210
145256
140359
135516
130726
125986
121295
116650
112051
1.04347e+06
1.03628e+06
1.02929e+06
1.02254e+06
1.01601e+06
1.0097e+06
1.00359e+06
997677
991933
986342
980888
975553
970325
965190
960139
955160
950245
945387
940579
935815
931089
926397
921734
917098
912484
907890
903313
898752
894203
889664
885132
880606
876084
871565
867049
862534
858018
853497
848971
844440
839905
835364
830817
826260
821693
817117
812530
807930
803318
798694
794057
789407
784742
780064
775369
770660
765934
761194
756439
751670
746885
742083
737263
732426
727574
722705
717820
712918
707998
703061
698106
693132
688140
683129
678099
673050
667984
662898
657795
652673
647535
642379
637206
632016
626810
621588
616351
611098
605828
600542
595239
589920
584585
579235
573870
568492
563100
557694
552274
546841
541395
535936
530464
524980
519483
513975
508457
502927
497388
491839
486281
480714
475140
469559
463971
458377
452779
447176
441568
435956
430339
424717
419089
413456
407820
402182
396540
390896
385248
379593
373930
368258
362578
356894
351208
345523
339842
334167
328500
322842
317195
311558
305933
300323
294725
289136
283553
277979
272419
266875
261345
255827
250323
244832
239355
233894
228461
223062
217699
212374
207090
201843
196623
191413
186200
180978
175754
170547
165375
160250
155178
150164
145209
140312
135470
130684
125948
121263
116626
112036
1.04641e+06
1.03938e+06
1.03252e+06
1.02584e+06
1.01935e+06
1.01304e+06
1.00691e+06
1.00094e+06
995134
989466
983924
978498
973175
967944
962796
957721
952712
947761
942862
938009
933197
928421
923677
918961
914271
909602
904953
900321
895703
891097
886501
881913
877331
872755
868183
863614
859045
854475
849902
845327
840748
836166
831578
826983
822379
817767
813145
808513
803870
799215
794549
789871
785180
780475
775756
771023
766275
761513
756737
751948
747143
742322
737485
732631
727762
722877
717977
713061
708127
703176
698208
693223
688219
683197
678157
673100
668026
662934
657824
652697
647554
642393
637217
632023
626814
621590
616350
611094
605823
600535
595230
589910
584574
579223
573858
568479
563086
557680
552260
546826
541380
535921
530449
524966
519470
513963
508445
502917
497379
491832
486277
480714
475143
469566
463984
458396
452802
447204
441600
435990
430375
424754
419128
413497
407862
402224
396583
390936
385283
379621
373949
368267
362578
356887
351195
345506
339823
334149
328483
322826
317180
311544
305919
300308
294709
289120
283537
277965
272407
266864
261333
255812
250302
244805
239322
233857
228419
223018
217656
212334
207052
201809
196593
191386
186174
180949
175721
170509
165333
160205
155131
150116
145161
140265
135427
130643
125913
121233
116603
112020
1.04908e+06
1.04218e+06
1.03542e+06
1.02881e+06
1.02236e+06
1.01606e+06
1.00992e+06
1.00393e+06
998070
992343
986735
981235
975834
970523
965292
960134
955042
950009
945029
940096
935206
930353
925535
920746
915985
911247
906531
901833
897151
892483
887827
883181
878542
873911
869286
864664
860045
855427
850808
846188
841566
836942
832314
827680
823040
818393
813737
809073
804398
799715
795021
790316
785599
780869
776126
771370
766600
761818
757023
752214
747390
742551
737696
732826
727942
723043
718128
713198
708251
703288
698308
693311
688297
683265
678217
673153
668072
662974
657858
652726
647578
642413
637233
632036
626823
621596
616354
611096
605822
600532
595226
589905
584568
579216
573850
568471
563077
557671
552250
546817
541371
535912
530441
524958
519463
513957
508441
502915
497380
491836
486284
480725
475160
469588
464011
458428
452839
447243
441641
436033
430419
424799
419173
413543
407909
402269
396624
390972
385311
379640
373957
368266
362569
356870
351173
345482
339798
334124
328459
322804
317160
311524
305899
300285
294684
289094
283512
277942
272385
266843
261313
255790
250276
244773
239284
233813
228371
222967
217603
212281
207000
201759
196544
191338
186126
180901
175672
170460
165284
160156
155083
150070
145117
140224
135388
130608
125883
121209
116586
112010
1.05171e+06
1.04492e+06
1.03825e+06
1.03171e+06
1.02529e+06
1.01902e+06
1.01287e+06
1.00686e+06
1.00096e+06
995189
989524
983959
978488
973103
967795
962560
957389
952277
947218
942208
937241
932314
927422
922561
917730
912923
908140
903376
898631
893901
889185
884480
879785
875098
870419
865745
861075
856407
851741
847075
842409
837741
833071
828398
823720
819036
814345
809647
804940
800226
795503
790770
786027
781272
776505
771725
766933
762129
757314
752485
747642
742785
737913
733027
728127
723213
718284
713340
708381
703405
698414
693406
688382
683342
678285
673213
668125
663021
657900
652763
647610
642441
637256
632055
626839
621609
616364
611103
605827
600535
595228
589905
584567
579215
573849
568469
563075
557668
552248
546815
541369
535911
530440
524958
519465
513961
508448
502924
497392
491853
486306
480753
475193
469627
464054
458475
452888
447293
441692
436084
430470
424851
419225
413594
407957
402313
396661
391000
385329
379647
373955
368256
362552
356848
351147
345454
339771
334097
328434
322780
317137
311502
305875
300258
294653
289061
283479
277910
272355
266815
261285
255761
250245
244738
239244
233767
228320
222912
217546
212222
206939
201695
196478
191272
186060
180838
175612
170404
165232
160108
155037
150028
145079
140190
135359
130583
125862
121195
116578
112010
1.05467e+06
1.04799e+06
1.04141e+06
1.03493e+06
1.02857e+06
1.02231e+06
1.01617e+06
1.01014e+06
1.00422e+06
998395
992673
987043
981500
976037
970648
965329
960073
954874
949729
944633
939581
934569
929594
924652
919740
914855
909995
905157
900339
895538
890752
885980
881220
876470
871729
866995
862266
857543
852821
848102
843385
838668
833950
829230
824507
819780
815048
810311
805567
800817
796059
791293
786518
781733
776938
772132
767315
762487
757647
752795
747931
743053
738162
733258
728341
723410
718465
713506
708533
703544
698540
693520
688486
683435
678370
673290
668194
663082
657955
652811
647652
642478
637288
632083
626863
621629
616380
611117
605838
600544
595235
589911
584573
579220
573853
568473
563080
557673
552253
546820
541375
535918
530449
524969
519478
513978
508468
502949
497422
491888
486348
480800
475246
469685
464115
458537
452950
447355
441753
436144
430530
424908
419281
413646
408002
402348
396685
391012
385329
379639
373941
368237
362528
356821
351117
345423
339740
334068
328406
322755
317113
311478
305849
300228
294618
289021
283438
277868
272314
266776
261247
255724
250206
244697
239199
233718
228267
222855
217485
212156
206868
201619
196398
191190
185979
180761
175543
170342
165177
160059
154995
149991
145048
140165
135338
130568
125853
121191
116582
112022
1.05797e+06
1.0514e+06
1.04491e+06
1.0385e+06
1.03218e+06
1.02595e+06
1.01981e+06
1.01377e+06
1.00782e+06
1.00196e+06
996183
990490
984875
979334
973862
968455
963109
957818
952580
947390
942245
937140
932073
927040
922039
917066
912120
907198
902297
897415
892552
887703
882869
878046
873235
868433
863638
858850
854067
849287
844511
839738
834965
830192
825418
820643
815864
811082
806295
801502
796704
791900
787089
782270
777442
772605
767758
762901
758034
753157
748268
743367
738455
733530
728593
723643
718680
713704
708715
703711
698693
693660
688613
683552
678476
673385
668280
663160
658025
652874
647709
642528
637332
632122
626898
621660
616407
611140
605859
600562
595252
589926
584587
579234
573867
568487
563094
557688
552269
546838
541394
535939
530472
524996
519509
514013
508508
502996
497476
491949
486415
480874
475323
469763
464193
458614
453024
447426
441821
436210
430591
424965
419331
413686
408030
402363
396685
390999
385306
379611
373913
368210
362500
356790
351086
345392
339709
334038
328379
322731
317091
311456
305824
300197
294580
288978
283391
277819
272265
266727
261200
255678
250162
244652
239151
233667
228214
222799
217424
212088
206793
201537
196310
191098
185888
180676
175468
170278
165122
160012
154956
149960
145024
140147
135326
130562
125853
121198
116597
112047
1.0616e+06
1.05513e+06
1.04872e+06
1.04237e+06
1.0361e+06
1.0299e+06
1.02377e+06
1.01773e+06
1.01175e+06
1.00585e+06
1.00003e+06
994278
988594
982976
977420
971925
966486
961100
955764
950475
945230
940025
934859
929727
924628
919559
914518
909502
904510
899539
894587
889654
884736
879833
874942
870063
865194
860334
855481
850634
845793
840956
836122
831290
826459
821628
816796
811963
807127
802288
797446
792598
787746
782887
778022
773149
768269
763380
758482
753575
748659
743732
738795
733847
728887
723916
718932
713937
708929
703909
698875
693827
688767
683692
678604
673503
668387
663257
658112
652954
647781
642593
637391
632176
626946
621703
616446
611175
605891
600592
595279
589953
584613
579260
573893
568514
563123
557718
552302
546873
541433
535981
530519
525047
519566
514077
508580
503075
497563
492042
486512
480972
475421
469858
464283
458698
453103
447499
441889
436271
430643
425007
419360
413700
408028
402345
396652
390955
385258
379564
373872
368175
362468
356760
351056
345363
339680
334011
328354
322710
317072
311436
305801
300168
294544
288936
283343
277766
272210
266673
261148
255629
250114
244603
239102
233618
228164
222748
217368
212025
206722
201457
196222
191006
185797
180592
175394
170216
165071
159971
154924
149936
145007
140136
135321
130563
125860
121213
116622
112084
1.06552e+06
1.05914e+06
1.0528e+06
1.04651e+06
1.04028e+06
1.03411e+06
1.028e+06
1.02195e+06
1.01596e+06
1.01003e+06
1.00416e+06
998353
992605
986914
981278
975696
970166
964684
959249
953859
948510
943201
937930
932694
927491
922318
917175
912058
906967
901898
896851
891824
886815
881823
876845
871882
866931
861991
857061
852139
847225
842318
837416
832518
827624
822733
817842
812953
808063
803172
798279
793384
788486
783584
778677
773764
768846
763921
758989
754050
749103
744147
739181
734207
729222
724227
719221
714204
709176
704137
699085
694021
688945
683857
678755
673641
668513
663372
658218
653051
647869
642675
637466
632244
627009
621761
616499
611224
605936
600635
595321
589994
584654
579302
573937
568560
563172
557772
552360
546937
541502
536057
530601
525136
519663
514182
508692
503193
497685
492165
486634
481089
475530
469958
464374
458779
453175
447562
441942
436312
430670
425017
419353
413675
407987
402290
396588
390887
385189
379502
373822
368134
362434
356729
351028
345336
339654
333985
328330
322690
317054
311419
305782
300142
294512
288897
283297
277716
272157
266619
261095
255579
250064
244555
239055
233573
228120
222704
217321
211970
206659
201385
196143
190922
185714
180515
175328
170161
165027
159937
154899
149918
144996
140130
135320
130567
125871
121233
116652
112128
1.06965e+06
1.06334e+06
1.05707e+06
1.05083e+06
1.04464e+06
1.0385e+06
1.0324e+06
1.02635e+06
1.02034e+06
1.01439e+06
1.00848e+06
1.00263e+06
996821
991063
985353
979689
974071
968497
962966
957475
952024
946611
941234
935891
930581
925302
920052
914830
909634
904463
899315
894188
889082
883994
878924
873869
868830
863804
858790
853788
848795
843812
838836
833867
828905
823947
818993
814042
809093
804146
799199
794252
789304
784354
779401
774445
769486
764522
759552
754577
749596
744608
739612
734608
729596
724575
719545
714505
709455
704395
699324
694243
689150
684045
678929
673801
668661
663508
658343
653166
647976
642774
637558
632330
627089
621836
616570
611292
606001
600699
595385
590058
584721
579372
574011
568640
563258
557866
552462
547048
541623
536187
530740
525282
519814
514336
508848
503349
497836
492309
486766
481208
475634
470047
464450
458843
453226
447600
441964
436316
430655
424983
419302
413610
407911
402208
396503
390804
385112
379433
373762
368085
362394
356695
350998
345308
339628
333959
328305
322668
317034
311400
305761
300117
294482
288861
283254
277668
272107
266568
261046
255530
250015
244506
239009
233531
228081
222667
217282
211925
206606
201324
196074
190850
185643
180449
175270
170114
164991
159910
154880
149906
144989
140128
135323
130574
125884
121254
116685
112176
1.07384e+06
1.06759e+06
1.06137e+06
1.05518e+06
1.04903e+06
1.0429e+06
1.03682e+06
1.03077e+06
1.02475e+06
1.01878e+06
1.01284e+06
1.00694e+06
1.00109e+06
995273
989496
983760
978063
972404
966783
961198
955650
950137
944658
939211
933796
928412
923057
917730
912429
907154
901903
896675
891469
886284
881117
875969
870838
865722
860622
855535
850460
845397
840345
835301
830267
825239
820218
815203
810192
805185
800181
795179
790178
785178
780178
775176
770172
765167
760157
755145
750127
745105
740077
735042
730001
724953
719897
714833
709760
704678
699587
694486
689375
684254
679123
673980
668827
663663
658487
653300
648101
642891
637669
632435
627189
621933
616665
611386
606097
600797
595487
590167
584836
579496
574145
568784
563413
558033
552643
547242
541828
536401
530958
525499
520025
514538
509036
503519
497986
492435
486870
481291
475699
470098
464487
458865
453233
447591
441936
436270
430592
424907
419216
413519
407819
402117
396417
390723
385036
379361
373697
368027
362344
356653
350962
345275
339597
333927
328273
322637
317006
311373
305733
300087
294449
288824
283213
277624
272061
266522
261001
255484
249967
244459
238966
233492
228046
222634
217250
211890
206564
201273
196017
190788
185581
180392
175222
170075
164961
159888
154866
149898
144986
140129
135327
130583
125899
121276
116718
112224
1.07696e+06
1.07075e+06
1.06457e+06
1.05841e+06
1.05228e+06
1.04617e+06
1.04009e+06
1.03404e+06
1.02802e+06
1.02204e+06
1.01608e+06
1.01016e+06
1.00428e+06
998422
992603
986819
981069
975354
969672
964024
958409
952827
947276
941757
936267
930808
925376
919972
914595
909244
903917
898614
893333
888074
882835
877616
872415
867232
862064
856912
851775
846650
841538
836437
831346
826265
821192
816126
811067
806013
800965
795920
790878
785838
780800
775762
770724
765685
760644
755601
750556
745506
740453
735394
730330
725260
720183
715100
710009
704910
699803
694688
689564
684430
679287
674134
668971
663798
658614
653421
648217
643002
637776
632541
627295
622040
616776
611503
606221
600931
595632
590324
585005
579676
574336
568985
563626
558258
552879
547487
542075
536640
531181
525699
520199
514683
509151
503603
498039
492463
486877
481283
475681
470070
464449
458817
453173
447520
441858
436187
430508
424823
419134
413440
407743
402045
396350
390660
384976
379302
373637
367971
362294
356608
350921
345238
339562
333891
328236
322600
316970
311338
305697
300051
294413
288788
283176
277586
272023
266482
260963
255443
249924
244418
238928
233457
228015
222605
217223
211862
206530
201232
195970
190738
185531
180345
175181
170041
164934
159869
154852
149890
144981
140127
135328
130587
125907
121292
116744
112267
1.07897e+06
1.07279e+06
1.06663e+06
1.06049e+06
1.05437e+06
1.04827e+06
1.0422e+06
1.03615e+06
1.03013e+06
1.02414e+06
1.01817e+06
1.01224e+06
1.00634e+06
1.00046e+06
994617
988805
983024
977275
971557
965870
960215
954590
948995
943430
937894
932387
926908
921456
916030
910630
905254
899903
894574
889267
883982
878716
873470
868242
863031
857836
852657
847492
842341
837202
832074
826957
821849
816750
811659
806574
801495
796422
791352
786286
781222
776160
771099
766038
760977
755914
750849
745781
740711
735636
730556
725472
720382
715286
710183
705073
699956
694832
689699
684558
679408
674249
669080
663903
658717
653521
648316
643101
637877
632645
627404
622156
616901
611637
606366
601088
595801
590503
585192
579867
574529
569182
563828
558465
553088
547689
542262
536804
531317
525806
520278
514734
509175
503602
498018
492427
486831
481230
475623
470006
464378
458740
453094
447441
441783
436116
430443
424762
419078
413388
407694
402000
396307
390619
384936
379261
373594
367927
362254
356572
350888
345207
339531
333860
328204
322565
316935
311305
305664
300019
294383
288759
283148
277560
271995
266454
260937
255415
249893
244387
238900
233432
227992
222583
217203
211843
206507
201203
195937
190702
185495
180312
175152
170017
164916
159856
154844
149885
144979
140127
135330
130592
125916
121307
116770
112308
1.0804e+06
1.07423e+06
1.06809e+06
1.06196e+06
1.05585e+06
1.04976e+06
1.04369e+06
1.03765e+06
1.03162e+06
1.02563e+06
1.01966e+06
1.01371e+06
1.0078e+06
1.00191e+06
996049
990218
984416
978644
972902
967189
961506
955852
950227
944631
939063
933523
928010
922524
917064
911630
906220
900834
895472
890131
884812
879514
874235
868975
863733
858508
853299
848105
842925
837758
832604
827461
822328
817205
812091
806984
801884
796789
791700
786614
781532
776453
771375
766297
761221
756143
751065
745984
740901
735814
730724
725629
720530
715425
710314
705197
700074
694944
689807
684662
679509
674347
669177
663999
658813
653619
648417
643206
637987
632762
627531
622293
617046
611790
606526
601254
595970
590673
585360
580028
574681
569326
563965
558595
553208
547793
542342
536859
531346
525813
520266
514707
509134
503550
497957
492360
486760
481157
475547
469926
464296
458659
453016
447369
441717
436057
430390
424715
419035
413348
407658
401966
396276
390589
384907
379231
373560
367892
362221
356542
350860
345180
339504
333834
328175
322534
316904
311276
305636
299992
294357
288736
283128
277540
271975
266432
260916
255393
249869
244364
238878
233413
227975
222566
217188
211829
206490
201182
195912
190676
185468
180287
175130
170000
164902
159846
154838
149881
144977
140127
135332
130596
125924
121320
116792
112347
1.0814e+06
1.07525e+06
1.06911e+06
1.06299e+06
1.05689e+06
1.0508e+06
1.04474e+06
1.0387e+06
1.03267e+06
1.02668e+06
1.0207e+06
1.01475e+06
1.00883e+06
1.00293e+06
997059
991216
985400
979613
973854
968123
962421
956747
951101
945484
939894
934331
928795
923286
917802
912344
906910
901500
896114
890749
885407
880085
874783
869501
864236
858990
853759
848544
843344
838158
832985
827823
822673
817533
812402
807279
802163
797054
791951
786851
781756
776664
771574
766485
761397
756309
751221
746131
741039
735945
730847
725746
720640
715530
710414
705294
700168
695037
689899
684753
679600
674438
669269
664092
658908
653718
648520
643314
638101
632883
627659
622426
617179
611920
606652
601376
596086
590780
585455
580107
574743
569371
563996
558616
553217
547789
542324
536824
531296
525751
520197
514632
509056
503469
497876
492279
486682
481081
475471
469851
464222
458590
452953
447312
441666
436012
430349
424678
419001
413317
407629
401940
396252
390567
384886
379209
373535
367865
362195
356519
350839
345158
339483
333812
328152
322509
316878
311250
305613
299971
294337
288717
283112
277526
271959
266415
260899
255376
249851
244346
238861
233398
227961
222553
217175
211818
206476
201166
195895
190656
185448
180268
175114
169986
164892
159839
154834
149879
144976
140127
135334
130599
125930
121331
116811
112381
1.0821e+06
1.07596e+06
1.06983e+06
1.06371e+06
1.05761e+06
1.05153e+06
1.04547e+06
1.03943e+06
1.03341e+06
1.02741e+06
1.02143e+06
1.01548e+06
1.00955e+06
1.00364e+06
997765
991913
986088
980290
974520
968777
963062
957374
951714
946082
940477
934898
929347
923821
918321
912846
907396
901969
896566
891185
885826
880488
875170
869871
864592
859329
854084
848855
843641
838441
833254
828080
822917
817765
812622
807488
802362
797242
792128
787020
781915
776813
771715
766618
761522
756427
751332
746236
741139
736040
730938
725833
720723
715610
710492
705371
700246
695116
689980
684836
679684
674522
669354
664178
658996
653808
648612
643407
638195
632980
627759
622522
617266
611996
606716
601426
596122
590801
585459
580093
574712
569327
563942
558555
553152
547719
542247
536740
531206
525658
520101
514536
508962
503381
497793
492203
486610
481013
475406
469788
464164
458536
452904
447269
441626
435975
430316
424649
418974
413293
407607
401920
396234
390551
384871
379194
373518
367845
362175
356501
350822
345141
339465
333795
328135
322489
316857
311230
305595
299954
294321
288703
283100
277514
271947
266401
260883
255362
249838
244333
238848
233386
227950
222543
217165
211808
206466
201155
195882
190642
185433
180254
175101
169977
164885
159834
154831
149878
144976
140128
135335
130602
125935
121339
116826
112411
1.08258e+06
1.07644e+06
1.07032e+06
1.06421e+06
1.05811e+06
1.05203e+06
1.04597e+06
1.03993e+06
1.03391e+06
1.02791e+06
1.02193e+06
1.01597e+06
1.01004e+06
1.00413e+06
998249
992392
986561
980756
974978
969227
963503
957806
952137
946494
940879
935290
929727
924190
918679
913193
907731
902293
896878
891486
886116
880766
875437
870128
864837
859564
854309
849069
843845
838636
833440
828257
823086
817925
812775
807633
802500
797373
792252
787137
782025
776917
771813
766710
761609
756509
751410
746310
741211
736109
731005
725897
720786
715671
710554
705433
700310
695184
690051
684907
679753
674590
669418
664241
659060
653872
648672
643465
638252
633035
627810
622563
617293
612006
606711
601405
596086
590753
585399
580022
574632
569240
563851
558463
553061
547626
542150
536641
531107
525561
520007
514445
508877
503302
497722
492138
486551
480957
475354
469740
464118
458494
452867
447234
441594
435945
430289
424625
418953
413274
407590
401905
396221
390539
384860
379183
373506
367832
362159
356487
350810
345129
339452
333782
328122
322475
316841
311213
305580
299941
294309
288692
283091
277505
271937
266390
260870
255349
249827
244323
238838
233377
227942
222535
217158
211801
206458
201146
195873
190631
185422
180243
175092
169969
164880
159831
154829
149876
144975
140128
135336
130604
125938
121345
116837
112437
1.0829e+06
1.07677e+06
1.07064e+06
1.06454e+06
1.05844e+06
1.05237e+06
1.04631e+06
1.04027e+06
1.03424e+06
1.02824e+06
1.02226e+06
1.0163e+06
1.01037e+06
1.00446e+06
998573
992712
986877
981068
975285
969529
963799
958096
952420
946771
941149
935553
929983
924439
918920
913426
907957
902511
897088
891688
886310
880953
875617
870300
865002
859722
854459
849213
843983
838767
833565
828376
823199
818033
812878
807731
802593
797462
792336
787216
782100
776988
771879
766773
761669
756565
751463
746362
741261
736158
731052
725943
720830
715715
710597
705477
700357
695233
690099
684952
679794
674627
669452
664273
659089
653898
648694
643483
638266
633043
627807
622551
617268
611967
606659
601343
596018
590678
585317
579936
574546
569152
563763
558375
552971
547536
542061
536552
531022
525480
519930
514374
508811
503242
497667
492089
486505
480914
475314
469703
464085
458463
452838
447207
441569
435922
430268
424606
418936
413259
407577
401894
396211
390531
384852
379175
373498
367822
362148
356476
350800
345119
339442
333772
328113
322464
316828
311200
305569
299931
294300
288683
283084
277498
271930
266381
260858
255338
249819
244315
238831
233370
227936
222529
217151
211794
206452
201141
195866
190623
185413
180235
175086
169964
164876
159828
154827
149875
144975
140128
135336
130605
125940
121349
116846
112457
1.0831e+06
1.07697e+06
1.07085e+06
1.06475e+06
1.05866e+06
1.05258e+06
1.04652e+06
1.04048e+06
1.03446e+06
1.02846e+06
1.02248e+06
1.01652e+06
1.01058e+06
1.00467e+06
998783
992919
987081
981269
975483
969723
963990
958283
952603
946950
941323
935723
930148
924599
919076
913577
908102
902652
897224
891819
886436
881074
875733
870411
865108
859823
854556
849306
844071
838852
833646
828453
823273
818103
812945
807796
802654
797520
792392
787268
782149
777034
771923
766814
761708
756603
751499
746397
741295
736190
731083
725972
720858
715741
710623
705502
700381
695255
690118
684967
679804
674633
669455
664274
659087
653891
648684
643468
638244
633012
627769
622506
617217
611910
606596
601275
595948
590605
585243
579863
574474
569082
563692
558302
552897
547463
541990
536484
530958
525420
519875
514323
508764
503199
497629
492053
486471
480882
475285
469677
464061
458441
452817
447188
441550
435905
430253
424592
418923
413247
407568
401886
396204
390524
384846
379169
373492
367815
362140
356467
350792
345112
339436
333766
328106
322458
316819
311190
305560
299924
294294
288677
283078
277493
271924
266374
260849
255329
249813
244310
238826
233365
227931
222524
217147
211789
206448
201137
195861
190618
185407
180229
175081
169960
164873
159826
154826
149875
144974
140127
135337
130606
125941
121352
116852
112473
1.08323e+06
1.0771e+06
1.07098e+06
1.06488e+06
1.05879e+06
1.05271e+06
1.04665e+06
1.04061e+06
1.03459e+06
1.02859e+06
1.02261e+06
1.01665e+06
1.01071e+06
1.0048e+06
998909
993045
987205
981391
975603
969841
964106
958397
952714
947059
941429
935826
930248
924697
919170
913668
908191
902737
897307
891898
886512
881147
875803
870478
865172
859884
854615
849362
844125
838903
833695
828500
823317
818146
812986
807835
802693
797557
792427
787302
782181
777064
771951
766841
761733
756627
751523
746420
741315
736209
731101
725988
720872
715754
710634
705510
700385
695256
690116
684961
679794
674620
669441
664257
659067
653868
648658
643438
638208
632969
627721
622456
617167
611860
606542
601221
595894
590551
585189
579812
574425
569034
563644
558250
552843
547410
541940
536437
530916
525382
519840
514291
508735
503173
497604
492029
486449
480861
475266
469659
464045
458426
452803
447174
441537
435893
430242
424582
418915
413240
407561
401881
396200
390520
384842
379165
373488
367811
362134
356461
350786
345107
339431
333762
328102
322453
316813
311183
305553
299920
294290
288673
283073
277489
271920
266370
260842
255323
249809
244307
238823
233362
227927
222521
217143
211786
206445
201134
195858
190614
185403
180225
175077
169958
164871
159825
154825
149874
144974
140127
135337
130606
125942
121353
116856
112485
1.08329e+06
1.07717e+06
1.07105e+06
1.06495e+06
1.05886e+06
1.05278e+06
1.04672e+06
1.04068e+06
1.03466e+06
1.02866e+06
1.02268e+06
1.01672e+06
1.01078e+06
1.00487e+06
998978
993112
987272
981457
975668
969905
964168
958458
952774
947117
941486
935881
930302
924749
919221
913718
908239
902783
897351
891941
886553
881186
875840
870513
865206
859917
854645
849391
844153
838930
833721
828525
823341
818170
813009
807858
802715
797579
792448
787322
782200
777082
771969
766859
761750
756644
751540
746437
741331
736223
731112
725997
720879
715759
710637
705511
700382
695249
690106
684950
679781
674605
669423
664237
659045
653843
648631
643409
638178
632936
627684
622417
617130
611824
606507
601186
595860
590518
585157
579781
574394
569004
563613
558218
552810
547376
541908
536410
530891
525360
519820
514273
508719
503158
497590
492015
486436
480849
475254
469649
464036
458418
452795
447166
441530
435886
430235
424576
418909
413235
407557
401877
396197
390517
384840
379163
373485
367808
362131
356458
350783
345104
339428
333759
328099
322450
316810
311178
305549
299916
294287
288671
283071
277486
271917
266367
260838
255319
249806
244305
238821
233360
227925
222519
217141
211783
206443
201132
195856
190612
185400
180222
175075
169956
164870
159824
154824
149873
144973
140127
135337
130606
125942
121354
116858
112492
1.08332e+06
1.07719e+06
1.07108e+06
1.06497e+06
1.05888e+06
1.05281e+06
1.04675e+06
1.04071e+06
1.03469e+06
1.02869e+06
1.02271e+06
1.01675e+06
1.01081e+06
1.0049e+06
999005
993140
987299
981484
975694
969931
964194
958483
952799
947141
941509
935904
930324
924770
919242
913738
908258
902802
897369
891958
886570
881202
875855
870528
865220
859930
854658
849403
844164
838940
833730
828534
823349
818177
813015
807864
802721
797584
792453
787326
782204
777086
771973
766862
761754
756647
751542
746438
741332
736224
731113
725997
720878
715758
710634
705506
700375
695241
690097
684940
679771
674595
669413
664226
659032
653829
648616
643393
638161
632918
627665
622398
617111
611806
606490
601169
595843
590502
585142
579766
574380
568989
563597
558201
552792
547359
541893
536396
530878
525349
519811
514265
508712
503151
497584
492009
486430
480844
475249
469645
464032
458414
452791
447162
441526
435883
430232
424573
418907
413233
407556
401876
396195
390516
384838
379161
373484
367807
362130
356456
350781
345102
339427
333758
328097
322448
316808
311176
305546
299915
294286
288669
283069
277485
271916
266366
260836
255317
249805
244304
238820
233359
227924
222518
217139
211782
206442
201132
195855
190611
185399
180221
175074
169955
164869
159823
154824
149873
144973
140127
135336
130606
125942
121354
116859
112495
108506
104304
99914.8
95377.7
90708.3
85918.2
81015.4
76005
70895.4
65701.9
60445.3
55146.2
49822.2
44493.7
39188.8
33941.6
28796.3
23813.6
19055.3
14587
10493.1
6871.7
3839.5
1557.55
204.099
108363
104152
99763.4
95229
90563.6
85778
80879.2
75872.4
70766.7
65577.6
60326.2
55032.7
49714.4
44391.7
39092.6
33851.4
28712.7
23737.4
18987.1
14527.2
10442.2
6830.11
3809.01
1538.44
198.077
108235
104000
99605
95070.2
90407.3
85625.4
80730.1
75726.8
70625
65440.5
60194.9
54907.8
49595.8
44279.6
38986.6
33751.4
28619.4
23651.9
18910.3
14460
10385.3
6783.56
3775.18
1517.9
191.839
108129
103868
99463.9
94926.5
90264.6
85485.2
80592.4
75591.8
70493.3
65313
60072.6
54791.3
49485.2
44174.7
38887.1
33657.1
28531.1
23570.7
18837.4
14396.1
10331.2
6739.13
3742.72
1498.33
186.281
108041
103757
99341.9
94800.4
90138.5
85360.4
80469.1
75470.3
70374
65197
59961.4
54685.3
49384.5
44079
38795.6
33569.9
28449.1
23494.8
18769.3
14336.5
10280.6
6697.39
3712.24
1480.19
181.427
107966
103661
99235.3
94688.7
90025.4
85247.4
80356.8
75359.1
70264.7
65090.6
59859.2
54587.6
49291.3
43990
38710.2
33488.4
28372.1
23423.6
18705.3
14280.4
10232.9
6658.08
3683.33
1463.19
177.128
107902
103580
99142.5
94590.2
89924.8
85146
80255.3
75258.4
70165.3
64993.6
59765.7
54497.9
49205.4
43907.6
38631.1
33412.6
28300.3
23357.1
18645.6
14228.1
10188.4
6621.46
3656.23
1447.43
173.326
107847
103509
99060.8
94502.3
89833.7
85053.4
80162.2
75165.7
70073.7
64904.1
59679.1
54414.4
49125.2
43830.4
38556.9
33341.7
28233.3
23295.1
18589.9
14179.4
10147
6587.48
3630.87
1432.75
169.965
107799
103447
98988
94422.7
89750.1
84967.6
80075.6
75079.4
69988.4
64820.6
59597.9
54335.9
49049.4
43757.5
38487
33275
28170.6
23237.5
18538.3
14134.3
10108.7
6556.14
3607.31
1419.14
167.009
107755
103391
98921.4
94349.2
89671.7
84886.4
79993.1
74997.1
69907
64740.7
59520.2
54260.3
48976.4
43687.5
38420.2
33211.9
28111.8
23183.8
18490.3
14092.7
10073.2
6527.32
3585.55
1406.51
164.434
107713
103338
98858.9
94279.4
89596.5
84807.8
79912.9
74916.8
69827.5
64662.8
59444.1
54186.3
48905
43619.3
38355.7
33151.7
28056.4
23133.7
18445.9
14054.2
10040.5
6500.92
3565.61
1394.84
162.223
107672
103286
98798.1
94211.3
89522.8
84730.3
79833.3
74836.8
69748.3
64585
59368.1
54112.6
48834
43551.9
38292.8
33093.8
28004
23086.8
18404.6
14018.7
10010.4
6476.79
3547.46
1384.12
160.362
107630
103234
98737.4
94143.3
89449
84652.6
79753.4
74756.2
69668.4
64506.6
59291.4
54038.2
48762.7
43484.7
38230.8
33037.7
27954.2
23043
18366.4
13986
9982.97
6454.82
3531.06
1374.37
158.84
107585
103180
98675.5
94074.3
89374.4
84573.9
79672.5
74674.7
69587.5
64426.9
59213.4
53962.8
48690.7
43417.3
38169.3
32983
27906.5
23001.9
18330.9
13956
9957.9
6434.87
3516.34
1365.57
157.638
107536
103123
98611.8
94004
89298.7
84494.4
79590.8
74592.2
69505.5
64346.3
59134.5
53886.6
48618.1
43349.9
38108.5
32929.8
27861
22963.2
18297.9
13928.4
9935.09
6416.81
3503.24
1357.75
156.734
107485
103064
98546.3
93932.5
89222.2
84414.3
79508.8
74509.4
69423.3
64265.3
59055.4
53810.2
48545.6
43282.8
38048.5
32878
27817.5
22926.8
18267.3
13903
9914.37
6400.52
3491.67
1350.89
156.097
107431
103004
98480
93860.9
89146.1
84335
79427.6
74427.5
69341.9
64185.3
58977.3
53734.9
48474.2
43217
37990.1
32827.9
27776
22892.7
18239
13879.7
9895.61
6385.89
3481.54
1344.98
155.69
107376
102943
98414.5
93790.6
89071.9
84257.8
79348.6
74347.8
69262.8
64107.7
58901.7
53662
48405.2
43153.7
37933.9
32780
27736.7
22860.7
18212.7
13858.4
9878.67
6372.82
3472.75
1339.99
155.471
107322
102885
98351.9
93723.9
89001.5
84184.7
79273.9
74272.2
69187.8
64034.3
58830.4
53593.3
48340.2
43094
37880.9
32735
27699.8
22830.9
18188.6
13839
9863.45
6361.22
3465.2
1335.86
155.396
107274
102832
98294.9
93663.2
88937.4
84118
79205.3
74202.7
69118.9
63967.1
58765.2
53530.5
48280.9
43039.4
37832.3
32693.5
27665.7
22803.6
18166.6
13821.5
9849.85
6351.01
3458.76
1332.5
155.419
107233
102787
98246.3
93611
88882
84059.9
79145.1
74141.5
69058.1
63907.9
58707.9
53475.4
48228.7
42991.3
37789
32656.2
27634.9
22778.8
18146.8
13805.8
9837.82
6342.1
3453.34
1329.8
155.501
107203
102753
98208.6
93569.7
88837.5
84012.6
79095.3
74090.4
69007.2
63858.5
58660.1
53429.3
48185
42950.6
37751.9
32623.8
27607.8
22756.9
18129.3
13792
9827.32
6334.44
3448.81
1327.68
155.601
107186
102733
98184.2
93541.5
88805.7
83977.6
79057.6
74051.1
68968
63820.2
58623
53393.5
48150.8
42918.3
37721.6
32596.7
27584.8
22738.3
18114.3
13780
9818.34
6328
3445.07
1326.05
155.682
107184
102727
98174.3
93527.5
88787.8
83956.2
79033.1
74024.8
68941.3
63794
58597.5
53368.6
48126.5
42894.7
37698.6
32575.4
27566.4
22723.1
18101.9
13770.1
9810.89
6322.75
3442.02
1324.84
155.713
107196
102735
98179.2
93528.4
88784.6
83949.1
79022.3
74012.1
68927.8
63780.4
58583.9
53354.6
48112.4
42880.1
37683
32560.2
27552.8
22711.7
18092.4
13762.4
9805.02
6318.7
3439.62
1323.99
155.671
107221
102758
98198.5
93543.8
88795.9
83956.1
79025.5
74012.9
68927.3
63779.1
58581.8
53351.2
48107.9
42874
37674.7
32551
27544.1
22704.2
18085.8
13756.8
9800.83
6315.86
3437.81
1323.44
155.537
107257
102793
98230.5
93572.5
88820.7
83976.5
79041.9
74026.6
68939.1
63789.3
58590.4
53357.6
48112.5
42875.9
37673.4
32547.9
27540.4
22700.6
18082.3
13753.6
9798.39
6314.23
3436.56
1323.14
155.309
107307
102841
98277.6
93617
88861.5
84012.7
79073.7
74055.2
68964.6
63812.2
58610.5
53374.4
48126.4
42886.1
37679.1
32550.9
27542
22701.2
18081.9
13752.8
9797.78
6313.87
3435.85
1323.09
154.962
107366
102902
98338.8
93677.3
88919
84065.9
79123
74100.6
69005.9
63849.3
58643.1
53402.4
48150.9
42905.7
37693.3
32561.6
27550.1
22707.1
18085.8
13755.3
9799.81
6315.33
3435.92
1323.38
154.47
107426
102966
98405.1
93744.7
88985.6
84129.9
79184.1
74157.7
69057.8
63895.7
58683.9
53438
48182.3
42932.1
37714.4
32579
27564.3
22718.2
18093.9
13761.4
9804.7
6318.75
3436.98
1324.06
153.907
107481
103027
98470.9
93813.8
89056.1
84200.3
79253.4
74223.3
69117.3
63948.6
58730.1
53478.5
48218.7
42963.7
37741.2
32602.1
27583.8
22733.8
18106
13770.9
9812.58
6324.24
3439.21
1325.24
153.33
107526
103081
98531.2
93879.7
89125.9
84272.9
79326.9
74293.7
69181.6
64005.4
58779.4
53522
48258.3
42999.2
37772.6
32630
27607.7
22753.4
18121.9
13784
9823.51
6331.88
3442.76
1327
152.804
107560
103124
98582.5
93938.5
89191.3
84344
79401.3
74366.1
69247.9
64063.9
58830.1
53567
48299.8
43037.7
37807.8
32661.9
27635.3
22776.6
18141.3
13800.5
9837.55
6341.74
3447.83
1329.46
152.398
107581
103155
98622.9
93988.1
89249.9
84411.2
79473.8
74437.9
69314.2
64122.7
58881.2
53612.7
48342.7
43078.7
37846.2
32697.1
27666.2
22802.9
18164
13820.3
9854.7
6353.9
3454.61
1332.73
152.184
107590
103174
98652
94027.9
89300.7
84472.9
79542.5
74507.4
69379.3
64181
58932.5
53659
48386.9
43122.1
37887.7
32735.3
27700.1
22832.3
18190
13843.5
9874.96
6368.41
3463.31
1336.93
152.23
107589
103184
98671.7
94059.1
89344.1
84528.8
79606.3
74573.2
69442.4
64238.6
58984.1
53706.3
48432.6
43167.9
37932
32776.4
27736.9
22864.7
18219.4
13870.1
9898.3
6385.32
3474.07
1342.13
152.599
107582
103187
98685.2
94084.2
89381.8
84579.3
79665.3
74635.3
69503.4
64295.9
59037
53755.2
48480.7
43216.7
37979.6
32820.6
27776.9
22900.6
18252.2
13900.1
9924.76
6404.68
3487.07
1348.42
153.347
107575
103189
98696.4
94106.2
89416.3
84626
79720.4
74694.4
69563.2
64354.1
59092.2
53807.2
48532.1
43269
38030.8
32868.4
27820.6
22940.2
18288.8
13933.5
9954.33
6426.55
3502.42
1355.84
154.525
107572
103193
98710.2
94129.3
89450.5
84671.2
79773.8
74752.3
69623.5
64414.8
59151.4
53863.9
48588.2
43325.6
38086.3
32920.4
27868.7
22984.2
18329.5
13970.5
9986.96
6451.01
3520.19
1364.46
156.177
107579
103207
98731.5
94158.2
89488.6
84718
79828.1
74811.9
69686.6
64479.8
59216.3
53927.2
48650.6
43387.5
38147
32977.4
27921.8
23033.2
18374.7
14011.3
10022.7
6478.18
3540.41
1374.31
158.338
107598
103233
98764.9
94198.1
89535.1
84770.7
79886.8
74875.9
69755.1
64551.5
59288.7
53998.9
48720.6
43455.9
38213.7
33040.3
27980.6
23087.8
18424.7
14056.1
10061.5
6508.25
3563.08
1385.44
161.036
107632
103275
98814.8
94253.6
89595
84833.3
79953.9
74947.8
69831.7
64631.6
59370.4
54080.8
48799.2
43531.7
38287.5
33109.8
28045.8
23148.4
18479.9
14105.1
10103.5
6541.32
3588.16
1397.87
164.296
107680
103333
98881.2
94325.6
89669
84906.8
80029.5
75027.1
69915
64717.7
59458.8
54169.7
48883.6
43612.4
38365.6
33183.5
28114.9
23212.5
18538
14156.2
10146.8
6575.87
3614.35
1411
167.977
107737
103402
98958.6
94408.9
89752.8
84987.6
80110.6
75110.6
70000.8
64805.1
59548.5
54259.8
48968.5
43693.2
38443.6
33256.8
28183.7
23276.2
18595.5
14206.4
10188.8
6609.73
3639.93
1424
171.826
107799
103477
99043.2
94499.6
89843.1
85073.4
80195.4
75196.6
70087.7
64892.5
59638
54349.2
49052
43772.7
38520.1
33328.7
28251
23338.3
18651.3
14254.8
10228.9
6642.37
3664.45
1436.69
175.748
107863
103557
99131.9
94594.4
89936.8
85161.9
80282.2
75283.5
70174.4
64979
59725.9
54436.4
49133.3
43849.8
38594.1
33398.4
28315.9
23398.1
18705.1
14301.2
10266.9
6673.59
3687.76
1449.01
179.685
107929
103638
99222.2
94690.2
90031.2
85251
80369.1
75369.5
70259.8
65063.8
59811.4
54520.4
49211.7
43923.9
38665
33465.2
28378.1
23455.1
18756.2
14345.2
10303
6703.28
3709.79
1460.89
183.591
107995
103719
99312.3
94784.6
90124
85338.9
80454.5
75453.5
70342.8
65146.1
59893.5
54600.4
49286.7
43994.7
38732.6
33528.7
28437.1
23509.2
18804.6
14386.8
10336.9
6731.4
3730.52
1472.29
187.43
108059
103800
99400.7
94876
90213.5
85424.4
80537.2
75534.5
70422.6
65225.1
59971.7
54676
49358
44061.8
38796.4
33588.8
28492.7
23560.1
18850.2
14425.9
10368.9
6757.92
3749.95
1483.16
191.177
108123
103879
99486.4
94963.3
90298.8
85506.4
80616.3
75611.7
70498.8
65300.5
60045.5
54747
49425.3
44125.1
38856.3
33645.1
28544.8
23607.8
18892.8
14462.6
10398.8
6782.82
3768.07
1493.45
194.81
108185
103956
99568.7
95045.9
90379.4
85584.4
80691.3
75684.9
70571
65371.8
60114.9
54813.3
49488.4
44184.4
38912.2
33697.8
28593.4
23652.2
18932.4
14496.7
10426.8
6806.1
3784.94
1503.13
198.315
108246
104030
99647
95123.6
90455.3
85658
80761.9
75754
70639.2
65438.8
60179.7
54875.3
49547.4
44239.7
38964.3
33746.8
28638.5
23693.5
18969.1
14528.5
10452.9
6827.76
3800.55
1512.16
201.677
108307
104102
99721.2
95196.5
90526.6
85727.2
80828.4
75819.1
70703.2
65501.5
60240.1
54933
49602.3
44291.2
39012.6
33792.3
28680.4
23731.8
19003.2
14558
10477.2
6847.88
3814.97
1520.58
204.888
108366
104171
99791.1
95264.8
90593.3
85792
80890.5
75879.8
70762.8
65559.7
60296
54986.5
49653.2
44339
39057.3
33834.4
28719.1
23767.2
19034.5
14585.3
10499.7
6866.5
3828.21
1528.43
207.929
108426
104237
99857.2
95329
90656
85852.8
80949
75936.9
70818.5
65613.9
60348
55036.2
49700.3
44383.3
39098.7
33873.3
28754.8
23799.9
19063.5
14610.7
10520.6
6883.79
3840.48
1535.78
210.809
108485
104300
99919
95388.9
90714.4
85909.4
81003.4
75989.7
70869.8
65663.6
60395.8
55081.9
49743.7
44424.2
39136.8
33909.1
28787.6
23830
19090.1
14634.1
10540
6899.74
3851.68
1542.59
213.453
108535
104350
99967.1
95435.3
90759.7
85953.3
81045.7
76030.6
70909.6
65701.9
60432.5
55117.1
49777
44455.6
39166
33936.5
28812.7
23852.9
19110.4
14652.1
10554.9
6912.13
3860.41
1548.02
215.602
)
;

boundaryField
{
    inlet
    {
        type            calculated;
        value           nonuniform List<scalar> 
30
(
1.33169e+06
1.33174e+06
1.33185e+06
1.33203e+06
1.33232e+06
1.33267e+06
1.33313e+06
1.33371e+06
1.3344e+06
1.33525e+06
1.33624e+06
1.33731e+06
1.33856e+06
1.34032e+06
1.34276e+06
1.34573e+06
1.34926e+06
1.35318e+06
1.35626e+06
1.35535e+06
1.35397e+06
1.35235e+06
1.35097e+06
1.34979e+06
1.34877e+06
1.348e+06
1.34745e+06
1.3471e+06
1.34686e+06
1.34676e+06
)
;
    }
    outlet
    {
        type            calculated;
        value           uniform 0;
    }
    upperWall
    {
        type            calculated;
        value           nonuniform List<scalar> 
223
(
1.34676e+06
1.32671e+06
1.30601e+06
1.28601e+06
1.26687e+06
1.24862e+06
1.23126e+06
1.21478e+06
1.19915e+06
1.18435e+06
1.17032e+06
1.15704e+06
1.14447e+06
1.13258e+06
1.12132e+06
1.11066e+06
1.10057e+06
1.09102e+06
1.08332e+06
1.07719e+06
1.07108e+06
1.06497e+06
1.05888e+06
1.05281e+06
1.04675e+06
1.04071e+06
1.03469e+06
1.02869e+06
1.02271e+06
1.01675e+06
1.01081e+06
1.0049e+06
999005
993140
987299
981484
975694
969931
964194
958483
952799
947141
941509
935904
930324
924770
919242
913738
908258
902802
897369
891958
886570
881202
875855
870528
865220
859930
854658
849403
844164
838940
833730
828534
823349
818177
813015
807864
802721
797584
792453
787326
782204
777086
771973
766862
761754
756647
751542
746438
741332
736224
731113
725997
720878
715758
710634
705506
700375
695241
690097
684940
679771
674595
669413
664226
659032
653829
648616
643393
638161
632918
627665
622398
617111
611806
606490
601169
595843
590502
585142
579766
574380
568989
563597
558201
552792
547359
541893
536396
530878
525349
519811
514265
508712
503151
497584
492009
486430
480844
475249
469645
464032
458414
452791
447162
441526
435883
430232
424573
418907
413233
407556
401876
396195
390516
384838
379161
373484
367807
362130
356456
350781
345102
339427
333758
328097
322448
316808
311176
305546
299915
294286
288669
283069
277485
271916
266366
260836
255317
249805
244304
238820
233359
227924
222518
217139
211782
206442
201132
195855
190611
185399
180221
175074
169955
164869
159823
154824
149873
144973
140127
135336
130606
125942
121354
116859
112495
108535
104350
99967.1
95435.3
90759.7
85953.3
81045.7
76030.6
70909.6
65701.9
60432.5
55117.1
49777
44455.6
39166
33936.5
28812.7
23852.9
19110.4
14652.1
10554.9
6912.13
3860.41
1548.02
215.602
)
;
    }
    lowerWall
    {
        type            calculated;
        value           nonuniform List<scalar> 
250
(
1.33169e+06
1.31218e+06
1.29178e+06
1.27173e+06
1.25219e+06
1.2332e+06
1.21477e+06
1.19689e+06
1.17952e+06
1.16263e+06
1.14617e+06
1.13006e+06
1.11423e+06
1.09855e+06
1.08286e+06
1.0669e+06
1.05019e+06
1.03155e+06
872238
872553
873186
874142
875427
877049
879016
881344
884045
887134
890637
894584
899016
903986
909562
916020
923177
930403
937666
944956
952274
959641
967096
974708
982627
991148
1.00045e+06
872238
872169
872028
871815
871530
871172
870740
870232
869646
868982
868237
867411
866504
865514
864440
863284
862043
860718
859309
857816
856239
854580
852838
851015
849111
847129
845068
842929
840713
838423
836057
833618
831106
828521
825865
823138
820343
817481
814553
811562
808509
805392
802214
798975
795676
792318
788901
785428
781897
778310
774667
770967
767214
763411
759561
755662
751712
747712
743665
739576
735444
731269
727052
722795
718492
714142
709745
705308
700834
696326
691785
687209
682597
677948
673259
668529
663757
658945
654098
649212
644289
639337
634357
629353
624324
619272
614195
609094
603969
598822
593654
588465
583257
578031
572787
567526
562247
556950
551634
546296
540934
535548
530141
524716
519275
513821
508359
502889
497411
491924
486428
480920
475393
469846
464277
458686
453073
447437
441781
436108
430423
424731
419036
413343
407653
401968
396287
390611
384939
379271
373603
367937
362270
356603
350937
345272
339611
333952
328297
322645
316998
311357
305724
300097
294475
288857
283244
277638
272044
266465
260904
255364
249846
244349
238871
233410
227966
222541
217138
211759
206408
201086
195798
190545
185327
180145
175001
169898
164836
159816
154838
149904
145016
140176
135390
130662
125999
121412
116914
112540
108506
104304
99914.8
95377.7
90708.3
85918.2
81015.4
76005
70895.4
65701.9
60445.3
55146.2
49822.2
44493.7
39188.8
33941.6
28796.3
23813.6
19055.3
14587
10493.1
6871.7
3839.5
1557.55
204.099
)
;
    }
    frontAndBack
    {
        type            empty;
    }
}


// ************************************************************************* //
