/*--------------------------------*- C++ -*----------------------------------*\
| =========                 |                                                 |
| \\      /  F ield         | OpenFOAM: The Open Source CFD Toolbox           |
|  \\    /   O peration     | Version:  2112                                  |
|   \\  /    A nd           | Website:  www.openfoam.com                      |
|    \\/     M anipulation  |                                                 |
\*---------------------------------------------------------------------------*/
FoamFile
{
    version     2.0;
    format      ascii;
    arch        "LSB;label=32;scalar=64";
    class       volScalarField;
    location    "0.08";
    object      s;
}
// * * * * * * * * * * * * * * * * * * * * * * * * * * * * * * * * * * * * * //

dimensions      [0 0 0 0 0 0 0];

internalField   nonuniform List<scalar> 
12225
(
1
1
1
1
1
1
1
1
1
1
1
1
1
1
1
1
1
1
1
1
1
1
1
1
1
1
1
1
1
1
1
1
1
1
1
1
1
1
1
1
1
1
1
1
1
1
1
1
1
1
1
1
1
1
1
1
1
1
1
1
1
1
1
1
1
1
1
1
1
1
1
1
1
1
1
1
1
1
1
1
1
1
1
1
1
1
1
1
1
1
1
1
1
1
1
1
1
1
1
1
1
1
1
1
1
1
1
1
1
1
1
1
1
1
1
1
1
1
1
1
1
1
1
1
1
1
1
1
1
1
1
1
1
1
1
1
1
1
1
1
1
1
1
1
1
1
1
1
1
1
1
1
1
1
1
1
1
1
1
1
1
1
1
1
1
1
1
1
1
1
1
1
1
1
1
1
1
1
1
1
1
1
1
1
1
1
1
1
1
1
1
1
1
1
1
1
1
1
1
1
1
1
1
1
1
1
1
1
1
1
1
1
1
1
1
1
1
1
1
1
1
1
1
1
1
1
1
1
1
1
1
1
1
1
1
1
1
1
1
1
1
1
1
1
1
1
1
1
1
1
1
1
1
1
1
1
1
1
1
1
1
1
1
1
1
1
1
1
1
1
1
1
1
1
1
1
1
1
1
1
1
1
1
1
1
1
1
1
1
1
1
1
1
1
1
1
1
1
1
1
1
1
1
1
1
1
1
1
1
1
1
1
1
1
1
1
1
1
1
1
1
1
1
1
1
1
1
1
1
1
1
1
1
1
1
1
1
1
1
1
1
1
1
1
1
1
1
1
1
1
1
1
1
1
1
1
1
1
1
1
1
1
1
1
1
1
1
1
1
1
1
1
1
1
1
1
1
1
1
1
1
1
1
1
1
1
1
1
1
1
1
1
1
1
1
1
1
1
1
1
1
1
1
1
1
1
1
1
1
1
1
1
1
1
1
1
1
1
1
1
1
1
1
1
1
1
1
1
1
1
1
1
1
1
1
1
1
1
1
1
1
1
1
1
1
1
1
1
1
1
1
1
1
1
1
1
1
1
1
1
1
1
1
1
1
1
1
1
1
1
1
1
1
1
1
1
1
1
1
1
1
1
1
1
1
1
1
1
1
1
1
1
1
1
1
1
1
1
1
1
1
1
1
1
1
1
1
1
1
1
1
1
1
1
1
1
1
1
1
1
1
1
1
1
1
1
1
1
1
1
1
1
1
1
1
1
1
1
1
1
0.719561
0.718255
0.715604
0.71572
0.715986
0.718398
0.720556
0.720247
0.718615
0.713955
0.712623
0.72251
0.800781
0.849338
0.844896
0.827003
0.825458
0.816907
0.790817
0.784222
0.797841
0.811229
0.818092
0.827141
0.833202
0.838881
0.844033
0.847481
0.849114
0.849517
0.849575
0.849364
0.848103
0.84549
0.84163
0.836409
0.829862
0.822533
0.815082
0.80817
0.802243
0.797576
0.793951
0.791094
0.788786
0.787256
0.785872
0.785111
0.784758
0.784849
0.785106
0.785663
0.786868
0.788387
0.789988
0.792211
0.794721
0.795878
0.793003
0.763236
0.747331
0.752195
0.752786
0.753183
0.753967
0.755528
0.758679
0.759842
0.759317
0.757833
0.755826
0.754057
0.749542
0.730602
0.711885
0.709335
0.713698
0.717287
0.716881
0.714447
0.715596
0.725741
0.768798
0.864054
0.901278
0.907158
0.909135
0.911055
0.913068
0.915249
0.917403
0.919447
0.921442
0.923036
0.924391
0.925386
0.926069
0.926575
0.926961
0.927243
0.927371
0.927439
0.92745
0.927446
0.927416
0.927334
0.927177
0.926967
0.926838
0.926674
0.926424
0.92624
0.926078
0.925882
0.925642
0.925432
0.925241
0.92505
0.92488
0.924717
0.92444
0.924166
0.923819
0.923494
0.922903
0.922102
0.921088
0.91961
0.917641
0.915203
0.912149
0.908422
0.90399
0.898787
0.89273
0.885735
0.877736
0.868795
0.859278
0.849824
0.841439
0.835174
0.831021
0.82881
0.828122
0.828095
0.828519
0.830067
0.831933
0.833628
0.835102
0.83626
0.837033
0.837435
0.837572
0.837582
0.837552
0.837492
0.837489
0.837646
0.838428
0.840809
0.843124
0.84515
0.847364
0.849856
0.852082
0.853681
0.855484
0.857735
0.859345
0.859737
0.859837
0.860487
0.862361
0.864379
0.868543
0.87209
0.876031
0.878964
0.717766
0.722993
0.73573
0.745646
0.751772
0.768828
0.779653
0.776903
0.762596
0.759863
0.756046
0.778702
0.835849
0.848314
0.823214
0.791467
0.793079
0.79616
0.797411
0.807206
0.832268
0.843459
0.85528
0.864459
0.869031
0.8731
0.874585
0.875049
0.874897
0.872753
0.868261
0.862798
0.85622
0.846789
0.835802
0.8236
0.810831
0.798905
0.78901
0.782722
0.779776
0.77811
0.776812
0.775164
0.773897
0.773361
0.773071
0.77294
0.773054
0.773732
0.773899
0.773961
0.773865
0.774552
0.776737
0.780748
0.787517
0.794043
0.793564
0.782745
0.757298
0.750049
0.755444
0.757531
0.761004
0.76743
0.776583
0.785593
0.783877
0.779887
0.771519
0.764601
0.760298
0.750861
0.735234
0.73099
0.733427
0.742353
0.742609
0.735538
0.731334
0.767193
0.881604
0.903771
0.913042
0.917492
0.921177
0.924174
0.926531
0.928252
0.929881
0.930974
0.93189
0.932404
0.932776
0.932943
0.933024
0.93305
0.932994
0.932787
0.932529
0.932073
0.931511
0.93097
0.930263
0.929432
0.928545
0.927735
0.927088
0.926549
0.926056
0.925845
0.925602
0.925458
0.925254
0.925028
0.924785
0.924558
0.92435
0.924499
0.924843
0.925373
0.926281
0.927767
0.929903
0.932803
0.936564
0.941221
0.946336
0.950736
0.954145
0.957094
0.959615
0.961552
0.962877
0.963649
0.963908
0.963682
0.961999
0.957384
0.948729
0.934031
0.912519
0.886496
0.864363
0.851044
0.84532
0.844178
0.844439
0.845855
0.848041
0.850274
0.852818
0.85565
0.858523
0.86115
0.863363
0.865116
0.866404
0.867232
0.86763
0.867678
0.867239
0.865063
0.862915
0.862201
0.862192
0.862559
0.863989
0.868349
0.874997
0.880735
0.883119
0.883072
0.88238
0.880545
0.878795
0.878358
0.878486
0.879592
0.738665
0.75643
0.774928
0.783369
0.78645
0.793512
0.811422
0.817139
0.814421
0.812533
0.806847
0.812972
0.829324
0.798534
0.795202
0.795859
0.804653
0.821006
0.842307
0.858699
0.868178
0.872742
0.876369
0.877836
0.878456
0.87865
0.878591
0.87795
0.876665
0.874849
0.872172
0.868132
0.862229
0.854331
0.844777
0.833718
0.821674
0.810264
0.80175
0.797239
0.792939
0.788364
0.785036
0.780635
0.777767
0.776648
0.776202
0.776134
0.776939
0.777375
0.777531
0.777056
0.775143
0.774367
0.775388
0.778496
0.784982
0.790854
0.792591
0.785799
0.771838
0.755087
0.757023
0.764963
0.783028
0.806016
0.814951
0.808963
0.795401
0.787065
0.781317
0.773404
0.767115
0.758922
0.751977
0.750806
0.753838
0.757922
0.755143
0.747172
0.805207
0.891748
0.917702
0.92543
0.929587
0.932578
0.934075
0.93489
0.935229
0.935299
0.934934
0.934206
0.933567
0.932837
0.932339
0.931939
0.931747
0.931397
0.930922
0.930401
0.929534
0.928381
0.926844
0.924468
0.921533
0.918657
0.916183
0.913898
0.911837
0.91082
0.91047
0.910443
0.911168
0.912542
0.913876
0.914898
0.91585
0.916222
0.91628
0.91543
0.913975
0.911813
0.908729
0.905185
0.90245
0.899948
0.897803
0.896225
0.896328
0.899278
0.905928
0.915293
0.926864
0.938703
0.948508
0.955849
0.961702
0.96615
0.969566
0.972136
0.973921
0.974886
0.97509
0.974535
0.96983
0.948002
0.900617
0.868125
0.85165
0.845829
0.845075
0.846289
0.850557
0.854504
0.857796
0.860354
0.861921
0.862553
0.862652
0.862592
0.862278
0.861145
0.859217
0.857794
0.856922
0.856358
0.85596
0.855813
0.856064
0.858013
0.865651
0.881381
0.895884
0.905371
0.908445
0.908326
0.906863
0.901833
0.894801
0.8884
0.769748
0.780886
0.784368
0.786855
0.788173
0.790814
0.798856
0.808791
0.810711
0.816377
0.81673
0.811874
0.802521
0.799322
0.802985
0.820032
0.843787
0.855454
0.864519
0.869984
0.872695
0.874487
0.875245
0.875436
0.875341
0.875344
0.875747
0.876944
0.878434
0.879919
0.881119
0.881833
0.882523
0.88274
0.882747
0.881657
0.878499
0.872912
0.863871
0.850613
0.835845
0.822139
0.810126
0.800009
0.788981
0.783897
0.780883
0.779219
0.778595
0.778502
0.779016
0.779201
0.779461
0.779642
0.780705
0.784208
0.7876
0.789096
0.788964
0.780737
0.764704
0.761166
0.781072
0.819429
0.852513
0.849203
0.831742
0.807027
0.786135
0.773682
0.767636
0.764518
0.761228
0.757593
0.756318
0.759618
0.768941
0.769307
0.773937
0.830057
0.899287
0.923413
0.93109
0.934163
0.935717
0.936395
0.936577
0.936568
0.936132
0.935455
0.93462
0.933339
0.932406
0.932069
0.932005
0.932223
0.932648
0.933128
0.933289
0.932685
0.929937
0.925041
0.918389
0.909898
0.899957
0.889846
0.882116
0.876635
0.873187
0.871614
0.871218
0.872185
0.87603
0.881898
0.889021
0.8966
0.905076
0.911262
0.916324
0.919867
0.922339
0.924127
0.924953
0.924465
0.920559
0.914418
0.906102
0.896903
0.888096
0.881401
0.876096
0.872492
0.871027
0.873546
0.884303
0.901492
0.919928
0.935787
0.947793
0.956931
0.963629
0.968595
0.972609
0.976728
0.98066
0.981862
0.980762
0.97422
0.950406
0.900203
0.867231
0.850391
0.843925
0.843089
0.844584
0.850924
0.855541
0.8572
0.857503
0.85738
0.856877
0.856373
0.855355
0.854051
0.853042
0.852444
0.852181
0.852146
0.852369
0.853596
0.857859
0.871439
0.893858
0.915687
0.933661
0.943987
0.946213
0.945515
0.941234
0.92302
0.777394
0.785008
0.784591
0.783735
0.783454
0.782873
0.785971
0.795861
0.809115
0.815323
0.811327
0.805164
0.804026
0.809391
0.832643
0.849929
0.857777
0.861766
0.865212
0.866614
0.866621
0.863426
0.859181
0.857303
0.856453
0.856303
0.857664
0.861814
0.866506
0.871392
0.877143
0.88188
0.884624
0.886477
0.888783
0.891457
0.894154
0.895869
0.896438
0.895812
0.891422
0.883678
0.868479
0.846187
0.825773
0.804999
0.795657
0.787039
0.783012
0.781265
0.780664
0.780664
0.78133
0.782327
0.782678
0.782777
0.781892
0.776777
0.77174
0.771105
0.785274
0.825685
0.870324
0.887567
0.88553
0.863236
0.839185
0.819066
0.79729
0.779832
0.769298
0.766746
0.776388
0.791968
0.803628
0.805615
0.801989
0.815584
0.86004
0.906482
0.925918
0.932632
0.934961
0.935887
0.936283
0.936385
0.936221
0.93569
0.934681
0.933165
0.932046
0.931596
0.931627
0.932499
0.93332
0.935189
0.936322
0.936362
0.933876
0.927702
0.918578
0.902558
0.883882
0.87172
0.86365
0.855146
0.846454
0.839412
0.834103
0.83057
0.828736
0.828087
0.828066
0.829989
0.832981
0.83854
0.847179
0.859757
0.875877
0.891965
0.904492
0.915828
0.924094
0.93012
0.933868
0.935761
0.936597
0.934932
0.928674
0.916103
0.899947
0.882348
0.86797
0.858533
0.852753
0.850755
0.853693
0.86994
0.89663
0.922419
0.941698
0.954412
0.96189
0.965517
0.968733
0.975014
0.981968
0.984843
0.984379
0.980062
0.963965
0.9174
0.878191
0.858055
0.848368
0.843321
0.841601
0.841452
0.84218
0.846186
0.85123
0.85371
0.854477
0.854524
0.854232
0.853694
0.853586
0.853685
0.854243
0.856061
0.861324
0.877762
0.902381
0.923392
0.94248
0.958868
0.968759
0.971396
0.970963
0.965312
0.779403
0.785309
0.782955
0.783391
0.784443
0.785665
0.78944
0.799783
0.806456
0.808147
0.807
0.807103
0.814538
0.837485
0.849551
0.854801
0.857219
0.858212
0.85668
0.850631
0.846796
0.842987
0.841585
0.840991
0.840834
0.84124
0.84312
0.845961
0.849331
0.853717
0.859348
0.865562
0.872221
0.879165
0.885467
0.890279
0.8943
0.898529
0.902133
0.904323
0.906472
0.908054
0.908636
0.906006
0.897225
0.880451
0.852298
0.830636
0.8096
0.798993
0.791766
0.785878
0.78208
0.780068
0.779102
0.778943
0.781116
0.788898
0.810126
0.849501
0.889905
0.904306
0.907925
0.907162
0.907673
0.91001
0.903811
0.894532
0.884905
0.875096
0.867522
0.863151
0.86141
0.861647
0.860095
0.86176
0.870841
0.891087
0.915271
0.927502
0.932515
0.934273
0.934997
0.935309
0.935064
0.934237
0.93292
0.931672
0.930727
0.93033
0.930292
0.931141
0.932205
0.934256
0.937959
0.939755
0.939721
0.936785
0.92888
0.91391
0.896278
0.888655
0.882553
0.874301
0.867285
0.863029
0.856994
0.847768
0.838865
0.830872
0.826088
0.823749
0.82267
0.822389
0.822685
0.824184
0.827295
0.832362
0.841077
0.855426
0.87414
0.890455
0.904511
0.916168
0.92584
0.933301
0.93807
0.941
0.942537
0.942966
0.941664
0.935849
0.920124
0.895164
0.8687
0.849595
0.83891
0.834547
0.834764
0.844663
0.877515
0.913808
0.94061
0.956714
0.964927
0.968367
0.970513
0.975287
0.98321
0.986384
0.986007
0.982174
0.970228
0.93577
0.892894
0.867548
0.85348
0.846894
0.845395
0.845587
0.846307
0.848108
0.851251
0.854095
0.855923
0.856907
0.857573
0.858573
0.860623
0.865034
0.875531
0.902782
0.934265
0.957169
0.971709
0.980724
0.985653
0.986932
0.986762
0.984568
0.780399
0.784333
0.783843
0.786345
0.789247
0.792285
0.796834
0.803151
0.806375
0.807906
0.809747
0.818091
0.838775
0.847693
0.851198
0.852495
0.851348
0.846253
0.842845
0.839974
0.838797
0.838243
0.838112
0.838171
0.838728
0.839749
0.841208
0.843112
0.845575
0.848811
0.8526
0.857075
0.862782
0.869264
0.875679
0.881911
0.88791
0.893793
0.899479
0.904191
0.907492
0.910596
0.915031
0.917934
0.919999
0.920673
0.917902
0.911343
0.899629
0.885518
0.875667
0.866376
0.861923
0.860038
0.859897
0.867174
0.873794
0.887003
0.903104
0.912432
0.918187
0.922396
0.924967
0.92624
0.926344
0.924645
0.920598
0.916151
0.912423
0.908762
0.905179
0.901391
0.899214
0.898278
0.899264
0.903488
0.911248
0.922233
0.928635
0.931623
0.932932
0.933497
0.933209
0.931804
0.930446
0.929508
0.929034
0.928817
0.928775
0.929253
0.930116
0.931545
0.933986
0.938863
0.942526
0.942953
0.941376
0.934798
0.921402
0.906819
0.900981
0.899499
0.902714
0.912367
0.916578
0.918016
0.915026
0.904296
0.891137
0.868618
0.845859
0.834335
0.827296
0.824509
0.823703
0.823918
0.825921
0.829543
0.836137
0.848216
0.867897
0.886048
0.901084
0.913051
0.922337
0.929408
0.934794
0.938816
0.941809
0.943945
0.945243
0.945656
0.945336
0.94273
0.932752
0.904299
0.868657
0.841915
0.827726
0.822583
0.822797
0.832628
0.871067
0.91541
0.944755
0.960969
0.968345
0.971035
0.973241
0.978862
0.985861
0.988401
0.988
0.984595
0.974325
0.945829
0.919063
0.899656
0.884779
0.874365
0.866944
0.863135
0.862411
0.862556
0.86317
0.864758
0.868066
0.871477
0.876558
0.887205
0.913785
0.942696
0.963671
0.977457
0.986153
0.991268
0.993716
0.99432
0.994293
0.993641
0.780866
0.784484
0.785203
0.789262
0.792718
0.796404
0.800524
0.804449
0.807873
0.812006
0.822586
0.838995
0.845707
0.848054
0.848677
0.846895
0.844404
0.841905
0.840483
0.839524
0.839244
0.83928
0.839807
0.840206
0.841053
0.842054
0.843188
0.844202
0.844882
0.845795
0.847456
0.850203
0.85421
0.860043
0.867695
0.875919
0.882296
0.888376
0.893882
0.897617
0.902265
0.906067
0.910838
0.916145
0.921553
0.92586
0.928022
0.930062
0.931017
0.93106
0.929886
0.92867
0.927099
0.925953
0.924533
0.923487
0.923057
0.922943
0.922908
0.925745
0.93047
0.931965
0.932633
0.932795
0.932659
0.93134
0.928192
0.924597
0.922528
0.920522
0.91875
0.917691
0.917268
0.917776
0.919093
0.922228
0.92505
0.92884
0.930398
0.931136
0.931322
0.929641
0.92832
0.927668
0.927326
0.927226
0.927499
0.927809
0.928363
0.92917
0.930424
0.932873
0.937931
0.944499
0.946039
0.945716
0.942022
0.932501
0.918901
0.913605
0.914553
0.927785
0.939634
0.944263
0.946338
0.946961
0.946762
0.944463
0.940313
0.930709
0.91077
0.873286
0.847608
0.835857
0.831284
0.829911
0.82969
0.831546
0.836601
0.847753
0.867745
0.887842
0.905888
0.919863
0.929702
0.935395
0.938709
0.940615
0.941989
0.943302
0.944581
0.945541
0.945963
0.946192
0.945812
0.943397
0.933389
0.899832
0.858141
0.830552
0.81726
0.813859
0.815724
0.832498
0.883565
0.927656
0.953647
0.966448
0.971293
0.973536
0.978053
0.984904
0.989824
0.991109
0.990503
0.9874
0.977467
0.967844
0.961253
0.952909
0.944353
0.934749
0.923251
0.913869
0.910498
0.910619
0.912278
0.916676
0.926733
0.948544
0.968293
0.981207
0.988562
0.992727
0.995291
0.99682
0.997501
0.997638
0.99772
0.997748
0.781021
0.784793
0.786165
0.791305
0.795041
0.798219
0.802797
0.807328
0.813656
0.826088
0.839216
0.844892
0.846929
0.847428
0.84704
0.845474
0.843981
0.843247
0.843323
0.844766
0.84778
0.849562
0.850703
0.85113
0.85117
0.849718
0.848342
0.846181
0.84508
0.844586
0.844255
0.844097
0.844086
0.844418
0.846645
0.85226
0.861768
0.873558
0.885787
0.89233
0.898894
0.902692
0.905552
0.908445
0.912191
0.918777
0.926051
0.929702
0.933771
0.935451
0.936907
0.937809
0.938517
0.938903
0.939435
0.93991
0.940301
0.940789
0.940987
0.94051
0.939814
0.939797
0.940264
0.940257
0.939533
0.937202
0.933432
0.930019
0.927608
0.926158
0.924937
0.924404
0.924217
0.92443
0.925364
0.926695
0.927612
0.928741
0.929167
0.928049
0.926639
0.925873
0.925684
0.925683
0.92624
0.926681
0.92721
0.927742
0.928482
0.929543
0.931575
0.935771
0.944303
0.948648
0.949384
0.948379
0.943437
0.932591
0.92377
0.923568
0.931573
0.944483
0.949195
0.9508
0.951359
0.951537
0.951638
0.951822
0.951578
0.949731
0.943459
0.927875
0.889927
0.85711
0.844707
0.840512
0.840132
0.840937
0.845288
0.856946
0.879874
0.904645
0.925558
0.938448
0.944251
0.946789
0.947807
0.948011
0.947902
0.947469
0.946763
0.946123
0.944801
0.943608
0.944116
0.944703
0.944243
0.9404
0.923201
0.87704
0.838368
0.816608
0.808661
0.808323
0.815505
0.853393
0.909986
0.945534
0.963837
0.970906
0.973823
0.979125
0.985415
0.990375
0.993469
0.994008
0.993511
0.991756
0.989386
0.987444
0.986233
0.984731
0.980957
0.973354
0.968697
0.967852
0.968278
0.970019
0.975339
0.984379
0.991059
0.994872
0.996813
0.997859
0.998517
0.998892
0.999046
0.999096
0.999183
0.999319
0.78104
0.785052
0.786674
0.792261
0.796568
0.800726
0.805973
0.814107
0.825103
0.837914
0.844033
0.846526
0.847331
0.847523
0.847257
0.846701
0.846989
0.849911
0.854835
0.858779
0.861916
0.863968
0.864813
0.865084
0.865064
0.864245
0.863172
0.861282
0.85838
0.854731
0.85011
0.84715
0.844727
0.842175
0.840348
0.839407
0.839051
0.840091
0.848357
0.865788
0.883634
0.897088
0.903576
0.907091
0.909116
0.911609
0.914769
0.917969
0.926105
0.931624
0.93515
0.937378
0.939021
0.940003
0.941348
0.942483
0.943433
0.944545
0.945721
0.946513
0.947165
0.947446
0.946992
0.946002
0.944888
0.943502
0.940853
0.936487
0.932335
0.929646
0.927814
0.926593
0.926082
0.925974
0.92611
0.926538
0.926771
0.926589
0.925069
0.923764
0.923337
0.923993
0.924453
0.925363
0.92608
0.926824
0.927553
0.928351
0.929606
0.931377
0.934546
0.941242
0.949121
0.952342
0.95277
0.951415
0.945925
0.934792
0.929876
0.931091
0.940607
0.949181
0.951234
0.951604
0.951599
0.95129
0.951205
0.952224
0.953085
0.953606
0.952586
0.946737
0.928494
0.88327
0.859124
0.850066
0.849319
0.851048
0.857313
0.87557
0.905385
0.928494
0.940208
0.945761
0.948194
0.949156
0.949451
0.949439
0.949315
0.949037
0.948697
0.948086
0.946692
0.942485
0.938714
0.938498
0.940196
0.941192
0.939892
0.930198
0.891031
0.844775
0.817324
0.805706
0.803888
0.807822
0.834391
0.896656
0.939569
0.962035
0.970693
0.974592
0.98011
0.98681
0.991581
0.994519
0.996318
0.996927
0.996954
0.996911
0.996883
0.996799
0.996396
0.994635
0.991826
0.990766
0.990749
0.991117
0.992641
0.995657
0.997687
0.998701
0.999156
0.999386
0.999526
0.999609
0.999652
0.999687
0.999731
0.99978
0.780865
0.785133
0.786812
0.793186
0.798169
0.803199
0.811184
0.822219
0.835969
0.843433
0.846273
0.847516
0.848397
0.848825
0.850002
0.853394
0.858085
0.863895
0.867185
0.869931
0.871328
0.871918
0.872147
0.872792
0.874206
0.874883
0.875531
0.876098
0.876418
0.87649
0.875624
0.872477
0.866944
0.859471
0.851891
0.844447
0.838272
0.833815
0.831315
0.830609
0.835502
0.854977
0.884047
0.9022
0.909
0.911575
0.912476
0.913264
0.915484
0.918678
0.922361
0.927667
0.929904
0.932293
0.934466
0.936669
0.938628
0.940989
0.943456
0.945435
0.94744
0.948872
0.949949
0.950512
0.95039
0.948962
0.947617
0.944912
0.940196
0.935175
0.931455
0.928669
0.926939
0.925842
0.924899
0.924515
0.923678
0.921719
0.921128
0.921168
0.922162
0.922925
0.924323
0.925469
0.926492
0.928109
0.929855
0.931778
0.934636
0.93787
0.941312
0.946195
0.952884
0.955883
0.956089
0.954766
0.949839
0.939106
0.934922
0.935641
0.942235
0.949584
0.951124
0.951159
0.949566
0.948127
0.947913
0.948936
0.951507
0.954049
0.954967
0.953041
0.942724
0.906868
0.871746
0.857228
0.855235
0.856696
0.864498
0.889572
0.921701
0.937809
0.945136
0.94815
0.949231
0.949513
0.949565
0.949466
0.949083
0.948694
0.94832
0.947705
0.946626
0.943965
0.936739
0.931651
0.930838
0.932484
0.93529
0.935012
0.928254
0.894293
0.845754
0.816502
0.803609
0.801041
0.804096
0.827011
0.89123
0.938271
0.961487
0.971102
0.976545
0.982139
0.988143
0.992941
0.995758
0.997389
0.998362
0.998908
0.99919
0.999285
0.999272
0.999068
0.998259
0.997646
0.997527
0.997586
0.997962
0.998876
0.999444
0.999688
0.999775
0.999809
0.999836
0.999863
0.999883
0.999897
0.999902
0.999902
0.780518
0.785241
0.786535
0.793096
0.799921
0.807433
0.816705
0.827967
0.839017
0.845459
0.84819
0.850014
0.852256
0.853395
0.857232
0.862933
0.868246
0.872188
0.874614
0.876152
0.878375
0.880468
0.883906
0.887861
0.890118
0.891527
0.892889
0.893821
0.894189
0.893938
0.892839
0.892031
0.890478
0.888277
0.884364
0.877178
0.865171
0.851812
0.839136
0.828945
0.82352
0.821212
0.823012
0.851846
0.887675
0.907134
0.912384
0.913147
0.913383
0.91426
0.914773
0.916763
0.919532
0.921312
0.92353
0.925356
0.927148
0.929124
0.931256
0.934236
0.938447
0.943748
0.948186
0.950815
0.952253
0.952845
0.952314
0.950758
0.948864
0.944777
0.938864
0.933809
0.929612
0.926699
0.924193
0.92068
0.918515
0.918578
0.919113
0.918931
0.920235
0.922299
0.924577
0.927855
0.930507
0.934107
0.937505
0.939886
0.94302
0.946883
0.949798
0.952235
0.955356
0.95853
0.959175
0.958519
0.955203
0.946611
0.938234
0.937594
0.941391
0.948614
0.950765
0.950623
0.948324
0.947083
0.947062
0.947573
0.948895
0.953003
0.955666
0.955143
0.948255
0.917763
0.879368
0.863644
0.860998
0.863014
0.873855
0.904706
0.929615
0.942302
0.947471
0.94915
0.949537
0.949522
0.949323
0.948683
0.94727
0.946441
0.945805
0.944369
0.942266
0.940063
0.935289
0.928109
0.923601
0.922855
0.924249
0.927072
0.926671
0.919572
0.885075
0.839641
0.812754
0.801338
0.799339
0.802912
0.828879
0.896346
0.941607
0.963209
0.972911
0.979134
0.984844
0.990085
0.994221
0.996805
0.998226
0.999042
0.999502
0.99972
0.999778
0.999766
0.999635
0.999413
0.999344
0.999354
0.99946
0.999719
0.999867
0.999926
0.999942
0.999944
0.999945
0.999951
0.99996
0.99996
0.999958
0.999945
0.779707
0.785337
0.785908
0.792304
0.799564
0.80777
0.819364
0.832993
0.844384
0.849355
0.851757
0.854775
0.857218
0.861128
0.866504
0.870562
0.872865
0.874733
0.877396
0.87944
0.882835
0.887231
0.890973
0.893967
0.895916
0.897868
0.899978
0.901289
0.901712
0.901282
0.900504
0.899438
0.898377
0.89728
0.896189
0.894104
0.890365
0.884235
0.873751
0.859637
0.842287
0.824917
0.811829
0.807044
0.81305
0.855984
0.89549
0.91006
0.913178
0.913172
0.913297
0.914235
0.917223
0.919715
0.92191
0.923726
0.925512
0.926872
0.927707
0.928273
0.928884
0.930293
0.934718
0.942291
0.949642
0.953144
0.954618
0.954859
0.953276
0.95216
0.949798
0.94436
0.937714
0.930996
0.926066
0.921687
0.917103
0.914468
0.914773
0.917106
0.91847
0.920938
0.924086
0.928937
0.936504
0.945864
0.951197
0.952106
0.951818
0.952864
0.954896
0.957607
0.959631
0.961628
0.962064
0.961654
0.959719
0.954589
0.944137
0.940384
0.941508
0.944788
0.948968
0.949575
0.949032
0.947684
0.947391
0.947616
0.948613
0.952323
0.956018
0.955997
0.950049
0.92175
0.882381
0.867584
0.866077
0.86978
0.887251
0.921664
0.938957
0.946359
0.948997
0.949664
0.949663
0.949458
0.948804
0.947757
0.946391
0.945305
0.944406
0.942844
0.939169
0.934031
0.928665
0.923293
0.91887
0.916598
0.916334
0.917206
0.917937
0.916043
0.902874
0.861946
0.82665
0.806522
0.798922
0.798412
0.804467
0.841765
0.909284
0.948545
0.966907
0.975977
0.982307
0.987769
0.992255
0.995534
0.99764
0.998813
0.999417
0.999719
0.999855
0.99989
0.999883
0.999844
0.999824
0.999828
0.999861
0.999932
0.999968
0.99998
0.999983
0.999983
0.999983
0.999985
0.999985
0.999984
0.999978
0.99995
0.778532
0.78567
0.785121
0.790463
0.798212
0.806739
0.818467
0.832526
0.845106
0.852897
0.857288
0.862533
0.864337
0.865787
0.869777
0.87438
0.8772
0.879213
0.882306
0.886581
0.891825
0.897121
0.901715
0.90526
0.907866
0.910176
0.911731
0.91218
0.910439
0.908748
0.90585
0.903319
0.900567
0.898974
0.897994
0.897775
0.897385
0.896144
0.890839
0.879488
0.869344
0.858143
0.838093
0.810513
0.798501
0.796194
0.812918
0.863122
0.901978
0.911463
0.913049
0.913933
0.917236
0.921358
0.925415
0.928093
0.929786
0.932362
0.935081
0.935464
0.931489
0.928637
0.927714
0.928775
0.934381
0.944251
0.952391
0.956397
0.9572
0.95527
0.953694
0.952693
0.950187
0.944701
0.935808
0.926661
0.919397
0.914618
0.912055
0.912249
0.9142
0.917884
0.922002
0.927529
0.935747
0.946703
0.955014
0.959623
0.961083
0.960729
0.960325
0.960966
0.962239
0.963873
0.964681
0.964593
0.963793
0.961318
0.955591
0.945792
0.943438
0.944396
0.945953
0.947445
0.948079
0.948145
0.948325
0.94878
0.949873
0.953538
0.957622
0.957225
0.95032
0.920407
0.882666
0.870163
0.870175
0.877508
0.90602
0.931785
0.944453
0.948862
0.949955
0.94999
0.949894
0.949543
0.94877
0.948013
0.947034
0.945998
0.944956
0.943308
0.939661
0.933781
0.927354
0.921686
0.917518
0.914914
0.91354
0.912999
0.912469
0.910849
0.902918
0.873532
0.838115
0.813671
0.801179
0.797836
0.798953
0.811608
0.86708
0.926564
0.957304
0.971805
0.979848
0.985785
0.99062
0.994296
0.996782
0.998305
0.999164
0.999611
0.99982
0.99991
0.99994
0.999945
0.999947
0.999951
0.999967
0.999984
0.999992
0.999995
0.999995
0.999995
0.999995
0.999995
0.999995
0.999992
0.999979
0.999927
0.776063
0.788215
0.784587
0.787327
0.795252
0.80407
0.815494
0.829848
0.843666
0.852654
0.857889
0.864583
0.869926
0.872549
0.874661
0.877623
0.880313
0.883488
0.888074
0.89339
0.898911
0.903909
0.908225
0.91161
0.914203
0.916176
0.917448
0.918197
0.918424
0.917213
0.915321
0.912764
0.907552
0.901316
0.897624
0.896773
0.89717
0.897688
0.89752
0.895399
0.883989
0.870184
0.862777
0.847836
0.813611
0.795913
0.791897
0.794887
0.81672
0.875179
0.906554
0.914174
0.921095
0.928196
0.930923
0.930224
0.92959
0.931714
0.938333
0.947344
0.952395
0.945764
0.933043
0.927657
0.927091
0.929537
0.937024
0.948991
0.956808
0.959501
0.958641
0.955967
0.954214
0.952374
0.949074
0.941924
0.931731
0.919622
0.913362
0.91095
0.909914
0.911002
0.914705
0.921454
0.930262
0.942775
0.953074
0.959623
0.963443
0.965311
0.965907
0.965824
0.96584
0.966072
0.966452
0.966456
0.966208
0.965314
0.963127
0.958306
0.949877
0.946774
0.946716
0.947122
0.947711
0.948158
0.948739
0.949708
0.951832
0.957561
0.960008
0.957962
0.945652
0.904797
0.87706
0.871778
0.874831
0.890571
0.925078
0.942899
0.948801
0.950408
0.950547
0.950509
0.950398
0.950343
0.950313
0.950832
0.951204
0.950812
0.949547
0.947654
0.943825
0.936818
0.929034
0.922383
0.917716
0.914977
0.913541
0.912651
0.911354
0.908423
0.898977
0.869972
0.842337
0.820532
0.80541
0.799372
0.79911
0.803565
0.831706
0.899942
0.944084
0.96613
0.977168
0.984036
0.989229
0.99321
0.996017
0.997813
0.998871
0.999451
0.999749
0.999888
0.999946
0.999969
0.999979
0.999986
0.999993
0.999997
0.999998
0.999999
0.999999
0.999998
0.999998
0.999998
0.999998
0.999993
0.999971
0.99986
0.771421
0.788491
0.785124
0.785959
0.789586
0.797958
0.809135
0.823015
0.8387
0.850177
0.856683
0.863595
0.869969
0.874322
0.877507
0.880301
0.88283
0.885281
0.888541
0.893398
0.898807
0.903746
0.908019
0.911428
0.914019
0.915954
0.917294
0.917836
0.917788
0.917386
0.916455
0.91501
0.911793
0.904901
0.898579
0.894666
0.893826
0.894881
0.897101
0.897244
0.895606
0.885705
0.871985
0.862609
0.842819
0.811995
0.79346
0.78966
0.79286
0.812811
0.857653
0.894138
0.918143
0.929517
0.931386
0.927058
0.910718
0.899413
0.905181
0.932039
0.956395
0.967365
0.965194
0.943511
0.928622
0.925827
0.927921
0.933643
0.944456
0.956135
0.961727
0.961987
0.959888
0.957641
0.95608
0.953871
0.950003
0.941373
0.924271
0.914859
0.910552
0.908882
0.908615
0.910159
0.914464
0.924035
0.938209
0.951794
0.960117
0.964649
0.966708
0.967906
0.968547
0.968905
0.968889
0.968745
0.968473
0.967925
0.966843
0.965158
0.962176
0.956515
0.952292
0.950405
0.950155
0.950467
0.951336
0.953013
0.957231
0.961889
0.961188
0.955987
0.931805
0.88768
0.87456
0.874686
0.883753
0.915328
0.939988
0.948421
0.950846
0.951234
0.951342
0.95147
0.952001
0.953879
0.955953
0.959701
0.962816
0.962964
0.962184
0.959925
0.955493
0.946329
0.93534
0.926012
0.919843
0.916494
0.914733
0.913528
0.911771
0.907862
0.895252
0.862918
0.838331
0.822567
0.810336
0.803132
0.801782
0.803845
0.817259
0.871188
0.928296
0.958915
0.974029
0.982362
0.988025
0.992261
0.995319
0.997352
0.998594
0.999298
0.999671
0.999854
0.999937
0.999972
0.999987
0.999994
0.999997
0.999999
0.999999
1
1
1
1
0.999999
0.999998
0.99999
0.999945
0.999723
0.758088
0.783544
0.787157
0.786622
0.787799
0.79121
0.798673
0.810431
0.826389
0.843018
0.852629
0.86001
0.867732
0.873322
0.877217
0.880241
0.882863
0.885125
0.887967
0.891644
0.896412
0.901163
0.905393
0.908843
0.911574
0.913273
0.914502
0.914735
0.914501
0.913918
0.912875
0.911597
0.909419
0.904249
0.897718
0.893251
0.891602
0.891737
0.894406
0.896434
0.896282
0.892703
0.879019
0.868865
0.85409
0.827063
0.801825
0.789334
0.787983
0.794146
0.829055
0.879019
0.911322
0.924124
0.923566
0.912415
0.871099
0.849692
0.848771
0.865087
0.919274
0.961773
0.978349
0.978445
0.957247
0.931017
0.924774
0.926598
0.931631
0.942235
0.958051
0.966902
0.967562
0.964124
0.959386
0.956688
0.954899
0.952659
0.9475
0.935843
0.919487
0.911857
0.908807
0.907071
0.907015
0.908704
0.913156
0.923245
0.93823
0.954132
0.962514
0.966569
0.968413
0.969379
0.969966
0.970239
0.970203
0.970029
0.969624
0.968837
0.967593
0.965709
0.963418
0.960779
0.958469
0.958519
0.959316
0.961577
0.964699
0.964189
0.960966
0.946237
0.901893
0.877346
0.873999
0.878655
0.902298
0.935895
0.947799
0.951243
0.951922
0.952141
0.95262
0.953886
0.956847
0.963503
0.969567
0.976749
0.983197
0.984612
0.983975
0.981701
0.976809
0.965805
0.949494
0.935126
0.925767
0.921093
0.918982
0.91735
0.914856
0.909766
0.895251
0.859757
0.83362
0.820934
0.814116
0.80957
0.808101
0.808906
0.816325
0.850572
0.912517
0.950852
0.970497
0.980717
0.987005
0.991478
0.994721
0.996938
0.998338
0.999154
0.999597
0.999819
0.999923
0.999969
0.999987
0.999995
0.999998
0.999999
1
1
1
1
1
0.999999
0.999997
0.999982
0.999897
0.999488
0.733788
0.764274
0.783815
0.787058
0.788218
0.789676
0.7927
0.799221
0.809978
0.826267
0.843202
0.852879
0.861678
0.86931
0.874885
0.878872
0.88203
0.884401
0.886818
0.889433
0.892087
0.895607
0.898891
0.901747
0.904798
0.906092
0.907315
0.908556
0.908685
0.908444
0.907704
0.906092
0.902601
0.89636
0.891161
0.888599
0.888174
0.889378
0.893105
0.895197
0.895406
0.893409
0.881525
0.870465
0.857879
0.831694
0.804881
0.789722
0.785935
0.787318
0.794455
0.826951
0.876267
0.889382
0.887955
0.878875
0.8568
0.842971
0.841943
0.850365
0.892045
0.944745
0.975561
0.986052
0.98445
0.963696
0.936099
0.926362
0.925093
0.927853
0.939394
0.958849
0.973056
0.976431
0.97511
0.967907
0.960849
0.956579
0.954422
0.951036
0.943397
0.926842
0.914775
0.908917
0.906765
0.905045
0.905159
0.906769
0.911035
0.92132
0.938167
0.954878
0.963533
0.967527
0.969367
0.970166
0.970541
0.970704
0.970686
0.970562
0.970264
0.969746
0.968683
0.968174
0.967025
0.967061
0.96753
0.967527
0.966849
0.963859
0.95159
0.911614
0.880443
0.873796
0.875978
0.890577
0.92893
0.946443
0.951428
0.952544
0.952841
0.953498
0.955299
0.959789
0.968752
0.98054
0.989166
0.993299
0.995676
0.996484
0.9964
0.995848
0.994224
0.989663
0.973595
0.951579
0.937015
0.930038
0.927506
0.925808
0.92273
0.916042
0.896356
0.857967
0.831111
0.820086
0.817896
0.817836
0.818192
0.819323
0.823697
0.843211
0.899165
0.943242
0.966968
0.979166
0.986174
0.990884
0.994259
0.996603
0.998122
0.999031
0.999533
0.999789
0.99991
0.999963
0.999986
0.999995
0.999998
0.999999
1
1
1
1
1
0.999999
0.999994
0.999967
0.999818
0.999095
0.712223
0.727146
0.76768
0.783556
0.787739
0.789821
0.791488
0.794326
0.799966
0.809324
0.823634
0.838338
0.849565
0.859046
0.867618
0.874028
0.878751
0.882162
0.884661
0.887218
0.889251
0.892064
0.894337
0.896688
0.898895
0.900693
0.902373
0.902705
0.902489
0.901719
0.900026
0.896391
0.891453
0.88745
0.885478
0.885118
0.885826
0.888727
0.892418
0.893929
0.893893
0.891639
0.879217
0.866675
0.856491
0.831841
0.800558
0.784365
0.781836
0.786541
0.798822
0.802639
0.811918
0.834208
0.847861
0.853724
0.85444
0.85578
0.859495
0.873311
0.909767
0.948906
0.975355
0.989183
0.991507
0.986461
0.963854
0.949383
0.937646
0.9249
0.919199
0.91989
0.929945
0.959629
0.976204
0.979221
0.977244
0.968147
0.960163
0.956158
0.953644
0.948333
0.936274
0.919376
0.910678
0.906201
0.904365
0.902552
0.902697
0.904394
0.908978
0.919764
0.938715
0.954879
0.963288
0.967405
0.969341
0.970207
0.970587
0.970698
0.970693
0.970643
0.970493
0.970313
0.970125
0.969923
0.969483
0.968288
0.964484
0.952306
0.915208
0.881804
0.873454
0.874492
0.886062
0.922723
0.944823
0.951413
0.953032
0.953372
0.954076
0.956096
0.961468
0.973419
0.987359
0.993806
0.996785
0.998144
0.998852
0.999134
0.999128
0.999009
0.998619
0.997436
0.992986
0.974247
0.953243
0.943419
0.940495
0.939074
0.93605
0.927149
0.897201
0.855447
0.82905
0.820162
0.820638
0.827492
0.832178
0.83419
0.837589
0.84868
0.889349
0.936725
0.96378
0.977819
0.985552
0.990484
0.993943
0.996363
0.997959
0.998934
0.999481
0.999763
0.999898
0.999958
0.999983
0.999994
0.999998
0.999999
1
1
1
1
1
0.999998
0.99999
0.999945
0.999698
0.998495
0.704481
0.710294
0.727376
0.767618
0.783572
0.789075
0.791438
0.793438
0.796652
0.80104
0.809451
0.820873
0.832694
0.843626
0.85281
0.861281
0.868719
0.875251
0.879514
0.882827
0.885111
0.887667
0.889762
0.891833
0.893441
0.894381
0.894352
0.893924
0.892683
0.890846
0.888242
0.885034
0.882796
0.882122
0.882154
0.882898
0.885108
0.889143
0.891766
0.892355
0.891832
0.887746
0.87288
0.861397
0.849955
0.824155
0.791267
0.772524
0.76956
0.776554
0.812654
0.842025
0.855192
0.867342
0.878828
0.889871
0.904296
0.917184
0.931147
0.958073
0.978463
0.988742
0.993847
0.997002
0.997665
0.996502
0.988569
0.977402
0.970939
0.959937
0.939874
0.920345
0.910946
0.912819
0.932169
0.965244
0.977451
0.978369
0.974874
0.96464
0.95832
0.955717
0.951595
0.943508
0.925984
0.913283
0.906971
0.903196
0.90166
0.899759
0.900011
0.90197
0.907087
0.918723
0.935249
0.95165
0.960638
0.965305
0.967827
0.969097
0.969712
0.970054
0.97008
0.970039
0.969786
0.968984
0.966783
0.960953
0.94642
0.908768
0.880318
0.8723
0.872788
0.881982
0.915168
0.942819
0.951295
0.953379
0.95374
0.954366
0.956271
0.96187
0.975109
0.989548
0.995474
0.997957
0.999014
0.999462
0.999669
0.999757
0.99976
0.999734
0.999639
0.999327
0.99807
0.991472
0.971431
0.959381
0.956083
0.955002
0.951953
0.939049
0.896493
0.852172
0.82699
0.819999
0.822348
0.837917
0.848739
0.851925
0.854317
0.860265
0.885682
0.932063
0.961209
0.976742
0.985169
0.990324
0.993818
0.996243
0.997864
0.998871
0.999444
0.999744
0.999888
0.999953
0.999981
0.999993
0.999997
0.999999
1
1
1
1
1
0.999997
0.999984
0.999909
0.999502
0.99755
0.714899
0.72244
0.722352
0.733653
0.768419
0.784996
0.790677
0.793112
0.795913
0.798743
0.803172
0.809721
0.818773
0.828371
0.837865
0.846466
0.853906
0.859679
0.865898
0.870903
0.874937
0.877747
0.879864
0.881645
0.882384
0.88279
0.882621
0.882156
0.881221
0.880089
0.878847
0.878373
0.878467
0.879061
0.88024
0.882572
0.886034
0.889067
0.89011
0.889957
0.887986
0.878669
0.86453
0.854389
0.835792
0.806195
0.776708
0.761477
0.758566
0.761513
0.793938
0.854693
0.881287
0.887427
0.890304
0.900202
0.925607
0.950837
0.971354
0.985117
0.992954
0.996842
0.99861
0.99939
0.999599
0.999511
0.998566
0.996246
0.994413
0.990749
0.979946
0.946471
0.920113
0.907668
0.906974
0.91775
0.955201
0.974702
0.978683
0.977188
0.968964
0.960822
0.957119
0.95407
0.947926
0.934778
0.917991
0.908146
0.9035
0.900138
0.89858
0.896915
0.897276
0.899334
0.904198
0.913021
0.927802
0.940968
0.951421
0.957802
0.961273
0.963374
0.964171
0.963724
0.961917
0.957585
0.948184
0.92814
0.894432
0.876496
0.870999
0.871455
0.879229
0.908532
0.940731
0.951166
0.953726
0.954152
0.954593
0.956082
0.961147
0.974538
0.989865
0.995972
0.998373
0.999312
0.99968
0.999821
0.999873
0.999894
0.999897
0.999893
0.999873
0.999795
0.999439
0.997467
0.987172
0.975785
0.972522
0.971588
0.968165
0.950335
0.896236
0.849544
0.825465
0.819892
0.823853
0.847247
0.864334
0.86865
0.870093
0.873318
0.888144
0.929284
0.959563
0.976063
0.984996
0.990312
0.993829
0.996242
0.997844
0.998846
0.999424
0.999731
0.999881
0.99995
0.99998
0.999992
0.999997
0.999999
1
1
1
1
0.999999
0.999996
0.999975
0.999853
0.999198
0.996124
0.729433
0.734879
0.72955
0.729502
0.741178
0.77351
0.787488
0.79222
0.795364
0.798325
0.801076
0.805387
0.810629
0.817519
0.825693
0.833654
0.841528
0.848211
0.853687
0.857924
0.861874
0.864808
0.867413
0.869635
0.870891
0.872218
0.872775
0.872905
0.873396
0.873676
0.874021
0.875028
0.876538
0.87801
0.880078
0.883214
0.886211
0.887257
0.887159
0.885781
0.879249
0.865114
0.856942
0.842275
0.811744
0.781163
0.761622
0.756113
0.756479
0.757513
0.765543
0.813305
0.845401
0.843586
0.835653
0.850085
0.904573
0.948032
0.974812
0.989281
0.995896
0.998501
0.999448
0.999791
0.999905
0.999916
0.999865
0.999605
0.999253
0.998598
0.996597
0.987695
0.952194
0.919535
0.907231
0.906201
0.914653
0.951085
0.973706
0.979402
0.978564
0.971852
0.96265
0.958494
0.955928
0.950544
0.942254
0.924306
0.911539
0.903745
0.899899
0.897084
0.895562
0.893898
0.89417
0.895524
0.898669
0.905232
0.910588
0.920512
0.925702
0.9319
0.931829
0.929702
0.92431
0.913235
0.895675
0.880749
0.87276
0.869785
0.870587
0.87799
0.904429
0.939046
0.951103
0.954101
0.954611
0.954813
0.955808
0.959759
0.971912
0.989112
0.995878
0.998462
0.999418
0.99976
0.999875
0.999908
0.999913
0.999914
0.999916
0.999919
0.99992
0.999906
0.999809
0.999206
0.995406
0.988285
0.985814
0.984712
0.980765
0.960048
0.897974
0.848519
0.824882
0.820159
0.825605
0.855712
0.878075
0.883062
0.883722
0.885095
0.893954
0.927673
0.958793
0.975849
0.985014
0.990388
0.993896
0.996279
0.997861
0.99885
0.999421
0.999726
0.999877
0.999947
0.999978
0.999991
0.999997
0.999999
1
1
1
1
0.999999
0.999994
0.99996
0.999763
0.998735
0.994048
0.736238
0.737969
0.735125
0.729297
0.733419
0.751617
0.779728
0.789641
0.794262
0.797664
0.800504
0.803715
0.80729
0.81195
0.817614
0.823901
0.8313
0.838097
0.84445
0.849895
0.854185
0.85725
0.860032
0.862212
0.864202
0.865935
0.866958
0.868459
0.869728
0.870606
0.872333
0.874332
0.875773
0.877594
0.880662
0.883165
0.883663
0.883403
0.881902
0.876617
0.863115
0.855127
0.845229
0.820898
0.78236
0.758432
0.751218
0.752738
0.761037
0.762965
0.763442
0.772482
0.780905
0.783422
0.792514
0.832779
0.903703
0.95193
0.979475
0.992249
0.997405
0.999208
0.999757
0.999917
0.999969
0.999983
0.999982
0.999971
0.999926
0.999792
0.999333
0.997261
0.987776
0.952401
0.919461
0.908811
0.908742
0.917864
0.95369
0.975038
0.980507
0.979729
0.973414
0.963869
0.959667
0.956968
0.953194
0.946473
0.933494
0.916036
0.906236
0.89997
0.896614
0.894054
0.892311
0.890926
0.890251
0.890625
0.891369
0.892864
0.894513
0.894443
0.893429
0.890672
0.885729
0.879871
0.87461
0.871332
0.869972
0.871396
0.879128
0.903706
0.938247
0.951144
0.954597
0.95504
0.955052
0.9556
0.958608
0.968027
0.987347
0.99531
0.998333
0.99942
0.999787
0.999899
0.999924
0.999922
0.999914
0.999905
0.999906
0.999914
0.999926
0.999926
0.999903
0.9997
0.998298
0.994427
0.992768
0.991662
0.987938
0.968814
0.903895
0.849512
0.825354
0.821383
0.828861
0.865888
0.891182
0.895997
0.895035
0.895107
0.900712
0.928177
0.958925
0.97599
0.985233
0.990625
0.994071
0.996383
0.997913
0.99887
0.999427
0.999726
0.999876
0.999946
0.999978
0.999991
0.999997
0.999999
1
1
1
1
0.999998
0.99999
0.999938
0.999639
0.998123
0.991325
0.738832
0.737427
0.729751
0.728492
0.731197
0.7402
0.763883
0.783314
0.791553
0.796231
0.7996
0.802719
0.805969
0.809766
0.814007
0.818873
0.824369
0.83067
0.836477
0.842404
0.847917
0.852456
0.85598
0.858582
0.860955
0.862717
0.864607
0.866266
0.867698
0.869766
0.871482
0.872747
0.875171
0.878021
0.879062
0.878959
0.878226
0.875909
0.869707
0.857896
0.851282
0.843645
0.827051
0.787829
0.759327
0.748171
0.747044
0.753264
0.779965
0.788861
0.784917
0.774253
0.772055
0.774987
0.793667
0.865889
0.944226
0.981013
0.993619
0.997855
0.999277
0.999755
0.999915
0.999969
0.999988
0.999995
0.999997
0.999996
0.999989
0.999944
0.999719
0.998812
0.995242
0.981345
0.945262
0.919331
0.910755
0.911666
0.925494
0.961582
0.97823
0.982266
0.981229
0.974366
0.964606
0.960696
0.957811
0.954959
0.949353
0.940226
0.925526
0.910814
0.90232
0.896871
0.893386
0.891256
0.889186
0.887589
0.886437
0.884944
0.884171
0.882554
0.880755
0.87845
0.875731
0.873906
0.871674
0.871802
0.874068
0.882652
0.907037
0.938819
0.951485
0.955128
0.955572
0.955406
0.955626
0.957544
0.965047
0.984153
0.994171
0.997993
0.999338
0.999781
0.999909
0.999935
0.999931
0.999918
0.99988
0.999851
0.999853
0.999868
0.999908
0.999928
0.999925
0.999856
0.999303
0.997266
0.996133
0.995206
0.99219
0.976761
0.915837
0.85444
0.828441
0.825072
0.83586
0.879468
0.90399
0.9076
0.904651
0.903135
0.907028
0.929795
0.959509
0.976471
0.985745
0.991074
0.994407
0.996596
0.998025
0.99892
0.999445
0.999732
0.999877
0.999946
0.999978
0.999991
0.999997
0.999999
1
1
1
1
0.999998
0.999985
0.999907
0.999478
0.997375
0.988039
0.741517
0.739097
0.729939
0.727675
0.730153
0.736261
0.750293
0.77221
0.785303
0.792712
0.797493
0.80097
0.804367
0.808094
0.812038
0.816233
0.820595
0.825424
0.830533
0.835715
0.841077
0.845908
0.850481
0.854384
0.857474
0.859854
0.862055
0.864052
0.86603
0.867489
0.869608
0.872066
0.872937
0.872812
0.872116
0.870412
0.867086
0.858286
0.850355
0.846275
0.839681
0.825732
0.790514
0.760851
0.748006
0.744988
0.745738
0.756785
0.803763
0.831667
0.832196
0.817463
0.812669
0.821061
0.870212
0.950301
0.982693
0.994122
0.998012
0.999325
0.999768
0.999918
0.999971
0.999989
0.999996
0.999998
0.999999
0.999999
0.999996
0.999969
0.999782
0.998897
0.995746
0.98461
0.952217
0.924072
0.910846
0.908658
0.912893
0.938268
0.969661
0.981853
0.983887
0.982342
0.973941
0.965455
0.960956
0.95894
0.955613
0.95206
0.944607
0.934708
0.920323
0.907655
0.899483
0.894658
0.89108
0.888269
0.886697
0.884507
0.88279
0.881203
0.878718
0.877429
0.875114
0.874902
0.875955
0.879662
0.889531
0.915033
0.941133
0.952239
0.955712
0.956181
0.955858
0.955766
0.956822
0.962107
0.97849
0.992121
0.99739
0.999168
0.999742
0.999911
0.999945
0.999942
0.999921
0.999873
0.999799
0.999753
0.999755
0.999776
0.999843
0.999909
0.999926
0.999906
0.999679
0.998605
0.997822
0.997125
0.994932
0.983467
0.93163
0.866204
0.837669
0.834822
0.849252
0.894974
0.915997
0.917973
0.912727
0.909743
0.91274
0.932521
0.960801
0.97732
0.986407
0.991606
0.994804
0.996864
0.998186
0.999004
0.999482
0.999746
0.999882
0.999948
0.999978
0.999991
0.999997
0.999999
1
1
1
0.999999
0.999996
0.999978
0.999869
0.999297
0.996584
0.98468
0.753051
0.760207
0.751306
0.736766
0.73069
0.729903
0.736697
0.751445
0.771517
0.78412
0.792106
0.797302
0.801421
0.805534
0.80972
0.813924
0.818085
0.822083
0.826318
0.830514
0.834677
0.839045
0.842909
0.846849
0.850445
0.853554
0.85669
0.859058
0.861194
0.863381
0.864234
0.864145
0.863588
0.862205
0.85887
0.854121
0.848419
0.843684
0.839535
0.832248
0.817755
0.783022
0.758018
0.746743
0.744233
0.745001
0.749588
0.766392
0.823285
0.875195
0.893991
0.899019
0.905155
0.927779
0.966489
0.986753
0.995117
0.99825
0.999379
0.999779
0.99992
0.999971
0.999989
0.999996
0.999998
0.999999
1
1
0.999999
0.999983
0.999824
0.998801
0.994342
0.977919
0.946596
0.92169
0.909121
0.906703
0.909377
0.928419
0.960753
0.979381
0.985672
0.986005
0.983325
0.973564
0.965268
0.961956
0.959311
0.9568
0.954018
0.948133
0.941739
0.931118
0.919342
0.907474
0.899925
0.893923
0.890628
0.887585
0.885011
0.883574
0.8812
0.88093
0.881743
0.88426
0.890075
0.901876
0.927769
0.945089
0.953364
0.956293
0.956749
0.956448
0.955959
0.95661
0.960118
0.97233
0.989907
0.996563
0.998899
0.999667
0.999898
0.999953
0.999953
0.999937
0.999871
0.999769
0.999728
0.999692
0.999682
0.99969
0.999734
0.999857
0.999915
0.999917
0.999827
0.999265
0.998718
0.998223
0.99675
0.98898
0.949285
0.883215
0.85338
0.850698
0.867065
0.91056
0.927257
0.927598
0.91964
0.915696
0.918225
0.936145
0.962691
0.978406
0.987168
0.992192
0.995243
0.997167
0.998376
0.999111
0.999538
0.999772
0.999893
0.999952
0.99998
0.999992
0.999997
0.999999
1
1
1
0.999999
0.999995
0.99997
0.999833
0.999138
0.995891
0.981723
0.765144
0.834377
0.864128
0.845797
0.809838
0.740629
0.730379
0.733777
0.741597
0.757044
0.772993
0.785903
0.79396
0.800053
0.805327
0.810078
0.814699
0.818941
0.823083
0.827002
0.830795
0.834215
0.837557
0.841126
0.843759
0.847025
0.849557
0.851647
0.853843
0.854598
0.854456
0.853801
0.852274
0.848731
0.844419
0.838998
0.83141
0.823298
0.814474
0.795959
0.767826
0.751053
0.743249
0.74221
0.743748
0.752702
0.771323
0.80622
0.858188
0.910123
0.946443
0.961516
0.972135
0.983478
0.991889
0.996485
0.998591
0.999461
0.999798
0.999925
0.999972
0.999989
0.999996
0.999998
0.999999
1
1
1
1
0.999997
0.99995
0.999424
0.995788
0.97796
0.943225
0.919821
0.909234
0.907527
0.91036
0.929039
0.959179
0.978065
0.986626
0.988593
0.987947
0.983427
0.971969
0.965558
0.962288
0.959738
0.958059
0.955846
0.951381
0.947166
0.939618
0.932093
0.923296
0.914591
0.90711
0.901881
0.897991
0.895823
0.896199
0.897829
0.902231
0.909283
0.923526
0.938525
0.948712
0.954486
0.956776
0.957209
0.956973
0.956357
0.956697
0.95902
0.967307
0.986502
0.995279
0.998467
0.999535
0.999866
0.999954
0.999965
0.999954
0.999902
0.999777
0.999713
0.999696
0.99967
0.999652
0.999654
0.99967
0.999762
0.999886
0.999914
0.999883
0.999604
0.999228
0.99889
0.997965
0.993195
0.967684
0.905994
0.874839
0.871862
0.888244
0.925917
0.93798
0.936697
0.925769
0.921393
0.923662
0.940217
0.964846
0.979604
0.987962
0.992787
0.99569
0.997481
0.998579
0.99923
0.999601
0.999803
0.999908
0.999959
0.999982
0.999993
0.999997
0.999999
1
1
1
0.999999
0.999994
0.999963
0.999796
0.998984
0.995366
0.980551
0.977374
0.974329
0.974347
0.9757
0.978573
0.934912
0.753917
0.734878
0.735401
0.738207
0.743371
0.752693
0.764784
0.777732
0.790559
0.799729
0.806925
0.812694
0.817377
0.82169
0.825855
0.829113
0.832435
0.83569
0.838208
0.840651
0.842847
0.844487
0.844685
0.844285
0.842994
0.839899
0.833673
0.827893
0.816832
0.801575
0.792011
0.780621
0.764499
0.751705
0.743421
0.739704
0.739525
0.741082
0.750629
0.786325
0.836605
0.884372
0.926436
0.957685
0.975907
0.98514
0.990887
0.994972
0.997543
0.99891
0.99955
0.999822
0.999931
0.999973
0.99999
0.999996
0.999998
0.999999
1
1
1
1
1
1
0.999992
0.999866
0.99848
0.988355
0.953456
0.927905
0.919167
0.919027
0.92516
0.946093
0.966146
0.980391
0.988433
0.991317
0.991442
0.98994
0.982697
0.971529
0.965698
0.962309
0.96025
0.959235
0.957193
0.954729
0.9512
0.947252
0.942258
0.9379
0.932483
0.929289
0.925947
0.925909
0.926831
0.929337
0.934478
0.940667
0.947016
0.952284
0.955727
0.957321
0.957593
0.957401
0.956795
0.95694
0.958491
0.964846
0.982542
0.993764
0.997948
0.999371
0.99982
0.999948
0.999973
0.999968
0.99993
0.999815
0.999728
0.999687
0.999674
0.999652
0.999631
0.999631
0.99964
0.999681
0.999829
0.999904
0.999901
0.999784
0.999542
0.999328
0.998791
0.996173
0.981911
0.935003
0.905033
0.901694
0.915006
0.942348
0.949142
0.945594
0.931892
0.927664
0.929835
0.945301
0.967599
0.981104
0.988906
0.99346
0.99618
0.997823
0.9988
0.999362
0.999674
0.999841
0.999925
0.999967
0.999986
0.999994
0.999998
0.999999
1
1
1
0.999999
0.999993
0.999957
0.999779
0.998956
0.995414
0.981204
0.999513
0.998809
0.998425
0.998101
0.997641
0.996228
0.986771
0.963586
0.924867
0.842638
0.779635
0.758321
0.754544
0.755877
0.75912
0.7656
0.775466
0.786429
0.795412
0.803374
0.811088
0.815713
0.819741
0.822783
0.825382
0.826605
0.826556
0.82578
0.823497
0.818285
0.809933
0.799004
0.786601
0.773212
0.762611
0.755534
0.750646
0.746283
0.742446
0.739538
0.737949
0.737963
0.73971
0.748522
0.780539
0.852855
0.912331
0.949192
0.971456
0.984362
0.991277
0.994955
0.997125
0.998479
0.999266
0.999672
0.999862
0.999944
0.999978
0.999991
0.999996
0.999999
0.999999
1
1
1
1
1
1
1
0.999999
0.999989
0.9998
0.997949
0.986132
0.969727
0.965285
0.965982
0.972432
0.981159
0.98622
0.990427
0.993741
0.995039
0.995121
0.994578
0.991996
0.98292
0.972158
0.965952
0.962727
0.960846
0.959944
0.958345
0.957184
0.954942
0.95297
0.950702
0.9482
0.946225
0.944736
0.944824
0.945491
0.947119
0.94979
0.952724
0.955368
0.957064
0.957922
0.957964
0.957753
0.95719
0.957201
0.958381
0.963692
0.979196
0.992464
0.997489
0.999223
0.999776
0.999939
0.999979
0.999979
0.999959
0.99987
0.999756
0.9997
0.999667
0.99965
0.999622
0.999603
0.999605
0.999614
0.999641
0.999751
0.999879
0.999903
0.999866
0.999734
0.999602
0.999304
0.997966
0.990646
0.961033
0.936932
0.933775
0.942505
0.958103
0.960271
0.953326
0.938096
0.934399
0.936576
0.951061
0.970766
0.982825
0.989951
0.994167
0.996677
0.998161
0.999017
0.999492
0.999746
0.999878
0.999943
0.999975
0.999989
0.999996
0.999998
0.999999
1
1
1
0.999999
0.999992
0.999957
0.999784
0.999014
0.99581
0.983332
0.999991
0.999969
0.999929
0.999891
0.999827
0.999686
0.999132
0.997254
0.992368
0.980368
0.95145
0.90232
0.83763
0.793065
0.771579
0.764874
0.762642
0.763423
0.765363
0.767491
0.771382
0.774366
0.777232
0.779381
0.779781
0.779144
0.777158
0.772776
0.768409
0.762631
0.756326
0.751469
0.74846
0.746162
0.744383
0.743762
0.743425
0.742243
0.741014
0.74086
0.741436
0.74445
0.755282
0.785456
0.86017
0.921624
0.958059
0.977711
0.988323
0.99396
0.996857
0.998339
0.999129
0.999563
0.999794
0.999909
0.999961
0.999984
0.999993
0.999997
0.999999
1
1
1
1
1
1
1
1
1
1
1
0.999987
0.9998
0.998367
0.994858
0.993501
0.993498
0.994536
0.99589
0.996587
0.997205
0.997699
0.997852
0.997823
0.997581
0.996622
0.993607
0.984837
0.973547
0.96726
0.963537
0.961789
0.96022
0.959607
0.958484
0.957854
0.956702
0.955893
0.954877
0.954303
0.954368
0.954697
0.955497
0.956596
0.95753
0.958211
0.95838
0.958327
0.958083
0.957443
0.957549
0.958777
0.963729
0.977876
0.991701
0.997153
0.999099
0.999735
0.999928
0.99998
0.999988
0.99998
0.999929
0.99979
0.999726
0.999683
0.99964
0.999614
0.999593
0.999577
0.999577
0.999587
0.999612
0.99969
0.999843
0.9999
0.999895
0.999843
0.999763
0.999595
0.99892
0.995285
0.978493
0.961874
0.959377
0.964067
0.970756
0.97024
0.95898
0.944486
0.94148
0.943724
0.957191
0.974125
0.984624
0.990993
0.994832
0.997119
0.998451
0.999198
0.999599
0.999806
0.999909
0.999958
0.999982
0.999992
0.999997
0.999999
1
1
1
1
0.999999
0.999993
0.99996
0.999809
0.99918
0.996665
0.986871
1
0.999999
0.999998
0.999996
0.999991
0.99998
0.999942
0.999799
0.999326
0.997933
0.994204
0.985149
0.970839
0.942176
0.898992
0.852739
0.811269
0.789021
0.77744
0.771343
0.769686
0.768269
0.766884
0.766089
0.764319
0.763375
0.761278
0.759066
0.757697
0.753775
0.75265
0.753595
0.756443
0.761443
0.765154
0.767368
0.768729
0.769865
0.77099
0.772818
0.777199
0.788843
0.82388
0.891798
0.939995
0.968113
0.983487
0.991626
0.995844
0.997971
0.999011
0.999515
0.999762
0.999886
0.999948
0.999977
0.99999
0.999996
0.999998
0.999999
1
1
1
1
1
1
1
1
1
1
1
1
1
0.999989
0.999894
0.999526
0.999273
0.999235
0.999307
0.999397
0.99941
0.999397
0.999359
0.999314
0.999248
0.999112
0.998762
0.997779
0.995107
0.988341
0.977067
0.969521
0.965439
0.96277
0.961347
0.960311
0.959626
0.959102
0.958859
0.958476
0.958317
0.958329
0.958402
0.95861
0.958823
0.958846
0.958783
0.958584
0.958393
0.957875
0.958155
0.959718
0.964891
0.978686
0.99171
0.997053
0.999036
0.999709
0.999919
0.999979
0.999992
0.99999
0.999967
0.999858
0.999749
0.999711
0.99966
0.999601
0.999574
0.999573
0.999567
0.999564
0.999568
0.999586
0.999644
0.999802
0.999892
0.999906
0.999894
0.999857
0.999764
0.999417
0.997636
0.98871
0.978294
0.976491
0.978453
0.980331
0.978046
0.963549
0.951064
0.948873
0.951164
0.963401
0.977538
0.986466
0.992043
0.99547
0.997519
0.998699
0.999346
0.999683
0.999851
0.999932
0.99997
0.999987
0.999994
0.999998
0.999999
1
1
1
1
0.999999
0.999993
0.999967
0.999852
0.9994
0.997608
0.990529
1
1
1
1
1
0.999999
0.999997
0.999987
0.99995
0.999819
0.999416
0.998324
0.996029
0.991048
0.983009
0.96673
0.946736
0.919097
0.889043
0.862401
0.841918
0.827126
0.817822
0.81078
0.806162
0.804885
0.805701
0.808152
0.813126
0.823225
0.83778
0.854176
0.869492
0.880771
0.885996
0.886432
0.884243
0.883078
0.883105
0.884492
0.889608
0.9084
0.940435
0.964597
0.980379
0.989693
0.994794
0.99745
0.998783
0.99943
0.999735
0.999877
0.999943
0.999974
0.999988
0.999995
0.999998
0.999999
1
1
1
1
1
1
1
1
1
1
1
1
1
1
1
1
0.999996
0.999976
0.99995
0.999941
0.99994
0.999939
0.99993
0.999904
0.999862
0.999826
0.999793
0.999739
0.999623
0.999334
0.998575
0.996648
0.992591
0.983156
0.974062
0.96845
0.965128
0.963015
0.961604
0.960741
0.96021
0.959868
0.959638
0.959578
0.959508
0.959459
0.959361
0.959202
0.958926
0.958606
0.958736
0.959482
0.961848
0.967913
0.982302
0.992753
0.997295
0.999074
0.999708
0.999915
0.999977
0.999994
0.999995
0.999987
0.99994
0.999803
0.999727
0.999695
0.999629
0.999563
0.999542
0.999545
0.999557
0.999557
0.999559
0.99957
0.999613
0.999758
0.999876
0.999913
0.999914
0.999903
0.999858
0.999678
0.998801
0.994259
0.987959
0.986614
0.987185
0.987264
0.983325
0.967517
0.957727
0.956298
0.958585
0.969382
0.980852
0.988289
0.993082
0.996083
0.997884
0.998911
0.999465
0.999747
0.999884
0.999948
0.999977
0.99999
0.999996
0.999998
0.999999
1
1
1
1
0.999999
0.999995
0.999975
0.999894
0.999593
0.998412
0.993648
1
1
1
1
1
1
1
0.999999
0.999997
0.999987
0.999953
0.999847
0.999582
0.998971
0.997767
0.994942
0.991107
0.984279
0.975737
0.966359
0.955598
0.947496
0.942797
0.938031
0.934037
0.93398
0.935114
0.938286
0.942839
0.949563
0.957173
0.964002
0.969476
0.973828
0.977136
0.979013
0.979467
0.978981
0.978059
0.978012
0.978632
0.981157
0.986779
0.991769
0.995324
0.997524
0.998756
0.999399
0.999719
0.999871
0.999942
0.999974
0.999988
0.999995
0.999998
0.999999
1
1
1
1
1
1
1
1
1
1
1
1
1
1
1
1
1
1
1
0.999999
0.999998
0.999997
0.999996
0.999996
0.999994
0.999989
0.999977
0.999965
0.999954
0.999938
0.999907
0.999832
0.999643
0.999162
0.998028
0.995604
0.990848
0.982393
0.974681
0.969646
0.9663
0.964221
0.962777
0.962001
0.961294
0.960815
0.960392
0.960208
0.960135
0.960002
0.960203
0.960988
0.962752
0.966507
0.974342
0.987654
0.994586
0.997843
0.999219
0.99974
0.999921
0.999978
0.999994
0.999997
0.999996
0.999977
0.999884
0.999752
0.999706
0.999674
0.999599
0.999529
0.999501
0.999504
0.999538
0.999552
0.999554
0.999561
0.999593
0.999721
0.999859
0.999914
0.999927
0.999925
0.999905
0.999813
0.999371
0.997062
0.993391
0.992415
0.99241
0.991808
0.986367
0.97152
0.964386
0.963566
0.965791
0.975016
0.984071
0.990137
0.994161
0.996715
0.998247
0.999111
0.99957
0.9998
0.99991
0.99996
0.999983
0.999993
0.999997
0.999999
1
1
1
1
1
0.999999
0.999996
0.999982
0.999928
0.999739
0.998998
0.995946
1
1
1
1
1
1
1
1
1
0.999999
0.999997
0.999989
0.999966
0.999908
0.999778
0.999457
0.998937
0.997807
0.996222
0.994655
0.991842
0.989374
0.98814
0.987305
0.986371
0.986398
0.986774
0.987776
0.989237
0.990751
0.992355
0.993832
0.994977
0.995757
0.996272
0.996583
0.996695
0.996669
0.996515
0.996482
0.996556
0.996866
0.997725
0.998562
0.999176
0.999562
0.99978
0.999894
0.999951
0.999978
0.99999
0.999996
0.999998
0.999999
1
1
1
1
1
1
1
1
1
1
1
1
1
1
1
1
1
1
1
1
1
1
1
1
1
1
1
0.999999
0.999997
0.999995
0.999992
0.999988
0.999981
0.999965
0.999925
0.999822
0.999569
0.999003
0.997485
0.995408
0.991791
0.986199
0.979426
0.974279
0.970732
0.967983
0.966285
0.965025
0.964751
0.96486
0.965187
0.966025
0.96768
0.971573
0.9765
0.986362
0.99291
0.996647
0.998558
0.999439
0.999801
0.999936
0.999981
0.999995
0.999998
0.999998
0.999992
0.999955
0.999823
0.999724
0.999691
0.999657
0.999577
0.999483
0.999444
0.99945
0.999509
0.999548
0.999552
0.999556
0.99958
0.999691
0.999837
0.99991
0.999933
0.999936
0.999928
0.999881
0.99965
0.998431
0.996348
0.995738
0.995504
0.99446
0.98817
0.975844
0.970795
0.970412
0.972531
0.980164
0.987129
0.991962
0.995243
0.997342
0.998595
0.999295
0.999662
0.999844
0.99993
0.999969
0.999986
0.999994
0.999998
0.999999
1
1
1
1
1
0.999999
0.999997
0.999988
0.999954
0.999838
0.999388
0.997504
1
1
1
1
1
1
1
1
1
1
1
0.999999
0.999998
0.999994
0.999983
0.999958
0.999906
0.999789
0.999567
0.999379
0.999006
0.998505
0.998255
0.998144
0.998022
0.998038
0.998121
0.998333
0.998609
0.998852
0.999075
0.99927
0.999417
0.999513
0.999572
0.999605
0.999616
0.999612
0.999592
0.999586
0.999594
0.999628
0.999727
0.999825
0.999898
0.999945
0.999972
0.999987
0.999994
0.999997
0.999999
0.999999
1
1
1
1
1
1
1
1
1
1
1
1
1
1
1
1
1
1
1
1
1
1
1
1
1
1
1
1
1
1
1
0.999999
0.999999
0.999998
0.999997
0.999994
0.999987
0.999968
0.999922
0.999812
0.999534
0.999069
0.998166
0.996002
0.994308
0.991847
0.98881
0.985095
0.982667
0.980148
0.979531
0.979857
0.980901
0.983375
0.986915
0.990985
0.994359
0.996784
0.998335
0.999218
0.999667
0.999872
0.999956
0.999986
0.999996
0.999999
0.999999
0.999998
0.999986
0.999917
0.999766
0.999703
0.999679
0.999641
0.999551
0.999454
0.9994
0.999395
0.999461
0.999541
0.999551
0.999554
0.999573
0.999673
0.999827
0.999906
0.999937
0.999943
0.99994
0.999915
0.999787
0.999101
0.997941
0.997574
0.997253
0.996004
0.989535
0.979997
0.976588
0.976491
0.978493
0.984634
0.989889
0.993665
0.996269
0.997935
0.998922
0.999465
0.999746
0.999884
0.999948
0.999977
0.99999
0.999996
0.999998
0.999999
1
1
1
1
1
1
0.999998
0.999992
0.99997
0.9999
0.999627
0.998483
1
1
1
1
1
1
1
1
1
1
1
1
1
1
0.999999
0.999997
0.999994
0.999986
0.999965
0.999947
0.999916
0.999854
0.999817
0.999804
0.999797
0.9998
0.999813
0.999843
0.999875
0.999901
0.999923
0.999941
0.999953
0.999961
0.999966
0.999969
0.999969
0.999969
0.999967
0.999967
0.999967
0.99997
0.999978
0.999986
0.999992
0.999995
0.999998
0.999999
0.999999
1
1
1
1
1
1
1
1
1
1
1
1
1
1
1
1
1
1
1
1
1
1
1
1
1
1
1
1
1
1
1
1
1
1
1
1
1
1
0.999999
0.999998
0.999995
0.999988
0.999971
0.999931
0.99985
0.99963
0.999354
0.99875
0.998184
0.997521
0.99687
0.99626
0.995511
0.995392
0.995501
0.995849
0.996555
0.997384
0.998189
0.998858
0.999345
0.99966
0.999841
0.999933
0.999975
0.999991
0.999997
0.999999
1
1
0.999996
0.999972
0.999856
0.999731
0.999691
0.999668
0.999622
0.999529
0.99944
0.999384
0.999371
0.9994
0.999526
0.999554
0.999556
0.999572
0.999661
0.999814
0.9999
0.999936
0.999946
0.999946
0.999932
0.999857
0.99944
0.998804
0.998572
0.998234
0.99691
0.990749
0.983702
0.981538
0.981612
0.983508
0.988368
0.992321
0.995225
0.997228
0.998494
0.99923
0.999626
0.999826
0.999922
0.999966
0.999985
0.999994
0.999997
0.999999
1
1
1
1
1
1
1
0.999999
0.999995
0.999981
0.999937
0.999765
0.999048
1
1
1
1
1
1
1
1
1
1
1
1
1
1
1
1
1
0.999999
0.999998
0.999997
0.999995
0.99999
0.999986
0.999985
0.999985
0.999985
0.999987
0.99999
0.999992
0.999994
0.999995
0.999997
0.999997
0.999998
0.999998
0.999998
0.999998
0.999998
0.999998
0.999998
0.999998
0.999998
0.999999
0.999999
1
1
1
1
1
1
1
1
1
1
1
1
1
1
1
1
1
1
1
1
1
1
1
1
1
1
1
1
1
1
1
1
1
1
1
1
1
1
1
1
1
1
1
1
1
0.999999
0.999999
0.999996
0.999991
0.999981
0.999949
0.999909
0.99984
0.999745
0.999593
0.999506
0.999464
0.999361
0.999257
0.999255
0.999287
0.999382
0.999531
0.999677
0.999797
0.999884
0.99994
0.999972
0.999988
0.999996
0.999999
1
1
1
0.999999
0.999992
0.999945
0.999793
0.999709
0.999686
0.999663
0.999605
0.999512
0.999427
0.999375
0.999361
0.999368
0.999486
0.999561
0.999561
0.999575
0.99966
0.999805
0.999894
0.999934
0.999948
0.999949
0.999941
0.999892
0.999623
0.999278
0.999115
0.998788
0.997424
0.991815
0.986861
0.9856
0.985796
0.987659
0.991486
0.994459
0.996627
0.998092
0.998992
0.999499
0.999764
0.999893
0.999953
0.99998
0.999992
0.999996
0.999998
0.999999
1
1
1
1
1
1
1
0.999999
0.999997
0.999988
0.999959
0.999838
0.999332
1
1
1
1
1
1
1
1
1
1
1
1
1
1
1
1
1
1
1
1
1
1
0.999999
0.999999
0.999999
0.999999
0.999999
1
1
1
1
1
1
1
1
1
1
1
1
1
1
1
1
1
1
1
1
1
1
1
1
1
1
1
1
1
1
1
1
1
1
1
1
1
1
1
1
1
1
1
1
1
1
1
1
1
1
1
1
1
1
1
1
1
1
1
1
1
1
1
1
1
0.999999
0.999998
0.999995
0.999989
0.999984
0.999978
0.99996
0.999942
0.999936
0.999932
0.99992
0.999914
0.999915
0.999922
0.999938
0.999956
0.999972
0.999984
0.999992
0.999996
0.999998
0.999999
1
1
1
1
0.999998
0.999984
0.999896
0.999749
0.999699
0.999684
0.99966
0.999596
0.999499
0.999413
0.999368
0.999357
0.999357
0.999426
0.999567
0.999575
0.999584
0.999665
0.999806
0.999893
0.999934
0.999948
0.99995
0.999945
0.99991
0.999727
0.999539
0.99941
0.999096
0.997682
0.992779
0.989506
0.988862
0.989164
0.991068
0.994048
0.996242
0.997785
0.998788
0.999381
0.999702
0.999864
0.99994
0.999974
0.999989
0.999995
0.999998
0.999999
1
1
1
1
1
1
1
1
0.999999
0.999998
0.999992
0.999971
0.999872
0.999418
1
1
1
1
1
1
1
1
1
1
1
1
1
1
1
1
1
1
1
1
1
1
1
1
1
1
1
1
1
1
1
1
1
1
1
1
1
1
1
1
1
1
1
1
1
1
1
1
1
1
1
1
1
1
1
1
1
1
1
1
1
1
1
1
1
1
1
1
1
1
1
1
1
1
1
1
1
1
1
1
1
1
1
1
1
1
1
1
1
1
1
1
1
1
1
0.999999
0.999999
0.999998
0.999997
0.999995
0.999995
0.999994
0.999993
0.999992
0.999992
0.999992
0.999993
0.999995
0.999997
0.999998
0.999999
1
1
1
1
1
1
1
0.999996
0.999969
0.999838
0.999729
0.999697
0.999685
0.999659
0.999593
0.999494
0.999405
0.999364
0.999357
0.999354
0.99937
0.999547
0.999597
0.999603
0.999675
0.999807
0.999891
0.999932
0.999947
0.99995
0.999946
0.999917
0.999784
0.999679
0.999572
0.999263
0.997749
0.993676
0.991667
0.991411
0.99183
0.993783
0.996034
0.997591
0.998632
0.999276
0.999641
0.999831
0.999924
0.999967
0.999986
0.999994
0.999997
0.999999
0.999999
1
1
1
1
1
1
1
1
1
0.999999
0.999995
0.999979
0.999887
0.999429
1
1
1
1
1
1
1
1
1
1
1
1
1
1
1
1
1
1
1
1
1
1
1
1
1
1
1
1
1
1
1
1
1
1
1
1
1
1
1
1
1
1
1
1
1
1
1
1
1
1
1
1
1
1
1
1
1
1
1
1
1
1
1
1
1
1
1
1
1
1
1
1
1
1
1
1
1
1
1
1
1
1
1
1
1
1
1
1
1
1
1
1
1
1
1
1
1
1
1
1
1
1
1
0.999999
0.999999
0.999999
0.999999
0.999999
1
1
1
1
1
1
1
1
1
0.999999
0.999993
0.999942
0.999788
0.99972
0.999702
0.999694
0.999664
0.999594
0.999494
0.999403
0.999363
0.999357
0.999352
0.999346
0.999462
0.999639
0.999651
0.999693
0.999802
0.999881
0.999926
0.999945
0.999949
0.999945
0.999917
0.999821
0.99976
0.999666
0.999335
0.997664
0.994578
0.993434
0.993396
0.993983
0.995876
0.997473
0.998524
0.999189
0.999582
0.999796
0.999905
0.999957
0.999981
0.999992
0.999996
0.999998
0.999999
1
1
1
1
1
1
1
1
1
1
0.999999
0.999997
0.999984
0.999894
0.999467
1
1
1
1
1
1
1
1
1
1
1
1
1
1
1
1
1
1
1
1
1
1
1
1
1
1
1
1
1
1
1
1
1
1
1
1
1
1
1
1
1
1
1
1
1
1
1
1
1
1
1
1
1
1
1
1
1
1
1
1
1
1
1
1
1
1
1
1
1
1
1
1
1
1
1
1
1
1
1
1
1
1
1
1
1
1
1
1
1
1
1
1
1
1
1
1
1
1
1
1
1
1
1
1
1
1
1
1
1
1
1
1
1
1
1
1
1
0.999999
0.999986
0.999892
0.99976
0.99972
0.999717
0.999711
0.999676
0.999615
0.999504
0.999402
0.999362
0.999358
0.999352
0.999329
0.999349
0.999558
0.99967
0.999729
0.999806
0.999875
0.99992
0.999942
0.999946
0.999943
0.999914
0.99985
0.999807
0.999713
0.999336
0.997551
0.995444
0.994885
0.994971
0.995797
0.997372
0.998445
0.999121
0.999529
0.999761
0.999884
0.999946
0.999976
0.999989
0.999995
0.999998
0.999999
1
1
1
1
1
1
1
1
1
1
1
1
0.999998
0.999992
0.999901
0.999676
1
1
1
1
1
1
1
1
1
1
1
1
1
1
1
1
1
1
1
1
1
1
1
1
1
1
1
1
1
1
1
1
1
1
1
1
1
1
1
1
1
1
1
1
1
1
1
1
1
1
1
1
1
1
1
1
1
1
1
1
1
1
1
1
1
1
1
1
1
1
1
1
1
1
1
1
1
1
1
1
1
1
1
1
1
1
1
1
1
1
1
1
1
1
1
1
1
1
1
1
1
1
1
1
1
1
1
1
1
1
1
1
1
1
1
1
1
0.999998
0.999972
0.999837
0.999747
0.999739
0.999743
0.999739
0.999713
0.999669
0.999543
0.999406
0.999362
0.99936
0.999353
0.999307
0.999309
0.999398
0.99964
0.999736
0.999811
0.999875
0.999919
0.99994
0.999943
0.999939
0.999906
0.999864
0.999824
0.99972
0.999268
0.997493
0.996239
0.996044
0.996244
0.997243
0.998368
0.999064
0.999484
0.999729
0.999864
0.999935
0.99997
0.999987
0.999994
0.999998
0.999999
1
1
1
1
1
1
1
1
1
1
1
1
1
0.999999
0.999997
0.999958
0.999933
1
1
1
1
1
1
1
1
1
1
1
1
1
1
1
1
1
1
1
1
1
1
1
1
1
1
1
1
1
1
1
1
1
1
1
1
1
1
1
1
1
1
1
1
1
1
1
1
1
1
1
1
1
1
1
1
1
1
1
1
1
1
1
1
1
1
1
1
1
1
1
1
1
1
1
1
1
1
1
1
1
1
1
1
1
1
1
1
1
1
1
1
1
1
1
1
1
1
1
1
1
1
1
1
1
1
1
1
1
1
1
1
1
1
1
1
1
0.999995
0.999946
0.999784
0.999744
0.999766
0.999783
0.999789
0.99979
0.999752
0.999598
0.999417
0.999366
0.999366
0.999353
0.999276
0.999251
0.999305
0.999523
0.999716
0.999806
0.999871
0.999915
0.999935
0.999938
0.999932
0.999899
0.999864
0.999824
0.999704
0.999068
0.997541
0.996947
0.996934
0.997295
0.998289
0.999008
0.999441
0.999697
0.999844
0.999924
0.999965
0.999984
0.999993
0.999997
0.999999
0.999999
1
1
1
1
1
1
1
1
1
1
1
1
1
1
0.999999
0.99999
0.999982
1
1
1
1
1
1
1
1
1
1
1
1
1
1
1
1
1
1
1
1
1
1
1
1
1
1
1
1
1
1
1
1
1
1
1
1
1
1
1
1
1
1
1
1
1
1
1
1
1
1
1
1
1
1
1
1
1
1
1
1
1
1
1
1
1
1
1
1
1
1
1
1
1
1
1
1
1
1
1
1
1
1
1
1
1
1
1
1
1
1
1
1
1
1
1
1
1
1
1
1
1
1
1
1
1
1
1
1
1
1
1
1
1
1
1
1
0.999999
0.999991
0.999903
0.999754
0.999737
0.999777
0.999827
0.999855
0.999863
0.999834
0.999654
0.999431
0.999372
0.999373
0.999355
0.999263
0.999213
0.999243
0.99936
0.999613
0.999769
0.999851
0.9999
0.999923
0.999926
0.999918
0.999887
0.99986
0.999816
0.999641
0.998733
0.997743
0.997524
0.997621
0.998225
0.998957
0.999405
0.999672
0.999828
0.999915
0.99996
0.999982
0.999992
0.999996
0.999998
0.999999
0.999999
0.999999
0.999999
0.999999
0.999999
0.999999
0.999999
0.999999
0.999999
0.999999
0.999999
1
1
1
1
0.999999
0.999997
0.999994
1
1
1
1
1
1
1
1
1
1
1
1
1
1
1
1
1
1
1
1
1
1
1
1
1
1
1
1
1
1
1
1
1
1
1
1
1
1
1
1
1
1
1
1
1
1
1
1
1
1
1
1
1
1
1
1
1
1
1
1
1
1
1
1
1
1
1
1
1
1
1
1
1
1
1
1
1
1
1
1
1
1
1
1
1
1
1
1
1
1
1
1
1
1
1
1
1
1
1
1
1
1
1
1
1
1
1
1
1
1
1
1
1
1
1
1
0.999999
0.999984
0.999864
0.999724
0.999717
0.999776
0.999844
0.999878
0.999889
0.999874
0.999721
0.999457
0.999382
0.999379
0.999369
0.999262
0.999212
0.999205
0.999272
0.999417
0.999607
0.999747
0.999833
0.999874
0.999877
0.999869
0.999857
0.999844
0.999784
0.999407
0.998394
0.997969
0.997972
0.998332
0.998982
0.99942
0.999684
0.999835
0.999917
0.999959
0.999979
0.999989
0.999994
0.999996
0.999997
0.999997
0.999997
0.999997
0.999996
0.999995
0.999995
0.999994
0.999994
0.999994
0.999996
0.999997
0.999998
0.999998
0.999999
0.999999
0.999999
0.999999
0.999998
0.999996
1
1
1
1
1
1
1
1
1
1
1
1
1
1
1
1
1
1
1
1
1
1
1
1
1
1
1
1
1
1
1
1
1
1
1
1
1
1
1
1
1
1
1
1
1
1
1
1
1
1
1
1
1
1
1
1
1
1
1
1
1
1
1
1
1
1
1
1
1
1
1
1
1
1
1
1
1
1
1
1
1
1
1
1
1
1
1
1
1
1
1
1
1
1
1
1
1
1
1
1
1
1
1
1
1
1
1
1
1
1
1
1
1
1
1
1
0.999998
0.999981
0.999847
0.999683
0.999669
0.999749
0.999845
0.999883
0.999897
0.999888
0.999802
0.999515
0.999396
0.99939
0.999397
0.999325
0.999242
0.999229
0.999254
0.999332
0.999441
0.999544
0.999647
0.999736
0.999789
0.999827
0.999833
0.999806
0.999593
0.998799
0.998353
0.99833
0.998655
0.999186
0.999542
0.999746
0.999856
0.999915
0.999947
0.999966
0.999978
0.999983
0.999986
0.999988
0.999989
0.999989
0.999989
0.999988
0.999985
0.999982
0.999979
0.999979
0.999979
0.99998
0.999986
0.999991
0.999993
0.999995
0.999996
0.999997
0.999997
0.999997
0.999997
0.999995
1
1
1
1
1
1
1
1
1
1
1
1
1
1
1
1
1
1
1
1
1
1
1
1
1
1
1
1
1
1
1
1
1
1
1
1
1
1
1
1
1
1
1
1
1
1
1
1
1
1
1
1
1
1
1
1
1
1
1
1
1
1
1
1
1
1
1
1
1
1
1
1
1
1
1
1
1
1
1
1
1
1
1
1
1
1
1
1
1
1
1
1
1
1
1
1
1
1
1
1
1
1
1
1
1
1
1
1
1
1
1
1
1
1
1
0.999999
0.999998
0.99998
0.999847
0.999603
0.99956
0.999666
0.999826
0.999882
0.999897
0.99989
0.999833
0.999624
0.999423
0.999397
0.999413
0.999401
0.999293
0.999263
0.999265
0.999331
0.999407
0.999489
0.999601
0.999708
0.999776
0.999812
0.999795
0.999634
0.998982
0.998645
0.998655
0.99909
0.999477
0.999666
0.999766
0.999829
0.999874
0.999909
0.999931
0.999941
0.999945
0.999946
0.999948
0.999952
0.999958
0.99996
0.99996
0.999959
0.999952
0.999945
0.999941
0.99994
0.999941
0.99995
0.999965
0.999976
0.999982
0.999986
0.99999
0.999992
0.999992
0.999992
0.999992
0.999989
1
1
1
1
1
1
1
1
1
1
1
1
1
1
1
1
1
1
1
1
1
1
1
1
1
1
1
1
1
1
1
1
1
1
1
1
1
1
1
1
1
1
1
1
1
1
1
1
1
1
1
1
1
1
1
1
1
1
1
1
1
1
1
1
1
1
1
1
1
1
1
1
1
1
1
1
1
1
1
1
1
1
1
1
1
1
1
1
1
1
1
1
1
1
1
1
1
1
1
1
1
1
1
1
1
1
1
1
1
1
1
1
0.999999
0.999999
0.999998
0.999998
0.999997
0.999982
0.999858
0.99954
0.999465
0.999574
0.99979
0.999868
0.99989
0.999883
0.999836
0.999711
0.999477
0.999402
0.999421
0.99945
0.99942
0.999327
0.999311
0.999347
0.999419
0.999499
0.999617
0.999723
0.999768
0.999781
0.999643
0.999081
0.998843
0.998974
0.999392
0.999555
0.999573
0.999604
0.999644
0.999684
0.999733
0.999774
0.999798
0.999809
0.999815
0.99982
0.999831
0.999854
0.999878
0.999891
0.999893
0.99989
0.999876
0.999862
0.999856
0.999856
0.999865
0.999893
0.99992
0.999942
0.999955
0.999965
0.999974
0.99998
0.999981
0.999981
0.999982
0.999973
1
1
1
1
1
1
1
1
1
1
1
1
1
1
1
1
1
1
1
1
1
1
1
1
1
1
1
1
1
1
1
1
1
1
1
1
1
1
1
1
1
1
1
1
1
1
1
1
1
1
1
1
1
1
1
1
1
1
1
1
1
1
1
1
1
1
1
1
1
1
1
1
1
1
1
1
1
1
1
1
1
1
1
1
1
1
1
1
1
1
1
1
1
1
1
1
1
1
1
1
1
1
1
1
1
1
1
1
1
1
0.999999
0.999998
0.999995
0.999994
0.999994
0.999994
0.999994
0.99998
0.999861
0.999533
0.999435
0.99951
0.999739
0.999839
0.999866
0.999853
0.999818
0.999732
0.999589
0.99942
0.9994
0.999465
0.99949
0.999477
0.999427
0.999421
0.999489
0.999576
0.999678
0.99972
0.999733
0.999605
0.999173
0.99898
0.999179
0.9993
0.999118
0.998278
0.997859
0.997894
0.998032
0.998369
0.998782
0.999073
0.999245
0.999346
0.999415
0.999468
0.99953
0.999609
0.999683
0.999723
0.999728
0.999721
0.999701
0.999693
0.999694
0.999709
0.999774
0.999823
0.999849
0.999879
0.999899
0.999917
0.999939
0.99995
0.999951
0.999952
0.999953
0.999927
1
1
1
1
1
1
1
1
1
1
1
1
1
1
1
1
1
1
1
1
1
1
1
1
1
1
1
1
1
1
1
1
1
1
1
1
1
1
1
1
1
1
1
1
1
1
1
1
1
1
1
1
1
1
1
1
1
1
1
1
1
1
1
1
1
1
1
1
1
1
1
1
1
1
1
1
1
1
1
1
1
1
1
1
1
1
1
1
1
1
1
1
1
1
1
1
1
1
1
1
1
1
1
1
1
1
1
1
0.999999
0.999998
0.999996
0.999987
0.999974
0.999974
0.999978
0.999984
0.999985
0.999975
0.999872
0.999551
0.999422
0.999451
0.999663
0.999788
0.999809
0.999762
0.999722
0.9997
0.999634
0.999486
0.999395
0.999398
0.999502
0.999541
0.99955
0.999554
0.999597
0.999638
0.999669
0.999667
0.999521
0.999217
0.999099
0.999233
0.998934
0.996413
0.994321
0.993747
0.993834
0.994274
0.994694
0.995128
0.995934
0.996817
0.997492
0.997991
0.998323
0.998528
0.998739
0.998996
0.999218
0.999346
0.999381
0.999378
0.999378
0.999391
0.99943
0.99953
0.999661
0.999703
0.999694
0.999707
0.999734
0.999773
0.999827
0.999852
0.999851
0.999853
0.999853
0.999764
1
1
1
1
1
1
1
1
1
1
1
1
1
1
1
1
1
1
1
1
1
1
1
1
1
1
1
1
1
1
1
1
1
1
1
1
1
1
1
1
1
1
1
1
1
1
1
1
1
1
1
1
1
1
1
1
1
1
1
1
1
1
1
1
1
1
1
1
1
1
1
1
1
1
1
1
1
1
1
1
1
1
1
1
1
1
1
1
1
1
1
1
1
1
1
1
1
1
1
1
1
1
1
1
1
1
0.999999
0.999997
0.999994
0.999989
0.999976
0.999931
0.999904
0.99991
0.999933
0.999961
0.999971
0.999965
0.999885
0.999593
0.999423
0.999421
0.999588
0.999713
0.999693
0.999533
0.999437
0.999467
0.999592
0.999561
0.999439
0.999378
0.999382
0.999487
0.999543
0.99956
0.999582
0.999591
0.999551
0.999422
0.999273
0.999205
0.999184
0.998922
0.993358
0.9928
0.994419
0.994753
0.994594
0.994292
0.994155
0.994204
0.994396
0.994824
0.995524
0.99613
0.996647
0.997177
0.997778
0.998307
0.998636
0.998799
0.998853
0.998913
0.999043
0.999152
0.999274
0.999469
0.999575
0.999547
0.999192
0.999075
0.999108
0.999194
0.999389
0.999463
0.999454
0.999456
0.999443
0.999156
1
1
1
1
1
1
1
1
1
1
1
1
1
1
1
1
1
1
1
1
1
1
1
1
1
1
1
1
1
1
1
1
1
1
1
1
1
1
1
1
1
1
1
1
1
1
1
1
1
1
1
1
1
1
1
1
1
1
1
1
1
1
1
1
1
1
1
1
1
1
1
1
1
1
1
1
1
1
1
1
1
1
1
1
1
1
1
1
1
1
1
1
1
1
1
1
1
1
1
1
1
1
1
1
0.999999
0.999996
0.999986
0.999975
0.999966
0.999944
0.999885
0.999775
0.999752
0.999768
0.999828
0.99991
0.999947
0.999948
0.999891
0.999647
0.999433
0.999401
0.999516
0.999602
0.999466
0.999012
0.99871
0.998696
0.999213
0.999505
0.999536
0.999426
0.999354
0.999349
0.999391
0.999426
0.999433
0.999408
0.999349
0.999289
0.999236
0.999104
0.998255
0.993761
0.992391
0.995336
0.995807
0.995809
0.99562
0.994934
0.994242
0.994071
0.99409
0.994213
0.994542
0.99518
0.995911
0.996664
0.997352
0.997856
0.99817
0.998366
0.998535
0.998753
0.998951
0.99909
0.999293
0.999465
0.999463
0.999063
0.996582
0.995952
0.996174
0.996842
0.997717
0.997951
0.997973
0.998
0.997911
0.996884
1
1
1
1
1
1
1
1
1
1
1
1
1
1
1
1
1
1
1
1
1
1
1
1
1
1
1
1
1
1
1
1
1
1
1
1
1
1
1
1
1
1
1
1
1
1
1
1
1
1
1
1
1
1
1
1
1
1
1
1
1
1
1
1
1
1
1
1
1
1
1
1
1
1
1
1
1
1
1
1
1
1
1
1
1
1
1
1
1
1
1
1
1
1
1
1
1
1
1
1
1
1
0.999999
0.999996
0.999988
0.999961
0.999896
0.999874
0.999859
0.999777
0.999716
0.999704
0.999696
0.999709
0.999775
0.999871
0.999915
0.999918
0.999878
0.999677
0.999432
0.999371
0.999446
0.999457
0.999045
0.997901
0.997014
0.996795
0.997595
0.998982
0.999443
0.999537
0.999464
0.999392
0.999372
0.999372
0.999372
0.999359
0.999318
0.999248
0.999068
0.998269
0.994311
0.98764
0.994343
0.995279
0.995522
0.995297
0.995433
0.994871
0.994216
0.994054
0.99406
0.994144
0.994413
0.995099
0.99593
0.996714
0.997342
0.997772
0.998062
0.998325
0.998591
0.998815
0.998986
0.99918
0.999352
0.999364
0.999056
0.996226
0.984927
0.983569
0.985036
0.989257
0.99213
0.993121
0.993474
0.993477
0.993015
0.989888
1
1
1
1
1
1
1
1
1
1
1
1
1
1
1
1
1
1
1
1
1
1
1
1
1
1
1
1
1
1
1
1
1
1
1
1
1
1
1
1
1
1
1
1
1
1
1
1
1
1
1
1
1
1
1
1
1
1
1
1
1
1
1
1
1
1
1
1
1
1
1
1
1
1
1
1
1
1
1
1
1
1
1
1
1
1
1
1
1
1
1
1
1
1
1
1
1
1
1
1
1
0.999999
0.999991
0.999948
0.999879
0.999673
0.99957
0.999595
0.999597
0.999601
0.99968
0.999734
0.999723
0.99973
0.999801
0.999875
0.999899
0.999897
0.999853
0.999658
0.999405
0.999333
0.999375
0.999336
0.998743
0.996644
0.993669
0.992452
0.992987
0.996497
0.998443
0.999259
0.999498
0.999529
0.999431
0.999386
0.999338
0.99928
0.999155
0.998789
0.997656
0.994108
0.987575
0.985985
0.992731
0.994196
0.995117
0.994977
0.994838
0.99451
0.994206
0.994107
0.994124
0.994226
0.994545
0.995341
0.996228
0.99694
0.997481
0.997862
0.99823
0.998574
0.998619
0.998557
0.998569
0.998633
0.998655
0.998378
0.995786
0.980986
0.948355
0.946819
0.952428
0.968103
0.976552
0.980794
0.981341
0.980518
0.977487
0.969547
1
1
1
1
1
1
1
1
1
1
1
1
1
1
1
1
1
1
1
1
1
1
1
1
1
1
1
1
1
1
1
1
1
1
1
1
1
1
1
1
1
1
1
1
1
1
1
1
1
1
1
1
1
1
1
1
1
1
1
1
1
1
1
1
1
1
1
1
1
1
1
1
1
1
1
1
1
1
1
1
1
1
1
1
1
1
1
1
1
1
1
1
0.999999
0.999999
0.999999
0.999999
0.999999
0.999999
0.999999
0.999999
0.999999
0.999987
0.999852
0.999423
0.99912
0.99912
0.999247
0.999431
0.99946
0.999572
0.999717
0.999776
0.999794
0.999809
0.999848
0.999871
0.999874
0.999859
0.999786
0.999538
0.99932
0.999272
0.999311
0.999298
0.998804
0.996661
0.991857
0.986196
0.983643
0.987846
0.993457
0.996753
0.998357
0.998981
0.999133
0.998937
0.998779
0.998284
0.997391
0.995393
0.991201
0.984042
0.980608
0.981972
0.987834
0.990604
0.994288
0.995156
0.994729
0.994538
0.994403
0.99438
0.994444
0.994658
0.995258
0.996189
0.997008
0.997769
0.998266
0.998236
0.997072
0.995843
0.993246
0.990758
0.990671
0.991521
0.991695
0.989438
0.973652
0.929916
0.911927
0.910987
0.915555
0.931404
0.944394
0.946726
0.945227
0.943023
0.942504
0.943747
1
1
1
1
1
1
1
1
1
1
1
1
1
1
1
1
1
1
1
1
1
1
1
1
1
1
1
1
1
1
1
1
1
1
1
1
1
1
1
1
1
1
1
1
1
1
1
1
1
1
1
1
1
1
1
1
1
1
1
1
1
1
1
1
1
1
1
1
1
1
1
1
1
1
1
1
1
1
1
1
1
1
1
1
1
1
1
1
1
1
0.999999
0.999996
0.999987
0.999986
0.999988
0.999991
0.999993
0.999994
0.999995
0.999996
0.999994
0.999668
0.99783
0.997923
0.998762
0.999099
0.999188
0.999248
0.999335
0.999504
0.999625
0.999727
0.999797
0.999818
0.999829
0.999823
0.999806
0.999749
0.999526
0.999274
0.999198
0.999201
0.99928
0.99929
0.9991
0.998035
0.994213
0.98569
0.9767
0.972046
0.976099
0.982966
0.988417
0.992114
0.993607
0.993825
0.992108
0.989652
0.985559
0.978526
0.96913
0.96446
0.963309
0.966665
0.971177
0.976624
0.988071
0.994024
0.996162
0.99576
0.995727
0.995863
0.996148
0.996651
0.997332
0.997858
0.998023
0.996457
0.98956
0.969538
0.951267
0.944693
0.937949
0.934909
0.936514
0.943212
0.943124
0.929353
0.91155
0.907092
0.906516
0.907532
0.913302
0.923367
0.927336
0.930802
0.941685
0.945671
0.936384
0.916274
1
1
1
1
1
1
1
1
1
1
1
1
1
1
1
1
1
1
1
1
1
1
1
1
1
1
1
1
1
1
1
1
1
1
1
1
1
1
1
1
1
1
1
1
1
1
1
1
1
1
1
1
1
1
1
1
1
1
1
1
1
1
1
1
1
1
1
1
1
1
1
1
1
1
1
1
1
1
1
1
1
1
1
1
1
1
1
1
1
0.999999
0.999986
0.999953
0.999904
0.999824
0.999701
0.999513
0.999286
0.999123
0.999064
0.998982
0.99863
0.997452
0.997163
0.997797
0.998476
0.998774
0.998973
0.999106
0.999239
0.999377
0.999431
0.999457
0.999503
0.999542
0.999527
0.999493
0.999432
0.999257
0.9991
0.999082
0.999139
0.999271
0.999318
0.999312
0.999228
0.998892
0.997802
0.994022
0.981701
0.967417
0.962047
0.959152
0.956232
0.954964
0.954323
0.953843
0.950521
0.947339
0.941546
0.9375
0.935728
0.9356
0.940373
0.947665
0.952065
0.959581
0.965552
0.968663
0.971477
0.973277
0.971931
0.967314
0.958962
0.944254
0.919117
0.88224
0.849592
0.839519
0.843204
0.863819
0.873203
0.86776
0.82984
0.803082
0.80411
0.828499
0.869445
0.894932
0.907626
0.912584
0.914078
0.915144
0.916043
0.915799
0.912218
0.899936
0.875783
0.822924
0.694689
0.51413
0.880819
0.882241
0.883621
0.88445
0.885086
0.886691
0.892933
0.899701
0.900134
0.896564
0.882461
0.818103
0.749384
0.733675
0.741261
0.787277
0.834078
0.847525
0.843989
0.829986
0.817667
0.802599
0.777976
0.732025
0.62522
0.881866
0.882865
0.884458
0.888587
0.893565
0.903417
0.930231
0.956827
0.962823
0.958208
0.931988
0.897636
0.865439
0.816647
0.788626
0.786492
0.80329
0.848244
0.87629
0.906591
0.933325
0.937043
0.934551
0.931942
0.917223
0.887788
0.887702
0.889773
0.900912
0.93476
0.964797
0.982653
0.989644
0.990317
0.990235
0.988055
0.98296
0.970391
0.929111
0.848307
0.812911
0.815002
0.858422
0.911951
0.943726
0.957739
0.957944
0.952657
0.940708
0.932725
0.918364
0.918642
0.9286
0.960649
0.983738
0.993484
0.994961
0.993491
0.988492
0.988448
0.990589
0.99301
0.992876
0.983815
0.934035
0.852657
0.835226
0.869464
0.931453
0.958453
0.965633
0.966352
0.965853
0.962049
0.941636
0.965836
0.969293
0.982227
0.992955
0.996987
0.997205
0.995272
0.984294
0.964187
0.961642
0.965631
0.9754
0.985887
0.986717
0.971739
0.895129
0.855495
0.88144
0.942519
0.963009
0.966112
0.966806
0.967044
0.96657
0.95285
0.986146
0.991406
0.996509
0.99841
0.998423
0.996107
0.984709
0.953459
0.932599
0.928004
0.929252
0.933785
0.952335
0.976953
0.974808
0.927019
0.873532
0.892004
0.947844
0.96348
0.964037
0.965349
0.966696
0.966925
0.958253
0.995626
0.997989
0.999044
0.999074
0.997549
0.987068
0.949719
0.929158
0.921984
0.91976
0.919464
0.919795
0.922988
0.950502
0.966888
0.943302
0.887941
0.900319
0.949801
0.962658
0.958407
0.961049
0.964511
0.966528
0.960893
0.998822
0.999402
0.999453
0.99872
0.992341
0.958628
0.930849
0.92283
0.920302
0.919262
0.918833
0.918474
0.918783
0.928399
0.954907
0.94592
0.89986
0.906403
0.950079
0.958904
0.951116
0.955028
0.96053
0.965178
0.962072
0.999631
0.999682
0.999403
0.996535
0.974591
0.937399
0.92488
0.921851
0.921438
0.921535
0.922052
0.921499
0.920032
0.922371
0.942668
0.942403
0.908586
0.911016
0.94977
0.952574
0.944016
0.948927
0.956084
0.963164
0.962255
0.999817
0.999729
0.998728
0.99001
0.952189
0.929015
0.923509
0.923362
0.924014
0.924694
0.925812
0.928241
0.926755
0.925564
0.935058
0.937887
0.91446
0.914957
0.948425
0.946756
0.936308
0.942575
0.951892
0.960903
0.961949
0.999877
0.999574
0.996884
0.976186
0.938569
0.926045
0.924306
0.924343
0.924823
0.925844
0.926807
0.930718
0.933285
0.93142
0.934153
0.934821
0.917249
0.917477
0.94476
0.940409
0.927449
0.93546
0.94787
0.95848
0.961302
0.999855
0.999094
0.992809
0.959653
0.931906
0.925286
0.924538
0.924659
0.925117
0.926404
0.927595
0.930706
0.937237
0.936895
0.935966
0.934984
0.91965
0.919504
0.940736
0.933176
0.918326
0.927792
0.944062
0.956073
0.960414
0.999737
0.998021
0.984732
0.946149
0.928574
0.924929
0.924628
0.924822
0.925386
0.927117
0.929207
0.93203
0.939521
0.941274
0.940014
0.936509
0.920831
0.920623
0.936636
0.925727
0.9101
0.919829
0.940544
0.953919
0.959451
0.99947
0.995973
0.973105
0.938716
0.926949
0.924792
0.924708
0.925055
0.925878
0.927874
0.93197
0.935848
0.942523
0.944818
0.943925
0.939727
0.922388
0.921435
0.931927
0.918674
0.903452
0.912195
0.937044
0.952241
0.958504
0.998964
0.992689
0.962004
0.93421
0.926064
0.924768
0.924836
0.92541
0.926442
0.92855
0.934797
0.939792
0.945785
0.947958
0.947216
0.943019
0.924649
0.922054
0.927043
0.912713
0.898643
0.905786
0.933043
0.951134
0.957639
0.998114
0.987803
0.95258
0.931252
0.925536
0.924769
0.92497
0.925739
0.926989
0.929665
0.936819
0.942833
0.948563
0.950886
0.950329
0.946432
0.927294
0.922226
0.923389
0.90824
0.895253
0.900911
0.928511
0.950312
0.956893
0.996761
0.980705
0.945442
0.929267
0.925175
0.924731
0.925073
0.926042
0.927598
0.93122
0.939623
0.946269
0.951685
0.953481
0.952938
0.949491
0.930821
0.922256
0.920606
0.904323
0.892829
0.897502
0.924233
0.949365
0.956228
0.994663
0.971987
0.940442
0.927863
0.924853
0.92463
0.925225
0.926462
0.928393
0.933221
0.942438
0.94898
0.954536
0.956139
0.955563
0.952366
0.934748
0.922587
0.918467
0.900641
0.891116
0.895191
0.920729
0.948581
0.955606
0.991619
0.963363
0.936594
0.9268
0.924493
0.924457
0.925487
0.926962
0.929316
0.935182
0.945395
0.952431
0.956942
0.958298
0.957815
0.955092
0.938776
0.923391
0.916651
0.897629
0.889998
0.893617
0.917748
0.947939
0.954985
0.987203
0.955456
0.933696
0.925902
0.924025
0.924208
0.925837
0.927534
0.930366
0.938066
0.947735
0.955333
0.960046
0.960501
0.959849
0.957364
0.94281
0.925012
0.915061
0.895654
0.889338
0.892665
0.91532
0.947325
0.95448
0.980953
0.94915
0.931556
0.924975
0.923361
0.923932
0.926279
0.928173
0.931572
0.940754
0.951321
0.958293
0.962377
0.962549
0.96186
0.959529
0.946759
0.927167
0.913403
0.894355
0.889025
0.892232
0.91373
0.946756
0.954285
0.973457
0.944632
0.92987
0.923842
0.922486
0.923742
0.926805
0.928901
0.932956
0.943515
0.954142
0.961865
0.964866
0.964611
0.963598
0.961365
0.95051
0.929953
0.912048
0.893712
0.888995
0.892087
0.912715
0.946419
0.954216
0.966412
0.941322
0.928316
0.922448
0.921484
0.923794
0.927447
0.929776
0.93453
0.946883
0.956803
0.96415
0.967067
0.966782
0.965449
0.963041
0.954306
0.932675
0.911865
0.893661
0.889108
0.892106
0.912266
0.946294
0.9542
0.960785
0.939045
0.926668
0.920905
0.920465
0.92421
0.928242
0.930751
0.93627
0.949631
0.960055
0.966198
0.9686
0.968354
0.967121
0.964687
0.957375
0.93589
0.912083
0.893744
0.889462
0.892581
0.912173
0.946283
0.95424
0.957137
0.937419
0.924855
0.919409
0.919739
0.925072
0.929129
0.931772
0.938331
0.952886
0.962462
0.968252
0.970118
0.9698
0.968447
0.966099
0.959882
0.939525
0.912693
0.893987
0.890106
0.893322
0.912688
0.946599
0.954285
0.955441
0.936132
0.922954
0.91838
0.919469
0.926249
0.93013
0.932845
0.940377
0.955788
0.964595
0.969473
0.971223
0.97098
0.969714
0.96741
0.961954
0.943285
0.913988
0.894548
0.890986
0.894318
0.913468
0.94711
0.954306
0.955228
0.934918
0.921528
0.917948
0.919872
0.927732
0.931193
0.933912
0.94267
0.958316
0.966713
0.970869
0.972156
0.971892
0.970706
0.968554
0.963745
0.947067
0.915887
0.895548
0.892144
0.895615
0.914738
0.947883
0.954322
0.955635
0.933753
0.920685
0.918029
0.921092
0.929625
0.932411
0.935062
0.945286
0.96105
0.968378
0.971859
0.973026
0.972815
0.971689
0.969655
0.965406
0.9512
0.918353
0.897002
0.893703
0.897332
0.916464
0.948806
0.954402
0.956857
0.933993
0.920927
0.919122
0.923613
0.931867
0.933771
0.93617
0.948181
0.963398
0.969764
0.972619
0.973585
0.973434
0.972511
0.970645
0.966896
0.954914
0.92215
0.899099
0.895824
0.899643
0.918894
0.95004
0.95473
0.960049
0.934899
0.922098
0.921194
0.927127
0.93437
0.934832
0.936843
0.950965
0.965547
0.970789
0.973113
0.974047
0.973941
0.973142
0.971443
0.968144
0.958017
0.926421
0.901619
0.898379
0.902377
0.921824
0.951351
0.955414
0.965772
0.937061
0.924659
0.924408
0.93163
0.93681
0.935401
0.937725
0.954077
0.967381
0.971606
0.973401
0.974292
0.974256
0.973617
0.97207
0.969162
0.960595
0.931069
0.904725
0.901418
0.905562
0.925234
0.952711
0.956303
0.973296
0.941529
0.929025
0.929288
0.937139
0.939723
0.935655
0.9384
0.956878
0.968802
0.972136
0.973548
0.974406
0.974436
0.973948
0.972579
0.969996
0.962699
0.935745
0.908238
0.904881
0.909148
0.928929
0.954124
0.957379
0.981313
0.948441
0.935688
0.936304
0.943164
0.942863
0.934831
0.938764
0.959459
0.969737
0.972419
0.973596
0.974438
0.974534
0.974146
0.972955
0.970673
0.964441
0.940321
0.912179
0.908818
0.913153
0.932886
0.955663
0.958648
0.98769
0.957763
0.944629
0.945244
0.949364
0.945067
0.933516
0.939322
0.961729
0.970532
0.972648
0.973599
0.974422
0.974576
0.974266
0.973224
0.971207
0.96586
0.944583
0.916394
0.913105
0.917474
0.936952
0.957208
0.959282
0.992142
0.968119
0.954974
0.954897
0.955459
0.945811
0.932151
0.939469
0.963261
0.970905
0.972742
0.973538
0.974255
0.974536
0.974264
0.973372
0.971604
0.967003
0.948509
0.920853
0.917724
0.922083
0.941104
0.958782
0.95974
0.995054
0.977788
0.965103
0.963425
0.961303
0.944053
0.93047
0.939427
0.964458
0.971177
0.972776
0.973528
0.974014
0.974421
0.974215
0.973448
0.971901
0.967929
0.951964
0.925369
0.922508
0.926839
0.945262
0.960192
0.95999
0.996761
0.984863
0.974455
0.971671
0.965877
0.941218
0.928708
0.939174
0.965153
0.971313
0.972775
0.973457
0.973749
0.974181
0.974081
0.97343
0.972078
0.968625
0.954838
0.929856
0.927393
0.931688
0.94936
0.961425
0.959879
0.997372
0.988551
0.981525
0.977994
0.968613
0.939024
0.926902
0.93781
0.965341
0.971369
0.972656
0.973337
0.97358
0.973859
0.973838
0.973363
0.97219
0.969199
0.957276
0.934241
0.932233
0.936503
0.953218
0.962499
0.959608
0.997355
0.990723
0.986779
0.982626
0.969773
0.937569
0.924854
0.93477
0.965119
0.971383
0.972518
0.973255
0.973491
0.973574
0.973594
0.973229
0.97222
0.969577
0.958936
0.938353
0.93692
0.941245
0.956799
0.963352
0.958963
0.997275
0.993891
0.991461
0.98658
0.970153
0.937341
0.922766
0.93073
0.963636
0.971362
0.972285
0.973102
0.973382
0.973376
0.9734
0.973075
0.972189
0.969858
0.960161
0.942271
0.941387
0.945889
0.959947
0.96395
0.957904
0.998922
0.9981
0.996269
0.991074
0.971262
0.938584
0.920391
0.924764
0.959773
0.971208
0.97192
0.972846
0.97323
0.973246
0.97321
0.972908
0.972109
0.97001
0.960887
0.94587
0.945501
0.9505
0.96249
0.964255
0.956218
0.999803
0.99951
0.998499
0.993989
0.973637
0.942355
0.918739
0.916848
0.952134
0.97084
0.971489
0.972465
0.973052
0.973148
0.973059
0.972753
0.971988
0.969982
0.960806
0.949116
0.949238
0.955149
0.964229
0.964325
0.953728
0.999944
0.999822
0.999171
0.995265
0.976288
0.948599
0.919475
0.906781
0.938724
0.969833
0.971328
0.97196
0.972859
0.973033
0.972878
0.972574
0.971819
0.969858
0.960471
0.952008
0.952586
0.959264
0.965367
0.963835
0.950483
0.99998
0.99991
0.999416
0.996017
0.978927
0.957134
0.924341
0.89607
0.918247
0.96722
0.971191
0.971271
0.972474
0.972828
0.972663
0.972356
0.971594
0.969582
0.959832
0.954504
0.955531
0.962601
0.966008
0.962177
0.947083
0.999988
0.999938
0.999531
0.996465
0.981306
0.966328
0.935352
0.889247
0.891547
0.960292
0.971013
0.970808
0.971749
0.972488
0.972502
0.972137
0.97136
0.969011
0.959411
0.956752
0.958272
0.965137
0.966257
0.958694
0.944434
0.999988
0.999945
0.999595
0.996835
0.984566
0.97372
0.951821
0.890742
0.863405
0.943681
0.970808
0.970679
0.970628
0.971947
0.972246
0.971866
0.970994
0.967482
0.959417
0.958754
0.961032
0.966757
0.966135
0.953693
0.94268
0.999983
0.999942
0.999617
0.997042
0.98665
0.978832
0.963512
0.903714
0.839408
0.913439
0.970022
0.970673
0.970002
0.970731
0.971641
0.971377
0.970278
0.965026
0.960205
0.960311
0.963947
0.967623
0.965032
0.948199
0.941675
0.999966
0.999917
0.999586
0.996952
0.988734
0.984019
0.973775
0.923401
0.825754
0.872386
0.967605
0.971034
0.969789
0.969475
0.970044
0.970108
0.968298
0.963718
0.961308
0.961824
0.96666
0.968069
0.962114
0.943207
0.941659
0.999912
0.999839
0.999491
0.99679
0.99169
0.988856
0.981458
0.942207
0.824522
0.830456
0.960915
0.971127
0.969963
0.969032
0.968625
0.967987
0.96623
0.96349
0.962381
0.964159
0.968576
0.968055
0.956082
0.9407
0.943121
0.999731
0.999604
0.999235
0.996848
0.993961
0.9921
0.986606
0.957167
0.834261
0.79722
0.943535
0.970889
0.970718
0.969282
0.968126
0.967118
0.965717
0.963737
0.963826
0.967281
0.969468
0.966696
0.94895
0.939655
0.947046
0.999099
0.998879
0.998596
0.997051
0.995679
0.994568
0.990642
0.968937
0.853544
0.773836
0.911647
0.969494
0.971398
0.969615
0.968348
0.967118
0.965992
0.964901
0.966514
0.969651
0.969782
0.961974
0.943114
0.940294
0.953164
0.997026
0.997354
0.997656
0.997413
0.997067
0.996462
0.993683
0.977576
0.877055
0.757425
0.867407
0.964499
0.971491
0.971244
0.969453
0.968133
0.967442
0.96786
0.969649
0.970725
0.969095
0.952444
0.940567
0.940217
0.955151
0.991367
0.993661
0.996169
0.996993
0.996992
0.996697
0.994666
0.982612
0.900254
0.743879
0.814816
0.951192
0.97019
0.972085
0.971681
0.970919
0.970572
0.970759
0.971245
0.970815
0.963236
0.942763
0.937258
0.932114
0.939694
0.974149
0.982896
0.991694
0.994923
0.995171
0.994784
0.992887
0.982562
0.914184
0.728512
0.756483
0.921683
0.961949
0.970553
0.971931
0.971848
0.971671
0.971502
0.971098
0.966823
0.948398
0.940374
0.921705
0.861377
0.851831
0.962409
0.976496
0.985371
0.987701
0.986666
0.984992
0.983019
0.973352
0.90932
0.703436
0.693815
0.863307
0.934709
0.959011
0.966558
0.968576
0.969109
0.968108
0.962873
0.94925
0.942944
0.917711
0.791609
0.600048
0.589124
0.939194
0.95041
0.952156
0.946716
0.92828
0.92668
0.927857
0.91364
0.804364
0.622726
0.627792
0.765766
0.861695
0.917024
0.944021
0.951518
0.953775
0.951621
0.946103
0.942795
0.909477
0.641678
0.240649
0.148168
0.175982
0.63999
0.658124
0.645193
0.600479
0.563805
0.550654
0.516094
0.441782
0.426632
0.454448
0.592859
0.694964
0.720273
0.730161
0.738817
0.749036
0.741229
0.705833
0.612041
0.363692
0.0940593
0.0185207
0.00300001
4.2089e-05
0.000823137
)
;

boundaryField
{
    inlet
    {
        type            fixedValue;
        value           uniform 1;
    }
    outlet
    {
        type            inletOutlet;
        inletValue      uniform 0;
        value           nonuniform List<scalar> 
57
(
0.62522
0.917223
0.932725
0.941636
0.95285
0.958253
0.960893
0.962072
0.962255
0.961949
0.961302
0.960414
0.959451
0.958504
0.957639
0.956893
0.956228
0.955606
0.954985
0.95448
0.954285
0.954216
0.9542
0.95424
0.954285
0.954306
0.954322
0.954402
0.95473
0.955414
0.956303
0.957379
0.958648
0.959282
0.95974
0.95999
0.959879
0.959608
0.958963
0.957904
0.956218
0.953728
0.950483
0.947083
0.944434
0.94268
0.941675
0.941659
0.943121
0.947046
0.953164
0.955151
0.939694
0.851831
0.589124
0.175982
0.000823137
)
;
    }
    upperWall
    {
        type            zeroGradient;
    }
    lowerWall
    {
        type            zeroGradient;
    }
    frontAndBack
    {
        type            empty;
    }
}


// ************************************************************************* //
