/*--------------------------------*- C++ -*----------------------------------*\
| =========                 |                                                 |
| \\      /  F ield         | OpenFOAM: The Open Source CFD Toolbox           |
|  \\    /   O peration     | Version:  2112                                  |
|   \\  /    A nd           | Website:  www.openfoam.com                      |
|    \\/     M anipulation  |                                                 |
\*---------------------------------------------------------------------------*/
FoamFile
{
    version     2.0;
    format      ascii;
    arch        "LSB;label=32;scalar=64";
    class       volScalarField;
    location    "0.048";
    object      s_0;
}
// * * * * * * * * * * * * * * * * * * * * * * * * * * * * * * * * * * * * * //

dimensions      [0 0 0 0 0 0 0];

internalField   nonuniform List<scalar> 
12225
(
1
1
1
1
1
1
1
1
1
1
1
1
1
1
1
1
1
1
1
1
1
1
1
1
1
1
1
1
1
1
1
1
1
1
1
1
1
1
1
1
1
1
1
1
1
1
1
1
1
1
1
1
1
1
1
1
1
1
1
1
1
1
1
1
1
1
1
1
1
1
1
1
1
1
1
1
1
1
1
1
1
1
1
1
1
1
1
1
1
1
1
1
1
1
1
1
1
1
1
1
1
1
1
1
1
1
1
1
1
1
1
1
1
1
1
1
1
1
1
1
1
1
1
1
1
1
1
1
1
1
1
1
1
1
1
1
1
1
1
1
1
1
1
1
1
1
1
1
1
1
1
1
1
1
1
1
1
1
1
1
1
1
1
1
1
1
1
1
1
1
1
1
1
1
1
1
1
1
1
1
1
1
1
1
1
1
1
1
1
1
1
1
1
1
1
1
1
1
1
1
1
1
1
1
1
1
1
1
1
1
1
1
1
1
1
1
1
1
1
1
1
1
1
1
1
1
1
1
1
1
1
1
1
1
1
1
1
1
1
1
1
1
1
1
1
1
1
1
1
1
1
1
1
1
1
1
1
1
1
1
1
1
1
1
1
1
1
1
1
1
1
1
1
1
1
1
1
1
1
1
1
1
1
1
1
1
1
1
1
1
1
1
1
1
1
1
1
1
1
1
1
1
1
1
1
1
1
1
1
1
1
1
1
1
1
1
1
1
1
1
1
1
1
1
1
1
1
1
1
1
1
1
1
1
1
1
1
1
1
1
1
1
1
1
1
1
1
1
1
1
1
1
1
1
1
1
1
1
1
1
1
1
1
1
1
1
1
1
1
1
1
1
1
1
1
1
1
1
1
1
1
1
1
1
1
1
1
1
1
1
1
1
1
1
1
1
1
1
1
1
1
1
1
1
1
1
1
1
1
1
1
1
1
1
1
1
1
1
1
1
1
1
1
1
1
1
1
1
1
1
1
1
1
1
1
1
1
1
1
1
1
1
1
1
1
1
1
1
1
1
1
1
1
1
1
1
1
1
1
1
1
1
1
1
1
1
1
1
1
1
1
1
1
1
1
1
1
1
1
1
1
1
1
1
1
1
1
1
1
1
1
1
1
1
1
1
1
1
1
1
1
1
1
1
1
1
1
1
1
1
1
1
1
1
1
1
1
1
1
1
1
1
1
1
1
1
1
1
1
1
1
1
1
1
1
1
1
1
1
1
0.667735
0.673384
0.658995
0.655176
0.654318
0.658434
0.674535
0.690334
0.702926
0.710356
0.717515
0.72249
0.726309
0.729062
0.73117
0.7329
0.73371
0.734119
0.733847
0.733065
0.73167
0.730028
0.728039
0.725576
0.723332
0.721321
0.719318
0.718524
0.718699
0.719315
0.720904
0.723548
0.727543
0.732102
0.73704
0.740814
0.74317
0.748501
0.751686
0.740535
0.634136
0.566586
0.574596
0.590581
0.59662
0.601832
0.608366
0.614724
0.622564
0.635358
0.657426
0.692803
0.719313
0.722607
0.715314
0.699811
0.666164
0.647832
0.65764
0.742446
0.838118
0.866897
0.873215
0.875178
0.876189
0.877241
0.877646
0.877805
0.87794
0.878188
0.878544
0.878899
0.879163
0.87934
0.879547
0.8799
0.880349
0.880712
0.880955
0.881219
0.881598
0.882049
0.88245
0.882778
0.883159
0.883566
0.883733
0.883828
0.883948
0.884024
0.884016
0.883915
0.883799
0.883709
0.883572
0.883333
0.883055
0.882812
0.882642
0.882524
0.88246
0.882461
0.88256
0.882625
0.88281
0.883297
0.883868
0.884521
0.885245
0.886321
0.887366
0.888556
0.889852
0.891296
0.892669
0.894041
0.895332
0.896528
0.897612
0.898637
0.8996
0.90051
0.901376
0.902219
0.903054
0.90389
0.90473
0.905569
0.906386
0.907136
0.907718
0.908091
0.908348
0.908854
0.909813
0.911546
0.914175
0.916972
0.918982
0.919781
0.919869
0.919645
0.918542
0.914939
0.907619
0.90015
0.893984
0.888932
0.883566
0.877088
0.870304
0.86474
0.861282
0.859654
0.858689
0.857019
0.852403
0.840712
0.830177
0.816094
0.787377
0.719135
0.593982
0.442805
0.294105
0.173476
0.0913552
0.0434485
0.018916
0.00761452
0.00283994
0.000978305
0.000330088
0.000176276
0.000103153
5.77703e-05
3.10605e-05
1.59173e-05
7.78991e-06
-0.00141801
0.656939
0.670782
0.65576
0.622707
0.623434
0.636529
0.667191
0.693235
0.710306
0.719989
0.725573
0.72655
0.727161
0.726423
0.724339
0.719289
0.710371
0.699266
0.685615
0.669644
0.653914
0.637205
0.620255
0.602604
0.58829
0.575817
0.56243
0.553273
0.55187
0.553436
0.55979
0.573859
0.590667
0.616264
0.635824
0.667182
0.692497
0.715482
0.738985
0.74087
0.727355
0.656817
0.58098
0.561669
0.557455
0.548479
0.535742
0.527945
0.537139
0.560232
0.587214
0.632352
0.717384
0.755146
0.755028
0.729528
0.667457
0.658285
0.731951
0.826015
0.855715
0.865064
0.867359
0.867698
0.867604
0.867253
0.866416
0.865373
0.864515
0.864168
0.864088
0.864193
0.864482
0.864513
0.864527
0.864678
0.864815
0.864819
0.864741
0.864588
0.864365
0.863949
0.863284
0.862569
0.86197
0.861197
0.859795
0.857811
0.85521
0.852282
0.849175
0.846007
0.84298
0.839948
0.836818
0.833575
0.830316
0.826879
0.823478
0.82048
0.818074
0.816007
0.813785
0.811815
0.81097
0.810647
0.810626
0.81159
0.813744
0.81627
0.819602
0.824133
0.829777
0.836364
0.843634
0.851048
0.858427
0.865301
0.871224
0.87611
0.880371
0.884066
0.887211
0.889983
0.892605
0.89528
0.898188
0.901417
0.904917
0.908487
0.911811
0.914459
0.915989
0.916029
0.913499
0.906651
0.901171
0.899328
0.899969
0.906516
0.920339
0.930017
0.937049
0.942915
0.94722
0.949047
0.949124
0.948347
0.945695
0.938496
0.920529
0.903093
0.891405
0.885185
0.882519
0.881575
0.880992
0.879914
0.877191
0.869557
0.861652
0.856167
0.849241
0.832279
0.808097
0.79015
0.764035
0.718982
0.663146
0.616579
0.589127
0.578866
0.575198
0.57192
0.563336
0.538552
0.45368
0.315774
0.222502
0.112801
0.588131
0.586324
0.577548
0.61009
0.686571
0.748859
0.765235
0.763641
0.75911
0.750945
0.739264
0.724558
0.706104
0.681269
0.657261
0.637578
0.620728
0.603004
0.586593
0.568762
0.550603
0.530781
0.510444
0.488888
0.467435
0.445616
0.425037
0.406624
0.391308
0.382209
0.38109
0.383873
0.393916
0.422741
0.47101
0.531124
0.575235
0.62361
0.684839
0.723418
0.727791
0.72073
0.681318
0.595319
0.564632
0.541609
0.509835
0.494525
0.500173
0.53171
0.571297
0.606234
0.67762
0.752807
0.760107
0.721399
0.667114
0.688133
0.801293
0.832524
0.84298
0.839552
0.836057
0.833748
0.832227
0.830423
0.828486
0.82781
0.827642
0.827485
0.827066
0.826693
0.826584
0.826607
0.826475
0.82602
0.825234
0.824058
0.822554
0.820732
0.818566
0.815985
0.813069
0.810047
0.806994
0.80385
0.800988
0.798823
0.797043
0.79527
0.79381
0.792522
0.791179
0.789658
0.787901
0.785633
0.782998
0.779778
0.776094
0.772352
0.768793
0.765393
0.761948
0.758092
0.754131
0.750956
0.748384
0.745684
0.743718
0.741956
0.740654
0.739815
0.739677
0.740698
0.743033
0.746755
0.752155
0.75928
0.767924
0.777586
0.78728
0.796367
0.804228
0.810877
0.817074
0.823617
0.831416
0.841299
0.853775
0.868816
0.885398
0.901634
0.915265
0.925682
0.932805
0.935863
0.935388
0.925462
0.899898
0.885957
0.883208
0.884779
0.895712
0.915643
0.929941
0.941
0.950215
0.95663
0.959529
0.960001
0.95963
0.957684
0.950137
0.929413
0.912289
0.903748
0.901436
0.901753
0.905346
0.909343
0.910099
0.909485
0.904924
0.891566
0.881818
0.87751
0.876376
0.876767
0.879718
0.885421
0.89106
0.898538
0.905332
0.909561
0.910019
0.909341
0.904946
0.893987
0.86524
0.760878
0.524584
0.585784
0.745776
0.796148
0.803837
0.798705
0.771954
0.733371
0.703819
0.690617
0.677358
0.661897
0.650123
0.6371
0.625573
0.61439
0.603907
0.591655
0.579269
0.563466
0.5465
0.525987
0.504058
0.479694
0.454574
0.428802
0.404682
0.382375
0.36242
0.345462
0.332381
0.326528
0.326627
0.331575
0.348761
0.406717
0.490812
0.529836
0.581874
0.659186
0.707135
0.717257
0.713481
0.693338
0.644538
0.593305
0.549135
0.529177
0.531597
0.547066
0.596708
0.627953
0.672098
0.748676
0.763505
0.72185
0.679681
0.757653
0.808487
0.817818
0.799579
0.790325
0.784326
0.780374
0.776505
0.774599
0.773851
0.77354
0.773164
0.771819
0.769806
0.768161
0.767476
0.767198
0.767099
0.767392
0.768005
0.769018
0.769777
0.770773
0.771879
0.773115
0.774359
0.775868
0.777727
0.779899
0.78225
0.785269
0.789
0.79327
0.79775
0.802393
0.807303
0.811914
0.815577
0.81814
0.819309
0.819535
0.81827
0.815406
0.811461
0.806214
0.800165
0.793434
0.786049
0.778607
0.771776
0.764809
0.757798
0.751211
0.745201
0.739978
0.735432
0.731472
0.72817
0.725607
0.723885
0.723093
0.723167
0.72425
0.726328
0.72914
0.732904
0.73757
0.742862
0.7487
0.755283
0.763164
0.773167
0.786585
0.804772
0.828392
0.856156
0.884435
0.909697
0.930411
0.944912
0.951281
0.95162
0.945086
0.915794
0.890138
0.880608
0.879705
0.883185
0.899421
0.920528
0.937103
0.94983
0.958793
0.963741
0.965211
0.965024
0.962378
0.949268
0.927214
0.915389
0.911993
0.912285
0.917125
0.929691
0.935885
0.936758
0.935119
0.924622
0.906492
0.89776
0.895653
0.895993
0.899418
0.912006
0.928348
0.942324
0.954753
0.964837
0.971859
0.974225
0.974253
0.972603
0.953974
0.783487
0.832944
0.836523
0.807989
0.772576
0.738073
0.719638
0.70663
0.694573
0.687806
0.681365
0.679091
0.679137
0.682829
0.689867
0.697843
0.702521
0.704336
0.698606
0.686727
0.666791
0.639073
0.606773
0.569975
0.52937
0.486289
0.444623
0.405946
0.372437
0.346532
0.327417
0.316278
0.311629
0.311563
0.316817
0.340117
0.41042
0.48778
0.526801
0.56675
0.638992
0.690199
0.707163
0.706653
0.700357
0.688565
0.662933
0.638418
0.639056
0.649068
0.661132
0.669832
0.705135
0.762221
0.763721
0.716513
0.731702
0.784194
0.800332
0.780834
0.769158
0.762609
0.758019
0.755554
0.7535
0.751535
0.748795
0.746064
0.744839
0.744352
0.744381
0.746659
0.749126
0.751103
0.754356
0.758334
0.762335
0.766398
0.770492
0.774882
0.780581
0.787631
0.796507
0.807476
0.820825
0.836325
0.854105
0.871176
0.88704
0.901502
0.913605
0.923239
0.930463
0.935778
0.939881
0.942889
0.945061
0.946451
0.947037
0.94716
0.946067
0.943981
0.940475
0.935309
0.928174
0.91866
0.906683
0.89269
0.876723
0.858959
0.840232
0.821686
0.804664
0.790235
0.777037
0.765102
0.754667
0.745761
0.73852
0.7332
0.730034
0.72895
0.72933
0.731859
0.736182
0.741371
0.747331
0.753968
0.761669
0.771442
0.784851
0.803024
0.8269
0.855182
0.883594
0.90769
0.927849
0.94616
0.958737
0.962599
0.961521
0.95235
0.920621
0.897
0.889721
0.889269
0.891524
0.903223
0.925766
0.943981
0.956884
0.964632
0.967706
0.967929
0.966066
0.954959
0.932146
0.919899
0.916664
0.917202
0.922915
0.937752
0.946648
0.948906
0.948165
0.941638
0.921208
0.907031
0.902212
0.901953
0.904355
0.916034
0.934931
0.949923
0.961608
0.971145
0.97909
0.985088
0.987775
0.986332
0.856272
0.812817
0.790035
0.776489
0.752189
0.741746
0.73777
0.740537
0.755539
0.781392
0.807414
0.83631
0.863001
0.881527
0.899307
0.908144
0.912758
0.914466
0.91283
0.90618
0.893955
0.874802
0.844985
0.801602
0.745854
0.677469
0.60171
0.532791
0.46292
0.404782
0.35645
0.329058
0.316653
0.31218
0.314505
0.33058
0.383713
0.448527
0.503617
0.539438
0.564536
0.617788
0.669132
0.69415
0.699193
0.699037
0.697101
0.690423
0.689072
0.688215
0.681398
0.682863
0.722457
0.767124
0.75429
0.730765
0.765921
0.780741
0.769401
0.751649
0.744393
0.739087
0.735437
0.733695
0.732948
0.732747
0.733069
0.732893
0.733692
0.735841
0.739393
0.743677
0.748096
0.752818
0.758866
0.766848
0.776705
0.788948
0.804773
0.825576
0.852028
0.873027
0.897295
0.917265
0.932628
0.946465
0.95386
0.959676
0.963694
0.96551
0.966338
0.967244
0.968009
0.96861
0.969546
0.970477
0.971346
0.973209
0.974088
0.976228
0.977541
0.979189
0.980536
0.981717
0.982507
0.982591
0.981823
0.979989
0.976665
0.971202
0.962996
0.951249
0.934996
0.913892
0.890411
0.866493
0.844611
0.826101
0.809415
0.794424
0.781611
0.771632
0.764986
0.761708
0.761065
0.762102
0.766912
0.772862
0.77761
0.78194
0.788838
0.801509
0.821354
0.848022
0.877614
0.904151
0.923643
0.938058
0.952013
0.964577
0.970598
0.971008
0.968697
0.958035
0.92812
0.910129
0.906331
0.907201
0.910779
0.922843
0.94279
0.957879
0.966695
0.970044
0.970219
0.967899
0.954786
0.93219
0.919988
0.916217
0.916484
0.921297
0.936822
0.948027
0.951672
0.951429
0.94657
0.927591
0.910759
0.903801
0.902627
0.904018
0.912842
0.933958
0.951266
0.964367
0.974472
0.981878
0.988248
0.990731
0.847147
0.808702
0.791347
0.779901
0.773676
0.791224
0.840571
0.866234
0.901289
0.918537
0.939361
0.952649
0.962108
0.970624
0.974693
0.977564
0.978853
0.979328
0.979163
0.977526
0.974664
0.969931
0.962273
0.95003
0.930235
0.897862
0.844216
0.756359
0.650567
0.546506
0.455822
0.389175
0.355397
0.338619
0.332562
0.341969
0.383221
0.444804
0.489267
0.519448
0.548149
0.567087
0.595838
0.642194
0.673455
0.688904
0.693401
0.693168
0.692385
0.688603
0.677529
0.690204
0.758047
0.768341
0.752471
0.755505
0.765348
0.761069
0.739149
0.730789
0.724012
0.719694
0.717074
0.715943
0.715628
0.716625
0.719741
0.723535
0.72848
0.734458
0.740158
0.746575
0.755709
0.768859
0.787223
0.812792
0.848679
0.875711
0.902872
0.925205
0.936248
0.949936
0.957088
0.962054
0.965252
0.966673
0.967124
0.967122
0.965911
0.963537
0.960536
0.957247
0.954261
0.952215
0.951255
0.950988
0.951584
0.95558
0.957505
0.963363
0.967547
0.97274
0.977198
0.981148
0.984369
0.986974
0.989013
0.990548
0.991644
0.992361
0.992453
0.991498
0.989048
0.984585
0.977259
0.965669
0.94879
0.927555
0.90559
0.884758
0.86631
0.850519
0.838035
0.829958
0.826287
0.825571
0.826073
0.82965
0.835434
0.83809
0.838647
0.839043
0.841382
0.853054
0.880288
0.907409
0.930179
0.944224
0.951635
0.959077
0.968806
0.976454
0.978844
0.978408
0.975682
0.968242
0.94979
0.93591
0.933029
0.933791
0.936847
0.946618
0.960987
0.969577
0.972419
0.972266
0.9684
0.950433
0.928565
0.917432
0.913678
0.913738
0.917738
0.934119
0.948125
0.952761
0.952645
0.947701
0.928064
0.910854
0.903687
0.902313
0.903493
0.911545
0.934063
0.953428
0.96761
0.977466
0.985459
0.99025
0.846919
0.814047
0.805683
0.811912
0.849731
0.899062
0.930457
0.945933
0.96277
0.971277
0.980549
0.98526
0.988337
0.99078
0.991914
0.992788
0.993165
0.993317
0.99337
0.993295
0.992969
0.992288
0.990989
0.988656
0.984409
0.976608
0.962431
0.936354
0.887371
0.794718
0.671595
0.542229
0.461034
0.409886
0.385276
0.375494
0.394353
0.438476
0.481176
0.51396
0.531318
0.546522
0.564968
0.579867
0.60965
0.646896
0.671764
0.683551
0.685982
0.680309
0.677399
0.7248
0.776236
0.765544
0.756114
0.757922
0.756597
0.737161
0.726473
0.719061
0.713426
0.709647
0.707996
0.707517
0.707592
0.709372
0.713418
0.71936
0.727118
0.735807
0.746224
0.761159
0.785029
0.823115
0.872854
0.908219
0.927986
0.942518
0.951306
0.955741
0.957642
0.958826
0.95934
0.959548
0.95725
0.951615
0.944291
0.934387
0.922895
0.910378
0.899245
0.889335
0.881284
0.875739
0.872609
0.871033
0.871165
0.879617
0.885167
0.898159
0.910717
0.924979
0.938607
0.951205
0.96223
0.971476
0.978966
0.984822
0.989207
0.992272
0.994305
0.995611
0.996376
0.996735
0.996507
0.995223
0.992204
0.98688
0.978431
0.966436
0.95059
0.932141
0.913865
0.899288
0.890936
0.887832
0.887503
0.888287
0.892417
0.897463
0.900053
0.901467
0.903462
0.908257
0.923833
0.94015
0.952499
0.963197
0.969576
0.971559
0.972534
0.974637
0.979837
0.984489
0.9857
0.98537
0.983759
0.98019
0.970298
0.958873
0.955031
0.955206
0.958022
0.967177
0.973407
0.974808
0.973909
0.966815
0.943192
0.923833
0.915161
0.91288
0.913442
0.919513
0.938961
0.952017
0.955657
0.955048
0.947933
0.925722
0.910137
0.904091
0.903151
0.904443
0.912754
0.936095
0.956893
0.971191
0.981535
0.988458
0.851048
0.835849
0.845801
0.883001
0.925689
0.952019
0.969105
0.977204
0.985153
0.988968
0.991688
0.993019
0.993698
0.994223
0.994466
0.994653
0.994735
0.994792
0.994835
0.994951
0.99515
0.995283
0.995374
0.995421
0.995423
0.994514
0.992398
0.987642
0.977336
0.956497
0.914899
0.837096
0.705786
0.574562
0.494651
0.443197
0.422665
0.434739
0.462194
0.495189
0.517536
0.531912
0.542565
0.552341
0.563692
0.587172
0.626127
0.656324
0.66621
0.663735
0.678162
0.763457
0.779963
0.765281
0.758598
0.756529
0.744854
0.731314
0.724226
0.715887
0.711113
0.707615
0.706357
0.706163
0.70673
0.708948
0.713459
0.72046
0.730473
0.74474
0.767118
0.805446
0.856597
0.90766
0.933767
0.9478
0.954289
0.956856
0.957392
0.956063
0.954471
0.950122
0.942813
0.931052
0.913094
0.88933
0.865494
0.841264
0.822333
0.803585
0.789042
0.775935
0.765481
0.75802
0.751965
0.746971
0.746068
0.753272
0.761861
0.777425
0.799747
0.826685
0.855667
0.881687
0.905854
0.926749
0.944378
0.958974
0.970847
0.980208
0.987222
0.992128
0.995265
0.997055
0.998021
0.998504
0.998685
0.998544
0.997738
0.995924
0.993141
0.988521
0.980678
0.96935
0.957227
0.948679
0.944881
0.944009
0.944145
0.945163
0.945897
0.947014
0.949814
0.959232
0.971305
0.979209
0.982804
0.984489
0.985439
0.985434
0.984938
0.983965
0.984081
0.984906
0.987568
0.990278
0.990975
0.990824
0.989631
0.984616
0.973408
0.9674
0.96645
0.967964
0.973729
0.976848
0.976932
0.974275
0.960025
0.935112
0.920187
0.914703
0.914263
0.916794
0.931037
0.950908
0.95982
0.961298
0.959383
0.946726
0.923856
0.911578
0.907587
0.907484
0.909919
0.921708
0.945348
0.963668
0.976798
0.985812
0.862466
0.863002
0.889993
0.932635
0.961765
0.976007
0.984768
0.988759
0.991363
0.992422
0.992887
0.993065
0.993119
0.99269
0.992028
0.991321
0.990682
0.99024
0.99008
0.990444
0.991115
0.992381
0.993602
0.994648
0.995881
0.996463
0.996862
0.996994
0.996185
0.993464
0.986585
0.971212
0.938555
0.87313
0.744102
0.601646
0.508685
0.465576
0.456167
0.469434
0.492413
0.514913
0.525766
0.532558
0.540332
0.554706
0.592219
0.637274
0.650246
0.654698
0.702374
0.786614
0.780585
0.766196
0.761021
0.756003
0.743194
0.73176
0.725006
0.716281
0.711794
0.708927
0.708189
0.708917
0.710694
0.714771
0.722461
0.734914
0.753018
0.780378
0.821979
0.87224
0.919785
0.944666
0.954575
0.957751
0.957219
0.956195
0.952863
0.944946
0.930924
0.907702
0.870629
0.837519
0.802701
0.777
0.750727
0.731137
0.709998
0.695605
0.680765
0.670267
0.661313
0.656327
0.655129
0.659906
0.669741
0.677637
0.686057
0.693658
0.703163
0.717453
0.739982
0.774449
0.815399
0.854188
0.886126
0.912935
0.93516
0.953441
0.968073
0.979256
0.987318
0.992731
0.996072
0.997938
0.998859
0.999286
0.999472
0.999523
0.999452
0.999134
0.998334
0.996379
0.993395
0.990515
0.98852
0.987467
0.986996
0.986761
0.986636
0.986623
0.986793
0.987658
0.990026
0.992316
0.993777
0.994122
0.994046
0.99375
0.993206
0.991955
0.989908
0.989155
0.989444
0.990939
0.993266
0.994138
0.994118
0.993145
0.987908
0.978256
0.973812
0.973236
0.974847
0.978452
0.97917
0.978038
0.970165
0.946097
0.927154
0.918681
0.917081
0.918667
0.929514
0.951957
0.965053
0.969356
0.969354
0.965557
0.948618
0.930747
0.923077
0.921363
0.921933
0.926526
0.942295
0.96024
0.973736
0.983546
0.875414
0.888834
0.922105
0.961063
0.978374
0.986342
0.990084
0.99155
0.99209
0.99223
0.991937
0.990763
0.988595
0.985484
0.982024
0.97848
0.97557
0.974114
0.973584
0.974069
0.975579
0.978535
0.981789
0.985376
0.989314
0.992317
0.995302
0.997211
0.998039
0.998325
0.998241
0.996688
0.992177
0.980785
0.953714
0.891726
0.750846
0.597119
0.511974
0.47495
0.470936
0.483156
0.50525
0.518454
0.525412
0.535114
0.562079
0.616947
0.637364
0.649364
0.728887
0.795153
0.781468
0.767943
0.763284
0.756885
0.744898
0.736015
0.728321
0.720147
0.717742
0.718045
0.721864
0.729932
0.740451
0.75096
0.764769
0.796426
0.824485
0.850568
0.881255
0.918127
0.947617
0.958513
0.961293
0.957899
0.954488
0.94691
0.929659
0.896476
0.849568
0.799488
0.770703
0.744963
0.726568
0.704777
0.68566
0.662507
0.63962
0.620978
0.606675
0.59942
0.596766
0.598004
0.608478
0.623925
0.639488
0.651584
0.664319
0.674291
0.68136
0.686717
0.692825
0.702266
0.719533
0.752716
0.800556
0.846685
0.883564
0.91409
0.938992
0.958527
0.973085
0.983381
0.990294
0.994677
0.997268
0.998671
0.999358
0.999661
0.999792
0.999841
0.999838
0.999752
0.999396
0.998787
0.99824
0.997818
0.997498
0.997256
0.997079
0.996958
0.996904
0.996914
0.997086
0.99761
0.997867
0.997867
0.997765
0.997437
0.997109
0.996677
0.995604
0.993855
0.993025
0.993092
0.993967
0.995399
0.9958
0.995622
0.993953
0.986835
0.979916
0.977733
0.977859
0.979859
0.980967
0.980395
0.975179
0.954424
0.933602
0.92429
0.922462
0.923669
0.932524
0.95453
0.969795
0.976921
0.978648
0.978258
0.9747
0.964579
0.957178
0.953646
0.952517
0.952564
0.954436
0.962312
0.974164
0.983189
0.88591
0.906431
0.945941
0.975362
0.985846
0.989903
0.991297
0.991605
0.991668
0.990585
0.987744
0.982229
0.97318
0.965318
0.957877
0.953263
0.949594
0.947967
0.947393
0.948106
0.950193
0.954085
0.959643
0.966324
0.972606
0.978254
0.984311
0.99125
0.995668
0.998061
0.998973
0.999256
0.999251
0.998286
0.995024
0.985427
0.958658
0.888863
0.729853
0.574538
0.499987
0.473112
0.476906
0.497378
0.513165
0.521283
0.538093
0.583634
0.6099
0.637444
0.733583
0.797003
0.783703
0.771826
0.766011
0.759851
0.751837
0.74757
0.733582
0.72583
0.725536
0.728136
0.735258
0.749805
0.77709
0.817251
0.855008
0.875481
0.891455
0.906653
0.922857
0.945185
0.960751
0.964561
0.961884
0.955618
0.944283
0.918576
0.85876
0.8088
0.773222
0.747915
0.732983
0.709178
0.69154
0.662542
0.634253
0.598012
0.564167
0.541444
0.527884
0.522996
0.525177
0.537117
0.556572
0.579609
0.603808
0.628152
0.650604
0.667194
0.678158
0.684394
0.687377
0.690391
0.694327
0.70174
0.717865
0.754432
0.808729
0.857108
0.897005
0.929102
0.953358
0.970535
0.982063
0.989493
0.994118
0.996882
0.998447
0.999273
0.999674
0.999849
0.999917
0.999938
0.999935
0.99989
0.999779
0.999668
0.999564
0.999476
0.999406
0.999346
0.999289
0.99925
0.999244
0.999282
0.999309
0.999296
0.999233
0.999011
0.998769
0.998586
0.998262
0.997372
0.996142
0.995663
0.995702
0.996229
0.99674
0.99674
0.996091
0.992237
0.984787
0.981321
0.980818
0.981639
0.982689
0.982393
0.978723
0.961896
0.943069
0.935155
0.933877
0.935132
0.942995
0.961428
0.975013
0.982865
0.986261
0.987034
0.986923
0.986256
0.984417
0.980982
0.978002
0.976372
0.975932
0.976223
0.978359
0.984398
0.89486
0.924531
0.961059
0.982577
0.988948
0.990898
0.991304
0.991217
0.989719
0.985415
0.975502
0.962797
0.952834
0.945849
0.940582
0.937633
0.936187
0.935663
0.935599
0.936546
0.937904
0.940183
0.943545
0.948938
0.956787
0.965216
0.970986
0.976733
0.985557
0.993474
0.997292
0.999015
0.999603
0.999755
0.99968
0.998956
0.996141
0.986286
0.954759
0.860672
0.679087
0.54309
0.482946
0.474813
0.48599
0.499992
0.523193
0.56354
0.584679
0.614508
0.72306
0.795032
0.789527
0.775264
0.771867
0.76923
0.767824
0.764318
0.743581
0.731816
0.729803
0.731465
0.737059
0.749993
0.778923
0.82755
0.890766
0.927038
0.93995
0.9436
0.950628
0.960867
0.968167
0.968084
0.961271
0.94925
0.92233
0.861735
0.8014
0.767515
0.739792
0.72244
0.699431
0.662228
0.617313
0.564383
0.517959
0.483815
0.468847
0.463545
0.463286
0.466364
0.470685
0.475089
0.481132
0.492852
0.517434
0.558783
0.60847
0.648107
0.673851
0.687373
0.693751
0.692637
0.693034
0.695185
0.698933
0.707154
0.728668
0.779177
0.837048
0.885718
0.924219
0.952179
0.970974
0.982889
0.99016
0.994494
0.997027
0.998469
0.999257
0.999665
0.999858
0.999938
0.999967
0.999975
0.999973
0.999958
0.999933
0.999911
0.999893
0.999875
0.999852
0.99983
0.999817
0.999809
0.999802
0.999789
0.999759
0.999664
0.999499
0.999392
0.999276
0.999021
0.998273
0.99758
0.997407
0.997461
0.997613
0.997602
0.997245
0.995082
0.988515
0.984275
0.983223
0.983519
0.984488
0.984414
0.982182
0.970407
0.956042
0.950724
0.950287
0.951835
0.959422
0.971492
0.980448
0.986479
0.99016
0.992245
0.993361
0.99382
0.993876
0.99374
0.992924
0.990428
0.988677
0.988176
0.988224
0.988767
0.903209
0.935458
0.969493
0.985863
0.990123
0.991102
0.991199
0.990329
0.98663
0.976266
0.9614
0.948947
0.941353
0.936078
0.933459
0.932204
0.931678
0.931533
0.931949
0.932524
0.933591
0.935337
0.937709
0.941387
0.948192
0.958904
0.966269
0.971408
0.975979
0.983174
0.992059
0.99682
0.998924
0.9997
0.999897
0.999937
0.99983
0.999161
0.995996
0.98297
0.936745
0.796272
0.606746
0.504656
0.469273
0.464312
0.480273
0.536443
0.56806
0.595671
0.694381
0.786542
0.794349
0.783209
0.777316
0.779443
0.786515
0.783621
0.768075
0.745203
0.737705
0.736163
0.738165
0.74317
0.762311
0.811962
0.887003
0.934384
0.958986
0.969207
0.969458
0.971583
0.973418
0.970052
0.95748
0.933607
0.871594
0.787105
0.744831
0.715954
0.689857
0.666191
0.623678
0.574505
0.52428
0.485276
0.464145
0.455959
0.454609
0.460733
0.474349
0.481321
0.482695
0.477338
0.471662
0.469036
0.47238
0.483658
0.51374
0.579539
0.646569
0.682901
0.700009
0.707199
0.702889
0.698781
0.698183
0.700458
0.705667
0.719732
0.762961
0.827858
0.883169
0.925469
0.95483
0.973635
0.984989
0.991596
0.995369
0.997505
0.998702
0.999359
0.999703
0.999873
0.999949
0.999978
0.999988
0.999991
0.999991
0.999987
0.999983
0.999979
0.999973
0.999967
0.999961
0.999956
0.999952
0.999946
0.999934
0.999905
0.999822
0.999749
0.999698
0.999612
0.999384
0.998857
0.99853
0.998442
0.998427
0.99838
0.9981
0.996639
0.991288
0.986719
0.985274
0.985327
0.986239
0.986434
0.985381
0.978581
0.969671
0.967016
0.967138
0.969125
0.974931
0.980585
0.985318
0.989218
0.992239
0.994452
0.996017
0.997034
0.997542
0.997648
0.997535
0.996727
0.995022
0.99416
0.994001
0.993855
0.908979
0.94553
0.97421
0.987911
0.990695
0.991139
0.990773
0.987902
0.980052
0.965494
0.951079
0.941111
0.935937
0.932504
0.931031
0.9303
0.929987
0.929957
0.930084
0.930432
0.931248
0.932954
0.935276
0.938052
0.942821
0.952592
0.963613
0.970226
0.973819
0.978576
0.986171
0.993129
0.997246
0.99908
0.999752
0.999943
0.999981
0.999975
0.99983
0.998837
0.993504
0.970981
0.88877
0.707917
0.563328
0.486839
0.462226
0.473126
0.526383
0.562218
0.634543
0.760131
0.792177
0.79179
0.786516
0.7863
0.792581
0.798091
0.792635
0.77784
0.761506
0.751716
0.745393
0.743742
0.746911
0.763393
0.832568
0.918861
0.956408
0.973696
0.981219
0.980794
0.978836
0.972824
0.957305
0.911601
0.820762
0.73543
0.691236
0.656443
0.632499
0.603851
0.564654
0.529216
0.498224
0.481442
0.473636
0.487665
0.527033
0.58801
0.632476
0.653446
0.646651
0.611452
0.55698
0.51105
0.481968
0.475457
0.483559
0.504566
0.569324
0.651812
0.693727
0.71193
0.718524
0.71419
0.706248
0.702663
0.703299
0.707409
0.718336
0.757351
0.829357
0.889003
0.93217
0.960504
0.977758
0.987725
0.993303
0.996382
0.998077
0.999008
0.999511
0.999773
0.999902
0.999961
0.999985
0.999994
0.999997
0.999998
0.999998
0.999997
0.999996
0.999995
0.999993
0.999992
0.99999
0.999988
0.999985
0.999977
0.999952
0.999907
0.999878
0.999846
0.999776
0.999558
0.999269
0.999135
0.999084
0.999002
0.998744
0.997633
0.993277
0.988771
0.987102
0.987015
0.987832
0.988433
0.9881
0.985088
0.98083
0.979938
0.980353
0.982901
0.986558
0.98855
0.98999
0.991703
0.99367
0.995531
0.997051
0.99813
0.998743
0.998961
0.998965
0.998767
0.997927
0.997192
0.997
0.996821
0.914637
0.950709
0.975755
0.987838
0.990684
0.991136
0.990604
0.987624
0.978957
0.963921
0.949838
0.93981
0.934348
0.931047
0.929334
0.928611
0.928694
0.929136
0.928876
0.928545
0.928881
0.930537
0.934032
0.93708
0.941225
0.95041
0.962321
0.970115
0.973663
0.977454
0.983918
0.991309
0.996152
0.998555
0.999529
0.999864
0.999967
0.999992
0.999995
0.999964
0.999662
0.997565
0.985972
0.938157
0.804291
0.642616
0.525805
0.481619
0.485222
0.507901
0.555494
0.689048
0.773357
0.790403
0.792681
0.79301
0.79526
0.801381
0.804134
0.800778
0.793487
0.786062
0.777115
0.764898
0.75285
0.755805
0.770058
0.825802
0.92378
0.965205
0.980698
0.985926
0.985026
0.978945
0.961255
0.91542
0.820608
0.732683
0.680524
0.632569
0.602549
0.575948
0.548268
0.524803
0.504023
0.505941
0.552311
0.663532
0.764423
0.818473
0.838793
0.846426
0.845209
0.832895
0.797193
0.707576
0.58849
0.51547
0.490204
0.494261
0.516158
0.589631
0.668234
0.707048
0.722519
0.726351
0.72313
0.713313
0.708
0.707486
0.710918
0.721007
0.760137
0.838397
0.900014
0.94172
0.967431
0.982279
0.990502
0.994948
0.997329
0.998606
0.999292
0.999656
0.999843
0.999933
0.999973
0.99999
0.999996
0.999998
0.999999
0.999999
0.999999
0.999999
0.999999
0.999999
0.999999
0.999998
0.999997
0.999995
0.99999
0.999972
0.999954
0.999941
0.999916
0.999847
0.999676
0.999567
0.999515
0.999434
0.999213
0.99835
0.994837
0.990605
0.988843
0.988644
0.989281
0.990424
0.990495
0.989745
0.988548
0.988471
0.988977
0.991068
0.993043
0.994014
0.994438
0.994689
0.995099
0.996125
0.99745
0.998476
0.999114
0.999405
0.999468
0.99943
0.999151
0.998718
0.998582
0.998464
0.920064
0.949919
0.974821
0.987037
0.99044
0.991086
0.99069
0.988267
0.980879
0.966398
0.952332
0.941724
0.935521
0.931789
0.929702
0.928643
0.928159
0.927823
0.927677
0.927749
0.92816
0.929493
0.933341
0.937564
0.942611
0.952549
0.964872
0.9736
0.976645
0.978263
0.98332
0.990783
0.995822
0.998394
0.999464
0.999841
0.999957
0.999989
0.999998
0.999999
0.999995
0.999927
0.999157
0.993204
0.963647
0.865464
0.698872
0.551885
0.498727
0.497846
0.509591
0.557309
0.700352
0.771772
0.789732
0.794395
0.796546
0.801122
0.805543
0.80793
0.807118
0.805265
0.802169
0.797201
0.786008
0.767492
0.767879
0.776138
0.817636
0.918502
0.967905
0.983919
0.987435
0.985327
0.971899
0.929857
0.833303
0.741756
0.685775
0.634028
0.600753
0.574214
0.549268
0.531163
0.531264
0.605653
0.736849
0.820482
0.860841
0.872534
0.874935
0.875737
0.875999
0.875974
0.872927
0.859605
0.801523
0.644922
0.542922
0.508844
0.512042
0.544533
0.634158
0.694586
0.721684
0.730777
0.731806
0.728598
0.719571
0.714508
0.713391
0.716346
0.727221
0.774169
0.855786
0.915226
0.952849
0.974659
0.986634
0.993023
0.996381
0.998135
0.99905
0.999529
0.999777
0.9999
0.999958
0.999983
0.999994
0.999998
0.999999
1
1
1
1
1
1
1
1
0.999999
0.999998
0.999994
0.999985
0.999978
0.999968
0.999944
0.999868
0.9998
0.999761
0.999696
0.999523
0.998863
0.996087
0.992253
0.990494
0.990193
0.990533
0.992016
0.992878
0.992969
0.99297
0.993144
0.994046
0.995596
0.996518
0.996895
0.996984
0.996994
0.997011
0.997143
0.997734
0.99866
0.999268
0.999583
0.999691
0.999697
0.999638
0.999453
0.999381
0.999317
0.925216
0.9471
0.972083
0.985096
0.989712
0.990902
0.990791
0.989591
0.985179
0.97275
0.9584
0.946819
0.93916
0.934361
0.931473
0.929775
0.92884
0.928361
0.928374
0.928647
0.929478
0.9315
0.936288
0.940449
0.948055
0.96178
0.972703
0.97684
0.978589
0.980771
0.985966
0.992505
0.996722
0.998776
0.999593
0.999877
0.999966
0.999991
0.999998
1
1
0.999999
0.999979
0.999658
0.995896
0.971404
0.891852
0.726258
0.568873
0.511233
0.507581
0.516841
0.564592
0.702252
0.769187
0.789873
0.795641
0.800014
0.804715
0.808033
0.810043
0.8108
0.810433
0.809095
0.805662
0.798038
0.779821
0.77654
0.782502
0.817744
0.918714
0.970129
0.985359
0.986997
0.981994
0.956979
0.866531
0.765889
0.701635
0.643528
0.605129
0.577474
0.555476
0.552008
0.603858
0.725105
0.816113
0.860037
0.875011
0.878681
0.878829
0.877783
0.877635
0.878967
0.880901
0.879291
0.865482
0.79166
0.625815
0.542042
0.523776
0.537472
0.609652
0.684208
0.720091
0.732703
0.735394
0.734477
0.728659
0.723284
0.720951
0.720497
0.723462
0.739343
0.805584
0.882513
0.934015
0.964757
0.981664
0.990561
0.995172
0.99755
0.99877
0.999394
0.999709
0.999866
0.999941
0.999975
0.999989
0.999996
0.999998
0.999999
1
1
1
1
1
1
1
1
1
0.999999
0.999995
0.999992
0.999988
0.999978
0.999946
0.999912
0.999887
0.99984
0.999712
0.999217
0.99707
0.9937
0.992041
0.99169
0.991889
0.993152
0.994438
0.994975
0.995389
0.996095
0.997032
0.997814
0.998248
0.998399
0.998406
0.998333
0.998268
0.998277
0.998425
0.998955
0.999436
0.999702
0.999817
0.999843
0.999836
0.999785
0.999755
0.999726
0.929711
0.939294
0.965499
0.981277
0.988049
0.990359
0.990666
0.990321
0.988617
0.983498
0.971053
0.956603
0.946698
0.9401
0.935914
0.933427
0.931608
0.931127
0.931342
0.932122
0.933859
0.93805
0.943452
0.949286
0.961418
0.9721
0.976851
0.978595
0.979748
0.9823
0.988702
0.995191
0.998283
0.999429
0.999828
0.999953
0.999988
0.999997
0.999999
1
1
1
1
0.999989
0.999808
0.997345
0.978026
0.902804
0.729956
0.579197
0.522014
0.51728
0.525744
0.571252
0.70063
0.767221
0.789179
0.797236
0.802709
0.806766
0.809664
0.811346
0.812035
0.81192
0.810841
0.807939
0.801674
0.785726
0.782534
0.788425
0.825627
0.927243
0.973638
0.985522
0.985333
0.975232
0.926672
0.81117
0.735
0.665478
0.617877
0.58675
0.5731
0.5933
0.678319
0.779748
0.843039
0.870289
0.879329
0.881348
0.880865
0.878237
0.877473
0.878681
0.883458
0.884509
0.879546
0.840462
0.685541
0.565572
0.533031
0.538877
0.599927
0.679963
0.719578
0.734743
0.737784
0.736888
0.731106
0.725539
0.723251
0.72297
0.72411
0.731534
0.76872
0.851245
0.913649
0.953224
0.975756
0.987682
0.993775
0.996866
0.998438
0.999236
0.999635
0.999831
0.999923
0.999965
0.999984
0.999992
0.999996
0.999998
0.999999
1
1
1
1
1
1
1
1
1
0.999999
0.999997
0.999995
0.999991
0.999977
0.999962
0.999947
0.999916
0.999824
0.99946
0.997833
0.994949
0.993452
0.993094
0.993211
0.994163
0.995567
0.996414
0.997091
0.997786
0.99842
0.998868
0.999102
0.99918
0.99918
0.999119
0.999044
0.999032
0.999072
0.999297
0.999614
0.999802
0.999893
0.999924
0.999927
0.99992
0.999913
0.999902
0.936864
0.939459
0.952135
0.973108
0.98441
0.988933
0.990245
0.990231
0.989785
0.988073
0.983655
0.973804
0.962676
0.952636
0.945669
0.941808
0.938798
0.938461
0.938995
0.940494
0.943569
0.949122
0.954081
0.964487
0.973917
0.97789
0.979435
0.980329
0.981969
0.986527
0.993561
0.997372
0.999037
0.999688
0.99991
0.999976
0.999994
0.999999
1
1
1
1
1
1
0.999991
0.999833
0.997697
0.979726
0.910194
0.738041
0.591614
0.533549
0.527553
0.535369
0.576356
0.697108
0.764058
0.788368
0.798572
0.804202
0.807847
0.810653
0.81193
0.812089
0.811768
0.809981
0.80697
0.801257
0.787479
0.785738
0.794164
0.844311
0.940287
0.977035
0.984655
0.982517
0.961927
0.87602
0.787552
0.712171
0.645191
0.610895
0.61135
0.639469
0.724885
0.806143
0.85231
0.872784
0.880421
0.88186
0.881274
0.877768
0.875871
0.877363
0.88621
0.889345
0.886349
0.857184
0.711848
0.575792
0.537426
0.54138
0.597976
0.679301
0.720202
0.735777
0.739061
0.738027
0.731824
0.726007
0.723532
0.723146
0.72384
0.728592
0.752047
0.828
0.897136
0.942624
0.969748
0.984589
0.992277
0.99615
0.998093
0.999069
0.999556
0.999792
0.999902
0.999952
0.999975
0.999986
0.999992
0.999995
0.999997
0.999999
0.999999
1
1
1
1
1
1
1
0.999999
0.999999
0.999998
0.999996
0.99999
0.999983
0.999974
0.999954
0.99989
0.999624
0.998411
0.995995
0.994687
0.994348
0.99442
0.995122
0.996502
0.997459
0.99816
0.998716
0.999132
0.999398
0.999535
0.999582
0.999584
0.999554
0.9995
0.999486
0.999497
0.999586
0.999766
0.999881
0.99994
0.999964
0.999971
0.999971
0.999971
0.999969
0.906023
0.930822
0.945029
0.962161
0.977163
0.985674
0.988969
0.989859
0.989775
0.98936
0.988063
0.984819
0.978885
0.971792
0.964617
0.959943
0.955798
0.954731
0.955244
0.956813
0.960093
0.963997
0.97239
0.977278
0.979335
0.979996
0.980381
0.981318
0.984119
0.991229
0.996908
0.999034
0.999711
0.999918
0.999978
0.999994
0.999999
1
1
1
1
1
1
1
1
0.999988
0.9998
0.997532
0.9764
0.906668
0.753318
0.608818
0.547433
0.538744
0.545724
0.581185
0.689202
0.760033
0.787641
0.799157
0.805055
0.808661
0.810908
0.811627
0.811502
0.81042
0.807861
0.805087
0.797352
0.78773
0.788158
0.802801
0.872021
0.952694
0.97971
0.983223
0.977232
0.942806
0.848996
0.764686
0.695159
0.662515
0.661074
0.679162
0.749541
0.813254
0.851236
0.870762
0.878519
0.879536
0.878569
0.874168
0.872298
0.876076
0.891681
0.898074
0.89519
0.864038
0.718716
0.578499
0.540071
0.546487
0.607991
0.687888
0.725555
0.738312
0.739972
0.738463
0.731789
0.72598
0.723377
0.722805
0.723184
0.726746
0.745413
0.814496
0.887639
0.936045
0.965282
0.981921
0.990826
0.995418
0.997738
0.998901
0.999476
0.999753
0.99988
0.999936
0.999961
0.999974
0.999983
0.999989
0.999994
0.999997
0.999998
0.999999
1
1
1
1
1
1
0.999999
0.999999
0.999999
0.999997
0.999994
0.999991
0.999986
0.999972
0.999927
0.999733
0.998836
0.996844
0.995728
0.995428
0.995477
0.996022
0.997288
0.998203
0.998822
0.999241
0.999514
0.999675
0.999757
0.999787
0.999791
0.999779
0.99975
0.999739
0.999742
0.999778
0.999869
0.999933
0.999967
0.999983
0.999988
0.99999
0.999991
0.999991
0.909468
0.9093
0.926107
0.951721
0.967521
0.979197
0.985931
0.988615
0.989393
0.989309
0.988976
0.988136
0.98608
0.983513
0.97914
0.976338
0.973488
0.971967
0.972228
0.973258
0.975725
0.978471
0.980582
0.98081
0.98054
0.980554
0.98105
0.983313
0.990267
0.996575
0.998898
0.999668
0.999905
0.999974
0.999993
0.999998
1
1
1
1
1
1
1
1
1
0.999999
0.99998
0.999705
0.996881
0.972372
0.894106
0.772525
0.628778
0.563759
0.55092
0.556682
0.586911
0.681143
0.756524
0.786779
0.799536
0.805917
0.809149
0.810353
0.81049
0.810071
0.808074
0.806076
0.80275
0.793196
0.788514
0.791574
0.817382
0.904466
0.964413
0.98101
0.981063
0.970135
0.927553
0.820322
0.745881
0.713004
0.707809
0.71534
0.755297
0.81118
0.846276
0.865826
0.87383
0.87424
0.872123
0.867933
0.869573
0.87862
0.901356
0.908516
0.904223
0.864134
0.702862
0.571243
0.539872
0.552082
0.627562
0.699737
0.730848
0.73939
0.74006
0.737684
0.730362
0.724963
0.722535
0.722013
0.722384
0.725766
0.742985
0.809275
0.883749
0.933289
0.963223
0.980262
0.989715
0.994759
0.997385
0.998726
0.999394
0.999714
0.999857
0.999916
0.99994
0.999954
0.999966
0.999977
0.999986
0.999992
0.999996
0.999998
0.999999
0.999999
0.999999
0.999999
0.999999
0.999999
0.999999
0.999999
0.999999
0.999998
0.999996
0.999994
0.99999
0.999981
0.999949
0.999806
0.999138
0.997517
0.99658
0.996327
0.996367
0.996819
0.997926
0.998727
0.999234
0.999542
0.999723
0.999822
0.999871
0.999891
0.999895
0.999892
0.999879
0.999872
0.999873
0.999887
0.999931
0.999965
0.999983
0.999991
0.999995
0.999996
0.999997
0.999998
0.922599
0.904138
0.908759
0.931115
0.95711
0.970785
0.979722
0.985491
0.987925
0.988752
0.988738
0.988518
0.987867
0.987151
0.985437
0.984128
0.982878
0.981854
0.981842
0.982002
0.98251
0.982514
0.982201
0.98132
0.980377
0.98065
0.982636
0.989205
0.996198
0.998785
0.99964
0.9999
0.999974
0.999993
0.999998
1
1
1
1
1
1
1
1
1
1
1
0.999998
0.999959
0.999501
0.99536
0.966126
0.880058
0.791503
0.649053
0.580532
0.563602
0.568295
0.594198
0.677631
0.754827
0.786785
0.800525
0.806759
0.809199
0.809724
0.809594
0.808257
0.806173
0.804288
0.79952
0.790197
0.789631
0.79808
0.847292
0.933868
0.972338
0.980638
0.978759
0.962907
0.902609
0.79966
0.756485
0.748582
0.750631
0.765615
0.805398
0.836245
0.857317
0.86465
0.864256
0.862026
0.863551
0.869338
0.891177
0.916345
0.92162
0.910448
0.842409
0.647381
0.550786
0.538311
0.562175
0.652455
0.712494
0.734991
0.739781
0.739335
0.734542
0.727519
0.724001
0.722248
0.721842
0.722224
0.725598
0.742547
0.808078
0.882748
0.932445
0.962513
0.979497
0.98895
0.9942
0.997039
0.99854
0.999305
0.999671
0.999832
0.999894
0.999912
0.999921
0.999934
0.999952
0.99997
0.999983
0.999991
0.999995
0.999997
0.999998
0.999998
0.999998
0.999998
0.999998
0.999999
0.999998
0.999998
0.999998
0.999996
0.999994
0.999992
0.999985
0.999961
0.999855
0.999349
0.998042
0.997265
0.997059
0.997095
0.997483
0.998424
0.99909
0.99949
0.999716
0.999837
0.9999
0.999931
0.999944
0.999948
0.999947
0.999943
0.999939
0.99994
0.999946
0.999966
0.999982
0.999991
0.999996
0.999998
0.999999
0.999999
0.999999
0.924989
0.914105
0.903032
0.912677
0.939252
0.961095
0.97265
0.979769
0.984484
0.986829
0.987781
0.987954
0.987779
0.987482
0.986804
0.986202
0.985551
0.985152
0.984684
0.984262
0.983876
0.983074
0.981076
0.979243
0.979561
0.981712
0.988841
0.996125
0.99878
0.999646
0.999904
0.999975
0.999994
0.999999
1
1
1
1
1
1
1
1
1
1
1
1
1
0.999993
0.999909
0.999054
0.992417
0.954279
0.866915
0.804037
0.669108
0.596269
0.576306
0.580315
0.603563
0.68076
0.756763
0.788762
0.80206
0.807395
0.809069
0.809196
0.808477
0.806255
0.804825
0.802372
0.794504
0.790033
0.79206
0.811603
0.885805
0.953148
0.976843
0.980259
0.976208
0.953793
0.883063
0.803872
0.778675
0.778481
0.782782
0.800018
0.824513
0.841294
0.848231
0.852454
0.856316
0.862479
0.878967
0.916017
0.934739
0.933306
0.908593
0.785289
0.603947
0.54019
0.540219
0.586239
0.67861
0.72385
0.737739
0.739373
0.737134
0.729925
0.726134
0.723863
0.722459
0.722118
0.722538
0.726208
0.744411
0.811647
0.885107
0.933421
0.962641
0.979346
0.988555
0.993741
0.99669
0.998333
0.999201
0.999621
0.999801
0.999865
0.99988
0.999882
0.999885
0.9999
0.999938
0.999966
0.999981
0.999989
0.999993
0.999994
0.999995
0.999995
0.999995
0.999996
0.999996
0.999997
0.999997
0.999997
0.999996
0.999994
0.999992
0.999987
0.999968
0.999887
0.999498
0.998445
0.997807
0.997644
0.997678
0.998015
0.998799
0.999337
0.999649
0.999816
0.999901
0.999942
0.999962
0.999971
0.999974
0.999974
0.999973
0.999972
0.999972
0.999975
0.999984
0.999992
0.999996
0.999998
0.999999
1
1
1
0.931883
0.933172
0.922073
0.911371
0.921763
0.943417
0.961836
0.97209
0.978579
0.98264
0.98507
0.986155
0.986704
0.986702
0.986533
0.9861
0.985731
0.985202
0.984739
0.984002
0.982632
0.978966
0.977623
0.978206
0.980974
0.989564
0.996465
0.998903
0.999686
0.999917
0.999979
0.999995
0.999999
1
1
1
1
1
1
1
1
1
1
1
1
1
1
0.999999
0.999981
0.999783
0.998105
0.98771
0.935042
0.858447
0.804387
0.685544
0.610083
0.588804
0.592618
0.615262
0.69218
0.763184
0.792358
0.803878
0.807983
0.808821
0.808502
0.806531
0.804999
0.803523
0.799221
0.791279
0.790719
0.797635
0.837722
0.920301
0.965613
0.978753
0.979281
0.973351
0.948541
0.883096
0.821992
0.801853
0.801997
0.806673
0.821138
0.833077
0.842121
0.849484
0.856709
0.872143
0.910878
0.944154
0.949111
0.938722
0.884122
0.693811
0.559895
0.534988
0.546695
0.623332
0.701325
0.732207
0.738794
0.738239
0.732042
0.72662
0.725461
0.724495
0.723653
0.723402
0.723985
0.728814
0.752187
0.826648
0.895761
0.939787
0.965579
0.980217
0.988574
0.99343
0.996357
0.998103
0.999079
0.999562
0.999761
0.99982
0.999826
0.999819
0.999817
0.999832
0.999889
0.999936
0.999961
0.999975
0.999982
0.999985
0.999986
0.999987
0.999987
0.999988
0.99999
0.999993
0.999995
0.999995
0.999995
0.999994
0.999992
0.999987
0.999973
0.999909
0.999605
0.998755
0.998235
0.998107
0.99814
0.998435
0.999079
0.999508
0.999751
0.999876
0.999937
0.999965
0.999978
0.999984
0.999987
0.999987
0.999987
0.999987
0.999987
0.999989
0.999993
0.999996
0.999998
0.999999
1
1
1
1
0.935525
0.946166
0.949854
0.93636
0.922076
0.929876
0.941527
0.95474
0.964752
0.972992
0.97815
0.981252
0.983056
0.983995
0.984387
0.984313
0.984067
0.983428
0.981928
0.978739
0.975234
0.975275
0.976694
0.981261
0.992165
0.997288
0.999146
0.999754
0.999935
0.999984
0.999996
0.999999
1
1
1
1
1
1
1
1
1
1
1
1
1
1
1
1
0.999995
0.999944
0.999473
0.996291
0.979651
0.910677
0.851159
0.801816
0.691883
0.620121
0.600721
0.605127
0.630022
0.711684
0.772617
0.796889
0.805825
0.808406
0.808494
0.807061
0.805227
0.804149
0.801956
0.794461
0.790773
0.792769
0.810103
0.877167
0.944445
0.97258
0.979581
0.979128
0.972327
0.949703
0.897658
0.848122
0.828476
0.825096
0.828731
0.836043
0.845751
0.857052
0.873486
0.91251
0.950716
0.96034
0.955353
0.927851
0.803017
0.602943
0.537618
0.534946
0.566832
0.666716
0.721448
0.737267
0.738904
0.735513
0.726355
0.724091
0.725148
0.726451
0.726417
0.726262
0.727171
0.734107
0.76678
0.847291
0.909615
0.948496
0.970529
0.982477
0.98918
0.993324
0.996064
0.99786
0.998939
0.999493
0.999714
0.999766
0.999759
0.999722
0.999713
0.99973
0.999812
0.999883
0.999922
0.999944
0.999956
0.999961
0.999961
0.999962
0.999965
0.999969
0.999976
0.999983
0.999989
0.999991
0.999992
0.999992
0.999991
0.999987
0.999975
0.999924
0.999681
0.998992
0.998574
0.998477
0.998509
0.99877
0.999293
0.999631
0.999819
0.999913
0.999958
0.999978
0.999987
0.999991
0.999993
0.999994
0.999994
0.999994
0.999994
0.999995
0.999997
0.999999
0.999999
1
1
1
1
1
0.932148
0.937215
0.960116
0.988596
0.956301
0.933742
0.936284
0.941612
0.947681
0.953818
0.959294
0.965016
0.969467
0.972309
0.974507
0.974634
0.974173
0.972444
0.971203
0.971378
0.972696
0.976524
0.986183
0.994706
0.998177
0.999425
0.999834
0.999956
0.999989
0.999998
0.999999
1
1
1
1
1
1
1
1
1
1
1
1
1
1
1
1
1
0.999999
0.999983
0.999835
0.998767
0.992796
0.96372
0.885492
0.844771
0.794526
0.689865
0.627013
0.612294
0.618361
0.650171
0.737188
0.783718
0.80158
0.807484
0.808662
0.80793
0.805731
0.804666
0.803453
0.79938
0.791149
0.790402
0.796589
0.831444
0.908404
0.9579
0.976235
0.980369
0.97939
0.973155
0.95338
0.919474
0.887327
0.865866
0.860334
0.863492
0.872796
0.888901
0.926432
0.95787
0.96843
0.966037
0.950532
0.883421
0.673212
0.552922
0.530734
0.541417
0.614546
0.698678
0.732104
0.739222
0.738345
0.729665
0.722939
0.723134
0.726895
0.730563
0.731079
0.731079
0.732611
0.743008
0.789539
0.868831
0.924411
0.957561
0.975734
0.985164
0.990171
0.99338
0.995793
0.997596
0.99878
0.999411
0.999656
0.9997
0.99967
0.999586
0.999564
0.999586
0.999697
0.999792
0.999844
0.999876
0.999895
0.999898
0.999894
0.999896
0.999903
0.999921
0.999942
0.999961
0.999975
0.999984
0.999987
0.999988
0.999988
0.999986
0.999976
0.999935
0.999737
0.999178
0.998846
0.998774
0.998806
0.999039
0.999458
0.999723
0.999867
0.999938
0.999971
0.999986
0.999992
0.999995
0.999996
0.999997
0.999997
0.999997
0.999997
0.999998
0.999999
0.999999
1
1
1
1
1
1
0.992368
0.9925
0.993309
0.995159
0.996525
0.996356
0.99342
0.986482
0.972163
0.962163
0.960774
0.961223
0.962148
0.963513
0.964856
0.965202
0.965755
0.967009
0.969987
0.975388
0.985517
0.993359
0.997323
0.99903
0.999682
0.999905
0.999974
0.999994
0.999998
1
1
1
1
1
1
1
1
1
1
1
1
1
1
1
1
1
1
1
1
0.999995
0.999945
0.999559
0.997269
0.986049
0.934217
0.870081
0.838249
0.781312
0.685635
0.633135
0.624582
0.633556
0.681236
0.757999
0.792804
0.805393
0.808745
0.808737
0.806839
0.80576
0.805218
0.803374
0.794503
0.787664
0.788683
0.803047
0.861215
0.928143
0.965316
0.977972
0.981092
0.98031
0.975819
0.96352
0.948142
0.928086
0.92261
0.924984
0.932805
0.951281
0.968179
0.975135
0.97372
0.963768
0.917697
0.749374
0.578783
0.532175
0.532298
0.566852
0.672151
0.724901
0.739036
0.739915
0.735904
0.724168
0.72142
0.722819
0.731377
0.737477
0.738381
0.738642
0.741515
0.758337
0.822583
0.896692
0.943629
0.969644
0.982921
0.989123
0.991894
0.993722
0.995564
0.997295
0.998586
0.99931
0.999582
0.999616
0.999541
0.999388
0.999348
0.999375
0.999512
0.999623
0.999683
0.999725
0.999743
0.999729
0.999691
0.999695
0.99972
0.999785
0.999852
0.999906
0.999943
0.999966
0.999978
0.999981
0.999981
0.99998
0.999974
0.999941
0.999781
0.999335
0.999083
0.999035
0.999067
0.999275
0.999601
0.999799
0.999905
0.999957
0.999981
0.999991
0.999995
0.999997
0.999998
0.999998
0.999998
0.999999
0.999999
0.999999
1
1
1
1
1
1
1
1
0.999834
0.999837
0.999858
0.999882
0.999919
0.99991
0.999787
0.9993
0.997949
0.994954
0.988819
0.984022
0.979807
0.97783
0.977983
0.979124
0.981704
0.986742
0.991653
0.995367
0.997734
0.999019
0.999622
0.999869
0.999959
0.999988
0.999997
0.999999
1
1
1
1
1
1
1
1
1
1
1
1
1
1
1
1
1
1
1
1
1
0.999998
0.999981
0.999839
0.998939
0.994308
0.97276
0.904126
0.86149
0.83104
0.766153
0.680792
0.640171
0.637875
0.65161
0.714773
0.776208
0.800634
0.808185
0.809467
0.808875
0.808089
0.807793
0.806824
0.799719
0.787472
0.785778
0.790926
0.823188
0.895514
0.944974
0.970095
0.979177
0.982201
0.982035
0.980063
0.97663
0.968728
0.966121
0.967416
0.971377
0.978517
0.980687
0.979418
0.97139
0.934706
0.801243
0.601935
0.534444
0.527681
0.548225
0.636824
0.71369
0.738492
0.742342
0.739773
0.728462
0.721255
0.720935
0.72525
0.740741
0.748261
0.749397
0.75027
0.755885
0.784457
0.864449
0.926572
0.962691
0.981076
0.989005
0.992018
0.993173
0.994026
0.995338
0.996957
0.998354
0.999184
0.999483
0.999502
0.999347
0.999101
0.999034
0.999063
0.999204
0.999305
0.999357
0.999389
0.999389
0.999246
0.999106
0.99912
0.999201
0.999414
0.999617
0.999767
0.999866
0.999924
0.999954
0.999968
0.999972
0.999972
0.999968
0.999943
0.999812
0.999467
0.999287
0.999258
0.999289
0.99947
0.999714
0.999858
0.999934
0.99997
0.999987
0.999994
0.999997
0.999998
0.999999
0.999999
0.999999
0.999999
1
1
1
1
1
1
1
1
1
1
0.999999
0.999999
0.999999
1
1
0.999999
0.999996
0.999975
0.999895
0.999677
0.999085
0.998417
0.997259
0.996792
0.996899
0.997353
0.998101
0.998794
0.999318
0.999655
0.999844
0.999937
0.999977
0.999992
0.999998
0.999999
1
1
1
1
1
1
1
1
1
1
1
1
1
1
1
1
1
1
1
1
1
1
1
0.999999
0.999994
0.999942
0.999588
0.997628
0.988354
0.944976
0.888431
0.861974
0.822622
0.749786
0.67751
0.648412
0.650669
0.674574
0.747917
0.790635
0.805958
0.810534
0.811023
0.81096
0.810957
0.810486
0.806219
0.79022
0.78142
0.782096
0.794189
0.846948
0.910302
0.950662
0.971622
0.97992
0.983049
0.984115
0.984053
0.983241
0.983236
0.983908
0.984748
0.984574
0.982973
0.974623
0.939908
0.823196
0.613721
0.535249
0.523494
0.53853
0.611473
0.705053
0.737838
0.745306
0.743884
0.734862
0.72352
0.720318
0.721115
0.732265
0.754887
0.763204
0.764633
0.766689
0.777229
0.825656
0.902891
0.951529
0.977355
0.988269
0.991835
0.993062
0.993566
0.993998
0.994943
0.99654
0.998078
0.999033
0.999358
0.999356
0.999077
0.998721
0.998621
0.998639
0.998727
0.998768
0.998772
0.998746
0.998612
0.99792
0.997599
0.997661
0.997918
0.998528
0.999071
0.999456
0.999698
0.99983
0.999898
0.999936
0.999952
0.999956
0.999954
0.999936
0.999834
0.999574
0.999447
0.999431
0.999461
0.999617
0.999797
0.9999
0.999954
0.99998
0.999991
0.999996
0.999998
0.999999
0.999999
0.999999
1
1
1
1
1
1
1
1
1
1
1
1
1
1
1
1
1
1
1
0.999999
0.999997
0.999987
0.999959
0.999916
0.999816
0.999805
0.99983
0.999882
0.999927
0.999959
0.999979
0.999991
0.999996
0.999999
1
1
1
1
1
1
1
1
1
1
1
1
1
1
1
1
1
1
1
1
1
1
1
1
1
1
1
1
0.999998
0.99998
0.999843
0.999026
0.994976
0.976465
0.921811
0.883174
0.852464
0.799702
0.7291
0.675193
0.659472
0.666386
0.707765
0.771091
0.800062
0.809872
0.81317
0.814075
0.81437
0.814155
0.811505
0.796479
0.778822
0.773498
0.776056
0.795351
0.861137
0.919543
0.95458
0.972101
0.980243
0.983453
0.985084
0.985836
0.986379
0.986393
0.985897
0.983146
0.971999
0.932638
0.809111
0.608099
0.530983
0.518682
0.532523
0.59762
0.699623
0.738366
0.748949
0.748607
0.742948
0.729434
0.722135
0.72035
0.723517
0.745738
0.773357
0.782107
0.784163
0.788403
0.807454
0.874178
0.937629
0.972776
0.987126
0.991779
0.992933
0.993325
0.993586
0.993872
0.994448
0.995991
0.997781
0.998868
0.999205
0.999168
0.998721
0.998265
0.998119
0.998079
0.998053
0.998007
0.997866
0.997444
0.996701
0.995051
0.994214
0.994251
0.994645
0.996052
0.997732
0.998761
0.999344
0.99965
0.999805
0.999885
0.999925
0.999939
0.999939
0.999926
0.999844
0.999651
0.999568
0.999561
0.999592
0.999727
0.999857
0.99993
0.999968
0.999986
0.999994
0.999997
0.999999
0.999999
0.999999
1
1
1
1
1
1
1
1
1
1
1
1
1
1
1
1
1
1
1
1
1
1
1
0.999999
0.999997
0.999995
0.999996
0.999997
0.999998
0.999999
1
1
1
1
1
1
1
1
1
1
1
1
1
1
1
1
1
1
1
1
1
1
1
1
1
1
1
1
1
1
1
1
1
0.999999
0.999993
0.999943
0.999607
0.997832
0.989982
0.957024
0.907064
0.869526
0.826019
0.765789
0.707005
0.675011
0.671733
0.685397
0.742793
0.789158
0.807448
0.814246
0.816815
0.817604
0.817587
0.816047
0.806816
0.781221
0.768882
0.768333
0.774008
0.804495
0.87704
0.925213
0.953868
0.969635
0.977807
0.982109
0.983857
0.983774
0.982306
0.976484
0.95779
0.904747
0.749848
0.580036
0.518512
0.512596
0.529454
0.598721
0.700957
0.74109
0.753242
0.754095
0.750535
0.738929
0.728031
0.722187
0.722255
0.730361
0.767517
0.796827
0.805086
0.808164
0.815907
0.8488
0.920113
0.965643
0.985234
0.991542
0.993005
0.993178
0.992966
0.992973
0.993191
0.993751
0.995166
0.99732
0.998644
0.999013
0.998923
0.998288
0.997774
0.997551
0.997427
0.997286
0.997
0.996396
0.994682
0.993207
0.991958
0.990896
0.99077
0.990963
0.991731
0.99432
0.99697
0.998422
0.99918
0.999558
0.999752
0.999853
0.999897
0.999907
0.999901
0.999846
0.999716
0.999665
0.999664
0.999694
0.999803
0.999897
0.99995
0.999977
0.99999
0.999995
0.999998
0.999999
0.999999
1
1
1
1
1
1
1
1
1
1
1
1
1
1
1
1
1
1
1
1
1
1
1
1
1
1
1
1
1
1
1
1
1
1
1
1
1
1
1
1
1
1
1
1
1
1
1
1
1
1
1
1
1
1
1
1
1
1
1
1
1
1
1
1
1
0.999998
0.99998
0.999847
0.999065
0.995342
0.980183
0.934596
0.886696
0.840649
0.786505
0.729729
0.690587
0.678273
0.681971
0.714478
0.771321
0.801402
0.813184
0.818309
0.820087
0.82033
0.819556
0.814252
0.791485
0.763817
0.752146
0.753429
0.762508
0.793314
0.861258
0.907888
0.935842
0.954067
0.96306
0.963433
0.959478
0.945774
0.908511
0.821512
0.638093
0.536876
0.504267
0.504933
0.529511
0.618904
0.710738
0.746717
0.758275
0.759502
0.757444
0.749479
0.737677
0.728145
0.725741
0.727677
0.745791
0.797744
0.824795
0.832052
0.83648
0.848893
0.896884
0.953818
0.981696
0.991006
0.993131
0.993221
0.992724
0.991238
0.991155
0.99153
0.992446
0.994449
0.996926
0.998413
0.998775
0.998609
0.997823
0.99728
0.99701
0.996786
0.996411
0.995489
0.993481
0.991418
0.989727
0.98873
0.988611
0.988555
0.988575
0.98889
0.99022
0.994287
0.99716
0.998578
0.999258
0.999598
0.999773
0.999856
0.999877
0.999874
0.999839
0.999763
0.999738
0.999739
0.999767
0.999857
0.999927
0.999965
0.999984
0.999993
0.999997
0.999998
0.999999
0.999999
1
1
1
1
1
1
1
1
1
1
1
1
1
1
1
1
1
1
1
1
1
1
1
1
1
1
1
1
1
1
1
1
1
1
1
1
1
1
1
1
1
1
1
1
1
1
1
1
1
1
1
1
1
1
1
1
1
1
1
1
1
1
1
1
1
0.999999
0.999994
0.999944
0.999613
0.997818
0.989988
0.960813
0.909254
0.854966
0.799227
0.744855
0.703507
0.685221
0.684412
0.697949
0.750967
0.791435
0.810491
0.818055
0.821294
0.822036
0.821749
0.818998
0.805134
0.772284
0.748897
0.724894
0.719832
0.723293
0.736906
0.76945
0.816277
0.846615
0.847513
0.837706
0.808565
0.745338
0.626171
0.541722
0.500423
0.492255
0.502858
0.545848
0.660976
0.728163
0.754592
0.763688
0.765024
0.764121
0.759426
0.749285
0.739204
0.734627
0.734373
0.73986
0.776435
0.833089
0.856343
0.862447
0.86826
0.886111
0.938759
0.975922
0.989824
0.993302
0.993466
0.992777
0.990023
0.987844
0.987919
0.988707
0.990514
0.99353
0.996539
0.998197
0.998517
0.998245
0.997365
0.996873
0.996552
0.99612
0.995268
0.992486
0.990396
0.987056
0.98381
0.983619
0.984129
0.985593
0.986543
0.986785
0.987391
0.989549
0.994162
0.997181
0.998659
0.999301
0.999605
0.999756
0.999818
0.999828
0.999819
0.999789
0.999779
0.999784
0.999827
0.999904
0.999951
0.999977
0.999989
0.999995
0.999997
0.999999
0.999999
0.999999
1
1
1
1
1
1
1
1
1
1
1
1
1
1
1
1
1
1
1
1
1
1
1
1
1
1
1
1
1
1
1
1
1
1
1
1
1
1
1
1
1
1
1
1
1
1
1
1
1
1
1
1
1
1
1
1
1
1
1
1
1
1
1
1
1
1
0.999998
0.999982
0.999854
0.999058
0.994972
0.977692
0.932446
0.875193
0.812174
0.754878
0.712525
0.691076
0.687074
0.692857
0.730049
0.780126
0.805929
0.817038
0.821251
0.822635
0.82268
0.821506
0.815297
0.792506
0.757104
0.727332
0.7023
0.683738
0.664747
0.653497
0.649917
0.643013
0.630269
0.601547
0.558144
0.526529
0.496548
0.487559
0.493575
0.522775
0.606709
0.70366
0.746341
0.762746
0.768682
0.769917
0.769806
0.768249
0.762529
0.755253
0.751138
0.749945
0.751164
0.764209
0.822115
0.872932
0.890057
0.894833
0.901509
0.925377
0.967416
0.98724
0.99328
0.993957
0.993311
0.990308
0.984866
0.983619
0.98399
0.985284
0.98821
0.992475
0.996093
0.997884
0.998162
0.997804
0.997005
0.996575
0.996088
0.995161
0.993207
0.988063
0.984238
0.977852
0.973667
0.973814
0.975209
0.979264
0.983047
0.984667
0.985619
0.987597
0.992077
0.99565
0.997703
0.998803
0.999378
0.999651
0.999763
0.999799
0.999799
0.999793
0.999795
0.999823
0.999887
0.999937
0.999967
0.999984
0.999992
0.999996
0.999998
0.999999
0.999999
0.999999
1
1
1
1
1
1
1
1
1
1
1
1
1
1
1
1
1
1
1
1
1
1
1
1
1
1
1
1
1
1
1
1
1
1
1
1
1
1
1
1
1
1
1
1
1
1
1
1
1
1
1
1
1
1
1
1
1
1
1
1
1
1
1
1
1
1
1
0.999995
0.99995
0.999635
0.997774
0.988186
0.951755
0.898765
0.833596
0.768426
0.720661
0.695963
0.689672
0.692138
0.714057
0.765756
0.798808
0.814453
0.820585
0.822523
0.822777
0.822377
0.819794
0.810684
0.782052
0.740223
0.708824
0.679108
0.653559
0.6309
0.602405
0.574795
0.557323
0.536074
0.511581
0.505603
0.511044
0.534579
0.596189
0.692104
0.742646
0.763508
0.770346
0.773061
0.773693
0.774637
0.776354
0.777865
0.778207
0.778116
0.777766
0.777766
0.781844
0.80897
0.877811
0.913314
0.923447
0.926777
0.933263
0.958303
0.983097
0.992528
0.994429
0.994082
0.991614
0.98495
0.981324
0.98079
0.981193
0.982611
0.986121
0.991569
0.995884
0.997717
0.997886
0.997413
0.996762
0.996245
0.995241
0.993194
0.988544
0.979981
0.973492
0.964866
0.960607
0.961071
0.963316
0.968784
0.976801
0.98132
0.98276
0.984597
0.989213
0.993843
0.99679
0.998338
0.999084
0.999454
0.999642
0.999723
0.999756
0.999779
0.999815
0.999868
0.999918
0.999954
0.999976
0.999987
0.999993
0.999996
0.999998
0.999998
0.999999
0.999999
1
1
1
1
0.999999
0.999999
0.999999
0.999999
0.999999
0.999999
0.999999
0.999999
0.999999
0.999999
1
1
1
1
1
1
1
1
1
1
1
1
1
1
1
1
1
1
1
1
1
1
1
1
1
1
1
1
1
1
1
1
1
1
1
1
1
1
1
1
1
1
1
1
1
1
1
1
1
1
1
1
1
0.999999
0.999985
0.999875
0.999135
0.994957
0.972423
0.91684
0.861338
0.793396
0.735799
0.703865
0.693661
0.694218
0.707034
0.751625
0.787997
0.808415
0.81797
0.821471
0.82226
0.822096
0.82108
0.817646
0.808027
0.781905
0.736972
0.698791
0.665114
0.638245
0.616308
0.586752
0.563749
0.561189
0.567097
0.587719
0.636509
0.707223
0.748878
0.769511
0.776335
0.776445
0.776593
0.776888
0.778848
0.784482
0.796302
0.808681
0.81918
0.822892
0.823143
0.824424
0.834134
0.87945
0.930372
0.949429
0.953158
0.954783
0.959858
0.9778
0.990622
0.99455
0.994677
0.993051
0.986873
0.981856
0.979687
0.979469
0.979858
0.98123
0.984873
0.991317
0.995772
0.99737
0.997443
0.997023
0.99648
0.995513
0.993289
0.988979
0.979911
0.969371
0.960637
0.951175
0.947531
0.94822
0.950958
0.957102
0.967969
0.976279
0.97986
0.982773
0.987706
0.99249
0.995752
0.997632
0.998666
0.99923
0.999519
0.999652
0.999718
0.999772
0.999832
0.999889
0.999934
0.999963
0.99998
0.999989
0.999994
0.999996
0.999997
0.999998
0.999999
0.999999
0.999999
0.999999
0.999999
0.999999
0.999999
0.999998
0.999998
0.999998
0.999998
0.999998
0.999998
0.999998
0.999999
0.999999
1
1
1
1
1
1
1
1
1
1
1
1
1
1
1
1
1
1
1
1
1
1
1
1
1
1
1
1
1
1
1
1
1
1
1
1
1
1
1
1
1
1
1
1
1
1
1
1
1
1
1
1
1
1
0.999996
0.999964
0.999714
0.998075
0.988867
0.943591
0.881202
0.828692
0.766047
0.720907
0.702407
0.700101
0.708549
0.744526
0.780042
0.801643
0.813116
0.818483
0.82049
0.820984
0.820798
0.819831
0.816924
0.809635
0.792748
0.759924
0.731499
0.702279
0.678788
0.675473
0.67888
0.689811
0.718058
0.747946
0.769235
0.782187
0.78461
0.783683
0.781239
0.778913
0.779425
0.783219
0.795088
0.819808
0.847491
0.871622
0.887079
0.891417
0.892041
0.894895
0.911962
0.945559
0.964894
0.971099
0.971758
0.972344
0.975813
0.987176
0.99378
0.995108
0.994585
0.990434
0.984021
0.98033
0.978869
0.978758
0.979159
0.980627
0.985046
0.991718
0.995966
0.997218
0.997182
0.996761
0.995924
0.993858
0.988732
0.981258
0.970518
0.958362
0.948209
0.939625
0.937053
0.93781
0.940558
0.946375
0.959218
0.970799
0.975932
0.979901
0.985497
0.990962
0.99484
0.9971
0.998313
0.998961
0.999316
0.999521
0.999656
0.999757
0.999837
0.999899
0.999942
0.999968
0.999983
0.99999
0.999993
0.999995
0.999997
0.999997
0.999998
0.999998
0.999998
0.999998
0.999998
0.999998
0.999997
0.999997
0.999996
0.999996
0.999996
0.999996
0.999996
0.999996
0.999997
0.999997
1
1
1
1
1
1
1
1
1
1
1
1
1
1
1
1
1
1
1
1
1
1
1
1
1
1
1
1
1
1
1
1
1
1
1
1
1
1
1
1
1
1
1
1
1
1
1
1
1
1
1
1
1
1
0.999999
0.999991
0.999919
0.999373
0.995915
0.975965
0.907358
0.85011
0.805422
0.757415
0.722677
0.712945
0.716576
0.744271
0.777997
0.798838
0.810673
0.816765
0.819479
0.820395
0.8205
0.820246
0.819205
0.816642
0.809912
0.800336
0.789091
0.775088
0.770928
0.771737
0.775048
0.782446
0.79015
0.794296
0.793888
0.792431
0.788305
0.783728
0.780821
0.782233
0.789301
0.808204
0.849777
0.894121
0.928967
0.94888
0.95774
0.959825
0.959431
0.959329
0.96323
0.972865
0.979066
0.980243
0.979742
0.979902
0.983002
0.991448
0.994904
0.9952
0.993742
0.988128
0.982745
0.979608
0.978519
0.978476
0.97896
0.980791
0.985984
0.992764
0.996307
0.996947
0.996807
0.996237
0.994759
0.989762
0.982432
0.974128
0.961535
0.948639
0.938615
0.931865
0.930343
0.931017
0.933384
0.938589
0.951289
0.96454
0.972151
0.977861
0.984211
0.990057
0.994069
0.996418
0.997773
0.998586
0.999086
0.999399
0.999602
0.99974
0.999836
0.999903
0.999946
0.99997
0.999983
0.99999
0.999993
0.999994
0.999995
0.999996
0.999997
0.999997
0.999997
0.999997
0.999997
0.999996
0.999995
0.999994
0.999993
0.999992
0.999992
0.999992
0.999991
0.999991
0.999992
0.999994
1
1
1
1
1
1
1
1
1
1
1
1
1
1
1
1
1
1
1
1
1
1
1
1
1
1
1
1
1
1
1
1
1
1
1
1
1
1
1
1
1
1
1
1
1
1
1
1
1
1
1
1
1
1
1
0.999998
0.999982
0.999844
0.99885
0.992679
0.957621
0.878563
0.829576
0.795779
0.76798
0.747887
0.742584
0.752111
0.779384
0.79908
0.810565
0.81665
0.819469
0.820481
0.820671
0.820553
0.8196
0.817675
0.81449
0.812106
0.808772
0.805483
0.804606
0.804526
0.804301
0.803666
0.802189
0.799879
0.794916
0.788621
0.783338
0.783014
0.786217
0.798795
0.829427
0.887764
0.936886
0.961995
0.974901
0.98115
0.983668
0.983885
0.983283
0.981802
0.981775
0.98411
0.985691
0.985507
0.983955
0.983954
0.987191
0.99356
0.995205
0.994968
0.992275
0.986928
0.982191
0.979337
0.978417
0.978441
0.979214
0.981659
0.988219
0.994298
0.996516
0.996706
0.99643
0.995444
0.992444
0.983665
0.976615
0.967666
0.953917
0.941152
0.932607
0.927871
0.926918
0.927426
0.929371
0.93396
0.945892
0.960749
0.969189
0.97561
0.982823
0.989057
0.993274
0.995845
0.997374
0.998301
0.998887
0.999272
0.999533
0.999711
0.99983
0.999904
0.999948
0.999971
0.999983
0.999988
0.99999
0.999992
0.999993
0.999994
0.999994
0.999994
0.999994
0.999994
0.999993
0.999992
0.999991
0.999989
0.999987
0.999985
0.999983
0.999982
0.999982
0.999982
0.999983
0.999986
1
1
1
1
1
1
1
1
1
1
1
1
1
1
1
1
1
1
1
1
1
1
1
1
1
1
1
1
1
1
1
1
1
1
1
1
1
1
1
1
1
1
1
1
1
1
1
1
1
1
1
1
1
1
1
1
0.999997
0.999971
0.999775
0.99847
0.990886
0.949476
0.871869
0.824475
0.800603
0.788175
0.783878
0.783108
0.790119
0.804539
0.814068
0.81967
0.822624
0.823958
0.824343
0.824167
0.8227
0.82153
0.819837
0.818045
0.817057
0.815022
0.813728
0.811026
0.807381
0.804449
0.797489
0.79256
0.786942
0.785377
0.787424
0.796246
0.818499
0.870593
0.930207
0.962401
0.979078
0.987209
0.991291
0.992999
0.993419
0.993236
0.992495
0.990891
0.990161
0.990225
0.990248
0.989505
0.9872
0.987236
0.990781
0.994716
0.995157
0.994319
0.991241
0.986597
0.982085
0.979336
0.97856
0.978823
0.980233
0.98431
0.991794
0.995714
0.996512
0.996367
0.995625
0.993733
0.987247
0.977765
0.972193
0.96312
0.948953
0.93687
0.929532
0.925929
0.925203
0.925524
0.926918
0.930853
0.942479
0.956637
0.966001
0.974376
0.982403
0.988729
0.992938
0.995413
0.996907
0.997908
0.998623
0.99913
0.999473
0.999693
0.999828
0.999906
0.99995
0.999972
0.999982
0.999986
0.999988
0.999989
0.999989
0.999989
0.999989
0.999988
0.999987
0.999986
0.999985
0.999984
0.999983
0.999982
0.999977
0.999972
0.999968
0.999965
0.999964
0.999964
0.999965
0.99997
1
1
1
1
1
1
1
1
1
1
1
1
1
1
1
1
1
1
1
1
1
1
1
1
1
1
1
1
1
1
1
1
1
1
1
1
1
1
1
1
1
1
1
1
1
1
1
1
1
1
1
1
1
1
1
1
1
0.999996
0.999968
0.99976
0.998492
0.992154
0.965172
0.8928
0.843431
0.818682
0.808693
0.807636
0.80931
0.815763
0.821358
0.824809
0.826498
0.827015
0.827002
0.825705
0.823284
0.821727
0.818661
0.816956
0.813917
0.810602
0.807074
0.800943
0.798003
0.793553
0.789783
0.790241
0.793365
0.802615
0.823936
0.869572
0.927216
0.961487
0.980046
0.989431
0.994042
0.995999
0.996906
0.996985
0.996816
0.996423
0.995667
0.99461
0.993841
0.99351
0.99315
0.991611
0.989625
0.98995
0.993426
0.995155
0.994766
0.993222
0.990828
0.987122
0.983505
0.98085
0.979862
0.980697
0.983779
0.990762
0.9948
0.996121
0.996152
0.995443
0.994187
0.990996
0.981497
0.974594
0.969893
0.960791
0.946536
0.934789
0.928212
0.925202
0.924611
0.925011
0.926672
0.931011
0.943074
0.956249
0.965828
0.974621
0.982717
0.988785
0.992478
0.994799
0.996417
0.997623
0.998497
0.999089
0.999466
0.999696
0.999833
0.999911
0.999952
0.999971
0.999979
0.999982
0.999983
0.999983
0.999982
0.999982
0.999979
0.999975
0.999973
0.999972
0.999971
0.999971
0.99997
0.999968
0.999962
0.999951
0.999941
0.999935
0.999932
0.999931
0.999932
0.999936
1
1
1
1
1
1
1
1
1
1
1
1
1
1
1
1
1
1
1
1
1
1
1
1
1
1
1
1
1
1
1
1
1
1
1
1
1
1
1
1
1
1
1
1
1
1
1
1
1
1
1
1
1
1
1
1
1
1
0.999997
0.999974
0.999821
0.998987
0.99517
0.982675
0.947314
0.89746
0.861273
0.842595
0.834492
0.831811
0.831546
0.83095
0.830401
0.829688
0.827518
0.825446
0.8222
0.817603
0.81504
0.810309
0.805503
0.802366
0.799586
0.799632
0.800818
0.804529
0.814362
0.836109
0.859526
0.904102
0.942316
0.967573
0.982734
0.991147
0.995491
0.997443
0.998245
0.998358
0.998263
0.997975
0.997486
0.996973
0.996424
0.995807
0.995312
0.995028
0.994564
0.992651
0.991409
0.992245
0.994913
0.994986
0.993422
0.992436
0.991579
0.989786
0.987323
0.98536
0.984898
0.987589
0.991659
0.994387
0.99556
0.995874
0.995127
0.994258
0.992671
0.986779
0.97841
0.973188
0.968968
0.960081
0.945954
0.934325
0.927997
0.925375
0.924873
0.925454
0.927429
0.932756
0.945427
0.957146
0.966602
0.975698
0.983672
0.989051
0.992373
0.994624
0.996332
0.997608
0.998507
0.999105
0.999483
0.999714
0.999848
0.999919
0.999953
0.999968
0.999974
0.999976
0.999976
0.999975
0.999972
0.999963
0.999954
0.999948
0.999945
0.999945
0.999946
0.999946
0.999946
0.999944
0.999939
0.999921
0.999902
0.999886
0.999876
0.999872
0.999872
0.999865
1
1
1
1
1
1
1
1
1
1
1
1
1
1
1
1
1
1
1
1
1
1
1
1
1
1
1
1
1
1
1
1
1
1
1
1
1
1
1
1
1
1
1
1
1
1
1
1
1
1
1
1
1
1
1
1
1
1
1
0.999998
0.999986
0.999912
0.99954
0.998079
0.993195
0.980689
0.962719
0.939273
0.917652
0.899811
0.886074
0.876358
0.869013
0.862754
0.858585
0.856882
0.854445
0.850706
0.85025
0.851299
0.854922
0.860574
0.872718
0.88576
0.899714
0.92008
0.939616
0.95667
0.970724
0.981584
0.989137
0.994072
0.996937
0.998387
0.999022
0.999059
0.998958
0.998691
0.998363
0.997562
0.996946
0.996617
0.996338
0.995981
0.995745
0.995571
0.995145
0.993361
0.992876
0.994299
0.995311
0.993876
0.992027
0.992068
0.991907
0.991371
0.990939
0.990888
0.99163
0.992906
0.994296
0.994983
0.995294
0.994496
0.993868
0.993347
0.990932
0.983847
0.97748
0.972895
0.969368
0.963503
0.951497
0.939135
0.931635
0.928043
0.926786
0.927498
0.930368
0.938491
0.949612
0.959491
0.968915
0.978447
0.985354
0.989602
0.992498
0.994694
0.996403
0.997682
0.99858
0.999171
0.99954
0.999756
0.999871
0.999928
0.999953
0.999962
0.999964
0.999964
0.999964
0.99996
0.999947
0.999921
0.999903
0.999894
0.999893
0.999894
0.999902
0.999907
0.999908
0.999907
0.999901
0.999879
0.999845
0.999813
0.999786
0.999768
0.999763
0.999741
1
1
1
1
1
1
1
1
1
1
1
1
1
1
1
1
1
1
1
1
1
1
1
1
1
1
1
1
1
1
1
1
1
1
1
1
1
1
1
1
1
1
1
1
1
1
1
1
1
1
1
1
1
1
1
1
1
1
1
1
0.999999
0.999995
0.999973
0.999872
0.999495
0.998413
0.99531
0.990697
0.986121
0.979345
0.974572
0.969754
0.966458
0.962759
0.961913
0.961047
0.961175
0.961816
0.963393
0.966288
0.969617
0.973222
0.976972
0.980702
0.984366
0.987805
0.990925
0.993612
0.995783
0.997451
0.99854
0.999225
0.999554
0.999546
0.99943
0.999161
0.998535
0.997757
0.996732
0.99448
0.993729
0.993878
0.994472
0.995195
0.995536
0.995583
0.995238
0.994014
0.994196
0.995569
0.994936
0.990815
0.990343
0.991673
0.992032
0.992133
0.99226
0.992727
0.993522
0.994005
0.994313
0.994447
0.994079
0.993946
0.994184
0.993688
0.989466
0.982872
0.978574
0.97526
0.971588
0.967375
0.959191
0.947685
0.939373
0.93448
0.932581
0.933506
0.938042
0.94621
0.955438
0.964975
0.974936
0.982374
0.987062
0.990272
0.992838
0.994967
0.996665
0.997931
0.9988
0.999341
0.99965
0.999814
0.999896
0.999932
0.999947
0.999951
0.999951
0.99995
0.999946
0.999931
0.999888
0.999838
0.999808
0.999797
0.999797
0.999804
0.999829
0.999846
0.999849
0.999848
0.999841
0.999818
0.999763
0.9997
0.999639
0.999593
0.999579
0.999532
1
1
1
1
1
1
1
1
1
1
1
1
1
1
1
1
1
1
1
1
1
1
1
1
1
1
1
1
1
1
1
1
1
1
1
1
1
1
1
1
1
1
1
1
1
1
1
1
1
1
1
1
1
1
1
1
1
1
1
1
1
1
0.999999
0.999995
0.999979
0.999925
0.999719
0.999329
0.998879
0.998223
0.997459
0.996753
0.996245
0.995962
0.99582
0.995864
0.996001
0.996261
0.996649
0.997016
0.997365
0.997707
0.998051
0.998397
0.998737
0.999049
0.999327
0.999555
0.999718
0.999833
0.999859
0.99985
0.999773
0.999451
0.998516
0.997508
0.996325
0.994347
0.991071
0.988653
0.988118
0.988413
0.989671
0.992653
0.994724
0.995302
0.994984
0.99475
0.995788
0.995843
0.99054
0.984484
0.986293
0.990818
0.992014
0.992393
0.992757
0.993225
0.993538
0.993753
0.993871
0.993937
0.994281
0.995175
0.995614
0.994158
0.990551
0.985837
0.981191
0.978437
0.976019
0.973427
0.969757
0.963312
0.955814
0.950662
0.948605
0.94898
0.953282
0.959513
0.967046
0.974608
0.98085
0.985134
0.988339
0.991129
0.993606
0.995752
0.997409
0.998518
0.999184
0.999562
0.999764
0.999864
0.999909
0.999926
0.99993
0.999929
0.999926
0.99992
0.999907
0.999873
0.999782
0.99969
0.999639
0.999626
0.999629
0.999653
0.99971
0.99974
0.999746
0.999744
0.999734
0.999702
0.999618
0.999505
0.999392
0.999302
0.999276
0.999191
1
1
1
1
1
1
1
1
1
1
1
1
1
1
1
1
1
1
1
1
1
1
1
1
1
1
1
1
1
1
1
1
1
1
1
1
1
1
1
1
1
1
1
1
1
1
1
1
1
1
1
1
1
1
1
1
1
1
1
1
1
1
1
1
0.999999
0.999998
0.99999
0.999968
0.999947
0.999916
0.999854
0.999803
0.999773
0.999756
0.99976
0.999772
0.999797
0.999828
0.999853
0.999872
0.99989
0.999907
0.999924
0.999943
0.999958
0.999974
0.999984
0.999983
0.999972
0.999936
0.99987
0.999703
0.999168
0.99747
0.996482
0.995878
0.994435
0.991239
0.988399
0.986752
0.986196
0.986463
0.988781
0.992937
0.994729
0.994999
0.994982
0.99594
0.996401
0.991855
0.974611
0.970862
0.978809
0.987701
0.990951
0.992117
0.992679
0.993076
0.993402
0.993664
0.994192
0.994915
0.996258
0.996823
0.996856
0.996046
0.994161
0.990401
0.985038
0.980955
0.97812
0.97608
0.974361
0.972202
0.968709
0.965834
0.964617
0.964687
0.967311
0.971352
0.975969
0.980279
0.983836
0.986939
0.989932
0.992772
0.995261
0.997127
0.998346
0.999086
0.999504
0.999727
0.999836
0.999884
0.999901
0.999903
0.999896
0.99988
0.99987
0.999857
0.999832
0.999768
0.99959
0.999409
0.999311
0.999288
0.999296
0.999354
0.999454
0.999494
0.9995
0.999496
0.999475
0.999421
0.999289
0.999111
0.998932
0.998798
0.998762
0.998626
1
1
1
1
1
1
1
1
1
1
1
1
1
1
1
1
1
1
1
1
1
1
1
1
1
1
1
1
1
1
1
1
1
1
1
1
1
1
1
1
1
1
1
1
1
1
1
1
1
1
1
1
1
1
1
1
1
1
1
1
1
1
1
1
1
1
1
0.999999
0.999998
0.999997
0.999994
0.999991
0.99999
0.99999
0.99999
0.999991
0.999993
0.999994
0.999995
0.999996
0.999997
0.999997
0.999998
0.999999
0.999999
0.999999
0.999995
0.999971
0.999849
0.999578
0.99934
0.9988
0.99703
0.996149
0.995976
0.995579
0.99398
0.990753
0.988196
0.986845
0.986713
0.987895
0.991065
0.994009
0.994896
0.995037
0.995788
0.99674
0.994366
0.969823
0.948531
0.954405
0.973283
0.983411
0.988803
0.991006
0.992362
0.993194
0.99402
0.994764
0.996194
0.99722
0.997699
0.997831
0.997827
0.997528
0.99688
0.995519
0.992873
0.98805
0.983778
0.980298
0.97781
0.976047
0.974644
0.973438
0.97292
0.97335
0.974992
0.977484
0.980353
0.983327
0.98637
0.9895
0.992499
0.995063
0.996983
0.998256
0.99903
0.999469
0.999699
0.99981
0.999857
0.999873
0.999872
0.999853
0.99981
0.999777
0.999757
0.999737
0.999695
0.999592
0.999291
0.99894
0.998729
0.998661
0.998664
0.998719
0.998833
0.998873
0.998874
0.998858
0.998822
0.998743
0.998553
0.998322
0.998097
0.99795
0.997916
0.997725
1
1
1
1
1
1
1
1
1
1
1
1
1
1
1
1
1
1
1
1
1
1
1
1
1
1
1
1
1
1
1
1
1
1
1
1
1
1
1
1
1
1
1
1
1
1
1
1
1
1
1
1
1
1
1
1
1
1
1
1
1
1
1
1
1
1
1
1
1
1
1
1
1
1
1
1
1
1
1
1
1
1
1
1
0.999999
0.999995
0.999961
0.999774
0.998973
0.998195
0.997827
0.99666
0.995727
0.995749
0.995851
0.995717
0.995198
0.993587
0.992174
0.991598
0.991402
0.992477
0.993969
0.994761
0.99512
0.995769
0.996896
0.996182
0.980908
0.928092
0.921411
0.950782
0.973158
0.982901
0.988653
0.991044
0.993213
0.995139
0.995824
0.997155
0.997684
0.998008
0.998164
0.998226
0.998238
0.998145
0.997907
0.997373
0.996245
0.993894
0.990428
0.986754
0.983526
0.980985
0.979365
0.978392
0.978013
0.978497
0.979781
0.981737
0.984183
0.986987
0.989958
0.992818
0.995244
0.997068
0.998293
0.999043
0.999467
0.999686
0.999788
0.999829
0.999841
0.999835
0.999796
0.999702
0.999617
0.999559
0.999523
0.999487
0.999415
0.99924
0.998737
0.99811
0.997674
0.99747
0.997425
0.997434
0.997474
0.997488
0.997477
0.99744
0.997405
0.997342
0.997153
0.9969
0.996676
0.996523
0.996493
0.996357
1
1
1
1
1
1
1
1
1
1
1
1
1
1
1
1
1
1
1
1
1
1
1
1
1
1
1
1
1
1
1
1
1
1
1
1
1
1
1
1
1
1
1
1
1
1
1
1
1
1
1
1
1
1
1
1
1
1
1
1
1
1
1
1
1
1
1
1
1
1
1
1
1
1
1
1
1
1
1
1
1
1
1
0.999999
0.999995
0.999962
0.999726
0.998674
0.995718
0.994801
0.99476
0.994876
0.995178
0.995561
0.995765
0.99585
0.995846
0.995497
0.994677
0.994158
0.994005
0.994312
0.994857
0.995358
0.996037
0.996808
0.996709
0.989109
0.924774
0.87797
0.913203
0.958619
0.975892
0.984529
0.990699
0.993477
0.995421
0.996677
0.997234
0.997648
0.9979
0.998137
0.998287
0.998353
0.998371
0.998357
0.998297
0.998181
0.997857
0.997071
0.995442
0.992809
0.990053
0.987495
0.985491
0.984248
0.983768
0.983951
0.985039
0.986736
0.988937
0.991369
0.993755
0.995818
0.997389
0.998462
0.999126
0.999498
0.999685
0.999767
0.999798
0.999804
0.999786
0.999706
0.99953
0.999343
0.999186
0.999079
0.999011
0.998931
0.99876
0.9983
0.997368
0.996462
0.995786
0.995398
0.995225
0.99516
0.995129
0.995115
0.995107
0.995104
0.99509
0.99505
0.994869
0.994518
0.994422
0.994468
0.994971
0.995158
1
1
1
1
1
1
1
1
1
1
1
1
1
1
1
1
1
1
1
1
1
1
1
1
1
1
1
1
1
1
1
1
1
1
1
1
1
1
1
1
1
1
1
1
1
1
1
1
1
1
1
1
1
1
1
1
1
1
1
1
1
1
1
1
1
1
1
1
1
1
1
1
1
1
1
1
1
1
1
1
1
1
0.999999
0.999994
0.999967
0.999771
0.998498
0.993847
0.990802
0.99075
0.99177
0.994159
0.994849
0.994784
0.995095
0.995638
0.995942
0.996033
0.995827
0.995563
0.995442
0.995684
0.996079
0.996494
0.996685
0.996537
0.992062
0.948086
0.84372
0.852712
0.918617
0.959486
0.978356
0.987426
0.992115
0.994296
0.995902
0.996586
0.997034
0.997411
0.997615
0.997827
0.997959
0.998069
0.998154
0.99823
0.998292
0.998323
0.998306
0.998202
0.997804
0.996843
0.995117
0.993217
0.991589
0.990453
0.98998
0.989888
0.990682
0.991916
0.993532
0.995196
0.99671
0.997906
0.998742
0.999263
0.99955
0.999687
0.999742
0.999762
0.999756
0.999703
0.99953
0.999199
0.998809
0.998439
0.99815
0.997944
0.997723
0.997292
0.99646
0.995274
0.993978
0.992828
0.991984
0.99148
0.991239
0.991161
0.991169
0.991249
0.991458
0.991604
0.991648
0.991682
0.991789
0.99205
0.992746
0.993423
0.994784
0.994395
1
1
1
1
1
1
1
1
1
1
1
1
1
1
1
1
1
1
1
1
1
1
1
1
1
1
1
1
1
1
1
1
1
1
1
1
1
1
1
1
1
1
1
1
1
1
1
1
1
1
1
1
1
1
1
1
1
1
1
1
1
1
1
1
1
1
1
1
1
1
1
1
1
1
1
1
1
1
1
1
0.999999
0.999998
0.999991
0.999958
0.999815
0.998885
0.992701
0.98914
0.989234
0.989725
0.99235
0.99406
0.993558
0.992935
0.993294
0.994392
0.995547
0.996098
0.996272
0.996328
0.996378
0.99647
0.996554
0.996566
0.996125
0.992177
0.964043
0.839702
0.790943
0.83025
0.873998
0.9384
0.974985
0.986833
0.991153
0.993056
0.994113
0.994807
0.995238
0.995564
0.9958
0.99594
0.996046
0.996183
0.996336
0.996706
0.997145
0.997755
0.99817
0.998375
0.998436
0.99836
0.997933
0.99711
0.996012
0.995256
0.994888
0.994764
0.995206
0.995934
0.996866
0.997772
0.998535
0.999083
0.999421
0.999599
0.999676
0.999706
0.999708
0.99966
0.999491
0.999078
0.998391
0.997519
0.996602
0.995722
0.99493
0.99421
0.993186
0.991432
0.989221
0.987103
0.9855
0.98453
0.984085
0.983976
0.984001
0.984264
0.985332
0.986728
0.987888
0.988875
0.989372
0.989813
0.990841
0.991821
0.99296
0.994079
0.993863
0.987345
1
1
1
1
1
1
1
1
1
1
1
1
1
1
1
1
1
1
1
1
1
1
1
1
1
1
1
1
1
1
1
1
1
1
1
1
1
1
1
1
1
1
1
1
1
1
1
1
1
1
1
1
1
1
1
1
1
1
1
1
1
1
1
1
1
1
1
1
1
1
1
1
1
0.999999
0.999999
0.999999
0.999999
0.999999
0.999998
0.999997
0.999993
0.999977
0.99992
0.999722
0.999131
0.994904
0.98626
0.987661
0.989726
0.990847
0.993111
0.992987
0.991403
0.98968
0.98944
0.990753
0.992985
0.994953
0.995902
0.996247
0.996352
0.996356
0.996189
0.995322
0.99127
0.971902
0.879882
0.758948
0.730444
0.739918
0.750971
0.858508
0.949242
0.976464
0.983256
0.98584
0.987228
0.9879
0.988266
0.988777
0.989076
0.989099
0.98909
0.989039
0.98912
0.989981
0.991205
0.993368
0.995494
0.997206
0.998173
0.998592
0.998714
0.998701
0.998443
0.998134
0.997955
0.997885
0.998054
0.998404
0.998772
0.999124
0.99937
0.999515
0.999593
0.999624
0.999617
0.999521
0.999233
0.998564
0.997327
0.99538
0.992718
0.989462
0.985888
0.982395
0.979192
0.97644
0.974521
0.973713
0.973598
0.973934
0.975758
0.978253
0.979628
0.980384
0.980854
0.981848
0.983507
0.985203
0.987045
0.989171
0.990469
0.991844
0.993131
0.993392
0.992844
0.990591
0.98143
0.926665
1
1
1
1
1
1
1
1
1
1
1
1
1
1
1
1
1
1
1
1
1
1
1
1
1
1
1
1
1
1
1
1
1
1
1
1
1
1
1
1
1
1
1
1
1
1
1
1
1
1
1
1
1
1
1
1
1
1
1
1
1
1
1
1
1
1
1
1
0.999999
0.999994
0.999988
0.999987
0.999986
0.999986
0.999985
0.999984
0.999981
0.999976
0.999974
0.999966
0.99993
0.999793
0.999379
0.998378
0.996173
0.98582
0.980783
0.986999
0.991157
0.991983
0.992606
0.991512
0.989737
0.987825
0.985522
0.984958
0.986638
0.989747
0.992665
0.994098
0.994653
0.994334
0.992831
0.98818
0.973029
0.921959
0.829215
0.741238
0.705353
0.69657
0.696919
0.710435
0.878005
0.943709
0.959889
0.964664
0.966163
0.966383
0.967306
0.967855
0.968213
0.967803
0.967074
0.965888
0.965248
0.966435
0.968934
0.974552
0.981356
0.987969
0.993298
0.996523
0.99817
0.99885
0.999069
0.999117
0.999105
0.999092
0.999128
0.999222
0.999298
0.999357
0.999388
0.99935
0.999145
0.998639
0.997518
0.995246
0.991305
0.986278
0.981113
0.976572
0.973126
0.97102
0.970169
0.970045
0.970472
0.972256
0.974491
0.976525
0.978203
0.979664
0.981233
0.982897
0.984435
0.985971
0.98763
0.989084
0.989852
0.990295
0.990624
0.990848
0.990957
0.990615
0.988437
0.981397
0.960357
0.911788
0.82068
0.565129
1
1
1
1
1
1
1
1
1
1
1
1
1
1
1
1
1
1
1
1
1
1
1
1
1
1
1
1
1
1
1
1
1
1
1
1
1
1
1
1
1
1
1
1
1
1
1
1
1
1
1
1
1
1
1
1
1
1
1
1
1
1
1
1
1
1
1
0.999996
0.999969
0.99988
0.999801
0.999788
0.999788
0.999789
0.999788
0.999783
0.999758
0.999742
0.999737
0.999704
0.999432
0.998113
0.995721
0.990287
0.982428
0.971358
0.969079
0.98213
0.991024
0.991901
0.991534
0.990096
0.989177
0.987768
0.984861
0.982807
0.981785
0.981168
0.981114
0.982254
0.98266
0.981451
0.976445
0.964064
0.937957
0.899638
0.836334
0.765101
0.725403
0.717501
0.70194
0.651159
0.733058
0.86695
0.899412
0.908135
0.909933
0.908057
0.909123
0.908449
0.908116
0.906089
0.902687
0.897193
0.894155
0.893212
0.897236
0.908448
0.924941
0.943723
0.962225
0.97714
0.987922
0.994069
0.997103
0.998315
0.998665
0.998706
0.998688
0.998616
0.998418
0.998034
0.997321
0.996071
0.99404
0.991017
0.98697
0.982597
0.979182
0.977216
0.976608
0.976923
0.977994
0.98005
0.983061
0.986924
0.990027
0.9912
0.989333
0.985256
0.981009
0.977681
0.97401
0.97039
0.966754
0.963687
0.957605
0.947636
0.932059
0.916362
0.902058
0.893703
0.884565
0.867234
0.82101
0.68444
0.413397
0.21547
0.129981
-0.0126935
1
1
1
1
1
1
1
1
1
1
1
1
1
1
1
1
1
1
1
1
1
1
1
1
1
1
1
1
1
1
1
1
1
1
1
1
1
1
1
1
1
1
1
1
1
1
1
1
1
1
1
1
1
1
1
1
1
1
1
1
1
1
1
1
1
1
0.999998
0.999911
0.999433
0.998551
0.998197
0.998192
0.998224
0.99831
0.998375
0.998359
0.998288
0.99831
0.998508
0.998426
0.995573
0.977821
0.963235
0.957205
0.951734
0.948585
0.951596
0.973959
0.989062
0.990766
0.989946
0.988525
0.988135
0.987704
0.98546
0.982555
0.980709
0.978775
0.976346
0.973382
0.969253
0.963285
0.954842
0.94265
0.927831
0.909131
0.8841
0.860158
0.832954
0.82248
0.75127
0.636829
0.621093
0.716847
0.763507
0.771326
0.769369
0.749473
0.74199
0.738467
0.734259
0.729631
0.722048
0.709427
0.701611
0.697816
0.703507
0.718626
0.74451
0.77751
0.816012
0.855994
0.894925
0.92989
0.957891
0.976396
0.984993
0.986958
0.986371
0.98487
0.982223
0.978075
0.971927
0.963237
0.951292
0.935909
0.916359
0.891661
0.86039
0.82139
0.774744
0.721733
0.661177
0.596261
0.531445
0.463947
0.398041
0.336793
0.277289
0.217286
0.15911
0.107832
0.0673987
0.0388076
0.0205143
0.00986329
0.00429407
0.00196844
0.00133973
0.000919084
0.000621239
0.00041439
0.000273051
0.000178106
0.000113304
6.91554e-05
3.87664e-05
2.04037e-05
9.40218e-06
3.2076e-06
1
1
1
1
1
1
1
1
1
1
1
1
1
1
1
1
1
1
1
1
1
1
1
1
1
1
1
1
1
1
1
1
1
1
1
1
1
1
1
1
1
1
1
1
1
1
1
1
1
1
1
1
1
1
1
1
1
1
1
1
1
1
1
1
1
1
0.999972
0.999194
0.995797
0.995085
0.99546
0.995742
0.995816
0.995801
0.995758
0.995706
0.995661
0.995559
0.995004
0.992258
0.981024
0.960405
0.943598
0.935376
0.934374
0.93628
0.947554
0.964759
0.974424
0.977382
0.977092
0.977977
0.983845
0.986581
0.985751
0.982706
0.980288
0.977926
0.974613
0.9693
0.962038
0.952583
0.94093
0.929717
0.923092
0.914596
0.903483
0.892037
0.87772
0.847293
0.739506
0.606466
0.592536
0.651728
0.691374
0.693931
0.686498
0.662071
0.62568
0.59055
0.564327
0.542933
0.523693
0.512001
0.505177
0.50431
0.516465
0.533108
0.548671
0.560388
0.568651
0.574284
0.578311
0.581901
0.584656
0.588447
0.590605
0.594528
0.585941
0.566531
0.537153
0.49706
0.447231
0.390238
0.327517
0.264899
0.205051
0.151074
0.104826
0.068706
0.0424323
0.0247285
0.0137967
0.00751067
0.00354165
0.00133746
0.000636919
0.000393144
0.000207223
9.46498e-05
3.8796e-05
1.48885e-05
5.60278e-06
2.14931e-06
8.56693e-07
3.58008e-07
1.63627e-07
8.95337e-08
5.68037e-08
3.72178e-08
2.42887e-08
1.56535e-08
9.91473e-09
6.1345e-09
3.65788e-09
2.0751e-09
1.09731e-09
5.39987e-10
-9.65062e-12
1.47333e-09
0.00519973
0.00590727
0.00520574
0.00389191
0.00231028
0.00126608
0.000651802
0.000317386
0.000147301
6.56817e-05
2.831e-05
1.17992e-05
4.76701e-06
1.85789e-06
7.01788e-07
2.53317e-07
8.85727e-08
2.91053e-08
9.35949e-09
2.77764e-09
7.20936e-10
2.44438e-10
9.02657e-11
2.8672e-11
1.07202e-11
0.111211
0.102302
0.0873127
0.0657469
0.0454215
0.0293598
0.0179083
0.0103418
0.0056744
0.00296928
0.00148663
0.000713667
0.000329163
0.000145986
6.23487e-05
2.56171e-05
1.01393e-05
3.85538e-06
1.41345e-06
4.97135e-07
1.69294e-07
5.52298e-08
1.7632e-08
5.43685e-09
1.40042e-09
0.729389
0.652441
0.544601
0.417548
0.294453
0.197535
0.126219
0.0767157
0.0443808
0.0244828
0.0129083
0.00651881
0.00316031
0.00147329
0.000661527
0.000286215
0.000119428
4.80256e-05
1.86386e-05
6.97071e-06
2.5217e-06
8.7965e-07
2.98045e-07
9.91865e-08
2.64854e-08
0.952203
0.946268
0.931515
0.891537
0.765348
0.558949
0.377177
0.239429
0.14388
0.0822186
0.0448416
0.0234146
0.0117387
0.0056624
0.00263247
0.00118011
0.000510389
0.000212807
8.56042e-05
3.31832e-05
1.24291e-05
4.48911e-06
1.57136e-06
5.41621e-07
1.48336e-07
0.986758
0.986427
0.98463
0.978776
0.959941
0.893645
0.697071
0.47874
0.30699
0.185123
0.105773
0.0576124
0.0300594
0.0150734
0.0072804
0.00338899
0.00152075
0.00065723
0.000273642
0.000109635
4.23695e-05
1.57683e-05
5.67505e-06
2.01273e-06
5.63524e-07
0.992514
0.99314
0.993113
0.9924
0.989046
0.975848
0.924563
0.746715
0.514779
0.331924
0.201435
0.115837
0.0635005
0.0333289
0.0167973
0.00813785
0.00379163
0.0016977
0.000730734
0.000302071
0.000120209
4.5996e-05
1.69839e-05
6.18292e-06
1.7662e-06
0.99315
0.994854
0.995476
0.995489
0.994968
0.992015
0.978971
0.925302
0.739597
0.50704
0.326552
0.198602
0.114721
0.0632239
0.0333423
0.0168465
0.00815953
0.00378641
0.00168427
0.000717747
0.000293751
0.000115394
4.36429e-05
1.62792e-05
4.73824e-06
0.992463
0.995026
0.996419
0.996857
0.996833
0.996183
0.992507
0.975814
0.906498
0.695059
0.471889
0.302166
0.183276
0.10578
0.0582705
0.0306725
0.0154351
0.00742171
0.00341161
0.00149876
0.000630844
0.000254385
9.85226e-05
3.76402e-05
1.11569e-05
0.991124
0.994552
0.9966
0.997558
0.99778
0.997668
0.996591
0.990905
0.96561
0.862231
0.626619
0.421056
0.26704
0.160762
0.0921581
0.0503687
0.0262587
0.0130521
0.0061889
0.00279907
0.00121051
0.000500762
0.00019852
7.76573e-05
2.34414e-05
0.989768
0.99383
0.996401
0.997799
0.998329
0.998378
0.998082
0.996044
0.986103
0.9436
0.784268
0.550233
0.363697
0.22777
0.13553
0.0767146
0.0413263
0.0211801
0.0103338
0.00480018
0.00212836
0.000901502
0.000365229
0.000146087
4.48678e-05
0.989413
0.993565
0.996272
0.997873
0.998628
0.998819
0.998752
0.998011
0.993934
0.975442
0.899703
0.685005
0.470832
0.306206
0.188797
0.110491
0.0614016
0.0323905
0.0162313
0.00772906
0.00350675
0.00151783
0.000627208
0.000256003
7.98828e-05
0.990025
0.993853
0.996408
0.997992
0.998829
0.999128
0.999141
0.998881
0.997181
0.988968
0.954058
0.818707
0.587889
0.396542
0.253083
0.152978
0.0875956
0.0474991
0.0244118
0.011898
0.00551496
0.00243523
0.00102472
0.000426075
0.000134891
0.992006
0.994936
0.996973
0.998287
0.999037
0.999359
0.999414
0.999328
0.99863
0.995013
0.978983
0.914222
0.716283
0.500239
0.330354
0.206099
0.121481
0.0676347
0.0356034
0.0177358
0.00838652
0.00377242
0.00161413
0.00068264
0.000218997
0.995064
0.99674
0.997996
0.998834
0.999337
0.999576
0.999633
0.999606
0.999325
0.997777
0.990659
0.961037
0.845516
0.618977
0.422996
0.272168
0.16498
0.0942002
0.0507271
0.0257948
0.012427
0.00568719
0.00247136
0.00106176
0.00034482
0.99728
0.998147
0.998845
0.999318
0.999606
0.99975
0.99979
0.999782
0.999672
0.999032
0.995994
0.982939
0.930879
0.755345
0.532517
0.353054
0.219875
0.128616
0.0707736
0.036697
0.0179937
0.00836991
0.00369043
0.00160918
0.000528641
0.998653
0.999078
0.99943
0.999664
0.999804
0.999874
0.999895
0.999892
0.999849
0.999589
0.998325
0.992736
0.969721
0.880043
0.657654
0.449485
0.287412
0.172094
0.0966899
0.0510823
0.025474
0.0120359
0.00538118
0.00238003
0.000790529
0.999399
0.999591
0.999751
0.999856
0.999916
0.999945
0.999953
0.999952
0.999934
0.999829
0.999306
0.996927
0.986786
0.946179
0.795921
0.560968
0.368
0.225432
0.129244
0.0695287
0.0352421
0.0169029
0.0076585
0.0034337
0.00115255
0.99976
0.999839
0.999903
0.999945
0.999968
0.999979
0.999981
0.999981
0.999973
0.99993
0.999711
0.998688
0.994167
0.975368
0.901382
0.68558
0.461132
0.288985
0.169004
0.0925368
0.04765
0.0231877
0.0106414
0.00483386
0.00163895
0.999916
0.999944
0.999967
0.999981
0.999989
0.999993
0.999993
0.999993
0.99999
0.999971
0.999878
0.999427
0.997366
0.988456
0.952237
0.812658
0.565702
0.362726
0.216346
0.120534
0.0630306
0.0311071
0.0144533
0.00664862
0.00227614
0.999974
0.999984
0.99999
0.999995
0.999997
0.999998
0.999998
0.999998
0.999996
0.999988
0.999947
0.999743
0.998775
0.994429
0.97605
0.902622
0.680277
0.445643
0.271143
0.153696
0.0816019
0.0408331
0.019203
0.00894291
0.00309059
0.999993
0.999996
0.999998
0.999999
0.999999
0.999999
0.999999
0.999999
0.999999
0.999995
0.999976
0.99988
0.999408
0.997201
0.987485
0.947371
0.792465
0.535044
0.332033
0.191451
0.103184
0.0523415
0.0249097
0.0117419
0.00409581
0.999999
0.999999
0.999999
1
1
1
1
1
0.999999
0.999998
0.999989
0.999942
0.9997
0.998519
0.993101
0.969857
0.875986
0.626
0.39633
0.232498
0.127181
0.0653881
0.0314859
0.0150207
0.00528803
1
1
1
1
1
1
1
1
1
0.999999
0.999995
0.99997
0.999838
0.999165
0.995948
0.981614
0.922253
0.715729
0.461082
0.274895
0.152569
0.0794798
0.0387133
0.0186871
0.00663897
1
1
1
1
1
1
1
1
1
1
0.999997
0.999984
0.999907
0.999496
0.997453
0.988025
0.947882
0.789705
0.522495
0.316593
0.17816
0.0939931
0.0462925
0.0226018
0.00810136
1
1
1
1
1
1
1
1
1
1
0.999998
0.99999
0.999942
0.999675
0.99829
0.991691
0.96282
0.845223
0.577496
0.355691
0.202811
0.108281
0.0538922
0.0266001
0.00961644
1
1
1
1
1
1
1
1
1
1
0.999999
0.999994
0.999962
0.999775
0.998775
0.993865
0.971857
0.881061
0.627353
0.390619
0.225381
0.121659
0.0611436
0.0304892
0.0111124
1
1
1
1
1
1
1
1
1
1
0.999999
0.999996
0.999973
0.999833
0.999064
0.995191
0.977462
0.903386
0.66868
0.420334
0.244992
0.133551
0.0677197
0.0340894
0.0125198
1
1
1
1
1
1
1
1
1
1
1
0.999997
0.99998
0.999871
0.999256
0.996084
0.981298
0.918736
0.703028
0.446397
0.262608
0.144491
0.0738992
0.0375481
0.0138956
1
1
1
1
1
1
1
1
1
1
1
0.999998
0.999984
0.999894
0.999372
0.996636
0.983696
0.92843
0.728107
0.466932
0.277026
0.153765
0.0793067
0.0406747
0.0151712
1
1
1
1
1
1
1
1
1
1
1
0.999998
0.999985
0.999903
0.99942
0.996861
0.984657
0.932277
0.739077
0.477346
0.285237
0.159549
0.0829139
0.0428914
0.0161153
1
1
1
1
1
1
1
1
1
1
1
0.999998
0.999985
0.999904
0.999425
0.996887
0.984785
0.93286
0.741255
0.480766
0.288904
0.162678
0.0851097
0.0443715
0.0167833
1
1
1
1
1
1
1
1
1
1
1
0.999998
0.999984
0.999899
0.999404
0.99679
0.98439
0.931441
0.738326
0.480522
0.290189
0.164356
0.0864962
0.0454061
0.0172761
1
1
1
1
1
1
1
1
1
1
1
0.999997
0.999983
0.99989
0.999361
0.996616
0.983761
0.92942
0.734473
0.480002
0.291549
0.166173
0.0879721
0.0464841
0.0177798
1
1
1
1
1
1
1
1
1
1
1
0.999997
0.999981
0.999882
0.999327
0.996503
0.983486
0.929118
0.736102
0.484875
0.296908
0.170516
0.0908357
0.0482944
0.0185542
1
1
1
1
1
1
1
1
1
1
1
0.999997
0.999981
0.999882
0.99934
0.996639
0.984447
0.934364
0.753839
0.503659
0.311969
0.180843
0.0969773
0.0518519
0.0199867
1
1
1
1
1
1
1
1
1
1
1
0.999997
0.999983
0.999897
0.999436
0.997212
0.987429
0.947893
0.798609
0.546697
0.343751
0.201386
0.108705
0.0583956
0.022552
0.999999
0.999999
1
1
1
1
1
1
1
1
1
0.999998
0.999989
0.999933
0.999635
0.998209
0.991975
0.966752
0.869597
0.624389
0.399394
0.236629
0.128536
0.0693162
0.0267958
0.999998
0.999999
0.999999
0.999999
0.999999
1
1
1
1
1
1
0.999999
0.999995
0.999967
0.999817
0.999091
0.99587
0.982513
0.92966
0.740478
0.4814
0.288403
0.157766
0.0854695
0.0330986
0.999996
0.999998
0.999998
0.999999
0.999999
0.999999
0.999999
0.999999
1
1
1
0.999999
0.999998
0.999985
0.999917
0.999569
0.997953
0.990893
0.961569
0.844318
0.573074
0.349133
0.193068
0.105501
0.0410819
0.999991
0.999995
0.999997
0.999998
0.999998
0.999998
0.999998
0.999999
0.999999
0.999999
1
0.999999
0.999999
0.999993
0.999958
0.99977
0.998837
0.994498
0.975556
0.897968
0.654895
0.404449
0.226782
0.125527
0.0493573
0.999981
0.999988
0.999993
0.999995
0.999996
0.999996
0.999997
0.999998
0.999998
0.999999
0.999999
0.999999
0.999999
0.999995
0.999973
0.999843
0.99916
0.995825
0.980735
0.917674
0.69844
0.43744
0.248568
0.13967
0.0556359
0.999959
0.999974
0.999983
0.999989
0.999991
0.999993
0.999994
0.999995
0.999997
0.999998
0.999998
0.999999
0.999998
0.999996
0.999977
0.999867
0.999264
0.99624
0.982317
0.923598
0.71332
0.449554
0.257007
0.145587
0.0584971
0.999907
0.99994
0.999962
0.999975
0.999982
0.999986
0.999988
0.999991
0.999993
0.999995
0.999996
0.999997
0.999997
0.999994
0.999977
0.999871
0.999282
0.996299
0.982507
0.924256
0.715154
0.451413
0.258536
0.14683
0.0591764
0.999799
0.999869
0.999916
0.999945
0.999962
0.999972
0.999978
0.999982
0.999985
0.999988
0.999992
0.999993
0.999993
0.999991
0.999974
0.999866
0.999259
0.996188
0.982047
0.922568
0.711227
0.448746
0.257029
0.14604
0.0589018
0.999614
0.999736
0.999828
0.999887
0.999924
0.999946
0.999959
0.999966
0.999969
0.999974
0.999981
0.999986
0.999987
0.999985
0.999969
0.999859
0.999245
0.996158
0.982005
0.92265
0.711687
0.448778
0.256799
0.145713
0.0586941
0.999322
0.999518
0.999674
0.999781
0.99985
0.999895
0.999922
0.999934
0.999939
0.999945
0.999958
0.99997
0.999976
0.999975
0.999961
0.999862
0.999302
0.996502
0.983662
0.929537
0.729599
0.460837
0.263237
0.14889
0.0597607
0.998865
0.999169
0.999417
0.999592
0.999713
0.999797
0.999847
0.999869
0.999877
0.999887
0.999911
0.999941
0.999959
0.999962
0.999954
0.999882
0.999462
0.997319
0.987243
0.943617
0.770221
0.49148
0.281039
0.158598
0.0634051
0.998171
0.998637
0.999006
0.999275
0.999474
0.999615
0.999697
0.999733
0.999754
0.999789
0.999843
0.999898
0.999934
0.999944
0.99994
0.999884
0.999536
0.997688
0.988754
0.949381
0.789159
0.508155
0.292052
0.165535
0.0664332
0.99713
0.997828
0.998358
0.998752
0.999053
0.999275
0.999416
0.999501
0.999572
0.999656
0.99975
0.999833
0.999887
0.999905
0.999902
0.999848
0.999493
0.997598
0.988423
0.94798
0.78393
0.503686
0.28932
0.163952
0.0658385
0.996148
0.996998
0.997673
0.998181
0.998566
0.998844
0.999028
0.999162
0.999297
0.999442
0.999575
0.999676
0.999735
0.999756
0.999752
0.999664
0.999153
0.996595
0.984715
0.933632
0.738945
0.468058
0.267798
0.15146
0.0609012
0.995298
0.996081
0.99673
0.997262
0.99769
0.997998
0.998222
0.998421
0.998603
0.998754
0.998854
0.998884
0.998865
0.99885
0.998737
0.99831
0.996854
0.99122
0.967458
0.867831
0.606792
0.376687
0.212736
0.118967
0.0477042
0.990015
0.991627
0.992746
0.993494
0.993933
0.99428
0.994547
0.99466
0.994539
0.99442
0.9944
0.993917
0.991962
0.990295
0.98934
0.987331
0.979824
0.947543
0.816069
0.563863
0.353611
0.205759
0.110371
0.0587156
0.0228709
0.947138
0.958513
0.964911
0.967607
0.969388
0.970941
0.971296
0.970616
0.970242
0.968784
0.962107
0.95396
0.949726
0.9446
0.927269
0.869685
0.697486
0.488545
0.314037
0.187083
0.103947
0.0544216
0.0267361
0.0130293
0.00483404
0.674273
0.756152
0.795014
0.8178
0.837784
0.844686
0.844605
0.840314
0.82535
0.795859
0.760878
0.711316
0.630873
0.515652
0.381921
0.255416
0.156422
0.0893502
0.0480883
0.0244932
0.011852
0.00547844
0.00241374
0.00104719
0.000372762
0.0998056
0.215445
0.29082
0.367816
0.404472
0.404305
0.39527
0.368413
0.318896
0.266443
0.212492
0.158416
0.108896
0.0682132
0.0387682
0.0200707
0.00966532
0.00440088
0.00190942
0.000789612
0.000315497
0.000121251
4.59126e-05
1.67843e-05
6.84188e-06
0.0111524
0.0352352
0.071838
0.0897667
0.0892312
0.0844369
0.0725506
0.0541638
0.0372642
0.0234396
0.0133183
0.00676244
0.00306381
0.00123477
0.00044864
0.000151886
4.71632e-05
1.23537e-05
5.14034e-06
2.10644e-06
8.83207e-07
3.45764e-07
1.52257e-07
6.40859e-08
4.76047e-08
0.0014113
0.00652888
0.00916595
0.00851232
0.00648237
0.00334522
0.00131006
0.00039194
9.87371e-05
2.11523e-05
7.32641e-06
2.37971e-06
7.12251e-07
1.99401e-07
5.34469e-08
1.40275e-08
3.59884e-09
9.14033e-10
2.77273e-10
8.72268e-11
1.9268e-10
4.5011e-11
7.43598e-11
2.36669e-11
1.0581e-10
)
;

boundaryField
{
    inlet
    {
        type            fixedValue;
        value           uniform 1;
    }
    outlet
    {
        type            inletOutlet;
        inletValue      uniform 0;
        value           nonuniform List<scalar> 
57
(
1.07202e-11
1.40042e-09
2.64854e-08
1.48336e-07
5.63524e-07
1.7662e-06
4.73824e-06
1.11569e-05
2.34414e-05
4.48678e-05
7.98828e-05
0.000134891
0.000218997
0.00034482
0.000528641
0.000790529
0.00115255
0.00163895
0.00227614
0.00309059
0.00409581
0.00528803
0.00663897
0.00810136
0.00961644
0.0111124
0.0125198
0.0138956
0.0151712
0.0161153
0.0167833
0.0172761
0.0177798
0.0185542
0.0199867
0.022552
0.0267958
0.0330986
0.0410819
0.0493573
0.0556359
0.0584971
0.0591764
0.0589018
0.0586941
0.0597607
0.0634051
0.0664332
0.0658385
0.0609012
0.0477042
0.0228709
0.00483404
0.000372762
6.84188e-06
4.76047e-08
1.0581e-10
)
;
    }
    upperWall
    {
        type            zeroGradient;
    }
    lowerWall
    {
        type            zeroGradient;
    }
    frontAndBack
    {
        type            empty;
    }
}


// ************************************************************************* //
