/*--------------------------------*- C++ -*----------------------------------*\
| =========                 |                                                 |
| \\      /  F ield         | OpenFOAM: The Open Source CFD Toolbox           |
|  \\    /   O peration     | Version:  2112                                  |
|   \\  /    A nd           | Website:  www.openfoam.com                      |
|    \\/     M anipulation  |                                                 |
\*---------------------------------------------------------------------------*/
FoamFile
{
    version     2.0;
    format      ascii;
    arch        "LSB;label=32;scalar=64";
    class       volScalarField;
    location    "0.22";
    object      s_0;
}
// * * * * * * * * * * * * * * * * * * * * * * * * * * * * * * * * * * * * * //

dimensions      [0 0 0 0 0 0 0];

internalField   nonuniform List<scalar> 
12225
(
1
1
1
1
1
1
1
1
1
1
1
1
1
1
1
1
1
1
1
1
1
1
1
1
1
1
1
1
1
1
1
1
1
1
1
1
1
1
1
1
1
1
1
1
1
1
1
1
1
1
1
1
1
1
1
1
1
1
1
1
1
1
1
1
1
1
1
1
1
1
1
1
1
1
1
1
1
1
1
1
1
1
1
1
1
1
1
1
1
1
1
1
1
1
1
1
1
1
1
1
1
1
1
1
1
1
1
1
1
1
1
1
1
1
1
1
1
1
1
1
1
1
1
1
1
1
1
1
1
1
1
1
1
1
1
1
1
1
1
1
1
1
1
1
1
1
1
1
1
1
1
1
1
1
1
1
1
1
1
1
1
1
1
1
1
1
1
1
1
1
1
1
1
1
1
1
1
1
1
1
1
1
1
1
1
1
1
1
1
1
1
1
1
1
1
1
1
1
1
1
1
1
1
1
1
1
1
1
1
1
1
1
1
1
1
1
1
1
1
1
1
1
1
1
1
1
1
1
1
1
1
1
1
1
1
1
1
1
1
1
1
1
1
1
1
1
1
1
1
1
1
1
1
1
1
1
1
1
1
1
1
1
1
1
1
1
1
1
1
1
1
1
1
1
1
1
1
1
1
1
1
1
1
1
1
1
1
1
1
1
1
1
1
1
1
1
1
1
1
1
1
1
1
1
1
1
1
1
1
1
1
1
1
1
1
1
1
1
1
1
1
1
1
1
1
1
1
1
1
1
1
1
1
1
1
1
1
1
1
1
1
1
1
1
1
1
1
1
1
1
1
1
1
1
1
1
1
1
1
1
1
1
1
1
1
1
1
1
1
1
1
1
1
1
1
1
1
1
1
1
1
1
1
1
1
1
1
1
1
1
1
1
1
1
1
1
1
1
1
1
1
1
1
1
1
1
1
1
1
1
1
1
1
1
1
1
1
1
1
1
1
1
1
1
1
1
1
1
1
1
1
1
1
1
1
1
1
1
1
1
1
1
1
1
1
1
1
1
1
1
1
1
1
1
1
1
1
1
1
1
1
1
1
1
1
1
1
1
1
1
1
1
1
1
1
1
1
1
1
1
1
1
1
1
1
1
1
1
1
1
1
1
1
1
1
1
1
1
1
1
1
1
1
1
1
1
1
1
1
1
1
1
1
1
1
1
1
1
1
1
1
1
1
1
1
1
1
1
1
1
1
1
1
1
1
1
1
1
1
1
0.990132
0.992005
0.992651
0.993138
0.993481
0.993987
0.994962
0.995475
0.995834
0.996174
0.996594
0.996908
0.997121
0.997266
0.99737
0.997436
0.997476
0.997477
0.997469
0.997446
0.99742
0.997366
0.997324
0.99726
0.997196
0.997141
0.997071
0.996997
0.996874
0.996769
0.996585
0.995427
0.988579
0.986472
0.987174
0.987735
0.98821
0.98863
0.989031
0.989779
0.991203
0.992052
0.992378
0.992327
0.992024
0.991394
0.989722
0.987517
0.987335
0.988199
0.994753
0.998929
0.999212
0.999217
0.99922
0.999222
0.999224
0.999227
0.999231
0.999236
0.999241
0.999246
0.999252
0.999257
0.999263
0.999269
0.999275
0.99928
0.999286
0.999291
0.999296
0.999301
0.999305
0.99931
0.999314
0.999317
0.99932
0.999323
0.999325
0.999327
0.999329
0.99933
0.999332
0.999333
0.999334
0.999335
0.999336
0.999337
0.999338
0.999339
0.99934
0.999341
0.999342
0.999343
0.999343
0.999343
0.999342
0.999341
0.99934
0.999338
0.999336
0.999333
0.999329
0.999324
0.999317
0.999309
0.999299
0.999285
0.99927
0.999253
0.999236
0.999219
0.999207
0.999196
0.999178
0.999134
0.998977
0.998614
0.998421
0.998388
0.998375
0.998304
0.997718
0.994708
0.991827
0.991092
0.991132
0.991609
0.992241
0.99267
0.992959
0.993203
0.993534
0.993955
0.994276
0.994456
0.994771
0.995889
0.996746
0.996543
0.996013
0.995862
0.995807
0.995775
0.995727
0.995679
0.995652
0.995634
0.995616
0.9956
0.995594
0.995592
0.995599
0.99561
0.995629
0.995648
0.995676
0.995693
0.995701
0.995693
0.995679
0.995656
0.995621
0.99557
0.995514
0.995461
0.995412
0.995352
0.9953
0.995297
0.995337
0.995542
0.996406
0.996956
0.996967
0.99669
0.996109
0.99559
0.995278
0.995119
0.989652
0.991216
0.99082
0.989261
0.989218
0.991187
0.993823
0.99576
0.996942
0.997779
0.998164
0.998327
0.998422
0.998443
0.998433
0.998408
0.998377
0.998307
0.998253
0.998175
0.998122
0.998054
0.998
0.99794
0.997863
0.997797
0.997716
0.997622
0.997503
0.997337
0.997195
0.996866
0.995593
0.991707
0.988488
0.986977
0.986079
0.985807
0.986205
0.987067
0.989272
0.992009
0.993029
0.993331
0.993312
0.99286
0.990265
0.988982
0.99463
0.997848
0.99874
0.999197
0.999235
0.999243
0.999256
0.99927
0.999285
0.999302
0.999322
0.999344
0.999364
0.999377
0.999391
0.999403
0.999414
0.999422
0.999428
0.999432
0.999434
0.999435
0.999435
0.999434
0.99943
0.999427
0.999422
0.999419
0.999417
0.999416
0.999414
0.999414
0.999415
0.999417
0.999421
0.999424
0.999428
0.999432
0.999437
0.999443
0.999448
0.999454
0.999459
0.999465
0.999472
0.999479
0.999486
0.999492
0.999499
0.999506
0.999515
0.999521
0.999528
0.999533
0.999537
0.99954
0.999541
0.999542
0.999544
0.999546
0.999546
0.999543
0.999539
0.999529
0.999515
0.999502
0.999493
0.999487
0.999484
0.999484
0.999487
0.999531
0.999602
0.999572
0.99935
0.998325
0.997664
0.997181
0.995735
0.994313
0.994053
0.994168
0.994225
0.994157
0.994056
0.994069
0.994213
0.994426
0.994879
0.99625
0.996766
0.996298
0.995865
0.995712
0.995558
0.995404
0.995302
0.99526
0.995248
0.995247
0.99528
0.99532
0.995343
0.995351
0.99535
0.995322
0.995297
0.995286
0.99529
0.995315
0.995358
0.995394
0.995411
0.995415
0.99541
0.995388
0.995368
0.995358
0.995343
0.995304
0.995172
0.995055
0.995046
0.995139
0.995649
0.996242
0.996981
0.997858
0.998181
0.998147
0.997923
0.997118
0.988808
0.989651
0.988451
0.988832
0.99105
0.994876
0.99715
0.9981
0.998461
0.998608
0.998611
0.998596
0.998563
0.998506
0.998377
0.998214
0.998064
0.997704
0.997475
0.997187
0.996843
0.996624
0.996374
0.996267
0.996281
0.996344
0.996489
0.996704
0.996902
0.997053
0.997076
0.997037
0.996877
0.996286
0.994779
0.991442
0.988355
0.986855
0.986553
0.986897
0.988781
0.992034
0.993174
0.993387
0.99333
0.992153
0.990961
0.996035
0.998469
0.999052
0.999231
0.999288
0.999302
0.999331
0.999348
0.999374
0.999399
0.999427
0.999449
0.999458
0.999464
0.999466
0.999466
0.999462
0.999453
0.999442
0.99943
0.999418
0.999402
0.99938
0.999353
0.999326
0.999301
0.999283
0.999271
0.999262
0.999259
0.999258
0.999258
0.99926
0.999265
0.999272
0.99928
0.999288
0.999295
0.999303
0.999313
0.999324
0.999337
0.99935
0.999364
0.999378
0.999394
0.999412
0.999431
0.99945
0.999469
0.999489
0.999512
0.999529
0.999548
0.999563
0.999577
0.99959
0.999602
0.999611
0.999614
0.999614
0.999612
0.999604
0.999596
0.999588
0.999573
0.999551
0.999529
0.999511
0.999497
0.999484
0.999474
0.999472
0.99948
0.99954
0.99956
0.999522
0.999477
0.999425
0.999245
0.998956
0.998679
0.998069
0.996647
0.995608
0.995334
0.995393
0.995574
0.995632
0.996139
0.996799
0.996562
0.995775
0.995498
0.995294
0.995181
0.995152
0.99521
0.9953
0.995402
0.995604
0.99582
0.99595
0.996018
0.996046
0.996021
0.99589
0.995643
0.995418
0.995294
0.995246
0.99525
0.995296
0.99536
0.9954
0.995422
0.995435
0.995439
0.995439
0.995425
0.995367
0.995198
0.995029
0.994976
0.994991
0.995106
0.995421
0.996337
0.997685
0.998673
0.999117
0.999182
0.999012
0.986753
0.986523
0.988722
0.994368
0.997229
0.998279
0.99864
0.998735
0.998727
0.998688
0.998588
0.998374
0.998157
0.99776
0.997145
0.99657
0.995654
0.994601
0.993631
0.992655
0.99176
0.991187
0.990541
0.990235
0.990266
0.990443
0.990957
0.991628
0.992807
0.994457
0.995613
0.996383
0.996664
0.99662
0.996405
0.99577
0.994405
0.991808
0.991024
0.991393
0.993048
0.994017
0.993917
0.993117
0.992928
0.992894
0.996359
0.998601
0.999142
0.999277
0.999325
0.999345
0.999371
0.999395
0.999421
0.999449
0.999473
0.999481
0.999484
0.999484
0.999479
0.999467
0.999454
0.999435
0.999401
0.999352
0.999289
0.999225
0.999186
0.999168
0.999159
0.999157
0.999157
0.999161
0.99917
0.999179
0.99919
0.9992
0.99921
0.99922
0.999229
0.999238
0.999246
0.999253
0.999259
0.999265
0.999271
0.999277
0.999284
0.999291
0.999299
0.999308
0.999318
0.999331
0.999346
0.999361
0.999378
0.999397
0.999419
0.999442
0.999472
0.999504
0.999538
0.999572
0.999604
0.999636
0.999662
0.999681
0.999698
0.99971
0.99971
0.999695
0.999676
0.999659
0.999631
0.999598
0.999571
0.999549
0.999524
0.99949
0.999461
0.999454
0.999457
0.999472
0.999519
0.999553
0.999556
0.999542
0.999458
0.999065
0.997452
0.996018
0.995816
0.996229
0.996843
0.996886
0.996912
0.996779
0.995889
0.995368
0.995172
0.995081
0.995061
0.995178
0.995344
0.995726
0.99603
0.996173
0.996252
0.996297
0.996373
0.996485
0.996624
0.9967
0.996745
0.99646
0.995879
0.995434
0.995264
0.995235
0.995267
0.995351
0.995421
0.995461
0.995471
0.995469
0.99545
0.995353
0.995113
0.994953
0.994908
0.994915
0.994963
0.995152
0.995894
0.997541
0.998642
0.999148
0.999311
0.999307
0.98515
0.991634
0.99682
0.998284
0.998721
0.998833
0.998823
0.998768
0.998618
0.998335
0.997755
0.997117
0.996299
0.994822
0.993566
0.991969
0.990725
0.989874
0.989139
0.988568
0.98806
0.987644
0.987385
0.9871
0.986881
0.986881
0.986975
0.987236
0.987818
0.988728
0.990577
0.99356
0.995329
0.996185
0.996313
0.996248
0.995999
0.995294
0.994123
0.994105
0.99449
0.994412
0.993586
0.993422
0.994273
0.996955
0.998659
0.999165
0.999294
0.999333
0.99935
0.999371
0.999395
0.999421
0.999453
0.99948
0.999489
0.99949
0.999489
0.999482
0.999467
0.999438
0.999388
0.999306
0.999208
0.999163
0.999144
0.999137
0.999135
0.999137
0.999149
0.999171
0.999194
0.999214
0.999231
0.99925
0.999265
0.99928
0.999295
0.999309
0.999322
0.999333
0.999341
0.999348
0.999354
0.999356
0.999359
0.999363
0.999366
0.999369
0.999372
0.999376
0.999379
0.999383
0.999388
0.999394
0.999402
0.99941
0.999421
0.999432
0.999445
0.999458
0.999478
0.999501
0.999525
0.999553
0.999593
0.999641
0.999689
0.99973
0.999758
0.999778
0.999786
0.999778
0.999745
0.999695
0.999641
0.999594
0.999564
0.999542
0.999511
0.999474
0.999448
0.999442
0.999447
0.999478
0.999525
0.999529
0.999495
0.999216
0.997726
0.996348
0.996291
0.9969
0.997245
0.99717
0.996933
0.99631
0.995315
0.995056
0.99497
0.994966
0.995086
0.995332
0.995775
0.995947
0.995992
0.99598
0.995775
0.995642
0.995606
0.995876
0.996257
0.996677
0.996988
0.997114
0.99708
0.996414
0.995648
0.99533
0.995261
0.995281
0.99538
0.995464
0.995502
0.995504
0.995477
0.995345
0.995062
0.994883
0.99484
0.994847
0.994886
0.99504
0.995727
0.997441
0.998579
0.999089
0.999264
0.999294
0.992355
0.997251
0.998594
0.998874
0.998895
0.998863
0.998733
0.998397
0.997767
0.996835
0.995592
0.994066
0.992422
0.991175
0.990363
0.989685
0.989138
0.988754
0.988357
0.987948
0.987695
0.987536
0.987311
0.987062
0.986893
0.986553
0.986118
0.985997
0.986065
0.986322
0.987001
0.988476
0.991823
0.994624
0.995803
0.996135
0.996121
0.995978
0.995397
0.994988
0.994941
0.994456
0.994225
0.995581
0.997645
0.99873
0.999168
0.999292
0.999327
0.99934
0.999355
0.999374
0.999397
0.999424
0.999457
0.999482
0.999488
0.999489
0.999483
0.999464
0.999422
0.999347
0.999246
0.999196
0.999173
0.999164
0.999162
0.999167
0.999185
0.999204
0.99922
0.999229
0.999232
0.999233
0.999235
0.999235
0.999241
0.999248
0.999259
0.999271
0.999288
0.999304
0.999318
0.99933
0.99934
0.999345
0.99935
0.999357
0.999365
0.999371
0.99938
0.999389
0.9994
0.999412
0.999426
0.99944
0.999456
0.999473
0.999492
0.999511
0.999532
0.99955
0.999559
0.999561
0.999555
0.999548
0.999554
0.999572
0.999599
0.999644
0.999707
0.99977
0.999809
0.999834
0.999847
0.999846
0.999821
0.999756
0.999673
0.999592
0.999546
0.999524
0.9995
0.999474
0.999462
0.999463
0.999479
0.999491
0.999467
0.99921
0.997739
0.996483
0.996537
0.9972
0.997334
0.997156
0.996702
0.995427
0.994921
0.994811
0.994879
0.994958
0.995186
0.995636
0.995797
0.995821
0.995494
0.99484
0.994554
0.994439
0.994407
0.994481
0.994731
0.995444
0.996504
0.997108
0.997307
0.997313
0.996672
0.995754
0.995357
0.995267
0.995294
0.995423
0.995512
0.995526
0.9955
0.99535
0.995046
0.99485
0.994797
0.994801
0.994834
0.994977
0.995621
0.99727
0.99842
0.998991
0.999223
0.999288
0.998658
0.998825
0.998959
0.99895
0.998889
0.99866
0.998148
0.99718
0.995663
0.993961
0.992695
0.991627
0.990907
0.990312
0.989881
0.989518
0.989294
0.989345
0.989502
0.989658
0.990096
0.990401
0.990362
0.990149
0.989639
0.988337
0.986921
0.986049
0.985622
0.985605
0.985759
0.986346
0.987977
0.991246
0.994071
0.995496
0.995976
0.995978
0.995473
0.995164
0.995185
0.995053
0.996458
0.997926
0.998808
0.999163
0.999283
0.999317
0.999329
0.999339
0.999353
0.999371
0.999395
0.999421
0.999454
0.999477
0.999482
0.999478
0.99946
0.999414
0.999327
0.999244
0.999207
0.99919
0.999183
0.999182
0.999182
0.999179
0.999171
0.999155
0.999121
0.999068
0.999008
0.998952
0.998899
0.998868
0.998853
0.998848
0.998849
0.998863
0.99889
0.998926
0.998967
0.999011
0.999049
0.999078
0.999095
0.999117
0.999143
0.999172
0.999201
0.999227
0.999252
0.999276
0.999302
0.999331
0.999363
0.999399
0.999439
0.999481
0.999526
0.999571
0.999613
0.999649
0.99968
0.999697
0.999679
0.999637
0.999606
0.999605
0.999625
0.999671
0.999745
0.999815
0.999857
0.999883
0.999894
0.999893
0.999867
0.999771
0.999641
0.999568
0.99954
0.999515
0.999487
0.999472
0.99947
0.999466
0.999438
0.999206
0.997807
0.99657
0.996668
0.997293
0.997336
0.997026
0.995926
0.994846
0.994588
0.994635
0.994828
0.994972
0.995362
0.995658
0.995705
0.995326
0.994596
0.994352
0.994267
0.994232
0.994175
0.994146
0.99415
0.994303
0.994925
0.996464
0.997234
0.997434
0.997344
0.996582
0.995648
0.99529
0.995245
0.995331
0.995508
0.995559
0.995541
0.99538
0.995044
0.994834
0.994768
0.994769
0.994799
0.994935
0.995531
0.997087
0.99824
0.998841
0.999105
0.99923
0.998779
0.998961
0.998984
0.998916
0.998635
0.997921
0.996754
0.994853
0.993318
0.992401
0.991797
0.991188
0.990752
0.990634
0.990798
0.991206
0.991606
0.991942
0.99223
0.992556
0.992914
0.993092
0.993095
0.993019
0.992708
0.99171
0.988898
0.986592
0.985605
0.985351
0.985396
0.985807
0.987327
0.990605
0.993559
0.995307
0.995938
0.995959
0.995361
0.995564
0.99592
0.996749
0.998149
0.998828
0.999154
0.99927
0.999306
0.999317
0.999325
0.999331
0.999339
0.999359
0.999383
0.999409
0.999445
0.999462
0.999463
0.99945
0.999406
0.999322
0.999258
0.999218
0.9992
0.999185
0.999171
0.999155
0.99912
0.999054
0.998946
0.998786
0.998622
0.99854
0.998501
0.998485
0.998481
0.998481
0.998497
0.998519
0.998539
0.998558
0.998578
0.9986
0.99863
0.998675
0.998731
0.998806
0.998888
0.998975
0.999051
0.999102
0.999143
0.999176
0.999204
0.999228
0.999248
0.999267
0.999288
0.999314
0.999345
0.99938
0.99942
0.999464
0.999518
0.999585
0.999661
0.999731
0.999776
0.999801
0.999787
0.999715
0.999655
0.999645
0.999666
0.999724
0.999806
0.999868
0.999904
0.999924
0.999928
0.999918
0.999848
0.999697
0.999612
0.999564
0.999523
0.999493
0.999479
0.999469
0.999436
0.999228
0.997929
0.996643
0.996726
0.997301
0.997288
0.996683
0.995089
0.994398
0.994282
0.994514
0.994789
0.995013
0.995469
0.99562
0.995453
0.994717
0.994401
0.994328
0.994313
0.99432
0.994236
0.994119
0.99406
0.994035
0.994232
0.995084
0.996774
0.997405
0.997473
0.997235
0.996156
0.995378
0.995195
0.995234
0.995465
0.995598
0.995595
0.995448
0.995063
0.994831
0.994751
0.994748
0.994775
0.994906
0.995463
0.996944
0.998038
0.998597
0.998839
0.999011
0.998834
0.999017
0.998979
0.998708
0.997978
0.996583
0.994626
0.99326
0.992587
0.992108
0.991701
0.991572
0.991775
0.99206
0.992169
0.992259
0.992361
0.992496
0.992686
0.992977
0.993274
0.993438
0.993472
0.993402
0.992875
0.990875
0.987963
0.986116
0.985372
0.985281
0.985402
0.985976
0.987809
0.991027
0.993825
0.995441
0.995986
0.995741
0.995401
0.99644
0.996948
0.998153
0.998842
0.999135
0.999254
0.999292
0.999304
0.999309
0.999311
0.999314
0.999327
0.999348
0.999366
0.999393
0.999421
0.999427
0.999423
0.999381
0.999318
0.999267
0.999225
0.999203
0.999182
0.999154
0.999103
0.999013
0.99884
0.998577
0.998418
0.998339
0.998301
0.998286
0.998284
0.998301
0.998335
0.998359
0.998391
0.998429
0.998467
0.998501
0.998532
0.998554
0.998573
0.9986
0.998638
0.998702
0.998811
0.998936
0.999054
0.999156
0.999235
0.999292
0.999333
0.999357
0.999367
0.999368
0.999366
0.999371
0.999384
0.999404
0.999427
0.999452
0.999476
0.999503
0.999538
0.999603
0.999712
0.999809
0.999856
0.99987
0.999839
0.999743
0.99969
0.99969
0.999727
0.999803
0.999874
0.999919
0.999943
0.999949
0.999943
0.999895
0.999764
0.999661
0.999581
0.999524
0.999496
0.999479
0.999442
0.999269
0.998134
0.996742
0.99676
0.997281
0.997122
0.995942
0.994597
0.994058
0.99405
0.994419
0.994753
0.995065
0.995464
0.995536
0.995126
0.994542
0.994427
0.994443
0.994653
0.994743
0.994626
0.994306
0.994066
0.993986
0.994016
0.994397
0.995972
0.997208
0.997491
0.997434
0.99675
0.995555
0.995126
0.995124
0.995368
0.99563
0.995655
0.995529
0.995119
0.994841
0.994746
0.994737
0.994762
0.994894
0.995461
0.99684
0.997771
0.998275
0.998552
0.998766
0.998894
0.999034
0.99888
0.998245
0.99688
0.995053
0.993447
0.992816
0.992455
0.992221
0.992282
0.992304
0.992294
0.992227
0.992071
0.991841
0.991611
0.991579
0.99175
0.992178
0.99266
0.992907
0.992902
0.992388
0.990222
0.987524
0.985881
0.985324
0.985313
0.985522
0.986005
0.987037
0.9892
0.992141
0.994593
0.995841
0.996001
0.995437
0.996079
0.99732
0.997925
0.998797
0.999114
0.999235
0.999277
0.999291
0.999295
0.999292
0.99929
0.999298
0.999321
0.999341
0.999354
0.999372
0.99938
0.999374
0.99934
0.999302
0.999271
0.999237
0.999206
0.999178
0.999136
0.999058
0.998903
0.998613
0.998341
0.998227
0.998171
0.998146
0.998134
0.99813
0.998136
0.998142
0.998159
0.998211
0.998255
0.998316
0.998389
0.998458
0.998514
0.998549
0.998572
0.99859
0.998613
0.998648
0.998736
0.998894
0.999069
0.999246
0.999398
0.999515
0.999594
0.999644
0.999672
0.999685
0.999683
0.999674
0.999668
0.999665
0.99966
0.999648
0.99962
0.999577
0.999548
0.999547
0.999578
0.999666
0.999805
0.999884
0.999909
0.999902
0.999824
0.999743
0.999729
0.99975
0.999815
0.999885
0.999932
0.999956
0.999963
0.999959
0.99993
0.999822
0.999687
0.999583
0.999525
0.999497
0.999458
0.999319
0.998405
0.996866
0.996782
0.997236
0.997091
0.995637
0.994158
0.993771
0.993844
0.994297
0.994695
0.995057
0.995444
0.99543
0.994902
0.994546
0.994506
0.994826
0.99507
0.995133
0.995063
0.994808
0.994241
0.993984
0.993946
0.994145
0.995218
0.99684
0.997461
0.997503
0.997164
0.995853
0.995096
0.995009
0.995224
0.995652
0.995737
0.99563
0.995205
0.994876
0.994752
0.994736
0.994761
0.9949
0.995507
0.996695
0.997428
0.997905
0.998293
0.998583
0.99894
0.999032
0.998639
0.997536
0.995752
0.993869
0.993112
0.992743
0.992609
0.992529
0.992424
0.992249
0.991863
0.991137
0.990177
0.989132
0.988215
0.987871
0.988082
0.988672
0.989199
0.98919
0.988
0.986281
0.985272
0.984817
0.984972
0.985395
0.986264
0.987344
0.988366
0.989624
0.991839
0.994155
0.995602
0.995989
0.9958
0.995559
0.997203
0.997999
0.998631
0.999073
0.999213
0.999261
0.999275
0.999278
0.999269
0.999265
0.999272
0.999287
0.999315
0.999326
0.999332
0.999338
0.999337
0.999318
0.999274
0.999245
0.999217
0.999189
0.999165
0.99912
0.999025
0.998831
0.998502
0.998232
0.998107
0.998047
0.998005
0.997954
0.9979
0.997854
0.997833
0.997826
0.997847
0.997878
0.997943
0.998026
0.998132
0.998271
0.998421
0.998524
0.998578
0.998607
0.998614
0.99863
0.998656
0.998739
0.998943
0.999189
0.999391
0.999537
0.999636
0.999701
0.999744
0.999773
0.999796
0.999817
0.999837
0.999858
0.999878
0.999892
0.999894
0.999871
0.999786
0.999663
0.999592
0.999596
0.999656
0.999799
0.9999
0.999931
0.999929
0.999871
0.999789
0.99977
0.999784
0.999841
0.999903
0.999945
0.999966
0.999972
0.99997
0.999949
0.999848
0.99968
0.999575
0.999528
0.999487
0.999376
0.998726
0.997042
0.996776
0.997159
0.997089
0.995701
0.994054
0.993569
0.993649
0.99412
0.994603
0.995028
0.99541
0.995391
0.994891
0.994572
0.994677
0.995076
0.995219
0.99523
0.995188
0.995055
0.994577
0.994031
0.993921
0.994032
0.99481
0.996488
0.997378
0.997529
0.997353
0.996219
0.995112
0.994894
0.995056
0.995634
0.99583
0.995755
0.995327
0.994937
0.994776
0.994747
0.99477
0.994921
0.995574
0.996451
0.997034
0.997622
0.998174
0.998516
0.99897
0.998973
0.99829
0.996775
0.994696
0.993485
0.99305
0.992829
0.992663
0.99245
0.992095
0.99142
0.990423
0.989271
0.987975
0.986618
0.985402
0.984761
0.984528
0.984442
0.984311
0.984027
0.983979
0.984031
0.984197
0.984727
0.985432
0.987015
0.988532
0.989492
0.990624
0.992591
0.994287
0.995457
0.995919
0.995925
0.995769
0.996185
0.997984
0.998529
0.998988
0.999186
0.999244
0.999259
0.999263
0.999242
0.999232
0.99923
0.999245
0.999284
0.999304
0.99931
0.999311
0.999303
0.999269
0.999218
0.999193
0.99918
0.999173
0.999163
0.999131
0.99905
0.998863
0.998527
0.998203
0.998025
0.997938
0.997864
0.997785
0.997713
0.997652
0.997622
0.997608
0.997605
0.997628
0.997661
0.997717
0.997797
0.997881
0.997977
0.998138
0.998368
0.998535
0.998619
0.998657
0.998647
0.998645
0.99866
0.998702
0.99886
0.999142
0.999394
0.999558
0.999658
0.999719
0.99976
0.999791
0.999819
0.999846
0.999874
0.999902
0.999928
0.999947
0.999958
0.999956
0.999922
0.999788
0.999658
0.999639
0.999685
0.999815
0.999916
0.999945
0.999942
0.999891
0.999822
0.999808
0.999822
0.999874
0.999925
0.999959
0.999975
0.999979
0.999976
0.999952
0.999833
0.999658
0.999573
0.999527
0.999433
0.999001
0.997358
0.996767
0.997063
0.997099
0.995944
0.994125
0.993442
0.993468
0.993913
0.994453
0.994967
0.995356
0.995357
0.994935
0.994638
0.994787
0.995145
0.995251
0.995248
0.995218
0.995126
0.99476
0.994114
0.993907
0.993975
0.994617
0.996243
0.997275
0.997531
0.997438
0.996542
0.995162
0.994779
0.994887
0.995556
0.995925
0.995894
0.995489
0.995029
0.994822
0.994774
0.994798
0.994976
0.995581
0.996153
0.996757
0.997508
0.998151
0.998509
0.998982
0.998866
0.997888
0.99597
0.994059
0.993369
0.993045
0.992858
0.992598
0.992306
0.991785
0.990985
0.98999
0.988822
0.987484
0.986109
0.984923
0.984267
0.983947
0.983787
0.98373
0.983726
0.983839
0.98419
0.984785
0.985773
0.98726
0.988761
0.990023
0.991319
0.993242
0.994698
0.995488
0.995851
0.995935
0.995838
0.995945
0.997514
0.998515
0.998887
0.999141
0.999225
0.999246
0.999251
0.999236
0.999212
0.999206
0.999208
0.99923
0.999271
0.999283
0.999279
0.999266
0.999234
0.999192
0.999168
0.999155
0.999141
0.999127
0.999105
0.999056
0.998918
0.998618
0.998274
0.998007
0.99787
0.997795
0.997713
0.997633
0.997574
0.997535
0.997515
0.997508
0.997509
0.997525
0.997555
0.997604
0.997688
0.99779
0.997874
0.997971
0.998126
0.998365
0.998572
0.998669
0.998713
0.998692
0.998666
0.998664
0.998681
0.998755
0.998978
0.999264
0.999458
0.99957
0.999636
0.999685
0.999728
0.999773
0.99982
0.999867
0.99991
0.999943
0.999964
0.999974
0.999976
0.999959
0.999856
0.999718
0.999693
0.999733
0.999852
0.999933
0.999954
0.999948
0.999896
0.999849
0.999843
0.99986
0.999908
0.999947
0.999972
0.999983
0.999984
0.999979
0.999942
0.999789
0.999642
0.999578
0.999492
0.999203
0.997804
0.996805
0.996915
0.997109
0.996479
0.994444
0.993476
0.993335
0.993615
0.994249
0.994843
0.995296
0.995336
0.995043
0.994714
0.994802
0.995105
0.995228
0.995235
0.995218
0.995144
0.994834
0.994142
0.993888
0.993945
0.994541
0.996126
0.997189
0.997519
0.997469
0.996788
0.995232
0.994675
0.994726
0.995419
0.996027
0.996057
0.995705
0.99516
0.994896
0.994818
0.994831
0.994976
0.995368
0.995855
0.996619
0.997486
0.998169
0.998524
0.998987
0.998742
0.997437
0.995232
0.993879
0.993353
0.993099
0.992901
0.992666
0.992391
0.991916
0.991257
0.990508
0.989555
0.988406
0.98725
0.986146
0.985347
0.984838
0.984454
0.984276
0.984226
0.984384
0.984945
0.985764
0.986806
0.988101
0.98949
0.991094
0.993079
0.994819
0.995512
0.995792
0.995877
0.995856
0.99591
0.996657
0.998298
0.998846
0.999082
0.999202
0.999235
0.999241
0.99922
0.999169
0.999152
0.99915
0.999162
0.999204
0.999243
0.99925
0.999242
0.999204
0.999148
0.9991
0.999082
0.999081
0.999095
0.999096
0.999076
0.999007
0.998787
0.998485
0.998152
0.997906
0.997779
0.997707
0.997627
0.997558
0.997507
0.997481
0.997466
0.997461
0.997464
0.997476
0.997502
0.997534
0.997586
0.997707
0.997829
0.99792
0.998044
0.998236
0.998455
0.998635
0.998725
0.998755
0.998737
0.99869
0.998672
0.998678
0.998712
0.998825
0.999054
0.999254
0.999372
0.999441
0.999497
0.99956
0.999636
0.999724
0.999811
0.999886
0.999939
0.999969
0.99998
0.999981
0.999966
0.999871
0.999765
0.99975
0.999793
0.999896
0.99995
0.99996
0.999948
0.999898
0.999875
0.999875
0.999899
0.999939
0.999966
0.999982
0.999987
0.999987
0.999977
0.999915
0.999743
0.999644
0.999561
0.999354
0.998321
0.996914
0.996794
0.997045
0.996858
0.99518
0.993653
0.993305
0.993396
0.993893
0.994634
0.995175
0.995306
0.995203
0.99488
0.994869
0.995001
0.995156
0.99519
0.995183
0.995131
0.994844
0.994124
0.993859
0.993932
0.99453
0.996086
0.997127
0.997498
0.997474
0.99693
0.995313
0.994578
0.994575
0.995228
0.996103
0.996234
0.995971
0.99534
0.995004
0.994882
0.994875
0.994944
0.995155
0.99569
0.996658
0.997554
0.998199
0.998541
0.998983
0.998606
0.997008
0.994763
0.9939
0.993602
0.993505
0.993531
0.993742
0.994093
0.9944
0.994596
0.994645
0.9942
0.993317
0.992175
0.990537
0.989045
0.987763
0.986824
0.986095
0.98574
0.985617
0.985812
0.986478
0.987269
0.98854
0.9901
0.992135
0.994353
0.995294
0.99565
0.995779
0.99579
0.995859
0.99621
0.997836
0.99873
0.999038
0.999171
0.999225
0.999236
0.999233
0.999196
0.999131
0.999106
0.999101
0.999107
0.999145
0.999168
0.999166
0.999152
0.999113
0.999064
0.999041
0.999033
0.999024
0.99902
0.999019
0.999005
0.99891
0.998722
0.998419
0.998105
0.997865
0.997723
0.99764
0.997569
0.997518
0.997479
0.997458
0.997448
0.997448
0.997451
0.997461
0.997485
0.997519
0.997561
0.99765
0.997808
0.997907
0.998018
0.998191
0.998409
0.998602
0.998721
0.998774
0.998786
0.998767
0.998709
0.998683
0.998685
0.998705
0.998759
0.998877
0.999002
0.999094
0.999159
0.999222
0.999307
0.999428
0.999586
0.999733
0.999851
0.999929
0.999969
0.999982
0.999981
0.999961
0.999866
0.999808
0.999806
0.999858
0.999934
0.999963
0.999964
0.999942
0.999909
0.999901
0.999906
0.999934
0.999963
0.999981
0.999989
0.999991
0.999988
0.999969
0.999868
0.999731
0.999645
0.999482
0.998854
0.997178
0.996714
0.996937
0.996934
0.996282
0.994225
0.993389
0.993313
0.993523
0.994297
0.995001
0.995251
0.995232
0.995095
0.995033
0.995059
0.995144
0.995173
0.995165
0.99509
0.994679
0.993989
0.993834
0.993943
0.994697
0.996134
0.997089
0.997467
0.997461
0.996982
0.995358
0.994479
0.994426
0.995003
0.996153
0.996424
0.996264
0.995611
0.995158
0.99498
0.994943
0.994978
0.995159
0.995786
0.99686
0.997676
0.998231
0.998549
0.998977
0.998507
0.996632
0.99467
0.994253
0.994284
0.994752
0.995869
0.997315
0.998054
0.998343
0.998472
0.998509
0.998426
0.998135
0.99763
0.996604
0.995099
0.993143
0.991314
0.989936
0.988809
0.988221
0.987937
0.987868
0.988626
0.989624
0.991492
0.99351
0.994729
0.995287
0.995546
0.995614
0.995734
0.996007
0.997152
0.998483
0.998966
0.99914
0.999211
0.999233
0.999235
0.999217
0.999145
0.999087
0.999067
0.99906
0.999063
0.999094
0.999111
0.999095
0.999064
0.99902
0.99897
0.998945
0.998943
0.998957
0.998972
0.998968
0.998945
0.998856
0.998686
0.998441
0.998141
0.997896
0.997741
0.997648
0.997575
0.997525
0.997489
0.997466
0.997453
0.997452
0.997454
0.997461
0.997482
0.997525
0.997564
0.997641
0.997808
0.997939
0.998027
0.998183
0.998397
0.998595
0.99873
0.998793
0.998811
0.998813
0.998789
0.998736
0.998713
0.998711
0.998724
0.998772
0.99885
0.998926
0.998995
0.999057
0.999111
0.999167
0.999258
0.999438
0.999659
0.999824
0.999924
0.99997
0.999982
0.999979
0.999946
0.999877
0.999854
0.999862
0.999917
0.999961
0.999971
0.999966
0.999941
0.999926
0.999926
0.999937
0.999963
0.99998
0.999989
0.999993
0.999993
0.999987
0.999953
0.999835
0.99974
0.999607
0.999225
0.997731
0.996738
0.996712
0.996883
0.996735
0.995656
0.993788
0.993354
0.993374
0.993699
0.99463
0.995114
0.995209
0.99518
0.995145
0.995148
0.995164
0.995166
0.995144
0.995006
0.994427
0.993875
0.993824
0.994027
0.994993
0.996274
0.99707
0.997409
0.997412
0.996983
0.995371
0.994376
0.994277
0.994773
0.996166
0.99662
0.996553
0.995989
0.995398
0.995132
0.995063
0.99509
0.995319
0.996185
0.997208
0.997882
0.998312
0.998568
0.998976
0.998462
0.996518
0.995272
0.995161
0.995709
0.997572
0.998762
0.999122
0.999272
0.999336
0.999368
0.999391
0.999412
0.999453
0.999489
0.999447
0.999144
0.998402
0.996858
0.994608
0.992786
0.991555
0.990982
0.990761
0.9908
0.99154
0.992814
0.993889
0.994657
0.995068
0.995277
0.995472
0.995775
0.996411
0.998027
0.998805
0.999087
0.999189
0.999227
0.999236
0.999231
0.999176
0.999062
0.998984
0.998974
0.998973
0.998976
0.998997
0.999034
0.99904
0.999017
0.998975
0.998924
0.998881
0.998856
0.998849
0.998866
0.998883
0.998879
0.998828
0.998704
0.998492
0.998235
0.997987
0.997809
0.997695
0.997613
0.997557
0.997521
0.997495
0.99748
0.997481
0.997486
0.9975
0.997529
0.99759
0.997642
0.997729
0.997895
0.998036
0.99813
0.998262
0.99846
0.998654
0.998785
0.998844
0.998858
0.998856
0.998846
0.998818
0.998799
0.998791
0.998793
0.998804
0.998849
0.998914
0.998975
0.999031
0.99908
0.999119
0.999156
0.999212
0.999355
0.999621
0.99982
0.999929
0.999973
0.999982
0.999976
0.999936
0.999902
0.999897
0.999915
0.999958
0.999976
0.999977
0.999967
0.99995
0.999946
0.999949
0.999965
0.999981
0.99999
0.999994
0.999995
0.999994
0.999983
0.999929
0.999834
0.999728
0.99948
0.998458
0.996927
0.996588
0.996767
0.996784
0.996473
0.99493
0.993634
0.993394
0.993452
0.993838
0.994742
0.995089
0.995155
0.995152
0.995155
0.995157
0.995144
0.995072
0.994772
0.993992
0.993775
0.993821
0.994246
0.995452
0.996414
0.997029
0.997305
0.997303
0.99689
0.995289
0.994253
0.994126
0.994568
0.99614
0.996811
0.996821
0.996426
0.995766
0.995397
0.995288
0.995335
0.99572
0.996751
0.997635
0.998193
0.998496
0.998643
0.999008
0.998648
0.997071
0.996294
0.996448
0.997741
0.998909
0.999274
0.999377
0.9994
0.999403
0.999401
0.999407
0.999408
0.999447
0.999586
0.999756
0.999815
0.999818
0.999558
0.998771
0.996684
0.994051
0.992675
0.992063
0.991888
0.992344
0.99313
0.993882
0.99448
0.994795
0.995116
0.995439
0.995897
0.997205
0.998459
0.998964
0.999146
0.999212
0.999234
0.999238
0.999221
0.999156
0.999039
0.998922
0.998866
0.998847
0.998842
0.998853
0.998884
0.998927
0.998947
0.99893
0.998896
0.998856
0.998822
0.998796
0.998775
0.998766
0.998755
0.998747
0.998693
0.998568
0.998383
0.998167
0.997969
0.997813
0.997709
0.997634
0.997593
0.99756
0.997545
0.997547
0.997557
0.997579
0.997625
0.997687
0.997745
0.997859
0.998031
0.998143
0.998212
0.998348
0.998546
0.998727
0.99884
0.998889
0.998902
0.998901
0.99889
0.998887
0.998893
0.998906
0.998933
0.998976
0.999025
0.999059
0.999082
0.999095
0.999109
0.999128
0.999152
0.999182
0.999231
0.999364
0.99965
0.999848
0.999945
0.999979
0.999984
0.999973
0.999941
0.999929
0.999932
0.999957
0.999979
0.999984
0.999981
0.999969
0.999962
0.999962
0.99997
0.999983
0.999991
0.999995
0.999997
0.999996
0.999993
0.999975
0.999917
0.999832
0.999662
0.999122
0.997426
0.99659
0.99655
0.99671
0.996661
0.996157
0.994436
0.993581
0.993458
0.993527
0.993884
0.994682
0.99498
0.995077
0.995098
0.995086
0.995026
0.994821
0.994146
0.993768
0.993751
0.993943
0.994789
0.99584
0.996489
0.996953
0.997161
0.997146
0.996703
0.995102
0.994109
0.993981
0.994391
0.996109
0.996994
0.997064
0.996825
0.996251
0.995834
0.995695
0.995771
0.996326
0.997348
0.998148
0.998621
0.998818
0.998837
0.999033
0.998877
0.99789
0.997232
0.997272
0.998342
0.999166
0.999344
0.999382
0.999382
0.999362
0.999369
0.999382
0.999336
0.999238
0.9992
0.999469
0.999813
0.999936
0.999962
0.999888
0.999524
0.998288
0.99536
0.993567
0.992729
0.992475
0.993076
0.993743
0.99421
0.994633
0.995015
0.995431
0.996157
0.997761
0.998686
0.999048
0.999177
0.999223
0.999237
0.999238
0.999219
0.999157
0.999041
0.998915
0.998825
0.998772
0.998743
0.998732
0.99874
0.998763
0.998794
0.998826
0.998836
0.998818
0.998794
0.998771
0.998746
0.998718
0.998691
0.998654
0.998632
0.998566
0.998461
0.998327
0.998169
0.99803
0.997913
0.997812
0.997753
0.997711
0.997688
0.99769
0.997701
0.997726
0.997782
0.997836
0.997916
0.998058
0.998186
0.998256
0.998332
0.998494
0.998692
0.998832
0.998903
0.998928
0.998934
0.998933
0.998935
0.998942
0.99897
0.999006
0.999056
0.999147
0.999208
0.999244
0.999267
0.999278
0.999263
0.999222
0.999203
0.999201
0.999221
0.999277
0.999447
0.999728
0.999893
0.999964
0.999985
0.999987
0.999976
0.999958
0.999954
0.999961
0.999981
0.999988
0.999989
0.999984
0.999976
0.999974
0.999976
0.999985
0.999992
0.999996
0.999998
0.999998
0.999997
0.999991
0.999969
0.999916
0.999801
0.999493
0.998242
0.996793
0.996414
0.996498
0.996636
0.996538
0.995935
0.994277
0.993614
0.99353
0.993584
0.993816
0.994286
0.994683
0.994777
0.994729
0.994554
0.994059
0.993738
0.993698
0.9938
0.994338
0.995517
0.996087
0.99652
0.996838
0.996979
0.996948
0.996457
0.994856
0.993951
0.993842
0.994244
0.996099
0.997192
0.997298
0.997108
0.996751
0.996447
0.996328
0.996434
0.997076
0.998024
0.998724
0.999092
0.999196
0.999164
0.999046
0.999048
0.998572
0.997934
0.997781
0.998224
0.99913
0.999369
0.999414
0.999406
0.999394
0.999455
0.999496
0.999473
0.999297
0.999131
0.999204
0.99959
0.999897
0.999978
0.999992
0.99996
0.999727
0.998719
0.996423
0.994472
0.993473
0.993132
0.993628
0.994024
0.994519
0.994951
0.99545
0.996646
0.99809
0.998811
0.999092
0.999193
0.999228
0.999238
0.999238
0.99922
0.999163
0.999053
0.998922
0.998824
0.998753
0.998704
0.998672
0.998656
0.998654
0.998662
0.998676
0.998694
0.998712
0.998719
0.998717
0.998706
0.998687
0.998664
0.998629
0.998596
0.998556
0.998494
0.998416
0.998317
0.998206
0.998117
0.998021
0.997958
0.997911
0.997878
0.997878
0.997889
0.997918
0.997971
0.998028
0.998135
0.99824
0.998305
0.998357
0.998464
0.998646
0.998809
0.998908
0.998952
0.998971
0.998979
0.998987
0.998996
0.99901
0.999053
0.999131
0.999202
0.999242
0.999274
0.999294
0.999308
0.999328
0.999353
0.999356
0.999323
0.999284
0.999268
0.999278
0.999345
0.999588
0.99982
0.999936
0.999979
0.99999
0.999991
0.999985
0.999977
0.999976
0.999983
0.999991
0.999992
0.999992
0.999988
0.999985
0.999985
0.999988
0.999993
0.999997
0.999998
0.999999
0.999998
0.999997
0.999988
0.999963
0.999898
0.999723
0.999108
0.997332
0.996476
0.996356
0.996519
0.996538
0.996414
0.995788
0.994272
0.993698
0.993595
0.993616
0.993698
0.993898
0.993969
0.993925
0.993792
0.993666
0.993656
0.993737
0.994144
0.995297
0.995876
0.996192
0.996472
0.996671
0.996747
0.996689
0.996091
0.994514
0.993767
0.993701
0.994129
0.996128
0.99743
0.997567
0.997314
0.997075
0.997029
0.997073
0.997302
0.998006
0.998764
0.999267
0.99951
0.99958
0.999553
0.999043
0.999124
0.998944
0.998469
0.998263
0.998307
0.998884
0.999297
0.999397
0.999448
0.999481
0.999502
0.999501
0.999476
0.999339
0.999126
0.999167
0.999531
0.999866
0.99997
0.999995
0.999998
0.999975
0.999707
0.998613
0.996898
0.99518
0.994081
0.993767
0.993988
0.994482
0.994933
0.99557
0.997074
0.998292
0.998884
0.999115
0.9992
0.999228
0.999238
0.999238
0.999223
0.999177
0.999081
0.998945
0.998834
0.998756
0.998701
0.99866
0.998632
0.998613
0.998603
0.998599
0.998599
0.998602
0.998604
0.998605
0.998607
0.998606
0.9986
0.998587
0.99857
0.99855
0.998509
0.998472
0.998416
0.998346
0.998291
0.998219
0.998175
0.998133
0.998107
0.998108
0.998119
0.998149
0.998185
0.998247
0.998311
0.998358
0.998396
0.998476
0.998651
0.99883
0.99893
0.998977
0.999
0.999007
0.999016
0.999036
0.999058
0.999085
0.99914
0.999249
0.999315
0.999338
0.999336
0.999329
0.999328
0.999335
0.999366
0.999404
0.999412
0.999391
0.999348
0.999333
0.999348
0.999467
0.999738
0.999898
0.999966
0.999989
0.999994
0.999994
0.999991
0.999989
0.999989
0.999993
0.999995
0.999995
0.999994
0.999992
0.999991
0.999992
0.999995
0.999997
0.999999
0.999999
0.999999
0.999999
0.999996
0.999985
0.999952
0.999859
0.999552
0.9983
0.996763
0.996274
0.996275
0.996442
0.996431
0.996298
0.995745
0.994427
0.993845
0.993675
0.993654
0.99367
0.993671
0.993645
0.993623
0.993642
0.993759
0.99416
0.995252
0.995811
0.996029
0.996222
0.996353
0.996432
0.996453
0.996355
0.995599
0.994159
0.993589
0.99357
0.994073
0.996199
0.997692
0.997912
0.997625
0.997274
0.997277
0.99755
0.99819
0.998796
0.999282
0.999582
0.99971
0.999739
0.999726
0.999032
0.999139
0.999102
0.998918
0.998663
0.998523
0.998678
0.999033
0.999283
0.999385
0.999454
0.999464
0.999448
0.99938
0.999158
0.999057
0.999163
0.999583
0.999881
0.999971
0.999994
0.999999
0.999999
0.999959
0.999474
0.998381
0.996991
0.995673
0.994628
0.99424
0.994546
0.995005
0.995966
0.997423
0.998428
0.998927
0.999129
0.999201
0.999228
0.999237
0.999237
0.999229
0.999196
0.999122
0.999007
0.998869
0.998774
0.998709
0.998664
0.998632
0.998609
0.998594
0.998584
0.998578
0.998573
0.998568
0.998563
0.99856
0.998553
0.998548
0.998541
0.998532
0.998527
0.998509
0.998491
0.998459
0.998421
0.998395
0.998354
0.998325
0.998302
0.998285
0.998285
0.99829
0.998306
0.998323
0.99836
0.99839
0.998442
0.998523
0.998701
0.998876
0.998954
0.998984
0.999005
0.999026
0.99904
0.999055
0.999089
0.999137
0.999188
0.999257
0.999312
0.999355
0.999379
0.999382
0.999375
0.999358
0.999355
0.999369
0.999424
0.999453
0.999454
0.999424
0.99939
0.999387
0.999434
0.999656
0.999857
0.99995
0.999984
0.999994
0.999996
0.999996
0.999995
0.999995
0.999996
0.999996
0.999996
0.999996
0.999995
0.999995
0.999995
0.999996
0.999998
0.999999
0.999999
0.999999
0.999999
0.999998
0.999994
0.999979
0.999933
0.999783
0.999229
0.997478
0.996427
0.996133
0.996181
0.996354
0.996338
0.996223
0.99583
0.994927
0.994171
0.993875
0.993777
0.993732
0.993734
0.993784
0.99396
0.994434
0.995381
0.99584
0.995982
0.996068
0.996117
0.996119
0.996107
0.996081
0.995896
0.994931
0.993772
0.993417
0.993454
0.994077
0.996361
0.997954
0.998272
0.998054
0.997529
0.997469
0.997716
0.998445
0.99906
0.999467
0.999685
0.999763
0.999771
0.999757
0.999004
0.999131
0.999125
0.999094
0.999014
0.998934
0.998812
0.998879
0.999027
0.999141
0.999246
0.999268
0.999239
0.999099
0.998981
0.999032
0.99931
0.999823
0.999957
0.99999
0.999998
1
1
0.999996
0.999897
0.999159
0.998129
0.996987
0.995991
0.995125
0.995044
0.995383
0.996503
0.997709
0.998531
0.998954
0.999134
0.9992
0.999226
0.999236
0.999237
0.999232
0.99921
0.999156
0.999076
0.998962
0.998835
0.998745
0.998688
0.998649
0.998623
0.998606
0.998595
0.998589
0.998585
0.998581
0.998576
0.998573
0.998564
0.998556
0.998546
0.998534
0.998528
0.998513
0.998499
0.998482
0.998454
0.998436
0.998412
0.998395
0.998381
0.99837
0.99837
0.998375
0.998388
0.998414
0.998459
0.998527
0.998633
0.998806
0.998916
0.998979
0.999006
0.999014
0.999032
0.999075
0.999104
0.999124
0.999159
0.999237
0.999316
0.999349
0.999367
0.999389
0.999406
0.99941
0.999407
0.999391
0.999386
0.999393
0.999454
0.999508
0.999513
0.999491
0.999436
0.999422
0.999442
0.999597
0.99982
0.999933
0.999978
0.999993
0.999997
0.999997
0.999997
0.999997
0.999998
0.999998
0.999998
0.999997
0.999997
0.999997
0.999997
0.999998
0.999999
0.999999
1
1
1
0.999999
0.999998
0.999992
0.99997
0.9999
0.999646
0.998645
0.996891
0.996214
0.996029
0.996099
0.996265
0.996248
0.996174
0.995952
0.995461
0.994926
0.994532
0.994414
0.994482
0.994692
0.995207
0.995677
0.995902
0.995987
0.996002
0.995947
0.995818
0.995721
0.995672
0.995585
0.995258
0.994166
0.993425
0.99328
0.993398
0.994199
0.996635
0.998223
0.998606
0.998464
0.997858
0.997676
0.997813
0.99846
0.999134
0.999533
0.999717
0.99977
0.999766
0.999719
0.998975
0.999086
0.999088
0.999078
0.999054
0.999036
0.999014
0.999003
0.999026
0.999078
0.999111
0.999072
0.998956
0.998905
0.998949
0.999177
0.999736
0.99993
0.999983
0.999996
0.999999
1
1
1
0.999985
0.999711
0.998836
0.997887
0.997017
0.996245
0.996021
0.99616
0.996979
0.997945
0.998612
0.998973
0.999134
0.999198
0.999224
0.999235
0.999236
0.999232
0.999218
0.999181
0.999124
0.999047
0.998952
0.998855
0.998777
0.998724
0.998691
0.998677
0.998671
0.998675
0.998687
0.998699
0.998707
0.998712
0.998709
0.998691
0.998675
0.99864
0.998616
0.998584
0.998559
0.998538
0.998521
0.9985
0.998483
0.998472
0.998465
0.998467
0.998477
0.998499
0.998531
0.998597
0.998672
0.998797
0.998902
0.998961
0.998996
0.999021
0.999035
0.999048
0.999074
0.999131
0.999172
0.999194
0.999232
0.99932
0.999379
0.9994
0.999409
0.999432
0.999459
0.999466
0.999462
0.999437
0.999426
0.999433
0.999502
0.999595
0.99961
0.999587
0.9995
0.999461
0.999468
0.999568
0.99979
0.999917
0.999972
0.999991
0.999997
0.999998
0.999998
0.999998
0.999999
0.999999
0.999998
0.999998
0.999998
0.999998
0.999998
0.999999
0.999999
0.999999
1
1
1
1
0.999999
0.999997
0.999988
0.999956
0.999842
0.99942
0.997938
0.99655
0.996049
0.995909
0.995982
0.996148
0.996165
0.996138
0.996039
0.995908
0.995678
0.995632
0.995676
0.995803
0.995924
0.995976
0.99598
0.995936
0.995792
0.995482
0.995233
0.995107
0.995033
0.994889
0.994343
0.993528
0.993226
0.993212
0.993396
0.99445
0.996962
0.998478
0.998905
0.998825
0.998233
0.997914
0.997959
0.998427
0.999152
0.999561
0.999725
0.999746
0.999703
0.999512
0.998928
0.999007
0.999005
0.998991
0.998931
0.998908
0.998907
0.998921
0.998934
0.99892
0.99888
0.998812
0.998821
0.998902
0.999163
0.999721
0.999923
0.999981
0.999996
0.999999
1
1
1
1
0.999998
0.999929
0.999373
0.998477
0.997746
0.997084
0.996804
0.996824
0.997372
0.998138
0.998678
0.998988
0.999133
0.999194
0.999221
0.999232
0.999234
0.999232
0.999222
0.999195
0.999154
0.999102
0.999037
0.99897
0.998913
0.998873
0.998853
0.998853
0.99886
0.998878
0.9989
0.99892
0.998932
0.998943
0.998947
0.998948
0.998942
0.998926
0.998902
0.99887
0.998831
0.99879
0.998757
0.998721
0.998703
0.998683
0.998685
0.998694
0.998715
0.998757
0.998807
0.998876
0.998927
0.99897
0.999002
0.999022
0.99903
0.999049
0.99907
0.999092
0.999138
0.999203
0.999248
0.999274
0.999324
0.999384
0.999433
0.999454
0.999464
0.999488
0.999536
0.999555
0.999553
0.99952
0.999493
0.999494
0.999545
0.999673
0.999711
0.999699
0.999605
0.999523
0.999514
0.999569
0.999767
0.999904
0.999966
0.999989
0.999996
0.999998
0.999998
0.999999
0.999999
0.999999
0.999999
0.999999
0.999998
0.999998
0.999998
0.999999
0.999999
1
1
1
1
1
1
0.999999
0.999995
0.999981
0.999932
0.999755
0.999148
0.997384
0.996272
0.995881
0.995752
0.995819
0.996002
0.996091
0.996081
0.996061
0.996018
0.996008
0.996022
0.996022
0.996006
0.995945
0.995803
0.995502
0.995027
0.99464
0.994395
0.994283
0.994205
0.994021
0.993572
0.993248
0.993154
0.993184
0.993474
0.99488
0.997306
0.998731
0.999186
0.999158
0.998651
0.9982
0.998181
0.998455
0.999168
0.999577
0.999698
0.999687
0.999536
0.999015
0.998814
0.998855
0.998885
0.998882
0.998867
0.998823
0.998787
0.998764
0.998761
0.998753
0.998776
0.998851
0.999047
0.999443
0.999807
0.999943
0.999985
0.999996
0.999999
1
1
1
1
1
1
0.999983
0.999744
0.998931
0.998241
0.997682
0.997397
0.997355
0.997691
0.998292
0.998731
0.998999
0.999131
0.999189
0.999216
0.999227
0.999229
0.999229
0.999222
0.999203
0.999173
0.999136
0.999091
0.999045
0.999007
0.99898
0.998971
0.998974
0.99898
0.99899
0.998998
0.999004
0.99901
0.999019
0.999026
0.999031
0.99903
0.999029
0.999024
0.999018
0.999005
0.998996
0.998984
0.998967
0.998954
0.998941
0.99894
0.998943
0.998952
0.998965
0.998983
0.998999
0.999013
0.999029
0.999043
0.99905
0.999061
0.999088
0.999126
0.999166
0.999218
0.999276
0.99932
0.999349
0.999377
0.999443
0.999516
0.999552
0.999563
0.999582
0.999638
0.999666
0.999665
0.999633
0.999588
0.999582
0.999609
0.999727
0.999785
0.999785
0.999717
0.999602
0.999573
0.999598
0.999751
0.999894
0.999961
0.999987
0.999996
0.999998
0.999999
0.999999
0.999999
0.999999
0.999999
0.999999
0.999999
0.999999
0.999999
0.999999
0.999999
1
1
1
1
1
1
1
0.999998
0.999993
0.999972
0.999899
0.999644
0.998811
0.996961
0.99607
0.995765
0.995592
0.995617
0.995734
0.995893
0.995957
0.995961
0.995954
0.99593
0.995865
0.995713
0.995382
0.994968
0.994601
0.994349
0.99415
0.994
0.993893
0.993772
0.993557
0.993305
0.993158
0.993136
0.993195
0.993641
0.99545
0.997681
0.998961
0.999416
0.999425
0.999053
0.998535
0.998465
0.998623
0.999222
0.999584
0.999648
0.999589
0.999236
0.998388
0.998667
0.998565
0.998576
0.99861
0.998657
0.998731
0.998838
0.998958
0.999101
0.999252
0.999434
0.999685
0.999851
0.999941
0.99998
0.999994
0.999999
1
1
1
1
1
1
1
1
0.999996
0.999908
0.999337
0.998613
0.998103
0.997836
0.99776
0.997949
0.998417
0.998774
0.999007
0.999128
0.999184
0.999211
0.999222
0.999224
0.999223
0.99922
0.999207
0.999184
0.999156
0.999124
0.999091
0.999065
0.999045
0.999039
0.999036
0.999034
0.999034
0.999037
0.999054
0.999087
0.999126
0.999157
0.999172
0.99918
0.999174
0.999139
0.99911
0.999088
0.999066
0.999054
0.999045
0.999037
0.999033
0.999029
0.999029
0.999031
0.999033
0.99904
0.999045
0.999051
0.999063
0.999076
0.999092
0.999116
0.999159
0.999218
0.999259
0.99929
0.999347
0.999401
0.999429
0.999464
0.999547
0.999641
0.999688
0.9997
0.999717
0.999768
0.9998
0.999799
0.999766
0.999709
0.999696
0.999712
0.999797
0.999848
0.999849
0.999803
0.999677
0.999631
0.999641
0.99975
0.99989
0.999958
0.999986
0.999996
0.999998
0.999999
0.999999
0.999999
1
1
0.999999
0.999999
0.999999
0.999999
0.999999
1
1
1
1
1
1
1
1
0.999999
0.999997
0.999989
0.99996
0.999859
0.99952
0.998473
0.996764
0.995966
0.995639
0.995466
0.995373
0.995389
0.995439
0.995452
0.99542
0.995325
0.995112
0.994835
0.994596
0.994421
0.994302
0.994186
0.994046
0.993921
0.993807
0.99365
0.993435
0.993236
0.993141
0.993136
0.993251
0.993942
0.996124
0.99807
0.99917
0.999596
0.999632
0.999404
0.998899
0.998795
0.998894
0.999337
0.99959
0.999602
0.999457
0.9988
0.998082
1
1
1
1
0.999999
0.999999
0.999998
0.999997
0.999997
0.999996
0.999996
0.999996
0.999997
0.999998
0.999999
1
1
1
1
1
1
1
1
1
1
0.999999
0.999968
0.99966
0.998909
0.998402
0.998153
0.998066
0.998164
0.998513
0.998813
0.999013
0.999124
0.999178
0.999206
0.999217
0.999219
0.999219
0.999217
0.999208
0.99919
0.999169
0.999144
0.99912
0.9991
0.999082
0.999072
0.999062
0.999057
0.999062
0.999094
0.999208
0.999427
0.999621
0.999764
0.999846
0.999862
0.99984
0.999738
0.999599
0.999465
0.999335
0.999235
0.999176
0.999136
0.999112
0.999097
0.999088
0.999086
0.999087
0.99909
0.999098
0.999109
0.999127
0.999152
0.999182
0.999212
0.999264
0.999323
0.999351
0.999378
0.99944
0.999505
0.999552
0.99961
0.999705
0.999797
0.999842
0.999854
0.999872
0.99991
0.999928
0.999928
0.99991
0.999855
0.999838
0.999845
0.99989
0.999914
0.999912
0.999871
0.999748
0.99969
0.999689
0.99976
0.99989
0.999957
0.999985
0.999995
0.999998
0.999999
0.999999
1
1
1
1
0.999999
0.999999
0.999999
0.999999
1
1
1
1
1
1
1
1
1
0.999999
0.999996
0.999986
0.99995
0.99983
0.999464
0.998512
0.996819
0.995994
0.995579
0.995358
0.995215
0.995105
0.995005
0.994889
0.994752
0.994626
0.994528
0.994431
0.994347
0.994278
0.994184
0.994046
0.99392
0.993798
0.993625
0.993403
0.993222
0.993154
0.993172
0.993391
0.994515
0.996898
0.998506
0.999382
0.99974
0.999794
0.999685
0.99929
0.999164
0.999217
0.999489
0.999611
0.999575
0.999269
0.998438
0.997734
1
1
1
1
1
1
1
1
1
1
1
1
1
1
1
1
1
1
1
1
1
1
1
1
1
1
0.999989
0.999866
0.999288
0.998691
0.998411
0.998313
0.998354
0.99859
0.998843
0.999016
0.999118
0.999171
0.999199
0.999212
0.999215
0.999215
0.999214
0.999209
0.999195
0.999177
0.999157
0.999137
0.999119
0.9991
0.999085
0.999076
0.99908
0.999127
0.999373
0.999678
0.99984
0.999911
0.999937
0.999945
0.999951
0.999955
0.999957
0.999955
0.999942
0.999887
0.999766
0.999632
0.999499
0.999389
0.999316
0.999272
0.999244
0.999232
0.999231
0.999234
0.999246
0.999261
0.999293
0.999324
0.999353
0.9994
0.99944
0.99947
0.999514
0.999591
0.999669
0.999745
0.999822
0.999891
0.999932
0.999949
0.999953
0.99996
0.999971
0.999976
0.999976
0.999972
0.999955
0.999947
0.999949
0.99996
0.999963
0.999959
0.999924
0.999814
0.999752
0.999745
0.999784
0.999893
0.999957
0.999985
0.999995
0.999998
0.999999
1
1
1
1
1
1
1
1
1
1
1
1
1
1
1
1
1
1
1
0.999999
0.999996
0.999984
0.999946
0.999832
0.999523
0.998824
0.99729
0.996251
0.995668
0.995357
0.99515
0.99499
0.994842
0.994714
0.994618
0.994577
0.994565
0.99456
0.994527
0.994412
0.994207
0.99402
0.993845
0.993636
0.993398
0.993245
0.99322
0.993278
0.993707
0.995504
0.997707
0.998962
0.999583
0.999836
0.999888
0.999851
0.999636
0.999525
0.999545
0.999651
0.999662
0.99955
0.998972
0.99802
0.997537
1
1
1
1
1
1
1
1
1
1
1
1
1
1
1
1
1
1
1
1
1
1
1
1
1
1
0.999996
0.999935
0.999535
0.998929
0.998618
0.998509
0.998518
0.99867
0.998873
0.99902
0.999112
0.999163
0.999192
0.999207
0.999212
0.999213
0.999212
0.999208
0.999197
0.999182
0.999165
0.999146
0.999127
0.999105
0.999092
0.999092
0.999137
0.99943
0.99973
0.999851
0.999886
0.999895
0.999904
0.99992
0.999937
0.999952
0.999963
0.99997
0.999974
0.999975
0.999973
0.999963
0.99993
0.999863
0.999782
0.999699
0.999624
0.999561
0.999522
0.999504
0.999497
0.999497
0.999508
0.999526
0.999548
0.99958
0.999617
0.999663
0.999736
0.999815
0.999881
0.999919
0.999945
0.999965
0.999978
0.999983
0.999984
0.999987
0.99999
0.999992
0.999992
0.999991
0.999985
0.999982
0.999982
0.999984
0.999984
0.999979
0.99995
0.999865
0.999813
0.999804
0.999825
0.999906
0.99996
0.999985
0.999995
0.999998
0.999999
1
1
1
1
1
1
1
1
1
1
1
1
1
1
1
1
1
1
1
1
0.999999
0.999995
0.999984
0.999951
0.999861
0.999643
0.999187
0.998265
0.997098
0.996272
0.995771
0.99546
0.995241
0.995172
0.995212
0.995343
0.995505
0.995549
0.995486
0.995196
0.994767
0.994384
0.994048
0.993707
0.993449
0.993357
0.993364
0.993518
0.994374
0.996741
0.99846
0.999345
0.999748
0.999907
0.999943
0.999931
0.99984
0.999781
0.999784
0.999785
0.999744
0.999485
0.998579
0.9978
0.997393
1
1
1
1
1
1
1
1
1
1
1
1
1
1
1
1
1
1
1
1
1
1
1
1
1
1
0.999999
0.999982
0.999814
0.999229
0.998833
0.998674
0.998656
0.99873
0.998902
0.999023
0.999105
0.999155
0.999184
0.999201
0.999208
0.99921
0.99921
0.999207
0.999198
0.999184
0.999169
0.999149
0.999128
0.999107
0.999102
0.999127
0.999387
0.999709
0.999826
0.999848
0.999836
0.99983
0.999846
0.999876
0.999906
0.999933
0.999954
0.999968
0.999978
0.999984
0.999987
0.999988
0.999988
0.999986
0.999979
0.999962
0.99994
0.99991
0.999882
0.999858
0.999832
0.999817
0.999813
0.999813
0.999818
0.999835
0.999863
0.999895
0.999925
0.999949
0.999965
0.999975
0.999983
0.999989
0.999993
0.999994
0.999995
0.999996
0.999997
0.999997
0.999997
0.999997
0.999995
0.999994
0.999993
0.999993
0.999993
0.999988
0.999966
0.999905
0.999867
0.999859
0.999871
0.999925
0.999968
0.999987
0.999996
0.999999
0.999999
1
1
1
1
1
1
1
1
1
1
1
1
1
1
1
1
1
1
1
1
1
0.999999
0.999996
0.999987
0.999962
0.999904
0.999778
0.999473
0.999044
0.998503
0.997934
0.997467
0.997201
0.997226
0.997343
0.997586
0.997694
0.997641
0.99723
0.996515
0.995784
0.995096
0.994445
0.993934
0.993676
0.993623
0.993664
0.994027
0.995679
0.997872
0.999077
0.999634
0.999867
0.999952
0.999972
0.999967
0.999928
0.999897
0.99989
0.999873
0.99978
0.99931
0.998312
0.997588
0.997326
1
1
1
1
1
1
1
1
1
1
1
1
1
1
1
1
1
1
1
1
1
1
1
1
1
1
1
0.999995
0.99994
0.999576
0.999048
0.998833
0.998777
0.998797
0.998907
0.999022
0.999099
0.999146
0.999176
0.999193
0.999202
0.999205
0.999205
0.999204
0.999198
0.999184
0.999169
0.999147
0.999124
0.999111
0.999119
0.999282
0.99964
0.999787
0.999809
0.999763
0.999733
0.999742
0.999783
0.999833
0.999879
0.999916
0.999944
0.999963
0.999977
0.999985
0.999991
0.999993
0.999995
0.999996
0.999996
0.999996
0.999995
0.999991
0.999985
0.999979
0.999972
0.999965
0.99996
0.999959
0.99996
0.999962
0.999967
0.999973
0.99998
0.999986
0.99999
0.999993
0.999995
0.999997
0.999998
0.999998
0.999998
0.999999
0.999999
0.999999
0.999999
0.999999
0.999998
0.999998
0.999998
0.999997
0.999997
0.999994
0.999983
0.999947
0.999917
0.999909
0.999914
0.999946
0.999976
0.99999
0.999997
0.999999
1
1
1
1
1
1
1
1
1
1
1
1
1
1
1
1
1
1
1
1
1
1
1
0.999999
0.999997
0.999991
0.999976
0.999944
0.999874
0.999763
0.999554
0.999368
0.999285
0.99928
0.99931
0.999394
0.99945
0.999455
0.99938
0.999036
0.998133
0.997074
0.995994
0.995056
0.994447
0.994192
0.99416
0.99428
0.995099
0.997344
0.998832
0.999534
0.999824
0.999937
0.999977
0.999986
0.999984
0.999967
0.999951
0.999941
0.999911
0.999768
0.999127
0.998073
0.997458
0.99731
1
1
1
1
1
1
1
1
1
1
1
1
1
1
1
1
1
1
1
1
1
1
1
1
1
1
1
0.999999
0.999985
0.999871
0.999377
0.998987
0.998883
0.998877
0.99892
0.999019
0.999087
0.999134
0.999165
0.999183
0.999192
0.999195
0.999196
0.999195
0.99919
0.999179
0.99916
0.999135
0.999119
0.999118
0.999177
0.999512
0.999733
0.999774
0.999705
0.999645
0.99963
0.999642
0.999701
0.999776
0.999844
0.999897
0.999936
0.999961
0.999977
0.999986
0.999992
0.999995
0.999997
0.999998
0.999999
0.999999
0.999999
0.999999
0.999999
0.999998
0.999997
0.999995
0.999993
0.999992
0.999992
0.999992
0.999992
0.999993
0.999995
0.999996
0.999997
0.999998
0.999999
0.999999
0.999999
0.999999
0.999999
1
1
1
1
1
0.999999
0.999999
0.999999
0.999999
0.999999
0.999998
0.999995
0.999981
0.999962
0.999953
0.999953
0.999965
0.999983
0.999993
0.999997
0.999999
1
1
1
1
1
1
1
1
1
1
1
1
1
1
1
1
1
1
1
1
1
1
1
1
0.999999
0.999998
0.999995
0.999987
0.999972
0.99995
0.999901
0.999837
0.999831
0.99984
0.999865
0.999884
0.999891
0.999886
0.999854
0.999747
0.999432
0.998415
0.997056
0.996016
0.9954
0.995159
0.995153
0.995472
0.997057
0.998708
0.999477
0.999797
0.999924
0.999972
0.99999
0.999994
0.999993
0.999985
0.999977
0.999966
0.99993
0.999745
0.998962
0.997884
0.997407
0.99732
1
1
1
1
1
1
1
1
1
1
1
1
1
1
1
1
1
1
1
1
1
1
1
1
1
1
1
1
0.999997
0.999966
0.999794
0.999263
0.998997
0.998945
0.998953
0.999006
0.999072
0.999119
0.99915
0.99917
0.99918
0.999183
0.999183
0.999182
0.999173
0.999157
0.999138
0.999123
0.999118
0.999132
0.99933
0.99964
0.99974
0.9997
0.999625
0.999598
0.999595
0.999603
0.999635
0.999722
0.999811
0.99988
0.999928
0.999959
0.999977
0.999987
0.999993
0.999996
0.999998
0.999999
0.999999
1
1
1
1
1
1
1
0.999999
0.999999
0.999999
0.999998
0.999998
0.999999
0.999999
0.999999
0.999999
0.999999
1
1
1
1
1
1
1
1
1
1
1
1
1
1
0.999999
0.999999
0.999998
0.999993
0.999984
0.999979
0.999978
0.999982
0.999991
0.999996
0.999998
0.999999
1
1
1
1
1
1
1
1
1
1
1
1
1
1
1
1
1
1
1
1
1
1
1
1
1
1
0.999999
0.999997
0.999994
0.99999
0.99998
0.999965
0.999964
0.999966
0.999971
0.999974
0.999975
0.999974
0.999966
0.999939
0.999854
0.999534
0.998548
0.997608
0.997012
0.996777
0.996826
0.997566
0.998846
0.999501
0.999796
0.999921
0.99997
0.999989
0.999996
0.999997
0.999997
0.999994
0.999989
0.999979
0.999939
0.999722
0.998802
0.99779
0.997394
0.99738
1
1
1
1
1
1
1
1
1
1
1
1
1
1
1
1
1
1
1
1
1
1
1
1
1
1
1
1
0.999999
0.999993
0.999944
0.99974
0.999242
0.999045
0.999
0.999015
0.999061
0.999104
0.999135
0.999155
0.999166
0.99917
0.999171
0.999169
0.999161
0.999142
0.999126
0.999119
0.99912
0.999177
0.999474
0.999681
0.999706
0.999641
0.999595
0.999585
0.999586
0.999594
0.999612
0.999673
0.999781
0.999868
0.999925
0.999959
0.999978
0.999989
0.999994
0.999997
0.999999
0.999999
1
1
1
1
1
1
1
1
1
1
1
1
1
1
1
1
1
1
1
1
1
1
1
1
1
1
1
1
1
1
1
1
1
1
0.999999
0.999998
0.999993
0.99999
0.999989
0.99999
0.999995
0.999998
0.999999
1
1
1
1
1
1
1
1
1
1
1
1
1
1
1
1
1
1
1
1
1
1
1
1
1
1
1
1
1
0.999999
0.999998
0.999997
0.999994
0.999993
0.999993
0.999993
0.999994
0.999994
0.999994
0.999992
0.999987
0.999967
0.999892
0.999635
0.999275
0.998979
0.998852
0.998885
0.99923
0.99963
0.999836
0.999932
0.999973
0.99999
0.999996
0.999999
0.999999
0.999999
0.999998
0.999995
0.999986
0.999945
0.999701
0.998711
0.997747
0.99744
0.997485
1
1
1
1
1
1
1
1
1
1
1
1
1
1
1
1
1
1
1
1
1
1
1
1
1
1
1
1
1
0.999999
0.999988
0.999931
0.999735
0.999285
0.999102
0.999054
0.999066
0.999096
0.999123
0.999142
0.999154
0.99916
0.999161
0.99916
0.999155
0.999137
0.999123
0.999119
0.999129
0.999258
0.999555
0.999678
0.999669
0.999611
0.999586
0.999582
0.999584
0.999592
0.999607
0.999649
0.999765
0.999862
0.999925
0.999962
0.999982
0.999992
0.999996
0.999998
0.999999
1
1
1
1
1
1
1
1
1
1
1
1
1
1
1
1
1
1
1
1
1
1
1
1
1
1
1
1
1
1
1
1
1
1
1
1
0.999999
0.999997
0.999995
0.999994
0.999994
0.999997
0.999999
0.999999
1
1
1
1
1
1
1
1
1
1
1
1
1
1
1
1
1
1
1
1
1
1
1
1
1
1
1
1
1
1
1
1
0.999999
0.999999
0.999999
0.999999
0.999999
0.999999
0.999999
0.999998
0.999997
0.999994
0.999978
0.999921
0.999819
0.999736
0.9997
0.999707
0.999792
0.999898
0.999953
0.99998
0.999992
0.999997
0.999999
1
1
1
0.999999
0.999997
0.999991
0.99995
0.999695
0.998682
0.997733
0.997546
0.997654
1
1
1
1
1
1
1
1
1
1
1
1
1
1
1
1
1
1
1
1
1
1
1
1
1
1
1
1
1
1
0.999998
0.999986
0.999931
0.999773
0.999373
0.999168
0.999104
0.999107
0.99912
0.999136
0.999147
0.999153
0.999155
0.999155
0.999152
0.999137
0.999123
0.999122
0.999146
0.999329
0.999579
0.999656
0.999647
0.999604
0.999587
0.999586
0.99959
0.999596
0.999606
0.999641
0.999757
0.999863
0.99993
0.999966
0.999985
0.999993
0.999997
0.999999
1
1
1
1
1
1
1
1
1
1
1
1
1
1
1
1
1
1
1
1
1
1
1
1
1
1
1
1
1
1
1
1
1
1
1
1
1
1
0.999999
0.999997
0.999997
0.999997
0.999998
0.999999
1
1
1
1
1
1
1
1
1
1
1
1
1
1
1
1
1
1
1
1
1
1
1
1
1
1
1
1
1
1
1
1
1
1
1
1
1
1
1
1
1
1
0.999999
0.999996
0.999987
0.999961
0.999939
0.99993
0.999931
0.99995
0.999975
0.999988
0.999995
0.999998
0.999999
1
1
1
1
1
0.999999
0.999993
0.999955
0.99971
0.998697
0.997781
0.99769
0.997846
1
1
1
1
1
1
1
1
1
1
1
1
1
1
1
1
1
1
1
1
1
1
1
1
1
1
1
1
1
1
1
0.999998
0.999986
0.999944
0.999824
0.999514
0.999255
0.999163
0.999139
0.999141
0.999147
0.999152
0.999153
0.999154
0.999151
0.999138
0.99913
0.999132
0.999167
0.999364
0.999575
0.999638
0.999637
0.999607
0.999593
0.999593
0.999597
0.9996
0.999606
0.999641
0.999769
0.99988
0.999944
0.999976
0.99999
0.999996
0.999999
0.999999
1
1
1
1
1
1
1
1
1
1
1
1
1
1
1
1
1
1
1
1
1
1
1
1
1
1
1
1
1
1
1
1
1
1
1
1
1
1
1
0.999999
0.999998
0.999998
0.999999
0.999999
1
1
1
1
1
1
1
1
1
1
1
1
1
1
1
1
1
1
1
1
1
1
1
1
1
1
1
1
1
1
1
1
1
1
1
1
1
1
1
1
1
1
1
1
0.999998
0.999994
0.999989
0.999987
0.999987
0.99999
0.999995
0.999998
0.999999
1
1
1
1
1
1
1
0.999999
0.999995
0.999961
0.999741
0.998741
0.997895
0.997846
0.998025
1
1
1
1
1
1
1
1
1
1
1
1
1
1
1
1
1
1
1
1
1
1
1
1
1
1
1
1
1
1
1
1
0.999998
0.999988
0.999958
0.99987
0.999655
0.999359
0.999224
0.999174
0.999159
0.999155
0.999155
0.999154
0.999152
0.999144
0.999143
0.999148
0.999182
0.999365
0.999553
0.999619
0.999625
0.999615
0.99961
0.999609
0.999603
0.999601
0.999607
0.999658
0.999802
0.999904
0.999958
0.999982
0.999993
0.999997
0.999999
1
1
1
1
1
1
1
1
1
1
1
1
1
1
1
1
1
1
1
1
1
1
1
1
1
1
1
1
1
1
1
1
1
1
1
1
1
1
1
1
0.999999
0.999999
0.999999
0.999999
1
1
1
1
1
1
1
1
1
1
1
1
1
1
1
1
1
1
1
1
1
1
1
1
1
1
1
1
1
1
1
1
1
1
1
1
1
1
1
1
1
1
1
1
1
1
0.999999
0.999998
0.999998
0.999998
0.999998
0.999999
1
1
1
1
1
1
1
1
1
1
0.999996
0.999968
0.99978
0.998836
0.998035
0.99799
0.998151
1
1
1
1
1
1
1
1
1
1
1
1
1
1
1
1
1
1
1
1
1
1
1
1
1
1
1
1
1
1
1
1
1
0.999998
0.999992
0.999972
0.999916
0.999799
0.999549
0.999334
0.999232
0.999188
0.99917
0.999162
0.999155
0.999151
0.999151
0.999156
0.999185
0.999346
0.999522
0.999598
0.999616
0.999616
0.999615
0.999613
0.999599
0.999595
0.999609
0.999704
0.999851
0.999935
0.999974
0.999991
0.999997
0.999999
1
1
1
1
1
1
1
1
1
1
1
1
1
1
1
1
1
1
1
1
1
1
1
1
1
1
1
1
1
1
1
1
1
1
1
1
1
1
1
1
1
1
0.999999
0.999999
0.999999
1
1
1
1
1
1
1
1
1
1
1
1
1
1
1
1
1
1
1
1
1
1
1
1
1
1
1
1
1
1
1
1
1
1
1
1
1
1
1
1
1
1
1
1
1
1
1
1
1
1
1
1
1
1
1
1
1
1
1
1
1
1
0.999997
0.999976
0.999824
0.998989
0.998195
0.998117
0.998232
1
1
1
1
1
1
1
1
1
1
1
1
1
1
1
1
1
1
1
1
1
1
1
1
1
1
1
1
1
1
1
1
1
1
0.999999
0.999995
0.999985
0.999958
0.999896
0.999774
0.999598
0.999396
0.999282
0.999221
0.999189
0.999173
0.999169
0.999171
0.999188
0.999273
0.999444
0.999547
0.999589
0.999601
0.999601
0.999586
0.999576
0.999585
0.999637
0.999804
0.999915
0.999967
0.999988
0.999996
0.999999
1
1
1
1
1
1
1
1
1
1
1
1
1
1
1
1
1
1
1
1
1
1
1
1
1
1
1
1
1
1
1
1
1
1
1
1
1
1
1
1
1
1
1
1
1
1
1
1
1
1
1
1
1
1
1
1
1
1
1
1
1
1
1
1
1
1
1
1
1
1
1
1
1
1
1
1
1
1
1
1
1
1
1
1
1
1
1
1
1
1
1
1
1
1
1
1
1
1
1
1
1
1
1
1
1
1
1
1
0.999998
0.999983
0.999869
0.999182
0.998373
0.998235
0.998302
1
1
1
1
1
1
1
1
1
1
1
1
1
1
1
1
1
1
1
1
1
1
1
1
1
1
1
1
1
1
1
1
1
1
1
0.999999
0.999998
0.999994
0.999983
0.999959
0.999906
0.999842
0.999701
0.999569
0.999439
0.999335
0.999267
0.999232
0.999231
0.999255
0.999333
0.999419
0.999484
0.999513
0.999518
0.999524
0.999545
0.999626
0.999809
0.999917
0.999967
0.999988
0.999996
0.999999
1
1
1
1
1
1
1
1
1
1
1
1
1
1
1
1
1
1
1
1
1
1
1
1
1
1
1
1
1
1
1
1
1
1
1
1
1
1
1
1
1
1
1
1
1
1
1
1
1
1
1
1
1
1
1
1
1
1
1
1
1
1
1
1
1
1
1
1
1
1
1
1
1
1
1
1
1
1
1
1
1
1
1
1
1
1
1
1
1
1
1
1
1
1
1
1
1
1
1
1
1
1
1
1
1
1
1
1
1
0.999999
0.999989
0.999911
0.999404
0.99858
0.998365
0.998393
1
1
1
1
1
1
1
1
1
1
1
1
1
1
1
1
1
1
1
1
1
1
1
1
1
1
1
1
1
1
1
1
1
1
1
1
1
0.999999
0.999998
0.999995
0.999987
0.999974
0.999947
0.999899
0.999852
0.999775
0.999693
0.999613
0.999496
0.99943
0.999432
0.999453
0.999495
0.999521
0.999546
0.999613
0.999764
0.999879
0.999945
0.999977
0.999991
0.999997
0.999999
1
1
1
1
1
1
1
1
1
1
1
1
1
1
1
1
1
1
1
1
1
1
1
1
1
1
1
1
1
1
1
1
1
1
1
1
1
1
1
1
1
1
1
1
1
1
1
1
1
1
1
1
1
1
1
1
1
1
1
1
1
1
1
1
1
1
1
1
1
1
1
1
1
1
1
1
1
1
1
1
1
1
1
1
1
1
1
1
1
1
1
1
1
1
1
1
1
1
1
1
1
1
1
1
1
1
1
1
1
1
0.999999
0.999993
0.999944
0.999618
0.998811
0.998519
0.998521
1
1
1
1
1
1
1
1
1
1
1
1
1
1
1
1
1
1
1
1
1
1
1
1
1
1
1
1
1
1
1
1
1
1
1
1
1
1
1
1
0.999999
0.999997
0.999994
0.999988
0.999979
0.999958
0.999942
0.999924
0.999887
0.999847
0.999808
0.999797
0.999801
0.999817
0.999867
0.999924
0.999961
0.999982
0.999993
0.999997
0.999999
1
1
1
1
1
1
1
1
1
1
1
1
1
1
1
1
1
1
1
1
1
1
1
1
1
1
1
1
1
1
1
1
1
1
1
1
1
1
1
1
1
1
1
1
1
1
1
1
1
1
1
1
1
1
1
1
1
1
1
1
1
1
1
1
1
1
1
1
1
1
1
1
1
1
1
1
1
1
1
1
1
1
1
1
1
1
1
1
1
1
1
1
1
1
1
1
1
1
1
1
1
1
1
1
1
1
1
1
1
1
1
1
0.999999
0.999996
0.999965
0.999764
0.999065
0.9987
0.998683
1
1
1
1
1
1
1
1
1
1
1
1
1
1
1
1
1
1
1
1
1
1
1
1
1
1
1
1
1
1
1
1
1
1
1
1
1
1
1
1
1
1
1
0.999999
0.999998
0.999996
0.999994
0.999992
0.999987
0.999979
0.999975
0.999974
0.999975
0.99998
0.999988
0.999994
0.999997
0.999999
1
1
1
1
1
1
1
1
1
1
1
1
1
1
1
1
1
1
1
1
1
1
1
1
1
1
1
1
1
1
1
1
1
1
1
1
1
1
1
1
1
1
1
1
1
1
1
1
1
1
1
1
1
1
1
1
1
1
1
1
1
1
1
1
1
1
1
1
1
1
1
1
1
1
1
1
1
1
1
1
1
1
1
1
1
1
1
1
1
1
1
1
1
1
1
1
1
1
1
1
1
1
1
1
1
1
1
1
1
1
1
1
1
1
1
1
0.999997
0.999979
0.999855
0.999309
0.998897
0.998861
1
1
1
1
1
1
1
1
1
1
1
1
1
1
1
1
1
1
1
1
1
1
1
1
1
1
1
1
1
1
1
1
1
1
1
1
1
1
1
1
1
1
1
1
1
1
1
1
0.999999
0.999999
0.999998
0.999998
0.999999
0.999999
1
1
1
1
1
1
1
1
1
1
1
1
1
1
1
1
1
1
1
1
1
1
1
1
1
1
1
1
1
1
1
1
1
1
1
1
1
1
1
1
1
1
1
1
1
1
1
1
1
1
1
1
1
1
1
1
1
1
1
1
1
1
1
1
1
1
1
1
1
1
1
1
1
1
1
1
1
1
1
1
1
1
1
1
1
1
1
1
1
1
1
1
1
1
1
1
1
1
1
1
1
1
1
1
1
1
1
1
1
1
1
1
1
1
1
1
1
1
1
1
0.999998
0.999987
0.99991
0.999517
0.999094
0.999041
1
1
1
1
1
1
1
1
1
1
1
1
1
1
1
1
1
1
1
1
1
1
1
1
1
1
1
1
1
1
1
1
1
1
1
1
1
1
1
1
1
1
1
1
1
1
1
1
1
1
1
1
1
1
1
1
1
1
1
1
1
1
1
1
1
1
1
1
1
1
1
1
1
1
1
1
1
1
1
1
1
1
1
1
1
1
1
1
1
1
1
1
1
1
1
1
1
1
1
1
1
1
1
1
1
1
1
1
1
1
1
1
1
1
1
1
1
1
1
1
1
1
1
1
1
1
1
1
1
1
1
1
1
1
1
1
1
1
1
1
1
1
1
1
1
1
1
1
1
1
1
1
0.999999
0.999999
0.999999
1
1
1
1
1
1
1
1
1
1
1
1
1
1
1
1
1
1
1
0.999999
0.999992
0.999944
0.999679
0.999275
0.999212
1
1
1
1
1
1
1
1
1
1
1
1
1
1
1
1
1
1
1
1
1
1
1
1
1
1
1
1
1
1
1
1
1
1
1
1
1
1
1
1
1
1
1
1
1
1
1
1
1
1
1
1
1
1
1
1
1
1
1
1
1
1
1
1
1
1
1
1
1
1
1
1
1
1
1
1
1
1
1
1
1
1
1
1
1
1
1
1
1
1
1
1
1
1
1
1
1
1
1
1
1
1
1
1
1
1
1
1
1
1
1
1
1
1
1
1
1
1
1
1
1
1
1
1
1
1
1
1
1
1
1
1
1
1
1
1
1
1
1
1
1
1
1
1
1
1
1
1
1
1
1
0.999999
0.999999
0.999999
0.999999
0.999999
0.999999
1
1
1
1
1
1
1
1
1
1
1
1
1
1
1
1
1
0.999999
0.999995
0.999963
0.999789
0.999431
0.999372
1
1
1
1
1
1
1
1
1
1
1
1
1
1
1
1
1
1
1
1
1
1
1
1
1
1
1
1
1
1
1
1
1
1
1
1
1
1
1
1
1
1
1
1
1
1
1
1
1
1
1
1
1
1
1
1
1
1
1
1
1
1
1
1
1
1
1
1
1
1
1
1
1
1
1
1
1
1
1
1
1
1
1
1
1
1
1
1
1
1
1
1
1
1
1
1
1
1
1
1
1
1
1
1
1
1
1
1
1
1
1
1
1
1
1
1
1
1
1
1
1
1
1
1
1
1
1
1
1
1
1
1
1
1
1
1
1
1
1
1
1
1
1
1
1
1
1
1
1
1
0.999999
0.999999
0.999999
0.999999
0.999999
0.999999
0.999999
1
1
1
1
1
1
1
1
1
1
1
1
1
1
1
1
1
0.999999
0.999996
0.999975
0.999861
0.999568
0.999511
1
1
1
1
1
1
1
1
1
1
1
1
1
1
1
1
1
1
1
1
1
1
1
1
1
1
1
1
1
1
1
1
1
1
1
1
1
1
1
1
1
1
1
1
1
1
1
1
1
1
1
1
1
1
1
1
1
1
1
1
1
1
1
1
1
1
1
1
1
1
1
1
1
1
1
1
1
1
1
1
1
1
1
1
1
1
1
1
1
1
1
1
1
1
1
1
1
1
1
1
1
1
1
1
1
1
1
1
1
1
1
1
1
1
1
1
1
1
1
1
1
1
1
1
1
1
1
1
1
1
1
1
1
1
1
1
1
1
1
1
1
1
1
1
1
1
1
1
1
0.999999
0.999999
0.999999
0.999999
0.999999
0.999999
0.999999
0.999999
0.999999
1
1
1
1
1
1
1
1
1
1
1
1
1
1
0.999999
0.999999
0.999999
0.999996
0.99998
0.999899
0.999672
0.999615
1
1
1
1
1
1
1
1
1
1
1
1
1
1
1
1
1
1
1
1
1
1
1
1
1
1
1
1
1
1
1
1
1
1
1
1
1
1
1
1
1
1
1
1
1
1
1
1
1
1
1
1
1
1
1
1
1
1
1
1
1
1
1
1
1
1
1
1
1
1
1
1
1
1
1
1
1
1
1
1
1
1
1
1
1
1
1
1
1
1
1
1
1
1
1
1
1
1
1
1
1
1
1
1
1
1
1
1
1
1
1
1
1
1
1
1
1
1
1
1
1
1
1
1
1
1
1
1
1
1
1
1
1
1
1
1
1
1
1
1
1
1
1
1
1
1
1
1
1
0.999999
0.999998
0.999999
1
1
0.999999
0.999999
0.999999
1
1
1
1
1
1
1
1
1
1
1
1
1
0.999999
0.999998
0.999998
0.999998
0.999997
0.999994
0.999981
0.999922
0.999753
0.999694
1
1
1
1
1
1
1
1
1
1
1
1
1
1
1
1
1
1
1
1
1
1
1
1
1
1
1
1
1
1
1
1
1
1
1
1
1
1
1
1
1
1
1
1
1
1
1
1
1
1
1
1
1
1
1
1
1
1
1
1
1
1
1
1
1
1
1
1
1
1
1
1
1
1
1
1
1
1
1
1
1
1
1
1
1
1
1
1
1
1
1
1
1
1
1
1
1
1
1
1
1
1
1
1
1
1
1
1
1
1
1
1
1
1
1
1
1
1
1
1
1
1
1
1
1
1
1
1
1
1
1
1
1
1
1
1
1
1
1
1
1
1
1
1
1
1
1
1
1
0.999998
0.999998
0.999999
1
1
0.999999
0.999999
0.999999
1
1
1
1
1
1
1
1
1
1
1
1
0.999999
0.999996
0.999995
0.999994
0.999994
0.999993
0.999991
0.999979
0.999929
0.999801
0.999733
1
1
1
1
1
1
1
1
1
1
1
1
1
1
1
1
1
1
1
1
1
1
1
1
1
1
1
1
1
1
1
1
1
1
1
1
1
1
1
1
1
1
1
1
1
1
1
1
1
1
1
1
1
1
1
1
1
1
1
1
1
1
1
1
1
1
1
1
1
1
1
1
1
1
1
1
1
1
1
1
1
1
1
1
1
1
1
1
1
1
1
1
1
1
1
1
1
1
1
1
1
1
1
1
1
1
1
1
1
1
1
1
1
1
1
1
1
1
1
1
1
1
1
1
1
1
1
1
1
1
1
1
1
1
1
1
1
1
1
1
1
1
1
1
1
1
1
1
0.999999
0.999996
0.999997
0.999999
1
1
0.999999
0.999999
1
1
1
1
1
1
1
1
1
1
1
1
0.999998
0.999995
0.999993
0.999992
0.999991
0.99999
0.999989
0.999985
0.999972
0.999922
0.999805
0.99974
1
1
1
1
1
1
1
1
1
1
1
1
1
1
1
1
1
1
1
1
1
1
1
1
1
1
1
1
1
1
1
1
1
1
1
1
1
1
1
1
1
1
1
1
1
1
1
1
1
1
1
1
1
1
1
1
1
1
1
1
1
1
1
1
1
1
1
1
1
1
1
1
1
1
1
1
1
1
1
1
1
1
1
1
1
1
1
1
1
1
1
1
1
1
1
1
1
1
1
1
1
1
1
1
1
1
1
1
1
1
1
1
1
1
1
1
1
1
1
1
1
1
1
1
1
1
1
1
1
1
1
1
1
1
1
1
1
1
1
1
1
1
1
1
0.999999
0.999999
0.999999
0.999999
0.999996
0.999994
0.999996
0.999999
1
1
1
1
1
1
1
1
1
0.999999
0.999999
0.999999
0.999999
0.999998
0.999997
0.999996
0.999994
0.999992
0.999991
0.999989
0.999985
0.999982
0.99998
0.999974
0.999955
0.999884
0.999764
0.999715
1
1
1
1
1
1
1
1
1
1
1
1
1
1
1
1
1
1
1
1
1
1
1
1
1
1
1
1
1
1
1
1
1
1
1
1
1
1
1
1
1
1
1
1
1
1
1
1
1
1
1
1
1
1
1
1
1
1
1
1
1
1
1
1
1
1
1
1
1
1
1
1
1
1
1
1
1
1
1
1
1
1
1
1
1
1
1
1
1
1
1
1
1
1
1
1
1
1
1
1
1
1
1
1
1
1
1
1
1
1
1
1
1
1
1
1
1
1
1
1
1
1
1
1
1
1
1
1
1
1
1
1
1
1
1
1
1
1
1
1
1
1
1
0.999999
0.999999
0.999998
0.999998
0.999997
0.999993
0.999992
0.999994
0.999997
0.999999
1
1
1
1
0.999999
0.999997
0.999994
0.999992
0.999992
0.999992
0.999992
0.999992
0.999992
0.999992
0.999992
0.999991
0.99999
0.999987
0.999978
0.999961
0.999952
0.999948
0.999936
0.999885
0.999746
0.999672
0.999672
1
1
1
1
1
1
1
1
1
1
1
1
1
1
1
1
1
1
1
1
1
1
1
1
1
1
1
1
1
1
1
1
1
1
1
1
1
1
1
1
1
1
1
1
1
1
1
1
1
1
1
1
1
1
1
1
1
1
1
1
1
1
1
1
1
1
1
1
1
1
1
1
1
1
1
1
1
1
1
1
1
1
1
1
1
1
1
1
1
1
1
1
1
1
1
1
1
1
1
1
1
1
1
1
1
1
1
1
1
1
1
1
1
1
1
1
1
1
1
1
1
1
1
1
1
1
1
1
1
1
1
1
1
1
1
1
1
1
1
1
0.999999
0.999999
0.999999
0.999998
0.999997
0.999995
0.999995
0.999993
0.999992
0.999991
0.999991
0.999993
0.999996
0.999998
0.999998
0.999998
0.999996
0.999992
0.999987
0.999985
0.999986
0.999988
0.999989
0.99999
0.99999
0.99999
0.99999
0.999988
0.999983
0.999959
0.999893
0.999825
0.999786
0.999782
0.999788
0.999781
0.999698
0.999547
0.999518
0.999621
1
1
1
1
1
1
1
1
1
1
1
1
1
1
1
1
1
1
1
1
1
1
1
1
1
1
1
1
1
1
1
1
1
1
1
1
1
1
1
1
1
1
1
1
1
1
1
1
1
1
1
1
1
1
1
1
1
1
1
1
1
1
1
1
1
1
1
1
1
1
1
1
1
1
1
1
1
1
1
1
1
1
1
1
1
1
1
1
1
1
1
1
1
1
1
1
1
1
1
1
1
1
1
1
1
1
1
1
1
1
1
1
1
1
1
1
1
1
1
1
1
1
1
1
1
1
1
1
1
1
1
1
1
0.999999
0.999999
0.999999
0.999999
0.999999
0.999999
0.999998
0.999998
0.999998
0.999998
0.999996
0.999994
0.999993
0.999992
0.999991
0.999991
0.999991
0.999991
0.999989
0.999988
0.999986
0.999985
0.999984
0.999983
0.999983
0.999983
0.999985
0.999985
0.999986
0.999986
0.999985
0.999981
0.999967
0.999923
0.999865
0.999818
0.999785
0.999774
0.99977
0.999765
0.999744
0.99965
0.999322
0.998748
0.998406
0.99829
0.998333
0.995155
0.99521
0.995383
0.995817
0.996089
0.996126
0.996
0.995002
0.993979
0.993772
0.993776
0.99387
0.994137
0.994545
0.994603
0.994241
0.992203
0.990678
0.990665
0.991551
0.993153
0.994163
0.994828
0.995563
0.995689
0.996577
0.996124
0.996003
0.996102
0.996717
0.99701
0.996873
0.996544
0.996697
0.996815
0.996404
0.994897
0.99431
0.994426
0.995042
0.995046
0.993809
0.991285
0.991173
0.993011
0.99562
0.996597
0.996321
0.9954
0.995033
0.998913
0.998333
0.997523
0.997254
0.997264
0.99737
0.99735
0.997373
0.997829
0.998118
0.997959
0.996867
0.994998
0.994649
0.994987
0.995052
0.993879
0.991931
0.992573
0.995481
0.996703
0.996561
0.995066
0.990742
0.989894
0.999275
0.999078
0.998429
0.997932
0.997701
0.997613
0.997618
0.997995
0.998723
0.998938
0.998898
0.998378
0.996224
0.995055
0.995079
0.995049
0.993877
0.99272
0.99402
0.996423
0.996649
0.995135
0.992273
0.986433
0.985552
0.999282
0.999193
0.998836
0.998279
0.997907
0.997824
0.998012
0.998686
0.999021
0.999086
0.999084
0.998938
0.997642
0.995698
0.995306
0.995111
0.993919
0.99332
0.994896
0.996638
0.996154
0.992706
0.990003
0.983522
0.983342
0.999289
0.999253
0.999057
0.998452
0.998045
0.998005
0.99835
0.998908
0.999061
0.999087
0.999091
0.999056
0.998536
0.996526
0.995681
0.995283
0.993963
0.993698
0.99536
0.996636
0.994894
0.991041
0.988554
0.982398
0.982707
0.999247
0.99924
0.99913
0.9986
0.998177
0.998164
0.998565
0.998964
0.999029
0.999037
0.999062
0.999062
0.998864
0.997406
0.996202
0.995533
0.994021
0.993928
0.995599
0.996455
0.993754
0.989569
0.987755
0.982217
0.982593
0.999047
0.999055
0.998997
0.998601
0.998277
0.998298
0.998699
0.998959
0.998975
0.998974
0.999008
0.999043
0.998971
0.99807
0.996793
0.995759
0.994154
0.994084
0.99568
0.995968
0.992846
0.988127
0.986824
0.982247
0.98263
0.998824
0.998834
0.998781
0.998492
0.998319
0.998386
0.99877
0.998921
0.998921
0.998924
0.998979
0.999038
0.999013
0.998512
0.997358
0.996055
0.994283
0.994187
0.995665
0.995373
0.992018
0.986505
0.984734
0.982289
0.982991
0.99868
0.998688
0.998608
0.998379
0.998323
0.99844
0.998792
0.998877
0.998875
0.998885
0.998966
0.999037
0.999032
0.998756
0.997903
0.996374
0.994405
0.994258
0.995545
0.994964
0.991668
0.985604
0.982991
0.982469
0.984025
0.998625
0.998624
0.998509
0.998337
0.998325
0.998487
0.998781
0.998833
0.998835
0.998864
0.998965
0.999039
0.999043
0.998892
0.998297
0.996761
0.994534
0.994313
0.995244
0.994465
0.991539
0.985656
0.982586
0.982943
0.986062
0.998615
0.998605
0.99846
0.998327
0.998331
0.998526
0.998754
0.998784
0.998803
0.998867
0.998974
0.999045
0.999056
0.998969
0.998539
0.997155
0.994686
0.994356
0.994889
0.994013
0.991341
0.985586
0.982557
0.983695
0.989181
0.998621
0.998605
0.998446
0.998333
0.99835
0.998552
0.998706
0.998731
0.998788
0.998887
0.998977
0.999046
0.999063
0.999014
0.998706
0.997527
0.994841
0.994365
0.994587
0.993439
0.990887
0.9849
0.982591
0.985242
0.993066
0.998645
0.998632
0.998476
0.998359
0.998374
0.998551
0.998636
0.998692
0.998815
0.998902
0.998978
0.999044
0.999065
0.999038
0.998819
0.997824
0.995029
0.994332
0.994322
0.99261
0.989841
0.984062
0.982974
0.988011
0.995992
0.998672
0.998677
0.998577
0.998428
0.998426
0.998523
0.998582
0.998704
0.998859
0.998925
0.998971
0.999035
0.999062
0.999049
0.998891
0.998048
0.99527
0.994297
0.994028
0.991872
0.988539
0.983571
0.983726
0.991956
0.997237
0.998693
0.998716
0.998682
0.998556
0.99852
0.998541
0.998603
0.998782
0.9989
0.998936
0.998954
0.999005
0.999052
0.999047
0.998933
0.998221
0.995528
0.994272
0.993723
0.991326
0.987019
0.983815
0.985266
0.995279
0.997843
0.998729
0.998754
0.998748
0.998697
0.998663
0.998666
0.998723
0.998875
0.998924
0.998918
0.998921
0.99895
0.999026
0.999037
0.998956
0.998349
0.995775
0.994213
0.993491
0.991044
0.985702
0.984691
0.988741
0.997178
0.99806
0.998824
0.998795
0.998783
0.998768
0.998764
0.998777
0.99887
0.998927
0.998919
0.998844
0.998821
0.998851
0.998966
0.999015
0.998956
0.998446
0.996008
0.994196
0.993355
0.990772
0.985311
0.986134
0.994355
0.997932
0.998101
0.999074
0.998917
0.998841
0.998816
0.998822
0.998913
0.998964
0.998937
0.998808
0.998634
0.998631
0.998682
0.998847
0.998965
0.998939
0.998513
0.996191
0.994215
0.993242
0.990164
0.985395
0.989891
0.996807
0.998168
0.998028
0.999453
0.999266
0.999157
0.999112
0.999114
0.999086
0.998995
0.99872
0.99841
0.998349
0.998381
0.998485
0.998721
0.998889
0.998895
0.998553
0.996359
0.994265
0.99311
0.989061
0.986138
0.99286
0.997606
0.998214
0.997812
0.999676
0.999578
0.999452
0.99936
0.999222
0.998985
0.998462
0.998174
0.998142
0.998168
0.998229
0.998368
0.998609
0.998804
0.998831
0.998549
0.996527
0.994383
0.992861
0.988145
0.987829
0.995074
0.997944
0.998195
0.997623
0.999699
0.999578
0.999365
0.999074
0.998549
0.998134
0.997979
0.997988
0.998046
0.998135
0.998193
0.998314
0.998532
0.998727
0.998765
0.998532
0.996726
0.994562
0.992247
0.987851
0.989477
0.996464
0.998047
0.998112
0.997459
0.999553
0.999183
0.99858
0.998065
0.99787
0.997829
0.997867
0.99795
0.998065
0.998149
0.998196
0.998287
0.998477
0.998661
0.998706
0.998508
0.996928
0.994732
0.991306
0.987927
0.991328
0.997069
0.998024
0.998043
0.997345
0.999007
0.998223
0.997856
0.99772
0.997717
0.997766
0.99789
0.998042
0.998144
0.998199
0.998223
0.998279
0.998434
0.998606
0.998651
0.998485
0.997191
0.994809
0.990465
0.988536
0.992982
0.997323
0.997966
0.997976
0.99726
0.998208
0.997798
0.997642
0.997627
0.997677
0.997827
0.998048
0.998139
0.998182
0.998222
0.998244
0.998284
0.998407
0.998564
0.998605
0.998466
0.997414
0.994799
0.989981
0.989356
0.99424
0.997399
0.997893
0.997899
0.997205
0.997861
0.997607
0.997554
0.997593
0.997732
0.998007
0.998129
0.998179
0.998195
0.998225
0.998247
0.998284
0.998388
0.99853
0.998568
0.998448
0.997546
0.994658
0.989841
0.990025
0.995152
0.997401
0.997786
0.997794
0.997175
0.997643
0.997502
0.997504
0.997605
0.997907
0.998094
0.998168
0.998198
0.998204
0.998212
0.998238
0.998279
0.998378
0.998501
0.998534
0.99843
0.997624
0.994413
0.989855
0.990766
0.995772
0.997297
0.997646
0.997705
0.997164
0.997462
0.997419
0.997479
0.997746
0.998043
0.998156
0.99819
0.998209
0.998212
0.998212
0.998222
0.998264
0.998372
0.998479
0.998505
0.99841
0.99767
0.994102
0.990133
0.991724
0.996103
0.99712
0.997514
0.997659
0.997174
0.997367
0.997373
0.997512
0.997915
0.998128
0.998188
0.998202
0.998226
0.998226
0.998217
0.998218
0.998246
0.998355
0.998458
0.998479
0.998392
0.997686
0.993836
0.990763
0.992674
0.996168
0.996889
0.997388
0.997628
0.997243
0.997319
0.99736
0.997679
0.998058
0.998178
0.998202
0.998213
0.99826
0.998262
0.998236
0.99822
0.998235
0.998332
0.99844
0.99846
0.998376
0.997684
0.99368
0.991351
0.993392
0.99607
0.996637
0.997274
0.997608
0.997339
0.997309
0.997396
0.997829
0.998138
0.9982
0.998208
0.998227
0.998327
0.99834
0.998292
0.998229
0.998232
0.998312
0.998424
0.998442
0.998361
0.997673
0.993617
0.991924
0.993906
0.995817
0.996395
0.997171
0.9976
0.997435
0.997315
0.997471
0.997986
0.99819
0.998209
0.998211
0.998242
0.998409
0.99846
0.998397
0.998253
0.998236
0.998295
0.99841
0.998429
0.998348
0.997632
0.993625
0.992476
0.99426
0.995612
0.996171
0.997088
0.997602
0.997511
0.997355
0.997568
0.998073
0.99822
0.998212
0.998211
0.998262
0.998475
0.998556
0.998508
0.998304
0.998244
0.998285
0.998397
0.998416
0.998335
0.997546
0.993756
0.992984
0.9945
0.99548
0.996
0.997033
0.997629
0.997563
0.997432
0.997667
0.998146
0.998239
0.998213
0.998204
0.998283
0.998515
0.998597
0.998567
0.998363
0.998256
0.998282
0.998384
0.998403
0.998322
0.997451
0.993958
0.993434
0.994663
0.995396
0.99588
0.996991
0.997672
0.997628
0.997536
0.997728
0.998184
0.998257
0.99821
0.998193
0.998295
0.998534
0.998614
0.998593
0.998405
0.998271
0.998286
0.998375
0.998392
0.998306
0.997334
0.994164
0.993821
0.994782
0.995348
0.995818
0.996967
0.997716
0.997703
0.997646
0.997795
0.998216
0.998277
0.998209
0.998185
0.9983
0.998539
0.998618
0.998598
0.998423
0.998281
0.998292
0.998371
0.998382
0.998285
0.997197
0.994381
0.99415
0.99488
0.995334
0.995794
0.996961
0.997742
0.997739
0.997763
0.997847
0.998229
0.998286
0.998209
0.998182
0.998293
0.998524
0.998609
0.998588
0.998425
0.998294
0.998301
0.998367
0.998372
0.998256
0.997043
0.994624
0.994446
0.994973
0.995342
0.99579
0.996979
0.997777
0.997769
0.997907
0.997881
0.998235
0.998287
0.998215
0.99818
0.998271
0.998487
0.998569
0.998554
0.998409
0.998317
0.998319
0.998366
0.998364
0.998218
0.996898
0.994888
0.994726
0.995083
0.995381
0.99582
0.997018
0.997821
0.997806
0.99805
0.997895
0.998239
0.998284
0.998221
0.998178
0.99825
0.998454
0.998511
0.998511
0.998394
0.998335
0.998338
0.998365
0.998355
0.998173
0.996785
0.995142
0.995002
0.995217
0.995445
0.995869
0.997087
0.997866
0.997832
0.998172
0.997909
0.998236
0.998273
0.998219
0.998176
0.998199
0.998409
0.998474
0.99848
0.998391
0.998351
0.998352
0.998365
0.998345
0.998116
0.996713
0.995373
0.995248
0.995351
0.995519
0.995934
0.997179
0.997906
0.997842
0.998278
0.997943
0.998202
0.998247
0.99821
0.998175
0.998176
0.99837
0.998452
0.998462
0.998394
0.998367
0.998365
0.998365
0.998333
0.998054
0.996688
0.995603
0.995436
0.995477
0.995596
0.996032
0.997296
0.997926
0.997828
0.998383
0.998013
0.998139
0.998193
0.998184
0.998171
0.998144
0.998313
0.998423
0.998438
0.998399
0.99838
0.998372
0.998364
0.998312
0.997985
0.99672
0.995828
0.995577
0.995587
0.995684
0.996173
0.99742
0.997933
0.997771
0.998507
0.99812
0.998053
0.998087
0.998104
0.998164
0.99812
0.998229
0.998389
0.998414
0.998407
0.998383
0.998372
0.99836
0.998284
0.997913
0.996807
0.996009
0.995693
0.995689
0.995789
0.996363
0.997535
0.997892
0.997644
0.998651
0.998274
0.997955
0.997885
0.997954
0.998139
0.998113
0.998152
0.998357
0.998404
0.998407
0.998382
0.99837
0.998349
0.998246
0.997835
0.996889
0.996138
0.995798
0.995794
0.995908
0.996586
0.997615
0.997808
0.997463
0.998809
0.998479
0.997908
0.997585
0.997687
0.998087
0.998113
0.998076
0.998287
0.998377
0.998395
0.998378
0.998363
0.998324
0.998189
0.997776
0.99697
0.996238
0.995906
0.995905
0.99604
0.996824
0.997661
0.997697
0.997288
0.998975
0.998719
0.997968
0.997479
0.997491
0.997991
0.998137
0.998032
0.998181
0.998327
0.998365
0.998368
0.998342
0.998281
0.998132
0.99774
0.997035
0.996321
0.996014
0.99602
0.996186
0.997064
0.997679
0.997589
0.99721
0.999139
0.998938
0.998159
0.99751
0.997462
0.997852
0.998153
0.998004
0.998085
0.99825
0.998315
0.998335
0.998297
0.998236
0.998075
0.99772
0.997052
0.996379
0.996118
0.996133
0.996352
0.99729
0.997695
0.997516
0.997256
0.9993
0.999134
0.998444
0.997668
0.997522
0.997809
0.998171
0.997995
0.998
0.998159
0.998223
0.998253
0.998238
0.998159
0.998008
0.997701
0.997048
0.996421
0.996222
0.996253
0.996552
0.997489
0.997717
0.997492
0.997402
0.999445
0.999308
0.998759
0.997949
0.997731
0.997809
0.998182
0.997993
0.99793
0.99809
0.99814
0.998159
0.998149
0.998075
0.997951
0.997675
0.99703
0.996465
0.996337
0.996388
0.996804
0.997644
0.99774
0.997498
0.997589
0.999557
0.999444
0.999038
0.998317
0.99809
0.997864
0.998176
0.998063
0.997845
0.997997
0.99808
0.998096
0.998073
0.998017
0.997903
0.997627
0.996975
0.99653
0.996466
0.996535
0.997088
0.997763
0.99776
0.997542
0.997839
0.999641
0.999551
0.999253
0.998707
0.998562
0.998016
0.998105
0.998157
0.997818
0.99781
0.997986
0.998019
0.998013
0.997952
0.997827
0.997499
0.996888
0.996605
0.996581
0.996681
0.997399
0.997859
0.997748
0.997607
0.998169
0.999685
0.999616
0.999376
0.999042
0.99897
0.99832
0.998012
0.998204
0.99784
0.997687
0.997751
0.997867
0.997892
0.997821
0.997645
0.997195
0.996821
0.996668
0.996668
0.996885
0.997732
0.997918
0.997727
0.997699
0.998581
0.999702
0.999652
0.999443
0.999273
0.999242
0.998661
0.9979
0.998218
0.998115
0.997644
0.997571
0.997579
0.997563
0.997483
0.997268
0.996996
0.996805
0.996737
0.996781
0.997315
0.997954
0.997945
0.997715
0.997847
0.998958
0.999695
0.999662
0.999472
0.999417
0.999377
0.998836
0.997725
0.998111
0.998232
0.997914
0.997546
0.997466
0.997391
0.997283
0.997127
0.996967
0.996854
0.996865
0.997061
0.997879
0.998063
0.997931
0.99779
0.998229
0.999113
0.999676
0.999667
0.999565
0.999541
0.999434
0.9989
0.997533
0.997794
0.99824
0.998243
0.997934
0.997607
0.997485
0.997361
0.997246
0.997161
0.997173
0.997314
0.997896
0.998161
0.998093
0.997931
0.998003
0.998617
0.997532
0.999671
0.999671
0.999653
0.999528
0.999083
0.998459
0.997387
0.997277
0.99795
0.998241
0.998302
0.998215
0.998079
0.998004
0.997979
0.997999
0.998052
0.998154
0.998212
0.998015
0.998037
0.998157
0.998334
0.998513
0.982709
0.998904
0.99912
0.999111
0.998868
0.997848
0.997243
0.997034
0.997102
0.997436
0.997717
0.997878
0.997957
0.997983
0.997989
0.997989
0.997986
0.997975
0.997899
0.997589
0.997662
0.998482
0.998405
0.997868
0.997573
0.891444
)
;

boundaryField
{
    inlet
    {
        type            fixedValue;
        value           uniform 1;
    }
    outlet
    {
        type            inletOutlet;
        inletValue      uniform 0;
        value           nonuniform List<scalar> 
57
(
0.995689
0.995033
0.989894
0.985552
0.983342
0.982707
0.982593
0.98263
0.982991
0.984025
0.986062
0.989181
0.993066
0.995992
0.997237
0.997843
0.99806
0.998101
0.998028
0.997812
0.997623
0.997459
0.997345
0.99726
0.997205
0.997175
0.997164
0.997174
0.997243
0.997339
0.997435
0.997511
0.997563
0.997628
0.997703
0.997739
0.997769
0.997806
0.997832
0.997842
0.997828
0.997771
0.997644
0.997463
0.997288
0.99721
0.997256
0.997402
0.997589
0.997839
0.998169
0.998581
0.998958
0.999113
0.997532
0.982709
0.891444
)
;
    }
    upperWall
    {
        type            zeroGradient;
    }
    lowerWall
    {
        type            zeroGradient;
    }
    frontAndBack
    {
        type            empty;
    }
}


// ************************************************************************* //
