/*--------------------------------*- C++ -*----------------------------------*\
| =========                 |                                                 |
| \\      /  F ield         | OpenFOAM: The Open Source CFD Toolbox           |
|  \\    /   O peration     | Version:  2112                                  |
|   \\  /    A nd           | Website:  www.openfoam.com                      |
|    \\/     M anipulation  |                                                 |
\*---------------------------------------------------------------------------*/
FoamFile
{
    version     2.0;
    format      ascii;
    arch        "LSB;label=32;scalar=64";
    class       volScalarField;
    location    "0.082";
    object      p;
}
// * * * * * * * * * * * * * * * * * * * * * * * * * * * * * * * * * * * * * //

dimensions      [0 2 -2 0 0 0 0];

internalField   nonuniform List<scalar> 
12225
(
697.833
694.89
691.78
688.478
684.84
680.846
676.597
672.243
667.845
663.414
658.957
654.509
650.071
645.681
641.215
636.689
631.754
626.351
698.395
694.929
691.834
688.507
684.856
680.854
676.604
672.25
667.852
663.42
658.967
654.524
650.094
645.698
641.248
636.693
631.823
626.296
699.06
694.946
691.89
688.556
684.896
680.888
676.642
672.289
667.885
663.448
659
654.569
650.15
645.752
641.309
636.753
631.931
626.714
699.387
694.974
691.996
688.68
684.991
680.959
676.702
672.343
667.933
663.495
659.053
654.631
650.226
645.833
641.41
636.89
632.206
627.363
697.146
694.703
692.091
688.833
685.127
681.073
676.81
672.444
668.025
663.582
659.144
654.732
650.343
645.964
641.573
637.127
632.609
628.08
694.374
694.674
692.341
689.089
685.331
681.223
676.93
672.545
668.123
663.686
659.257
654.861
650.493
646.145
641.803
637.452
633.101
628.832
692.995
694.5
692.616
689.407
685.601
681.465
677.152
672.736
668.308
663.855
659.426
655.041
650.694
646.38
642.097
637.848
633.656
629.598
692.844
695.049
693.188
689.859
685.93
681.713
677.295
672.899
668.485
664.041
659.622
655.259
650.947
646.681
642.469
638.324
634.275
630.384
695.636
695.925
693.883
690.444
686.425
682.116
677.684
673.217
668.772
664.299
659.879
655.526
651.242
647.024
642.883
638.839
634.919
631.168
699.763
697.555
694.838
691.146
686.945
682.521
678.022
673.49
669.035
664.588
660.184
655.862
651.619
647.456
643.389
639.438
635.625
631.984
699.576
699.077
696.097
692.082
687.692
683.135
678.562
674.037
669.463
664.961
660.551
656.236
652.02
647.907
643.908
640.044
636.331
632.791
702.764
701.047
697.418
693.001
688.397
683.697
679.011
674.397
669.824
665.332
660.937
656.655
652.48
648.418
644.482
640.69
637.052
633.583
705.974
703.328
699.005
694.217
689.305
684.422
679.626
674.947
670.305
665.775
661.367
657.085
652.932
648.913
645.036
641.311
637.746
634.35
711.483
706.579
700.995
695.559
690.303
685.208
680.297
675.517
670.855
666.325
661.937
657.695
653.591
649.625
645.804
642.136
638.625
635.28
722.607
710.953
703.608
697.364
691.689
686.347
681.26
676.349
671.599
667.022
662.609
658.377
654.3
650.381
646.626
643.038
639.609
636.344
723.218
713.857
705.999
699.211
693.148
687.618
682.347
677.328
672.53
667.933
663.548
659.34
655.299
651.425
647.717
644.183
640.808
637.599
726.284
717.581
709.092
701.709
695.221
689.179
683.657
678.492
673.605
668.963
664.543
660.346
656.344
652.528
648.884
645.418
642.131
639.001
736.435
721.382
711.433
703.238
696.439
690.521
684.987
679.772
674.866
670.233
665.848
661.674
657.701
653.926
650.349
646.946
643.715
640.648
732.635
721.775
712.852
705.534
698.605
692.224
686.434
681.093
676.122
671.467
667.087
662.944
659.028
655.318
651.806
648.479
645.326
642.338
714.364
715.313
710.38
704.346
698.245
692.474
686.977
681.812
676.962
672.381
668.05
663.964
660.105
656.454
652.996
649.718
646.612
643.666
727.165
717.691
710.694
704.331
698.247
692.581
687.231
682.184
677.422
672.914
668.647
664.611
660.796
657.184
653.762
650.52
647.45
644.544
726.604
717.923
710.546
704.229
698.241
692.613
687.369
682.408
677.706
673.258
669.049
665.062
661.287
657.711
654.323
651.114
648.078
645.205
725.168
716.797
709.847
703.647
697.917
692.525
687.408
682.529
677.894
673.504
669.334
665.38
661.635
658.085
654.722
651.537
648.521
645.668
723.861
716.46
709.374
703.406
697.791
692.451
687.399
682.575
677.984
673.627
669.493
665.575
661.862
658.345
655.011
651.849
648.852
646.011
720.762
714.121
708.426
702.864
697.479
692.316
687.374
682.624
678.08
673.753
669.639
665.734
662.035
658.53
655.207
652.058
649.073
646.243
721.198
713.225
707.752
702.466
697.289
692.237
687.335
682.61
678.095
673.792
669.7
665.817
662.139
658.655
655.353
652.218
649.24
646.412
718.955
712.005
707.134
702.117
697.103
692.158
687.324
682.637
678.139
673.846
669.761
665.886
662.218
658.746
655.453
652.325
649.35
646.523
711.178
710.424
706.644
701.923
697.012
692.12
687.307
682.629
678.137
673.851
669.775
665.912
662.259
658.804
655.529
652.411
649.436
646.602
708.579
709.598
706.325
701.772
696.942
692.098
687.311
682.642
678.152
673.865
669.79
665.931
662.287
658.846
655.581
652.469
649.494
646.651
707.939
709.246
706.18
701.712
696.917
692.098
687.325
682.66
678.163
673.862
669.776
665.918
662.287
658.864
655.617
652.516
649.541
646.691
561.009
560.908
560.785
560.696
560.647
560.639
560.673
560.75
560.859
560.98
561.099
561.209
561.294
561.35
561.374
561.361
561.289
561.149
560.931
560.634
560.275
559.88
559.473
559.086
558.752
558.507
558.383
558.414
558.629
559.048
559.686
560.552
561.631
562.893
564.299
565.802
567.356
568.915
570.434
571.878
573.217
574.43
575.495
576.397
577.126
577.674
578.037
578.205
578.162
577.867
577.243
576.231
574.834
573.135
571.277
569.489
568.024
567.013
566.754
567.099
568.155
569.743
570.067
567.863
565.114
562.244
558.457
555.141
552.758
549.132
542.828
536.263
531.95
530.218
529.577
528.932
527.637
524.054
517.874
511.255
504.483
497.74
491.059
484.433
477.82
471.191
464.508
457.757
450.931
444.045
437.129
430.227
423.391
416.68
410.161
403.908
398.005
392.55
387.654
383.438
380.025
377.529
376.059
375.673
376.38
378.134
380.831
384.318
388.403
392.876
397.52
402.134
406.539
410.597
414.204
417.298
419.845
421.838
423.283
424.201
424.616
424.552
424.038
423.101
421.769
420.075
418.04
415.712
413.12
410.3
407.286
404.114
400.814
397.415
393.94
390.414
386.852
383.27
379.671
376.062
372.439
368.803
365.153
361.487
357.805
354.108
350.402
346.693
342.991
339.303
335.642
332.028
328.479
325.031
321.689
318.423
315.183
311.919
308.593
305.194
301.737
298.249
294.733
291.187
287.547
283.693
279.716
275.929
272.435
268.904
264.943
260.495
256.236
252.651
249.127
245.27
240.995
236.478
232.214
228.504
560.741
560.673
560.586
560.492
560.433
560.419
560.453
560.543
560.696
560.879
561.045
561.191
561.308
561.384
561.42
561.396
561.284
561.103
560.899
560.658
560.341
559.918
559.395
558.827
558.294
557.871
557.618
557.574
557.767
558.208
558.897
559.817
560.947
562.257
563.709
565.254
566.846
568.437
569.981
571.443
572.791
574.003
575.06
575.948
576.657
577.18
577.514
577.658
577.593
577.266
576.585
575.496
574.003
572.201
570.291
568.391
566.788
565.57
564.78
564.833
565.135
566.53
567.359
566.708
565.6
561.944
557.875
554.437
551.287
546.26
538.749
531.781
527.454
526.985
527.449
526.749
525.294
521.559
515.897
509.75
503.376
496.93
490.446
483.927
477.36
470.725
464.01
457.211
450.335
443.405
436.457
429.537
422.694
415.982
409.459
403.193
397.266
391.776
386.839
382.581
379.138
376.636
375.165
374.781
375.507
377.299
380.052
383.607
387.77
392.322
397.044
401.729
406.198
410.307
413.956
417.082
419.653
421.665
423.127
424.061
424.491
424.446
423.951
423.033
421.716
420.034
418.018
415.702
413.12
410.306
407.296
404.124
400.823
397.421
393.945
390.415
386.85
383.261
379.657
376.043
372.42
368.788
365.143
361.481
357.8
354.102
350.392
346.681
342.977
339.287
335.621
332.002
328.443
324.988
321.645
318.383
315.15
311.893
308.573
305.175
301.712
298.217
294.702
291.16
287.556
283.701
279.627
275.821
272.426
268.932
264.926
260.459
256.005
252.315
249.071
245.59
241.294
236.456
232.09
228.29
561.104
561.053
560.844
560.579
560.33
560.137
560.016
560.007
560.104
560.275
560.499
560.791
561.108
561.432
561.731
561.884
561.802
561.44
560.82
560.044
559.224
558.417
557.647
556.937
556.329
555.875
555.618
555.593
555.822
556.325
557.1
558.126
559.368
560.79
562.348
563.993
565.674
567.343
568.953
570.464
571.845
573.072
574.13
575.006
575.691
576.178
576.465
576.557
576.434
576.011
575.176
573.877
572.165
570.202
568.188
566.284
564.712
563.548
562.768
562.498
562.614
563.118
563.493
563.619
562.757
560.253
556.007
551.211
548.734
544.854
538.79
532.433
528.261
526.545
525.835
524.527
521.902
517.799
512.782
507.243
501.405
495.354
489.156
482.831
476.383
469.801
463.09
456.267
449.363
442.416
435.462
428.544
421.704
414.986
408.44
402.126
396.123
390.533
385.481
381.106
377.545
374.938
373.398
373.012
373.775
375.638
378.495
382.181
386.492
391.2
396.074
400.899
405.49
409.702
413.431
416.617
419.234
421.28
422.77
423.73
424.19
424.177
423.718
422.834
421.546
419.903
417.921
415.632
413.071
410.272
407.271
404.105
400.805
397.401
393.919
390.384
386.818
383.233
379.638
376.032
372.413
368.777
365.128
361.462
357.778
354.079
350.367
346.654
342.948
339.253
335.578
331.95
328.366
324.899
321.553
318.299
315.078
311.834
308.526
305.137
301.675
298.171
294.643
291.09
287.475
283.695
279.796
275.986
272.352
268.689
264.757
260.513
256.451
252.663
249.121
245.164
240.822
236.197
231.918
228.071
560.824
560.625
560.141
559.584
559.041
558.616
558.389
558.368
558.458
558.66
559.023
559.51
560.02
560.517
560.823
560.718
560.257
559.568
558.694
557.677
556.599
555.542
554.573
553.741
553.081
552.624
552.404
552.441
552.743
553.384
554.299
555.47
556.864
558.443
560.158
561.955
563.78
565.579
567.301
568.904
570.355
571.628
572.708
573.587
574.255
574.709
574.945
574.967
574.742
574.141
573.02
571.364
569.34
567.178
565.095
563.242
561.739
560.621
559.873
559.492
559.499
559.753
559.935
559.801
558.901
556.538
552.352
548.71
546.691
545.736
543.192
538.434
534.36
530.646
527.267
523.775
519.786
515.234
510.267
504.948
499.368
493.546
487.531
481.337
474.967
468.427
461.735
454.91
447.999
441.05
434.105
427.197
420.36
413.626
407.031
400.631
394.506
388.761
383.527
378.962
375.233
372.497
370.875
370.439
371.212
373.155
376.155
380.033
384.566
389.508
394.611
399.649
404.427
408.792
412.641
415.917
418.598
420.691
422.219
423.215
423.712
423.741
423.327
422.479
421.244
419.654
417.724
415.482
412.959
410.19
407.209
404.052
400.754
397.35
393.869
390.334
386.764
383.174
379.573
375.964
372.349
368.726
365.089
361.436
357.757
354.053
350.335
346.616
342.907
339.208
335.521
331.847
328.268
324.788
321.439
318.192
314.983
311.753
308.459
305.08
301.624
298.113
294.576
291.018
287.402
283.64
279.739
275.901
272.207
268.575
264.708
260.577
256.346
252.462
248.84
245.063
240.555
235.889
231.625
227.809
560.002
559.575
558.899
558.225
557.542
557.001
556.716
556.605
556.601
556.811
557.233
557.667
558.03
558.262
558.217
557.806
557.068
556.099
554.982
553.79
552.582
551.404
550.312
549.365
548.615
548.107
547.882
547.98
548.427
549.158
550.207
551.549
553.143
554.942
556.887
558.917
560.968
562.978
564.89
566.656
568.237
569.608
570.752
571.66
572.328
572.756
572.939
572.87
572.498
571.647
570.168
568.139
565.881
563.678
561.702
560.038
558.729
557.748
557.059
556.652
556.551
556.777
557.013
556.871
556.176
554.66
552.187
549.826
548.849
549.442
549.199
546.036
540.7
534.804
529.22
523.928
518.762
513.569
508.288
502.881
497.324
491.577
485.648
479.533
473.218
466.705
460.029
453.227
446.346
439.435
432.526
425.638
418.785
411.989
405.284
398.725
392.391
386.397
380.885
376.038
372.052
369.106
367.348
366.835
367.636
369.71
372.927
377.086
381.936
387.205
392.628
397.961
402.995
407.57
411.584
414.981
417.748
419.903
421.481
422.522
423.067
423.151
422.798
421.974
420.809
419.281
417.411
415.225
412.754
410.03
407.086
403.955
400.673
397.271
393.784
390.241
386.668
383.079
379.484
375.883
372.278
368.662
365.03
361.377
357.698
353.998
350.286
346.573
342.867
339.17
335.476
331.796
328.185
324.684
321.327
318.083
314.883
311.662
308.377
305.007
301.556
298.047
294.506
290.935
287.301
283.558
279.724
275.922
272.233
268.495
264.645
260.591
256.509
252.551
248.676
244.578
239.968
235.294
231.175
227.513
560.183
559.71
559.052
558.352
557.561
556.962
556.556
556.24
556.021
555.927
555.932
555.925
555.808
555.498
554.929
554.086
553.004
551.732
550.326
548.845
547.346
545.884
544.516
543.311
542.345
541.689
541.402
541.518
542.049
542.954
544.22
545.821
547.715
549.846
552.146
554.542
556.956
559.313
561.545
563.594
565.414
566.974
568.252
569.24
569.942
570.364
570.521
570.359
569.842
568.792
567.082
564.932
562.774
560.84
559.194
557.831
556.729
555.845
555.152
554.7
554.639
554.883
555.229
555.319
555.03
554.35
553.308
552.292
552.036
552.804
552.754
550.111
544.191
537.067
530.24
523.876
517.868
512.11
506.485
500.891
495.244
489.471
483.547
477.461
471.192
464.736
458.117
451.371
444.539
437.661
430.756
423.828
416.882
409.94
403.037
396.231
389.606
383.285
377.428
372.231
367.915
364.695
362.743
362.204
363.099
365.373
368.886
373.412
378.669
384.355
390.18
395.881
401.234
406.071
410.285
413.825
416.688
418.911
420.541
421.635
422.239
422.395
422.149
421.304
420.252
418.801
416.998
414.872
412.456
409.781
406.881
403.785
400.528
397.144
393.666
390.126
386.549
382.957
379.361
375.767
372.169
368.562
364.941
361.299
357.634
353.944
350.239
346.53
342.828
339.135
335.442
331.755
328.119
324.599
321.233
317.989
314.792
311.575
308.294
304.929
301.48
297.968
294.421
290.847
287.218
283.49
279.675
275.871
272.15
268.426
264.599
260.584
256.477
252.4
248.299
243.922
239.151
234.509
230.546
227.103
562.032
561.646
561.095
560.414
559.706
558.969
558.239
557.539
556.882
556.249
555.6
554.874
554.008
552.958
551.702
550.242
548.595
546.779
544.823
542.779
540.714
538.711
536.861
535.258
533.986
533.119
532.726
532.837
533.485
534.567
536.098
538.044
540.344
542.924
545.705
548.605
551.54
554.419
557.151
559.652
561.86
563.736
565.257
566.416
567.217
567.66
567.946
567.725
567.164
566.131
564.525
562.645
560.896
559.379
558.071
556.943
555.986
555.194
554.583
554.245
554.266
554.542
554.944
555.144
554.977
554.498
553.82
553.227
553.146
553.699
553.352
550.816
545.056
537.58
530.263
523.315
516.729
510.529
504.609
498.813
493.041
487.211
481.272
475.196
468.965
462.573
456.025
449.33
442.511
435.598
428.615
421.575
414.487
407.369
400.253
393.19
386.264
379.6
373.373
367.794
363.11
359.59
357.453
356.84
357.806
360.304
364.169
369.141
374.893
381.081
387.385
393.525
399.258
404.402
408.844
412.538
415.494
417.77
419.436
420.566
421.22
421.437
421.238
420.57
419.579
418.214
416.491
414.435
412.077
409.453
406.599
403.546
400.323
396.961
393.495
389.959
386.386
382.797
379.208
375.621
372.036
368.446
364.84
361.21
357.554
353.873
350.177
346.476
342.783
339.099
335.413
331.727
328.08
324.543
321.167
317.919
314.719
311.498
308.217
304.852
301.402
297.886
294.335
290.757
287.126
283.412
279.634
275.866
272.142
268.388
264.537
260.535
256.432
252.281
247.969
243.289
238.302
233.598
229.766
226.581
565.278
564.939
564.344
563.626
562.794
561.873
560.864
559.767
558.576
557.283
555.874
554.326
552.616
550.722
548.629
546.328
543.821
541.133
538.308
535.42
532.563
529.846
527.384
525.29
523.669
522.593
522.097
522.224
522.954
524.345
526.293
528.707
531.502
534.59
537.891
541.332
544.843
548.342
551.72
554.85
557.621
559.965
561.86
563.312
564.342
564.982
565.281
565.203
564.782
564.008
562.829
561.504
560.269
559.126
558.013
556.959
556.049
555.359
554.948
554.878
555.144
555.622
555.974
556.064
555.668
554.848
553.764
552.72
552.094
552.035
551.396
548.808
543.674
536.543
529.273
522.138
515.2
508.691
502.532
496.54
490.624
484.728
478.785
472.737
466.548
460.206
453.695
446.999
440.125
433.119
426.036
418.895
411.691
404.431
397.139
389.852
382.635
375.595
368.911
362.83
357.657
353.73
351.357
350.62
351.648
354.397
358.676
364.179
370.525
377.312
384.189
390.86
397.065
402.596
407.328
411.207
414.265
416.581
418.259
419.398
420.073
420.332
420.197
419.66
418.767
417.507
415.884
413.917
411.631
409.062
406.251
403.237
400.051
396.72
393.276
389.754
386.187
382.601
379.016
375.439
371.869
368.296
364.709
361.097
357.457
353.792
350.107
346.415
342.73
339.057
335.385
331.708
328.06
324.517
321.134
317.879
314.669
311.438
308.15
304.783
301.329
297.805
294.245
290.665
287.045
283.352
279.596
275.826
272.076
268.315
264.464
260.472
256.353
252.106
247.587
242.615
237.404
232.612
228.896
225.976
568.684
568.41
567.875
567.09
566.089
564.902
563.538
561.997
560.268
558.346
556.227
553.898
551.344
548.545
545.481
542.152
538.58
534.826
530.977
527.143
523.446
520.016
516.984
514.46
512.539
511.304
510.821
511.11
512.174
513.963
516.382
519.316
522.64
526.228
529.966
533.781
537.658
541.604
545.565
549.385
552.86
555.828
558.231
560.087
561.441
562.344
562.846
562.997
562.836
562.412
561.79
561.139
560.415
559.478
558.257
556.947
555.888
555.22
555.014
555.293
555.967
556.789
557.434
557.416
556.72
555.373
553.618
551.765
550.168
549.08
547.909
545.323
540.734
534.249
527.261
520.213
513.202
506.514
500.182
494.031
487.981
482.012
476.064
470.054
463.911
457.604
451.094
444.347
437.384
430.29
423.149
415.974
408.722
401.362
393.898
386.355
378.781
371.276
364.022
357.309
351.516
347.075
344.362
343.523
344.651
347.701
352.451
358.547
365.547
372.985
380.482
387.75
394.525
400.561
405.682
409.819
413.017
415.387
417.072
418.207
418.883
419.16
419.072
418.627
417.835
416.686
415.176
413.312
411.117
408.619
405.858
402.88
399.726
396.426
393.007
389.503
385.947
382.371
378.794
375.227
371.669
368.112
364.546
360.956
357.339
353.694
350.024
346.342
342.666
339.007
335.352
331.692
328.056
324.518
321.135
317.87
314.642
311.394
308.095
304.721
301.261
297.727
294.159
290.578
286.968
283.293
279.554
275.793
272.035
268.248
264.378
260.374
256.235
251.922
247.248
242.041
236.61
231.708
228.05
225.361
571.267
570.991
570.454
569.652
568.583
567.246
565.64
563.763
561.607
559.17
556.44
553.396
550.018
546.289
542.214
537.829
533.209
528.458
523.692
519.025
514.564
510.419
506.71
503.569
501.153
499.622
499.059
499.475
500.78
502.965
505.945
509.573
513.67
518.045
522.502
526.868
531.064
535.187
539.399
543.7
547.848
551.53
554.562
556.918
558.661
559.879
560.659
561.084
561.225
561.124
560.938
560.8
560.531
559.735
558.253
556.49
555.048
554.165
553.911
554.328
555.377
556.732
557.872
558.289
557.471
555.661
553.189
550.477
547.892
545.679
543.691
540.964
536.749
530.906
524.3
517.491
510.614
503.855
497.451
491.212
485.086
479.077
473.136
467.167
461.075
454.796
448.27
441.471
434.438
427.29
420.15
413.007
405.747
398.282
390.614
382.772
374.795
366.764
358.868
351.45
344.994
340.03
336.971
336.091
337.415
340.846
346.106
352.794
360.41
368.427
376.444
384.226
391.568
398.194
403.823
408.318
411.709
414.169
415.866
417.014
417.697
417.986
417.926
417.533
416.818
415.77
414.375
412.625
410.531
408.119
405.423
402.489
399.366
396.093
392.701
389.218
385.677
382.111
378.543
374.985
371.44
367.9
364.352
360.784
357.19
353.568
349.921
346.257
342.599
338.958
335.325
331.689
328.076
324.553
321.176
317.894
314.636
311.363
308.05
304.669
301.2
297.656
294.076
290.495
286.897
283.242
279.515
275.747
271.965
268.155
264.269
260.26
256.108
251.747
246.961
241.578
235.961
230.947
227.324
224.805
573.166
572.912
572.367
571.53
570.398
568.96
567.2
565.097
562.633
559.787
556.536
552.852
548.722
544.153
539.193
533.922
528.446
522.866
517.27
511.734
506.34
501.199
496.478
492.39
489.159
486.996
486.052
486.418
487.988
490.72
494.468
499.018
504.125
509.553
515.079
520.431
525.352
529.781
534.033
538.451
543.021
547.349
551.033
553.923
556.062
557.602
558.655
559.328
559.721
559.873
559.889
559.94
559.944
559.358
557.863
555.79
553.861
552.481
551.782
551.873
552.878
554.603
556.355
557.3
556.919
554.959
551.89
548.357
544.902
541.758
538.916
535.9
531.921
526.631
520.458
513.939
507.251
500.615
494.198
487.951
481.845
475.881
470.017
464.126
458.098
451.868
445.356
438.516
431.444
424.312
417.22
410.115
402.851
395.285
387.41
379.274
370.907
362.365
353.85
345.784
338.782
333.481
330.326
329.589
331.245
335.111
340.838
347.987
356.038
364.423
372.686
380.682
388.371
395.509
401.695
406.633
410.278
412.872
414.638
415.809
416.515
416.833
416.802
416.444
415.773
414.792
413.492
411.855
409.872
407.556
404.938
402.061
398.975
395.731
392.365
388.907
385.387
381.835
378.275
374.724
371.188
367.661
364.131
360.584
357.013
353.418
349.802
346.171
342.541
338.927
335.323
331.72
328.139
324.638
321.258
317.945
314.647
311.344
308.015
304.624
301.147
297.591
294.002
290.419
286.831
283.187
279.465
275.69
271.891
268.063
264.16
260.14
255.977
251.591
246.753
241.272
235.534
230.435
226.808
224.372
574.665
574.432
573.902
573.067
571.913
570.422
568.566
566.306
563.604
560.426
556.739
552.524
547.785
542.563
536.933
530.99
524.824
518.499
512.059
505.547
499.053
492.738
486.852
481.723
477.693
475.021
473.886
474.217
476.121
479.432
483.915
489.301
495.285
501.579
508.024
514.454
520.435
525.508
529.822
534.167
538.848
543.669
547.85
551.196
553.7
555.519
556.794
557.641
558.168
558.466
558.531
558.488
558.456
558.038
556.787
554.751
552.507
550.534
549.084
548.416
548.872
550.454
552.515
553.885
553.673
551.808
548.566
544.559
540.494
536.738
533.288
529.994
526.217
521.428
515.728
509.545
503.101
496.619
490.28
484.119
478.142
472.346
466.673
460.972
455.076
448.915
442.462
435.667
428.593
421.466
414.44
407.411
400.172
392.533
384.478
376.081
367.399
358.485
349.553
341.089
333.821
328.498
325.554
325.124
327.128
331.325
337.329
344.714
352.983
361.542
369.813
377.691
385.349
392.721
399.367
404.716
408.68
411.46
413.335
414.566
415.32
415.687
415.704
415.387
414.75
413.806
412.564
411.014
409.136
406.923
404.395
401.587
398.55
395.338
391.998
388.566
385.07
381.538
377.99
374.445
370.918
367.407
363.894
360.364
356.815
353.248
349.668
346.08
342.496
338.924
335.358
331.792
328.239
324.757
321.354
318.007
314.668
311.335
307.988
304.586
301.1
297.537
293.939
290.353
286.769
283.132
279.41
275.626
271.813
267.966
264.048
260.019
255.851
251.466
246.631
241.14
235.366
230.222
226.561
224.111
576.255
576.032
575.515
574.691
573.537
572.022
570.104
567.729
564.843
561.407
557.389
552.783
547.62
541.96
535.885
529.475
522.785
515.845
508.671
501.311
493.892
486.642
479.878
474.009
469.435
466.439
465.156
465.616
467.775
471.493
476.511
482.527
489.174
496.003
502.861
509.845
516.658
522.386
526.89
531.127
535.732
540.677
545.201
548.888
551.659
553.669
555.082
556.029
556.593
556.896
556.941
556.707
556.366
555.867
554.846
553.077
550.799
548.409
546.217
544.595
544.079
544.874
546.473
547.714
547.332
545.197
541.814
537.798
533.734
529.907
526.327
522.992
519.529
515.29
510.133
504.357
498.208
491.922
485.724
479.72
473.96
468.439
463.076
457.697
452.081
446.089
439.715
432.995
426.007
418.94
411.961
404.984
397.784
390.133
382.011
373.51
364.702
355.648
346.586
338.051
330.814
325.681
323.023
322.852
325.054
329.367
335.398
342.795
351.034
359.625
367.826
375.468
382.84
390.141
396.954
402.637
406.909
409.902
411.92
413.25
414.086
414.528
414.615
414.356
413.759
412.842
411.629
410.132
408.337
406.222
403.785
401.055
398.077
394.908
391.599
388.19
384.717
381.206
377.676
374.145
370.629
367.133
363.64
360.132
356.603
353.063
349.521
345.983
342.454
338.933
335.41
331.877
328.341
324.851
321.435
318.062
314.695
311.337
307.968
304.55
301.055
297.49
293.89
290.301
286.714
283.075
279.349
275.558
271.734
267.874
263.942
259.904
255.737
251.37
246.586
241.179
235.482
230.365
226.617
224.047
578.34
578.108
577.587
576.763
575.601
574.065
572.103
569.651
566.642
563.037
558.813
553.978
548.581
542.692
536.386
529.722
522.734
515.431
507.822
499.97
492.031
484.269
476.97
470.698
465.739
462.471
461.037
461.527
463.837
467.817
473.154
479.48
486.442
493.552
500.509
507.488
514.479
520.594
525.265
529.343
533.755
538.654
543.309
547.152
550.039
552.125
553.582
554.542
555.088
555.297
555.249
554.869
554.199
553.393
552.356
550.812
548.661
546.075
543.338
540.846
539.138
538.519
538.637
538.609
537.294
534.415
530.759
527.044
523.724
520.635
517.606
514.704
511.828
508.316
503.84
498.587
492.821
486.801
480.795
474.986
469.473
464.265
459.272
454.302
449.096
443.443
437.284
430.674
423.757
416.755
409.847
402.954
395.861
388.3
380.221
371.736
362.996
354.1
345.268
337.018
330.03
325.2
322.742
322.705
324.934
329.173
335.034
342.11
350.082
358.463
366.492
373.846
380.854
387.895
394.662
400.496
404.993
408.194
410.384
411.85
412.798
413.338
413.512
413.327
412.784
411.9
410.703
409.23
407.489
405.458
403.111
400.461
397.548
394.427
391.156
387.777
384.328
380.837
377.328
373.819
370.322
366.845
363.373
359.887
356.381
352.869
349.363
345.872
342.399
338.934
335.457
331.952
328.421
324.916
321.486
318.104
314.73
311.353
307.956
304.511
301.007
297.445
293.85
290.26
286.667
283.019
279.287
275.491
271.658
267.786
263.842
259.797
255.635
251.297
246.594
241.354
235.846
230.817
226.959
224.179
581.17
580.89
580.332
579.477
578.29
576.733
574.745
572.263
569.207
565.54
561.243
556.338
550.882
544.951
538.615
531.92
524.89
517.532
509.864
501.959
493.981
486.192
478.941
472.638
467.663
464.344
462.849
463.287
465.536
469.413
474.601
480.687
487.352
494.246
500.989
507.613
514.292
520.308
524.925
528.791
532.97
537.727
542.32
546.114
548.945
550.974
552.378
553.268
553.736
553.821
553.606
553.098
552.225
551.085
549.794
548.221
546.116
543.422
540.333
537.156
534.235
531.716
529.408
526.812
523.414
519.205
515.103
511.932
510.079
508.703
507.05
505.193
503.293
500.784
497.196
492.626
487.369
481.716
475.968
470.37
465.08
460.136
455.483
450.888
446.121
440.929
435.157
428.801
422.029
415.04
408.166
401.345
394.409
387.071
379.237
370.984
362.514
353.99
345.636
337.905
331.424
326.894
324.616
324.613
326.726
330.725
336.251
342.847
350.248
358.115
365.734
372.689
379.293
386.001
392.581
398.386
402.975
406.335
408.707
410.346
411.443
412.106
412.381
412.277
411.796
410.953
409.781
408.319
406.604
404.632
402.37
399.804
396.96
393.892
390.661
387.318
383.899
380.434
376.951
373.468
369.999
366.547
363.098
359.635
356.154
352.667
349.193
345.745
342.325
338.908
335.47
331.991
328.468
324.953
321.51
318.133
314.769
311.382
307.952
304.475
300.956
297.397
293.813
290.225
286.624
282.965
279.225
275.425
271.586
267.703
263.75
259.701
255.546
251.237
246.622
241.589
236.345
231.456
227.502
224.463
584.902
584.539
583.904
582.979
581.741
580.162
578.18
575.728
572.725
569.121
564.895
560.071
554.709
548.89
542.692
536.172
529.361
522.273
514.937
507.433
499.914
492.619
485.859
479.98
475.33
472.187
470.626
470.842
472.753
476.117
480.623
485.928
491.757
497.837
503.888
509.939
516.044
521.537
525.78
529.388
533.357
537.904
542.272
545.825
548.434
550.283
551.541
552.296
552.618
552.563
552.157
551.461
550.432
549.033
547.388
545.529
543.266
540.409
537.024
533.27
529.141
524.374
518.856
512.628
506.045
499.915
495.17
492.729
492.946
494.238
494.859
494.677
494.162
492.967
490.514
486.816
482.214
477.052
471.66
466.319
461.225
456.467
452
447.663
443.242
438.488
433.194
427.268
420.8
413.989
407.113
400.296
393.451
386.394
378.986
371.236
363.289
355.365
347.719
340.742
334.927
330.788
328.61
328.488
330.298
333.865
338.88
344.857
351.505
358.59
365.532
371.937
378.082
384.402
390.686
396.318
400.876
404.329
406.866
408.691
409.962
410.774
411.171
411.16
410.746
409.949
408.809
407.37
405.673
403.74
401.548
399.066
396.297
393.289
390.104
386.8
383.418
379.991
376.542
373.093
369.654
366.231
362.813
359.379
355.924
352.463
349.015
345.605
342.227
338.843
335.429
331.979
328.48
324.968
321.516
318.149
314.803
311.409
307.953
304.449
300.911
297.348
293.77
290.187
286.58
282.91
279.163
275.36
271.516
267.626
263.665
259.615
255.468
251.185
246.653
241.817
236.842
232.121
228.098
224.807
589.275
588.815
588.021
586.984
585.686
584.105
582.189
579.865
577.044
573.653
569.656
565.061
559.929
554.345
548.407
542.197
535.771
529.164
522.417
515.607
508.863
502.377
496.391
491.16
486.933
483.857
482.21
482.024
483.304
485.829
489.323
493.552
498.353
503.497
508.741
514.066
519.336
523.959
527.623
531.003
534.863
539.164
543.154
546.302
548.565
550.146
551.193
551.775
551.926
551.707
551.137
550.245
549.044
547.466
545.535
543.322
540.734
537.599
533.877
529.595
524.305
517.18
508.122
497.882
487.739
479.46
474.1
472.497
474.986
479.374
482.754
484.557
485.622
485.867
484.648
481.904
478.033
473.441
468.48
463.444
458.537
453.877
449.461
445.19
440.9
436.388
431.477
426.044
420.059
413.621
406.922
400.128
393.325
386.47
379.464
372.288
365.02
357.837
351.01
344.863
339.722
335.895
333.823
333.589
335.074
338.139
342.529
347.778
353.571
359.722
365.821
371.587
377.252
383.137
389.016
394.347
398.775
402.262
404.935
406.932
408.366
409.322
409.843
409.939
409.61
408.871
407.77
406.363
404.696
402.797
400.663
398.26
395.569
392.626
389.493
386.233
382.893
379.508
376.103
372.695
369.295
365.906
362.521
359.123
355.702
352.265
348.84
345.458
342.114
338.76
335.37
331.945
328.47
324.961
321.502
318.144
314.816
311.42
307.947
304.426
300.873
297.3
293.72
290.138
286.528
282.852
279.102
275.297
271.449
267.553
263.589
259.539
255.4
251.139
246.683
242.017
237.267
232.698
228.629
225.128
592.983
592.604
591.776
590.679
589.368
587.849
586.079
583.975
581.439
578.379
574.734
570.489
565.684
560.402
554.751
548.837
542.744
536.54
530.283
524.05
517.949
512.128
506.769
502.064
498.204
495.344
493.614
493.113
493.82
495.592
498.236
501.59
505.513
509.783
514.228
518.77
523.102
526.795
529.953
533.237
537.071
541.083
544.588
547.255
549.144
550.443
551.274
551.682
551.683
551.31
550.602
549.561
548.201
546.491
544.388
541.923
539.016
535.562
531.502
526.775
520.501
511.338
499.218
485.591
472.499
462.419
456.596
455.765
460.228
467.317
473.133
476.664
479.078
480.531
480.35
478.431
475.208
471.139
466.587
461.849
457.123
452.526
448.091
443.773
439.461
435.005
430.26
425.13
419.562
413.576
407.267
400.762
394.155
387.497
380.805
374.099
367.434
360.932
354.802
349.297
344.76
341.41
339.527
339.23
340.42
342.966
346.648
351.075
355.958
361.147
366.396
371.547
376.752
382.179
387.591
392.55
396.784
400.246
403
405.126
406.696
407.774
408.401
408.597
408.363
407.707
406.668
405.31
403.686
401.831
399.75
397.418
394.805
391.93
388.853
385.641
382.348
379.01
375.65
372.286
368.928
365.577
362.229
358.871
355.487
352.081
348.68
345.32
342.005
338.688
335.326
331.921
328.452
324.935
321.468
318.12
314.814
311.422
307.942
304.406
300.837
297.251
293.666
290.081
286.47
282.792
279.04
275.235
271.386
267.486
263.521
259.476
255.344
251.103
246.713
242.186
237.612
233.163
229.061
225.39
595.515
595.417
594.729
593.689
592.476
591.133
589.604
587.787
585.581
582.897
579.662
575.838
571.437
566.517
561.18
555.541
549.712
543.792
537.866
532.023
526.365
521.012
516.108
511.804
508.245
505.562
503.844
503.135
503.427
504.643
506.655
509.337
512.537
516.051
519.723
523.372
526.714
529.66
532.589
535.954
539.721
543.321
546.265
548.442
549.978
551.021
551.657
551.91
551.787
551.295
550.47
549.325
547.851
546.032
543.826
541.22
538.106
534.39
530.056
525.013
518.029
507.376
493.042
477.056
461.916
450.597
444.526
444.36
450.336
459.368
466.888
471.615
474.937
477.181
477.694
476.357
473.613
469.937
465.703
461.205
456.634
452.098
447.644
443.258
438.878
434.393
429.683
424.667
419.313
413.638
407.706
401.592
395.37
389.115
382.864
376.653
370.549
364.668
359.19
354.34
350.282
347.282
345.526
345.09
345.904
347.845
350.731
354.282
358.271
362.586
367.097
371.712
376.48
381.427
386.339
390.899
394.901
398.281
401.048
403.234
404.888
406.06
406.785
407.08
406.949
406.399
405.455
404.174
402.618
400.824
398.803
396.54
394.005
391.203
388.186
385.026
381.783
378.496
375.187
371.87
368.555
365.244
361.936
358.619
355.277
351.908
348.533
345.193
341.903
338.62
335.286
331.886
328.427
324.898
321.418
318.089
314.806
311.434
307.944
304.391
300.801
297.201
293.609
290.02
286.407
282.73
278.98
275.175
271.325
267.425
263.462
259.422
255.298
251.077
246.742
242.32
237.88
233.525
229.4
225.592
597.799
597.728
597.054
596.059
595.017
593.962
592.747
591.235
589.34
586.993
584.132
580.713
576.724
572.201
567.221
561.892
556.336
550.671
545.01
539.457
534.118
529.104
524.534
520.528
517.201
514.664
512.954
512.101
512.109
512.922
514.444
516.546
519.052
521.786
524.606
527.359
529.954
532.588
535.6
539.052
542.545
545.586
547.955
549.698
550.937
551.765
552.238
552.364
552.135
551.559
550.652
549.436
547.899
546.013
543.753
541.09
537.897
534.033
529.535
524.333
516.981
505.491
489.906
472.665
456.418
444.436
438.317
438.704
445.715
455.801
464.136
469.431
473.159
475.731
476.556
475.521
473.047
469.599
465.557
461.213
456.747
452.259
447.798
443.366
438.927
434.404
429.695
424.723
419.461
413.939
408.227
402.401
396.533
390.677
384.875
379.178
373.652
368.387
363.502
359.121
355.441
352.669
350.939
350.297
350.696
352.042
354.21
357.014
360.283
363.927
367.871
372.03
376.361
380.809
385.217
389.37
393.103
396.332
399.032
401.21
402.897
404.13
404.937
405.334
405.324
404.905
404.09
402.923
401.465
399.757
397.813
395.625
393.169
390.443
387.493
384.391
381.2
377.966
374.712
371.449
368.181
364.912
361.643
358.366
355.068
351.739
348.394
345.073
341.804
338.547
335.24
331.854
328.41
324.88
321.397
318.072
314.792
311.423
307.937
304.376
300.772
297.159
293.558
289.961
286.344
282.668
278.92
275.117
271.268
267.368
263.409
259.376
255.261
251.059
246.769
242.424
238.074
233.789
229.65
225.733
599.766
599.392
598.698
597.792
597.152
596.541
595.669
594.423
592.762
590.653
588.058
584.943
581.293
577.128
572.505
567.515
562.273
556.901
551.52
546.246
541.188
536.455
532.151
528.379
525.232
522.764
521.028
520.049
519.812
520.258
521.296
522.785
524.571
526.543
528.62
530.764
533.091
535.818
538.976
542.254
545.227
547.658
549.534
550.938
551.945
552.605
552.943
552.963
552.65
552.009
551.055
549.799
548.238
546.334
544.063
541.406
538.236
534.355
529.819
524.614
517.248
505.563
489.653
472.114
455.612
443.532
437.526
438.341
445.871
456.122
464.434
469.709
473.382
475.877
476.687
475.701
473.298
469.919
465.943
461.657
457.233
452.765
448.299
443.844
439.375
434.829
430.125
425.19
419.995
414.565
408.977
403.32
397.673
392.1
386.648
381.355
376.268
371.454
366.991
362.998
359.63
357.034
355.303
354.482
354.548
355.443
357.09
359.356
362.105
365.258
368.749
372.474
376.34
380.282
384.2
387.942
391.359
394.362
396.917
399.022
400.696
401.964
402.841
403.338
403.458
403.194
402.544
401.531
400.207
398.614
396.77
394.669
392.296
389.651
386.773
383.735
380.602
377.423
374.225
371.019
367.802
364.578
361.35
358.113
354.857
351.571
348.261
344.965
341.713
338.474
335.19
331.848
328.398
324.887
321.422
318.078
314.774
311.395
307.916
304.357
300.749
297.13
293.518
289.91
286.286
282.608
278.861
275.06
271.213
267.316
263.36
259.335
255.23
251.046
246.793
242.501
238.208
233.956
229.813
225.812
601.18
600.191
599.38
598.87
599.028
599.002
598.481
597.439
595.908
593.915
591.457
588.52
585.095
581.195
576.867
572.186
567.255
562.19
557.109
552.125
547.345
542.872
538.8
535.216
532.18
529.737
527.954
526.832
526.334
526.401
526.937
527.822
528.972
530.364
532.024
534.038
536.504
539.386
542.396
545.18
547.546
549.465
550.981
552.139
552.968
553.49
553.716
553.647
553.267
552.579
551.601
550.335
548.78
546.898
544.655
542.047
538.973
535.185
530.727
525.658
518.578
507.257
491.819
474.798
458.764
447.015
441.287
442.333
449.815
459.442
467.063
471.846
475.114
477.241
477.792
476.66
474.167
470.727
466.708
462.39
457.944
453.461
448.984
444.521
440.045
435.499
430.81
425.918
420.793
415.454
409.969
404.432
398.932
393.546
388.327
383.309
378.528
374.034
369.897
366.22
363.089
360.612
358.875
357.926
357.762
358.351
359.639
361.524
363.889
366.649
369.72
372.993
376.379
379.83
383.277
386.59
389.638
392.35
394.701
396.686
398.308
399.58
400.507
401.095
401.347
401.253
400.796
399.978
398.829
397.384
395.663
393.666
391.385
388.825
386.025
383.057
379.988
376.869
373.729
370.576
367.417
364.242
361.055
357.858
354.644
351.402
348.132
344.864
341.627
338.397
335.126
331.794
328.373
324.893
321.447
318.085
314.752
311.361
307.887
304.335
300.731
297.108
293.488
289.868
286.234
282.552
278.805
275.005
271.16
267.266
263.314
259.296
255.201
251.034
246.813
242.56
238.302
234.067
229.907
225.841
603.557
602.133
600.859
600.549
601.273
601.579
601.276
600.328
598.809
596.806
594.361
591.483
588.173
584.441
580.322
575.884
571.218
566.431
561.628
556.918
552.401
548.161
544.279
540.825
537.871
535.46
533.625
532.355
531.605
531.305
531.373
531.761
532.503
533.691
535.394
537.603
540.197
542.896
545.413
547.614
549.493
551.063
552.33
553.3
553.982
554.385
554.515
554.371
553.938
553.219
552.233
550.98
549.453
547.622
545.438
542.911
539.973
536.362
532.075
527.237
520.649
510.1
495.685
479.794
464.786
453.694
448.364
449.433
456.316
464.753
471.24
475.224
477.865
479.451
479.589
478.174
475.48
471.881
467.736
463.314
458.79
454.258
449.757
445.291
440.825
436.297
431.637
426.792
421.74
416.496
411.119
405.697
400.32
395.074
390.022
385.201
380.645
376.393
372.501
369.04
366.073
363.683
361.953
360.927
360.619
361.009
362.049
363.648
365.692
368.084
370.732
373.545
376.466
379.454
382.437
385.295
387.932
390.307
392.413
394.237
395.771
397.012
397.958
398.616
398.993
399.077
398.838
398.25
397.315
396.056
394.487
392.613
390.435
387.966
385.25
382.357
379.357
376.303
373.224
370.132
367.028
363.904
360.762
357.604
354.429
351.228
347.998
344.759
341.536
338.313
335.052
331.734
328.337
324.885
321.45
318.079
314.727
311.325
307.852
304.308
300.711
297.09
293.463
289.833
286.188
282.499
278.751
274.952
271.11
267.218
263.27
259.257
255.172
251.022
246.827
242.605
238.369
234.139
229.959
225.837
607.165
605.073
603.444
603.088
603.962
604.307
604.02
603.034
601.423
599.316
596.798
593.902
590.633
586.995
583.015
578.753
574.296
569.741
565.181
560.707
556.419
552.4
548.697
545.362
542.479
540.076
538.158
536.728
535.738
535.112
534.833
534.992
535.737
537.123
539.056
541.334
543.681
545.878
547.856
549.632
551.201
552.528
553.597
554.408
554.963
555.262
555.312
555.105
554.631
553.891
552.907
551.682
550.199
548.436
546.337
543.912
541.13
537.744
533.695
529.151
523.167
513.634
500.543
486.135
472.422
462.301
457.383
458.333
464.151
471.133
476.263
479.307
481.222
482.188
481.833
480.056
477.089
473.271
468.941
464.361
459.716
455.105
450.567
446.095
441.648
437.149
432.527
427.735
422.757
417.609
412.343
407.037
401.779
396.655
391.735
387.066
382.677
378.604
374.886
371.579
368.738
366.434
364.737
363.691
363.31
363.573
364.421
365.765
367.495
369.51
371.737
374.119
376.612
379.157
381.667
384.05
386.248
388.258
390.084
391.708
393.106
394.269
395.196
395.898
396.389
396.659
396.659
396.336
395.657
394.621
393.233
391.503
389.442
387.073
384.446
381.634
378.711
375.726
372.711
369.681
366.635
363.565
360.469
357.351
354.214
351.051
347.857
344.646
341.439
338.223
334.972
331.667
328.296
324.87
321.447
318.068
314.698
311.286
307.811
304.275
300.687
297.07
293.442
289.803
286.147
282.45
278.7
274.902
271.062
267.172
263.226
259.219
255.144
251.009
246.837
242.64
238.419
234.188
229.985
225.815
610.561
608.261
606.793
606.441
606.878
607.021
606.553
605.404
603.626
601.363
598.733
595.783
592.517
588.932
585.045
580.916
576.626
572.263
567.91
563.646
559.547
555.697
552.191
548.942
546.117
543.721
541.728
540.128
538.916
538.098
537.79
538.148
539.202
540.818
542.739
544.697
546.544
548.266
549.898
551.417
552.756
553.875
554.771
555.446
555.892
556.105
556.086
555.828
555.321
554.57
553.596
552.406
550.978
549.291
547.294
544.984
542.362
539.224
535.453
531.232
525.893
517.485
505.844
493.122
480.574
471.759
467.348
467.864
472.387
477.85
481.586
483.681
484.86
485.194
484.325
482.155
478.882
474.811
470.26
465.488
460.692
455.98
451.389
446.907
442.478
438.015
433.436
428.699
423.794
418.74
413.584
408.394
403.252
398.244
393.439
388.892
384.632
380.689
377.102
373.919
371.195
368.991
367.362
366.341
365.926
366.08
366.741
367.822
369.23
370.884
372.735
374.737
376.829
378.93
380.959
382.854
384.598
386.217
387.726
389.097
390.301
391.331
392.193
392.911
393.511
393.979
394.246
394.225
393.846
393.072
391.897
390.334
388.405
386.145
383.613
380.889
378.046
375.136
372.19
369.224
366.237
363.223
360.176
357.1
354
350.872
347.712
344.528
341.336
338.13
334.889
331.598
328.248
324.846
321.437
318.052
314.667
311.245
307.769
304.239
300.659
297.049
293.42
289.776
286.11
282.406
278.652
274.855
271.015
267.127
263.184
259.182
255.115
250.995
246.842
242.666
238.455
234.223
229.997
225.783
613.253
610.962
609.183
608.852
609.068
609.175
608.524
607.257
605.316
602.912
600.194
597.213
593.962
590.424
586.612
582.59
578.435
574.225
570.027
565.916
561.96
558.181
554.686
551.672
548.921
546.534
544.527
542.846
541.563
540.874
540.894
541.61
542.854
544.359
545.904
547.393
548.848
550.309
551.732
553.034
554.158
555.094
555.848
556.411
556.764
556.902
556.825
556.524
555.992
555.238
554.279
553.128
551.76
550.154
548.265
546.078
543.615
540.726
537.249
533.357
528.648
521.374
511.163
499.687
489.05
481.225
477.251
477.335
480.511
484.364
486.842
488.063
488.548
488.283
486.919
484.359
480.771
476.439
471.652
466.669
461.704
456.874
452.217
447.717
443.305
438.876
434.342
429.658
424.823
419.859
414.808
409.732
404.706
399.809
395.113
390.67
386.515
382.684
379.214
376.154
373.559
371.472
369.923
368.924
368.459
368.483
368.94
369.761
370.877
372.227
373.762
375.419
377.115
378.765
380.306
381.707
382.981
384.18
385.328
386.39
387.331
388.156
388.899
389.605
390.314
391.004
391.579
391.906
391.872
391.404
390.476
389.103
387.322
385.181
382.752
380.121
377.365
374.535
371.662
368.762
365.837
362.88
359.884
356.851
353.787
350.693
347.564
344.407
341.232
338.036
334.806
331.527
328.194
324.815
321.418
318.031
314.636
311.205
307.727
304.201
300.628
297.024
293.398
289.75
286.075
282.364
278.608
274.81
270.972
267.084
263.143
259.145
255.087
250.98
246.843
242.682
238.479
234.245
229.999
225.743
615.376
611.197
611.246
611.291
611.099
610.949
610.013
608.595
606.455
603.899
601.095
598.093
594.872
591.4
587.676
583.773
579.776
575.747
571.736
567.799
564.024
560.429
557.065
553.975
551.216
548.737
546.662
545.129
544.194
543.92
544.286
545.112
546.164
547.284
548.423
549.618
550.885
552.169
553.383
554.467
555.405
556.198
556.839
557.306
557.578
557.65
557.521
557.185
556.637
555.885
554.946
553.834
552.527
551.002
549.222
547.159
544.852
542.197
539.013
535.448
531.313
525.113
516.33
505.962
496.974
490.15
486.511
486.135
488.083
490.475
491.844
492.29
492.157
491.345
489.524
486.591
482.699
478.111
473.088
467.889
462.747
457.788
453.055
448.529
444.128
439.73
435.235
430.601
425.83
420.95
416
411.035
406.123
401.335
396.74
392.39
388.335
384.62
381.275
378.35
375.885
373.899
372.399
371.384
370.836
370.718
370.989
371.598
372.486
373.593
374.848
376.166
377.458
378.652
379.706
380.606
381.39
382.135
382.877
383.564
384.158
384.697
385.254
385.917
386.743
387.693
388.629
389.363
389.728
389.611
388.966
387.808
386.191
384.181
381.862
379.331
376.667
373.923
371.127
368.295
365.434
362.536
359.592
356.605
353.578
350.516
347.417
344.285
341.127
337.944
334.723
331.457
328.14
324.779
321.394
318.006
314.605
311.168
307.688
304.163
300.597
296.998
293.373
289.723
286.042
282.326
278.567
274.769
270.93
267.043
263.104
259.11
255.06
250.964
246.839
242.688
238.49
234.256
229.991
225.697
619.276
615.076
612.796
611.935
611.876
611.814
611.012
609.403
607.115
604.451
601.608
598.635
595.492
592.108
588.46
584.613
580.695
576.781
572.902
569.107
565.432
561.837
558.524
555.548
552.911
550.683
548.955
547.817
547.29
547.274
547.621
548.191
548.884
549.686
550.621
551.672
552.777
553.857
554.856
555.756
556.551
557.231
557.775
558.155
558.353
558.364
558.191
557.827
557.267
556.523
555.608
554.536
553.291
551.846
550.176
548.241
546.088
543.655
540.761
537.523
533.899
528.684
521.115
512.202
504.458
498.552
495.187
494.318
495.155
496.277
496.684
496.444
495.754
494.438
492.186
488.897
484.715
479.88
474.618
469.198
463.871
458.773
453.953
449.391
444.993
440.619
436.16
431.571
426.863
422.065
417.216
412.364
407.567
402.889
398.396
394.151
390.208
386.627
383.427
380.639
378.279
376.353
374.863
373.81
373.18
372.947
373.079
373.528
374.227
375.104
376.069
377.019
377.873
378.583
379.116
379.47
379.706
379.929
380.176
380.369
380.473
380.587
380.864
381.451
382.428
383.717
385.118
386.368
387.229
387.543
387.242
386.344
384.919
383.062
380.871
378.454
375.895
373.249
370.541
367.787
364.996
362.163
359.278
356.34
353.355
350.328
347.26
344.154
341.016
337.846
334.637
331.383
328.081
324.736
321.362
317.976
314.57
311.13
307.648
304.125
300.563
296.969
293.346
289.693
286.008
282.287
278.526
274.726
270.887
267
263.063
259.074
255.031
250.945
246.829
242.683
238.49
234.256
229.973
225.64
620.633
616.676
614.178
613.276
612.937
612.428
611.332
609.577
607.305
604.716
601.951
599.036
595.941
592.633
589.103
585.412
581.65
577.853
574.051
570.254
566.705
563.414
560.329
557.573
555.24
553.389
552.031
551.149
550.685
550.529
550.591
550.85
551.319
551.983
552.792
553.677
554.574
555.441
556.258
557.012
557.688
558.262
558.711
559.006
559.131
559.086
558.872
558.484
557.918
557.184
556.298
555.268
554.087
552.725
551.166
549.367
547.371
545.155
542.555
539.649
536.482
532.189
525.802
518.293
511.634
506.53
503.404
502.022
501.864
501.914
501.488
500.646
499.442
497.648
494.983
491.347
486.887
481.808
476.306
470.663
465.141
459.889
454.966
450.356
445.949
441.59
437.157
432.609
427.959
423.241
418.492
413.751
409.069
404.508
400.139
396.033
392.24
388.786
385.715
383.029
380.737
378.847
377.365
376.294
375.621
375.321
375.359
375.675
376.186
376.815
377.456
377.999
378.378
378.565
378.529
378.273
377.883
377.483
377.093
376.59
375.957
375.417
375.266
375.748
376.958
378.737
380.787
382.726
384.231
385.097
385.231
384.652
383.462
381.787
379.748
377.464
375.029
372.497
369.892
367.229
364.517
361.756
358.937
356.056
353.118
350.129
347.093
344.015
340.898
337.744
334.548
331.306
328.018
324.688
321.325
317.941
314.533
311.09
307.608
304.087
300.53
296.939
293.316
289.66
285.972
282.248
278.485
274.684
270.844
266.957
263.023
259.038
255.002
250.924
246.814
242.669
238.478
234.245
229.943
225.573
622.14
619.046
616.625
614.832
613.714
612.73
611.406
609.618
607.405
604.913
602.239
599.406
596.413
593.253
589.921
586.443
582.87
579.247
575.685
572.269
568.893
565.777
562.952
560.48
558.4
556.726
555.441
554.49
553.82
553.418
553.295
553.439
553.81
554.338
554.96
555.629
556.318
557.007
557.676
558.3
558.858
559.324
559.674
559.883
559.936
559.834
559.582
559.174
558.606
557.886
557.03
556.045
554.928
553.651
552.203
550.546
548.705
546.702
544.394
541.817
539.052
535.589
530.36
524.046
518.396
514.231
510.985
509.12
508.121
507.305
506.214
504.882
503.21
500.957
497.884
493.91
489.191
483.882
478.148
472.283
466.563
461.148
456.11
451.435
447.002
442.639
438.217
433.696
429.095
424.448
419.79
415.157
410.598
406.173
401.95
397.987
394.323
390.99
388.015
385.406
383.175
381.336
379.891
378.839
378.162
377.826
377.788
377.972
378.286
378.651
378.954
379.074
378.968
378.617
377.982
377.071
375.994
374.869
373.664
372.203
370.518
369.045
368.307
368.683
370.263
372.744
375.677
378.503
380.823
382.367
383.016
382.808
381.886
380.417
378.549
376.414
374.115
371.708
369.217
366.653
364.028
361.344
358.593
355.772
352.882
349.933
346.93
343.879
340.784
337.646
334.463
331.233
327.957
324.639
321.286
317.905
314.496
311.053
307.57
304.051
300.498
296.909
293.285
289.628
285.938
282.211
278.446
274.645
270.804
266.917
262.985
259.004
254.975
250.904
246.796
242.65
238.459
234.224
229.905
225.51
623.357
620.441
617.874
615.953
614.488
613.174
611.653
609.841
607.674
605.253
602.66
599.923
597.048
594.03
590.869
587.593
584.256
580.926
577.638
574.411
571.291
568.416
565.826
563.538
561.558
559.884
558.51
557.44
556.681
556.228
556.051
556.091
556.294
556.62
557.037
557.524
558.053
558.596
559.125
559.617
560.051
560.408
560.659
560.781
560.763
560.609
560.322
559.896
559.327
558.623
557.8
556.862
555.808
554.616
553.274
551.763
550.073
548.272
546.248
543.981
541.582
538.805
534.681
529.359
524.612
520.876
517.771
515.589
513.901
512.407
510.806
509.052
506.933
504.244
500.789
496.533
491.61
486.095
480.142
474.066
468.155
462.574
457.407
452.647
448.164
443.772
439.34
434.832
430.267
425.682
421.112
416.593
412.167
407.889
403.805
399.967
396.415
393.186
390.3
387.779
385.637
383.879
382.502
381.498
380.836
380.474
380.363
380.408
380.517
380.615
380.575
380.269
379.67
378.763
377.497
375.88
374.036
372.029
369.732
366.937
363.792
361.046
359.554
359.864
362.03
365.492
369.627
373.622
376.968
379.332
380.59
380.81
380.191
378.951
377.273
375.303
373.153
370.884
368.517
366.062
363.53
360.927
358.249
355.489
352.65
349.742
346.772
343.748
340.674
337.553
334.382
331.163
327.898
324.59
321.246
317.869
314.461
311.018
307.535
304.016
300.466
296.879
293.254
289.595
285.904
282.176
278.41
274.608
270.766
266.881
262.95
258.973
254.95
250.884
246.778
242.631
238.438
234.198
229.866
225.457
624.432
621.721
619.298
617.251
615.511
613.904
612.217
610.254
608.082
605.704
603.179
600.526
597.755
594.868
591.877
588.808
585.702
582.597
579.518
576.511
573.641
570.98
568.548
566.355
564.419
562.761
561.401
560.348
559.582
559.061
558.75
558.619
558.648
558.815
559.089
559.434
559.814
560.204
560.584
560.94
561.255
561.505
561.66
561.698
561.612
561.409
561.09
560.649
560.081
559.394
558.603
557.713
556.719
555.611
554.371
552.997
551.462
549.84
548.081
546.097
544.046
541.79
538.654
534.243
530.24
526.705
523.817
521.404
519.226
517.208
515.185
513.012
510.463
507.403
503.663
499.221
494.135
488.425
482.277
476.02
469.931
464.183
458.876
454.006
449.442
444.994
440.531
436.019
431.481
426.954
422.474
418.068
413.771
409.622
405.655
401.928
398.491
395.371
392.6
390.2
388.179
386.533
385.248
384.305
383.664
383.275
383.083
382.987
382.892
382.726
382.345
381.613
380.51
379.027
377.099
374.719
371.995
368.867
365.085
360.476
355.414
351.053
348.658
348.989
352.018
356.913
362.523
368.007
372.627
375.981
377.951
378.659
378.376
377.39
375.92
374.131
372.145
370.027
367.796
365.46
363.028
360.511
357.907
355.211
352.424
349.558
346.621
343.624
340.57
337.465
334.307
331.098
327.842
324.544
321.206
317.834
314.428
310.985
307.502
303.984
300.434
296.848
293.222
289.563
285.871
282.143
278.377
274.574
270.732
266.847
262.919
258.945
254.928
250.866
246.762
242.613
238.418
234.171
229.832
225.417
625.434
622.872
620.502
618.359
616.419
614.583
612.713
610.698
608.526
606.217
603.766
601.2
598.534
595.779
592.946
590.058
587.142
584.234
581.363
578.578
575.918
573.42
571.114
569.027
567.183
565.599
564.278
563.205
562.36
561.727
561.297
561.054
560.971
561.014
561.146
561.331
561.548
561.783
562.026
562.262
562.468
562.616
562.675
562.63
562.481
562.233
561.885
561.429
560.861
560.191
559.432
558.588
557.652
556.621
555.479
554.229
552.852
551.385
549.857
548.143
546.393
544.527
542.139
538.721
535.204
531.928
529.171
526.543
524.043
521.634
519.276
516.746
513.882
510.564
506.61
501.996
496.731
490.846
484.548
478.14
471.889
465.98
460.519
455.514
450.841
446.313
441.797
437.266
432.746
428.271
423.87
419.561
415.369
411.323
407.471
403.869
400.567
397.594
394.982
392.744
390.872
389.352
388.161
387.273
386.64
386.216
385.946
385.715
385.427
385.008
384.293
383.134
381.513
379.438
376.816
373.604
369.842
365.27
359.516
352.558
345.148
338.913
335.535
335.997
340.179
346.735
354.308
361.624
367.788
372.321
375.113
376.365
376.451
375.738
374.493
372.901
371.093
369.139
367.057
364.849
362.527
360.1
357.573
354.941
352.208
349.383
346.48
343.507
340.474
337.384
334.238
331.038
327.791
324.5
321.169
317.801
314.397
310.955
307.473
303.955
300.404
296.817
293.191
289.532
285.84
282.112
278.346
274.543
270.701
266.817
262.891
258.921
254.908
250.85
246.747
242.598
238.4
234.148
229.808
225.391
626.378
623.918
621.586
619.4
617.348
615.375
613.398
611.34
609.169
606.884
604.487
601.995
599.423
596.784
594.088
591.356
588.613
585.889
583.213
580.616
578.125
575.778
573.608
571.64
569.883
568.342
567.015
565.902
565.002
564.307
563.801
563.46
563.254
563.152
563.128
563.161
563.24
563.351
563.478
563.601
563.696
563.737
563.7
563.577
563.37
563.081
562.705
562.232
561.663
561.008
560.278
559.476
558.596
557.634
556.584
555.443
554.213
552.889
551.546
550.095
548.568
547.023
545.203
542.604
539.539
536.557
533.801
531.105
528.383
525.672
523.053
520.27
517.207
513.674
509.505
504.717
499.314
493.324
486.921
480.39
474.008
467.947
462.319
457.163
452.367
447.734
443.141
438.57
434.049
429.607
425.259
421.022
416.917
412.981
409.276
405.846
402.724
399.945
397.527
395.465
393.742
392.333
391.216
390.368
389.743
389.298
388.973
388.628
388.158
387.492
386.45
384.861
382.707
380.032
376.684
372.556
367.542
361.126
352.857
343.005
332.887
324.665
320.374
321.126
326.807
335.305
345.114
354.533
362.498
368.392
372.104
373.948
374.426
374.003
372.999
371.617
370.001
368.224
366.304
364.237
362.031
359.7
357.252
354.685
352.004
349.221
346.349
343.401
340.386
337.31
334.175
330.984
327.744
324.46
321.134
317.77
314.369
310.928
307.446
303.928
300.376
296.788
293.162
289.503
285.811
282.082
278.316
274.514
270.672
266.79
262.866
258.899
254.89
250.837
246.736
242.587
238.388
234.133
229.793
225.377
627.295
624.91
622.611
620.407
618.29
616.23
614.174
612.072
609.894
607.631
605.285
602.864
600.38
597.847
595.28
592.694
590.11
587.55
585.041
582.607
580.276
578.076
576.032
574.157
572.459
570.945
569.623
568.496
567.562
566.807
566.214
565.764
565.435
565.206
565.058
564.974
564.939
564.935
564.943
564.945
564.924
564.858
564.732
564.54
564.28
563.951
563.543
563.052
562.479
561.837
561.133
560.368
559.537
558.637
557.667
556.624
555.517
554.336
553.131
551.9
550.565
549.263
547.818
545.883
543.321
540.535
537.786
535.101
532.299
529.396
526.557
523.56
520.286
516.506
512.169
507.313
501.87
495.82
489.337
482.73
476.249
470.042
464.25
458.946
454.008
449.24
444.536
439.896
435.347
430.911
426.603
422.442
418.453
414.679
411.165
407.947
405.047
402.483
400.256
398.353
396.754
395.44
394.396
393.606
393.017
392.58
392.22
391.768
391.109
390.197
388.834
386.808
384.124
380.861
376.765
371.63
365.094
356.373
345.015
331.741
318.631
308.46
303.528
304.883
311.944
323.02
335.247
346.946
356.891
364.276
368.98
371.445
372.325
372.2
371.445
370.286
368.874
367.289
365.542
363.627
361.546
359.316
356.948
354.447
351.817
349.073
346.231
343.306
340.308
337.245
334.119
330.936
327.702
324.424
321.103
317.742
314.342
310.902
307.421
303.902
300.349
296.759
293.134
289.475
285.783
282.054
278.289
274.487
270.647
266.767
262.844
258.881
254.876
250.826
246.729
242.581
238.384
234.127
229.79
225.376
628.183
625.862
623.599
621.395
619.247
617.135
615.029
612.897
610.717
608.478
606.18
603.826
601.428
599
596.554
594.102
591.66
589.249
586.891
584.606
582.415
580.336
578.386
576.58
574.93
573.446
572.134
570.992
570.015
569.195
568.52
567.977
567.547
567.215
566.961
566.769
566.619
566.497
566.387
566.276
566.147
565.984
565.778
565.521
565.209
564.837
564.396
563.884
563.306
562.673
561.989
561.254
560.463
559.615
558.711
557.753
556.747
555.693
554.604
553.524
552.383
551.226
550.033
548.604
546.47
543.943
541.26
538.529
535.693
532.719
529.699
526.545
523.088
519.147
514.766
509.896
504.388
498.256
491.732
485.104
478.545
472.201
466.268
460.82
455.714
450.773
445.931
441.2
436.611
432.187
427.947
423.908
420.089
416.518
413.229
410.243
407.57
405.21
403.154
401.393
399.915
398.71
397.766
397.067
396.536
396.105
395.696
395.117
394.258
393.112
391.451
388.998
385.818
382.006
377.172
370.941
362.584
351.082
336.107
318.983
302.692
290.711
285.569
288.095
297.25
310.626
325.215
339.217
351.199
360.117
365.821
368.898
370.173
370.342
369.839
368.912
367.718
366.338
364.78
363.028
361.081
358.956
356.67
354.232
351.651
348.943
346.129
343.225
340.242
337.189
334.071
330.895
327.666
324.392
321.075
317.716
314.317
310.877
307.396
303.878
300.323
296.733
293.108
289.449
285.757
282.029
278.265
274.464
270.625
266.746
262.826
258.866
254.864
250.819
246.727
242.583
238.39
234.134
229.801
225.391
629.078
626.806
624.57
622.374
620.214
618.077
615.946
613.802
611.629
609.418
607.168
604.881
602.566
600.233
597.891
595.552
593.23
590.943
588.708
586.54
584.455
582.471
580.601
578.861
577.26
575.803
574.495
573.335
572.323
571.455
570.718
570.101
569.588
569.164
568.812
568.517
568.264
568.038
567.825
567.61
567.381
567.128
566.843
566.52
566.152
565.734
565.258
564.724
564.14
563.512
562.843
562.128
561.366
560.557
559.705
558.814
557.888
556.934
555.951
554.97
553.978
552.931
551.86
550.568
549.002
546.868
544.284
541.495
538.588
535.55
532.36
529.105
525.582
521.64
517.275
512.331
506.711
500.542
494.06
487.445
480.813
474.359
468.313
462.713
457.412
452.281
447.296
442.484
437.883
433.515
429.396
425.528
421.918
418.579
415.529
412.775
410.314
408.14
406.248
404.633
403.296
402.223
401.396
400.786
400.289
399.826
399.337
398.619
397.58
396.247
394.33
391.481
387.873
383.576
378.064
370.664
360.213
345.532
326.61
305.496
286.046
272.458
267.515
271.733
283.255
298.903
315.665
331.824
345.732
356.101
362.742
366.382
368.015
368.459
368.2
367.507
366.542
365.382
364.026
362.449
360.644
358.628
356.423
354.046
351.51
348.835
346.045
343.159
340.189
337.144
334.033
330.861
327.637
324.366
321.051
317.693
314.294
310.853
307.373
303.854
300.299
296.708
293.084
289.426
285.733
282.006
278.242
274.443
270.605
266.728
262.811
258.854
254.856
250.815
246.73
242.592
238.406
234.153
229.827
225.425
629.959
627.734
625.532
623.353
621.197
619.056
616.92
614.778
612.619
610.439
608.235
606.009
603.767
601.516
599.266
597.027
594.81
592.629
590.497
588.427
586.433
584.529
582.729
581.043
579.48
578.047
576.748
575.584
574.553
573.647
572.856
572.17
571.576
571.062
570.616
570.226
569.879
569.559
569.25
568.94
568.618
568.279
567.917
567.527
567.102
566.637
566.126
565.572
564.979
564.351
563.689
562.986
562.24
561.457
560.642
559.797
558.93
558.047
557.151
556.242
555.336
554.392
553.391
552.258
550.914
549.13
546.842
544.097
541.13
538.012
534.703
531.359
527.787
523.857
519.456
514.425
508.787
502.698
496.297
489.673
482.971
476.445
470.305
464.544
459.048
453.748
448.655
443.811
439.256
435.006
431.06
427.404
424.029
420.935
418.12
415.582
413.316
411.319
409.591
408.131
406.942
405.998
405.261
404.699
404.189
403.666
403.093
402.254
401.086
399.634
397.508
394.309
390.368
385.698
379.616
370.986
358.245
340.164
317.288
292.463
270.26
255.421
250.993
257.172
271.031
288.685
307.297
325.307
340.863
352.469
359.885
363.97
365.89
366.568
366.536
366.077
365.352
364.429
363.292
361.902
360.246
358.34
356.216
353.896
351.399
348.752
345.982
343.11
340.15
337.112
334.004
330.835
327.613
324.345
321.031
317.673
314.273
310.833
307.352
303.833
300.277
296.686
293.062
289.404
285.712
281.985
278.223
274.424
270.587
266.713
262.799
258.845
254.852
250.817
246.738
242.61
238.433
234.185
229.873
225.481
630.797
628.609
626.435
624.277
622.131
619.996
617.866
615.734
613.596
611.447
609.287
607.115
604.936
602.757
600.585
598.428
596.296
594.199
592.15
590.16
588.243
586.408
584.668
583.032
581.507
580.098
578.809
577.636
576.576
575.625
574.774
574.018
573.349
572.757
572.235
571.771
571.349
570.952
570.564
570.174
569.774
569.359
568.927
568.472
567.993
567.485
566.943
566.369
565.763
565.13
564.467
563.768
563.029
562.258
561.462
560.644
559.81
558.969
558.125
557.273
556.412
555.527
554.564
553.502
552.243
550.676
548.686
546.2
543.294
540.128
536.796
533.386
529.746
525.768
521.304
516.257
510.689
504.689
498.304
491.628
484.876
478.321
472.11
466.218
460.579
455.174
450.044
445.241
440.799
436.72
432.984
429.553
426.406
423.532
420.922
418.571
416.478
414.643
413.07
411.75
410.679
409.82
409.122
408.562
408.014
407.439
406.818
405.9
404.662
403.162
400.882
397.412
393.273
388.42
381.894
372.009
356.959
335.646
309.275
281.464
257.364
241.934
238.314
246.264
261.946
281.005
300.959
320.334
337.072
349.525
357.431
361.784
363.888
364.741
364.902
364.665
364.186
363.512
362.605
361.411
359.906
358.109
356.06
353.79
351.325
348.698
345.942
343.08
340.126
337.091
333.985
330.818
327.597
324.329
321.015
317.657
314.256
310.815
307.334
303.814
300.257
296.666
293.042
289.384
285.693
281.967
278.205
274.407
270.572
266.699
262.788
258.839
254.85
250.822
246.752
242.633
238.468
234.23
229.935
225.559
631.617
629.463
627.318
625.182
623.057
620.939
618.827
616.716
614.603
612.486
610.364
608.241
606.119
604.005
601.904
599.823
597.771
595.756
593.787
591.874
590.028
588.257
586.571
584.977
583.48
582.084
580.788
579.593
578.499
577.502
576.599
575.784
575.052
574.398
573.811
573.278
572.782
572.308
571.843
571.376
570.901
570.415
569.916
569.402
568.873
568.324
567.751
567.154
566.532
565.887
565.217
564.515
563.777
563.007
562.217
561.412
560.595
559.774
558.955
558.137
557.307
556.45
555.516
554.477
553.261
551.78
549.972
547.791
545.161
542.092
538.802
535.33
531.606
527.576
523.109
518.126
512.639
506.661
500.233
493.509
486.746
480.176
473.895
467.895
462.161
456.721
451.63
446.941
442.672
438.805
435.292
432.075
429.131
426.449
424.017
421.831
419.892
418.2
416.753
415.532
414.533
413.706
413.006
412.427
411.842
411.236
410.599
409.642
408.389
406.903
404.528
400.888
396.7
391.853
384.932
373.788
356.551
332.403
303.206
273.257
248.216
232.938
230.364
239.635
256.334
276.118
296.871
317.071
334.481
347.359
355.445
359.863
362.023
362.968
363.279
363.252
363.031
362.628
361.969
360.979
359.628
357.938
355.959
353.73
351.29
348.676
345.928
343.07
340.118
337.083
333.977
330.809
327.588
324.319
321.005
317.645
314.243
310.801
307.318
303.797
300.24
296.648
293.024
289.368
285.677
281.951
278.19
274.393
270.559
266.688
262.781
258.836
254.853
250.832
246.771
242.664
238.512
234.288
230.013
225.661
632.592
630.472
628.361
626.256
624.158
622.065
619.978
617.894
615.813
613.734
611.658
609.586
607.521
605.469
603.434
601.424
599.444
597.502
595.606
593.764
591.984
590.271
588.634
587.077
585.604
584.217
582.92
581.711
580.589
579.554
578.601
577.729
576.931
576.202
575.532
574.91
574.324
573.761
573.211
572.664
572.114
571.555
570.989
570.415
569.834
569.242
568.634
568.006
567.359
566.693
566.006
565.292
564.547
563.772
562.975
562.165
561.349
560.529
559.713
558.9
558.08
557.229
556.301
555.261
554.06
552.626
550.905
548.881
546.526
543.802
540.746
537.303
533.517
529.462
525.044
520.129
514.658
508.638
502.164
495.43
488.678
482.094
475.771
469.737
464.019
458.664
453.731
449.252
445.23
441.591
438.295
435.268
432.504
429.986
427.7
425.647
423.823
422.227
420.854
419.677
418.694
417.856
417.128
416.521
415.904
415.288
414.665
413.716
412.52
411.135
408.737
405.069
401.02
396.343
389.022
376.694
357.53
331.106
299.954
268.926
243.971
229.528
228.009
237.904
254.619
274.355
295.319
315.781
333.29
346.065
353.932
358.158
360.22
361.169
361.591
361.778
361.85
361.76
361.382
360.617
359.427
357.842
355.924
353.726
351.298
348.689
345.941
343.081
340.126
337.089
333.979
330.809
327.586
324.315
320.999
317.637
314.233
310.79
307.306
303.784
300.225
296.633
293.009
289.353
285.663
281.938
278.177
274.38
270.547
266.679
262.775
258.835
254.858
250.845
246.794
242.699
238.562
234.356
230.105
225.783
633.713
631.634
629.561
627.493
625.428
623.368
621.314
619.266
617.224
615.19
613.164
611.148
609.146
607.161
605.197
603.26
601.355
599.487
597.662
595.887
594.166
592.506
590.911
589.385
587.931
586.551
585.246
584.017
582.863
581.782
580.773
579.832
578.955
578.137
577.371
576.65
575.964
575.304
574.661
574.026
573.394
572.761
572.126
571.491
570.856
570.217
569.567
568.902
568.221
567.523
566.807
566.071
565.309
564.521
563.709
562.881
562.043
561.204
560.366
559.533
558.693
557.807
556.862
555.808
554.595
553.176
551.502
549.547
547.305
544.763
541.937
538.74
535.125
531.168
526.812
521.901
516.366
510.276
503.792
497.133
490.511
484.076
477.906
472.044
466.536
461.436
456.778
452.568
448.794
445.358
442.178
439.267
436.611
434.183
431.973
429.983
428.21
426.648
425.29
424.105
423.098
422.224
421.458
420.821
420.187
419.587
419.021
418.15
417.12
415.949
413.638
410.129
406.449
402.042
394.395
381.167
360.604
332.742
300.789
269.992
246.101
232.921
232.121
241.597
257.265
276.197
296.771
316.841
333.746
345.767
352.954
356.709
358.494
359.335
359.818
360.231
360.65
360.927
360.866
360.345
359.321
357.836
355.969
353.79
351.361
348.744
345.986
343.117
340.154
337.108
333.992
330.818
327.591
324.318
320.998
317.634
314.229
310.783
307.297
303.773
300.213
296.62
292.996
289.34
285.65
281.926
278.165
274.369
270.538
266.671
262.77
258.836
254.865
250.861
246.82
242.739
238.618
234.433
230.207
225.922
635.02
632.981
630.949
628.921
626.898
624.879
622.867
620.863
618.866
616.88
614.906
612.945
611.001
609.077
607.177
605.304
603.464
601.66
599.896
598.176
596.505
594.887
593.324
591.821
590.379
588.999
587.683
586.43
585.239
584.108
583.035
582.017
581.051
580.135
579.266
578.44
577.651
576.892
576.154
575.43
574.714
574.003
573.297
572.599
571.906
571.213
570.512
569.798
569.071
568.33
567.575
566.803
566.012
565.197
564.356
563.495
562.621
561.743
560.865
559.993
559.14
558.153
557.14
556.042
554.807
553.386
551.734
549.822
547.637
545.165
542.409
539.33
535.879
532.064
527.833
523.054
517.668
511.773
505.562
499.245
492.993
486.92
481.098
475.576
470.399
465.599
461.183
457.138
453.399
449.954
446.784
443.891
441.24
438.814
436.608
434.621
432.846
431.274
429.892
428.672
427.619
426.693
425.879
425.213
424.581
424.037
423.59
422.892
422.157
421.323
419.231
416.083
412.969
408.826
401.043
387.444
366.329
338.131
306.532
277.072
254.933
243.005
242.209
250.358
264.234
281.799
301.428
320.415
335.897
346.479
352.559
355.561
356.854
357.45
357.947
358.621
359.471
360.194
360.498
360.233
359.362
357.955
356.116
353.931
351.483
348.843
346.065
343.178
340.2
337.142
334.018
330.836
327.604
324.326
321.003
317.637
314.229
310.781
307.293
303.766
300.204
296.611
292.987
289.331
285.64
281.915
278.155
274.36
270.53
266.666
262.767
258.838
254.874
250.878
246.848
242.781
238.679
234.517
230.316
226.072
636.484
634.494
632.508
630.526
628.549
626.579
624.615
622.66
620.715
618.782
616.863
614.96
613.075
611.212
609.372
607.559
605.776
604.026
602.311
600.635
599
597.41
595.866
594.373
592.93
591.54
590.202
588.915
587.676
586.485
585.34
584.242
583.19
582.182
581.216
580.287
579.392
578.525
577.681
576.857
576.049
575.256
574.477
573.708
572.947
572.186
571.42
570.645
569.859
569.062
568.254
567.433
566.596
565.737
564.855
563.947
563.017
562.071
561.114
560.14
559.127
558.157
557.095
555.927
554.631
553.175
551.526
549.653
547.532
545.14
542.466
539.49
536.177
532.509
528.459
523.974
519.031
513.69
508.078
502.343
496.614
490.99
485.543
480.324
475.367
470.695
466.315
462.224
458.411
454.896
451.684
448.75
446.065
443.614
441.388
439.38
437.58
435.974
434.546
433.271
432.149
431.155
430.288
429.603
428.999
428.553
428.3
427.882
427.58
427.188
425.443
422.838
420.326
416.323
408.624
395.293
374.707
347.487
317.252
289.463
269.007
257.86
256.232
262.696
274.852
290.912
308.893
326.001
339.384
347.967
352.612
354.604
355.198
355.431
355.922
356.937
358.337
359.587
360.302
360.307
359.58
358.23
356.388
354.168
351.674
348.991
346.178
343.263
340.263
337.188
334.052
330.863
327.625
324.341
321.015
317.645
314.235
310.784
307.293
303.764
300.199
296.604
292.98
289.323
285.632
281.906
278.146
274.352
270.524
266.661
262.765
258.841
254.884
250.895
246.876
242.823
238.74
234.601
230.425
226.221
638.181
636.228
634.279
632.333
630.395
628.465
626.545
624.635
622.739
620.857
618.992
617.144
615.315
613.505
611.718
609.953
608.215
606.503
604.821
603.171
601.555
599.975
598.433
596.929
595.467
594.045
592.665
591.328
590.034
588.784
587.577
586.413
585.289
584.203
583.152
582.133
581.143
580.178
579.237
578.315
577.412
576.526
575.654
574.793
573.939
573.087
572.235
571.381
570.522
569.658
568.784
567.898
566.998
566.079
565.141
564.181
563.199
562.194
561.166
560.114
559.039
557.937
556.773
555.518
554.143
552.625
550.941
549.072
546.998
544.699
542.152
539.337
536.227
532.804
529.054
524.961
520.519
515.762
510.758
505.6
500.379
495.176
490.055
485.071
480.266
475.673
471.32
467.215
463.377
459.826
456.575
453.607
450.897
448.427
446.179
444.142
442.306
440.653
439.166
437.822
436.622
435.557
434.639
433.956
433.408
433.085
433.09
433.066
433.329
433.455
432.191
430.303
428.202
424.084
416.569
404.095
385.236
360.516
332.924
306.849
287.885
277.02
274.144
278.93
289.122
303.093
318.652
332.905
343.507
349.724
352.759
353.528
353.203
352.968
353.51
355.074
357.247
359.164
360.328
360.582
359.967
358.647
356.774
354.491
351.927
349.183
346.321
343.37
340.342
337.248
334.098
330.898
327.652
324.363
321.032
317.659
314.245
310.792
307.297
303.764
300.196
296.599
292.974
289.317
285.625
281.899
278.139
274.345
270.519
266.658
262.764
258.845
254.894
250.912
246.902
242.864
238.801
234.684
230.531
226.369
639.936
638.032
636.132
634.237
632.347
630.465
628.591
626.726
624.872
623.031
621.204
619.391
617.596
615.818
614.06
612.323
610.608
608.918
607.253
605.616
604.007
602.429
600.882
599.368
597.887
596.441
595.031
593.657
592.321
591.021
589.76
588.534
587.341
586.18
585.045
583.937
582.855
581.796
580.762
579.75
578.756
577.779
576.814
575.859
574.911
573.967
573.024
572.081
571.135
570.183
569.223
568.252
567.27
566.273
565.257
564.22
563.16
562.081
560.984
559.859
558.697
557.485
556.211
554.861
553.416
551.856
550.16
548.307
546.279
544.056
541.622
538.958
536.045
532.867
529.412
525.673
521.653
517.37
512.868
508.203
503.438
498.634
493.846
489.127
484.518
480.061
475.788
471.733
467.926
464.392
461.146
458.194
455.51
453.058
450.818
448.783
446.946
445.278
443.756
442.358
441.072
439.909
438.897
438.178
437.649
437.414
437.691
438.185
439.139
439.816
439.142
438.098
436.003
431.369
423.956
412.741
396.589
375.587
351.632
329.417
312.007
301.16
297.371
299.509
306.595
317.093
328.999
339.911
347.521
351.144
352.523
351.806
350.365
349.652
350.42
352.912
356.251
359.092
360.83
361.322
360.743
359.355
357.361
354.944
352.261
349.425
346.495
343.496
340.435
337.32
334.156
330.946
327.691
324.393
321.056
317.678
314.26
310.803
307.304
303.766
300.195
296.595
292.969
289.311
285.619
281.892
278.132
274.339
270.514
266.655
262.764
258.849
254.904
250.927
246.927
242.904
238.862
234.763
230.633
226.513
641.297
639.417
637.544
635.677
633.818
631.968
630.128
628.298
626.479
624.672
622.878
621.098
619.332
617.581
615.847
614.13
612.432
610.755
609.101
607.47
605.864
604.283
602.729
601.203
599.703
598.233
596.791
595.379
593.996
592.643
591.32
590.028
588.767
587.539
586.342
585.174
584.034
582.918
581.823
580.746
579.684
578.635
577.595
576.564
575.541
574.524
573.51
572.497
571.482
570.461
569.432
568.394
567.346
566.285
565.211
564.119
563.003
561.859
560.688
559.499
558.273
557.004
555.68
554.284
552.8
551.211
549.502
547.654
545.651
543.474
541.109
538.538
535.748
532.726
529.464
525.959
522.214
518.246
514.084
509.768
505.343
500.855
496.349
491.863
487.439
483.11
478.921
474.923
471.162
467.669
464.494
461.64
459.053
456.676
454.498
452.524
450.748
449.113
447.59
446.14
444.723
443.389
442.191
441.267
440.537
440.196
440.666
441.774
443.47
444.635
444.497
444.007
441.574
436.303
428.974
418.915
405.177
387.129
367.255
348.408
332.955
322.464
317.597
317.115
320.786
327.733
336.512
344.621
349.523
351.002
350.89
348.432
345.689
344.675
346.186
350.286
355.359
359.472
361.924
362.632
361.98
360.379
358.132
355.488
352.632
349.675
346.669
343.62
340.526
337.39
334.213
330.992
327.729
324.426
321.082
317.7
314.279
310.817
307.312
303.768
300.191
296.589
292.962
289.304
285.612
281.884
278.124
274.331
270.507
266.65
262.762
258.85
254.91
250.937
246.946
242.937
238.914
234.829
230.723
226.65
642.21
640.358
638.511
636.669
634.833
633.004
631.184
629.372
627.569
625.778
624
622.234
620.483
618.746
617.024
615.318
613.629
611.958
610.306
608.674
607.062
605.473
603.906
602.363
600.845
599.351
597.883
596.442
595.027
593.642
592.284
590.956
589.656
588.385
587.142
585.929
584.744
583.588
582.455
581.34
580.237
579.144
578.06
576.986
575.922
574.865
573.812
572.758
571.699
570.632
569.556
568.47
567.373
566.266
565.144
564.006
562.85
561.672
560.465
559.226
557.95
556.63
555.257
553.822
552.31
550.706
548.994
547.154
545.17
543.024
540.701
538.186
535.468
532.54
529.397
526.041
522.478
518.723
514.796
510.726
506.547
502.292
497.991
493.677
489.376
485.125
480.975
476.981
473.201
469.749
466.692
463.979
461.501
459.202
457.095
455.203
453.508
451.932
450.449
448.967
447.391
445.862
444.479
443.287
442.13
441.363
441.863
443.653
446.099
447.721
447.959
447.727
445.063
439.347
432.041
422.725
410.377
394.636
377.41
360.819
346.699
336.404
330.469
328.328
329.718
334.168
340.639
346.558
348.887
349.257
347.793
344.653
341.072
340.003
342.277
347.98
354.78
360.128
363.234
364.1
363.303
361.419
358.876
355.987
352.955
349.884
346.809
343.718
340.601
337.453
334.267
331.039
327.768
324.457
321.107
317.721
314.298
310.832
307.322
303.771
300.189
296.585
292.958
289.3
285.607
281.879
278.118
274.325
270.502
266.647
262.761
258.852
254.915
250.946
246.963
242.968
238.962
234.886
230.804
226.783
642.894
641.058
639.226
637.399
635.578
633.765
631.96
630.165
628.379
626.603
624.839
623.086
621.346
619.619
617.905
616.206
614.521
612.853
611.201
609.566
607.951
606.354
604.778
603.223
601.688
600.175
598.683
597.213
595.767
594.347
592.955
591.594
590.262
588.961
587.686
586.436
585.211
584.009
582.832
581.676
580.538
579.418
578.312
577.218
576.132
575.049
573.967
572.882
571.795
570.701
569.6
568.487
567.364
566.229
565.081
563.915
562.727
561.516
560.277
559.008
557.702
556.353
554.952
553.487
551.947
550.319
548.588
546.74
544.759
542.63
540.339
537.871
535.215
532.367
529.323
526.086
522.664
519.07
515.322
511.441
507.451
503.373
499.229
495.041
490.815
486.587
482.408
478.329
474.482
471.08
468.195
465.665
463.305
461.079
459.052
457.274
455.693
454.22
452.84
451.338
449.571
447.824
446.213
444.684
442.891
441.323
441.611
444.174
447.537
449.63
450.033
449.999
447.382
441.334
433.911
425.106
413.701
399.549
384.109
369.085
355.95
345.845
339.273
335.938
335.622
338.177
342.827
346.827
347.507
347.218
345.655
341.963
338.199
337.494
340.442
347.165
355.024
361.147
364.646
365.53
364.536
362.36
359.532
356.416
353.225
350.057
346.924
343.8
340.664
337.505
334.313
331.08
327.804
324.488
321.134
317.745
314.318
310.848
307.331
303.773
300.187
296.582
292.954
289.297
285.603
281.875
278.113
274.32
270.498
266.644
262.76
258.853
254.919
250.952
246.977
242.996
239.004
234.934
230.876
226.91
643.372
641.547
639.729
637.917
636.112
634.313
632.522
630.74
628.968
627.205
625.452
623.709
621.978
620.258
618.55
616.854
615.172
613.503
611.849
610.211
608.59
606.987
605.402
603.835
602.287
600.757
599.246
597.754
596.283
594.834
593.407
592.007
590.637
589.297
587.991
586.715
585.466
584.243
583.045
581.874
580.727
579.597
578.481
577.371
576.265
575.159
574.052
572.944
571.833
570.72
569.6
568.472
567.333
566.18
565.013
563.829
562.624
561.392
560.132
558.839
557.51
556.138
554.715
553.233
551.68
550.042
548.304
546.453
544.473
542.353
540.08
537.642
535.032
532.243
529.273
526.124
522.805
519.327
515.707
511.966
508.122
504.185
500.173
496.084
491.896
487.658
483.397
479.145
475.178
471.851
469.185
466.867
464.632
462.477
460.536
458.894
457.461
456.162
454.936
453.37
451.414
449.507
447.648
445.601
442.767
440.018
439.904
443.325
447.85
450.431
450.867
450.95
448.514
442.407
435.018
426.632
415.891
402.792
388.499
374.5
362.052
352.132
345.208
341.137
339.575
340.642
343.86
346.28
346.564
346.092
344.461
340.67
337.03
336.728
340.243
347.553
355.896
362.356
365.959
366.744
365.545
363.115
360.052
356.751
353.429
350.181
347.006
343.861
340.717
337.554
334.358
331.12
327.838
324.515
321.157
317.766
314.338
310.865
307.341
303.775
300.184
296.578
292.952
289.294
285.6
281.872
278.109
274.316
270.494
266.642
262.759
258.854
254.921
250.957
246.988
243.02
239.04
234.972
230.936
227.029
643.723
641.903
640.091
638.285
636.487
634.696
632.916
631.145
629.384
627.632
625.889
624.157
622.435
620.723
619.023
617.334
615.657
613.993
612.341
610.703
609.078
607.468
605.872
604.29
602.722
601.169
599.632
598.112
596.614
595.14
593.692
592.269
590.873
589.503
588.162
586.855
585.584
584.346
583.139
581.962
580.812
579.682
578.564
577.452
576.339
575.224
574.106
572.985
571.86
570.73
569.594
568.451
567.299
566.136
564.958
563.761
562.544
561.302
560.032
558.728
557.385
555.997
554.557
553.058
551.49
549.842
548.099
546.246
544.27
542.158
539.898
537.482
534.902
532.153
529.234
526.147
522.903
519.513
515.991
512.363
508.635
504.82
500.942
496.938
492.77
488.502
484.052
479.496
475.394
472.236
469.853
467.74
465.608
463.511
461.648
460.13
458.856
457.844
456.853
455.13
453.002
451.145
449.187
446.456
441.814
437.068
436.56
441.372
447.315
450.323
450.725
450.698
448.494
442.795
435.783
427.738
417.337
404.979
391.439
378.11
366.121
356.348
349.261
344.734
342.274
342.063
344.041
345.887
346.093
345.547
343.935
340.42
337.253
337.289
341.211
348.722
357.091
363.553
367.06
367.683
366.293
363.666
360.427
356.985
353.566
350.263
347.061
343.905
340.756
337.593
334.396
331.156
327.87
324.542
321.18
317.786
314.357
310.88
307.35
303.777
300.181
296.574
292.948
289.292
285.599
281.869
278.106
274.312
270.491
266.639
262.757
258.854
254.922
250.959
246.998
243.042
239.069
235.003
230.987
227.14
643.964
642.152
640.346
638.546
636.754
634.97
633.195
631.43
629.675
627.93
626.196
624.473
622.761
621.06
619.368
617.687
616.014
614.35
612.695
611.052
609.422
607.806
606.206
604.62
603.046
601.481
599.923
598.374
596.84
595.33
593.851
592.406
590.993
589.606
588.241
586.902
585.6
584.344
583.134
581.963
580.821
579.698
578.586
577.478
576.37
575.258
574.138
573.011
571.877
570.736
569.59
568.437
567.275
566.102
564.916
563.714
562.487
561.235
559.954
558.641
557.289
555.893
554.445
552.937
551.361
549.706
547.958
546.105
544.132
542.026
539.776
537.374
534.814
532.093
529.209
526.168
522.982
519.657
516.216
512.684
509.05
505.349
501.594
497.682
493.545
489.261
484.434
479.374
475.144
472.312
470.325
468.428
466.346
464.273
462.47
461.04
459.93
459.298
458.613
456.671
454.363
452.826
451.2
447.872
440.778
433.207
432.202
438.613
446.245
449.657
449.947
449.738
447.704
442.809
436.445
428.57
418.44
406.441
393.361
380.471
368.795
359.134
351.976
347.21
344.165
342.927
343.978
345.708
345.997
345.441
343.898
340.744
338.054
338.504
342.707
350.21
358.387
364.603
367.915
368.359
366.801
364.03
360.669
357.128
353.641
350.301
347.088
343.932
340.788
337.627
334.43
331.186
327.896
324.563
321.198
317.803
314.373
310.893
307.357
303.778
300.179
296.571
292.946
289.29
285.598
281.867
278.103
274.309
270.488
266.637
262.756
258.854
254.922
250.962
247.006
243.06
239.091
235.025
231.029
227.242
644.133
642.32
640.514
638.716
636.928
635.15
633.384
631.63
629.887
628.154
626.432
624.719
623.016
621.322
619.639
617.964
616.297
614.637
612.983
611.337
609.7
608.075
606.463
604.866
603.28
601.702
600.129
598.558
596.996
595.453
593.939
592.463
591.024
589.619
588.239
586.883
585.558
584.279
583.058
581.893
580.768
579.662
578.564
577.467
576.365
575.256
574.137
573.007
571.868
570.723
569.573
568.417
567.255
566.083
564.896
563.688
562.458
561.202
559.917
558.597
557.239
555.836
554.381
552.866
551.282
549.619
547.867
546.011
544.039
541.939
539.699
537.309
534.766
532.067
529.208
526.201
523.055
519.773
516.398
512.94
509.384
505.807
502.149
498.242
494.293
489.977
484.62
478.911
474.518
472.099
470.621
469.007
466.96
464.841
463.067
461.703
460.82
460.675
460.182
457.944
455.478
454.353
453.402
449.8
440.78
430.949
428.65
436.913
445.188
448.735
449.194
448.844
446.767
442.715
437.217
429.534
419.337
407.45
394.61
381.978
370.5
360.925
353.745
348.905
345.533
343.584
344.006
345.732
346.088
345.566
344.126
341.29
339.041
339.812
344.2
351.611
359.531
365.446
368.519
368.803
367.098
364.232
360.793
357.191
353.668
350.316
347.103
343.951
340.811
337.653
334.457
331.211
327.916
324.581
321.213
317.817
314.386
310.903
307.361
303.776
300.174
296.567
292.944
289.29
285.597
281.866
278.101
274.307
270.485
266.636
262.756
258.855
254.922
250.963
247.013
243.074
239.105
235.042
231.063
227.333
644.243
642.43
640.626
638.832
637.049
635.279
633.523
631.779
630.048
628.326
626.614
624.911
623.216
621.527
619.845
618.17
616.501
614.838
613.182
611.535
609.899
608.276
606.666
605.066
603.471
601.876
600.276
598.675
597.082
595.511
593.971
592.471
591.008
589.577
588.176
586.806
585.472
584.186
582.963
581.802
580.686
579.593
578.508
577.423
576.331
575.228
574.112
572.984
571.847
570.701
569.551
568.394
567.231
566.056
564.867
563.657
562.427
561.171
559.884
558.563
557.203
555.797
554.338
552.819
551.231
549.564
547.808
545.951
543.981
541.885
539.654
537.274
534.745
532.061
529.218
526.237
523.118
519.866
516.544
513.137
509.648
506.216
502.681
498.894
495.107
490.608
484.472
478.161
473.713
471.705
470.728
469.431
467.45
465.258
463.388
462.067
461.55
462.097
461.601
458.682
456.257
455.316
454.836
451.252
441.467
430.92
428.58
436.779
444.896
448.325
448.845
448.282
445.821
442.646
438.077
430.662
420.208
408.221
395.452
382.941
371.569
362.06
354.903
350.064
346.534
344.167
344.175
345.839
346.222
345.789
344.456
341.823
339.907
340.915
345.403
352.706
360.385
366.036
368.895
369.034
367.231
364.319
360.849
357.218
353.677
350.323
347.115
343.968
340.832
337.674
334.476
331.228
327.931
324.592
321.222
317.825
314.393
310.909
307.364
303.776
300.172
296.564
292.942
289.289
285.596
281.865
278.099
274.305
270.484
266.635
262.757
258.855
254.922
250.966
247.019
243.083
239.114
235.055
231.087
227.41
644.313
642.495
640.688
638.895
637.116
635.353
633.607
631.876
630.157
628.448
626.747
625.054
623.367
621.687
620.013
618.343
616.674
615.005
613.339
611.679
610.033
608.409
606.807
605.221
603.636
602.035
600.406
598.757
597.117
595.512
593.954
592.442
590.965
589.511
588.078
586.678
585.326
584.044
582.842
581.71
580.624
579.557
578.489
577.416
576.329
575.225
574.104
572.968
571.823
570.675
569.522
568.366
567.204
566.032
564.845
563.639
562.409
561.153
559.865
558.544
557.182
555.775
554.315
552.794
551.203
549.535
547.779
545.923
543.955
541.864
539.637
537.265
534.746
532.069
529.238
526.276
523.165
519.941
516.664
513.272
509.87
506.563
503.113
499.6
496.174
491.272
483.805
476.828
472.8
471.46
470.938
469.828
467.819
465.592
463.516
462.073
462.107
463.573
463.021
458.891
456.381
456.094
454.683
450.986
442.314
432.018
429.645
437.479
445.032
448.165
448.864
448.28
445.769
442.759
438.816
431.699
421.035
408.842
396.037
383.558
372.229
362.756
355.652
350.83
347.237
344.687
344.407
345.907
346.251
346.009
344.83
342.273
340.514
341.663
346.196
353.424
360.922
366.384
369.082
369.116
367.263
364.33
360.852
357.226
353.692
350.338
347.129
343.983
340.846
337.687
334.488
331.238
327.939
324.599
321.228
317.83
314.397
310.91
307.363
303.773
300.169
296.562
292.941
289.289
285.596
281.864
278.098
274.304
270.483
266.634
262.757
258.855
254.921
250.967
247.023
243.09
239.119
235.063
231.103
227.465
644.352
642.525
640.711
638.914
637.14
635.39
633.661
631.95
630.251
628.558
626.868
625.178
623.49
621.807
620.129
618.458
616.792
615.126
613.458
611.791
610.137
608.507
606.907
605.335
603.769
602.178
600.535
598.844
597.141
595.48
593.894
592.379
590.906
589.449
587.991
586.546
585.154
583.857
582.669
581.574
580.522
579.478
578.434
577.376
576.303
575.21
574.098
572.97
571.826
570.675
569.52
568.361
567.198
566.026
564.839
563.633
562.403
561.147
559.86
558.539
557.177
555.77
554.309
552.787
551.196
549.528
547.773
545.918
543.951
541.864
539.639
537.27
534.759
532.084
529.26
526.314
523.202
520.003
516.764
513.37
510.058
506.913
503.467
500.304
497.628
492.348
483.212
475.011
471.304
470.967
471.098
470.25
468.109
465.742
463.52
461.841
462.062
464.003
463.769
459.318
456.142
455.592
454.713
451.191
443.072
433.181
431.253
438.308
445.248
448.081
448.875
448.388
445.97
442.998
439.196
432.314
421.664
409.316
396.449
383.961
372.641
363.194
356.128
351.299
347.661
345.039
344.569
345.907
346.169
346.147
345.227
342.646
340.9
342.099
346.641
353.815
361.199
366.543
369.145
369.105
367.232
364.302
360.846
357.232
353.704
350.351
347.14
343.992
340.854
337.694
334.493
331.242
327.942
324.601
321.229
317.831
314.398
310.912
307.364
303.773
300.168
296.561
292.94
289.288
285.595
281.863
278.098
274.304
270.482
266.634
262.757
258.855
254.922
250.969
247.025
243.092
239.121
235.069
231.109
227.501
644.385
642.551
640.729
638.926
637.148
635.397
633.67
631.962
630.269
628.583
626.9
625.22
623.542
621.868
620.198
618.532
616.867
615.2
613.528
611.858
610.201
608.568
606.966
605.389
603.818
602.223
600.58
598.893
597.192
595.521
593.912
592.374
590.891
589.433
587.98
586.537
585.142
583.836
582.645
581.547
580.505
579.477
578.439
577.382
576.304
575.208
574.094
572.965
571.822
570.673
569.519
568.363
567.203
566.032
564.847
563.641
562.412
561.155
559.867
558.545
557.183
555.775
554.314
552.792
551.202
549.534
547.778
545.923
543.956
541.869
539.644
537.277
534.766
532.09
529.273
526.327
523.216
520.033
516.791
513.407
510.16
507.02
503.624
500.755
498.21
492.998
483.865
475.407
471.293
470.82
470.952
470.149
468.169
465.791
463.479
461.995
462.175
463.782
463.157
459.323
456.423
455.847
454.514
450.984
443.376
433.949
432.105
438.74
445.275
447.979
448.861
448.472
446.127
442.993
439.094
432.23
421.844
409.477
396.64
384.157
372.838
363.384
356.318
351.481
347.818
345.163
344.641
345.866
346.014
346.199
345.469
342.932
341.142
342.342
346.831
353.97
361.304
366.596
369.154
369.089
367.209
364.285
360.836
357.233
353.712
350.358
347.146
343.996
340.857
337.697
334.495
331.244
327.943
324.602
321.23
317.832
314.397
310.91
307.362
303.772
300.168
296.561
292.94
289.288
285.595
281.863
278.097
274.303
270.482
266.634
262.757
258.856
254.922
250.97
247.027
243.093
239.121
235.07
231.113
227.508
225.372
221.14
216.833
212.337
207.462
202.222
196.679
190.76
184.299
177.162
169.378
161.139
152.663
143.731
133.93
122.994
111.511
100.273
90.0092
79.2394
66.2531
51.4817
37.5407
24.0477
8.93509
224.985
220.909
216.616
212.122
207.261
202.024
196.479
190.557
184.087
176.937
169.148
160.906
152.423
143.439
133.537
122.569
111.178
100.043
89.8235
79.0556
66.0289
51.2441
37.3327
23.8732
8.77746
224.635
220.656
216.391
211.903
207.063
201.861
196.336
190.41
183.933
176.778
168.948
160.648
152.091
143.039
133.085
122.174
110.824
99.7972
89.6674
78.9405
65.8567
51.009
37.1135
23.7124
8.65306
224.311
220.389
216.169
211.695
206.871
201.697
196.18
190.264
183.792
176.625
168.765
160.427
151.788
142.603
132.522
121.603
110.338
99.4361
89.4551
78.8008
65.6626
50.747
36.8775
23.5544
8.53655
224.018
220.158
215.983
211.51
206.688
201.545
196.069
190.169
183.705
176.511
168.608
160.175
151.466
142.132
131.872
120.933
109.769
98.9974
89.2144
78.6677
65.4663
50.4656
36.6285
23.4131
8.45412
223.709
219.955
215.826
211.348
206.532
201.416
195.965
190.087
183.637
176.419
168.381
159.876
151.064
141.592
131.129
120.111
109.087
98.4741
88.9085
78.5015
65.2451
50.1531
36.3627
23.2753
8.37613
223.381
219.773
215.691
211.206
206.393
201.304
195.888
190.043
183.617
176.383
168.274
159.627
150.616
140.946
130.261
119.133
108.265
97.8567
88.5173
78.2824
64.9863
49.8027
36.0795
23.157
8.3198
223.023
219.588
215.558
211.072
206.27
201.216
195.836
190.034
183.643
176.409
168.271
159.448
150.128
140.147
129.211
117.954
107.244
97.1221
88.0306
77.9986
64.6788
49.4074
35.7745
23.0457
8.27757
222.649
219.388
215.423
210.951
206.165
201.138
195.803
190.06
183.721
176.5
168.319
159.31
149.578
139.14
127.914
116.542
106.011
96.2514
87.4433
77.6393
64.3108
48.9618
35.4486
22.9514
8.25073
222.286
219.179
215.289
210.844
206.074
201.073
195.791
190.123
183.857
176.664
168.432
159.194
148.943
137.889
126.3
114.834
104.534
95.219
86.7472
77.1947
63.874
48.4652
35.1019
22.8679
8.23777
221.973
218.982
215.163
210.746
205.994
201.022
195.798
190.222
184.069
176.948
168.634
159.057
148.155
136.34
124.308
112.784
102.792
94.0025
85.9329
76.6587
63.365
47.9236
34.7416
22.8009
8.23845
221.746
218.817
215.048
210.655
205.919
200.979
195.823
190.362
184.364
177.362
168.928
158.866
147.157
134.45
121.893
110.352
100.767
92.5872
84.9928
76.0302
62.7885
47.3511
34.3754
22.7496
8.25171
221.624
218.695
214.942
210.562
205.846
200.943
195.864
190.539
184.732
177.892
169.291
158.576
145.887
132.174
119.025
107.512
98.4463
90.9662
83.9226
75.3125
62.1563
46.7646
34.016
22.7156
8.27658
221.61
218.613
214.838
210.462
205.768
200.908
195.918
190.751
185.163
178.498
169.659
158.122
144.288
129.479
115.691
104.246
95.8228
89.1415
82.7224
74.512
61.4865
46.1862
33.6781
22.7006
8.31188
221.679
218.554
214.726
210.351
205.684
200.872
195.979
190.989
185.646
179.135
169.962
157.448
142.322
126.344
111.893
100.555
92.8973
87.1219
81.3981
73.6399
60.8025
45.6424
33.361
22.7068
8.35628
221.784
218.498
214.603
210.227
205.588
200.828
196.041
191.238
186.163
179.758
170.138
156.51
139.974
122.772
107.643
96.4517
89.6821
84.9227
79.9621
72.712
60.132
45.1618
33.1258
22.7355
8.40813
221.881
218.432
214.468
210.089
205.48
200.772
196.091
191.481
186.688
180.318
170.138
155.281
137.251
118.785
102.97
91.962
86.1977
82.5649
78.4325
71.7478
59.5049
44.7722
32.964
22.788
8.46575
221.948
218.35
214.32
209.938
205.356
200.695
196.115
191.694
187.174
180.758
169.916
153.739
134.162
114.402
97.9055
87.1216
82.4728
80.0742
76.8321
70.7698
58.9495
44.4989
32.8895
22.866
8.52757
221.981
218.252
214.162
209.776
205.214
200.59
196.097
191.857
187.558
181.031
169.427
151.859
130.705
109.633
92.4743
81.9703
78.543
77.4812
75.1876
69.8025
58.4904
44.3634
32.9138
22.9714
8.59238
221.981
218.14
213.998
209.604
205.052
200.449
196.02
191.943
187.782
181.098
168.629
149.617
126.869
104.486
86.7082
76.5521
74.4504
74.8198
73.528
68.8708
58.1505
44.3823
33.0455
23.1058
8.65928
221.949
218.02
213.833
209.425
204.865
200.264
195.875
191.935
187.815
180.915
167.48
147.002
122.678
99.0122
80.6711
70.9305
70.2474
72.1272
71.8842
68.0002
57.9494
44.5661
33.2894
23.2703
8.72778
221.893
217.894
213.667
209.238
204.652
200.029
195.659
191.744
187.633
180.423
165.963
144.042
118.211
93.3275
74.4714
65.1992
65.9992
69.4449
70.2876
67.215
57.9024
44.9192
33.6468
23.4654
8.79776
221.821
217.766
213.502
209.043
204.409
199.739
195.361
191.323
187.217
179.575
164.097
140.808
113.592
87.5924
68.2523
59.4765
61.781
66.8196
68.7694
66.538
58.0204
45.4399
34.1156
23.691
8.86958
221.742
217.638
213.337
208.837
204.139
199.392
194.957
190.664
186.53
178.364
161.934
137.4
108.962
81.964
62.1777
53.8937
57.6774
64.3018
67.3624
65.9913
58.3093
46.1216
34.6907
23.9466
8.94394
221.658
217.51
213.17
208.618
203.843
198.995
194.424
189.781
185.531
176.835
159.547
133.926
104.45
76.5711
56.4027
48.5783
53.7791
61.9398
66.0989
65.5955
58.7703
46.9523
35.3634
24.2314
9.02189
221.571
217.381
212.999
208.382
203.52
198.557
193.754
188.7
184.211
175.056
157.024
130.493
100.173
71.5241
51.0456
43.6381
50.1763
59.7782
65.0036
65.3639
59.3993
47.9161
36.1235
24.5442
9.10476
221.481
217.248
212.823
208.132
203.17
198.084
192.955
187.461
182.616
173.109
154.475
127.222
96.248
66.9305
46.1984
39.1701
46.9438
57.8596
64.0975
65.3049
60.1877
48.9939
36.958
24.8835
9.19407
221.38
217.097
212.622
207.852
202.766
197.535
191.959
185.925
180.691
170.927
151.792
123.954
92.4542
62.5015
41.5373
34.8854
43.8639
56.0566
63.3308
65.4357
61.2129
50.2804
37.9426
25.2847
9.30137
221.27
216.933
212.396
207.555
202.329
196.925
190.78
184.073
178.602
168.703
149.2
120.984
89.1543
58.6391
37.4685
31.1556
41.2074
54.5468
62.8178
65.8413
62.511
51.7792
39.0827
25.758
9.43216
221.17
216.781
212.187
207.281
201.937
196.352
189.617
182.319
176.731
166.821
147.077
118.724
86.8041
55.871
34.536
28.4656
39.3154
53.5364
62.648
66.5104
63.9596
53.3375
40.2654
26.2641
9.57901
221.086
216.65
212.012
207.042
201.62
195.845
188.593
180.844
175.19
165.42
145.528
117.258
85.4739
54.2921
32.8248
26.884
38.2301
53.0464
62.8325
67.4294
65.5167
54.9145
41.4679
26.7999
9.74466
221.02
216.547
211.881
206.849
201.387
195.431
187.782
179.746
174.009
164.554
144.612
116.641
85.1971
53.9667
32.3859
26.439
37.964
53.0847
63.3692
68.57
67.1327
56.4734
42.6732
27.3628
9.93099
220.973
216.475
211.794
206.709
201.232
195.126
187.209
179.001
173.171
164.2
144.354
116.906
85.9911
54.919
33.2286
27.1215
38.5007
53.6447
64.242
69.8927
68.761
57.9879
43.8686
27.9498
10.1388
220.944
216.436
211.744
206.624
201.146
194.941
186.88
178.595
172.643
164.269
144.741
118.057
87.8593
57.1258
35.3173
28.8915
39.8001
54.7042
65.4212
71.3524
70.3642
59.4409
45.0458
28.5587
10.3688
220.935
216.425
211.728
206.591
201.125
194.881
186.781
178.447
172.372
164.609
145.713
120.054
90.7487
60.5133
38.5761
31.6763
41.8027
56.2241
66.8659
72.9026
71.9134
60.8227
46.201
29.1877
10.6206
220.945
216.441
211.743
206.609
201.163
194.935
186.876
178.759
172.305
165.042
147.155
122.787
94.5159
64.9499
42.8912
35.3748
44.4315
58.1477
68.5253
74.4971
73.3879
62.1321
47.3339
29.8335
10.8926
220.977
216.48
211.787
206.672
201.253
195.078
187.091
178.898
172.357
165.419
148.935
126.1
98.9541
70.2238
48.1262
39.8455
47.5943
60.3984
70.3392
76.0931
74.7756
63.3755
48.4456
30.4924
11.1826
221.033
216.545
211.859
206.77
201.381
195.282
187.417
179.197
172.513
165.689
150.95
129.858
103.875
76.1596
54.0581
44.9844
51.1785
62.8797
72.2404
77.6564
76.0734
64.5636
49.5372
31.1615
11.4881
221.116
216.636
211.958
206.897
201.538
195.527
187.847
179.651
172.794
165.932
153.167
133.895
109.211
82.5406
60.4748
50.5646
55.1344
65.473
74.162
79.1631
77.2829
65.7066
50.6093
31.8377
11.8062
221.228
216.754
212.081
207.046
201.712
195.8
188.366
180.258
173.238
166.308
155.572
138.136
114.864
89.1434
67.1508
56.3711
59.2643
68.1067
76.0423
80.5974
78.4063
66.8109
51.6603
32.5173
12.1337
221.37
216.9
212.226
207.214
201.896
196.086
188.952
181.006
173.879
166.948
158.075
142.488
120.753
95.7506
73.8443
62.1763
63.3711
70.6945
77.8234
81.9509
79.444
67.8781
52.6863
33.1951
12.4676
221.542
217.076
212.396
207.397
202.084
196.37
189.571
181.86
174.706
167.849
160.475
146.827
126.739
102.157
80.307
67.7541
67.2868
73.1854
79.4359
83.2182
80.3941
68.9051
53.68
33.8651
12.805
221.735
217.274
212.585
207.59
202.266
196.631
190.163
182.73
175.639
168.873
162.476
150.849
132.371
107.939
86.0725
72.7029
70.7368
75.3605
80.8537
84.343
81.2155
69.8423
54.5927
34.4931
13.1295
221.935
217.481
212.778
207.785
202.435
196.859
190.681
183.513
176.508
169.855
163.984
154.363
137.264
112.846
90.8658
76.7333
73.5711
77.1409
82.0335
85.2823
81.8865
70.6495
55.3844
35.0491
13.425
222.138
217.692
212.973
207.979
202.596
197.062
191.118
184.176
177.276
170.739
165.128
157.414
141.44
117.005
94.7906
79.9962
75.8638
78.5806
83.0059
86.0489
82.4294
71.3356
56.0635
35.5361
13.692
222.341
217.901
213.163
208.172
202.756
197.246
191.483
184.721
177.918
171.504
166.022
160.015
144.993
120.564
97.9905
82.6293
77.7045
79.7351
83.801
86.659
82.8682
71.9145
56.6431
35.9603
13.9331
222.545
218.104
213.345
208.363
202.918
197.417
191.787
185.157
178.431
172.133
166.726
162.106
148.03
123.636
100.6
84.7418
79.1695
80.6492
84.4533
87.1234
83.2231
72.4005
57.136
36.3282
14.1509
222.75
218.296
213.516
208.551
203.083
197.578
192.041
185.499
178.823
172.629
167.275
163.706
150.567
126.288
102.735
86.4279
80.3244
81.3624
84.9562
87.4924
83.5109
72.8078
57.5539
36.6458
14.348
222.957
218.472
213.672
208.73
203.247
197.728
192.254
185.766
179.115
173.012
167.695
164.828
152.647
128.556
104.486
87.7688
81.2266
81.9112
85.3401
87.7789
83.7447
73.1487
57.907
36.9189
14.5265
223.166
218.632
213.814
208.897
203.405
197.868
192.434
185.974
179.335
173.302
168.012
165.543
154.307
130.47
105.928
88.8325
81.9256
82.3287
85.6298
87.9971
83.9345
73.4341
58.204
37.1524
14.6884
223.373
218.776
213.943
209.05
203.553
197.997
192.587
186.137
179.504
173.52
168.208
165.955
155.589
132.054
107.123
89.6748
82.4638
82.642
85.8453
88.1589
84.0875
73.6727
58.4526
37.3512
14.8357
223.572
218.903
214.063
209.188
203.688
198.116
192.715
186.264
179.639
173.683
168.381
166.171
156.554
133.33
108.11
90.3406
82.8736
82.8737
86.0027
88.2753
84.2108
73.8716
58.6594
37.52
14.9698
223.758
219.016
214.176
209.313
203.81
198.22
192.82
186.366
179.747
173.805
168.509
166.259
157.248
134.328
108.911
90.8593
83.1798
83.0416
86.1122
88.3543
84.3113
74.0364
58.8295
37.6627
15.0934
223.931
219.118
214.282
209.423
203.919
198.309
192.9
186.447
179.841
173.902
168.609
166.281
157.681
135.09
109.546
91.2665
83.415
83.1627
86.1831
88.4049
84.3948
74.1718
58.9681
37.7832
15.2047
224.079
219.213
214.382
209.518
204.011
198.391
192.966
186.513
179.919
173.983
168.684
166.282
157.908
135.617
110.024
91.5665
83.5546
83.2269
86.216
88.4349
84.4611
74.2787
59.08
37.8879
15.315
224.196
219.291
214.461
209.6
204.09
198.446
193.012
186.579
180.004
174.058
168.743
166.333
157.995
135.941
110.356
91.7946
83.6889
83.2883
86.2463
88.4638
84.5161
74.3605
59.167
37.9676
15.3983
224.265
219.367
214.534
209.666
204.162
198.516
193.068
186.64
180.069
174.113
168.775
166.374
158.137
136.155
110.589
91.9362
83.7157
83.2615
86.2072
88.4501
84.5438
74.4223
59.2506
38.0605
15.5115
)
;

boundaryField
{
    inlet
    {
        type            zeroGradient;
    }
    outlet
    {
        type            fixedValue;
        value           uniform 0;
    }
    upperWall
    {
        type            zeroGradient;
    }
    lowerWall
    {
        type            zeroGradient;
    }
    frontAndBack
    {
        type            empty;
    }
}


// ************************************************************************* //
