/*--------------------------------*- C++ -*----------------------------------*\
| =========                 |                                                 |
| \\      /  F ield         | OpenFOAM: The Open Source CFD Toolbox           |
|  \\    /   O peration     | Version:  2112                                  |
|   \\  /    A nd           | Website:  www.openfoam.com                      |
|    \\/     M anipulation  |                                                 |
\*---------------------------------------------------------------------------*/
FoamFile
{
    version     2.0;
    format      ascii;
    arch        "LSB;label=32;scalar=64";
    class       volScalarField;
    location    "0.038";
    object      s;
}
// * * * * * * * * * * * * * * * * * * * * * * * * * * * * * * * * * * * * * //

dimensions      [0 0 0 0 0 0 0];

internalField   nonuniform List<scalar> 
12225
(
1
1
1
1
1
1
1
1
1
1
1
1
1
1
1
1
1
1
1
1
1
1
1
1
1
1
1
1
1
1
1
1
1
1
1
1
1
1
1
1
1
1
1
1
1
1
1
1
1
1
1
1
1
1
1
1
1
1
1
1
1
1
1
1
1
1
1
1
1
1
1
1
1
1
1
1
1
1
1
1
1
1
1
1
1
1
1
1
1
1
1
1
1
1
1
1
1
1
1
1
1
1
1
1
1
1
1
1
1
1
1
1
1
1
1
1
1
1
1
1
1
1
1
1
1
1
1
1
1
1
1
1
1
1
1
1
1
1
1
1
1
1
1
1
1
1
1
1
1
1
1
1
1
1
1
1
1
1
1
1
1
1
1
1
1
1
1
1
1
1
1
1
1
1
1
1
1
1
1
1
1
1
1
1
1
1
1
1
1
1
1
1
1
1
1
1
1
1
1
1
1
1
1
1
1
1
1
1
1
1
1
1
1
1
1
1
1
1
1
1
1
1
1
1
1
1
1
1
1
1
1
1
1
1
1
1
1
1
1
1
1
1
1
1
1
1
1
1
1
1
1
1
1
1
1
1
1
1
1
1
1
1
1
1
1
1
1
1
1
1
1
1
1
1
1
1
1
1
1
1
1
1
1
1
1
1
1
1
1
1
1
1
1
1
1
1
1
1
1
1
1
1
1
1
1
1
1
1
1
1
1
1
1
1
1
1
1
1
1
1
1
1
1
1
1
1
1
1
1
1
1
1
1
1
1
1
1
1
1
1
1
1
1
1
1
1
1
1
1
1
1
1
1
1
1
1
1
1
1
1
1
1
1
1
1
1
1
1
1
1
1
1
1
1
1
1
1
1
1
1
1
1
1
1
1
1
1
1
1
1
1
1
1
1
1
1
1
1
1
1
1
1
1
1
1
1
1
1
1
1
1
1
1
1
1
1
1
1
1
1
1
1
1
1
1
1
1
1
1
1
1
1
1
1
1
1
1
1
1
1
1
1
1
1
1
1
1
1
1
1
1
1
1
1
1
1
1
1
1
1
1
1
1
1
1
1
1
1
1
1
1
1
1
1
1
1
1
1
1
1
1
1
1
1
1
1
1
1
1
1
1
1
1
1
1
1
1
1
1
1
1
1
1
1
1
1
1
1
1
1
1
1
1
1
1
1
1
1
1
1
1
1
1
1
1
1
1
1
1
1
1
1
1
1
1
1
1
1
1
1
0.344296
0.44242
0.456371
0.456423
0.45055
0.451689
0.490426
0.514108
0.546578
0.5696
0.585432
0.596221
0.608684
0.62313
0.633656
0.640328
0.645243
0.65009
0.654085
0.656016
0.656586
0.656639
0.656454
0.655235
0.653037
0.650224
0.643889
0.622264
0.473193
0.345214
0.33098
0.331221
0.337628
0.349731
0.36216
0.371812
0.393921
0.427665
0.447522
0.451403
0.450757
0.453812
0.455209
0.430411
0.400867
0.376551
0.379263
0.67036
0.857701
0.862325
0.863994
0.864465
0.864554
0.864561
0.864533
0.864418
0.864167
0.863793
0.863406
0.863147
0.863028
0.862905
0.862673
0.862409
0.862207
0.861975
0.86158
0.861083
0.860891
0.860876
0.86132
0.862465
0.863592
0.864536
0.865506
0.866404
0.867462
0.869254
0.871242
0.872554
0.873726
0.875531
0.877434
0.878684
0.880381
0.881927
0.88332
0.884661
0.886024
0.887163
0.888085
0.88921
0.890103
0.890837
0.891254
0.891722
0.891947
0.892122
0.892219
0.892167
0.892039
0.891744
0.891233
0.890505
0.889572
0.888374
0.88676
0.884771
0.882611
0.880438
0.878523
0.876977
0.875556
0.874322
0.873357
0.872716
0.872326
0.872121
0.872006
0.871816
0.871019
0.868281
0.864786
0.861856
0.859693
0.858163
0.857115
0.856448
0.856055
0.855733
0.855199
0.854055
0.851055
0.842939
0.830916
0.81552
0.796104
0.773627
0.748746
0.719659
0.681904
0.630464
0.562707
0.480282
0.389041
0.297271
0.213223
0.142991
0.089387
0.0519935
0.0281296
0.0141698
0.00666306
0.00293853
0.00122242
0.0004771
0.00016629
5.05804e-05
2.52799e-05
1.29931e-05
6.60389e-06
3.27744e-06
1.58694e-06
7.5062e-07
3.47194e-07
1.57164e-07
6.96673e-08
3.0255e-08
1.28766e-08
5.37128e-09
2.19599e-09
8.79574e-10
3.45012e-10
1.32349e-10
4.96074e-11
1.81053e-11
6.42445e-12
2.19588e-12
7.21453e-13
-2.14593e-11
0.29708
0.388087
0.37764
0.339679
0.32453
0.347899
0.408364
0.486211
0.544774
0.58314
0.607193
0.624562
0.636112
0.642473
0.649011
0.653315
0.655146
0.658495
0.661807
0.665792
0.669162
0.672618
0.674748
0.674953
0.674478
0.672981
0.669633
0.660771
0.627832
0.533511
0.393582
0.346166
0.31498
0.282208
0.277019
0.303359
0.333976
0.38566
0.473428
0.501653
0.497037
0.474488
0.463106
0.438499
0.594328
0.791133
0.810707
0.842978
0.861181
0.861869
0.861873
0.859967
0.85715
0.853777
0.849504
0.844796
0.839291
0.832225
0.824827
0.820141
0.815899
0.811766
0.809929
0.808518
0.807838
0.80753
0.8074
0.807349
0.807334
0.807922
0.809645
0.81191
0.814016
0.816123
0.818476
0.820726
0.823067
0.826277
0.829601
0.832256
0.835624
0.83989
0.843974
0.848501
0.853374
0.858411
0.863309
0.869
0.874668
0.880267
0.885219
0.890537
0.895761
0.900631
0.90471
0.908882
0.912062
0.914959
0.917665
0.919916
0.922194
0.924328
0.926352
0.928324
0.930247
0.932154
0.933933
0.935134
0.935284
0.934086
0.930803
0.925555
0.918709
0.910857
0.902509
0.895148
0.889739
0.886387
0.885202
0.885393
0.888052
0.895245
0.901291
0.90492
0.906219
0.906286
0.905473
0.901185
0.892525
0.8853
0.880217
0.877567
0.876896
0.877222
0.88022
0.89244
0.906874
0.918122
0.928475
0.937075
0.94173
0.942703
0.942312
0.94019
0.934579
0.919322
0.894706
0.872483
0.856743
0.843577
0.820837
0.766944
0.650182
0.515791
0.389632
0.285484
0.203584
0.140692
0.0939522
0.0605324
0.0376077
0.0225347
0.0130312
0.00727921
0.00393198
0.00205635
0.00104232
0.000512693
0.000244891
0.000113724
5.13359e-05
2.2555e-05
9.62765e-06
4.00117e-06
1.61013e-06
6.30532e-07
2.36962e-07
8.63267e-08
3.01138e-08
8.11395e-09
0.22783
0.246198
0.263099
0.34644
0.484507
0.590335
0.639438
0.662915
0.665809
0.664659
0.66201
0.657173
0.649802
0.644616
0.641435
0.634639
0.629299
0.625877
0.625725
0.626762
0.629397
0.635052
0.641677
0.649431
0.658775
0.664846
0.668712
0.669771
0.666654
0.651039
0.602521
0.4991
0.401045
0.335291
0.308078
0.310508
0.329741
0.375352
0.47726
0.548404
0.546708
0.509814
0.487008
0.710788
0.817637
0.844883
0.85368
0.857756
0.858758
0.854948
0.847601
0.835393
0.817499
0.801764
0.791903
0.784795
0.781853
0.780989
0.781045
0.782415
0.782763
0.783031
0.784238
0.785866
0.786926
0.787699
0.787704
0.787383
0.787328
0.788087
0.789934
0.792024
0.79437
0.797318
0.800899
0.804823
0.808624
0.812089
0.814988
0.818687
0.822298
0.825691
0.827736
0.830074
0.833036
0.834842
0.836529
0.838959
0.841836
0.845453
0.848954
0.853246
0.857666
0.86218
0.867221
0.872597
0.87812
0.883549
0.889143
0.894557
0.899946
0.905326
0.910709
0.9162
0.92183
0.927676
0.933773
0.94007
0.945856
0.950444
0.954245
0.957142
0.958823
0.958735
0.955699
0.946162
0.931552
0.914404
0.89877
0.888849
0.884574
0.88402
0.885806
0.895855
0.913084
0.926776
0.936666
0.942717
0.945323
0.94568
0.944509
0.936819
0.910991
0.886402
0.873047
0.868332
0.867915
0.869733
0.880352
0.90443
0.923123
0.936326
0.946135
0.954331
0.962213
0.9699
0.976345
0.980367
0.981858
0.981957
0.981294
0.977879
0.968663
0.960415
0.949327
0.925426
0.862531
0.694831
0.507421
0.354488
0.239669
0.156972
0.0995639
0.0611585
0.0363897
0.0209858
0.0117363
0.00637135
0.00335897
0.00172185
0.000857932
0.000416204
0.000196177
9.01033e-05
4.0087e-05
1.7383e-05
7.24286e-06
2.93617e-06
1.13144e-06
3.95268e-07
0.191053
0.28349
0.529459
0.658567
0.697167
0.697405
0.693132
0.682307
0.666559
0.642938
0.620729
0.589955
0.565073
0.551526
0.531232
0.513
0.507784
0.502677
0.496315
0.496368
0.498811
0.506267
0.518351
0.537315
0.572117
0.613839
0.645219
0.661269
0.669974
0.669464
0.66209
0.637348
0.590162
0.522899
0.457861
0.457353
0.474647
0.524303
0.580282
0.592991
0.559668
0.552847
0.707439
0.824466
0.848611
0.853912
0.85476
0.853882
0.844932
0.826684
0.797148
0.781157
0.773494
0.770279
0.769576
0.772253
0.776704
0.779004
0.783572
0.785055
0.785318
0.785308
0.784813
0.782785
0.778553
0.772776
0.766295
0.759367
0.755462
0.753447
0.75214
0.751837
0.757337
0.763558
0.769988
0.780284
0.79155
0.799862
0.80641
0.814983
0.823176
0.83126
0.83699
0.84172
0.847909
0.852433
0.856011
0.858939
0.860403
0.860809
0.860445
0.860384
0.860412
0.861464
0.863466
0.865822
0.868725
0.872096
0.875617
0.879274
0.883043
0.886931
0.890983
0.895051
0.899148
0.903382
0.907985
0.913364
0.920628
0.930314
0.941387
0.952659
0.961238
0.966576
0.969883
0.971337
0.970945
0.967097
0.954264
0.931055
0.908429
0.892341
0.884043
0.881746
0.882127
0.886768
0.905309
0.928789
0.946977
0.959755
0.967185
0.970092
0.970311
0.968078
0.954371
0.915865
0.886918
0.872915
0.868962
0.869306
0.875131
0.898233
0.922879
0.939292
0.950584
0.959042
0.966071
0.972431
0.9785
0.984234
0.988918
0.991826
0.993012
0.993198
0.993037
0.99209
0.988848
0.979802
0.956138
0.885129
0.690379
0.485828
0.326666
0.211345
0.132199
0.0801098
0.0470663
0.0268392
0.0148626
0.00800113
0.00418652
0.00213159
0.00105442
0.000507615
0.000236829
0.000107442
4.69647e-05
1.98906e-05
8.07306e-06
3.0041e-06
0.196763
0.651805
0.723358
0.722155
0.713491
0.694051
0.653607
0.601598
0.55722
0.519218
0.496654
0.478136
0.463955
0.455481
0.446654
0.440429
0.439454
0.438985
0.438576
0.439081
0.440578
0.443804
0.449825
0.459701
0.476871
0.516149
0.58222
0.634169
0.661977
0.67422
0.675094
0.671348
0.659711
0.627203
0.603023
0.580084
0.576289
0.595926
0.612926
0.599792
0.605327
0.730333
0.821337
0.847948
0.852629
0.853004
0.849324
0.83595
0.803495
0.773217
0.762568
0.758986
0.75849
0.763229
0.772271
0.777369
0.782672
0.784148
0.784553
0.782925
0.777152
0.767494
0.752469
0.729296
0.698962
0.667607
0.642589
0.627647
0.621741
0.620169
0.620299
0.625191
0.63613
0.646061
0.652891
0.662523
0.678519
0.69602
0.710759
0.729113
0.747913
0.768577
0.788996
0.806128
0.823239
0.837882
0.850861
0.861539
0.871044
0.878463
0.882362
0.884831
0.886067
0.886801
0.887515
0.888369
0.889458
0.891147
0.893297
0.895897
0.898819
0.901867
0.90478
0.907415
0.909438
0.910567
0.910688
0.910894
0.91252
0.915556
0.920419
0.927806
0.939688
0.954351
0.966797
0.973745
0.977272
0.978423
0.977665
0.973153
0.958192
0.93367
0.911236
0.895022
0.8865
0.883766
0.883734
0.886169
0.898835
0.927078
0.950699
0.967135
0.976335
0.97969
0.979823
0.976875
0.959689
0.91639
0.886918
0.873359
0.86999
0.870815
0.878981
0.906799
0.932837
0.950026
0.961088
0.96847
0.974183
0.979257
0.983978
0.988264
0.991866
0.994534
0.996064
0.996589
0.996601
0.996253
0.994554
0.9884
0.968272
0.901587
0.706578
0.493473
0.328505
0.209542
0.128799
0.07665
0.0442815
0.0248615
0.0135651
0.00719768
0.00370978
0.00185845
0.00090237
0.000425081
0.000193238
8.4821e-05
3.58694e-05
1.39615e-05
0.74054
0.74398
0.737574
0.714654
0.663792
0.589826
0.541073
0.508311
0.486767
0.468401
0.45525
0.442468
0.431037
0.423841
0.416002
0.412288
0.412692
0.414689
0.417398
0.41931
0.420943
0.422846
0.425493
0.431176
0.447059
0.487248
0.545623
0.608093
0.652141
0.673661
0.680744
0.68096
0.67829
0.66838
0.648377
0.593802
0.586613
0.628362
0.63144
0.647815
0.751089
0.822019
0.845702
0.851059
0.851442
0.846746
0.830557
0.792248
0.761631
0.751451
0.74906
0.74933
0.757027
0.769832
0.780464
0.783272
0.78368
0.782358
0.776835
0.762845
0.734614
0.688615
0.620043
0.557308
0.531853
0.520115
0.51638
0.516824
0.529072
0.549583
0.568911
0.588924
0.603248
0.611962
0.616787
0.620047
0.625701
0.630752
0.634773
0.641007
0.647766
0.65525
0.665743
0.678482
0.694351
0.716219
0.742139
0.77136
0.80172
0.830936
0.852117
0.865933
0.874649
0.880102
0.883337
0.885787
0.888065
0.890566
0.893587
0.897389
0.902054
0.907585
0.91381
0.920448
0.927108
0.933525
0.939077
0.941956
0.940837
0.935178
0.929232
0.926988
0.929336
0.937347
0.948893
0.963428
0.975093
0.981054
0.983353
0.983325
0.980664
0.969902
0.948017
0.926223
0.908134
0.896323
0.890806
0.88953
0.889875
0.893363
0.909579
0.939158
0.961959
0.976454
0.983279
0.984792
0.983877
0.976284
0.943139
0.9025
0.880907
0.872881
0.87191
0.874436
0.889985
0.923682
0.948287
0.96408
0.973637
0.979427
0.983354
0.986635
0.989755
0.992639
0.995031
0.996702
0.997576
0.997818
0.997777
0.997285
0.994964
0.986064
0.954524
0.841728
0.615996
0.42343
0.277671
0.174657
0.105802
0.0619612
0.0351681
0.0193865
0.0103807
0.00539798
0.00272035
0.00132798
0.000625949
0.000284343
0.000124753
5.05834e-05
0.750603
0.744772
0.712496
0.635869
0.578391
0.534896
0.501858
0.47934
0.462657
0.445474
0.428111
0.407832
0.387855
0.371604
0.358416
0.359156
0.363565
0.37349
0.38807
0.399734
0.407106
0.410691
0.417575
0.433255
0.464481
0.503136
0.553426
0.60934
0.653616
0.675495
0.682676
0.683144
0.680344
0.669107
0.626537
0.592552
0.652176
0.675766
0.691568
0.772062
0.823075
0.843602
0.849044
0.849766
0.845191
0.82874
0.790902
0.754709
0.743053
0.740534
0.741054
0.748666
0.764165
0.778751
0.78223
0.782667
0.780507
0.770542
0.74584
0.696107
0.6068
0.511799
0.472244
0.452916
0.44534
0.443577
0.448546
0.472025
0.500165
0.51998
0.54993
0.586648
0.607029
0.619439
0.624138
0.6267
0.628757
0.630463
0.631779
0.633961
0.635777
0.636934
0.638873
0.640879
0.642693
0.644648
0.648656
0.656122
0.668357
0.687481
0.715338
0.74741
0.775089
0.795069
0.80765
0.815135
0.820082
0.824214
0.829039
0.835775
0.845245
0.857845
0.87307
0.889606
0.907268
0.924727
0.939375
0.950219
0.95819
0.96332
0.964679
0.960941
0.951207
0.945142
0.945103
0.951985
0.964177
0.976103
0.98396
0.987076
0.987377
0.985416
0.975584
0.952931
0.931623
0.914597
0.90314
0.897197
0.89544
0.895552
0.89786
0.909608
0.938333
0.962176
0.977926
0.985956
0.988237
0.987897
0.983337
0.960388
0.916763
0.890464
0.879441
0.877221
0.878083
0.885212
0.91264
0.943567
0.96408
0.976643
0.983894
0.988051
0.990728
0.99285
0.994738
0.996367
0.997576
0.99827
0.998508
0.998507
0.99826
0.99691
0.991323
0.970304
0.894105
0.686318
0.480291
0.321194
0.205995
0.127161
0.0757366
0.0435971
0.024274
0.0130826
0.00682268
0.00344286
0.00167846
0.000788178
0.000358009
0.000150973
0.749609
0.730752
0.665681
0.601907
0.551872
0.51107
0.480228
0.457627
0.433179
0.402989
0.363681
0.323175
0.291134
0.26798
0.259631
0.262878
0.275449
0.308901
0.350147
0.374072
0.385425
0.403205
0.430364
0.472895
0.511115
0.539494
0.572101
0.613191
0.648269
0.672891
0.682204
0.682393
0.67657
0.640636
0.604189
0.657613
0.71517
0.734249
0.78427
0.824679
0.841113
0.846546
0.847661
0.843774
0.82723
0.796424
0.756308
0.739093
0.734713
0.73449
0.738876
0.752566
0.772869
0.779669
0.781071
0.779483
0.769006
0.738822
0.670808
0.559428
0.462491
0.420698
0.399213
0.388498
0.384132
0.383678
0.394118
0.420114
0.444809
0.478727
0.535748
0.586914
0.621974
0.658738
0.672937
0.676847
0.675833
0.668967
0.666886
0.664264
0.659879
0.655973
0.652452
0.649515
0.64688
0.643984
0.642364
0.641691
0.642404
0.644942
0.649115
0.654874
0.663388
0.673245
0.68194
0.688333
0.692834
0.696414
0.700215
0.705347
0.712992
0.724457
0.741458
0.766266
0.799268
0.840729
0.886559
0.92348
0.949017
0.963711
0.971771
0.976476
0.978063
0.976569
0.968971
0.962992
0.962756
0.968918
0.979275
0.986707
0.990004
0.990416
0.988983
0.98055
0.956159
0.933153
0.916629
0.906614
0.90208
0.901037
0.901462
0.905142
0.921602
0.948546
0.968992
0.98241
0.989368
0.991492
0.991353
0.988383
0.973393
0.933788
0.90588
0.893237
0.890219
0.890699
0.894751
0.91229
0.942316
0.964372
0.978524
0.986846
0.991457
0.99399
0.995582
0.996797
0.997783
0.998495
0.998888
0.999011
0.999
0.99879
0.99768
0.993017
0.97509
0.909162
0.714522
0.504955
0.341488
0.221561
0.138333
0.0832931
0.0484226
0.0271929
0.0147463
0.00771428
0.00388941
0.00188488
0.000883323
0.000386181
0.74763
0.718348
0.647683
0.58737
0.531158
0.483331
0.453212
0.426763
0.387057
0.333647
0.284103
0.254977
0.236818
0.226256
0.221861
0.224674
0.237101
0.277535
0.337382
0.369025
0.39264
0.426815
0.479096
0.511696
0.532111
0.550348
0.574731
0.606278
0.645757
0.670165
0.677713
0.671188
0.640381
0.623912
0.647386
0.735388
0.763556
0.789843
0.824436
0.838349
0.843293
0.844758
0.841426
0.828954
0.810481
0.778712
0.742375
0.730581
0.728482
0.729274
0.736084
0.752707
0.77254
0.777879
0.777645
0.768499
0.740162
0.678584
0.573604
0.453403
0.394559
0.366202
0.34208
0.324182
0.316696
0.314307
0.318508
0.344878
0.384673
0.431635
0.495427
0.562595
0.62049
0.666697
0.694364
0.710951
0.729786
0.740291
0.735415
0.733853
0.728182
0.721346
0.715249
0.709255
0.702993
0.694959
0.685075
0.676072
0.667758
0.660677
0.655496
0.652702
0.651933
0.652968
0.654982
0.657404
0.659891
0.662427
0.665177
0.668366
0.672605
0.67832
0.686125
0.696508
0.710401
0.730083
0.762482
0.819147
0.888161
0.937849
0.964177
0.976549
0.982514
0.985704
0.986486
0.985378
0.980218
0.976759
0.977482
0.98357
0.989739
0.992401
0.992672
0.991406
0.983648
0.95957
0.937146
0.922732
0.915376
0.912939
0.912798
0.91414
0.921616
0.943337
0.963684
0.978407
0.987948
0.992944
0.994556
0.994541
0.99305
0.985967
0.961577
0.936062
0.922664
0.918198
0.918021
0.919804
0.927542
0.948779
0.968214
0.981332
0.989263
0.9937
0.996089
0.997413
0.998243
0.998811
0.999169
0.999336
0.999369
0.99934
0.999098
0.997931
0.99312
0.974595
0.906059
0.709217
0.503249
0.341954
0.222999
0.139927
0.0846178
0.0493535
0.0277684
0.0150643
0.00787745
0.00396032
0.00192467
0.000873429
0.745809
0.707462
0.639787
0.577891
0.509562
0.468779
0.439995
0.402489
0.345087
0.28982
0.256717
0.237256
0.224853
0.218027
0.215341
0.221214
0.251177
0.312246
0.362013
0.390036
0.434113
0.484267
0.507865
0.522169
0.53672
0.554606
0.579628
0.614012
0.645553
0.658284
0.647471
0.633986
0.6343
0.654664
0.743554
0.78038
0.797479
0.822993
0.835457
0.840069
0.841627
0.839066
0.829277
0.817915
0.798166
0.765385
0.73545
0.727059
0.725471
0.726133
0.732377
0.749888
0.769464
0.77361
0.771572
0.756646
0.711145
0.618924
0.493302
0.392991
0.348627
0.321293
0.289453
0.269013
0.259967
0.256798
0.257791
0.27578
0.308336
0.349006
0.41191
0.494866
0.576428
0.641142
0.678499
0.710449
0.738183
0.775502
0.801531
0.80474
0.805076
0.804237
0.805432
0.808039
0.809617
0.80799
0.801178
0.789515
0.774509
0.756679
0.737645
0.71964
0.702669
0.688006
0.67709
0.670328
0.666988
0.66611
0.666854
0.668792
0.671949
0.676495
0.682935
0.691313
0.701634
0.713666
0.72833
0.748563
0.784937
0.853736
0.924577
0.962638
0.979533
0.986772
0.990428
0.991959
0.991959
0.990422
0.987066
0.986344
0.988329
0.992636
0.994411
0.994524
0.993353
0.986345
0.965742
0.948172
0.93812
0.934056
0.933308
0.933628
0.936006
0.946204
0.9633
0.976733
0.986309
0.992446
0.995738
0.996926
0.997015
0.996546
0.99442
0.987611
0.97347
0.96198
0.955019
0.952283
0.952225
0.953918
0.961542
0.975362
0.985497
0.991847
0.995462
0.997418
0.998472
0.999059
0.99939
0.999555
0.99961
0.99961
0.999555
0.999232
0.997797
0.992025
0.969966
0.888357
0.680375
0.482919
0.328112
0.214012
0.134281
0.0811336
0.0472299
0.0264828
0.0143053
0.00742801
0.0037302
0.00175876
0.744372
0.702581
0.637801
0.573264
0.501719
0.463221
0.433267
0.38921
0.325395
0.277385
0.250877
0.234768
0.224952
0.222177
0.226032
0.250223
0.303134
0.368143
0.413693
0.451665
0.488002
0.504239
0.513629
0.525398
0.540351
0.563559
0.591921
0.613932
0.62485
0.623735
0.626786
0.635733
0.665782
0.747187
0.788508
0.805656
0.819617
0.832308
0.836838
0.838614
0.837709
0.832359
0.826037
0.814945
0.796241
0.765466
0.731878
0.721281
0.719671
0.720445
0.726215
0.742433
0.763077
0.768013
0.764951
0.743013
0.686255
0.584005
0.453566
0.362446
0.324837
0.295272
0.255822
0.236333
0.226052
0.220993
0.219589
0.224412
0.243578
0.272568
0.320284
0.389575
0.478301
0.565024
0.634389
0.674962
0.7192
0.777271
0.83923
0.873138
0.886002
0.891978
0.898854
0.907004
0.914425
0.919843
0.92312
0.923852
0.921485
0.914546
0.901442
0.880629
0.853391
0.820694
0.785708
0.754934
0.733649
0.719395
0.710871
0.706216
0.704513
0.705399
0.710023
0.718162
0.728775
0.738377
0.74515
0.752396
0.766168
0.794345
0.846041
0.917452
0.96268
0.982178
0.990079
0.993669
0.995253
0.995465
0.994986
0.993055
0.992197
0.992745
0.995025
0.996069
0.996095
0.995262
0.990702
0.978111
0.967209
0.960736
0.958154
0.957744
0.957942
0.959273
0.965211
0.976598
0.985514
0.991648
0.995458
0.997552
0.998442
0.998624
0.998555
0.998144
0.997031
0.9944
0.987811
0.980897
0.976317
0.974574
0.974722
0.976895
0.984
0.990561
0.994703
0.997114
0.998435
0.999138
0.999505
0.999685
0.999757
0.999771
0.999759
0.999664
0.9992
0.997253
0.989589
0.960615
0.853655
0.63802
0.450907
0.305084
0.19821
0.123812
0.0744136
0.0430322
0.0239537
0.0128115
0.0066248
0.0032252
0.74359
0.700664
0.640095
0.57219
0.499683
0.462054
0.431526
0.384782
0.319441
0.280218
0.265002
0.258102
0.255857
0.25807
0.279108
0.321366
0.376258
0.432444
0.469046
0.486711
0.497326
0.504579
0.513409
0.527702
0.548818
0.572046
0.589239
0.599707
0.608724
0.622455
0.638486
0.677145
0.756306
0.79371
0.810138
0.818849
0.82789
0.833166
0.835262
0.835442
0.832699
0.827666
0.822783
0.812764
0.795921
0.768165
0.733179
0.718251
0.714421
0.713636
0.715394
0.725495
0.748141
0.757558
0.757405
0.741173
0.689488
0.593623
0.466335
0.364252
0.311838
0.281853
0.248508
0.221864
0.210965
0.206207
0.204878
0.207089
0.220106
0.242813
0.282278
0.339304
0.409393
0.496147
0.582106
0.633371
0.669668
0.746536
0.839758
0.891525
0.914331
0.924251
0.93049
0.936624
0.94215
0.947087
0.951861
0.956834
0.96185
0.966467
0.969565
0.970189
0.967482
0.959446
0.94404
0.917572
0.882829
0.85178
0.828684
0.811668
0.797573
0.787564
0.78429
0.788366
0.804578
0.824994
0.835443
0.833183
0.818549
0.80924
0.819713
0.862346
0.922624
0.966302
0.98532
0.992856
0.995999
0.997268
0.997475
0.99726
0.996219
0.995665
0.99585
0.996869
0.997295
0.997228
0.99651
0.994188
0.990813
0.986548
0.98215
0.978866
0.977228
0.976835
0.976979
0.978488
0.98443
0.990798
0.994903
0.997313
0.998614
0.999233
0.999451
0.999477
0.999443
0.999282
0.998771
0.997085
0.992533
0.988809
0.98715
0.986934
0.987683
0.991057
0.994824
0.997137
0.998464
0.999188
0.999569
0.999759
0.999842
0.999867
0.999866
0.999839
0.999683
0.998992
0.996199
0.985413
0.945131
0.803508
0.589767
0.413264
0.277603
0.178999
0.110893
0.0660196
0.0377965
0.0207763
0.0110351
0.00552771
0.743345
0.700352
0.648044
0.584105
0.508932
0.471169
0.443531
0.399943
0.346264
0.322551
0.308878
0.303821
0.303904
0.319033
0.351085
0.384661
0.425403
0.463059
0.478511
0.486554
0.494175
0.503203
0.516905
0.533902
0.557029
0.572224
0.582941
0.598589
0.616324
0.645921
0.700953
0.767879
0.797856
0.811758
0.818498
0.822595
0.82834
0.830955
0.831
0.828466
0.823078
0.819168
0.813547
0.804301
0.789262
0.764033
0.730519
0.711332
0.708133
0.707483
0.708406
0.713189
0.726415
0.740535
0.742684
0.736125
0.700839
0.619664
0.502557
0.386717
0.319988
0.286728
0.256845
0.227866
0.21378
0.205693
0.200623
0.202634
0.213196
0.233193
0.269742
0.321879
0.382789
0.466099
0.556215
0.615143
0.64311
0.682518
0.801899
0.883322
0.915499
0.927131
0.932661
0.937057
0.940275
0.942731
0.946053
0.95152
0.959111
0.967437
0.974946
0.980814
0.984948
0.987589
0.988087
0.985857
0.978994
0.968916
0.958573
0.949517
0.938413
0.920041
0.896004
0.877965
0.876934
0.89108
0.912467
0.927984
0.928836
0.907054
0.869436
0.863241
0.887694
0.937413
0.973122
0.989002
0.995242
0.997651
0.998504
0.998633
0.998502
0.997923
0.99765
0.997735
0.998174
0.998301
0.998191
0.997431
0.996455
0.995962
0.995389
0.993934
0.990903
0.988624
0.987578
0.987403
0.987794
0.990287
0.994312
0.996937
0.998443
0.999231
0.999615
0.999777
0.999826
0.999828
0.999797
0.999621
0.998843
0.996406
0.994406
0.993661
0.993617
0.994006
0.995715
0.997551
0.998662
0.999292
0.999633
0.999808
0.999891
0.999922
0.999927
0.99992
0.999867
0.999618
0.998579
0.994492
0.978976
0.921692
0.744852
0.539461
0.374333
0.248898
0.158749
0.0971628
0.05712
0.0322111
0.0175375
0.00901429
0.743733
0.703095
0.655893
0.608703
0.530103
0.485787
0.461194
0.428979
0.384042
0.358687
0.349654
0.347171
0.349984
0.370142
0.398171
0.421635
0.451111
0.469899
0.478008
0.485851
0.496429
0.509001
0.52602
0.545506
0.56238
0.575873
0.58998
0.617085
0.659462
0.729731
0.778197
0.801089
0.811693
0.816833
0.819353
0.821756
0.824036
0.821509
0.8163
0.810953
0.807036
0.803475
0.797163
0.787625
0.773782
0.755264
0.731105
0.704324
0.690445
0.688655
0.692992
0.700087
0.71104
0.726699
0.733084
0.73079
0.714652
0.66966
0.577261
0.444333
0.352607
0.305219
0.276147
0.248093
0.228375
0.216596
0.211053
0.213723
0.222323
0.24094
0.275965
0.319446
0.376544
0.456865
0.545901
0.608084
0.636251
0.657335
0.716096
0.840285
0.903114
0.920015
0.920479
0.91347
0.904432
0.897674
0.894761
0.898369
0.910399
0.930703
0.951897
0.969599
0.981536
0.988455
0.992261
0.99432
0.995123
0.994653
0.992825
0.991172
0.989653
0.987177
0.9819
0.968521
0.945642
0.93309
0.936804
0.957476
0.968845
0.9696
0.958975
0.919415
0.90567
0.918173
0.955219
0.981166
0.992702
0.997152
0.998739
0.999229
0.999289
0.999196
0.998894
0.998786
0.99883
0.999012
0.999051
0.998994
0.998718
0.998501
0.998387
0.998193
0.997696
0.996162
0.994517
0.993614
0.993345
0.993463
0.994575
0.99681
0.998295
0.999149
0.999595
0.999811
0.999905
0.999936
0.999939
0.999922
0.999808
0.999258
0.997979
0.997243
0.997062
0.997107
0.997482
0.998411
0.999088
0.999498
0.999733
0.99986
0.999925
0.999953
0.999961
0.999959
0.999942
0.999853
0.999468
0.997921
0.991962
0.969652
0.887909
0.683984
0.490403
0.336096
0.220524
0.138625
0.0835866
0.0482909
0.0269102
0.0141648
0.746105
0.70974
0.669465
0.627344
0.555239
0.506765
0.472618
0.453277
0.432004
0.411169
0.403162
0.400744
0.401599
0.413535
0.431897
0.445003
0.462569
0.476572
0.482771
0.492874
0.508232
0.52346
0.540686
0.559543
0.576337
0.596922
0.631193
0.694421
0.75962
0.790242
0.805828
0.81283
0.815931
0.817342
0.817901
0.816327
0.812083
0.805365
0.798583
0.79411
0.79135
0.788318
0.783824
0.777459
0.769008
0.755827
0.734527
0.70745
0.687888
0.674781
0.667082
0.66718
0.675399
0.692971
0.714327
0.720299
0.714473
0.698392
0.660254
0.58059
0.460166
0.364104
0.316989
0.284866
0.261356
0.245434
0.238798
0.24216
0.253127
0.278804
0.317007
0.355708
0.414085
0.488169
0.558539
0.609572
0.636385
0.653483
0.677872
0.756665
0.864076
0.897797
0.891896
0.871993
0.862475
0.857545
0.854359
0.852197
0.851808
0.858972
0.882696
0.922398
0.954803
0.975852
0.987739
0.993642
0.996294
0.997566
0.998184
0.998354
0.998321
0.998114
0.997636
0.996499
0.993166
0.984893
0.977639
0.976898
0.984348
0.988359
0.987689
0.978629
0.948547
0.93838
0.946197
0.971718
0.988482
0.995769
0.998483
0.99938
0.999623
0.999643
0.999578
0.999453
0.999421
0.999443
0.999513
0.999527
0.999516
0.999478
0.999453
0.99941
0.999306
0.998978
0.998108
0.997321
0.996845
0.99668
0.996717
0.997227
0.998386
0.999154
0.999586
0.999808
0.999915
0.99996
0.999974
0.999974
0.999958
0.99986
0.99944
0.998978
0.998812
0.998806
0.998886
0.999206
0.999533
0.999734
0.999853
0.999921
0.999957
0.999975
0.99998
0.99998
0.999975
0.999943
0.999802
0.999222
0.996953
0.988328
0.956358
0.840115
0.626374
0.44247
0.298544
0.192637
0.119044
0.0703948
0.0401055
0.0215883
0.750182
0.715012
0.675565
0.650787
0.611969
0.557707
0.508473
0.477299
0.455068
0.442447
0.436953
0.435468
0.437035
0.447344
0.459292
0.467919
0.482066
0.494798
0.501825
0.517523
0.536134
0.55216
0.573849
0.599906
0.632025
0.686078
0.747088
0.782376
0.802111
0.811607
0.816062
0.817804
0.818289
0.818305
0.817256
0.814344
0.809037
0.801737
0.794429
0.789145
0.785639
0.78247
0.779052
0.775084
0.769527
0.759828
0.745865
0.723987
0.69709
0.678226
0.665324
0.655442
0.649519
0.650421
0.660164
0.679107
0.697362
0.693722
0.681818
0.656982
0.605577
0.531344
0.451907
0.38749
0.348724
0.318877
0.312135
0.31695
0.33019
0.358981
0.390161
0.415781
0.464863
0.536581
0.595252
0.636378
0.657227
0.663525
0.673947
0.700299
0.788977
0.857129
0.86473
0.858048
0.852897
0.850496
0.848503
0.845729
0.841133
0.836751
0.837848
0.851399
0.899855
0.943768
0.971187
0.986339
0.993843
0.997159
0.998534
0.999176
0.999506
0.999645
0.999675
0.999642
0.999459
0.998741
0.996921
0.996035
0.996128
0.99662
0.996519
0.995112
0.985832
0.96683
0.962146
0.967995
0.984368
0.993841
0.997843
0.999273
0.999716
0.999822
0.999828
0.999795
0.999759
0.999753
0.999763
0.999787
0.999797
0.999801
0.999801
0.999797
0.999775
0.999697
0.999441
0.999079
0.998776
0.998579
0.998513
0.998531
0.998753
0.999275
0.999626
0.999821
0.99992
0.999966
0.999984
0.999989
0.999987
0.999971
0.999877
0.999687
0.999601
0.999591
0.99961
0.999705
0.999825
0.999899
0.999942
0.999968
0.999982
0.999989
0.999991
0.999992
0.99999
0.999978
0.999927
0.999711
0.998852
0.995531
0.983019
0.936921
0.781469
0.568601
0.394473
0.261226
0.165384
0.100047
0.0582355
0.0320307
0.755762
0.724613
0.684839
0.668413
0.647001
0.624422
0.589723
0.548617
0.522392
0.501082
0.491278
0.487419
0.486839
0.493061
0.504542
0.513734
0.527118
0.541236
0.558512
0.58187
0.607499
0.636627
0.675918
0.714623
0.75165
0.783394
0.798642
0.809935
0.815945
0.818695
0.819888
0.82028
0.820331
0.820013
0.81829
0.815189
0.810297
0.803478
0.796272
0.790534
0.786429
0.782935
0.779541
0.775909
0.771647
0.765711
0.756566
0.745416
0.729356
0.704575
0.680557
0.663268
0.651191
0.643403
0.638656
0.639332
0.644805
0.655461
0.662195
0.655383
0.639854
0.613415
0.571528
0.534878
0.488585
0.462516
0.446887
0.443058
0.446115
0.45355
0.466511
0.487044
0.533883
0.598715
0.643721
0.665847
0.681698
0.690045
0.691573
0.696098
0.717946
0.78591
0.835043
0.84845
0.849881
0.849299
0.848287
0.846263
0.841594
0.832904
0.826754
0.827072
0.842742
0.900751
0.946803
0.973372
0.987584
0.994582
0.997735
0.999037
0.999562
0.999791
0.999898
0.99994
0.999946
0.999925
0.999783
0.999575
0.999479
0.99942
0.999311
0.99897
0.997327
0.989281
0.980037
0.978575
0.983096
0.992415
0.997127
0.999031
0.999683
0.999874
0.999916
0.999918
0.999911
0.999906
0.999906
0.99991
0.999915
0.999919
0.99992
0.99992
0.999915
0.999893
0.999817
0.999704
0.999591
0.999492
0.999432
0.999418
0.999437
0.999559
0.999749
0.99987
0.999938
0.999973
0.999989
0.999994
0.999995
0.999993
0.999976
0.99992
0.999886
0.99988
0.999884
0.999909
0.999945
0.999968
0.999981
0.999989
0.999994
0.999996
0.999997
0.999997
0.999996
0.999992
0.999973
0.999891
0.999562
0.99827
0.993313
0.974728
0.906451
0.712411
0.508195
0.345518
0.22411
0.138655
0.0824171
0.0462912
0.7617
0.740922
0.694587
0.674505
0.661066
0.650672
0.638593
0.627952
0.618016
0.608899
0.603411
0.600265
0.599299
0.605194
0.614296
0.627736
0.643101
0.663364
0.690868
0.709074
0.728064
0.749674
0.769998
0.787046
0.800253
0.808953
0.813068
0.817171
0.819532
0.820484
0.820929
0.82109
0.821118
0.821036
0.820483
0.818743
0.815698
0.811215
0.805604
0.799934
0.794484
0.789422
0.785044
0.780984
0.777087
0.773048
0.768409
0.763441
0.756722
0.746516
0.729559
0.705963
0.679316
0.658734
0.645237
0.638402
0.633438
0.631479
0.631083
0.630587
0.62659
0.616607
0.604112
0.578293
0.553305
0.543625
0.524878
0.507731
0.505787
0.509022
0.520645
0.549853
0.611221
0.660251
0.682633
0.69441
0.704877
0.713803
0.716573
0.715117
0.714427
0.724212
0.768965
0.815925
0.83653
0.843789
0.845545
0.845147
0.842387
0.832598
0.821257
0.818014
0.822067
0.863983
0.926327
0.962357
0.981645
0.991512
0.996281
0.998451
0.999377
0.999752
0.9999
0.999959
0.999982
0.999987
0.999985
0.999966
0.999944
0.999923
0.999885
0.999784
0.999388
0.997497
0.991965
0.988738
0.988665
0.992134
0.99675
0.998821
0.99961
0.999869
0.999941
0.999958
0.99996
0.999961
0.999962
0.999963
0.999963
0.999963
0.999964
0.999964
0.999962
0.999956
0.99993
0.99989
0.999853
0.999817
0.99979
0.999779
0.99978
0.999804
0.999876
0.999933
0.999966
0.999984
0.999993
0.999997
0.999998
0.999998
0.999995
0.999982
0.999971
0.999969
0.99997
0.999976
0.999985
0.999991
0.999995
0.999997
0.999998
0.999999
0.999999
0.999999
0.999999
0.999997
0.99999
0.999958
0.999829
0.999315
0.997307
0.989645
0.961017
0.855614
0.636976
0.445237
0.295936
0.187265
0.113645
0.0651726
0.764873
0.75843
0.71092
0.68524
0.669549
0.660728
0.651654
0.645093
0.640102
0.638524
0.640301
0.652132
0.669098
0.683119
0.693742
0.70966
0.725202
0.741506
0.757049
0.770141
0.78024
0.790065
0.798749
0.804082
0.80891
0.812949
0.81504
0.818322
0.819608
0.820299
0.820701
0.820932
0.821016
0.821027
0.820892
0.820377
0.819398
0.817723
0.815129
0.812043
0.808774
0.805078
0.80098
0.796797
0.792518
0.789166
0.78603
0.78229
0.77819
0.773598
0.766277
0.756173
0.742396
0.720196
0.691918
0.666328
0.64897
0.638278
0.632878
0.626634
0.619786
0.615253
0.607506
0.59132
0.580824
0.565132
0.551755
0.550901
0.554454
0.566102
0.594306
0.645356
0.68528
0.705215
0.716583
0.725969
0.731986
0.7348
0.734848
0.733222
0.7251
0.720792
0.72289
0.74367
0.786456
0.813473
0.826999
0.830728
0.829849
0.824281
0.808173
0.803876
0.808477
0.84563
0.914482
0.95641
0.978872
0.990198
0.995643
0.998138
0.999229
0.999688
0.999877
0.999953
0.999982
0.999993
0.999996
0.999996
0.999995
0.999991
0.999981
0.999951
0.999827
0.99927
0.997208
0.994898
0.99403
0.994367
0.996752
0.99874
0.99956
0.999854
0.999946
0.99997
0.999976
0.99998
0.999982
0.999982
0.999982
0.999982
0.999982
0.999982
0.999981
0.999979
0.999973
0.999956
0.999941
0.999927
0.999916
0.999911
0.999911
0.999916
0.99994
0.999966
0.999983
0.999992
0.999996
0.999998
0.999999
0.999999
0.999999
0.999996
0.999994
0.999993
0.999993
0.999994
0.999996
0.999998
0.999999
0.999999
0.999999
1
1
1
0.999999
0.999999
0.999996
0.999983
0.999931
0.999721
0.998887
0.995652
0.983346
0.93746
0.78002
0.559785
0.381319
0.246815
0.152893
0.0894948
0.766255
0.76974
0.74584
0.716387
0.701406
0.692456
0.68582
0.681291
0.679648
0.682732
0.686564
0.698835
0.705953
0.719374
0.730107
0.743727
0.757829
0.767892
0.776334
0.782474
0.787247
0.791584
0.79559
0.798139
0.801339
0.804907
0.80766
0.811296
0.813209
0.814278
0.815534
0.817398
0.817855
0.818533
0.819232
0.819635
0.819394
0.818884
0.817934
0.816584
0.81497
0.813103
0.810932
0.808629
0.80606
0.803163
0.800683
0.797334
0.794622
0.79128
0.78761
0.782504
0.777093
0.767984
0.754854
0.739972
0.71439
0.689112
0.667252
0.650156
0.636534
0.627961
0.62018
0.610808
0.60216
0.599192
0.600753
0.607094
0.623461
0.65631
0.690338
0.715097
0.729174
0.736412
0.741833
0.744977
0.746392
0.746217
0.745479
0.743126
0.733638
0.721119
0.715136
0.713861
0.718907
0.743141
0.77013
0.788869
0.792874
0.790341
0.779582
0.776817
0.784702
0.837041
0.909759
0.953864
0.977611
0.989591
0.995361
0.998018
0.999183
0.999671
0.999869
0.999949
0.999981
0.999993
0.999997
0.999999
0.999999
0.999998
0.999997
0.999988
0.999945
0.999731
0.998895
0.997802
0.997142
0.997022
0.997484
0.998824
0.999555
0.999847
0.999946
0.999975
0.999983
0.999987
0.999989
0.99999
0.99999
0.99999
0.99999
0.99999
0.99999
0.999989
0.999988
0.999983
0.999975
0.999969
0.999965
0.999963
0.999962
0.999963
0.999971
0.999983
0.999991
0.999996
0.999998
0.999999
1
1
1
0.999999
0.999999
0.999999
0.999999
0.999999
0.999999
0.999999
1
1
1
1
1
1
1
1
0.999998
0.999993
0.999972
0.999884
0.999529
0.998131
0.992723
0.97219
0.895656
0.687484
0.480178
0.318048
0.201103
0.120137
0.766678
0.777134
0.76979
0.757487
0.749164
0.745927
0.744947
0.745705
0.750848
0.758417
0.770982
0.78311
0.79254
0.800787
0.815685
0.825655
0.838348
0.843583
0.849337
0.852957
0.855651
0.856591
0.856617
0.853307
0.84801
0.842635
0.83728
0.833767
0.82857
0.822402
0.815913
0.806243
0.799463
0.795279
0.797634
0.804454
0.811846
0.815174
0.816461
0.816288
0.815753
0.814872
0.81366
0.812561
0.811096
0.809513
0.808165
0.805704
0.804194
0.801756
0.7993
0.796384
0.794095
0.789347
0.783664
0.778691
0.767368
0.755251
0.74183
0.723863
0.706525
0.689575
0.678505
0.671633
0.671795
0.67504
0.683536
0.694224
0.709362
0.725543
0.738154
0.745862
0.74968
0.751244
0.752192
0.752196
0.751421
0.749408
0.747738
0.745164
0.737873
0.722327
0.710351
0.701962
0.695843
0.693646
0.695448
0.709839
0.728158
0.732121
0.73451
0.739983
0.76506
0.835622
0.908356
0.953034
0.977199
0.989383
0.995252
0.997962
0.999158
0.999662
0.999867
0.999948
0.99998
0.999993
0.999997
0.999999
0.999999
0.999999
0.999999
0.999997
0.999983
0.999901
0.999514
0.99893
0.998577
0.998478
0.99857
0.999125
0.999633
0.999862
0.99995
0.999978
0.999986
0.99999
0.999992
0.999994
0.999994
0.999994
0.999995
0.999995
0.999995
0.999995
0.999994
0.999993
0.999989
0.999987
0.999985
0.999984
0.999984
0.999985
0.999988
0.999992
0.999996
0.999998
0.999999
1
1
1
1
1
1
1
1
1
1
1
1
1
1
1
1
1
1
1
0.999999
0.999997
0.999988
0.99995
0.999796
0.999176
0.996733
0.987276
0.951366
0.818953
0.590567
0.400304
0.258329
0.15749
0.76427
0.783523
0.78452
0.7844
0.782643
0.785574
0.79079
0.795719
0.802308
0.81339
0.829449
0.838789
0.852366
0.859847
0.869789
0.876018
0.881766
0.885018
0.888462
0.892408
0.898126
0.904981
0.910194
0.914744
0.921708
0.928518
0.934735
0.939904
0.946178
0.950988
0.952854
0.952618
0.945121
0.919044
0.866739
0.812429
0.792378
0.792229
0.794537
0.801557
0.80943
0.812337
0.812657
0.812392
0.811674
0.81071
0.809976
0.808455
0.807539
0.806344
0.804419
0.802627
0.801438
0.798763
0.795709
0.793691
0.788792
0.783836
0.778337
0.768691
0.762473
0.754764
0.744878
0.739554
0.739003
0.739971
0.742493
0.745759
0.749523
0.753452
0.756498
0.757286
0.757095
0.756463
0.75604
0.75533
0.753289
0.749911
0.7473
0.744096
0.737443
0.719601
0.70189
0.687853
0.678748
0.675963
0.675634
0.676714
0.686097
0.698677
0.706963
0.721939
0.759697
0.844854
0.913964
0.956521
0.979184
0.99039
0.9957
0.998137
0.99922
0.999686
0.999878
0.999953
0.999983
0.999994
0.999998
0.999999
1
1
1
0.999999
0.999995
0.999967
0.9998
0.999421
0.9992
0.999144
0.999197
0.999488
0.999762
0.9999
0.999961
0.999983
0.999989
0.999992
0.999994
0.999995
0.999996
0.999997
0.999997
0.999997
0.999997
0.999997
0.999997
0.999997
0.999995
0.999994
0.999993
0.999993
0.999993
0.999994
0.999995
0.999997
0.999998
0.999999
1
1
1
1
1
1
1
1
1
1
1
1
1
1
1
1
1
1
1
1
1
0.999999
0.999995
0.999978
0.999909
0.999625
0.998481
0.993954
0.976391
0.909639
0.709263
0.491187
0.323489
0.201238
0.758035
0.787629
0.793284
0.797175
0.797326
0.80513
0.819927
0.82826
0.834312
0.847525
0.857535
0.86698
0.875083
0.881813
0.885561
0.887422
0.888143
0.887774
0.887611
0.887416
0.886786
0.885382
0.882925
0.881477
0.880845
0.88139
0.883273
0.887005
0.893395
0.905259
0.924421
0.944543
0.958888
0.970138
0.977833
0.978152
0.95963
0.879234
0.821137
0.799156
0.794542
0.7955
0.800536
0.806451
0.808746
0.809247
0.809113
0.808434
0.807694
0.807042
0.805631
0.804302
0.803565
0.802021
0.799886
0.798769
0.796184
0.794263
0.791107
0.786077
0.783672
0.7802
0.774038
0.770171
0.768266
0.766945
0.766649
0.765953
0.764349
0.763052
0.762314
0.761158
0.759599
0.758281
0.757423
0.756257
0.753944
0.748527
0.74169
0.734216
0.723146
0.705125
0.685932
0.675482
0.671677
0.670932
0.671249
0.672878
0.681354
0.694088
0.703308
0.719588
0.769333
0.861998
0.928702
0.966213
0.984669
0.993179
0.997024
0.998727
0.999468
0.999783
0.999914
0.999967
0.999988
0.999996
0.999998
0.999999
1
1
1
0.999999
0.999998
0.99999
0.999933
0.999694
0.999499
0.999447
0.999472
0.999641
0.999825
0.999923
0.999968
0.999987
0.999992
0.999994
0.999995
0.999997
0.999997
0.999998
0.999998
0.999998
0.999998
0.999998
0.999998
0.999998
0.999998
0.999997
0.999997
0.999997
0.999997
0.999997
0.999998
0.999999
0.999999
1
1
1
1
1
1
1
1
1
1
1
1
1
1
1
1
1
1
1
1
1
1
0.999999
0.999998
0.99999
0.999958
0.999822
0.999259
0.996978
0.987921
0.952767
0.820763
0.586505
0.394083
0.250031
0.732252
0.787443
0.796502
0.807527
0.816189
0.820081
0.833025
0.84443
0.851008
0.862985
0.872374
0.880086
0.884197
0.887664
0.889052
0.889425
0.888741
0.887787
0.887609
0.887935
0.888624
0.888765
0.887539
0.884632
0.882078
0.880601
0.880079
0.880329
0.881166
0.88361
0.890592
0.91049
0.93685
0.956768
0.970307
0.981045
0.984638
0.981445
0.957258
0.87361
0.819536
0.799269
0.789641
0.789608
0.79255
0.799484
0.803207
0.80495
0.805625
0.80556
0.805107
0.804108
0.803508
0.802337
0.800624
0.799647
0.798145
0.796686
0.793951
0.791547
0.789984
0.786879
0.783316
0.7807
0.777446
0.774564
0.773195
0.770903
0.767679
0.765227
0.763599
0.761955
0.760375
0.759119
0.757894
0.756241
0.752698
0.743572
0.728934
0.709462
0.692877
0.681892
0.67491
0.671349
0.670354
0.670416
0.671306
0.674306
0.683677
0.694834
0.703928
0.722499
0.780433
0.872079
0.935172
0.970338
0.987331
0.994772
0.997849
0.99911
0.999631
0.999848
0.999938
0.999975
0.99999
0.999996
0.999998
0.999999
0.999999
0.999999
0.999999
0.999999
0.999999
0.999996
0.999977
0.999868
0.999693
0.999628
0.999632
0.999723
0.999861
0.999937
0.999974
0.999989
0.999994
0.999996
0.999997
0.999998
0.999998
0.999998
0.999998
0.999999
0.999999
0.999999
0.999999
0.999999
0.999999
0.999999
0.999998
0.999998
0.999998
0.999999
0.999999
0.999999
1
1
1
1
1
1
1
1
1
1
1
1
1
1
1
1
1
1
1
1
1
1
1
1
0.999999
0.999995
0.99998
0.999911
0.999617
0.998394
0.993416
0.973671
0.897439
0.681983
0.466491
0.301671
0.703633
0.781354
0.795548
0.805361
0.819795
0.82763
0.842214
0.853939
0.864744
0.871293
0.878205
0.88456
0.887998
0.88966
0.890074
0.889961
0.889068
0.888199
0.888647
0.89129
0.893848
0.895117
0.895675
0.894933
0.891878
0.885359
0.881679
0.880573
0.880645
0.881679
0.885732
0.900814
0.930563
0.95426
0.969181
0.979482
0.987251
0.989442
0.987931
0.976328
0.92678
0.844223
0.805245
0.790797
0.782747
0.782368
0.784588
0.790273
0.795544
0.798597
0.800502
0.80117
0.801199
0.800868
0.799878
0.79901
0.797882
0.796545
0.793918
0.792089
0.790572
0.787497
0.78481
0.782258
0.778711
0.775825
0.773753
0.770758
0.767469
0.765187
0.763533
0.761985
0.760549
0.759528
0.757927
0.754351
0.74602
0.72934
0.705952
0.691342
0.682078
0.676045
0.67233
0.670589
0.670387
0.671316
0.675276
0.683983
0.69505
0.7019
0.711197
0.732803
0.798332
0.882106
0.939951
0.972689
0.988596
0.995492
0.998268
0.99934
0.999745
0.999899
0.999959
0.999984
0.999993
0.999997
0.999999
0.999999
0.999999
0.999998
0.999998
0.999998
0.999998
0.999996
0.999987
0.999935
0.999814
0.999754
0.999747
0.999783
0.999884
0.999947
0.999978
0.999991
0.999995
0.999997
0.999998
0.999998
0.999998
0.999998
0.999999
0.999999
0.999999
0.999999
0.999999
0.999999
0.999999
0.999999
0.999999
0.999999
0.999999
0.999999
1
1
1
1
1
1
1
1
1
1
1
1
1
1
1
1
1
1
1
1
1
1
1
1
1
1
1
0.999998
0.999989
0.999952
0.999788
0.999086
0.996158
0.984289
0.93762
0.771138
0.537612
0.353747
0.641186
0.739548
0.789844
0.80185
0.819042
0.827176
0.841981
0.853649
0.867944
0.876105
0.882733
0.887297
0.888904
0.890345
0.89067
0.890304
0.88966
0.889602
0.891703
0.894392
0.896286
0.897089
0.897239
0.89695
0.895595
0.890409
0.884275
0.881677
0.881289
0.881817
0.8852
0.899018
0.931416
0.958473
0.976256
0.985792
0.991339
0.994088
0.994344
0.993105
0.985119
0.954237
0.868614
0.814076
0.790614
0.780822
0.775585
0.775845
0.777668
0.78172
0.786482
0.7895
0.791718
0.793878
0.794679
0.79459
0.794247
0.793465
0.791538
0.790111
0.788591
0.785699
0.783311
0.780785
0.777385
0.774207
0.77135
0.768105
0.765127
0.763375
0.762048
0.761113
0.760481
0.759222
0.756085
0.747782
0.72726
0.705775
0.693534
0.685789
0.679939
0.675335
0.672212
0.671331
0.67162
0.674246
0.685188
0.70256
0.711354
0.71702
0.72718
0.753263
0.827584
0.902136
0.950595
0.977503
0.990599
0.99634
0.998649
0.999518
0.999832
0.999942
0.99998
0.999993
0.999997
0.999998
0.999998
0.999998
0.999996
0.999995
0.999994
0.999994
0.999994
0.999994
0.999989
0.999955
0.999861
0.99981
0.999802
0.999821
0.999896
0.999952
0.99998
0.999991
0.999996
0.999997
0.999998
0.999998
0.999998
0.999999
0.999999
0.999999
0.999999
0.999999
0.999999
1
1
1
1
1
1
1
1
1
1
1
1
1
1
1
1
1
1
1
1
1
1
1
1
1
1
1
1
1
1
1
1
1
1
0.999999
0.999994
0.999972
0.999874
0.99944
0.997587
0.989919
0.959241
0.840418
0.60266
0.403451
0.65193
0.691385
0.751806
0.785401
0.812155
0.823318
0.83975
0.851338
0.866987
0.875991
0.883194
0.888264
0.890402
0.890756
0.89099
0.890636
0.890343
0.891276
0.893921
0.896017
0.897212
0.897594
0.897573
0.897304
0.896251
0.8919
0.885203
0.882458
0.882165
0.883168
0.888646
0.910341
0.944929
0.967817
0.981393
0.988952
0.993278
0.99581
0.996541
0.996435
0.995215
0.988868
0.966458
0.89006
0.824073
0.791983
0.779127
0.772458
0.769884
0.77039
0.772304
0.775323
0.777248
0.778815
0.780584
0.782079
0.782726
0.782682
0.782388
0.781767
0.780557
0.778394
0.776663
0.774612
0.771578
0.768781
0.766328
0.764298
0.762935
0.761813
0.761149
0.760658
0.759672
0.757178
0.749933
0.727855
0.706133
0.694908
0.68861
0.68402
0.67972
0.67595
0.674149
0.673908
0.674496
0.678393
0.697215
0.717697
0.727548
0.73484
0.747999
0.782168
0.859555
0.922496
0.961715
0.982515
0.992549
0.997015
0.998873
0.999597
0.999863
0.999955
0.999985
0.999995
0.999997
0.999998
0.999998
0.999996
0.999989
0.999986
0.999985
0.999984
0.999985
0.999986
0.999984
0.999962
0.999884
0.999834
0.999825
0.999838
0.999899
0.999953
0.99998
0.999991
0.999996
0.999997
0.999998
0.999998
0.999998
0.999999
0.999999
0.999999
0.999999
0.999999
1
1
1
1
1
1
1
1
1
1
1
1
1
1
1
1
1
1
1
1
1
1
1
1
1
1
1
1
1
1
1
1
1
1
1
0.999999
0.999996
0.999983
0.999919
0.999629
0.998364
0.993032
0.971361
0.886463
0.660847
0.448299
0.950565
0.764158
0.751777
0.778737
0.791146
0.807097
0.826952
0.844745
0.863266
0.874479
0.882568
0.888026
0.890735
0.891796
0.891674
0.891144
0.891028
0.891746
0.894043
0.896008
0.897106
0.897337
0.897288
0.897004
0.89581
0.890785
0.88487
0.883062
0.883283
0.885771
0.895954
0.927431
0.958949
0.978819
0.989109
0.993993
0.996466
0.997881
0.998423
0.998427
0.998188
0.996914
0.991602
0.972937
0.911564
0.834207
0.796196
0.77806
0.770943
0.766262
0.765215
0.765683
0.767102
0.768945
0.769651
0.770088
0.770496
0.771114
0.771113
0.771002
0.770666
0.769885
0.768839
0.767539
0.765807
0.764215
0.763112
0.762233
0.761482
0.761054
0.760641
0.759791
0.757697
0.751692
0.731853
0.708736
0.696578
0.690456
0.686623
0.683473
0.680561
0.679107
0.678806
0.679039
0.679997
0.684182
0.703603
0.726815
0.740284
0.750972
0.770776
0.820969
0.892587
0.945318
0.976446
0.990745
0.996439
0.998608
0.999445
0.99978
0.999916
0.99997
0.99999
0.999996
0.999997
0.999997
0.999996
0.999992
0.999973
0.999961
0.999959
0.99996
0.999962
0.999967
0.999968
0.999958
0.999898
0.999845
0.999834
0.999843
0.999896
0.999951
0.999979
0.999991
0.999996
0.999997
0.999998
0.999998
0.999998
0.999999
0.999999
0.999999
0.999999
0.999999
1
1
1
1
1
1
1
1
1
1
1
1
1
1
1
1
1
1
1
1
1
1
1
1
1
1
1
1
1
1
1
1
1
1
1
1
0.999998
0.999989
0.999945
0.999742
0.998836
0.994945
0.97889
0.915269
0.714039
0.489796
0.998448
0.990796
0.975623
0.955122
0.909152
0.829201
0.823586
0.829213
0.843721
0.867812
0.879821
0.886828
0.890403
0.892064
0.892798
0.892584
0.892568
0.892845
0.894025
0.895688
0.896638
0.896833
0.896767
0.896315
0.894257
0.887518
0.884158
0.883969
0.885444
0.891987
0.913786
0.950565
0.974354
0.986757
0.992979
0.996139
0.99775
0.998671
0.999124
0.999202
0.999162
0.998918
0.997816
0.993542
0.978805
0.935857
0.851583
0.804242
0.78064
0.769736
0.764925
0.761605
0.760975
0.761279
0.762219
0.763392
0.763656
0.763633
0.763546
0.763461
0.763304
0.763023
0.76272
0.762322
0.761913
0.761556
0.761175
0.760853
0.76062
0.760253
0.759457
0.757491
0.752159
0.735288
0.712769
0.699546
0.692528
0.688729
0.68595
0.683683
0.683278
0.684161
0.686374
0.687945
0.68984
0.693951
0.709803
0.73571
0.752534
0.76847
0.799661
0.867492
0.929557
0.969742
0.987651
0.995163
0.998164
0.999317
0.999749
0.999908
0.999966
0.999988
0.999995
0.999996
0.999996
0.999995
0.999991
0.999979
0.999933
0.999893
0.999891
0.999895
0.999905
0.999921
0.999933
0.999933
0.999901
0.999848
0.999835
0.999841
0.999889
0.999946
0.999976
0.99999
0.999995
0.999997
0.999998
0.999998
0.999998
0.999998
0.999999
0.999999
0.999999
0.999999
0.999999
1
1
1
1
1
1
1
1
1
1
1
1
1
1
1
1
1
1
1
1
1
1
1
1
1
1
1
1
1
1
1
1
1
1
1
0.999998
0.999992
0.99996
0.999807
0.999112
0.996081
0.983438
0.932924
0.756171
0.525214
0.999941
0.999578
0.998392
0.99559
0.988908
0.968112
0.919345
0.852971
0.844667
0.850062
0.862723
0.880786
0.888198
0.891428
0.89274
0.893272
0.893714
0.894032
0.894426
0.895414
0.896181
0.896262
0.896025
0.894763
0.889311
0.884615
0.884124
0.885408
0.891148
0.907677
0.945592
0.972567
0.986959
0.993666
0.996787
0.99829
0.999025
0.999427
0.99964
0.99969
0.999679
0.999621
0.999397
0.998524
0.995346
0.984973
0.958556
0.884798
0.820916
0.78856
0.771938
0.764365
0.760594
0.757735
0.756975
0.757142
0.757703
0.759142
0.75976
0.759759
0.759655
0.75933
0.759252
0.759559
0.759858
0.759868
0.759807
0.759628
0.759236
0.758364
0.756102
0.750561
0.733953
0.715748
0.703269
0.69587
0.691189
0.688297
0.686042
0.685919
0.686493
0.689857
0.696336
0.70062
0.704094
0.709962
0.72644
0.754638
0.775625
0.801709
0.854986
0.917129
0.960838
0.982703
0.992796
0.997156
0.998926
0.999607
0.999859
0.99995
0.999982
0.999993
0.999996
0.999996
0.999994
0.999988
0.999974
0.999945
0.999834
0.999719
0.999711
0.999726
0.999763
0.999812
0.999861
0.99988
0.999875
0.999844
0.99983
0.999834
0.999873
0.999936
0.99997
0.999987
0.999994
0.999997
0.999998
0.999998
0.999998
0.999998
0.999998
0.999999
0.999999
0.999999
0.999999
1
1
1
1
1
1
1
1
1
1
1
1
1
1
1
1
1
1
1
1
1
1
1
1
1
1
1
1
1
1
1
1
1
1
1
0.999999
0.999993
0.999967
0.999838
0.999245
0.996637
0.985675
0.941684
0.780884
0.548099
0.999998
0.99998
0.999899
0.999617
0.998761
0.995929
0.987462
0.962088
0.90036
0.86261
0.860961
0.864699
0.873479
0.884149
0.889946
0.892222
0.893379
0.893904
0.894384
0.895101
0.895278
0.894955
0.893288
0.887877
0.883731
0.883588
0.88524
0.892296
0.909604
0.948771
0.974659
0.987781
0.994095
0.997077
0.998502
0.999203
0.999551
0.999733
0.999838
0.999879
0.99988
0.999869
0.999825
0.999665
0.999065
0.996963
0.99061
0.973301
0.929593
0.852359
0.805051
0.780316
0.766884
0.760516
0.757184
0.754181
0.752845
0.752858
0.753537
0.755047
0.755544
0.755888
0.756718
0.757478
0.757675
0.757631
0.757426
0.756908
0.755755
0.753042
0.74501
0.727526
0.714724
0.706093
0.699467
0.69471
0.690952
0.688814
0.68888
0.6895
0.691
0.695864
0.70701
0.714907
0.721138
0.732482
0.761091
0.79587
0.825189
0.875766
0.930621
0.966148
0.984031
0.992714
0.996788
0.998634
0.999445
0.999786
0.999921
0.999973
0.99999
0.999995
0.999995
0.999994
0.999987
0.999966
0.999922
0.999846
0.999586
0.999278
0.999252
0.999292
0.999415
0.999555
0.999691
0.999781
0.999812
0.999813
0.99981
0.999815
0.999849
0.999919
0.999961
0.999983
0.999992
0.999996
0.999997
0.999998
0.999998
0.999998
0.999998
0.999998
0.999999
0.999999
0.999999
1
1
1
1
1
1
1
1
1
1
1
1
1
1
1
1
1
1
1
1
1
1
1
1
1
1
1
1
1
1
1
1
1
1
1
0.999999
0.999994
0.999969
0.99985
0.999296
0.996851
0.986553
0.945199
0.792001
0.560216
1
0.999999
0.999994
0.999972
0.999883
0.999543
0.998331
0.994162
0.981597
0.950183
0.895193
0.873549
0.87247
0.87375
0.87724
0.881922
0.885243
0.8883
0.889508
0.889383
0.888621
0.88655
0.882807
0.881784
0.882517
0.886419
0.896695
0.923129
0.959083
0.979368
0.989907
0.995125
0.997629
0.99882
0.999393
0.999678
0.999821
0.999894
0.999936
0.999957
0.999961
0.999959
0.999951
0.999924
0.999826
0.999467
0.998261
0.994675
0.984859
0.963077
0.907033
0.838583
0.798466
0.776939
0.764183
0.75741
0.754249
0.751156
0.748648
0.747636
0.747521
0.747804
0.74985
0.751363
0.751464
0.751207
0.750394
0.748631
0.744973
0.734419
0.721349
0.712486
0.706807
0.702361
0.698514
0.694401
0.692519
0.692641
0.694113
0.697342
0.700415
0.706887
0.720761
0.730906
0.741514
0.764217
0.813396
0.860067
0.914262
0.953428
0.975153
0.987059
0.993487
0.99687
0.998577
0.999389
0.999751
0.999903
0.999963
0.999987
0.999994
0.999995
0.999994
0.999988
0.999967
0.999896
0.99975
0.999559
0.998945
0.998199
0.998136
0.998234
0.998578
0.998976
0.999311
0.999555
0.999687
0.999741
0.999757
0.999772
0.999818
0.999896
0.999948
0.999976
0.99999
0.999995
0.999997
0.999997
0.999997
0.999997
0.999997
0.999998
0.999999
0.999999
0.999999
0.999999
1
1
1
1
1
1
1
1
1
1
1
1
1
1
1
1
1
1
1
1
1
1
1
1
1
1
1
1
1
1
1
1
1
1
0.999999
0.999994
0.999969
0.99985
0.999301
0.996879
0.986703
0.94596
0.795122
0.565379
1
1
1
0.999998
0.999991
0.999957
0.999814
0.999246
0.997243
0.991273
0.976676
0.945009
0.9056
0.888167
0.881505
0.881287
0.881485
0.881915
0.882182
0.882128
0.881651
0.88191
0.883356
0.887592
0.896774
0.917077
0.950969
0.973565
0.986344
0.993182
0.996673
0.998387
0.99921
0.999604
0.999796
0.999892
0.999941
0.999965
0.999979
0.999987
0.99999
0.999989
0.999988
0.999984
0.99997
0.999918
0.999733
0.999127
0.997314
0.992601
0.980898
0.957511
0.901039
0.838988
0.799808
0.777639
0.764509
0.756396
0.75141
0.747687
0.744541
0.741743
0.739945
0.739149
0.737901
0.735611
0.733714
0.731153
0.726064
0.718738
0.712407
0.707974
0.704873
0.701755
0.69833
0.697674
0.698125
0.699688
0.705729
0.715664
0.722921
0.73509
0.749647
0.760721
0.777716
0.818924
0.878946
0.937248
0.96748
0.982932
0.990863
0.995072
0.99739
0.998677
0.999369
0.999719
0.999882
0.999953
0.999982
0.999993
0.999995
0.999995
0.99999
0.99997
0.999906
0.999698
0.999214
0.998733
0.997317
0.995721
0.995597
0.995828
0.996653
0.997696
0.998505
0.999082
0.999435
0.999597
0.999645
0.999684
0.999768
0.99986
0.999927
0.999966
0.999985
0.999993
0.999996
0.999996
0.999996
0.999996
0.999997
0.999997
0.999998
0.999998
0.999999
0.999999
0.999999
1
1
1
1
1
1
1
1
1
1
1
1
1
1
1
1
1
1
1
1
1
1
1
1
1
1
1
1
1
1
1
1
1
0.999999
0.999993
0.999967
0.999844
0.999282
0.99683
0.986598
0.94582
0.795557
0.569073
1
1
1
1
0.999999
0.999997
0.999983
0.99992
0.999663
0.998776
0.996264
0.990056
0.978294
0.956888
0.934728
0.916197
0.905675
0.898778
0.89742
0.898033
0.900158
0.905588
0.914723
0.935116
0.95874
0.975741
0.986561
0.992891
0.99638
0.998208
0.999127
0.999574
0.99979
0.999894
0.999945
0.999971
0.999984
0.999991
0.999995
0.999997
0.999998
0.999998
0.999998
0.999997
0.999995
0.999989
0.999966
0.999883
0.999611
0.998817
0.996703
0.991574
0.978846
0.959616
0.915528
0.856723
0.814049
0.78769
0.770357
0.758399
0.750134
0.744721
0.741628
0.738836
0.733908
0.729099
0.72651
0.724301
0.720812
0.715697
0.71133
0.708805
0.705495
0.704152
0.704623
0.706534
0.709871
0.715751
0.730251
0.750339
0.771448
0.795352
0.812458
0.828017
0.856326
0.909626
0.952265
0.975625
0.987725
0.993715
0.99664
0.998134
0.998963
0.999448
0.999725
0.999873
0.999945
0.999978
0.999991
0.999995
0.999995
0.999992
0.999976
0.999916
0.999736
0.9992
0.997725
0.996527
0.993493
0.990568
0.990384
0.990864
0.992564
0.994999
0.996864
0.998154
0.998923
0.999293
0.999458
0.999576
0.999702
0.999818
0.999903
0.999954
0.999979
0.99999
0.999994
0.999995
0.999995
0.999995
0.999995
0.999996
0.999997
0.999998
0.999998
0.999999
0.999999
0.999999
1
1
1
1
1
1
1
1
1
1
1
1
1
1
1
1
1
1
1
1
1
1
1
1
1
1
1
1
1
1
1
1
0.999999
0.999993
0.999966
0.999839
0.999271
0.996826
0.986744
0.946971
0.800509
0.57858
1
1
1
1
1
1
0.999999
0.999993
0.999967
0.999864
0.999532
0.998629
0.996423
0.992592
0.985514
0.976729
0.971267
0.962395
0.961215
0.962234
0.965403
0.971551
0.978799
0.985701
0.991148
0.994899
0.997226
0.998559
0.999276
0.999644
0.999826
0.999915
0.999958
0.999979
0.999989
0.999994
0.999997
0.999998
0.999999
0.999999
1
1
1
1
0.999999
0.999999
0.999996
0.999987
0.999954
0.999847
0.999535
0.998698
0.996651
0.992292
0.980056
0.9654
0.941381
0.901491
0.854626
0.816957
0.789894
0.77143
0.760086
0.751721
0.742635
0.735579
0.732142
0.728919
0.725027
0.723027
0.720583
0.718727
0.719153
0.720803
0.724494
0.733502
0.742591
0.758966
0.782437
0.813871
0.853941
0.891513
0.912474
0.935958
0.95611
0.972567
0.98421
0.991525
0.995649
0.997758
0.99878
0.999296
0.999589
0.999771
0.999882
0.999944
0.999975
0.999989
0.999994
0.999995
0.999994
0.999984
0.999936
0.999763
0.99926
0.997969
0.994165
0.99125
0.985849
0.98145
0.981236
0.982035
0.984837
0.989729
0.993602
0.996359
0.998034
0.99882
0.999141
0.999348
0.999546
0.99972
0.999848
0.999927
0.999967
0.999985
0.999992
0.999993
0.999994
0.999994
0.999994
0.999994
0.999996
0.999997
0.999997
0.999998
0.999999
0.999999
0.999999
1
1
1
1
1
1
1
1
1
1
1
1
1
1
1
1
1
1
1
1
1
1
1
1
1
1
1
1
1
1
1
0.999999
0.999993
0.999966
0.999844
0.999312
0.997067
0.987975
0.952659
0.820327
0.60446
1
1
1
1
1
1
1
1
0.999997
0.999988
0.999955
0.999855
0.999586
0.99905
0.997889
0.996065
0.994764
0.992704
0.992568
0.992855
0.993758
0.995193
0.996636
0.997839
0.998711
0.999277
0.999614
0.999802
0.999901
0.999951
0.999976
0.999988
0.999994
0.999997
0.999998
0.999999
1
1
1
1
1
1
1
1
1
1
1
0.999999
0.999996
0.999984
0.999946
0.999838
0.999555
0.99886
0.996899
0.994088
0.988339
0.974577
0.963556
0.948177
0.920612
0.886118
0.853318
0.825376
0.803911
0.785235
0.770136
0.764474
0.762657
0.759042
0.759326
0.761129
0.76522
0.772872
0.784701
0.800577
0.824176
0.85518
0.884603
0.921992
0.949492
0.966596
0.976636
0.983072
0.987988
0.991986
0.995079
0.997227
0.998532
0.999226
0.999564
0.999735
0.999837
0.999905
0.999949
0.999975
0.999988
0.999994
0.999995
0.999995
0.99999
0.999957
0.999818
0.99933
0.997943
0.994754
0.987354
0.979842
0.975121
0.969924
0.968918
0.969701
0.972542
0.9804
0.988041
0.993232
0.996232
0.997827
0.998651
0.999097
0.999405
0.999641
0.999807
0.999907
0.999958
0.999981
0.999989
0.999991
0.999992
0.999992
0.999992
0.999992
0.999994
0.999995
0.999996
0.999997
0.999998
0.999999
0.999999
0.999999
0.999999
0.999999
0.999999
0.999999
0.999999
0.999999
0.999999
0.999999
0.999999
1
1
1
1
1
1
1
1
1
1
1
1
1
1
1
1
1
1
1
1
1
0.999999
0.999994
0.999971
0.99987
0.999439
0.997675
0.990707
0.96423
0.863072
0.658188
1
1
1
1
1
1
1
1
1
0.999999
0.999997
0.999988
0.999965
0.999912
0.999779
0.999575
0.999364
0.99908
0.999075
0.999132
0.999298
0.9995
0.99967
0.999797
0.999882
0.999935
0.999966
0.999983
0.999991
0.999996
0.999998
0.999999
0.999999
1
1
1
1
1
1
1
1
1
1
1
1
1
1
1
1
0.999999
0.999995
0.999984
0.999952
0.99987
0.999665
0.99925
0.998112
0.995965
0.994074
0.989625
0.982014
0.975187
0.965322
0.95498
0.945856
0.929165
0.905271
0.890554
0.883636
0.876419
0.876486
0.878851
0.88488
0.897241
0.911436
0.928015
0.943578
0.957598
0.96954
0.979171
0.98635
0.991167
0.994051
0.995712
0.996826
0.997746
0.99853
0.999131
0.999525
0.999742
0.999848
0.999901
0.999936
0.999961
0.999978
0.999988
0.999993
0.999995
0.999995
0.999993
0.999975
0.999879
0.999474
0.998089
0.994326
0.985979
0.977346
0.970509
0.967425
0.964793
0.961826
0.961393
0.962156
0.966006
0.977873
0.987585
0.993531
0.996556
0.997885
0.998575
0.999063
0.999436
0.999695
0.999852
0.999933
0.99997
0.999984
0.999988
0.999988
0.999988
0.999988
0.999989
0.999991
0.999993
0.999995
0.999996
0.999997
0.999998
0.999998
0.999999
0.999999
0.999999
0.999999
0.999999
0.999999
0.999999
0.999999
0.999999
0.999999
0.999999
0.999999
1
1
1
1
1
1
1
1
1
1
1
1
1
1
1
1
1
1
1
0.999999
0.999996
0.99998
0.999914
0.999639
0.99855
0.99439
0.979
0.921205
0.754502
1
1
1
1
1
1
1
1
1
1
1
0.999999
0.999998
0.999994
0.999983
0.999969
0.999947
0.999925
0.999925
0.999932
0.999951
0.999967
0.99998
0.999988
0.999993
0.999996
0.999998
0.999999
1
1
1
1
1
1
1
1
1
1
1
1
1
1
1
1
1
1
1
1
1
1
1
0.999999
0.999996
0.999988
0.99997
0.999927
0.999801
0.999547
0.999291
0.998894
0.998211
0.996151
0.992501
0.990833
0.990033
0.988653
0.982196
0.975216
0.971233
0.970085
0.970497
0.971694
0.974083
0.978173
0.982181
0.985353
0.987953
0.990412
0.99281
0.994962
0.996687
0.997901
0.998623
0.998991
0.999202
0.999389
0.999576
0.999738
0.999852
0.999917
0.999949
0.999964
0.999975
0.999984
0.99999
0.999994
0.999995
0.999996
0.999995
0.999986
0.999932
0.999649
0.998473
0.994547
0.984632
0.975534
0.971274
0.96743
0.964159
0.962604
0.959509
0.957486
0.957453
0.958578
0.964124
0.978914
0.988738
0.993892
0.996517
0.997918
0.998747
0.999279
0.999618
0.999816
0.999917
0.999963
0.999979
0.999984
0.999984
0.999984
0.999984
0.999985
0.999987
0.99999
0.999992
0.999994
0.999995
0.999996
0.999997
0.999997
0.999998
0.999998
0.999998
0.999998
0.999998
0.999998
0.999998
0.999998
0.999998
0.999999
0.999999
0.999999
0.999999
0.999999
0.999999
0.999999
1
1
1
1
1
1
1
1
1
1
1
1
1
1
1
0.999998
0.999991
0.99996
0.999836
0.999359
0.997585
0.991093
0.966907
0.886051
1
1
1
1
1
1
1
1
1
1
1
1
1
1
0.999999
0.999998
0.999997
0.999996
0.999996
0.999996
0.999998
0.999999
0.999999
1
1
1
1
1
1
1
1
1
1
1
1
1
1
1
1
1
1
1
1
1
1
1
1
1
1
1
1
1
1
0.999999
0.999998
0.999994
0.999985
0.999963
0.999941
0.999907
0.999837
0.999502
0.999128
0.998972
0.998758
0.998004
0.997454
0.997101
0.996276
0.994808
0.994086
0.994064
0.994344
0.995407
0.996445
0.997135
0.997554
0.997912
0.998347
0.998812
0.999211
0.9995
0.999673
0.999754
0.999791
0.999826
0.999872
0.999918
0.999953
0.999973
0.999982
0.999986
0.99999
0.999992
0.999994
0.999995
0.999996
0.999995
0.999992
0.999968
0.999814
0.999024
0.995769
0.985156
0.975913
0.971739
0.968691
0.966345
0.96196
0.959295
0.95747
0.955366
0.954685
0.954943
0.957057
0.96685
0.982456
0.991257
0.995317
0.997244
0.998291
0.998987
0.999456
0.999736
0.999881
0.999946
0.99997
0.999977
0.999978
0.999978
0.999978
0.999979
0.999982
0.999986
0.999989
0.999991
0.999993
0.999994
0.999994
0.999995
0.999996
0.999996
0.999996
0.999996
0.999996
0.999996
0.999996
0.999996
0.999996
0.999997
0.999998
0.999998
0.999998
0.999998
0.999999
0.999999
0.999999
1
1
1
1
1
1
1
1
1
1
1
1
1
1
0.999999
0.999997
0.999985
0.999939
0.999758
0.999071
0.996501
0.98685
0.956954
1
1
1
1
1
1
1
1
1
1
1
1
1
1
1
1
1
1
1
1
1
1
1
1
1
1
1
1
1
1
1
1
1
1
1
1
1
1
1
1
1
1
1
1
1
1
1
1
1
1
1
1
1
1
1
1
0.999999
0.999998
0.999997
0.999994
0.999988
0.999958
0.999935
0.999921
0.999899
0.999791
0.999658
0.999606
0.999558
0.999404
0.999147
0.999054
0.999062
0.999166
0.999342
0.999468
0.999533
0.999566
0.999628
0.999723
0.999813
0.999879
0.999918
0.999937
0.999944
0.999949
0.999961
0.999974
0.999985
0.999991
0.999993
0.999994
0.999995
0.999996
0.999996
0.999996
0.999995
0.999994
0.999984
0.999916
0.999494
0.997432
0.988979
0.976993
0.972491
0.970469
0.967355
0.964678
0.958702
0.952546
0.950667
0.951002
0.951812
0.952401
0.953692
0.958851
0.974112
0.985925
0.992271
0.995528
0.997428
0.998605
0.999298
0.999673
0.999855
0.999933
0.999962
0.999969
0.99997
0.999969
0.999969
0.99997
0.999975
0.999981
0.999984
0.999987
0.999988
0.999989
0.99999
0.999991
0.999992
0.999993
0.999993
0.999994
0.999994
0.999993
0.999993
0.999993
0.999993
0.999994
0.999995
0.999996
0.999996
0.999997
0.999998
0.999998
0.999999
0.999999
0.999999
0.999999
0.999999
0.999999
0.999999
0.999999
1
1
1
1
1
1
1
1
0.999999
0.999994
0.999976
0.999899
0.99959
0.998372
0.993593
0.977577
1
1
1
1
1
1
1
1
1
1
1
1
1
1
1
1
1
1
1
1
1
1
1
1
1
1
1
1
1
1
1
1
1
1
1
1
1
1
1
1
1
1
1
1
1
1
1
1
1
1
1
1
1
1
1
1
1
1
1
1
0.999999
0.999998
0.999998
0.999997
0.999995
0.999986
0.999975
0.99997
0.999967
0.999958
0.999923
0.9999
0.999897
0.999903
0.999918
0.999927
0.999932
0.999934
0.999938
0.999949
0.999966
0.999977
0.999984
0.999987
0.999988
0.999988
0.99999
0.999993
0.999996
0.999997
0.999997
0.999997
0.999997
0.999996
0.999996
0.999996
0.999994
0.999989
0.999961
0.999761
0.99857
0.993308
0.978789
0.973221
0.971454
0.969852
0.965901
0.959217
0.948511
0.940128
0.939739
0.941238
0.945995
0.94877
0.950365
0.953931
0.966501
0.981825
0.990297
0.994638
0.997009
0.998382
0.999175
0.999608
0.999824
0.999918
0.999951
0.999959
0.999959
0.999957
0.999956
0.999957
0.999964
0.999972
0.999978
0.99998
0.999981
0.999981
0.999982
0.999982
0.999985
0.999987
0.999989
0.999989
0.999989
0.999989
0.999988
0.999988
0.999988
0.999988
0.999989
0.999991
0.999993
0.999994
0.999996
0.999997
0.999998
0.999998
0.999998
0.999999
0.999999
0.999999
0.999999
0.999999
0.999999
0.999999
1
1
1
1
1
1
0.999999
0.999997
0.999987
0.999942
0.999751
0.998945
0.995616
0.982906
1
1
1
1
1
1
1
1
1
1
1
1
1
1
1
1
1
1
1
1
1
1
1
1
1
1
1
1
1
1
1
1
1
1
1
1
1
1
1
1
1
1
1
1
1
1
1
1
1
1
1
1
1
1
1
1
1
1
1
1
1
1
1
1
1
0.999999
0.999999
0.999999
0.999999
0.999998
0.999996
0.999993
0.999993
0.999993
0.999993
0.999993
0.999993
0.999993
0.999993
0.999994
0.999996
0.999997
0.999998
0.999998
0.999998
0.999998
0.999998
0.999998
0.999998
0.999998
0.999998
0.999997
0.999997
0.999997
0.999996
0.999994
0.999989
0.999976
0.999892
0.999274
0.995685
0.981239
0.973106
0.972093
0.971386
0.968933
0.960862
0.946551
0.932843
0.925101
0.924948
0.926964
0.934762
0.942327
0.945601
0.949734
0.960988
0.977072
0.987484
0.993085
0.996106
0.997871
0.998915
0.999487
0.999767
0.999887
0.999929
0.999938
0.999938
0.999936
0.999935
0.999937
0.999947
0.999959
0.999967
0.999969
0.99997
0.99997
0.999969
0.999969
0.99997
0.999976
0.99998
0.999982
0.999982
0.999981
0.999979
0.999978
0.999977
0.999977
0.999978
0.999982
0.999986
0.999989
0.999992
0.999994
0.999996
0.999997
0.999997
0.999997
0.999997
0.999997
0.999997
0.999998
0.999998
0.999999
0.999999
0.999999
1
1
1
1
0.999999
0.999998
0.99999
0.999954
0.999792
0.99909
0.996114
0.98409
1
1
1
1
1
1
1
1
1
1
1
1
1
1
1
1
1
1
1
1
1
1
1
1
1
1
1
1
1
1
1
1
1
1
1
1
1
1
1
1
1
1
1
1
1
1
1
1
1
1
1
1
1
1
1
1
1
1
1
1
1
1
1
1
1
1
1
1
1
1
1
1
1
1
1
1
0.999999
0.999999
0.999999
1
1
1
1
1
1
1
0.999999
0.999999
0.999999
0.999998
0.999997
0.999996
0.999995
0.999994
0.999992
0.999986
0.999976
0.99994
0.999675
0.997707
0.986479
0.972084
0.971385
0.972892
0.972691
0.966771
0.948549
0.933581
0.923184
0.917292
0.916873
0.918119
0.923172
0.936598
0.943002
0.946508
0.956473
0.972939
0.984277
0.990985
0.995018
0.997413
0.998752
0.999434
0.999748
0.999874
0.999913
0.999919
0.999917
0.999908
0.999906
0.999908
0.999922
0.999939
0.999946
0.999948
0.999947
0.999945
0.999943
0.999943
0.999946
0.999957
0.999966
0.999969
0.99997
0.999968
0.999963
0.999959
0.999957
0.999957
0.999959
0.999965
0.999973
0.999979
0.999984
0.999988
0.999991
0.999993
0.999994
0.999994
0.999995
0.999995
0.999995
0.999996
0.999997
0.999997
0.999998
0.999999
0.999999
0.999999
0.999999
0.999999
0.999999
0.999998
0.99999
0.999956
0.999798
0.999104
0.996155
0.984124
1
1
1
1
1
1
1
1
1
1
1
1
1
1
1
1
1
1
1
1
1
1
1
1
1
1
1
1
1
1
1
1
1
1
1
1
1
1
1
1
1
1
1
1
1
1
1
1
1
1
1
1
1
1
1
1
1
1
1
1
1
1
1
1
1
1
1
1
1
1
1
1
1
1
1
1
1
1
1
1
1
1
1
1
1
0.999999
0.999998
0.999996
0.999994
0.999992
0.999989
0.999987
0.999985
0.999983
0.999978
0.999967
0.999944
0.999844
0.99894
0.992792
0.971927
0.968337
0.972774
0.978095
0.974691
0.959335
0.941191
0.927651
0.918406
0.913497
0.913
0.913898
0.917788
0.928471
0.935768
0.943395
0.957272
0.973233
0.984098
0.990867
0.995015
0.99745
0.998787
0.999452
0.999743
0.99985
0.999876
0.999876
0.999863
0.99985
0.999849
0.999856
0.999885
0.999904
0.99991
0.999911
0.999907
0.999897
0.999894
0.999895
0.999902
0.999926
0.999943
0.999949
0.999949
0.999946
0.999935
0.999925
0.999922
0.999922
0.999925
0.999935
0.999946
0.999956
0.999965
0.999973
0.99998
0.999985
0.999988
0.999989
0.99999
0.999991
0.999991
0.999992
0.999993
0.999994
0.999995
0.999996
0.999997
0.999998
0.999998
0.999998
0.999998
0.999997
0.999989
0.999953
0.999789
0.999074
0.996074
0.984059
1
1
1
1
1
1
1
1
1
1
1
1
1
1
1
1
1
1
1
1
1
1
1
1
1
1
1
1
1
1
1
1
1
1
1
1
1
1
1
1
1
1
1
1
1
1
1
1
1
1
1
1
1
1
1
1
1
1
1
1
1
1
1
1
1
1
1
1
1
1
1
1
1
1
1
1
1
1
1
1
1
1
1
0.999999
0.999997
0.999994
0.999983
0.999969
0.999962
0.999957
0.999953
0.999953
0.999952
0.99995
0.999942
0.999922
0.999873
0.999542
0.996201
0.976074
0.961889
0.966342
0.9819
0.982871
0.973802
0.95553
0.938604
0.925323
0.916562
0.912151
0.911324
0.91257
0.917881
0.927032
0.935241
0.944994
0.960595
0.975071
0.984999
0.9914
0.995374
0.997693
0.998925
0.999508
0.999744
0.999821
0.999832
0.999823
0.999791
0.999772
0.999769
0.999778
0.999816
0.99984
0.999845
0.999843
0.999827
0.999806
0.999801
0.999803
0.999822
0.999872
0.999903
0.999914
0.999914
0.999907
0.999884
0.999867
0.999861
0.999861
0.999865
0.999876
0.99989
0.999904
0.999921
0.999939
0.999955
0.999967
0.999975
0.999979
0.99998
0.999982
0.999983
0.999985
0.999986
0.999988
0.999989
0.999991
0.999993
0.999995
0.999996
0.999997
0.999997
0.999995
0.999988
0.999951
0.999786
0.999071
0.996108
0.984973
1
1
1
1
1
1
1
1
1
1
1
1
1
1
1
1
1
1
1
1
1
1
1
1
1
1
1
1
1
1
1
1
1
1
1
1
1
1
1
1
1
1
1
1
1
1
1
1
1
1
1
1
1
1
1
1
1
1
1
1
1
1
1
1
1
1
1
1
1
1
1
1
1
1
1
1
1
1
1
1
0.999999
0.999998
0.999995
0.999984
0.999965
0.999926
0.999835
0.999773
0.999771
0.999781
0.999802
0.999832
0.999848
0.99985
0.999843
0.999811
0.999692
0.998429
0.984903
0.955434
0.955998
0.975807
0.988372
0.986458
0.973256
0.95653
0.940412
0.927025
0.918658
0.91479
0.91393
0.916007
0.921925
0.930206
0.939584
0.953856
0.968744
0.979585
0.987513
0.992995
0.996434
0.998323
0.999222
0.999592
0.999722
0.999746
0.999737
0.999682
0.999619
0.999594
0.999595
0.999624
0.99969
0.999717
0.99972
0.999711
0.999665
0.999623
0.999615
0.999622
0.999668
0.999771
0.999828
0.999846
0.999846
0.99983
0.999786
0.999758
0.999749
0.999748
0.99975
0.999754
0.999761
0.999776
0.999811
0.999856
0.999897
0.999927
0.999946
0.999956
0.99996
0.999961
0.999964
0.999968
0.999971
0.999973
0.999975
0.999978
0.999983
0.999988
0.999992
0.999994
0.999994
0.999993
0.999986
0.999953
0.999807
0.999197
0.996749
0.988327
1
1
1
1
1
1
1
1
1
1
1
1
1
1
1
1
1
1
1
1
1
1
1
1
1
1
1
1
1
1
1
1
1
1
1
1
1
1
1
1
1
1
1
1
1
1
1
1
1
1
1
1
1
1
1
1
1
1
1
1
1
1
1
1
1
1
1
1
1
1
1
1
1
1
1
1
1
0.999999
0.999998
0.999996
0.999991
0.999978
0.999936
0.999817
0.999642
0.999231
0.99867
0.998619
0.9987
0.998878
0.999115
0.999344
0.999507
0.999569
0.999568
0.999524
0.999224
0.994534
0.959936
0.941911
0.954146
0.983622
0.992338
0.991544
0.984693
0.97345
0.959238
0.94465
0.933428
0.927217
0.924673
0.92654
0.932564
0.941458
0.954108
0.966978
0.9772
0.985477
0.991632
0.995642
0.997897
0.998985
0.999438
0.999602
0.999637
0.999624
0.999547
0.999422
0.999338
0.999303
0.999303
0.999344
0.999428
0.999456
0.999455
0.999429
0.999325
0.999242
0.999223
0.999238
0.999341
0.999544
0.999653
0.999685
0.999685
0.999658
0.999585
0.999542
0.999526
0.999521
0.999518
0.999515
0.999515
0.999521
0.999555
0.999663
0.999771
0.999842
0.999883
0.999902
0.999909
0.999912
0.999916
0.999925
0.999933
0.999937
0.999942
0.999949
0.99996
0.999973
0.999982
0.999988
0.99999
0.99999
0.999987
0.999968
0.999884
0.999513
0.997912
0.991518
1
1
1
1
1
1
1
1
1
1
1
1
1
1
1
1
1
1
1
1
1
1
1
1
1
1
1
1
1
1
1
1
1
1
1
1
1
1
1
1
1
1
1
1
1
1
1
1
1
1
1
1
1
1
1
1
1
1
1
1
1
1
1
1
1
1
1
1
1
1
1
1
1
1
0.999999
0.999997
0.999994
0.999987
0.999979
0.999963
0.999924
0.999815
0.999462
0.998648
0.997587
0.995001
0.993558
0.993697
0.994316
0.995659
0.996935
0.997942
0.998625
0.998936
0.998965
0.99891
0.998206
0.985326
0.937825
0.931651
0.957102
0.985937
0.993544
0.99416
0.988779
0.980085
0.971632
0.962243
0.953531
0.947651
0.945173
0.946296
0.951453
0.959135
0.968242
0.977138
0.984965
0.991141
0.995299
0.997673
0.998821
0.999294
0.999471
0.999517
0.999496
0.999403
0.999232
0.999055
0.998918
0.998853
0.998846
0.998881
0.998961
0.998983
0.998978
0.998926
0.998733
0.998559
0.998503
0.998514
0.998631
0.998974
0.999193
0.999265
0.99927
0.999244
0.999165
0.999121
0.999104
0.999093
0.999078
0.999067
0.999066
0.999077
0.999145
0.999357
0.999557
0.999685
0.999754
0.999783
0.999793
0.9998
0.999814
0.999837
0.999855
0.999867
0.99988
0.999898
0.999922
0.999947
0.999967
0.99998
0.999985
0.999986
0.999985
0.999972
0.999907
0.999594
0.99816
0.990919
1
1
1
1
1
1
1
1
1
1
1
1
1
1
1
1
1
1
1
1
1
1
1
1
1
1
1
1
1
1
1
1
1
1
1
1
1
1
1
1
1
1
1
1
1
1
1
1
1
1
1
1
1
1
1
1
1
1
1
1
1
1
1
1
1
1
1
1
1
1
1
0.999999
0.999998
0.999995
0.999984
0.999969
0.999938
0.999891
0.999843
0.999749
0.999513
0.998823
0.996554
0.993539
0.988288
0.980963
0.979477
0.980317
0.982987
0.988322
0.992525
0.995365
0.997008
0.997872
0.998043
0.997971
0.996197
0.968781
0.923398
0.924716
0.960001
0.986881
0.993787
0.995123
0.994489
0.990843
0.982965
0.975223
0.969057
0.964859
0.96307
0.963986
0.967843
0.973583
0.980216
0.986641
0.991934
0.995605
0.997726
0.998745
0.999156
0.999317
0.999358
0.999319
0.999206
0.999006
0.998723
0.998407
0.998146
0.998001
0.997963
0.997978
0.998027
0.998036
0.998022
0.997931
0.997618
0.997324
0.997203
0.997199
0.997287
0.997688
0.998085
0.998254
0.998295
0.998294
0.998273
0.99826
0.998254
0.998238
0.99822
0.998212
0.998219
0.998272
0.998506
0.998889
0.999183
0.999375
0.999476
0.999516
0.999536
0.99957
0.999619
0.999667
0.999706
0.999737
0.999771
0.999815
0.999864
0.99991
0.999945
0.999968
0.999978
0.99998
0.999979
0.999966
0.999891
0.999526
0.99777
0.984804
1
1
1
1
1
1
1
1
1
1
1
1
1
1
1
1
1
1
1
1
1
1
1
1
1
1
1
1
1
1
1
1
1
1
1
1
1
1
1
1
1
1
1
1
1
1
1
1
1
1
1
1
1
1
1
1
1
1
1
1
1
1
1
1
1
1
1
1
0.999999
0.999998
0.999995
0.999989
0.999973
0.999933
0.999821
0.999717
0.999502
0.999319
0.999128
0.998729
0.997628
0.994302
0.986621
0.979886
0.971728
0.965754
0.965065
0.965992
0.968931
0.975456
0.983068
0.98923
0.992902
0.994737
0.996061
0.996496
0.993644
0.955992
0.917094
0.921911
0.961322
0.98702
0.993686
0.995294
0.995688
0.99515
0.99293
0.988279
0.983404
0.980181
0.978828
0.979315
0.981933
0.985807
0.990022
0.993736
0.996404
0.997966
0.998711
0.999008
0.999133
0.999137
0.999031
0.998882
0.998663
0.998291
0.997731
0.997072
0.996496
0.996138
0.996001
0.995989
0.996014
0.996022
0.995998
0.99586
0.995451
0.995139
0.995025
0.995025
0.995127
0.995566
0.996055
0.996358
0.996531
0.996617
0.996659
0.996679
0.996683
0.996676
0.996668
0.996672
0.996721
0.996955
0.99754
0.998084
0.998492
0.998754
0.99891
0.999014
0.999103
0.999187
0.999264
0.999341
0.999421
0.999513
0.999616
0.999717
0.999806
0.999876
0.999925
0.999954
0.999965
0.999966
0.999957
0.999907
0.99967
0.99869
0.994266
0.957169
1
1
1
1
1
1
1
1
1
1
1
1
1
1
1
1
1
1
1
1
1
1
1
1
1
1
1
1
1
1
1
1
1
1
1
1
1
1
1
1
1
1
1
1
1
1
1
1
1
1
1
1
1
1
1
1
1
1
1
1
1
1
1
0.999999
0.999999
0.999998
0.999997
0.999993
0.999985
0.999973
0.999944
0.999876
0.999716
0.999305
0.998556
0.997962
0.997087
0.996776
0.996296
0.995142
0.991123
0.982109
0.97909
0.974489
0.966299
0.961874
0.961296
0.96268
0.967237
0.974282
0.981728
0.987733
0.991205
0.993311
0.995288
0.995727
0.990573
0.944633
0.912062
0.920019
0.961462
0.985184
0.99237
0.994964
0.995883
0.996207
0.995973
0.994915
0.993069
0.991161
0.990277
0.99037
0.9919
0.993819
0.995824
0.997323
0.998215
0.998639
0.998823
0.998888
0.998803
0.998562
0.998303
0.997995
0.997475
0.996574
0.995247
0.993715
0.992399
0.991609
0.991339
0.991344
0.991535
0.991688
0.991689
0.991571
0.991262
0.991098
0.99107
0.991111
0.991341
0.99194
0.992554
0.993116
0.99358
0.993908
0.994104
0.994189
0.994201
0.994196
0.994203
0.994272
0.994595
0.995475
0.99637
0.997107
0.997641
0.99797
0.998156
0.998289
0.998431
0.998605
0.9988
0.999006
0.999215
0.999405
0.999561
0.999688
0.99979
0.999865
0.999904
0.99991
0.999902
0.999856
0.999684
0.999138
0.99722
0.991448
0.970538
0.847425
1
1
1
1
1
1
1
1
1
1
1
1
1
1
1
1
1
1
1
1
1
1
1
1
1
1
1
1
1
1
1
1
1
1
1
1
1
1
1
1
1
1
1
1
1
1
1
1
1
1
1
1
1
1
1
1
1
1
1
0.999999
0.999999
0.999997
0.999994
0.999989
0.999984
0.999974
0.999959
0.999916
0.999852
0.999748
0.999493
0.99892
0.997598
0.994682
0.991345
0.989668
0.987479
0.987525
0.987489
0.985906
0.979996
0.978582
0.977848
0.973427
0.965101
0.961332
0.960562
0.962176
0.966356
0.971974
0.979223
0.984618
0.987349
0.990371
0.993608
0.994095
0.9865
0.93577
0.906368
0.916159
0.95655
0.979048
0.98772
0.992563
0.995096
0.996249
0.996659
0.996818
0.996664
0.996248
0.996025
0.996101
0.996691
0.997336
0.997924
0.99827
0.998453
0.998548
0.998449
0.998095
0.997553
0.996893
0.99611
0.994994
0.993176
0.99032
0.986697
0.983372
0.981373
0.980821
0.981029
0.982143
0.983017
0.983287
0.983303
0.983171
0.982861
0.982734
0.982761
0.983166
0.984779
0.986758
0.988303
0.989431
0.990156
0.99053
0.990668
0.990706
0.990748
0.990861
0.991218
0.992287
0.993608
0.994745
0.995608
0.996209
0.996643
0.997002
0.997326
0.997652
0.998008
0.998362
0.998699
0.999027
0.999328
0.999531
0.999582
0.999565
0.99953
0.999524
0.999468
0.999235
0.998621
0.997504
0.99463
0.987608
0.967633
0.924477
0.811121
0.465376
1
1
1
1
1
1
1
1
1
1
1
1
1
1
1
1
1
1
1
1
1
1
1
1
1
1
1
1
1
1
1
1
1
1
1
1
1
1
1
1
1
1
1
1
1
1
1
1
1
1
1
1
1
1
1
1
1
0.999998
0.999994
0.999982
0.999972
0.999952
0.999919
0.999886
0.999841
0.999733
0.999603
0.999234
0.998856
0.998188
0.996209
0.992576
0.983446
0.972255
0.965574
0.965691
0.967786
0.972686
0.973026
0.974332
0.97823
0.979006
0.978391
0.97441
0.967579
0.964105
0.963182
0.964845
0.967824
0.972823
0.978329
0.982452
0.986075
0.990205
0.992951
0.992843
0.980475
0.925494
0.895428
0.902683
0.940919
0.965356
0.976147
0.984462
0.990167
0.994056
0.996012
0.996929
0.997318
0.997486
0.997576
0.997656
0.997771
0.997885
0.997954
0.997871
0.997361
0.996307
0.994721
0.992902
0.990917
0.988438
0.984894
0.979423
0.972497
0.966443
0.962873
0.96192
0.962466
0.964255
0.965301
0.965753
0.965919
0.966097
0.966584
0.968164
0.971653
0.975145
0.978076
0.980172
0.981416
0.981993
0.982199
0.982337
0.982665
0.983732
0.986152
0.988229
0.989768
0.990932
0.991889
0.992727
0.993462
0.994089
0.994655
0.99525
0.995929
0.996655
0.997332
0.997921
0.998457
0.998953
0.999294
0.999398
0.999367
0.998948
0.996844
0.993913
0.99232
0.991621
0.98975
0.983439
0.968775
0.952279
0.914706
0.840973
0.634263
0.392564
0.205592
0.0810459
1
1
1
1
1
1
1
1
1
1
1
1
1
1
1
1
1
1
1
1
1
1
1
1
1
1
1
1
1
1
1
1
1
1
1
1
1
1
1
1
1
1
1
1
1
1
1
1
1
1
1
1
1
1
1
0.999999
0.999989
0.999954
0.999876
0.999701
0.99958
0.999418
0.999279
0.99912
0.998738
0.997663
0.996721
0.994418
0.992968
0.989393
0.974944
0.960001
0.934143
0.938751
0.948907
0.958566
0.971088
0.972917
0.972864
0.976428
0.978586
0.978666
0.978438
0.977677
0.975632
0.970817
0.968412
0.96793
0.971265
0.975048
0.979372
0.983263
0.987363
0.990859
0.992286
0.990668
0.972936
0.922038
0.883913
0.880477
0.90818
0.935933
0.949272
0.961965
0.972866
0.982731
0.989144
0.993025
0.995093
0.996113
0.99651
0.996565
0.996309
0.995655
0.994087
0.990509
0.984117
0.976995
0.964767
0.958127
0.953515
0.950241
0.948673
0.948768
0.950577
0.953055
0.955818
0.958356
0.960334
0.961818
0.963071
0.964328
0.965733
0.967411
0.969439
0.97169
0.973893
0.975887
0.977658
0.979216
0.980573
0.981828
0.983158
0.984675
0.986358
0.988036
0.989498
0.990741
0.991893
0.992963
0.993944
0.994909
0.995881
0.996789
0.997564
0.998206
0.998747
0.999156
0.999365
0.999411
0.999198
0.997828
0.996603
0.993642
0.981865
0.945368
0.904345
0.875727
0.860238
0.848271
0.822283
0.752266
0.55713
0.35372
0.207638
0.118036
0.0602847
0.0296846
0.0140057
0.000484714
1
1
1
1
1
1
1
1
1
1
1
1
1
1
1
1
1
1
1
1
1
1
1
1
1
1
1
1
1
1
1
1
1
1
1
1
1
1
1
1
1
1
1
1
1
1
1
1
1
1
1
1
1
1
1
0.999978
0.999755
0.99918
0.99808
0.996845
0.996305
0.99571
0.995508
0.994886
0.990132
0.979812
0.974667
0.96756
0.963616
0.947609
0.898322
0.88201
0.917569
0.950898
0.954776
0.957781
0.964578
0.970902
0.973078
0.9754
0.976973
0.977368
0.977805
0.977931
0.977999
0.978171
0.977793
0.977511
0.979047
0.981092
0.984254
0.98683
0.989057
0.990354
0.989764
0.982564
0.958838
0.929564
0.882092
0.852082
0.855355
0.877379
0.890176
0.903658
0.920079
0.939286
0.956193
0.968957
0.977743
0.982729
0.98486
0.983885
0.979799
0.971045
0.952916
0.921311
0.9088
0.92172
0.937374
0.940428
0.942249
0.945167
0.948864
0.952671
0.956312
0.959886
0.963537
0.967395
0.971249
0.974649
0.977292
0.979228
0.980751
0.982114
0.98338
0.98456
0.985762
0.987123
0.98869
0.99042
0.99221
0.993833
0.99486
0.995322
0.995776
0.996184
0.996536
0.996844
0.997117
0.997364
0.997606
0.997869
0.998193
0.998713
0.999107
0.997272
0.995472
0.994842
0.992407
0.981724
0.947203
0.828431
0.602558
0.405976
0.259217
0.157982
0.0918932
0.0510887
0.0272425
0.0139445
0.00665589
0.00274163
0.00103137
0.00059885
0.000345396
0.000193557
0.000102272
5.24812e-05
2.37139e-05
-2.39397e-05
1
1
1
1
1
1
1
1
1
1
1
1
1
1
1
1
1
1
1
1
1
1
1
1
1
1
1
1
1
1
1
1
1
1
1
1
1
1
1
1
1
1
1
1
1
1
1
1
1
1
1
1
1
1
0.999999
0.99955
0.995344
0.989478
0.983422
0.981012
0.979467
0.977824
0.97794
0.978332
0.914335
0.880764
0.890888
0.891818
0.917908
0.933398
0.900173
0.855806
0.874837
0.939976
0.949914
0.945608
0.940794
0.960151
0.966637
0.964683
0.966648
0.971997
0.974706
0.975373
0.976515
0.978531
0.980607
0.981625
0.982022
0.982885
0.983481
0.983879
0.982863
0.98086
0.975467
0.958896
0.945832
0.932716
0.892924
0.840447
0.812231
0.791582
0.775109
0.766497
0.768332
0.78341
0.80753
0.833164
0.855895
0.869219
0.875383
0.869175
0.857818
0.850282
0.848585
0.866262
0.925284
0.942374
0.949073
0.950506
0.951409
0.95229
0.952392
0.950974
0.946428
0.937405
0.924479
0.910001
0.896686
0.88568
0.876457
0.867179
0.855981
0.841707
0.823507
0.801016
0.774327
0.743504
0.708144
0.668246
0.624422
0.577861
0.529203
0.478601
0.42711
0.375584
0.323783
0.272762
0.223868
0.177001
0.132
0.0906677
0.0559112
0.029896
0.0133225
0.00523007
0.00199123
0.00109
0.000718147
0.000456596
0.000283649
0.000171772
0.000101106
5.78424e-05
3.21738e-05
1.74036e-05
9.15241e-06
4.6776e-06
2.32039e-06
1.11449e-06
5.14638e-07
2.2739e-07
9.77664e-08
4.22833e-08
1.83885e-08
8.07319e-09
3.50292e-09
1.52379e-09
5.99407e-10
2.91454e-10
1
1
1
1
1
1
1
1
1
1
1
1
1
1
1
1
1
1
1
1
1
1
1
1
1
1
1
1
1
1
1
1
1
1
1
1
1
1
1
1
1
1
1
1
1
1
1
1
1
1
1
1
1
1
0.999993
0.995415
0.960746
0.961276
0.963582
0.96577
0.967419
0.968116
0.96844
0.967625
0.925522
0.919076
0.904818
0.887147
0.897157
0.904186
0.887288
0.853331
0.860658
0.909201
0.92146
0.918852
0.908245
0.917981
0.927646
0.930936
0.943344
0.961641
0.97174
0.972023
0.969102
0.967137
0.966197
0.965427
0.965074
0.962612
0.959201
0.95389
0.946602
0.936781
0.916183
0.892819
0.87073
0.850005
0.835418
0.826251
0.806871
0.769057
0.719588
0.662869
0.605615
0.553267
0.510738
0.478201
0.455647
0.439846
0.431279
0.429052
0.430028
0.431645
0.434328
0.445951
0.482508
0.521027
0.541464
0.54351
0.527799
0.480969
0.424422
0.354977
0.28404
0.221469
0.173175
0.140413
0.120564
0.10885
0.100857
0.0931178
0.0840345
0.0734955
0.0622055
0.0511553
0.041102
0.0324279
0.0252623
0.0196324
0.0154019
0.011977
0.0091466
0.00683806
0.00498426
0.00351848
0.00238735
0.00154626
0.000956354
0.000578024
0.000332032
0.000165845
7.05534e-05
2.40439e-05
5.87918e-06
8.96345e-07
1.35536e-07
3.64073e-08
1.71213e-08
9.75196e-09
5.69278e-09
3.27504e-09
1.84173e-09
1.01074e-09
5.41057e-10
2.8238e-10
1.43581e-10
7.10489e-11
3.41493e-11
1.58952e-11
7.14566e-12
3.1185e-12
1.34532e-12
5.82287e-13
2.53111e-13
1.10379e-13
4.75402e-14
2.02168e-14
7.91117e-15
-7.30719e-13
1.52871e-10
1.2282e-10
7.03183e-11
2.61169e-11
8.65661e-12
2.67251e-12
7.81177e-13
2.16665e-13
5.72279e-14
1.44476e-14
3.49662e-15
8.11495e-16
1.81427e-16
3.89363e-17
8.07774e-18
1.59939e-18
3.08491e-19
5.60235e-20
9.03866e-21
2.17294e-21
5.18632e-22
1.12201e-22
2.50327e-23
5.64637e-24
8.12651e-25
7.91528e-09
5.658e-09
2.70798e-09
1.15092e-09
4.45146e-10
1.60266e-10
5.44447e-11
1.75567e-11
5.39546e-12
1.58459e-12
4.45732e-13
1.20295e-13
3.12127e-14
7.79401e-15
1.87632e-15
4.35555e-16
9.77543e-17
2.11868e-17
4.45648e-18
9.05882e-19
1.79751e-19
3.44183e-20
6.50937e-21
1.19299e-21
1.94783e-22
2.06912e-07
9.75881e-08
4.28376e-08
1.76424e-08
6.83008e-09
2.50091e-09
8.71269e-10
2.89776e-10
9.22161e-11
2.81231e-11
8.23077e-12
2.31474e-12
6.26423e-13
1.63297e-13
4.10591e-14
9.96593e-15
2.3391e-15
5.31146e-16
1.16983e-16
2.49824e-17
5.19519e-18
1.04957e-18
2.07816e-19
4.02247e-20
6.71528e-21
1.48814e-06
6.88294e-07
2.99381e-07
1.23309e-07
4.81197e-08
1.78375e-08
6.30402e-09
2.12976e-09
6.8905e-10
2.13762e-10
6.36594e-11
1.82201e-11
5.01814e-12
1.33128e-12
3.40616e-13
8.41265e-14
2.00883e-14
4.64116e-15
1.03975e-15
2.25917e-16
4.77796e-17
9.82202e-18
1.9767e-18
3.89342e-19
6.57597e-20
6.85899e-06
3.19057e-06
1.4002e-06
5.83314e-07
2.30915e-07
8.69779e-08
3.12502e-08
1.07342e-08
3.53078e-09
1.11345e-09
3.37002e-10
9.80031e-11
2.74169e-11
7.38596e-12
1.91839e-12
4.80882e-13
1.16508e-13
2.73066e-14
6.20381e-15
1.3669e-15
2.93017e-16
6.1066e-17
1.24521e-17
2.48595e-18
4.24357e-19
2.4903e-05
1.17144e-05
5.2104e-06
2.20232e-06
8.85924e-07
3.39446e-07
1.24092e-07
4.33646e-08
1.45081e-08
4.6524e-09
1.43148e-09
4.2306e-10
1.20238e-10
3.28965e-11
8.67479e-12
2.20708e-12
5.4257e-13
1.29001e-13
2.97217e-14
6.64011e-15
1.44287e-15
3.04785e-16
6.29537e-17
1.27355e-17
2.19614e-18
7.48917e-05
3.57006e-05
1.61227e-05
6.92382e-06
2.83201e-06
1.10403e-06
4.10706e-07
1.46024e-07
4.9691e-08
1.62027e-08
5.06762e-09
1.52187e-09
4.39345e-10
1.22052e-10
3.26689e-11
8.43397e-12
2.10312e-12
5.0708e-13
1.18438e-13
2.68186e-14
5.9042e-15
1.2635e-15
2.64292e-16
5.41555e-17
9.43474e-18
0.000193556
9.35576e-05
4.29168e-05
1.87307e-05
7.78929e-06
3.08856e-06
1.16876e-06
4.22637e-07
1.46233e-07
4.84668e-08
1.54033e-08
4.69891e-09
1.37747e-09
3.88455e-10
1.05514e-10
2.76349e-11
6.98894e-12
1.70859e-12
4.04522e-13
9.28312e-14
2.07063e-14
4.4891e-15
9.50672e-16
1.97294e-16
3.47117e-17
0.000442606
0.000216814
0.00010096
4.47565e-05
1.89113e-05
7.62131e-06
2.93153e-06
1.07739e-06
3.78779e-07
1.27527e-07
4.11589e-08
1.27471e-08
3.79248e-09
1.08512e-09
2.98951e-10
7.93916e-11
2.03526e-11
5.04218e-12
1.20937e-12
2.81092e-13
6.34807e-14
1.39321e-14
2.98587e-15
6.2717e-16
1.11424e-16
0.000906593
0.000451892
0.000214127
9.65443e-05
4.14659e-05
1.69798e-05
6.63446e-06
2.47604e-06
8.8368e-07
3.01927e-07
9.88636e-08
3.10554e-08
9.36889e-09
2.71746e-09
7.58743e-10
2.04162e-10
5.30176e-11
1.33024e-11
3.23059e-12
7.60166e-13
1.73754e-13
3.85935e-14
8.36609e-15
1.77799e-15
3.18799e-16
0.00169052
0.000857332
0.00041361
0.000189894
8.30283e-05
3.45959e-05
1.3747e-05
5.21392e-06
1.88966e-06
6.55187e-07
2.17574e-07
6.9277e-08
2.11752e-08
6.22056e-09
1.75853e-09
4.78967e-10
1.25869e-10
3.19522e-11
7.84915e-12
1.86785e-12
4.31662e-13
9.69245e-14
2.12351e-14
4.56137e-15
8.25039e-16
0.00294607
0.00151904
0.000745187
0.000347853
0.000154605
6.54695e-05
2.64327e-05
1.01835e-05
3.74748e-06
1.31869e-06
4.44199e-07
1.4339e-07
4.44093e-08
1.32117e-08
3.78044e-09
1.04175e-09
2.76863e-10
7.10547e-11
1.76414e-11
4.24208e-12
9.90389e-13
2.24645e-13
4.9695e-14
1.07813e-14
1.9655e-15
0.00488315
0.00255824
0.001275
0.000604513
0.000272797
0.000117245
4.80266e-05
1.8766e-05
7.0016e-06
2.49708e-06
8.52235e-07
2.78648e-07
8.73829e-08
2.63138e-08
7.61878e-09
2.12359e-09
5.7066e-10
1.48032e-10
3.71346e-11
9.01914e-12
2.12599e-12
4.8674e-13
1.08647e-13
2.37817e-14
4.36711e-15
0.00779454
0.00414585
0.0020973
0.00100902
0.000461856
0.000201257
8.35524e-05
3.30749e-05
1.2497e-05
4.5118e-06
1.55822e-06
5.15389e-07
1.63449e-07
4.97614e-08
1.45625e-08
4.10163e-09
1.11351e-09
2.91744e-10
7.39011e-11
1.81206e-11
4.31115e-12
9.96085e-13
2.24269e-13
4.95215e-14
9.15687e-15
0.0120599
0.00650799
0.0033392
0.00162884
0.000755624
0.000333571
0.000140234
5.61925e-05
2.1483e-05
7.84476e-06
2.73926e-06
9.15707e-07
2.93412e-07
9.02253e-08
2.66615e-08
7.58063e-09
2.07699e-09
5.49089e-10
1.40312e-10
3.47015e-11
8.32521e-12
1.93932e-12
4.40121e-13
9.79568e-14
1.82306e-14
0.0181582
0.00993759
0.00516919
0.00255531
0.00120082
0.000536773
0.000228407
9.26013e-05
3.58054e-05
1.32184e-05
4.66464e-06
1.57534e-06
5.09779e-07
1.58265e-07
4.72022e-08
1.35421e-08
3.74285e-09
9.97925e-10
2.57118e-10
6.41033e-11
1.54997e-11
3.6386e-12
8.3186e-13
1.86534e-13
3.49231e-14
0.0266185
0.0147646
0.00778056
0.00389497
0.00185283
0.000838041
0.000360686
0.000147848
5.77782e-05
2.15502e-05
7.68047e-06
2.61875e-06
8.55287e-07
2.67911e-07
8.05969e-08
2.3317e-08
6.4969e-09
1.74589e-09
4.53274e-10
1.1385e-10
2.77265e-11
6.5546e-12
1.50861e-12
3.40552e-13
6.41019e-14
0.0379961
0.0213494
0.0113914
0.00577139
0.00277742
0.00127034
0.000552667
0.00022891
9.03582e-05
3.40293e-05
1.22416e-05
4.21159e-06
1.38749e-06
4.38272e-07
1.32918e-07
3.87556e-08
1.08805e-08
2.9454e-09
7.70134e-10
1.94775e-10
4.77507e-11
1.13622e-11
2.63131e-12
5.97694e-13
1.13057e-13
0.0528807
0.030085
0.0162444
0.00832447
0.00405015
0.00187205
0.000822721
0.000344095
0.000137102
5.21004e-05
1.89054e-05
6.55861e-06
2.1781e-06
6.93347e-07
2.11849e-07
6.22162e-08
1.75888e-08
4.79346e-09
1.26151e-09
3.21065e-10
7.91911e-11
1.89551e-11
4.41445e-12
1.00835e-12
1.91583e-13
0.0719258
0.041418
0.0226215
0.0117199
0.00576212
0.00269019
0.00119369
0.000503874
0.000202551
7.76285e-05
2.83993e-05
9.92966e-06
3.32252e-06
1.06532e-06
3.27777e-07
9.69095e-08
2.75742e-08
7.56181e-09
2.00206e-09
5.12519e-10
1.27123e-10
3.05945e-11
7.162e-12
1.6444e-12
3.13709e-13
0.0955128
0.0556526
0.0307363
0.0160934
0.00799264
0.00376778
0.00168737
0.000718604
0.000291334
0.000112568
4.15037e-05
1.46205e-05
4.9273e-06
1.59078e-06
4.92696e-07
1.46597e-07
4.19678e-08
1.1577e-08
3.08252e-09
7.93448e-10
1.9784e-10
4.7858e-11
1.12575e-11
2.59718e-12
4.9736e-13
0.123607
0.0728607
0.040681
0.0215217
0.0107944
0.0051367
0.00232127
0.000997137
0.000407613
0.000158749
5.89766e-05
2.09271e-05
7.10197e-06
2.30822e-06
7.19486e-07
2.15396e-07
6.20279e-08
1.7208e-08
4.60689e-09
1.19208e-09
2.98738e-10
7.26202e-11
1.71613e-11
3.97744e-12
7.64456e-13
0.155515
0.0927195
0.0523265
0.0279653
0.0141628
0.00680237
0.00310138
0.00134362
0.000553741
0.000217349
8.13523e-05
2.90741e-05
9.93459e-06
3.25012e-06
1.01947e-06
3.07053e-07
8.89361e-08
2.48108e-08
6.67789e-09
1.73691e-09
4.37428e-10
1.06844e-10
2.53634e-11
5.90483e-12
1.13895e-12
0.189964
0.114533
0.065321
0.0352605
0.0180285
0.00873846
0.0040191
0.00175587
0.000729482
0.000288544
0.0001088
3.91595e-05
1.34717e-05
4.43603e-06
1.40016e-06
4.24239e-07
1.23586e-07
3.46679e-08
9.38053e-09
2.45237e-09
6.20641e-10
1.52316e-10
3.63203e-11
8.4934e-12
1.64409e-12
0.225422
0.137397
0.0791682
0.043154
0.0222709
0.0108916
0.00505252
0.00222558
0.000931946
0.000371427
0.000141072
5.1129e-05
1.77072e-05
5.86812e-06
1.86358e-06
5.67991e-07
1.66402e-07
4.6934e-08
1.27662e-08
3.35443e-09
8.5306e-10
2.10343e-10
5.03809e-11
1.18336e-11
2.29885e-12
0.260036
0.160153
0.093197
0.0512834
0.0267075
0.0131756
0.00616345
0.00273686
0.00115493
0.000463718
0.000177382
6.47289e-05
2.25643e-05
7.52488e-06
2.40419e-06
7.37026e-07
2.17132e-07
6.15723e-08
1.68347e-08
4.4456e-09
1.13599e-09
2.81413e-10
6.77026e-11
1.59722e-11
3.11395e-12
0.292055
0.181655
0.106713
0.0592576
0.0311324
0.0154891
0.00730495
0.00326925
0.00139001
0.000562155
0.000216532
7.9543e-05
2.79062e-05
9.36361e-06
3.00936e-06
9.27797e-07
2.7483e-07
7.83454e-08
2.15296e-08
5.71332e-09
1.46684e-09
3.65038e-10
8.82056e-11
2.08998e-11
4.08914e-12
0.322367
0.202503
0.120113
0.0673286
0.035697
0.0179175
0.00852235
0.00384537
0.00164782
0.000671442
0.000260495
9.63549e-05
3.40286e-05
1.14906e-05
3.71551e-06
1.15223e-06
3.4324e-07
9.83795e-08
2.71766e-08
7.24842e-09
1.87002e-09
4.67577e-10
1.13492e-10
2.70123e-11
5.30459e-12
0.349165
0.221558
0.132753
0.0751655
0.0402473
0.0203965
0.00979205
0.00445796
0.0019268
0.000791606
0.000309546
0.000115368
4.10397e-05
1.3955e-05
4.54269e-06
1.41786e-06
4.24999e-07
1.22545e-07
3.40482e-08
9.13204e-09
2.36872e-09
5.95378e-10
1.45242e-10
3.47421e-11
6.85108e-12
0.367589
0.235373
0.142367
0.0813848
0.0439952
0.0225055
0.0109031
0.00500738
0.00218251
0.000903905
0.000356193
0.000133737
4.79123e-05
1.64031e-05
5.37465e-06
1.68813e-06
5.09091e-07
1.47654e-07
4.12575e-08
1.11264e-08
2.90137e-09
7.33019e-10
1.7971e-10
4.31996e-11
8.55439e-12
0.378682
0.244503
0.149202
0.0860714
0.0469556
0.0242367
0.0118446
0.00548558
0.00241021
0.00100589
0.0003993
0.000150977
5.44538e-05
1.87633e-05
6.18627e-06
1.9547e-06
5.92888e-07
1.72918e-07
4.85775e-08
1.31689e-08
3.45137e-09
8.76263e-10
2.1585e-10
5.21333e-11
1.03649e-11
0.384712
0.250272
0.15398
0.0895893
0.0492958
0.0256597
0.0126424
0.00590076
0.00261191
0.0010978
0.000438722
0.000166951
6.05865e-05
2.09999e-05
6.96302e-06
2.21218e-06
6.7453e-07
1.97735e-07
5.5824e-08
1.5206e-08
4.00382e-09
1.02113e-09
2.52644e-10
6.12885e-11
1.22308e-11
0.389811
0.255465
0.158412
0.0929055
0.0515237
0.0270233
0.0134106
0.00630219
0.00280761
0.00118724
0.000477207
0.000182594
6.66109e-05
2.32041e-05
7.73108e-06
2.46765e-06
7.55818e-07
2.22531e-07
6.30907e-08
1.72562e-08
4.56187e-09
1.16802e-09
2.90088e-10
7.06411e-11
1.41434e-11
0.399335
0.263713
0.164766
0.0973328
0.0543461
0.0286832
0.0143172
0.00676444
0.00302861
0.00128668
0.000519453
0.000199588
7.30999e-05
2.55618e-05
8.54795e-06
2.7381e-06
8.41556e-07
2.48609e-07
7.0716e-08
1.94041e-08
5.14582e-09
1.32161e-09
3.29228e-10
8.04195e-11
1.61436e-11
0.42119
0.280478
0.176518
0.10492
0.0588865
0.0312162
0.0156402
0.00741383
0.0033291
0.00141813
0.000573944
0.000221043
8.11399e-05
2.84349e-05
9.52886e-06
3.05866e-06
9.42005e-07
2.78849e-07
7.9477e-08
2.18518e-08
5.80643e-09
1.49425e-09
3.72967e-10
9.12893e-11
1.83578e-11
0.464647
0.312321
0.197925
0.118221
0.0665719
0.0353663
0.0177439
0.00841834
0.0037823
0.0016118
0.000652522
0.00025137
9.22959e-05
3.23533e-05
1.08453e-05
3.48248e-06
1.07297e-06
3.17762e-07
9.06139e-08
2.49281e-08
6.62794e-09
1.70683e-09
4.26325e-10
1.04437e-10
2.1016e-11
0.54028
0.366965
0.234122
0.140383
0.0791911
0.042084
0.0211017
0.01
0.00448647
0.00190887
0.000771541
0.000296746
0.000108788
3.80783e-05
1.27467e-05
4.08772e-06
1.25794e-06
3.72133e-07
1.06012e-07
2.9138e-08
7.74088e-09
1.99205e-09
4.97243e-10
1.21747e-10
2.44875e-11
0.656974
0.450916
0.289573
0.174245
0.0984277
0.0523004
0.0261955
0.0123927
0.00554855
0.00235548
0.000949838
0.00036446
0.000133298
4.65491e-05
1.55468e-05
4.97461e-06
1.52756e-06
4.50957e-07
1.2821e-07
3.51718e-08
9.32672e-09
2.39598e-09
5.97051e-10
1.4596e-10
2.93146e-11
0.809343
0.563139
0.364316
0.220335
0.124843
0.066438
0.0332925
0.0157465
0.00704509
0.00298767
0.00120322
0.000461009
0.00016834
5.86855e-05
1.95651e-05
6.24872e-06
1.91514e-06
5.64279e-07
1.60112e-07
4.3837e-08
1.16013e-08
2.97457e-09
7.39777e-10
1.80505e-10
3.61875e-11
0.903285
0.679827
0.446272
0.273028
0.155958
0.0834882
0.0420235
0.0199451
0.00894802
0.00380286
0.0015341
0.000588535
0.000215106
7.50357e-05
2.50249e-05
7.99338e-06
2.44963e-06
7.21561e-07
2.04652e-07
5.59999e-08
1.481e-08
3.7942e-09
9.4275e-10
2.29822e-10
4.60274e-11
0.931263
0.75056
0.506087
0.316569
0.184219
0.100085
0.0509641
0.0244102
0.011032
0.00471716
0.00191282
0.000737145
0.000270496
9.469e-05
3.16782e-05
1.01463e-05
3.11684e-06
9.19983e-07
2.61387e-07
7.163e-08
1.89667e-08
4.86422e-09
1.20963e-09
2.95071e-10
5.9122e-11
0.938416
0.774324
0.529634
0.335898
0.198482
0.109612
0.0567501
0.027624
0.0126747
0.0054947
0.00225563
0.000878685
0.000325491
0.000114884
3.87129e-05
1.24788e-05
3.85522e-06
1.14375e-06
3.26469e-07
8.98413e-08
2.38808e-08
6.14566e-09
1.53324e-09
3.75175e-10
7.53622e-11
0.939534
0.779467
0.535781
0.341477
0.202896
0.112761
0.0588052
0.0288605
0.0133637
0.00585144
0.00242775
0.000956276
0.00035826
0.000127887
4.3575e-05
1.41973e-05
4.43115e-06
1.32732e-06
3.82295e-07
1.06087e-07
2.84185e-08
7.36631e-09
1.85012e-09
4.55527e-10
9.19997e-11
0.939198
0.77853
0.535381
0.341699
0.20335
0.113232
0.0591861
0.0291247
0.0135268
0.00594297
0.00247502
0.000978945
0.000368425
0.000132172
4.52794e-05
1.48392e-05
4.66052e-06
1.40529e-06
4.07573e-07
1.13917e-07
3.07434e-08
8.02857e-09
2.03201e-09
5.04283e-10
1.02584e-10
0.940932
0.781343
0.536545
0.341861
0.203225
0.11308
0.0590841
0.0290726
0.0135059
0.00593672
0.00247413
0.000979444
0.000369005
0.000132547
4.54734e-05
1.49268e-05
4.69649e-06
1.41894e-06
4.12415e-07
1.15539e-07
3.12597e-08
8.18578e-09
2.07784e-09
5.17255e-10
1.05556e-10
0.950178
0.8032
0.550671
0.349115
0.206608
0.114533
0.0596546
0.0292733
0.0135665
0.00595088
0.0024757
0.00097869
0.000368309
0.000132179
4.53161e-05
1.48671e-05
4.67559e-06
1.41206e-06
4.10276e-07
1.14907e-07
3.1081e-08
8.13734e-09
2.06547e-09
5.1424e-10
1.04975e-10
0.963896
0.852275
0.592486
0.373778
0.219364
0.120536
0.0622653
0.0303306
0.0139659
0.00609159
0.00252171
0.000992514
0.000372045
0.000133045
4.54643e-05
1.48713e-05
4.66424e-06
1.40524e-06
4.07416e-07
1.13887e-07
3.07545e-08
8.04015e-09
2.03808e-09
5.06796e-10
1.03358e-10
0.966797
0.872364
0.622375
0.395683
0.233734
0.128935
0.0666837
0.0324524
0.0149085
0.00648241
0.00267383
0.00104833
0.000391422
0.000139428
4.74651e-05
1.54697e-05
4.83542e-06
1.4521e-06
4.19721e-07
1.16988e-07
3.15047e-08
8.21474e-09
2.07725e-09
5.15341e-10
1.04877e-10
0.960149
0.866729
0.620018
0.394915
0.233577
0.129044
0.0668826
0.032632
0.0150309
0.00655261
0.00270936
0.00106463
0.0003983
0.000142127
4.84571e-05
1.58127e-05
4.94755e-06
1.48693e-06
4.30034e-07
1.1991e-07
3.22998e-08
8.42266e-09
2.12969e-09
5.28229e-10
1.07472e-10
0.926654
0.820152
0.58137
0.3731
0.221726
0.122916
0.0638625
0.0312151
0.0143985
0.00628396
0.00260067
0.0010227
0.000382855
0.000136688
4.6623e-05
1.52199e-05
4.76352e-06
1.43195e-06
4.14199e-07
1.15502e-07
3.1111e-08
8.11194e-09
2.051e-09
5.08616e-10
1.03527e-10
0.803611
0.664951
0.471143
0.305776
0.183169
0.102026
0.0531553
0.0260221
0.0120135
0.00524538
0.00217118
0.00085376
0.000319546
0.000114048
3.88835e-05
1.26865e-05
3.96799e-06
1.19195e-06
3.44486e-07
9.5981e-08
2.58288e-08
6.72808e-09
1.69947e-09
4.20972e-10
8.57796e-11
0.421838
0.334514
0.242017
0.158837
0.0953896
0.0530045
0.0274835
0.0133782
0.00614003
0.00266556
0.0010973
0.000429235
0.000159857
5.67839e-05
1.9272e-05
6.26037e-06
1.94968e-06
5.83196e-07
1.6783e-07
4.65618e-08
1.24737e-08
3.23497e-09
8.13703e-10
2.00656e-10
4.09585e-11
0.0940159
0.0885348
0.0732081
0.0484293
0.0285297
0.0153609
0.00767315
0.0035888
0.00158096
0.000658626
0.00026021
9.77025e-05
3.49298e-05
1.19105e-05
3.87984e-06
1.20939e-06
3.61354e-07
1.03688e-07
2.86228e-08
7.61953e-09
1.96023e-09
4.88521e-10
1.18221e-10
2.80374e-11
5.63367e-12
0.0133269
0.0151536
0.0135374
0.00955052
0.0053801
0.00272055
0.00126397
0.000547058
0.000222466
8.54525e-05
3.1104e-05
1.07509e-05
3.53544e-06
1.10785e-06
3.31395e-07
9.47627e-08
2.59581e-08
6.81921e-09
1.72331e-09
4.20303e-10
9.91927e-11
2.26862e-11
5.04488e-12
1.09663e-12
2.18002e-13
0.00128983
0.00196318
0.00174205
0.00118976
0.000607668
0.000272186
0.000110452
4.13997e-05
1.45053e-05
4.78463e-06
1.49179e-06
4.40512e-07
1.23489e-07
3.28886e-08
8.34329e-09
2.01346e-09
4.64403e-10
1.02775e-10
2.19333e-11
4.517e-12
9.00408e-13
1.73809e-13
3.26557e-14
5.95645e-15
1.57319e-15
0.00010986
0.000180313
0.000146639
8.01485e-05
3.285e-05
1.14077e-05
3.48579e-06
9.61728e-07
2.43859e-07
5.74153e-08
1.26075e-08
2.60572e-09
5.1272e-10
9.62013e-11
1.73075e-11
2.61406e-12
6.57828e-13
1.60712e-13
3.81743e-14
8.8208e-15
1.98696e-15
4.36534e-16
9.70039e-17
2.08545e-17
7.44171e-18
5.58007e-06
7.5093e-06
4.41441e-06
1.40198e-06
3.11498e-07
4.52841e-08
5.32678e-09
5.37661e-10
9.24722e-11
1.51931e-11
2.39699e-12
3.65189e-13
5.4051e-14
7.82095e-15
1.11305e-15
1.54069e-16
2.27801e-17
3.76012e-18
7.33486e-19
1.44305e-19
1.40033e-19
1.67876e-20
1.75415e-20
2.92325e-21
8.23249e-21
)
;

boundaryField
{
    inlet
    {
        type            fixedValue;
        value           uniform 1;
    }
    outlet
    {
        type            inletOutlet;
        inletValue      uniform 0;
        value           nonuniform List<scalar> 
57
(
8.12651e-25
1.94783e-22
6.71528e-21
6.57597e-20
4.24357e-19
2.19614e-18
9.43474e-18
3.47117e-17
1.11424e-16
3.18799e-16
8.25039e-16
1.9655e-15
4.36711e-15
9.15687e-15
1.82306e-14
3.49231e-14
6.41019e-14
1.13057e-13
1.91583e-13
3.13709e-13
4.9736e-13
7.64456e-13
1.13895e-12
1.64409e-12
2.29885e-12
3.11395e-12
4.08914e-12
5.30459e-12
6.85108e-12
8.55439e-12
1.03649e-11
1.22308e-11
1.41434e-11
1.61436e-11
1.83578e-11
2.1016e-11
2.44875e-11
2.93146e-11
3.61875e-11
4.60274e-11
5.9122e-11
7.53622e-11
9.19997e-11
1.02584e-10
1.05556e-10
1.04975e-10
1.03358e-10
1.04877e-10
1.07472e-10
1.03527e-10
8.57796e-11
4.09585e-11
5.63367e-12
2.18002e-13
1.57319e-15
7.44171e-18
8.23249e-21
)
;
    }
    upperWall
    {
        type            zeroGradient;
    }
    lowerWall
    {
        type            zeroGradient;
    }
    frontAndBack
    {
        type            empty;
    }
}


// ************************************************************************* //
