/*--------------------------------*- C++ -*----------------------------------*\
| =========                 |                                                 |
| \\      /  F ield         | OpenFOAM: The Open Source CFD Toolbox           |
|  \\    /   O peration     | Version:  2112                                  |
|   \\  /    A nd           | Website:  www.openfoam.com                      |
|    \\/     M anipulation  |                                                 |
\*---------------------------------------------------------------------------*/
FoamFile
{
    version     2.0;
    format      ascii;
    arch        "LSB;label=32;scalar=64";
    class       volScalarField;
    location    "0.21";
    object      nut;
}
// * * * * * * * * * * * * * * * * * * * * * * * * * * * * * * * * * * * * * //

dimensions      [0 2 -1 0 0 0 0];

internalField   nonuniform List<scalar> 
12225
(
0
0
0
0
0
0
0
0
0
0
0
0
0
0
0
7.2394e-09
3.66827e-08
1.50556e-07
0
0
0
0
0
0
0
0
0
0
0
0
0
0
0
1.18307e-08
3.29556e-08
1.77813e-07
0
0
0
0
0
0
0
0
0
0
0
0
0
0
0
1.68873e-08
9.37717e-09
1.36929e-07
0
0
0
7.52124e-08
1.05116e-07
7.48825e-08
3.76112e-08
0
0
0
0
0
0
0
0
1.60061e-08
0
1.51141e-07
0
0
2.38097e-05
0
0
0
0
0
0
0
0
0
0
0
0
0
0
0
0
0
4.18426e-05
1.34345e-05
0
0
0
0
0
0
0
0
0
0
0
0
0
0
7.43096e-05
3.47394e-05
7.86897e-05
2.39598e-05
6.76473e-06
0
0
0
0
0
0
0
0
0
0
0
0
0
8.55819e-05
6.05191e-05
0
0
0
0
0
0
0
0
0
0
0
0
0
0
0
0
6.60355e-05
3.9889e-05
0
0
0
0
0
0
0
0
0
0
0
0
0
0
0
0
6.11875e-05
5.52604e-05
0
0
0
0
0
0
0
0
5.39009e-06
0
0
0
0
0
0
0
5.01042e-05
3.40689e-05
3.40418e-05
0
0
0
0
0
0
0
0
0
0
0
0
0
0
0
1.21298e-05
1.87903e-05
4.81979e-05
2.54325e-05
0
0
0
0
0
0
0
0
0
0
0
0
0
0
0
0
3.66636e-05
5.04772e-05
4.89009e-05
0
0
0
0
0
0
9.24034e-06
1.38372e-05
1.0811e-05
1.75449e-08
0
0
0
0
0
0
4.06559e-05
6.26709e-05
2.02912e-05
0
0
0
0
1.04969e-05
1.96262e-05
1.9382e-05
1.16522e-05
0
0
0
0
0
0
0
6.79914e-07
8.44915e-05
5.1454e-05
6.71101e-05
0.000124045
0
0
9.40613e-06
2.36366e-05
2.35566e-05
0
0
0
0
0
0
6.96253e-06
0
0
1.39138e-05
4.13942e-05
9.34019e-05
0.000209313
0
0
0
0
1.21523e-06
0
0
0
0
0
0
0
0
0
9.51855e-06
9.72356e-06
0
0
4.37518e-05
6.90218e-05
2.73488e-05
0
0
0
4.80057e-07
2.01555e-06
6.85161e-08
0
4.71839e-05
3.62576e-05
7.27313e-06
1.58316e-05
0
0
0
0
0
3.33159e-05
3.08512e-05
1.69426e-05
1.01218e-05
8.56493e-06
6.52153e-06
2.84123e-06
0
0
0
0
0
0
4.89632e-06
1.49835e-05
0
0
0
8.65266e-05
0.00010215
7.81169e-05
5.59947e-05
3.87548e-05
2.53039e-05
2.19141e-05
2.53333e-05
2.94066e-05
0
0
0
0
3.83762e-06
1.26362e-05
0
0
0.000103218
0.000108425
6.40607e-05
3.14368e-05
9.21613e-06
0
0
6.25906e-06
2.23637e-05
4.01417e-05
0
1.63701e-05
7.11778e-06
0
0
1.94875e-05
4.79885e-05
0.000234211
0.000316604
0.000112413
2.41009e-05
0
0
0
0
0
0
0
0
1.68961e-05
5.57366e-05
0
0
1.57467e-05
4.09556e-05
9.74476e-05
1.06256e-05
0
0
0
0
0
0
0
0
0
5.67819e-05
8.63414e-05
3.54711e-05
0
1.08265e-05
2.72791e-05
3.67769e-06
0
0
0
0
2.29392e-05
0
0
0
0
0
0
8.37339e-05
6.3539e-05
0
0
7.9794e-05
8.01129e-05
1.84371e-05
0
0
1.30707e-05
2.58921e-05
2.16142e-05
1.55151e-05
8.32648e-06
3.16739e-06
2.20649e-06
4.32464e-06
7.71097e-06
0
0
0
8.27356e-06
4.08973e-05
3.67766e-05
3.3379e-05
3.50525e-05
4.21272e-05
4.90387e-05
4.50356e-05
3.951e-05
3.23419e-05
2.28702e-05
1.5871e-05
1.38181e-05
1.29439e-05
1.04487e-05
0
0
0
0
0
0
2.32671e-05
3.70223e-05
4.87118e-05
6.89724e-05
9.3909e-05
0.000110154
9.74677e-05
4.87057e-05
0
0
0
0
5.49658e-06
0
0
0
0
5.53298e-08
3.8207e-07
7.03637e-07
6.25222e-07
2.49016e-07
0
0
0
0
0
0
1.36041e-07
3.51311e-07
1.01407e-07
0
0
0
0
0
0
0
3.71775e-09
0
0
0
0
0
0
0
0
0
3.96854e-08
0
0
0
0
0
0
0
0
0
0
0
0
0
0
0
0
0
2.50429e-08
0
0
0
0
0
0
0
0
0
0
0
0
0
0
0
0
0
0
2.63201e-06
5.0199e-06
0
0
0
0
2.84272e-06
2.62133e-06
5.30906e-07
0
0
0
0
0
0
0
0
0
0
0
0
0
0
0
0
0
0
0
0
0
0
1.98075e-07
4.73057e-07
6.94342e-07
8.70833e-07
9.47759e-07
9.95493e-07
7.03671e-07
2.78771e-07
9.06541e-07
4.21203e-07
0
0
0
0
2.41401e-06
5.86407e-06
4.40044e-06
2.73221e-06
1.48875e-06
0
0
0
0
1.40053e-06
5.05818e-06
1.79209e-05
3.23919e-05
3.69788e-05
4.87365e-05
2.08351e-05
5.55174e-06
1.29746e-06
5.95322e-07
8.92791e-07
1.19241e-06
1.29222e-06
1.24642e-06
1.11729e-06
9.58194e-07
7.79392e-07
6.07472e-07
4.35423e-07
2.71152e-07
1.09222e-07
0
0
0
0
0
0
0
0
0
0
0
0
0
0
0
0
0
0
0
0
0
0
0
0
0
0
0
0
0
0
0
0
0
0
0
0
0
0
0
0
0
0
0
0
0
0
0
0
0
0
0
0
0
0
0
0
0
0
0
0
0
0
1.01852e-07
2.94736e-07
4.00133e-07
2.45511e-07
0
0
0
8.55611e-07
1.36483e-06
5.35965e-07
0
0
0
1.05846e-06
5.09316e-06
1.91968e-06
0
0
0
5.73983e-07
8.59475e-07
5.04252e-06
2.64009e-05
9.0513e-05
9.71448e-05
2.6989e-05
4.77606e-06
1.70858e-06
1.05756e-06
7.34632e-07
4.93433e-07
2.90053e-07
1.03349e-07
0
0
0
0
0
0
0
0
0
0
0
0
0
0
0
1.02882e-06
3.28148e-06
2.99828e-06
1.15036e-06
0
0
0
0
0
0
0
0
0
0
0
0
0
0
0
0
0
0
0
0
0
0
2.29894e-07
5.35021e-07
7.85197e-07
1.00474e-06
1.09073e-06
1.23636e-06
1.05882e-06
4.25406e-07
2.13934e-06
3.12687e-06
0
0
0
0
0
1.06125e-06
3.365e-06
3.87206e-06
3.13234e-06
6.29708e-07
0
0
6.37655e-06
1.47414e-05
1.76853e-05
1.16226e-05
5.41768e-06
1.79353e-06
3.77911e-06
7.00152e-06
5.24881e-06
1.57919e-06
6.20269e-07
1.05025e-06
1.45869e-06
1.56465e-06
1.50144e-06
1.34283e-06
1.15201e-06
9.46255e-07
7.401e-07
5.36108e-07
3.36252e-07
1.3896e-07
0
0
0
0
0
0
0
0
0
0
0
0
0
0
0
0
0
0
0
0
0
0
0
0
0
0
0
0
0
0
0
0
0
0
0
0
0
0
0
0
0
0
0
0
0
0
0
0
0
0
0
0
0
0
0
0
0
0
0
0
0
0
4.79419e-08
2.95549e-07
4.64578e-07
3.77216e-07
8.10262e-08
0
5.44927e-08
1.16589e-06
1.77774e-06
6.59926e-07
0
0
0
1.03026e-06
4.19875e-06
1.68464e-06
0
0
0
2.21799e-07
9.57192e-07
7.18597e-06
4.57476e-05
0.000111396
7.43197e-05
3.1014e-05
1.01441e-05
4.21358e-06
2.40998e-06
1.52062e-06
9.55261e-07
5.4659e-07
2.18229e-07
0
0
0
0
0
0
0
0
0
6.23554e-06
7.00687e-06
0
0
0
3.95126e-07
3.70669e-06
4.81605e-06
4.89708e-06
4.92639e-06
4.92588e-06
4.53631e-06
3.56222e-06
2.00035e-06
7.52763e-08
0
0
0
0
0
0
0
0
0
0
0
0
0
0
0
0
0
0
8.38127e-07
1.1374e-06
1.13001e-06
5.80471e-07
2.74409e-07
2.36438e-07
0
1.1838e-06
5.09324e-06
0
0
1.51502e-06
8.70239e-06
1.61072e-05
1.10289e-05
0
0
0
2.73723e-07
6.21888e-06
1.18418e-05
9.98257e-06
5.3442e-06
3.16858e-06
0
0
0
0
1.15964e-06
1.81906e-06
1.15791e-07
5.08422e-07
1.98984e-06
3.21343e-06
3.67202e-06
3.54632e-06
3.12709e-06
2.5921e-06
2.05263e-06
1.54221e-06
1.08378e-06
6.72705e-07
3.00864e-07
0
0
0
0
0
0
0
0
0
0
0
0
0
0
0
0
0
0
0
0
0
0
0
0
0
0
0
0
0
0
0
0
0
0
0
0
0
0
0
0
0
0
0
0
0
0
0
0
0
8.90694e-08
1.8995e-07
0
0
0
0
0
0
0
0
0
0
0
0
2.25236e-07
5.2998e-07
5.46293e-07
2.83544e-07
2.26056e-08
0
7.50415e-07
1.46097e-06
6.40548e-07
0
0
0
3.59328e-07
2.29717e-06
9.83295e-07
0
0
0
5.71292e-07
3.63914e-06
2.15277e-05
4.69672e-05
5.23096e-05
3.25066e-05
2.38244e-05
1.9431e-05
1.36857e-05
7.9637e-06
4.18418e-06
2.10072e-06
1.00872e-06
4.03732e-07
2.84177e-09
0
0
0
0
0
0
0
0
2.43559e-05
1.63696e-05
3.4548e-07
0
0
2.51457e-06
5.98722e-06
7.06379e-06
6.95108e-06
4.81306e-06
2.12299e-07
0
0
0
0
0
0
0
0
0
0
0
0
0
0
0
0
0
0
0
0
0
0
0
0
0
0
0
0
0
0
0
0
0
1.3497e-06
3.63903e-06
2.12062e-06
0
0
0
0
2.6304e-06
4.5771e-06
5.91993e-06
4.72845e-06
7.26453e-07
0
0
0
0
0
0
0
0
0
4.15049e-07
7.87422e-07
9.1272e-07
1.03358e-06
1.43729e-06
2.13289e-06
3.3324e-06
5.21736e-06
8.19395e-06
1.26126e-05
1.64561e-05
0
0
0
0
0
0
0
0
0
0
0
0
0
0
0
0
0
0
0
0
0
0
0
0
0
0
0
0
0
0
0
0
0
0
0
0
0
0
0
0
0
0
0
0
0
0
0
0
0
0
0
0
0
0
0
0
0
0
0
0
0
0
0
0
0
0
0
0
0
0
0
1.21591e-06
2.26654e-06
2.31048e-07
0
0
0
7.49279e-07
1.28087e-06
0
0
2.28291e-07
0
8.76138e-06
2.02211e-05
2.02952e-05
1.71446e-05
1.74072e-05
1.92846e-05
2.03341e-05
2.15008e-05
2.27544e-05
2.33247e-05
2.24129e-05
1.73826e-05
1.25628e-06
0
0
0
0
0
0
0
0
5.62742e-05
2.74163e-05
3.85873e-06
0
1.38836e-06
2.52506e-06
0
0
0
0
0
0
0
0
0
0
0
0
0
0
0
0
0
0
0
0
0
0
0
0
0
0
0
0
0
0
0
0
0
0
0
0
0
0
0
0
0
0
0
0
0
3.82528e-07
3.10402e-06
5.22645e-06
6.8899e-06
5.4679e-06
2.10248e-06
0
0
0
0
0
0
0
0
0
0
0
0
0
0
0
0
4.83997e-07
1.019e-06
8.5589e-07
0
0
0
0
0
0
0
0
0
0
0
0
0
0
0
0
0
0
0
0
0
0
0
0
0
0
0
0
0
0
0
0
0
0
0
0
0
0
0
0
0
0
0
0
0
0
0
0
0
0
0
0
0
0
0
0
0
0
0
0
0
0
0
0
0
0
0
0
0
0
0
0
2.87158e-06
4.02226e-06
0
0
1.47092e-06
8.36923e-06
2.45863e-06
0
0
0
0
3.99236e-06
1.32134e-05
1.22962e-05
1.25873e-05
1.70082e-05
2.14688e-05
2.40889e-05
2.48454e-05
2.39948e-05
2.16096e-05
1.6583e-05
6.53416e-06
0
0
0
0
0
0
0
0
0
4.53529e-05
1.59542e-05
2.67949e-06
4.47696e-07
0
0
0
0
0
0
0
0
0
0
0
0
0
0
0
0
0
0
0
0
8.79773e-07
1.53103e-06
1.60259e-06
8.14407e-07
0
0
0
0
0
0
0
0
0
0
0
0
0
0
0
0
0
0
0
0
0
0
0
0
2.80593e-06
5.4203e-06
8.27203e-06
9.005e-06
6.86405e-06
2.94588e-06
0
0
0
0
1.69476e-06
4.90006e-07
0
0
0
0
0
0
0
0
0
0
0
0
0
0
7.73956e-07
1.49493e-06
1.93977e-06
2.081e-06
1.97253e-06
1.702e-06
1.36041e-06
9.97098e-07
6.14915e-07
1.9495e-07
0
0
0
0
0
0
0
0
0
0
0
0
0
0
0
0
0
0
0
0
0
0
0
0
0
0
0
0
0
0
0
0
0
0
0
0
0
0
0
0
0
0
0
0
1.16015e-06
2.32527e-06
2.07033e-06
0
0
0
0
0
0
0
0
0
0
0
0
0
0
0
0
0
5.18229e-06
4.10152e-06
0
0
0
0
0
5.98048e-06
9.83484e-06
9.02903e-06
1.30635e-05
2.23203e-05
2.58021e-05
2.60244e-05
2.48582e-05
2.24021e-05
1.78612e-05
9.20775e-06
0
0
8.10051e-06
0
0
0
0
0
0
0
1.29264e-05
3.75587e-06
0
0
0
0
0
0
0
0
0
0
0
0
0
0
0
0
0
0
5.54934e-07
2.83545e-06
4.91816e-06
6.80417e-06
8.5335e-06
9.99847e-06
1.10195e-05
1.1209e-05
1.01135e-05
7.29251e-06
2.47107e-06
0
0
0
0
0
0
0
0
2.08639e-06
0
0
0
0
0
0
0
0
0
0
0
0
8.11619e-07
2.56202e-06
4.935e-06
8.52109e-06
1.48754e-05
2.12924e-05
1.35802e-05
1.26479e-05
1.44533e-05
7.59672e-06
2.76723e-06
0
0
0
0
0
0
0
0
0
7.58823e-07
2.08227e-06
2.41852e-06
0
0
0
0
0
0
0
4.57636e-07
1.34738e-06
1.81448e-06
1.92201e-06
1.74607e-06
1.30616e-06
6.3265e-07
0
0
0
0
0
0
0
0
0
0
0
0
0
0
0
0
0
1.54867e-07
8.25475e-07
3.08493e-07
0
0
0
0
0
0
0
0
0
0
0
0
0
0
0
0
0
0
0
0
0
0
0
0
5.54498e-07
9.33535e-07
6.97511e-07
0
0
0
0
0
0
0
0
0
0
0
0
0
0
0
0
0
0
0
0
0
0
0
1.05517e-05
1.0079e-05
7.80358e-06
1.76089e-05
2.61541e-05
2.67333e-05
2.53765e-05
2.25587e-05
1.77362e-05
8.85026e-06
0
0
7.96861e-06
3.9504e-05
1.00403e-05
0
0
0
0
0
0
1.84874e-06
0
0
0
0
0
0
0
0
0
0
0
0
0
0
0
0
0
0
0
0
2.30717e-06
4.7155e-06
6.72804e-06
8.35128e-06
9.5128e-06
1.00285e-05
9.48307e-06
7.45976e-06
3.51872e-06
0
0
0
0
0
0
0
0
0
0
5.02239e-06
0
0
0
0
0
0
0
0
0
0
0
0
0
8.58942e-07
4.11299e-06
6.53609e-06
5.43702e-06
5.09586e-06
6.99383e-06
6.68867e-06
3.55374e-06
7.70498e-07
0
0
0
0
0
0
5.24747e-07
2.7308e-06
6.14422e-06
1.12894e-05
1.69445e-05
9.3887e-06
0
0
0
0
0
0
0
0
0
0
0
1.06303e-06
1.48743e-06
1.34086e-06
7.72378e-07
0
0
0
0
0
0
0
0
0
0
0
0
0
0
0
0
0
0
0
0
0
0
0
0
0
0
0
0
0
0
0
0
0
0
0
0
0
0
0
0
0
0
0
0
0
8.51359e-08
3.12506e-07
2.50365e-07
0
0
0
0
0
0
0
0
0
0
0
0
0
0
0
0
0
0
0
0
5.01064e-06
1.4267e-05
1.25481e-05
9.43243e-06
2.16841e-05
2.64343e-05
2.52823e-05
2.19947e-05
1.63205e-05
6.85261e-06
0
0
0
3.89261e-06
5.7814e-05
3.20431e-05
7.53565e-06
0
0
0
0
0
0
0
0
0
0
0
0
0
0
0
0
0
0
0
0
0
0
0
0
4.12978e-08
1.94199e-06
3.8418e-06
5.52088e-06
7.01166e-06
8.30452e-06
9.37533e-06
9.79137e-06
8.4748e-06
4.45164e-06
0
0
0
0
0
0
0
0
0
0
0
0
4.40224e-06
0
0
0
0
0
0
0
0
0
0
0
0
0
5.57927e-07
1.19767e-06
1.35982e-06
1.92979e-06
2.4266e-06
1.89649e-06
6.76655e-07
0
0
0
0
0
5.36043e-07
2.52558e-06
5.88598e-06
1.14001e-05
1.85015e-05
1.90017e-05
4.61941e-06
0
0
0
0
0
0
0
0
0
0
0
0
0
4.8953e-08
5.61379e-07
5.49299e-07
2.88312e-07
0
0
0
0
0
0
0
0
0
0
0
0
5.6499e-08
0
0
0
0
0
0
0
0
0
0
0
0
0
0
0
0
0
0
0
0
0
0
0
0
0
0
0
0
0
0
0
0
0
0
1.12091e-07
0
0
0
0
0
0
0
0
0
0
0
0
0
2.80932e-06
1.1976e-06
0
0
0
0
9.51486e-06
1.60426e-05
1.3516e-05
1.18071e-05
2.28899e-05
2.41993e-05
2.11243e-05
1.49388e-05
5.27618e-06
0
0
0
0
0
3.32602e-05
3.84526e-05
2.34602e-05
4.25191e-06
0
0
0
0
0
0
0
0
0
0
0
0
0
0
0
0
0
0
0
0
0
0
0
0
0
4.07073e-07
1.53302e-06
2.74113e-06
4.13582e-06
5.88984e-06
7.66369e-06
7.35068e-06
1.97059e-06
0
0
0
0
0
0
0
0
0
0
0
0
0
1.74968e-06
0
0
0
0
0
0
0
0
0
0
0
0
0
8.45982e-08
5.25553e-07
8.50516e-07
6.47761e-07
1.49002e-07
0
0
0
0
0
1.24577e-06
3.2949e-06
6.57472e-06
1.06701e-05
1.26383e-05
6.758e-06
0
0
0
0
0
0
0
0
0
0
0
0
0
0
0
0
2.94302e-07
3.76537e-07
1.60712e-07
0
0
0
0
0
0
0
0
0
0
0
0
0
0
0
0
0
0
0
0
0
0
0
0
0
0
0
0
0
0
0
0
0
0
0
0
0
0
0
0
0
0
0
0
0
0
0
0
0
0
0
0
0
0
0
0
0
0
0
0
1.90148e-06
5.00345e-06
3.18588e-06
0
0
0
0
1.24479e-05
1.63135e-05
1.12134e-05
1.20785e-05
2.14678e-05
1.9912e-05
1.45982e-05
5.49653e-06
0
0
0
0
0
0
1.61065e-05
2.97753e-05
2.86441e-05
1.70061e-05
0
0
0
0
0
0
0
0
0
0
0
0
0
0
0
0
0
0
0
0
0
0
0
0
0
0
0
0
1.82283e-08
1.51364e-06
3.64585e-06
5.39875e-06
5.83898e-07
0
0
0
0
0
0
0
0
0
0
0
0
0
0
0
0
0
0
0
0
0
0
0
0
0
0
0
0
1.10995e-07
3.03503e-07
9.11682e-08
0
0
0
0
1.16383e-07
1.14689e-06
2.67841e-06
4.75411e-06
6.64319e-06
6.29637e-06
1.52927e-06
0
0
0
0
0
0
0
0
0
0
0
0
0
0
0
0
0
4.71188e-07
6.54624e-07
4.57677e-07
2.00172e-07
3.88351e-08
0
0
0
0
0
0
0
0
0
0
0
0
0
0
0
0
0
0
0
0
0
0
0
0
0
0
0
0
0
0
0
0
0
0
0
0
0
0
0
0
0
0
0
0
0
0
0
0
0
0
0
0
0
0
0
0
0
0
4.04904e-06
6.1696e-06
4.29856e-06
0
0
0
0
1.39212e-05
1.59404e-05
7.08451e-06
1.04973e-05
1.84649e-05
1.45902e-05
7.43938e-06
0
0
0
0
0
0
0
7.54632e-06
2.09216e-05
2.57417e-05
2.1894e-05
1.05602e-05
0
0
0
0
0
0
0
0
0
0
0
0
0
0
0
0
0
0
0
0
0
0
0
0
0
0
0
0
0
3.9874e-07
2.71086e-06
1.62792e-06
0
0
0
0
0
0
0
0
0
0
0
0
0
0
0
0
0
0
0
0
0
0
0
0
0
0
0
0
0
0
0
0
0
0
0
6.06993e-07
1.5647e-06
2.63385e-06
3.34987e-06
2.81756e-06
2.80422e-08
0
0
0
0
8.06451e-08
0
0
0
0
3.01585e-06
4.80226e-06
5.15168e-06
3.72854e-06
6.70183e-07
0
0
0
0
4.9128e-07
6.78627e-07
5.31477e-07
3.73458e-07
2.61393e-07
2.62131e-07
2.7943e-07
8.92449e-08
0
0
0
0
0
0
0
0
0
0
0
1.64636e-06
4.47525e-06
5.98056e-06
2.25556e-06
0
0
0
0
0
0
0
0
0
0
0
0
0
0
0
0
0
0
0
0
0
0
0
0
0
0
0
0
0
0
0
0
0
0
0
0
0
0
0
0
4.67191e-06
6.06234e-06
4.54255e-06
0
0
0
0
1.37241e-05
1.49274e-05
2.92913e-06
8.01176e-06
1.49313e-05
9.44626e-06
1.50985e-06
0
0
0
0
0
0
0
2.37666e-06
1.44871e-05
2.11381e-05
2.10343e-05
1.54051e-05
2.52353e-06
0
0
0
0
0
0
0
0
0
0
0
0
0
0
0
0
0
0
0
0
0
0
0
0
0
0
0
0
0
3.47264e-07
2.35411e-06
0
0
0
0
0
0
0
0
0
0
0
0
0
0
0
0
0
0
0
0
0
0
0
0
0
0
0
0
0
1.92286e-08
0
0
0
0
2.08928e-07
8.81007e-07
1.47629e-06
1.65131e-06
1.01274e-06
0
0
0
0
0
8.66003e-07
1.57659e-06
5.21722e-07
0
0
0
0
1.75556e-06
4.72677e-06
4.66146e-06
2.51351e-06
2.68169e-07
0
0
1.74307e-07
4.00934e-07
4.55163e-07
3.53395e-07
2.79493e-07
1.83715e-07
1.05475e-07
7.82504e-08
4.60836e-08
0
0
0
0
0
0
0
0
0
0
2.21603e-06
8.92288e-06
7.80031e-06
4.79222e-06
4.69367e-06
6.41172e-06
0
0
0
0
0
0
0
0
0
0
0
0
0
0
0
0
0
0
0
0
0
0
0
0
0
0
0
0
0
0
0
0
0
0
0
0
0
0
0
2.91745e-06
4.24634e-06
3.70677e-06
1.22467e-06
0
0
0
1.17904e-05
1.25723e-05
0
5.40976e-06
1.16249e-05
5.48437e-06
0
0
0
0
0
0
0
0
0
8.88536e-06
1.61961e-05
1.7996e-05
1.53168e-05
7.61512e-06
0
0
0
0
0
0
0
0
0
0
0
0
0
0
0
0
0
0
0
0
0
9.60684e-08
1.97631e-06
4.19253e-06
6.35739e-06
7.64782e-06
7.53868e-06
5.5593e-06
1.66532e-06
0
0
0
0
0
0
0
1.01611e-06
2.55343e-06
3.48017e-06
4.77131e-06
5.91297e-06
5.23838e-06
3.83569e-06
3.00035e-06
2.673e-06
2.13414e-06
1.45023e-06
0
0
0
0
0
0
0
0
0
0
0
0
0
0
0
0
0
0
0
4.15702e-07
6.02448e-07
1.35883e-07
0
0
0
0
0
0
1.21389e-06
1.89634e-06
8.45943e-07
0
0
0
0
0
3.24816e-06
4.66583e-06
2.62682e-06
0
0
0
0
0
0
8.99686e-08
5.54879e-08
2.35005e-09
0
0
0
0
0
0
0
0
0
0
0
0
0
1.95545e-06
3.4044e-06
4.08185e-07
0
0
0
0
0
0
0
0
0
0
0
0
0
0
0
0
0
0
0
0
0
0
0
0
0
0
0
0
0
0
0
0
0
0
0
0
0
0
0
0
0
0
0
7.6256e-07
1.59729e-06
2.02114e-06
0
0
0
8.23946e-06
8.75897e-06
0
2.84987e-06
8.80415e-06
3.03932e-06
0
0
0
0
0
0
0
0
0
3.15011e-06
1.02364e-05
1.37026e-05
1.27233e-05
8.43461e-06
0
0
0
0
0
0
2.79424e-06
0
9.50012e-07
3.10593e-06
0
0
0
0
0
0
0
0
0
0
2.82846e-06
7.01858e-06
1.2602e-05
1.83035e-05
2.3839e-05
2.91219e-05
3.3746e-05
3.89704e-05
3.21301e-05
6.82394e-06
0
0
0
0
0
2.11678e-06
4.82544e-06
6.78164e-06
7.12925e-06
6.9534e-06
6.88647e-06
5.39746e-06
3.1431e-06
1.89777e-06
1.37697e-06
6.66279e-07
4.13918e-07
8.55511e-07
0
0
0
0
4.31266e-08
1.06607e-06
0
0
0
0
0
8.76148e-08
0
0
0
0
0
2.10501e-07
3.1154e-07
4.23597e-08
0
0
0
0
0
0
0
9.58669e-07
1.75413e-06
8.38399e-07
0
0
0
0
0
0
3.42583e-06
3.65282e-06
6.24275e-07
0
0
0
0
0
0
0
0
0
0
0
0
0
0
0
0
0
0
0
0
0
0
0
0
0
0
0
8.08686e-06
5.49618e-06
0
0
0
0
0
0
0
0
3.9561e-07
0
0
0
0
0
0
0
0
0
0
0
0
0
0
0
0
0
0
0
0
0
0
0
0
0
0
0
0
0
0
0
1.45834e-06
0
0
0
3.34174e-06
4.22882e-06
0
5.55884e-08
6.39642e-06
1.85888e-06
0
0
0
0
0
0
0
0
0
0
3.21148e-06
7.93423e-06
8.67917e-06
6.40652e-06
1.53454e-06
0
0
0
0
8.10926e-06
1.40773e-05
6.5349e-06
0
2.10641e-06
5.71566e-06
4.11771e-06
0
0
0
0
0
0
0
0
2.30981e-06
1.04135e-05
2.27095e-05
3.36532e-05
4.10883e-05
4.58352e-05
4.80978e-05
4.31319e-05
2.41585e-05
6.29253e-06
0
0
0
0
0
0
1.73475e-06
4.83144e-06
6.12602e-06
5.39532e-06
3.8768e-06
1.4803e-06
0
0
0
0
0
1.73695e-06
3.82888e-06
2.7006e-06
3.19138e-06
2.71772e-06
1.54913e-06
2.50923e-06
2.07473e-06
0
0
0
0
0
8.73804e-07
4.07936e-07
0
0
0
0
0
0
0
0
0
0
0
0
0
0
1.30656e-06
9.94314e-07
0
0
0
0
0
0
2.23816e-07
3.701e-06
8.98412e-07
0
0
0
0
0
0
0
0
0
0
0
0
0
0
0
0
0
0
0
0
0
0
0
0
0
0
0
0
1.50444e-06
1.87349e-06
1.40917e-07
0
0
0
0
0
0
1.34418e-06
1.27119e-06
0
0
0
0
0
1.91926e-07
4.00236e-07
0
0
0
0
0
0
0
0
0
0
0
0
0
0
0
0
0
0
0
0
0
0
0
0
0
0
0
0
0
0
0
4.18601e-06
1.39636e-06
0
0
0
0
0
0
0
0
0
0
0
1.00991e-06
3.45508e-06
2.66191e-06
1.12965e-06
0
0
0
0
1.38831e-05
1.46861e-05
5.94395e-06
0
0
0
4.11813e-06
5.25428e-06
2.31983e-06
7.35231e-07
1.26108e-06
1.25721e-06
0
0
0
0
0
8.92802e-06
3.11651e-05
4.39025e-05
4.32931e-05
3.57917e-05
2.45108e-05
1.28656e-05
5.20743e-06
0
0
0
0
0
0
0
0
0
4.55018e-07
0
0
0
0
0
0
1.23386e-07
3.08552e-06
4.88724e-06
3.70944e-06
4.58518e-06
4.77907e-06
2.88701e-06
2.70819e-06
3.40124e-06
1.5496e-06
0
0
0
0
0
1.32102e-06
1.12038e-06
0
0
0
0
0
0
0
0
0
0
0
0
0
7.7886e-07
1.55299e-06
6.47522e-07
0
0
0
0
0
0
3.39487e-06
1.79299e-06
0
0
0
0
0
0
0
0
0
0
0
0
0
0
0
0
0
0
0
0
0
0
0
0
0
0
0
0
0
0
6.64357e-08
8.10624e-09
0
0
0
0
7.92448e-08
1.50512e-06
2.21891e-06
1.82548e-06
1.85021e-08
0
0
0
5.27909e-07
2.07759e-06
2.18071e-06
3.98074e-07
0
0
0
0
0
0
0
0
0
0
0
0
0
0
0
0
0
0
0
0
0
0
0
0
0
0
0
0
0
1.69801e-06
1.14006e-06
0
0
0
0
0
0
0
0
0
0
0
0
0
0
0
0
3.28586e-07
7.88726e-07
3.99832e-06
7.6834e-06
8.47519e-06
2.27534e-06
0
0
0
0
1.1045e-06
4.52135e-06
3.66366e-06
2.69544e-06
2.72694e-06
2.64448e-06
1.99753e-06
7.51421e-07
0
0
0
0
4.77807e-05
5.01494e-05
3.8625e-05
2.58411e-05
1.42488e-05
7.99775e-06
2.95539e-06
0
0
0
0
0
0
0
0
0
0
0
0
0
0
0
9.36835e-07
3.16828e-06
4.07467e-06
2.76851e-06
3.5127e-06
4.66685e-06
3.33135e-06
1.98952e-06
2.75261e-06
2.85434e-06
1.03671e-06
0
0
0
0
0
1.1561e-06
1.73738e-06
7.1472e-07
0
0
0
0
0
0
0
0
0
0
0
0
1.37073e-06
1.30702e-06
0
0
0
0
0
0
2.62804e-06
2.74611e-06
0
0
0
0
0
0
0
0
0
0
0
0
0
0
0
0
0
0
0
0
0
0
0
0
0
0
0
0
0
5.74213e-08
1.28461e-06
1.62831e-06
1.31407e-06
7.02191e-07
1.2679e-07
0
4.69882e-07
1.6337e-06
2.28919e-06
2.54479e-06
2.00558e-06
3.90818e-08
0
0
3.55059e-07
3.36122e-06
4.29806e-06
4.28041e-06
2.49085e-06
0
0
0
0
5.17553e-07
1.33167e-06
0
0
0
0
0
0
0
0
0
0
0
0
0
0
0
0
0
0
0
0
0
0
0
6.40885e-07
0
0
0
0
0
0
0
0
0
0
0
0
0
0
0
0
8.03637e-07
1.57135e-06
5.22117e-06
5.05682e-06
1.96911e-06
0
0
0
0
0
0
0
3.84024e-06
3.92184e-06
3.65655e-06
3.77884e-06
4.02603e-06
4.31733e-06
4.53428e-06
3.71929e-06
0
0
4.88275e-08
1.95465e-05
2.52377e-05
2.04424e-05
1.09953e-05
5.94659e-06
4.59293e-06
0
0
0
0
0
0
0
0
0
0
0
0
0
0
0
0
1.35501e-06
2.20782e-06
1.53328e-06
1.65715e-06
2.91879e-06
2.47635e-06
8.31452e-07
9.41145e-07
1.7953e-06
1.8893e-06
3.97186e-07
0
0
0
0
0
2.86395e-07
1.49703e-06
1.58107e-06
1.01882e-06
2.68985e-07
0
0
0
0
0
0
0
0
0
4.94781e-07
5.09429e-07
0
0
0
0
0
0
2.29124e-06
3.761e-06
0
0
0
0
0
0
0
0
0
0
0
0
0
0
0
0
0
0
0
0
0
0
0
0
0
0
0
0
0
2.16976e-06
3.68138e-06
4.19288e-06
3.90845e-06
2.94051e-06
2.0539e-06
1.33721e-06
1.22892e-06
1.98281e-06
2.54531e-06
2.64423e-06
2.89547e-06
1.99937e-06
0
0
0
4.57379e-06
5.89965e-06
6.26079e-06
6.20342e-06
3.31986e-06
0
0
0
0
2.73978e-06
0
0
0
0
0
0
0
0
0
0
0
0
0
0
0
0
0
0
0
0
0
0
0
0
1.11574e-06
1.20606e-06
0
0
0
8.14613e-07
3.90112e-07
0
0
0
0
0
0
0
0
0
9.81622e-07
1.51164e-06
3.38042e-06
2.8127e-06
1.95164e-06
1.43728e-06
5.18426e-07
0
0
0
0
0
0
3.03009e-06
3.86906e-06
4.02642e-06
4.19034e-06
4.55126e-06
5.20405e-06
5.68444e-06
4.98489e-06
2.82718e-06
1.08843e-06
2.10072e-06
5.2536e-06
8.77954e-06
6.52767e-06
3.88548e-06
4.75646e-06
1.60693e-06
0
0
0
6.60834e-07
2.52155e-07
0
0
0
0
0
0
0
0
0
0
0
0
0
0
9.10366e-07
9.137e-07
0
0
0
6.83097e-07
7.72318e-07
0
0
0
0
0
0
0
4.44822e-07
1.27334e-06
1.7282e-06
1.94367e-06
2.05251e-06
2.12467e-06
2.17677e-06
2.10959e-06
1.65623e-06
7.6074e-07
0
0
0
0
0
0
0
0
0
0
2.60952e-06
4.86302e-06
1.55027e-06
0
0
0
0
0
0
0
0
0
0
0
0
0
0
0
0
0
0
0
0
0
0
0
0
0
0
0
3.00718e-06
5.06743e-06
6.17853e-06
6.43261e-06
6.15891e-06
5.19207e-06
4.14733e-06
3.29223e-06
2.6961e-06
2.93389e-06
3.2792e-06
3.08781e-06
3.26478e-06
3.71447e-06
1.95219e-06
0
0
5.34317e-06
7.16066e-06
7.03956e-06
7.51319e-06
7.07569e-06
0
0
0
0
1.71866e-06
6.01385e-07
0
0
0
0
0
0
0
0
0
0
0
0
0
0
0
0
0
0
0
0
0
0
0
1.5191e-06
4.82964e-06
5.34605e-06
4.93093e-06
5.27702e-06
5.63655e-06
4.34821e-06
7.73773e-07
0
0
0
0
0
0
0
0
9.79052e-07
1.19615e-06
1.82971e-06
1.19239e-06
8.47899e-07
1.08005e-06
1.105e-06
5.68051e-07
0
0
0
0
0
0
1.77351e-06
2.88115e-06
3.34798e-06
3.57591e-06
3.89204e-06
4.3097e-06
4.02386e-06
2.82216e-06
1.6294e-06
1.16331e-06
1.31573e-06
2.68669e-06
3.02978e-06
3.0918e-06
7.03433e-06
7.23816e-06
2.62099e-06
2.86449e-06
2.82893e-06
1.77656e-06
7.07678e-07
1.88259e-07
0
0
0
0
0
0
0
0
0
0
0
0
0
0
0
0
0
0
0
0
0
0
0
0
0
0
0
0
0
3.30791e-07
1.28856e-06
2.33747e-06
3.55154e-06
5.01188e-06
6.66704e-06
7.98497e-06
7.54197e-06
4.2681e-06
5.63319e-07
0
0
0
0
0
0
0
0
3.37918e-06
5.96617e-06
3.05238e-06
0
0
0
0
0
1.41005e-06
0
0
0
0
0
0
0
0
0
0
0
0
0
0
0
0
0
0
0
0
8.87885e-06
8.84597e-06
8.68922e-06
8.84562e-06
8.47991e-06
7.83064e-06
6.85855e-06
5.72711e-06
4.95807e-06
4.28311e-06
4.25044e-06
4.50179e-06
4.23548e-06
4.05176e-06
4.99127e-06
5.17355e-06
2.30039e-06
6.09291e-07
5.07954e-06
7.58976e-06
6.38797e-06
7.18643e-06
7.98961e-06
4.50108e-06
0
0
0
0
0
0
0
0
0
0
0
0
0
0
0
0
0
0
0
0
0
0
0
0
0
0
0
0
0
7.40676e-06
1.14468e-05
1.23189e-05
1.23837e-05
1.16726e-05
9.03853e-06
3.88863e-06
0
0
0
0
0
0
0
0
8.01974e-07
8.82273e-07
1.07862e-06
6.45197e-07
4.83361e-07
5.44611e-07
3.94098e-07
8.25352e-08
4.4729e-07
9.62294e-07
7.24625e-07
0
0
0
0
7.52874e-08
9.35237e-07
1.45486e-06
1.96594e-06
2.62456e-06
2.67327e-06
1.72448e-06
5.32518e-07
0
0
0
0
4.85446e-06
7.75263e-06
8.28332e-06
9.98691e-06
7.80789e-06
5.10618e-06
3.02288e-06
1.42753e-06
7.79014e-07
6.39531e-07
6.71635e-08
0
0
0
0
0
0
0
0
0
0
0
0
0
0
0
0
0
0
0
0
0
0
0
0
0
0
0
0
0
6.4499e-07
1.9164e-06
3.55669e-06
5.51665e-06
7.3239e-06
7.53451e-06
4.54898e-06
5.94182e-07
0
0
0
0
0
0
0
0
4.30405e-06
6.90947e-06
4.36234e-06
0
0
0
0
0
4.26334e-06
0
0
0
0
0
0
0
0
0
0
0
0
0
0
0
0
0
0
0
0
1.56307e-05
1.27772e-05
1.07233e-05
1.03652e-05
9.83578e-06
9.06127e-06
8.09641e-06
6.87046e-06
6.15779e-06
5.59191e-06
5.48463e-06
5.78708e-06
5.65676e-06
5.33009e-06
6.1438e-06
7.8316e-06
6.54615e-06
3.71923e-06
4.92633e-06
7.44856e-06
4.76702e-06
4.90203e-06
7.32045e-06
6.23731e-06
0
0
0
0
0
0
0
0
0
0
0
0
0
0
0
0
0
0
0
0
0
0
0
0
0
0
0
0
0
7.12364e-06
1.67641e-05
2.08933e-05
2.13603e-05
1.97815e-05
1.53877e-05
7.98458e-06
0
0
0
0
0
0
0
0
7.63779e-07
7.22076e-07
3.73079e-07
0
0
0
1.88719e-09
0
0
9.9072e-08
2.6746e-07
0
0
0
0
0
0
0
0
0
0
0
0
0
0
0
0
2.40166e-06
4.49348e-06
7.77399e-06
1.28265e-05
8.98583e-06
5.76745e-06
3.71365e-06
2.07385e-06
1.28869e-06
1.04267e-06
6.68027e-07
0
0
0
0
0
0
0
0
0
0
0
0
0
0
0
0
0
0
0
0
0
0
0
0
0
0
0
0
0
0
4.48985e-07
1.74626e-06
3.22559e-06
4.49424e-06
4.64958e-06
2.90471e-06
6.42725e-07
0
0
2.08413e-07
4.73276e-07
0
0
0
2.73628e-07
5.16293e-06
7.56914e-06
5.37749e-06
0
0
0
0
0
1.96288e-06
0
0
0
0
0
0
0
0
0
0
0
0
0
0
0
0
0
0
0
0
8.21556e-06
9.83242e-06
1.00377e-05
1.05196e-05
1.0471e-05
9.89577e-06
9.01198e-06
7.77385e-06
7.0224e-06
6.60208e-06
6.53951e-06
7.00956e-06
7.10413e-06
6.8197e-06
7.3284e-06
9.44343e-06
1.00548e-05
7.90676e-06
6.96409e-06
8.13504e-06
4.35704e-06
1.8724e-06
4.87836e-06
6.10754e-06
0
0
0
0
0
0
0
0
0
0
0
0
0
0
0
0
0
0
0
0
0
0
0
0
0
0
0
0
0
1.72527e-06
1.76116e-05
2.86594e-05
3.24694e-05
3.0271e-05
2.37716e-05
1.37977e-05
1.75968e-06
0
0
0
0
0
0
0
3.74686e-06
2.94102e-06
6.33236e-07
0
0
0
0
0
0
0
0
0
0
0
0
0
0
0
0
0
0
0
0
0
0
0
0
2.06519e-06
7.84618e-06
1.51451e-05
1.14079e-05
7.11832e-06
5.21526e-06
3.8201e-06
2.40378e-06
1.77261e-06
1.49727e-06
1.01433e-06
4.21921e-07
0
0
0
0
0
0
0
0
0
0
0
0
0
0
0
0
0
0
0
0
0
0
0
0
0
0
0
0
0
0
4.09084e-07
2.04551e-06
3.68468e-06
4.60318e-06
3.92365e-06
2.4215e-06
1.57072e-06
1.5022e-06
1.66218e-06
1.32037e-06
0
0
0
2.71646e-06
5.80026e-06
7.81289e-06
6.00005e-06
0
0
0
0
0
0
9.14631e-07
0
0
0
0
0
0
0
0
0
0
0
0
0
0
0
0
0
0
1.00478e-06
2.57287e-06
5.35697e-06
8.35808e-06
1.0278e-05
1.08649e-05
1.05709e-05
9.78272e-06
8.54237e-06
7.64882e-06
7.32063e-06
7.36618e-06
8.05115e-06
8.44045e-06
8.33019e-06
8.5866e-06
1.04435e-05
1.20942e-05
1.12861e-05
1.00444e-05
1.00141e-05
5.98857e-06
1.42494e-06
8.87028e-07
4.66437e-06
0
0
0
0
0
0
3.28107e-06
0
0
0
0
0
0
0
0
0
0
0
0
0
0
0
0
0
0
0
0
0
0
0
9.353e-06
2.72017e-05
3.87729e-05
4.15567e-05
3.54898e-05
2.2375e-05
5.89746e-06
0
0
0
0
0
0
0
5.78234e-07
7.99793e-08
0
0
0
1.99862e-08
1.84519e-08
1.00082e-08
0
0
0
0
0
0
0
0
0
0
0
0
0
0
0
0
0
0
1.87393e-06
9.92514e-06
1.55096e-05
1.09658e-05
7.39294e-06
5.95731e-06
5.14354e-06
3.93197e-06
2.65501e-06
2.36705e-06
2.36601e-06
1.67863e-06
8.70048e-07
4.43625e-07
1.47747e-07
0
0
0
0
0
0
0
0
0
0
0
0
0
0
0
0
0
0
0
0
0
0
0
0
0
0
0
0
0
0
2.0281e-06
4.61819e-06
6.33798e-06
6.50295e-06
5.84681e-06
4.98422e-06
3.83237e-06
0
0
0
2.59567e-06
5.00706e-06
6.06336e-06
7.57317e-06
6.18411e-06
0
0
0
0
0
0
1.44541e-06
0
0
0
0
0
0
0
0
0
0
0
0
0
0
0
0
0
7.31202e-06
7.20027e-07
0
2.89056e-06
6.68437e-06
9.33617e-06
1.05072e-05
1.07013e-05
1.02283e-05
9.15583e-06
8.10956e-06
7.79158e-06
7.96005e-06
8.83386e-06
9.55647e-06
9.70576e-06
9.84985e-06
1.12405e-05
1.31761e-05
1.33384e-05
1.24629e-05
1.20606e-05
8.48062e-06
3.82103e-06
0
2.10801e-06
0
0
0
0
0
0
1.54942e-05
0
0
0
0
0
0
0
0
0
0
0
0
0
0
0
0
0
0
0
0
0
0
0
0
1.05169e-05
2.61006e-05
3.67765e-05
4.04315e-05
3.28662e-05
1.29029e-05
0
0
0
0
0
0
0
0
0
0
0
0
0
0
0
0
0
0
0
0
0
0
0
0
0
0
0
0
0
0
0
4.70128e-07
3.36317e-06
1.06616e-05
1.12132e-05
8.68652e-06
7.64283e-06
7.17924e-06
7.0569e-06
6.06788e-06
4.08015e-06
3.41345e-06
3.26248e-06
3.21832e-06
2.50928e-06
1.62767e-06
1.17713e-06
1.25683e-06
4.04654e-07
0
0
0
0
0
0
0
0
0
0
0
0
0
0
0
0
0
0
0
0
0
0
0
0
0
0
0
0
0
0
1.42236e-07
3.07057e-06
6.4672e-06
9.46178e-06
1.00573e-05
5.30102e-06
0
0
3.0869e-06
6.45929e-06
6.67649e-06
5.91401e-06
6.80162e-06
5.84415e-06
0
0
0
0
0
0
0
0
0
0
0
0
0
0
0
0
0
0
0
0
0
0
0
0
9.06118e-06
4.08727e-06
1.33407e-06
2.12476e-06
5.07302e-06
7.86145e-06
9.48396e-06
1.02239e-05
1.02181e-05
9.46504e-06
8.37145e-06
7.98909e-06
8.24987e-06
9.23873e-06
1.02882e-05
1.07257e-05
1.08823e-05
1.18553e-05
1.36436e-05
1.42821e-05
1.37834e-05
1.33966e-05
1.05536e-05
6.76761e-06
0
0
0
0
0
0
0
0
2.6712e-05
2.07746e-06
0
0
0
0
0
0
0
0
0
0
0
0
0
0
0
0
0
0
0
0
0
0
0
0
0
5.58273e-06
1.23123e-05
1.92852e-05
1.70314e-05
0
0
0
4.60727e-06
7.22275e-06
5.43582e-06
7.02528e-06
0
0
0
0
0
0
0
0
0
0
0
0
0
0
0
0
0
0
0
0
0
0
0
6.91137e-07
4.74612e-06
8.1999e-06
6.91769e-06
6.83754e-06
7.54861e-06
8.36237e-06
8.9202e-06
7.91629e-06
5.76722e-06
4.82236e-06
4.66598e-06
4.17802e-06
3.67402e-06
2.98937e-06
1.99169e-06
1.15176e-06
1.02427e-06
1.33236e-06
0
0
0
0
0
0
0
0
0
0
0
0
0
0
0
0
0
2.86984e-07
0
0
0
0
0
0
0
0
0
0
0
0
0
0
0
0
7.41253e-08
2.92935e-07
8.1797e-07
2.81841e-06
6.04521e-06
8.02115e-06
7.5478e-06
5.25857e-06
5.30506e-06
4.8505e-06
0
0
0
0
0
0
0
0
0
0
0
0
0
0
0
0
0
0
0
0
0
0
0
0
7.7739e-06
6.8167e-06
4.44258e-06
3.28821e-06
4.47743e-06
6.70679e-06
8.34404e-06
9.2908e-06
9.62432e-06
9.17846e-06
8.23206e-06
7.77046e-06
8.05145e-06
9.04092e-06
1.03311e-05
1.10423e-05
1.12924e-05
1.19618e-05
1.3402e-05
1.41715e-05
1.39401e-05
1.36547e-05
1.15386e-05
8.70551e-06
4.12332e-07
0
0
0
0
0
0
0
2.98115e-05
6.15204e-06
1.26754e-06
1.73402e-06
0
0
0
0
0
0
0
0
0
0
0
0
0
0
0
0
0
0
0
0
0
0
0
0
0
0
0
0
3.43944e-06
1.03461e-05
1.50261e-05
1.56307e-05
1.30322e-05
1.38305e-05
0
0
0
0
0
0
0
0
0
0
0
0
0
0
0
0
0
0
0
0
0
0
1.04417e-06
4.88959e-06
4.87231e-06
4.55307e-06
5.043e-06
6.32735e-06
8.31047e-06
9.44531e-06
8.81963e-06
7.44746e-06
6.43805e-06
5.57093e-06
5.11484e-06
4.44804e-06
3.51253e-06
2.88695e-06
2.2475e-06
1.34558e-06
7.36167e-07
8.4217e-07
8.3675e-07
0
0
0
0
0
0
0
0
0
0
0
0
0
0
0
0
8.91018e-07
1.27984e-06
0
0
0
0
0
0
0
0
0
0
0
0
0
0
0
0
4.90951e-07
1.98521e-06
3.78977e-06
6.22678e-06
8.21098e-06
7.84981e-06
4.01393e-06
3.06541e-06
3.27568e-06
0
0
0
0
0
0
0
0
0
0
0
0
0
0
0
0
0
0
0
0
0
0
0
0
6.88091e-06
8.20642e-06
7.28381e-06
6.01891e-06
5.80075e-06
6.79163e-06
7.75369e-06
8.39194e-06
8.83564e-06
8.73607e-06
8.06951e-06
7.604e-06
7.87207e-06
8.90642e-06
1.0474e-05
1.15219e-05
1.19697e-05
1.25059e-05
1.36226e-05
1.4414e-05
1.4407e-05
1.42264e-05
1.25619e-05
1.02546e-05
2.03582e-06
0
0
0
0
0
0
0
1.85534e-05
1.0281e-05
3.27219e-06
5.07308e-06
6.63076e-06
0
0
0
0
0
0
0
0
0
0
0
0
0
0
0
0
0
0
0
0
0
0
0
0
0
0
0
3.47212e-05
3.09621e-05
2.89423e-05
2.57698e-05
2.16038e-05
2.09709e-05
0
0
0
0
0
0
0
0
0
0
0
0
0
0
0
0
0
0
0
0
0
1.30091e-06
3.22321e-06
3.33218e-06
3.33744e-06
3.86293e-06
5.32049e-06
6.86978e-06
7.74443e-06
8.01421e-06
7.80785e-06
7.08041e-06
6.03982e-06
5.13164e-06
4.63677e-06
3.95506e-06
3.0089e-06
2.31416e-06
2.01118e-06
1.43e-06
7.23709e-07
6.16599e-07
1.23278e-06
1.00941e-07
0
0
0
0
0
0
0
0
0
0
0
0
0
0
0
0
1.61872e-06
1.45139e-06
0
0
0
0
0
0
0
0
0
0
0
0
0
0
0
7.06154e-07
2.10804e-06
3.60711e-06
5.58005e-06
7.62627e-06
7.56047e-06
2.12513e-06
0
1.37121e-06
0
0
0
0
0
0
0
0
0
0
0
0
0
0
0
0
0
0
0
0
0
0
0
0
6.34889e-06
8.66813e-06
8.55636e-06
7.88388e-06
7.40138e-06
7.3431e-06
7.3292e-06
7.16662e-06
7.35038e-06
7.57912e-06
7.36713e-06
7.03713e-06
7.24209e-06
8.22705e-06
9.9574e-06
1.13114e-05
1.19896e-05
1.24925e-05
1.33009e-05
1.39782e-05
1.41497e-05
1.41442e-05
1.27958e-05
1.09475e-05
3.34159e-06
0
0
0
0
0
0
0
0
0
1.9217e-06
8.83484e-06
3.1464e-05
1.74811e-05
1.15286e-06
0
0
0
0
0
0
0
0
0
0
0
0
0
0
0
0
0
0
0
0
0
0
0
0
0
3.23025e-05
3.86994e-05
3.5471e-05
3.11331e-05
2.67709e-05
2.49179e-05
0
0
0
0
0
0
0
0
0
0
0
0
0
0
0
0
0
0
0
0
1.23378e-06
2.2472e-06
2.59665e-06
2.81153e-06
3.21708e-06
4.19358e-06
4.81006e-06
5.2239e-06
5.87772e-06
6.30914e-06
6.17716e-06
5.5653e-06
4.82456e-06
4.16035e-06
3.68941e-06
3.04831e-06
2.49017e-06
1.84562e-06
1.47285e-06
1.22307e-06
6.64922e-07
1.41091e-07
5.23962e-07
1.0766e-06
0
0
0
0
0
0
0
0
0
0
0
0
0
0
0
0
0
1.73869e-06
1.43877e-06
1.31635e-07
0
0
0
0
0
0
0
0
0
0
0
0
0
8.42103e-07
2.17609e-06
3.42648e-06
5.03443e-06
7.1385e-06
7.46198e-06
1.18133e-06
0
0
0
0
0
0
0
0
0
0
4.70471e-07
6.48793e-07
2.77563e-07
0
0
0
0
0
0
0
0
0
0
0
0
0
5.46327e-06
8.49751e-06
8.93441e-06
8.50894e-06
8.01969e-06
7.54889e-06
6.97217e-06
6.41718e-06
6.2379e-06
6.53372e-06
6.72515e-06
6.62914e-06
6.79115e-06
7.67732e-06
9.41412e-06
1.10482e-05
1.19967e-05
1.25862e-05
1.32236e-05
1.37968e-05
1.41095e-05
1.43212e-05
1.31637e-05
1.15425e-05
4.74191e-06
1.50752e-06
3.0416e-06
0
0
0
1.94124e-06
0
0
0
0
1.0309e-05
4.78731e-05
1.34188e-05
5.81309e-06
0
0
0
0
0
0
0
0
0
0
0
0
0
0
0
0
0
0
0
0
0
0
0
0
0
0
1.7482e-05
2.98149e-05
3.09695e-05
2.88869e-05
2.67474e-05
0
0
0
0
0
0
0
0
0
0
0
0
0
1.63614e-06
3.2664e-06
2.22584e-06
1.25438e-06
8.01564e-07
1.06287e-06
1.61262e-06
2.04911e-06
2.42959e-06
2.93304e-06
3.46489e-06
3.89187e-06
4.0288e-06
4.05775e-06
4.1897e-06
4.38529e-06
4.4081e-06
4.09773e-06
3.79011e-06
3.43049e-06
3.15153e-06
3.02928e-06
2.63167e-06
2.30085e-06
1.76601e-06
1.13439e-06
9.89572e-07
8.1343e-07
5.59938e-08
0
4.27438e-07
5.85124e-07
0
0
0
0
0
0
0
0
0
0
0
0
0
0
0
0
6.07225e-08
1.24038e-06
9.10021e-07
0
0
0
0
0
0
0
0
0
0
0
0
0
1.14235e-06
2.44522e-06
3.3366e-06
4.58623e-06
6.81029e-06
7.58188e-06
4.00108e-06
0
0
0
0
0
0
0
0
0
0
1.62507e-06
2.20885e-06
1.82722e-06
1.16836e-06
2.13009e-07
0
0
0
0
0
0
0
0
0
0
2.11218e-07
4.47078e-06
7.57517e-06
8.66724e-06
8.46059e-06
7.86565e-06
7.28028e-06
6.58014e-06
5.9191e-06
5.54003e-06
5.66804e-06
6.04389e-06
6.19875e-06
6.39837e-06
7.19371e-06
8.77248e-06
1.05868e-05
1.18069e-05
1.25415e-05
1.30995e-05
1.35722e-05
1.40156e-05
1.44433e-05
1.34241e-05
1.18988e-05
6.22716e-06
5.28848e-06
7.70177e-06
2.89701e-06
0
0
0
0
0
0
0
1.17002e-06
2.24783e-05
0
0
4.58955e-06
3.81096e-06
0
0
0
0
0
0
0
0
0
0
0
0
0
0
0
0
0
0
0
0
0
0
0
0
0
1.80278e-05
2.68895e-05
2.85351e-05
2.67008e-05
0
0
0
0
0
0
0
0
0
5.11956e-07
1.26038e-06
1.83934e-06
2.3103e-06
2.64781e-06
2.67904e-06
2.29373e-06
1.48611e-06
8.97105e-07
1.08002e-06
1.78378e-06
2.51622e-06
3.0966e-06
3.46092e-06
3.53558e-06
3.4262e-06
3.27059e-06
3.11999e-06
2.9657e-06
2.86251e-06
2.81495e-06
2.85179e-06
2.8903e-06
2.86971e-06
2.96125e-06
2.93283e-06
2.55177e-06
2.19021e-06
1.72474e-06
8.82286e-07
4.20039e-07
5.0863e-07
1.55829e-07
0
0
0
3.73447e-08
0
0
0
0
0
0
2.42967e-08
0
0
0
0
0
0
0
0
0
0
3.37552e-07
1.3024e-07
0
0
0
0
0
0
0
0
0
0
0
9.40518e-08
1.50383e-06
2.58019e-06
2.96475e-06
3.88126e-06
6.20173e-06
7.05456e-06
7.04648e-06
0
0
0
7.57034e-06
0
0
0
0
0
0
2.93888e-06
3.75825e-06
3.35203e-06
2.58981e-06
1.43455e-06
0
0
0
0
0
0
0
0
0
0
1.12436e-06
3.92376e-06
6.41179e-06
7.85445e-06
8.19011e-06
7.66799e-06
7.05949e-06
6.44148e-06
5.70989e-06
5.14674e-06
4.98874e-06
5.31123e-06
5.64496e-06
5.95202e-06
6.69242e-06
8.05694e-06
9.8738e-06
1.13315e-05
1.2252e-05
1.28049e-05
1.32035e-05
1.37137e-05
1.42325e-05
1.32995e-05
1.18284e-05
7.76487e-06
9.08547e-06
1.14896e-05
9.78103e-06
3.13995e-06
0
0
0
0
0
0
4.21786e-06
9.1378e-07
0
0
2.17949e-07
1.44654e-05
0
0
0
0
0
0
0
0
0
0
0
0
0
0
0
0
0
0
0
0
0
0
0
0
0
8.07314e-06
2.13886e-05
2.6434e-05
2.51328e-05
0
0
0
0
0
0
0
0
0
0
2.78413e-07
5.72742e-07
7.81698e-07
8.7053e-07
8.95562e-07
9.4794e-07
1.08021e-06
1.31942e-06
1.57785e-06
1.78216e-06
1.92187e-06
2.06342e-06
2.25685e-06
2.44374e-06
2.56907e-06
2.60335e-06
2.56391e-06
2.41921e-06
2.30935e-06
2.31671e-06
2.37801e-06
2.40992e-06
2.42311e-06
2.52807e-06
2.27585e-06
1.8883e-06
1.58426e-06
1.33739e-06
7.46233e-07
7.62636e-08
0
2.97945e-08
0
0
0
0
5.13495e-07
1.51357e-06
2.81529e-06
3.69503e-06
2.81402e-06
3.2587e-06
1.49705e-06
0
0
0
0
0
0
0
0
0
0
0
0
0
0
0
0
0
0
0
0
0
0
0
3.81957e-07
1.76624e-06
2.54963e-06
2.40734e-06
3.18586e-06
5.43134e-06
5.83818e-06
6.04806e-06
3.87814e-06
0
0
1.23331e-06
1.09918e-05
0
0
0
0
9.22185e-07
4.41856e-06
5.269e-06
4.81132e-06
3.93484e-06
2.67379e-06
9.47001e-07
0
0
0
0
0
0
0
0
0
1.35948e-06
3.7106e-06
5.66369e-06
7.14078e-06
7.86647e-06
7.67153e-06
7.16403e-06
6.53828e-06
5.711e-06
4.86459e-06
4.38964e-06
4.52424e-06
4.94953e-06
5.41799e-06
6.15089e-06
7.33883e-06
9.01464e-06
1.05514e-05
1.16205e-05
1.22999e-05
1.27029e-05
1.31876e-05
1.36911e-05
1.2868e-05
1.14183e-05
9.16907e-06
1.19476e-05
1.38435e-05
1.32968e-05
7.10931e-06
0
0
0
0
0
0
5.02732e-06
0
0
0
0
6.74081e-06
0
0
0
0
0
0
0
0
0
0
0
0
0
0
0
0
0
0
0
0
0
0
0
0
0
7.34222e-07
1.61694e-05
2.31217e-05
2.23244e-05
0
0
0
0
0
0
0
0
0
1.69624e-07
3.26145e-07
4.37745e-07
5.60386e-07
7.15707e-07
9.54404e-07
1.31234e-06
1.65585e-06
1.84598e-06
1.7961e-06
1.60169e-06
1.50818e-06
1.67173e-06
1.99983e-06
2.21794e-06
2.20337e-06
2.09888e-06
1.94659e-06
1.79736e-06
1.80662e-06
1.90691e-06
1.96244e-06
1.95216e-06
1.96388e-06
1.81335e-06
1.4974e-06
1.18165e-06
9.24144e-07
7.69515e-07
5.98812e-07
1.69343e-07
0
0
0
0
0
0
4.86406e-07
2.74157e-06
4.37519e-06
5.30344e-06
6.64378e-06
8.39711e-06
9.61556e-07
0
0
0
0
0
0
0
0
0
0
0
3.0156e-08
0
0
0
0
0
0
0
0
0
0
2.2973e-08
9.34444e-07
1.96611e-06
2.32075e-06
1.63186e-06
2.60943e-06
4.69185e-06
3.92004e-06
2.93449e-06
5.14546e-06
0
0
0
6.75565e-06
1.48165e-06
0
0
0
3.29474e-06
5.90417e-06
6.65029e-06
6.1497e-06
5.16074e-06
3.78835e-06
1.88699e-06
0
0
0
0
0
0
0
0
0
9.17929e-07
3.40167e-06
5.31078e-06
6.80605e-06
7.82359e-06
7.96845e-06
7.54477e-06
6.76802e-06
5.68668e-06
4.51791e-06
3.72874e-06
3.66237e-06
4.13051e-06
4.85153e-06
5.66048e-06
6.78243e-06
8.45135e-06
1.00712e-05
1.10987e-05
1.17154e-05
1.21022e-05
1.25453e-05
1.30061e-05
1.23839e-05
1.10178e-05
1.00918e-05
1.31253e-05
1.44867e-05
1.38975e-05
6.7305e-06
0
0
0
1.87296e-07
2.34852e-06
6.5375e-06
0
0
0
0
0
1.34665e-07
0
0
0
0
0
0
0
0
0
0
0
0
0
0
0
0
0
0
0
0
0
0
0
0
0
0
1.10578e-05
1.90236e-05
1.85587e-05
0
0
0
0
0
0
0
0
7.89296e-08
3.23146e-07
3.16698e-07
2.1622e-07
1.5207e-07
1.87853e-07
3.31859e-07
5.85473e-07
8.83533e-07
1.09983e-06
1.23943e-06
1.3744e-06
1.52784e-06
1.65741e-06
1.69507e-06
1.56738e-06
1.43986e-06
1.3981e-06
1.4525e-06
1.55533e-06
1.66486e-06
1.67556e-06
1.63546e-06
1.58178e-06
1.50739e-06
1.34589e-06
1.08673e-06
8.64101e-07
6.43272e-07
4.15843e-07
2.67014e-07
0
0
0
0
0
0
0
1.09952e-06
2.63401e-06
3.76154e-06
4.66673e-06
5.44926e-06
4.08136e-06
0
0
0
0
0
0
0
0
0
0
0
1.04156e-07
8.24999e-07
5.67244e-07
0
0
0
0
0
0
0
0
2.60645e-07
7.84749e-07
1.58357e-06
1.80051e-06
1.5149e-06
5.28695e-07
2.79033e-06
4.32753e-06
4.80076e-07
3.3166e-07
8.74413e-06
0
0
0
3.10391e-06
4.29109e-06
0
0
1.64493e-06
5.39782e-06
7.16625e-06
7.78769e-06
7.29927e-06
6.26711e-06
4.78265e-06
2.71589e-06
1.80268e-07
0
0
0
0
0
0
0
0
2.49411e-07
2.89225e-06
5.08116e-06
6.76252e-06
7.97107e-06
8.36637e-06
8.02006e-06
7.0239e-06
5.51182e-06
3.93782e-06
2.94533e-06
2.79128e-06
3.36823e-06
4.30865e-06
5.26054e-06
6.43728e-06
8.10897e-06
9.7481e-06
1.08173e-05
1.1331e-05
1.15727e-05
1.19088e-05
1.22785e-05
1.18654e-05
1.0683e-05
1.00779e-05
1.24913e-05
1.35059e-05
1.22774e-05
5.81737e-06
0
0
0
6.2835e-07
3.45152e-06
1.94222e-06
0
0
0
0
0
0
0
0
0
0
0
0
0
0
0
0
0
0
0
0
0
0
0
0
0
0
0
0
0
0
0
0
6.72263e-06
1.46304e-05
1.40798e-05
0
0
0
0
0
0
0
0
0
9.05367e-08
2.53583e-07
2.66311e-07
1.68152e-07
3.75601e-08
0
8.1143e-08
3.59472e-07
7.13313e-07
9.99766e-07
1.1484e-06
1.19848e-06
1.22698e-06
1.24366e-06
1.19851e-06
1.17875e-06
1.17829e-06
1.16129e-06
1.13245e-06
1.11815e-06
1.12463e-06
1.2009e-06
1.25411e-06
1.1623e-06
9.04931e-07
6.01644e-07
3.93782e-07
2.78814e-07
1.85256e-07
1.0315e-07
0
0
0
0
0
0
2.28857e-07
1.48317e-06
2.12849e-06
2.21707e-06
1.71965e-06
1.46039e-07
0
0
8.08877e-07
4.29602e-07
0
0
0
0
0
0
0
0
0
0
0
0
0
0
0
0
0
0
0
5.08366e-07
1.37008e-06
1.20839e-06
2.64143e-08
0
3.52664e-07
6.55421e-06
5.48415e-06
0
9.44727e-06
1.57523e-05
6.41212e-07
0
0
1.03991e-06
4.37696e-06
9.10764e-07
1.28959e-06
4.43515e-06
6.76933e-06
8.0187e-06
8.56628e-06
8.18914e-06
7.25627e-06
5.78233e-06
3.59701e-06
4.27164e-07
0
0
0
0
0
0
0
0
0
2.49242e-06
4.89672e-06
6.82084e-06
8.1386e-06
8.65132e-06
8.44614e-06
7.17928e-06
5.07935e-06
3.08278e-06
2.03288e-06
1.94413e-06
2.64136e-06
3.73319e-06
4.86264e-06
6.17575e-06
7.87468e-06
9.54014e-06
1.0613e-05
1.10636e-05
1.118e-05
1.13418e-05
1.15996e-05
1.13954e-05
1.05538e-05
9.57102e-06
1.07663e-05
1.13754e-05
9.86893e-06
5.9072e-06
1.80458e-06
5.18682e-07
7.26285e-08
0
0
0
0
0
0
0
0
0
0
0
0
0
0
0
0
0
0
0
0
0
0
0
0
0
0
0
1.98597e-07
8.84257e-07
0
0
0
0
0
0
3.27368e-06
9.88892e-06
9.03018e-06
0
0
0
0
0
0
0
0
0
4.60442e-08
3.78899e-07
5.63739e-07
5.42977e-07
3.93164e-07
2.6252e-07
2.48182e-07
3.43096e-07
4.56383e-07
5.13588e-07
5.25933e-07
5.50558e-07
6.00332e-07
6.05584e-07
5.44934e-07
4.2795e-07
2.89664e-07
1.82259e-07
1.47294e-07
1.99489e-07
3.06415e-07
3.8202e-07
3.47936e-07
2.14045e-07
9.05955e-08
4.77043e-08
6.56023e-08
9.82876e-08
7.13747e-08
1.99602e-09
0
0
0
0
0
0
0
5.22045e-08
1.90793e-07
0
0
0
0
0
9.3335e-07
9.97282e-07
0
0
0
0
0
0
0
0
0
0
0
0
0
0
0
0
0
0
0
0
0
0
0
0
1.42431e-06
1.18035e-05
1.40755e-05
2.34622e-05
2.83494e-05
2.29423e-05
6.18526e-06
0
0
0
3.51064e-06
2.13426e-06
3.55651e-06
5.91554e-06
7.34467e-06
8.43861e-06
8.95491e-06
8.77416e-06
8.11984e-06
6.94373e-06
4.86343e-06
3.92951e-07
0
0
0
0
0
0
0
0
2.44531e-07
2.74572e-06
5.16012e-06
7.13877e-06
8.36313e-06
8.97014e-06
8.8086e-06
7.30564e-06
4.34024e-06
1.78358e-06
9.04774e-07
1.06746e-06
1.97191e-06
3.272e-06
4.63464e-06
6.11285e-06
7.79683e-06
9.42548e-06
1.05229e-05
1.0967e-05
1.09328e-05
1.0908e-05
1.09782e-05
1.0844e-05
1.03368e-05
9.18247e-06
9.26989e-06
9.42617e-06
8.18389e-06
5.91138e-06
3.52256e-06
1.89109e-06
5.98189e-07
0
0
0
0
0
0
0
0
0
0
0
0
0
0
0
0
0
0
0
0
0
0
0
0
0
0
1.57567e-07
3.54916e-06
5.65039e-06
0
0
0
0
0
0
4.03177e-07
4.83817e-06
3.91651e-06
0
0
0
0
0
5.47015e-07
1.19792e-06
1.2167e-06
1.01442e-06
8.51847e-07
7.89458e-07
7.29085e-07
5.60148e-07
3.22357e-07
1.98674e-07
3.27926e-07
6.69257e-07
1.04843e-06
1.29668e-06
1.3332e-06
1.15641e-06
8.25622e-07
4.77999e-07
1.87949e-07
1.07057e-09
0
0
0
7.10442e-08
8.31597e-08
0
0
0
0
0
0
0
0
0
0
0
0
0
0
0
0
0
0
0
0
0
0
1.9859e-07
1.96545e-06
1.60674e-06
5.44732e-09
0
0
0
0
0
0
0
0
0
0
0
0
0
0
0
0
0
0
7.03256e-07
3.08498e-06
4.26805e-07
0
0
2.74014e-06
5.69343e-06
9.45769e-06
1.65032e-05
2.23607e-05
2.43812e-05
1.28482e-05
0
0
0
2.25532e-06
2.83929e-06
4.85077e-06
6.45844e-06
7.52348e-06
8.67887e-06
9.14741e-06
9.20969e-06
8.9617e-06
8.45453e-06
6.99017e-06
0
0
0
0
0
0
0
0
0
9.45891e-07
3.78561e-06
6.27671e-06
8.11747e-06
8.95971e-06
9.58581e-06
9.50448e-06
7.72654e-06
2.87071e-06
0
0
8.89087e-08
1.3625e-06
2.96285e-06
4.6646e-06
6.42571e-06
8.07726e-06
9.53951e-06
1.05728e-05
1.09741e-05
1.0899e-05
1.07768e-05
1.07046e-05
1.05322e-05
1.01011e-05
8.63073e-06
7.60661e-06
7.27539e-06
6.27738e-06
4.73574e-06
2.97145e-06
1.34661e-06
2.84462e-07
0
0
0
0
0
0
0
0
0
0
0
0
0
0
0
0
0
0
0
0
0
0
0
0
0
0
1.99986e-06
6.44771e-06
1.00576e-05
2.08265e-06
0
0
0
0
0
0
0
0
0
0
0
0
0
9.54161e-07
1.62731e-06
1.60146e-06
1.19913e-06
7.85596e-07
5.98995e-07
6.01607e-07
6.08876e-07
5.75021e-07
7.25254e-07
1.26361e-06
2.10428e-06
2.94517e-06
3.42867e-06
3.30001e-06
2.55625e-06
1.52276e-06
6.17104e-07
6.57914e-08
0
0
0
1.51608e-07
3.11326e-07
3.44536e-07
1.95831e-07
0
0
0
0
0
0
0
0
0
0
0
0
0
0
0
0
0
0
0
1.41965e-07
2.35341e-07
1.05368e-06
2.7909e-06
1.60548e-06
0
0
0
0
0
0
0
0
0
0
0
0
0
0
0
0
0
0
0
4.05498e-07
1.83979e-06
1.78394e-06
0
1.3502e-07
1.09214e-06
1.86788e-06
4.07287e-06
8.41776e-06
1.35978e-05
1.96665e-05
1.74107e-05
2.88209e-07
0
0
1.42014e-06
3.67067e-06
5.25827e-06
6.26823e-06
7.38456e-06
8.27868e-06
8.71692e-06
8.98509e-06
9.14881e-06
9.44389e-06
9.72723e-06
0
0
0
0
0
0
0
0
0
1.83609e-06
5.17189e-06
7.70192e-06
9.11361e-06
9.48043e-06
9.92591e-06
1.01923e-05
9.11491e-06
0
0
0
0
4.21439e-07
2.27724e-06
4.31699e-06
6.42652e-06
8.21139e-06
9.55323e-06
1.03686e-05
1.05018e-05
1.02805e-05
1.00901e-05
9.99819e-06
9.92403e-06
9.82868e-06
8.57188e-06
6.89271e-06
5.99851e-06
5.03971e-06
3.79312e-06
2.29664e-06
7.39591e-07
0
0
0
0
0
0
0
0
0
0
0
0
0
0
0
0
0
0
0
0
0
0
0
0
0
0
0
3.451e-06
8.19884e-06
1.24978e-05
9.86149e-06
0
0
0
0
0
0
0
0
0
0
0
0
0
0
0
0
0
0
0
0
0
0
0
0
0
1.35584e-06
2.21436e-06
2.19432e-06
1.4968e-06
5.18426e-07
0
0
0
0
0
0
0
0
0
0
0
0
0
0
0
0
0
0
0
0
0
0
0
0
0
0
5.47374e-07
1.53893e-06
1.94315e-06
1.36741e-06
8.86955e-07
2.03152e-06
4.41996e-06
1.36838e-06
0
0
0
0
0
0
0
0
0
0
0
0
0
0
0
0
0
0
0
0
0
0
0
4.03292e-07
1.16125e-06
2.70868e-06
5.97381e-06
1.0194e-05
1.36265e-05
1.12189e-05
0
0
0
2.6532e-06
4.39886e-06
5.26031e-06
6.04993e-06
6.89787e-06
7.39947e-06
7.73964e-06
8.10661e-06
8.39485e-06
8.39226e-06
7.34774e-06
0
0
0
0
0
0
0
0
0
3.73453e-06
7.34993e-06
9.57402e-06
1.02274e-05
9.94228e-06
9.73943e-06
1.01341e-05
1.09171e-05
0
0
0
0
0
1.43498e-06
3.94793e-06
6.3216e-06
8.0638e-06
9.2762e-06
1.0064e-05
1.01169e-05
9.72911e-06
9.38348e-06
9.09303e-06
8.81336e-06
8.58578e-06
7.22903e-06
5.16181e-06
3.97249e-06
3.18171e-06
2.27749e-06
1.13184e-06
0
0
0
0
0
0
0
0
0
0
0
0
0
0
0
0
0
0
0
0
0
0
0
0
0
0
0
1.03741e-07
4.59524e-06
9.30505e-06
1.39647e-05
1.84651e-05
8.82472e-06
0
0
0
0
0
0
0
0
0
0
0
0
0
0
0
0
0
2.28567e-05
1.83203e-05
7.66043e-06
3.71386e-07
0
0
0
0
0
0
0
0
0
0
0
0
0
0
0
0
0
0
0
0
0
0
0
0
0
0
0
0
0
0
0
0
0
2.20245e-07
1.3228e-06
2.42493e-06
2.743e-06
2.10624e-06
1.47931e-06
1.93145e-06
3.80745e-06
5.44813e-06
3.71234e-06
0
0
0
0
3.51354e-07
6.12982e-07
7.82801e-07
8.75516e-07
8.94578e-07
7.85183e-07
3.04286e-07
0
0
0
0
0
0
0
0
0
0
0
0
0
1.25354e-06
3.80508e-06
4.45734e-06
0
0
0
5.53252e-07
1.90244e-06
3.2786e-06
3.99432e-06
4.34175e-06
4.64492e-06
4.81318e-06
4.95063e-06
5.18823e-06
5.64175e-06
5.66168e-06
5.42367e-06
4.99522e-06
0
0
0
0
0
0
0
9.47422e-07
4.83458e-06
7.70979e-06
1.03892e-05
1.17426e-05
1.07642e-05
9.08631e-06
8.01184e-06
7.54171e-06
6.32802e-06
1.63699e-06
0
0
0
0
1.23425e-06
4.3959e-06
6.8472e-06
8.1894e-06
8.95905e-06
9.32476e-06
9.08733e-06
8.62595e-06
8.32093e-06
8.04673e-06
7.7481e-06
7.47538e-06
6.02566e-06
3.60065e-06
2.15122e-06
1.61051e-06
1.09586e-06
2.82575e-07
0
0
0
0
0
0
0
0
0
0
0
0
0
0
0
0
0
0
0
0
0
0
0
0
0
0
0
1.38678e-06
5.26062e-06
9.63612e-06
1.44197e-05
2.05775e-05
2.36427e-05
1.49601e-05
9.62839e-06
6.32988e-06
0
0
0
0
0
0
0
0
0
0
0
0
0
1.93138e-05
2.10216e-05
1.47089e-05
8.27482e-06
3.3394e-06
0
0
0
0
0
0
0
0
0
0
0
0
0
0
0
0
0
0
0
0
0
0
0
0
0
0
0
0
6.51863e-07
1.34516e-06
2.22977e-06
2.93349e-06
3.31007e-06
3.57965e-06
4.12849e-06
4.74034e-06
4.65259e-06
3.75373e-06
2.84242e-06
2.46608e-06
2.66438e-06
3.54409e-06
5.09893e-06
4.10951e-06
1.60426e-06
1.76598e-06
2.07013e-06
2.22891e-06
2.3832e-06
2.48269e-06
2.50495e-06
2.52269e-06
2.59457e-06
2.73114e-06
2.93142e-06
3.08243e-06
2.79334e-06
1.46051e-06
0
0
0
0
0
0
0
0
0
0
0
0
0
0
0
0
0
1.11876e-06
1.8811e-06
1.86653e-06
1.61834e-06
1.53495e-06
1.5311e-06
1.84124e-06
2.19455e-06
2.00016e-06
2.31529e-06
1.44496e-06
0
6.72231e-07
4.5146e-06
5.72264e-06
3.66004e-06
1.69988e-06
5.13667e-06
1.24736e-05
1.34873e-05
1.14412e-05
1.20074e-05
1.23771e-05
9.96457e-06
7.28914e-06
5.82568e-06
4.9441e-06
4.43428e-06
3.76292e-06
0
0
0
0
3.05936e-06
6.62257e-06
8.57437e-06
9.12738e-06
9.41338e-06
9.21192e-06
8.35821e-06
7.50505e-06
7.04049e-06
6.71396e-06
6.41873e-06
6.12733e-06
4.80664e-06
2.50931e-06
9.61365e-07
4.36311e-07
3.50079e-08
0
0
0
0
0
0
0
0
0
0
0
0
0
0
0
0
0
0
0
0
0
0
0
0
0
0
0
0
2.14447e-06
5.3368e-06
8.21072e-06
1.27537e-05
1.58136e-05
2.10242e-05
2.13104e-05
1.80914e-05
2.98474e-08
0
0
0
0
0
0
0
0
0
0
0
0
0
1.35038e-06
1.49123e-06
4.86273e-07
0
0
0
0
0
0
0
0
0
0
0
0
0
0
0
0
0
0
0
0
0
0
0
0
0
0
0
0
6.74241e-07
1.64185e-06
2.48764e-06
3.30261e-06
4.53321e-06
5.99258e-06
7.17725e-06
8.10322e-06
8.89933e-06
9.53002e-06
9.46553e-06
8.25081e-06
6.52656e-06
5.07427e-06
4.18519e-06
4.06639e-06
4.71314e-06
5.56896e-06
6.17699e-06
6.49092e-06
6.53153e-06
6.39395e-06
6.09665e-06
5.69477e-06
5.37605e-06
5.20812e-06
5.17191e-06
5.38388e-06
5.79281e-06
6.193e-06
6.28003e-06
5.92414e-06
5.25789e-06
4.42884e-06
3.54668e-06
2.72291e-06
1.59968e-06
0
0
0
0
0
1.14469e-07
8.12408e-07
2.57413e-07
0
0
0
0
0
0
0
0
0
0
0
0
0
0
0
0
4.02989e-06
9.26262e-06
9.28293e-06
3.51032e-06
0
1.03957e-05
2.4429e-05
1.54888e-05
1.06559e-05
9.66718e-06
8.4286e-06
6.21323e-06
4.41398e-06
3.95882e-06
4.36275e-06
5.67832e-06
5.67589e-06
1.33583e-06
0
0
4.11578e-06
8.48664e-06
1.03433e-05
1.05193e-05
9.61581e-06
9.1664e-06
8.68282e-06
7.66713e-06
6.64811e-06
5.98385e-06
5.40797e-06
4.82472e-06
4.21392e-06
2.80565e-06
7.01553e-07
0
0
0
0
0
0
0
0
0
0
0
0
0
0
0
0
0
0
0
0
0
0
0
0
0
0
0
0
0
0
0
2.20495e-06
5.0236e-06
4.99508e-06
1.0254e-05
1.25154e-05
1.63097e-05
1.82685e-05
1.62973e-05
1.56757e-06
0
0
0
0
0
0
0
0
0
0
1.25277e-06
2.62705e-06
3.4441e-06
3.11559e-06
1.28548e-06
0
0
0
0
0
0
9.7598e-07
5.07782e-06
5.20285e-06
0
0
0
0
0
0
0
0
0
0
0
0
0
0
0
0
0
0
0
1.19963e-06
2.91242e-06
4.37698e-06
5.58937e-06
6.70489e-06
8.3543e-06
1.04386e-05
1.21662e-05
1.35794e-05
1.47786e-05
1.57223e-05
1.60611e-05
1.55687e-05
1.45508e-05
1.36765e-05
1.32097e-05
1.27914e-05
1.19626e-05
1.11846e-05
1.12344e-05
1.17516e-05
1.20439e-05
1.1917e-05
1.14838e-05
1.09573e-05
1.04049e-05
9.8562e-06
9.49603e-06
9.49022e-06
9.65119e-06
9.7601e-06
9.64312e-06
9.3248e-06
8.9976e-06
8.73892e-06
8.35137e-06
7.86958e-06
7.36644e-06
6.53388e-06
5.36587e-06
4.57142e-06
4.65739e-06
4.68314e-06
3.6469e-06
1.77729e-06
0
0
0
0
0
0
0
0
0
0
0
0
0
0
0
0
0
3.46825e-06
4.10076e-06
0
0
0
0
1.19141e-07
4.09228e-06
5.38879e-06
5.42457e-06
3.86043e-06
2.3475e-06
2.33847e-06
3.80349e-06
5.82503e-06
6.79132e-06
4.36966e-06
0
0
0
0
6.61008e-06
1.00376e-05
1.04806e-05
9.84493e-06
8.64236e-06
7.30465e-06
5.87284e-06
4.82531e-06
4.18444e-06
3.54415e-06
2.83526e-06
1.98497e-06
6.64059e-07
0
0
0
0
0
0
0
0
0
0
0
0
0
0
0
0
0
0
0
0
0
0
0
0
0
0
0
0
0
0
0
0
2.47652e-06
5.68831e-06
3.87162e-06
8.12859e-06
1.16854e-05
1.69693e-05
1.84745e-05
1.69164e-05
5.87023e-06
0
0
0
0
0
0
0
0
0
0
0
1.52941e-06
6.02874e-06
1.03094e-05
1.06536e-05
3.86499e-06
0
0
0
0
1.37294e-07
9.0106e-06
8.59185e-06
1.58781e-06
0
0
0
0
0
0
0
0
0
0
0
0
0
0
0
0
0
0
1.69508e-08
1.52724e-06
3.15514e-06
5.18683e-06
7.44481e-06
9.83375e-06
1.22436e-05
1.44902e-05
1.64148e-05
1.79125e-05
1.89916e-05
1.9708e-05
2.00327e-05
1.99418e-05
1.95667e-05
1.90054e-05
1.81321e-05
1.69295e-05
1.53261e-05
1.34814e-05
1.2274e-05
1.21954e-05
1.30458e-05
1.42549e-05
1.51844e-05
1.55553e-05
1.55899e-05
1.5441e-05
1.5169e-05
1.47299e-05
1.41394e-05
1.35079e-05
1.29095e-05
1.23718e-05
1.19025e-05
1.1441e-05
1.08697e-05
1.01015e-05
9.25514e-06
8.40593e-06
7.67584e-06
7.25502e-06
6.98614e-06
6.19351e-06
4.24138e-06
9.02641e-07
0
0
0
0
0
0
0
0
0
0
0
0
0
0
0
0
0
0
0
0
0
0
0
0
0
0
0
0
1.4686e-06
3.48858e-06
5.89801e-06
7.22739e-06
5.22847e-06
0
0
0
0
0
0
0
3.81656e-06
6.17445e-06
6.69664e-06
5.67753e-06
4.22877e-06
3.22381e-06
2.50822e-06
1.64654e-06
7.0349e-07
0
0
0
0
0
0
0
0
0
0
0
0
0
0
0
0
0
0
0
0
0
0
0
0
0
0
0
0
0
0
0
0
0
0
3.52302e-06
7.61989e-06
9.18138e-06
3.84258e-06
1.03921e-05
1.83911e-05
2.02351e-05
1.87152e-05
1.21044e-05
0
0
0
0
2.69598e-05
2.66462e-05
2.4572e-05
2.2137e-05
2.04776e-05
2.01813e-05
2.09704e-05
2.16589e-05
2.05067e-05
1.41456e-05
0
0
0
0
0
0
0
0
0
0
0
0
0
0
0
0
0
0
0
0
0
0
0
0
0
0
5.45215e-07
1.2252e-06
1.86219e-06
2.84269e-06
4.38628e-06
6.31641e-06
8.5535e-06
1.08643e-05
1.29053e-05
1.44103e-05
1.52942e-05
1.55199e-05
1.55694e-05
1.57734e-05
1.61531e-05
1.65985e-05
1.69559e-05
1.71496e-05
1.74494e-05
1.86772e-05
1.9388e-05
1.95402e-05
1.94744e-05
1.93345e-05
1.91418e-05
1.8892e-05
1.86045e-05
1.83431e-05
1.81497e-05
1.79593e-05
1.74615e-05
1.66166e-05
1.55386e-05
1.43205e-05
1.31317e-05
1.20945e-05
1.12363e-05
1.04874e-05
9.77778e-06
9.13108e-06
8.58908e-06
8.21763e-06
8.075e-06
8.15689e-06
8.31226e-06
8.19514e-06
7.0383e-06
3.63631e-06
0
0
0
0
0
0
0
0
0
0
0
0
0
0
0
0
0
0
0
0
0
0
0
0
0
0
0
0
1.69488e-06
4.77342e-06
6.61932e-06
5.23558e-06
0
0
0
0
0
0
0
0
0
0
1.09716e-08
7.27373e-07
3.99505e-07
0
0
0
0
0
0
0
0
0
0
0
0
0
0
0
0
0
0
0
0
0
0
0
0
0
0
0
0
0
0
0
0
0
0
0
0
0
0
3.47408e-06
7.8564e-06
9.03372e-06
4.80987e-07
7.93172e-06
1.87701e-05
2.15347e-05
1.96179e-05
1.33285e-05
0
0
0
8.90385e-07
5.04546e-05
6.45951e-05
7.33192e-05
7.4359e-05
6.72507e-05
5.71201e-05
4.6336e-05
3.48116e-05
2.25757e-05
1.2185e-05
4.07978e-06
0
0
0
0
0
0
1.30367e-06
7.99097e-06
1.68651e-05
2.43173e-05
2.56178e-05
2.0343e-05
1.26274e-05
6.86761e-06
4.66922e-06
4.13439e-06
2.63332e-06
0
0
0
0
0
0
0
0
1.06617e-06
2.83869e-06
4.55464e-06
6.44041e-06
8.75375e-06
1.07494e-05
1.20183e-05
1.24373e-05
1.21099e-05
1.13303e-05
1.05059e-05
1.00301e-05
1.01234e-05
1.07521e-05
1.17159e-05
1.29126e-05
1.39705e-05
1.45349e-05
1.45343e-05
1.43187e-05
1.45351e-05
1.54093e-05
1.5711e-05
1.56477e-05
1.55037e-05
1.54379e-05
1.55037e-05
1.56778e-05
1.58653e-05
1.5906e-05
1.56352e-05
1.49105e-05
1.35358e-05
1.1422e-05
9.41165e-06
7.84804e-06
6.84424e-06
6.26737e-06
5.91943e-06
5.66945e-06
5.43832e-06
5.37958e-06
5.66334e-06
6.35864e-06
7.4357e-06
8.60863e-06
1.03608e-05
1.37745e-05
1.41063e-05
4.00179e-06
0
0
0
0
0
0
0
0
0
0
0
0
0
0
0
0
1.68788e-06
1.78875e-06
3.17545e-06
7.55672e-06
1.32988e-05
1.18489e-05
0
0
0
1.92005e-06
3.97853e-06
5.243e-06
4.35812e-06
5.22284e-07
0
0
0
0
0
0
0
0
0
0
0
0
0
0
0
0
0
0
0
0
0
0
0
0
0
0
0
0
0
0
0
0
0
0
0
0
0
0
0
0
0
0
0
0
0
0
0
0
0
0
0
4.09609e-07
7.53077e-06
1.23114e-05
0
6.21324e-06
1.6235e-05
1.95909e-05
1.77198e-05
9.17916e-06
0
0
1.41221e-07
1.57677e-06
0
0
1.42772e-05
2.53196e-05
2.75063e-05
2.31289e-05
1.53117e-05
7.64513e-06
2.70047e-06
4.59858e-07
5.07666e-07
2.17525e-06
4.72363e-06
7.29021e-06
9.21325e-06
9.87263e-06
8.86017e-06
7.00249e-06
7.63883e-06
1.60666e-05
3.57382e-05
6.57793e-05
0.000102479
0.000136806
0.000155567
0.000149396
0.000123472
9.0078e-05
5.61689e-05
3.05767e-05
1.41258e-05
4.6668e-06
3.84404e-07
0
9.24757e-07
2.56336e-06
3.82825e-06
4.64349e-06
5.24613e-06
5.78587e-06
6.1649e-06
6.15243e-06
5.70086e-06
5.17698e-06
5.1601e-06
5.11475e-06
4.98471e-06
5.07649e-06
5.56354e-06
6.44646e-06
7.38513e-06
8.39297e-06
9.23537e-06
9.29291e-06
8.07568e-06
6.17158e-06
4.54803e-06
3.52123e-06
3.63261e-06
4.79277e-06
6.60803e-06
8.69275e-06
1.07595e-05
1.25357e-05
1.37668e-05
1.42722e-05
1.39726e-05
1.29207e-05
1.11844e-05
9.06032e-06
7.34423e-06
6.28327e-06
5.73848e-06
5.40326e-06
5.11519e-06
4.61822e-06
3.9471e-06
3.64475e-06
4.01602e-06
4.87514e-06
5.47629e-06
6.45615e-06
9.89284e-06
1.21213e-05
8.91213e-06
2.20255e-06
0
0
0
0
8.39272e-07
1.18657e-06
8.46198e-07
1.33778e-08
0
0
0
0
0
5.28332e-07
0
1.8224e-06
5.1352e-06
5.4556e-06
6.34233e-06
8.5648e-06
1.32301e-05
1.75592e-05
0
0
3.26517e-06
3.62097e-06
3.06312e-06
2.29685e-06
5.38814e-07
0
0
0
0
0
0
0
0
0
0
0
0
0
0
0
0
0
0
0
0
0
0
0
0
0
0
0
0
0
0
0
0
0
0
0
0
0
0
0
0
0
0
0
0
0
0
0
0
0
0
0
0
0
4.77277e-06
1.17065e-05
0
2.06068e-06
1.34636e-05
1.60085e-05
1.33845e-05
4.58427e-06
0
0
1.65766e-06
1.38118e-06
0
0
0
3.91315e-06
2.83707e-05
4.81272e-05
5.88966e-05
5.84795e-05
5.05434e-05
4.22837e-05
3.79661e-05
3.74679e-05
3.74859e-05
3.47577e-05
2.70811e-05
1.54183e-05
2.57796e-06
0
0
0
0
9.7864e-06
2.9552e-05
5.20268e-05
7.07348e-05
8.06619e-05
8.03181e-05
6.92738e-05
5.02026e-05
3.19186e-05
1.99262e-05
1.41614e-05
1.16497e-05
9.62032e-06
7.3784e-06
5.6101e-06
4.36092e-06
3.33446e-06
2.04053e-06
0
0
0
0
0
0
0
0
3.02171e-06
5.29472e-06
6.58768e-06
7.2821e-06
7.63394e-06
7.7076e-06
7.35778e-06
6.31497e-06
4.55731e-06
2.03973e-06
0
0
0
0
1.43933e-06
3.49405e-06
5.05585e-06
5.89326e-06
5.91024e-06
5.08865e-06
3.48923e-06
1.0903e-06
0
0
1.78564e-06
3.50574e-06
4.22188e-06
4.29105e-06
3.03051e-06
1.28603e-06
2.11348e-07
1.89947e-07
4.23042e-07
0
0
6.20931e-07
0
0
0
0
0
0
5.48208e-06
7.71105e-06
6.74555e-06
4.86549e-06
2.49398e-06
1.32581e-06
1.21651e-06
0
0
2.38025e-06
5.85732e-06
1.80409e-06
4.83164e-06
8.54682e-06
8.25537e-06
7.10417e-06
5.45078e-06
4.16278e-06
4.04718e-06
8.71049e-06
7.89622e-06
5.20828e-06
2.29679e-06
1.17938e-06
1.31739e-06
1.52365e-06
1.39212e-06
7.01251e-07
0
0
0
0
0
2.84782e-06
3.0351e-06
0
0
0
0
0
0
0
0
0
0
0
0
0
0
0
0
0
0
0
0
0
0
0
0
0
0
0
0
0
0
0
0
0
0
0
0
0
0
0
0
0
0
0
0
3.11896e-06
7.91272e-06
3.53257e-07
0
7.1078e-06
1.01877e-05
7.69196e-06
0
0
2.89463e-07
1.35479e-06
8.70121e-07
0
9.08643e-06
2.03119e-05
3.10943e-05
4.09118e-05
4.84489e-05
5.22822e-05
5.16643e-05
4.7576e-05
4.223e-05
3.8791e-05
3.80953e-05
3.80329e-05
3.39357e-05
2.22597e-05
4.801e-06
0
0
0
0
0
0
6.79332e-06
1.05282e-05
7.91538e-06
2.18261e-06
0
0
0
0
0
0
2.59904e-06
4.35887e-06
3.63792e-06
8.91528e-07
0
0
0
0
0
0
0
0
0
0
0
1.64035e-06
3.82404e-06
4.87755e-06
5.00776e-06
4.85505e-06
4.68085e-06
4.47911e-06
4.14179e-06
3.59173e-06
2.87579e-06
2.14101e-06
1.59226e-06
1.35253e-06
1.28887e-06
1.30092e-06
1.28982e-06
1.15433e-06
9.18735e-07
4.48191e-07
0
0
0
0
0
0
0
2.3197e-06
3.28754e-06
1.23333e-06
0
0
0
0
0
0
0
0
0
0
0
0
0
0
6.64878e-06
8.9706e-06
7.91541e-06
4.79187e-06
3.16155e-06
3.14002e-06
0
1.06941e-06
6.55458e-06
1.09956e-05
5.78473e-06
5.59923e-06
1.09355e-05
1.16227e-05
9.66614e-06
6.78661e-06
4.11502e-06
1.77462e-06
3.74126e-06
9.36673e-06
3.4946e-06
1.14415e-06
1.86344e-06
3.34864e-06
4.20536e-06
4.38126e-06
3.41705e-06
1.87802e-07
0
0
0
4.74402e-06
8.55987e-06
4.68274e-06
0
0
0
0
0
0
0
0
0
0
0
0
0
0
0
0
0
0
0
0
0
0
0
0
0
0
0
0
0
0
0
0
0
0
0
0
0
0
0
0
0
3.18643e-07
0
5.73908e-07
4.96331e-06
7.25082e-06
5.97261e-07
1.88106e-07
2.10068e-06
3.13412e-06
1.55191e-06
0
0
5.93799e-08
8.5373e-07
2.32792e-07
1.08102e-05
1.50349e-05
1.84664e-05
2.10584e-05
2.22211e-05
2.17913e-05
1.93165e-05
1.52147e-05
1.12422e-05
8.51084e-06
6.90896e-06
6.52486e-06
6.89115e-06
6.78946e-06
4.02516e-06
0
0
0
0
0
0
5.3234e-06
3.33216e-06
0
0
0
0
0
0
0
0
0
0
0
0
0
0
0
0
0
0
0
0
0
0
0
0
3.15249e-08
1.82692e-06
2.734e-06
2.96461e-06
2.84199e-06
2.48635e-06
1.89956e-06
1.10587e-06
2.50664e-07
0
0
2.16173e-07
6.55305e-07
7.43768e-07
7.08177e-07
7.11091e-07
6.99921e-07
6.52199e-07
2.45103e-07
0
0
0
0
0
3.20753e-06
3.09546e-06
4.76866e-06
3.33455e-06
0
0
0
1.96246e-06
1.35947e-06
0
0
5.92935e-07
0
0
0
0
0
0
0
0
3.49814e-06
5.05584e-06
3.84878e-06
4.22851e-06
5.3848e-06
3.67328e-07
2.56488e-06
9.31177e-06
1.38012e-05
9.01439e-06
6.40918e-06
1.00113e-05
1.19052e-05
9.96735e-06
6.86562e-06
4.04961e-06
1.74992e-06
1.19624e-06
7.94423e-06
3.58339e-06
3.17915e-06
4.74321e-06
6.74556e-06
7.90374e-06
8.27638e-06
7.12921e-06
2.57483e-06
0
0
0
1.0535e-05
8.51766e-06
0
0
0
0
0
0
0
0
0
0
0
0
0
0
0
0
0
0
0
0
0
0
0
0
0
0
0
0
0
0
0
0
0
0
0
0
0
0
0
3.20188e-08
0
0
6.59603e-07
2.93936e-07
1.99651e-06
8.98047e-06
7.33567e-06
1.31669e-06
2.36111e-06
1.65623e-06
7.14895e-07
0
0
0
0
3.07223e-07
0
7.61146e-06
3.63968e-06
1.55305e-07
0
4.48749e-06
1.06523e-05
1.43702e-05
1.36844e-05
1.2124e-05
1.15997e-05
1.20374e-05
1.20102e-05
1.15286e-05
1.09266e-05
1.02411e-05
9.68928e-06
9.67665e-06
1.08576e-05
1.43561e-05
2.17498e-05
3.44527e-05
3.98468e-05
2.57462e-05
5.78188e-06
0
0
0
0
0
0
0
0
0
0
0
0
0
0
0
0
0
0
0
0
0
0
0
0
0
0
0
1.80466e-07
0
0
0
0
0
0
0
0
0
0
0
0
0
0
0
0
0
0
0
0
0
2.32773e-06
9.5762e-07
0
0
3.89464e-07
1.44768e-06
2.23107e-10
0
0
2.84419e-06
2.37154e-06
0
0
0
0
0
0
0
0
4.39074e-07
0
8.97922e-07
2.31659e-06
0
1.8456e-06
1.10766e-05
1.44832e-05
1.09268e-05
9.27617e-06
1.00138e-05
1.13664e-05
9.61297e-06
6.84454e-06
4.68072e-06
3.47842e-06
2.73491e-06
3.77018e-06
7.49037e-06
7.54548e-06
8.14375e-06
9.5336e-06
1.21407e-05
1.33784e-05
1.30191e-05
8.34843e-06
0
0
0
1.2975e-05
5.34706e-07
0
0
0
0
0
0
0
0
0
0
0
0
0
0
0
0
0
0
0
0
0
0
0
0
0
0
6.43544e-08
1.95663e-07
2.45252e-07
2.35514e-07
9.80483e-08
0
0
0
0
0
2.36382e-07
0
0
1.26875e-07
3.48225e-08
9.56965e-08
2.06637e-07
0
2.24712e-06
1.14786e-05
7.82072e-06
1.86329e-06
3.1365e-06
1.63441e-06
1.70783e-07
0
0
0
0
0
0
0
0
2.1599e-06
4.01556e-05
0.000139009
5.89065e-05
1.39216e-05
0
0
0
2.18201e-06
4.5883e-06
6.31382e-06
7.39413e-06
7.73352e-06
7.26068e-06
6.05998e-06
4.39295e-06
2.63419e-06
1.15226e-06
2.21134e-07
0
0
0
8.97273e-08
1.22153e-07
7.61475e-08
2.95054e-08
0
0
0
0
0
0
0
0
0
0
0
0
0
0
0
0
0
0
0
0
0
0
0
0
0
0
0
0
0
0
0
0
0
0
0
0
0
0
0
2.50121e-07
6.98653e-07
4.30813e-07
3.19839e-07
0
1.49435e-08
2.01314e-06
1.29821e-06
0
0
2.82345e-08
1.13873e-06
0
0
0
4.44783e-06
6.04688e-06
2.42989e-06
0
0
0
0
0
0
0
0
0
0
0
0
0
1.36017e-05
1.30447e-05
1.10571e-05
1.18789e-05
1.09176e-05
1.09085e-05
9.38098e-06
7.43659e-06
6.19717e-06
5.49169e-06
4.07902e-06
6.18507e-07
0
0
2.50914e-06
6.34913e-06
1.24768e-05
1.81465e-05
1.92531e-05
1.6316e-05
6.98176e-06
0
0
3.78977e-06
0
0
0
0
0
0
0
0
0
0
0
0
0
0
0
0
0
0
0
0
0
0
0
5.82886e-08
1.09745e-07
1.43288e-07
1.70769e-07
2.10563e-07
2.29046e-07
2.1627e-07
2.24315e-07
1.88801e-07
1.23547e-07
1.79279e-07
1.68099e-07
8.60353e-08
2.05386e-07
1.54565e-07
0
0
1.53867e-07
1.21616e-07
1.89006e-08
0
0
1.50259e-06
1.14372e-05
8.24182e-06
1.73123e-06
2.69817e-06
1.26392e-06
0
0
0
0
0
0
0
6.10003e-07
6.74445e-07
6.34401e-07
5.22617e-07
3.804e-07
2.4241e-07
1.37855e-07
7.61087e-08
4.76129e-08
3.7876e-08
3.82382e-08
4.97211e-08
6.61213e-08
7.74963e-08
7.84043e-08
6.7091e-08
4.49647e-08
1.49848e-08
0
0
0
0
0
0
0
0
0
0
0
0
0
0
0
0
3.73517e-09
1.39743e-08
2.10267e-08
1.91303e-08
1.27655e-08
9.04104e-09
8.68309e-09
8.3224e-09
4.97202e-09
0
0
0
0
0
0
0
0
0
0
8.37352e-09
1.20766e-08
1.66398e-08
1.48945e-08
9.97839e-09
7.65791e-09
0
5.03659e-09
0
0
0
0
2.30788e-07
4.86752e-07
0
0
0
1.03721e-07
0
7.07521e-07
2.90986e-06
3.85552e-06
2.07687e-06
0
0
8.44982e-07
0
0
0
3.31378e-06
6.22713e-06
3.5729e-06
1.10307e-06
0
0
0
0
0
0
0
0
0
0
0
0
8.77996e-06
1.46879e-05
1.47414e-05
1.688e-05
1.25859e-05
1.07479e-05
9.61281e-06
8.1797e-06
6.67304e-06
4.37188e-06
1.6009e-06
0
0
0
0
0
2.56966e-06
6.11488e-06
1.0017e-05
1.46579e-05
1.38339e-05
6.9578e-06
0
0
0
0
0
0
0
0
0
0
0
0
0
0
0
0
0
0
0
0
0
7.55953e-09
6.03804e-08
1.02331e-07
1.29694e-07
1.48664e-07
1.59064e-07
1.59749e-07
1.61853e-07
1.62616e-07
1.49512e-07
1.42061e-07
1.41614e-07
1.13411e-07
1.01387e-07
1.10327e-07
5.15342e-08
1.59962e-08
6.2861e-08
0
0
5.59035e-09
5.89e-08
0
0
0
0
3.65565e-07
1.00053e-05
1.01275e-05
2.11927e-06
1.93875e-06
5.56023e-07
0
0
0
0
0
0
0
0
9.16887e-09
3.14571e-08
5.3088e-08
7.34429e-08
9.08528e-08
1.03348e-07
1.09951e-07
1.11406e-07
1.09896e-07
1.07454e-07
1.04803e-07
1.00639e-07
9.3302e-08
8.106e-08
6.18787e-08
3.46549e-08
0
0
0
0
0
0
0
0
0
0
0
0
0
2.74998e-08
6.04666e-08
8.52669e-08
9.84547e-08
9.88208e-08
8.07673e-08
4.59764e-08
0
0
0
0
0
0
0
0
0
0
0
1.06616e-08
3.30635e-08
5.17787e-08
6.38288e-08
6.7471e-08
6.35622e-08
5.25179e-08
4.30577e-08
3.00551e-08
2.09705e-08
1.23053e-08
1.70748e-09
1.31893e-08
0
4.69569e-08
9.38734e-08
1.5706e-07
1.28951e-06
2.09265e-06
1.65663e-07
0
0
0
0
0
3.09223e-06
8.40342e-06
7.31246e-06
0
0
3.72504e-06
0
0
0
6.94778e-06
1.63973e-05
1.51764e-05
1.31387e-05
8.76347e-06
2.1263e-06
0
0
0
0
0
0
0
0
0
2.39293e-06
2.25615e-06
2.3241e-06
1.02207e-05
2.45678e-05
2.53392e-05
1.79839e-05
1.23406e-05
7.75036e-06
3.77485e-06
1.39667e-06
6.61078e-07
7.02147e-08
0
0
0
0
2.7025e-06
2.54641e-06
7.50784e-07
1.34755e-07
5.70233e-09
0
0
0
0
0
0
0
0
0
0
0
0
0
0
0
0
0
0
0
0
3.29509e-08
7.06693e-08
1.01112e-07
1.2126e-07
1.32258e-07
1.36648e-07
1.37405e-07
1.34434e-07
1.28737e-07
1.24499e-07
1.18985e-07
1.09417e-07
1.03841e-07
9.6883e-08
8.00813e-08
6.87796e-08
4.83114e-08
3.22957e-09
0
0
0
0
0
0
0
0
0
0
0
5.42456e-06
1.57717e-05
5.69829e-06
1.05331e-07
0
0
0
0
0
5.04674e-08
0
0
0
0
0
0
0
4.31879e-09
1.68955e-08
2.58077e-08
3.18025e-08
3.60066e-08
3.95243e-08
4.29629e-08
4.58211e-08
4.61613e-08
4.1219e-08
2.86815e-08
7.53652e-09
0
0
0
0
0
0
0
0
0
0
0
0
0
3.68678e-08
7.40013e-08
1.01879e-07
1.16225e-07
1.1556e-07
9.47628e-08
5.43688e-08
2.31794e-09
0
0
0
0
0
0
0
0
0
1.45827e-08
3.84889e-08
5.86964e-08
7.31724e-08
7.99443e-08
7.91809e-08
7.20197e-08
5.92543e-08
4.69822e-08
3.08161e-08
1.99745e-08
4.10252e-09
0
0
0
6.39454e-09
6.00779e-08
3.44732e-07
2.19425e-06
5.13663e-06
2.98282e-06
0
0
0
0
0
0
8.30839e-06
1.02495e-05
0
0
4.30346e-06
0
0
5.5882e-07
4.13764e-05
4.80131e-05
2.02366e-05
8.14239e-06
3.45717e-06
8.95865e-07
0
0
0
0
0
0
0
0
9.86586e-07
1.93955e-06
1.29167e-06
1.00448e-06
2.20443e-06
5.86915e-06
1.08777e-05
1.78247e-05
2.55416e-05
1.09062e-05
1.79513e-06
3.97247e-07
5.92945e-07
7.58277e-07
0
0
0
1.40681e-06
5.34012e-06
2.1643e-06
7.81874e-08
0
0
0
0
0
0
0
0
0
0
0
0
0
0
0
0
0
0
0
2.34461e-08
5.32978e-08
7.19078e-08
8.32193e-08
9.30485e-08
1.02011e-07
1.07036e-07
1.08366e-07
1.07148e-07
1.05105e-07
1.0172e-07
9.69531e-08
9.29211e-08
8.78326e-08
8.18356e-08
7.72609e-08
7.00193e-08
5.99686e-08
4.7827e-08
1.97423e-08
0
0
0
0
0
0
0
0
0
0
0
5.6949e-08
8.56543e-07
1.31457e-05
3.26953e-06
0
0
0
0
0
3.31087e-08
5.78313e-08
0
0
0
0
0
0
0
0
0
0
0
0
0
0
0
8.90695e-10
9.52107e-10
0
0
0
0
0
0
0
0
0
0
0
0
0
0
0
2.22502e-08
4.97492e-08
7.02084e-08
8.06488e-08
8.07092e-08
6.74251e-08
4.13531e-08
8.66318e-09
0
0
0
0
0
0
0
0
1.06121e-08
2.9505e-08
4.70498e-08
6.07514e-08
6.95306e-08
7.22074e-08
6.94615e-08
6.21105e-08
5.06502e-08
3.8987e-08
2.40617e-08
1.28348e-08
0
0
0
0
0
0
2.53749e-07
2.4003e-06
1.18331e-05
1.42802e-05
6.23336e-06
0
0
0
0
0
0
8.41112e-06
0
0
3.69254e-06
1.975e-05
2.8784e-05
2.08911e-05
5.47886e-05
2.24524e-05
6.0412e-06
2.47578e-06
1.00427e-06
1.47286e-07
0
0
0
0
0
0
0
0
1.61316e-06
2.02067e-06
1.85559e-06
1.35266e-06
1.56665e-06
3.15911e-06
4.83461e-06
7.61327e-06
1.84319e-05
1.66975e-05
1.24827e-06
2.20524e-07
6.92604e-07
1.32645e-06
9.63257e-07
0
0
6.68412e-06
7.98133e-06
1.32262e-06
0
0
0
0
0
0
0
0
0
0
0
0
0
0
0
0
4.96622e-09
1.35388e-09
1.25092e-08
3.65001e-08
6.30441e-08
8.17155e-08
8.90267e-08
8.86749e-08
8.78525e-08
8.92771e-08
9.024e-08
9.02387e-08
8.94867e-08
8.84857e-08
8.63494e-08
8.3294e-08
8.02477e-08
7.58197e-08
7.18637e-08
6.81793e-08
6.0741e-08
5.21826e-08
3.71052e-08
4.68614e-09
0
0
0
0
0
0
0
0
0
1.19722e-08
0
9.358e-08
4.36859e-07
5.74844e-06
9.10904e-07
0
0
0
0
7.02371e-08
3.50159e-08
6.60898e-08
0
2.77896e-08
0
0
0
0
0
0
0
0
2.62333e-08
9.88943e-08
1.20082e-07
1.02994e-07
7.30883e-08
8.71205e-09
0
0
0
0
0
0
1.77936e-06
2.61877e-06
1.77845e-06
1.18303e-06
0
0
0
0
0
0
0
0
0
0
1.42413e-08
6.71978e-08
5.84092e-08
4.11021e-08
0
0
0
0
0
0
0
4.70361e-07
1.46795e-06
1.28618e-06
8.402e-07
0
0
0
0
0
0
0
0
0
0
0
0
0
0
0
0
0
0
0
0
0
0
3.55344e-07
1.17973e-06
9.52252e-07
0
0
0
0
0
0
0
0
0
0
0
0
0
0
0
0
0
0
0
0
0
0
0
0
2.67058e-06
1.02976e-06
0
0
0
0
0
0
0
0
0
0
0
0
0
0
0
0
4.34689e-06
1.26483e-06
0
9.91933e-08
1.58557e-06
1.36697e-06
0
2.38934e-05
0
0
0
0
0
0
0
0
0
0
0
0
0
0
0
0
0
1.30644e-05
1.34104e-05
1.06069e-05
1.29811e-05
1.62599e-05
1.55474e-05
6.14042e-06
9.27512e-05
1.25375e-05
0
0
0
0
0
0
0
0
0
0
0
0
0
0
0
0
1.75285e-05
2.63927e-05
2.98542e-05
3.46732e-05
3.99862e-05
3.76275e-05
3.16417e-05
0.000113149
4.35431e-05
0
0
0
0
0
0
0
0
0
0
0
0
0
0
0
0
1.94469e-05
3.08609e-05
3.77377e-05
4.31573e-05
4.70655e-05
4.32422e-05
3.71172e-05
0.000114538
7.91534e-05
0
0
0
0
0
0
0
0
0
0
0
0
0
0
0
0
2.04856e-05
3.33187e-05
4.11471e-05
4.64044e-05
4.90541e-05
4.19707e-05
2.48379e-05
0.000115051
0.000112294
0
0
0
0
0
0
0
0
0
0
0
0
0
0
0
0
2.10403e-05
3.51593e-05
4.34177e-05
4.79541e-05
4.88516e-05
3.50188e-05
0
0.000110874
0.000135821
0
0
0
0
0
0
0
0
0
0
0
0
0
0
0
0
2.07386e-05
3.65928e-05
4.53398e-05
4.87424e-05
4.592e-05
2.0787e-05
0
0.000102295
0.000147748
0
0
0
0
0
0
0
0
0
0
0
0
0
0
0
0
1.86764e-05
3.7561e-05
4.71271e-05
4.87166e-05
4.01761e-05
1.66929e-06
0
9.27059e-05
0.000150201
0
0
0
0
0
0
0
0
1.13088e-05
0
0
0
0
0
7.7243e-06
0
1.34187e-05
3.76985e-05
4.87343e-05
4.78915e-05
3.22364e-05
0
0
8.45276e-05
0.000146157
0
0
0
0
0
0
0
1.60845e-05
2.06207e-05
0
0
0
0
6.2911e-07
1.88873e-05
0
3.10609e-06
3.65512e-05
4.9952e-05
4.69167e-05
2.3345e-05
0
0
7.82295e-05
0.000137819
0
0
0
0
0
0
5.80002e-06
3.36659e-05
2.19901e-05
0
0
0
0
6.73275e-06
2.9303e-05
1.46163e-05
0
3.33007e-05
5.03936e-05
4.58979e-05
1.44142e-05
0
0
7.36478e-05
0.000126938
0
0
0
0
0
0
2.14928e-05
4.73196e-05
1.45859e-05
0
0
0
0
1.391e-05
3.9803e-05
3.87293e-05
0
2.72183e-05
4.96448e-05
4.46782e-05
6.03104e-06
0
0
7.04802e-05
0.000115087
0
0
0
0
0
3.6836e-06
3.51081e-05
5.15111e-05
3.91014e-07
0
0
0
0
2.30922e-05
5.12366e-05
6.2653e-05
0
1.73727e-05
4.74359e-05
4.32349e-05
0
0
0
6.78341e-05
0.00010332
0
0
0
0
0
1.08262e-05
4.10716e-05
4.37562e-05
0
0
0
0
0
3.56618e-05
6.45564e-05
8.51077e-05
0
3.225e-06
4.38129e-05
4.1269e-05
0
0
0
6.52344e-05
9.19843e-05
0
0
0
0
4.80261e-06
1.05984e-05
3.75273e-05
2.75043e-05
0
0
0
0
0
5.32354e-05
8.03287e-05
0.000106711
0
0
3.87175e-05
3.82899e-05
0
0
0
6.25656e-05
8.1486e-05
0
0
0
2.50198e-06
9.09152e-06
5.20343e-06
2.98026e-05
9.19266e-06
0
0
0
0
0
7.76193e-05
0.000100222
0.000129101
0
0
3.25036e-05
3.40873e-05
4.40625e-06
0
0
6.01953e-05
7.21054e-05
0
0
9.20985e-07
1.10762e-05
7.92188e-06
7.25425e-07
2.36639e-05
0
0
0
0
0
0
0.000110721
0.000127957
0.00015417
0
0
2.56492e-05
2.88762e-05
1.01386e-05
0
0
5.80082e-05
6.3534e-05
0
0
0
1.20031e-05
6.53445e-06
0
2.04719e-05
0
0
0
0
0
0
0.00015197
0.000170274
0.000184075
0.000186056
0
1.88021e-05
2.3242e-05
1.14955e-05
0
0
5.59791e-05
5.5356e-05
0
0
0
1.0934e-05
7.13936e-06
6.9818e-07
1.89413e-05
0
0
0
0
0
0
0.000115561
0.000237814
0.000221528
0.000506654
0
1.24886e-05
1.76723e-05
9.77645e-06
0
0
5.38863e-05
4.70884e-05
0
1.28968e-06
5.37594e-07
1.20511e-05
9.19884e-06
3.17862e-06
1.68019e-05
0
0
0
0
0
1.25889e-05
0
0.000285469
0.000270022
0.000771424
0
7.26098e-06
1.24479e-05
6.9592e-06
0
0
5.1533e-05
3.8468e-05
6.23144e-06
6.93931e-06
6.17008e-06
1.43652e-05
1.18543e-05
6.05487e-06
1.05546e-05
0
0
0
0
1.31717e-05
5.23514e-05
0
0
0.000333054
0.000827628
0
3.38954e-06
7.54469e-06
3.99481e-06
0
0
4.83583e-05
2.93604e-05
1.24585e-05
1.24034e-05
1.10741e-05
1.64571e-05
1.43871e-05
8.70056e-06
0
0
0
0
1.68405e-06
2.9907e-05
7.87927e-05
0
0
0.000405315
0.000731718
0
8.91958e-07
2.7613e-06
1.09714e-06
0
0
4.35251e-05
2.02349e-05
1.72825e-05
1.61976e-05
1.38055e-05
1.73678e-05
1.60919e-05
1.06816e-05
0
0
0
0
1.00251e-05
4.79665e-05
0.00010112
0
0
0.000399609
0.000587229
2.19162e-05
0
0
0
0
0
3.38987e-05
1.21354e-05
2.21518e-05
1.99832e-05
1.62045e-05
1.89575e-05
1.86122e-05
1.41687e-05
3.02984e-06
4.73243e-06
7.01444e-07
0
1.83304e-05
7.41678e-05
0.000126967
2.28534e-06
0
0
0.000495657
5.3554e-05
0
0
0
0
0
1.5469e-05
6.14897e-06
2.4096e-05
2.09889e-05
1.63974e-05
1.92428e-05
1.96229e-05
1.74134e-05
1.32173e-05
1.48333e-05
4.53483e-06
0
2.26761e-05
9.5016e-05
0.00013436
6.65093e-06
0
0
0.000401001
7.30133e-05
0
0
0
0
0
0
0
2.45415e-05
2.08106e-05
1.58462e-05
1.95601e-05
2.07141e-05
2.15301e-05
2.03512e-05
1.9513e-05
4.89003e-06
0
2.72071e-05
0.000118221
0.000110055
9.68498e-06
0
0
0.000337689
8.54757e-05
0
0
0
0
0
0
0
2.35521e-05
1.93928e-05
1.46155e-05
1.96552e-05
2.17278e-05
2.53066e-05
2.49615e-05
2.27299e-05
1.01394e-05
0
3.48385e-05
0.000138225
5.24709e-05
0
0
0
0.000293446
9.08156e-05
0
0
0
0
0
0
0
2.13758e-05
1.68472e-05
1.28068e-05
1.95016e-05
2.2626e-05
2.82805e-05
2.80625e-05
2.78432e-05
2.09637e-05
0
4.25348e-05
0.000144022
0
0
0
0
0.000261042
8.89656e-05
0
0
0
0
0
0
0
1.81863e-05
1.34159e-05
1.06589e-05
1.92144e-05
2.36e-05
3.03684e-05
3.0545e-05
3.55256e-05
3.63011e-05
0
5.23328e-05
0.000158609
7.63915e-07
0
0
0
0.000234846
8.07156e-05
0
0
0
0
0
0
0
1.41129e-05
9.33875e-06
8.47923e-06
1.8882e-05
2.46166e-05
3.17289e-05
3.34274e-05
4.54049e-05
5.31718e-05
0
7.10156e-05
0.00019996
0.000100126
0
1.12032e-05
4.22221e-05
0.000211742
6.77495e-05
0
0
0
0
0
0
0
9.24019e-06
5.04621e-06
6.57555e-06
1.85736e-05
2.56324e-05
3.25916e-05
3.68021e-05
5.67972e-05
6.30935e-05
0
7.00853e-05
0.000297847
0.000260821
0.000134788
4.22549e-05
0.000119222
0.000189302
5.13455e-05
0
0
0
0
0
0
0
4.25861e-06
8.16741e-07
5.19109e-06
1.82726e-05
2.64499e-05
3.31721e-05
4.03264e-05
6.87401e-05
5.73567e-05
0
1.24377e-05
0.000450943
0.000396829
0.000333681
9.24006e-05
0.000184906
0.000165939
3.32626e-05
0
0
0
0
0
0
0
0
0
4.42481e-06
1.78655e-05
2.69918e-05
3.29145e-05
4.3027e-05
7.78382e-05
2.9506e-05
0
0
0.000116472
0.000338386
3.43398e-05
0.000129316
0.000226491
0.000141147
1.55292e-05
0
0
0
0
0
0
0
0
0
4.08507e-06
1.71918e-05
2.70025e-05
3.12746e-05
4.35563e-05
8.11154e-05
0
0
0
0
0
0
3.8756e-05
0.00022833
0.000113824
0
0
0
0
0
0
0
0
0
0
3.6811e-06
1.58981e-05
2.63433e-05
2.75353e-05
4.1222e-05
8.13369e-05
0
0
0
0
0
0
0
0.000200717
8.62089e-05
0
0
0
0
0
0
0
0
0
0
2.72853e-06
1.36549e-05
2.49637e-05
2.08916e-05
3.53997e-05
8.29923e-05
0
0
0
0
0
0
0
0.00016989
6.24226e-05
0
0
0
0
0
0
0
0
0
0
1.07465e-06
1.03133e-05
2.34421e-05
1.02673e-05
2.47722e-05
9.01265e-05
0
0
0
0
0
0
2.71455e-05
0.000151288
4.25453e-05
0
0
0
0
0
0
0
0
0
0
0
6.02814e-06
2.38657e-05
0
5.82003e-06
9.68695e-05
0.000318488
0
0
8.10132e-05
0
0
8.04983e-05
0.00012998
2.37266e-05
0
0
0
0
0
0
0
0
0
0
0
1.29399e-06
2.93575e-05
0
0
8.5202e-05
0.00043703
0
0
0.000129137
0
0
0.000136273
8.18553e-05
6.54079e-06
0
0
0
0
0
0
0
0
0
0
0
0
4.32172e-05
0
0
6.58323e-05
0.000351762
0
0
0.000148822
1.4656e-05
0.000155331
8.25914e-05
3.45611e-05
0
0
0
0
0
0
0
0
0
5.23468e-07
0
0
0
6.32762e-05
0
0
4.99726e-05
0.000255345
0
9.06821e-06
0.000154301
8.76265e-05
0.00010087
0
2.06489e-05
0
0
0
0
0
0
0
0
0
1.26591e-06
0
0
3.83187e-06
7.4702e-05
0
0
3.06772e-05
0.000168562
0
2.68661e-05
0.00015019
0.0001262
8.69438e-05
0
0
0
0
0
0
0
0
0
0
0
1.43088e-06
0
0
0
0
0
0
8.09387e-06
9.39793e-05
0
3.97435e-05
0.000142601
0.000146838
0.000113173
0
7.42305e-06
0
0
0
0
0
0
0
0
0
1.34629e-06
0
0
0
0
0
0
0
4.11169e-05
0
4.69283e-05
0.000132821
0.000150944
0.000148662
0
9.14911e-06
0
0
0
0
0
0
0
0
0
1.17368e-06
0
0
0
0
0
0
0
6.28635e-06
0
4.73401e-05
0.000120292
0.000145842
0.000180409
4.32227e-05
5.2334e-06
0
0
0
0
0
0
0
0
0
8.59314e-07
0
0
0
0
0
0
0
0
1.48203e-05
3.74328e-05
0.000104521
0.00012738
0.00018751
3.92827e-05
0
0
0
0
0
0
0
0
0
0
1.39024e-07
0
0
0
0
0
0
0
0
8.90112e-06
1.67736e-05
8.62181e-05
9.95965e-05
0.00011782
2.29226e-05
0
0
0
0
0
0
0
0
0
0
0
0
0
0
0
0
0
0
0
6.56559e-06
4.61399e-06
6.29044e-05
6.53618e-05
3.78105e-05
1.33957e-05
0
0
0
0
0
0
0
0
0
0
0
0
0
0
0
0
0
0
0
4.12924e-06
2.24666e-06
2.9481e-05
3.47899e-05
1.26123e-05
9.88566e-06
0
0
0
0
0
0
0
0
0
0
0
0
0
0
0
0
0
0
0
9.71914e-07
3.18473e-06
6.04358e-06
1.7627e-05
9.37955e-06
7.36862e-06
0
0
0
0
0
0
0
0
0
0
8.14859e-08
2.33548e-08
3.21594e-08
0
0
0
0
0
0
6.61542e-08
7.7196e-06
0
1.13582e-05
1.65265e-05
8.66332e-07
0
1.70307e-07
0
0
0
0
0
0
0
0
1.28618e-07
4.99225e-08
4.78164e-08
0
1.20266e-08
1.42865e-08
0
0
0
0
1.59709e-05
0
2.13124e-06
3.11107e-05
2.14929e-07
0
2.35305e-07
1.36941e-07
1.3156e-08
0
0
0
1.127e-11
0
0
2.08694e-07
8.68281e-08
7.97205e-08
4.53449e-10
2.56727e-08
2.63663e-08
0
0
9.30123e-09
0
1.51614e-05
0
1.67574e-06
3.12912e-05
7.14389e-08
0
2.80567e-07
1.56519e-07
1.76955e-07
0
8.31203e-08
1.12993e-08
0
0
0
)
;

boundaryField
{
    inlet
    {
        type            calculated;
        value           nonuniform List<scalar> 
30
(
0
0
0
0
0
0
8.49542e-17
9.45082e-17
7.04383e-17
6.30101e-17
4.98073e-17
1.27225e-17
0
0
0
0
0
2.73221e-17
0
0
0
0
4.28544e-17
6.77353e-17
0
0
5.47372e-18
1.08249e-19
4.53942e-20
3.05283e-20
)
;
    }
    outlet
    {
        type            calculated;
        value           nonuniform List<scalar> 
57
(
0
0
0
5.75967e-19
0
7.01251e-18
2.43547e-17
4.42723e-17
6.28088e-17
7.5968e-17
8.2639e-17
8.40107e-17
8.17489e-17
7.70855e-17
7.09993e-17
6.4371e-17
5.77894e-17
5.1449e-17
4.55771e-17
4.03303e-17
3.55361e-17
3.09619e-17
2.63377e-17
2.15161e-17
1.6422e-17
1.13178e-17
6.78759e-18
3.1396e-18
0
0
0
0
0
0
0
0
0
0
0
0
0
0
0
0
0
0
0
0
0
0
0
0
0
0
0
0
0
)
;
    }
    upperWall
    {
        type            nutkWallFunction;
        blending        stepwise;
        Cmu             0.09;
        kappa           0.41;
        E               9.8;
        value           nonuniform List<scalar> 
223
(
0
0
0
0
0
0
0
0
0
0
0
0
0
0
0
0
0
0
0
0
0
0
0
0
0
0
0
0
0
0
0
0
0
0
0
0
0
0
0
0
0
0
0
0
0
0
0
0
0
0
0
0
0
0
0
0
0
0
0
0
0
0
0
0
0
0
0
0
0
0
0
0
0
0
0
0
0
0
0
0
0
0
0
0
2.46435e-06
2.24544e-06
4.88178e-07
5.1386e-07
5.91738e-07
5.71219e-07
5.44635e-07
6.66677e-07
1.57303e-06
2.05692e-06
1.67992e-06
1.24213e-06
1.5703e-06
1.84558e-06
1.54187e-06
8.90601e-07
0
0
0
0
0
0
0
0
0
0
0
0
0
0
0
0
0
1.13957e-06
1.39539e-06
3.64129e-07
0
0
0
0
0
0
0
0
0
0
0
0
0
0
0
0
0
0
0
0
0
0
0
0
0
0
0
0
0
0
0
0
0
0
0
0
0
0
0
0
0
0
0
0
0
0
0
0
0
0
0
0
0
0
0
0
0
0
0
0
0
0
0
0
0
0
0
0
0
0
0
0
0
0
0
0
0
0
0
0
0
0
0
0
0
0
0
0
0
0
0
0
0
0
0
0
0
0
0
0
0
0
0
)
;
    }
    lowerWall
    {
        type            nutkWallFunction;
        blending        stepwise;
        Cmu             0.09;
        kappa           0.41;
        E               9.8;
        value           nonuniform List<scalar> 
250
(
0
0
0
0
0
0
0
0
0
0
0
0
0
0
0
0
0
0
0
0
0
0
0
0
0
0
0
0
0
0
0
0
0
0
0
0
0
0
0
0
0
0
0
0
0
0
0
0
0
0
0
0
0
0
0
0
0
0
0
0
0
0
0
0
0
0
0
0
0
0
0
0
0
0
0
0
0
0
0
0
0
1.45016e-07
8.84966e-07
1.46357e-06
1.70497e-06
1.8037e-06
1.67637e-06
6.20362e-07
0
0
0
0
0
0
0
0
0
0
0
7.57738e-08
4.67643e-07
1.51911e-06
4.52298e-06
8.87247e-06
1.29703e-05
1.38699e-05
6.5143e-06
1.64331e-06
9.53276e-07
7.86756e-07
6.99534e-07
5.17794e-07
3.03267e-07
6.60759e-08
0
0
0
0
0
0
0
0
0
0
0
0
0
0
0
0
0
0
0
0
0
0
0
0
0
0
0
0
0
0
0
0
0
0
0
0
0
0
0
0
0
0
0
0
0
0
0
0
0
0
0
0
3.18242e-07
1.23969e-06
2.32534e-06
3.2688e-06
3.7757e-06
3.86383e-06
3.77497e-06
3.40588e-06
3.10536e-06
2.96345e-06
2.87756e-06
2.79171e-06
2.68777e-06
2.57913e-06
2.46621e-06
2.34881e-06
2.20648e-06
2.03187e-06
1.83462e-06
1.57269e-06
1.20983e-06
9.2516e-07
7.65688e-07
6.2224e-07
4.35045e-07
9.1797e-08
0
0
0
4.10058e-07
3.29807e-06
8.0653e-06
9.24869e-06
8.91744e-06
7.61691e-06
6.66827e-06
6.7368e-06
8.30966e-06
1.41659e-05
1.77975e-05
1.60712e-05
6.36922e-06
9.27944e-07
1.02246e-07
0
0
0
0
0
0
0
0
0
0
0
0
0
0
0
0
0
0
0
0
0
0
0
0
0
0
0
0
0
0
0
0
0
1.86434e-06
2.91648e-06
3.21322e-06
2.92805e-06
2.48822e-06
2.2614e-06
1.60919e-06
)
;
    }
    frontAndBack
    {
        type            empty;
    }
}


// ************************************************************************* //
