/*--------------------------------*- C++ -*----------------------------------*\
| =========                 |                                                 |
| \\      /  F ield         | OpenFOAM: The Open Source CFD Toolbox           |
|  \\    /   O peration     | Version:  2112                                  |
|   \\  /    A nd           | Website:  www.openfoam.com                      |
|    \\/     M anipulation  |                                                 |
\*---------------------------------------------------------------------------*/
FoamFile
{
    version     2.0;
    format      ascii;
    arch        "LSB;label=32;scalar=64";
    class       volScalarField;
    location    "0.067";
    object      s;
}
// * * * * * * * * * * * * * * * * * * * * * * * * * * * * * * * * * * * * * //

dimensions      [0 0 0 0 0 0 0];

internalField   nonuniform List<scalar> 
12225
(
1
1
1
1
1
1
1
1
1
1
1
1
1
1
1
1
1
1
1
1
1
1
1
1
1
1
1
1
1
1
1
1
1
1
1
1
1
1
1
1
1
1
1
1
1
1
1
1
1
1
1
1
1
1
1
1
1
1
1
1
1
1
1
1
1
1
1
1
1
1
1
1
1
1
1
1
1
1
1
1
1
1
1
1
1
1
1
1
1
1
1
1
1
1
1
1
1
1
1
1
1
1
1
1
1
1
1
1
1
1
1
1
1
1
1
1
1
1
1
1
1
1
1
1
1
1
1
1
1
1
1
1
1
1
1
1
1
1
1
1
1
1
1
1
1
1
1
1
1
1
1
1
1
1
1
1
1
1
1
1
1
1
1
1
1
1
1
1
1
1
1
1
1
1
1
1
1
1
1
1
1
1
1
1
1
1
1
1
1
1
1
1
1
1
1
1
1
1
1
1
1
1
1
1
1
1
1
1
1
1
1
1
1
1
1
1
1
1
1
1
1
1
1
1
1
1
1
1
1
1
1
1
1
1
1
1
1
1
1
1
1
1
1
1
1
1
1
1
1
1
1
1
1
1
1
1
1
1
1
1
1
1
1
1
1
1
1
1
1
1
1
1
1
1
1
1
1
1
1
1
1
1
1
1
1
1
1
1
1
1
1
1
1
1
1
1
1
1
1
1
1
1
1
1
1
1
1
1
1
1
1
1
1
1
1
1
1
1
1
1
1
1
1
1
1
1
1
1
1
1
1
1
1
1
1
1
1
1
1
1
1
1
1
1
1
1
1
1
1
1
1
1
1
1
1
1
1
1
1
1
1
1
1
1
1
1
1
1
1
1
1
1
1
1
1
1
1
1
1
1
1
1
1
1
1
1
1
1
1
1
1
1
1
1
1
1
1
1
1
1
1
1
1
1
1
1
1
1
1
1
1
1
1
1
1
1
1
1
1
1
1
1
1
1
1
1
1
1
1
1
1
1
1
1
1
1
1
1
1
1
1
1
1
1
1
1
1
1
1
1
1
1
1
1
1
1
1
1
1
1
1
1
1
1
1
1
1
1
1
1
1
1
1
1
1
1
1
1
1
1
1
1
1
1
1
1
1
1
1
1
1
1
1
1
1
1
1
1
1
1
1
1
1
1
1
1
1
1
1
1
1
1
1
1
1
1
1
1
1
1
1
1
1
1
1
1
1
1
1
1
1
1
1
1
1
1
1
1
1
1
0.684591
0.735057
0.769872
0.773921
0.774212
0.771751
0.767143
0.758361
0.749792
0.746108
0.743246
0.741676
0.741694
0.742185
0.74352
0.7459
0.75172
0.758412
0.764014
0.769363
0.774256
0.777446
0.778262
0.777126
0.767077
0.718037
0.67411
0.673403
0.677773
0.676917
0.672269
0.67021
0.672272
0.682317
0.705907
0.711636
0.726734
0.781719
0.827714
0.855973
0.868424
0.874041
0.878597
0.881433
0.884337
0.886353
0.888592
0.890193
0.892094
0.893589
0.894887
0.896122
0.896774
0.896949
0.89693
0.896582
0.894864
0.891457
0.887176
0.882004
0.875391
0.867787
0.859897
0.852766
0.846036
0.839045
0.831047
0.822287
0.813355
0.804633
0.79596
0.788869
0.78357
0.78013
0.777258
0.773773
0.772122
0.77065
0.769738
0.768564
0.768945
0.769724
0.770205
0.772617
0.764789
0.722047
0.738239
0.744892
0.740776
0.761038
0.772986
0.800605
0.820133
0.825241
0.829622
0.833988
0.837217
0.840229
0.841266
0.8413
0.840606
0.838689
0.835629
0.831988
0.828217
0.824503
0.821223
0.818827
0.817138
0.816052
0.815778
0.815764
0.815926
0.816436
0.817365
0.81865
0.820251
0.822454
0.82453
0.826169
0.827056
0.827548
0.827706
0.827202
0.826019
0.824184
0.822217
0.821011
0.819988
0.819402
0.819464
0.820413
0.82243
0.825291
0.828885
0.833102
0.837751
0.842779
0.848231
0.853639
0.85817
0.861414
0.863497
0.864636
0.865086
0.865149
0.865029
0.864356
0.862046
0.858341
0.855504
0.854207
0.854016
0.854399
0.856927
0.867012
0.881035
0.896968
0.912631
0.920493
0.922697
0.924698
0.925178
0.923798
0.920359
0.913239
0.887557
0.864507
0.863637
0.872733
0.874891
0.871234
0.848705
0.768442
0.590271
0.376008
0.282468
0.292356
0.438125
0.615862
0.675714
0.7017
0.749906
0.75401
0.746811
0.728529
0.707803
0.696778
0.690649
0.689664
0.689839
0.68941
0.687281
0.684532
0.681818
0.675872
0.666783
0.665362
0.667033
0.672684
0.685038
0.713778
0.743778
0.761386
0.761963
0.75456
0.73251
0.6987
0.685491
0.677425
0.660316
0.659105
0.66648
0.673458
0.731138
0.783715
0.796662
0.828674
0.858695
0.884101
0.903423
0.919532
0.931596
0.941858
0.948407
0.95505
0.958344
0.961699
0.963141
0.963777
0.963921
0.963164
0.960739
0.95795
0.954308
0.949598
0.945386
0.940208
0.935024
0.929233
0.922179
0.914843
0.90558
0.8939
0.879804
0.865674
0.851776
0.837997
0.824889
0.813897
0.80464
0.795902
0.788098
0.781981
0.774678
0.768518
0.76587
0.763708
0.761863
0.75853
0.755696
0.758612
0.763543
0.7722
0.757945
0.714261
0.715407
0.736555
0.7475
0.798596
0.815286
0.821834
0.832818
0.838889
0.844306
0.845709
0.84603
0.845339
0.841248
0.836863
0.834464
0.828972
0.818599
0.807454
0.803036
0.801118
0.80048
0.8005
0.801607
0.804644
0.809672
0.816068
0.823131
0.83137
0.840981
0.849862
0.854718
0.856372
0.856632
0.856463
0.856484
0.857149
0.858336
0.860156
0.862179
0.863761
0.863341
0.858192
0.848713
0.835856
0.821377
0.811683
0.805673
0.802062
0.800338
0.799945
0.80042
0.802135
0.805211
0.81012
0.817136
0.825821
0.83493
0.843285
0.850019
0.854405
0.856285
0.856538
0.855981
0.854354
0.854031
0.854297
0.856087
0.86373
0.890787
0.92786
0.950249
0.959958
0.961995
0.96204
0.96178
0.961732
0.961926
0.962706
0.964684
0.965341
0.959217
0.922524
0.883181
0.872657
0.872237
0.878659
0.876728
0.852509
0.789979
0.749221
0.770528
0.828813
0.883498
0.921235
0.734707
0.775779
0.773445
0.757316
0.713554
0.690146
0.684635
0.688999
0.699611
0.723797
0.742195
0.744988
0.742726
0.735963
0.719876
0.692189
0.668648
0.640534
0.615028
0.606463
0.607353
0.614323
0.636735
0.695315
0.736708
0.744495
0.740214
0.727518
0.709492
0.675941
0.653684
0.660304
0.749681
0.78264
0.797066
0.828642
0.869251
0.90402
0.925898
0.946396
0.955935
0.962171
0.965136
0.966552
0.967091
0.967199
0.966444
0.965614
0.964112
0.962793
0.960747
0.958761
0.956102
0.953708
0.951483
0.948696
0.946355
0.944004
0.941358
0.938885
0.936963
0.935339
0.933418
0.930222
0.926792
0.923557
0.919407
0.913586
0.90633
0.897991
0.886847
0.87067
0.85059
0.827157
0.803308
0.78629
0.778761
0.774996
0.772571
0.766545
0.755501
0.753332
0.764133
0.770036
0.744215
0.723137
0.756309
0.799054
0.816522
0.825712
0.839188
0.849609
0.857451
0.859666
0.859989
0.858217
0.852413
0.84388
0.835627
0.825837
0.812528
0.799413
0.794183
0.792664
0.792688
0.795627
0.801354
0.806448
0.813092
0.8258
0.845852
0.86651
0.875191
0.878788
0.879578
0.876745
0.86609
0.849645
0.837404
0.826121
0.820969
0.819071
0.821712
0.830038
0.843577
0.860944
0.879187
0.893549
0.904907
0.91077
0.909129
0.891863
0.864767
0.84143
0.826959
0.818049
0.812791
0.810068
0.808873
0.807926
0.806596
0.805718
0.805861
0.807751
0.812411
0.817951
0.823878
0.828505
0.831396
0.834229
0.839686
0.853373
0.889238
0.92657
0.953271
0.965574
0.967357
0.964007
0.959324
0.957785
0.957878
0.958221
0.95866
0.959149
0.960253
0.964854
0.96758
0.963283
0.939286
0.892721
0.877204
0.876543
0.88407
0.887451
0.883781
0.885524
0.900412
0.915487
0.923906
0.928381
0.793293
0.790404
0.770828
0.702042
0.677618
0.687129
0.7327
0.806671
0.861323
0.886066
0.888877
0.886322
0.878671
0.868352
0.853054
0.816526
0.736731
0.663134
0.606337
0.573572
0.564882
0.566047
0.5747
0.602149
0.663447
0.710357
0.727699
0.723067
0.697876
0.666188
0.702716
0.787633
0.797009
0.821361
0.86848
0.903398
0.935034
0.950286
0.959968
0.963997
0.965008
0.965075
0.963412
0.96109
0.956361
0.952768
0.94862
0.945717
0.942681
0.940504
0.939188
0.938194
0.937775
0.937634
0.93765
0.938146
0.938605
0.939081
0.93957
0.939772
0.939819
0.939789
0.939517
0.939085
0.93868
0.938198
0.937281
0.935498
0.932916
0.929478
0.924173
0.916052
0.903472
0.8822
0.846251
0.806924
0.789305
0.781831
0.778749
0.777121
0.768957
0.760754
0.766413
0.76671
0.740569
0.738628
0.787809
0.819399
0.837183
0.84571
0.85908
0.867732
0.870905
0.871438
0.870115
0.864687
0.8544
0.840852
0.825225
0.805643
0.794218
0.790677
0.789983
0.790862
0.794815
0.802271
0.816058
0.83785
0.867007
0.879803
0.884056
0.884206
0.877524
0.861731
0.836367
0.795867
0.760826
0.746458
0.739073
0.734322
0.732357
0.731693
0.732147
0.734963
0.740784
0.751104
0.770708
0.806492
0.85293
0.899724
0.926954
0.939759
0.941108
0.927685
0.894772
0.869169
0.85322
0.84464
0.841589
0.841666
0.845023
0.848312
0.847451
0.841
0.835229
0.833788
0.834003
0.835673
0.840196
0.851322
0.882019
0.920402
0.950082
0.96628
0.970883
0.968856
0.960673
0.955246
0.954018
0.954703
0.956811
0.957998
0.958606
0.958931
0.959219
0.959873
0.963463
0.96563
0.961842
0.939603
0.894763
0.880683
0.881888
0.890643
0.898631
0.906292
0.915194
0.920827
0.923997
0.925138
0.793427
0.788128
0.735179
0.680272
0.696131
0.791709
0.895916
0.922909
0.92417
0.920813
0.913364
0.905467
0.895248
0.88596
0.87694
0.859187
0.812118
0.705238
0.615286
0.564349
0.54548
0.543489
0.548706
0.575167
0.639257
0.694005
0.707488
0.697388
0.675746
0.718253
0.789537
0.813297
0.845571
0.891721
0.929406
0.949535
0.960041
0.964145
0.965333
0.964313
0.961658
0.956295
0.950685
0.946365
0.942892
0.941128
0.938895
0.937905
0.937069
0.936775
0.936688
0.936677
0.93681
0.937161
0.937664
0.93821
0.93868
0.939086
0.939522
0.940082
0.940672
0.941121
0.941562
0.941972
0.942144
0.942199
0.942134
0.941492
0.940089
0.937705
0.933894
0.928565
0.920846
0.907089
0.880612
0.835039
0.798848
0.78516
0.781466
0.781127
0.782282
0.778191
0.770509
0.762242
0.745838
0.753038
0.794108
0.833166
0.853258
0.861341
0.870147
0.875907
0.877753
0.877927
0.876019
0.869468
0.856478
0.837573
0.813139
0.795916
0.790838
0.789965
0.790549
0.794753
0.806354
0.828661
0.863437
0.88014
0.885533
0.886067
0.880792
0.866935
0.832903
0.770492
0.741975
0.730828
0.727322
0.726506
0.725114
0.723383
0.7229
0.722777
0.72293
0.723847
0.725641
0.726948
0.727739
0.730028
0.739302
0.771095
0.843077
0.91392
0.947795
0.957411
0.954196
0.925934
0.886171
0.863374
0.854107
0.85269
0.855403
0.871268
0.895824
0.909337
0.914225
0.915635
0.916975
0.919931
0.928861
0.946604
0.962637
0.973323
0.977656
0.977938
0.974422
0.962997
0.95469
0.952095
0.951362
0.952163
0.955693
0.959049
0.960198
0.960332
0.96022
0.960146
0.96071
0.96449
0.965157
0.960127
0.931167
0.892557
0.884847
0.889013
0.89885
0.906696
0.914344
0.91816
0.917521
0.915336
0.796409
0.787665
0.722126
0.688858
0.770347
0.908924
0.938692
0.936105
0.926438
0.90975
0.897872
0.888776
0.878348
0.868415
0.861275
0.847508
0.808925
0.698625
0.601139
0.552335
0.538642
0.539475
0.551308
0.59237
0.648449
0.676905
0.683123
0.687356
0.715524
0.792927
0.823069
0.860468
0.908773
0.941187
0.957368
0.964168
0.96634
0.966567
0.963925
0.95955
0.953746
0.951082
0.947773
0.946194
0.945331
0.945278
0.946521
0.949159
0.951064
0.953349
0.954717
0.956214
0.956947
0.957408
0.957599
0.957395
0.956806
0.956344
0.955395
0.95441
0.953413
0.952254
0.951649
0.951091
0.950826
0.950622
0.950314
0.949201
0.947065
0.94409
0.940144
0.935031
0.929712
0.922506
0.910356
0.884277
0.832582
0.796072
0.783058
0.780326
0.781461
0.782714
0.776129
0.760658
0.752698
0.759949
0.785659
0.840098
0.863791
0.872233
0.876844
0.879871
0.880962
0.880995
0.879349
0.873488
0.860554
0.839069
0.81096
0.795088
0.791283
0.790943
0.794244
0.806658
0.835997
0.870816
0.883273
0.886566
0.885844
0.878851
0.855693
0.799672
0.75123
0.734672
0.73047
0.730392
0.734256
0.735551
0.733584
0.727482
0.725396
0.724527
0.724978
0.729123
0.737479
0.739938
0.735898
0.729737
0.72567
0.725804
0.735085
0.784501
0.886257
0.94708
0.966907
0.968141
0.953315
0.907444
0.87654
0.864977
0.864051
0.870436
0.898064
0.927704
0.947079
0.960147
0.969977
0.977736
0.983653
0.987407
0.98871
0.988679
0.987539
0.982289
0.968797
0.956916
0.951814
0.948083
0.945918
0.946601
0.952909
0.959344
0.961992
0.962342
0.961983
0.960793
0.960528
0.961741
0.965348
0.96486
0.95573
0.916745
0.891181
0.89026
0.897038
0.902064
0.905444
0.907711
0.903218
0.896423
0.797244
0.786656
0.719286
0.701601
0.835406
0.934601
0.94372
0.932981
0.906347
0.891108
0.877023
0.862218
0.850783
0.841909
0.834065
0.823034
0.793425
0.700316
0.59587
0.549334
0.538743
0.542332
0.570342
0.616857
0.654018
0.673419
0.68697
0.717393
0.793841
0.829905
0.868331
0.918588
0.947715
0.961499
0.966942
0.968346
0.96832
0.96526
0.960306
0.956095
0.953889
0.9524
0.951918
0.954395
0.958478
0.960614
0.963381
0.964606
0.965983
0.966734
0.967206
0.967487
0.96762
0.967671
0.967594
0.967494
0.967267
0.967141
0.966832
0.966556
0.966103
0.965544
0.964963
0.96428
0.963758
0.96335
0.963082
0.962529
0.961175
0.958273
0.952995
0.945023
0.936805
0.93029
0.924605
0.913092
0.887863
0.833119
0.794422
0.780651
0.777605
0.777657
0.778342
0.769305
0.76137
0.762164
0.783369
0.845029
0.870535
0.877556
0.88046
0.881849
0.882326
0.882272
0.880967
0.876249
0.864958
0.843879
0.813891
0.7968
0.793363
0.794093
0.802917
0.829157
0.864444
0.881518
0.885791
0.885861
0.879433
0.85462
0.791533
0.748726
0.735952
0.734465
0.740581
0.75729
0.76307
0.76331
0.749493
0.731863
0.725746
0.724089
0.724763
0.7303
0.753655
0.778158
0.776839
0.76615
0.747493
0.73086
0.724544
0.727623
0.757861
0.866233
0.944934
0.971507
0.974217
0.962831
0.920262
0.890466
0.881251
0.881844
0.893981
0.926432
0.951732
0.969183
0.981158
0.988804
0.992813
0.994197
0.99429
0.993627
0.990247
0.978294
0.962602
0.954131
0.947572
0.942943
0.942072
0.943866
0.95205
0.960577
0.964433
0.965091
0.964693
0.9623
0.960385
0.960446
0.963353
0.965556
0.963112
0.942857
0.903139
0.89265
0.892612
0.886596
0.879843
0.88004
0.883332
0.879607
0.797274
0.78427
0.727859
0.707763
0.855529
0.940358
0.94397
0.923324
0.898824
0.884761
0.867188
0.845083
0.829943
0.819932
0.807885
0.792051
0.760698
0.696342
0.607698
0.555469
0.5453
0.553805
0.588464
0.628898
0.660799
0.684325
0.723305
0.793917
0.834928
0.87285
0.921791
0.951193
0.96405
0.96899
0.970271
0.97027
0.96752
0.962683
0.959201
0.957517
0.957143
0.95948
0.963026
0.965324
0.966968
0.967755
0.968388
0.968672
0.968959
0.969093
0.969176
0.969208
0.969212
0.969146
0.969119
0.969012
0.968863
0.96874
0.968575
0.968501
0.968346
0.968178
0.967966
0.967667
0.967363
0.967084
0.966802
0.966639
0.966384
0.965725
0.964091
0.960205
0.951437
0.939412
0.931515
0.926746
0.916296
0.892706
0.839072
0.796163
0.779405
0.772675
0.769679
0.76727
0.765185
0.771853
0.804454
0.859988
0.876123
0.880274
0.881906
0.882605
0.882801
0.882707
0.881662
0.877845
0.868073
0.849811
0.821356
0.801899
0.798325
0.801816
0.817758
0.845559
0.872967
0.882704
0.884834
0.88157
0.862246
0.804471
0.753816
0.738321
0.736456
0.744449
0.771462
0.782093
0.784099
0.777882
0.760431
0.735228
0.724382
0.722132
0.72348
0.730463
0.758497
0.813754
0.824821
0.821148
0.807166
0.776145
0.741867
0.726961
0.728497
0.756905
0.869099
0.949212
0.975184
0.977068
0.963283
0.923956
0.90377
0.900042
0.90341
0.923371
0.951397
0.970666
0.983201
0.990578
0.994125
0.995202
0.995185
0.994089
0.988538
0.972238
0.959501
0.950658
0.943692
0.94094
0.941033
0.943359
0.95301
0.963355
0.968172
0.969192
0.968895
0.965728
0.960394
0.959362
0.960543
0.964981
0.965103
0.957265
0.921978
0.898861
0.886375
0.872406
0.864773
0.864142
0.868993
0.870167
0.79663
0.779343
0.73093
0.713629
0.860835
0.941485
0.943195
0.920365
0.896174
0.881969
0.857396
0.833477
0.820625
0.809172
0.793472
0.772811
0.741946
0.694992
0.633672
0.58539
0.572759
0.581511
0.616248
0.65244
0.687084
0.73556
0.796189
0.839036
0.877035
0.920827
0.952318
0.965568
0.970632
0.972055
0.972146
0.970255
0.96617
0.962839
0.961454
0.96201
0.964456
0.966511
0.968053
0.968747
0.969112
0.969299
0.969564
0.969902
0.97018
0.970409
0.970598
0.970687
0.970717
0.97065
0.970469
0.970193
0.969864
0.969549
0.96928
0.969147
0.969037
0.968986
0.968898
0.968783
0.968596
0.968393
0.967989
0.967689
0.967398
0.96707
0.966536
0.965454
0.962801
0.956309
0.94209
0.933373
0.929461
0.9208
0.900341
0.84992
0.80866
0.792602
0.785896
0.783962
0.786746
0.812273
0.850486
0.872198
0.878621
0.880934
0.882136
0.882695
0.882866
0.88282
0.881992
0.878761
0.870908
0.855876
0.832931
0.813803
0.80989
0.812189
0.825802
0.848786
0.872234
0.881368
0.882127
0.871764
0.831121
0.767182
0.741527
0.736262
0.740596
0.766831
0.788563
0.793135
0.793291
0.784885
0.766868
0.737218
0.723841
0.721934
0.72334
0.73261
0.771929
0.850468
0.877721
0.875652
0.866178
0.849431
0.803467
0.749723
0.730894
0.733749
0.77503
0.894128
0.960214
0.979442
0.979082
0.959791
0.931042
0.921708
0.921666
0.928748
0.951812
0.971511
0.984035
0.991099
0.994251
0.995033
0.994866
0.993091
0.98451
0.968731
0.956977
0.94763
0.94191
0.940523
0.940998
0.944987
0.958042
0.96801
0.972108
0.972632
0.971756
0.968361
0.960025
0.957032
0.957418
0.962265
0.965314
0.96273
0.940652
0.908974
0.886719
0.866554
0.859555
0.860165
0.864389
0.866305
0.794492
0.772951
0.73399
0.714383
0.824294
0.939484
0.945092
0.92251
0.898377
0.88332
0.853867
0.82993
0.817644
0.80491
0.787392
0.766838
0.742546
0.710872
0.677823
0.656573
0.648403
0.65343
0.684967
0.716185
0.760127
0.803588
0.843415
0.881234
0.919863
0.951775
0.96603
0.971649
0.973431
0.973721
0.972917
0.970061
0.966442
0.965042
0.965599
0.966707
0.96854
0.969458
0.970133
0.970462
0.970889
0.971384
0.971934
0.972445
0.972886
0.973197
0.973409
0.973511
0.973551
0.973542
0.973345
0.973112
0.972767
0.972141
0.971287
0.970504
0.970008
0.969845
0.969829
0.96986
0.969778
0.969536
0.969025
0.968407
0.967854
0.967391
0.966941
0.966333
0.965313
0.962969
0.957543
0.945321
0.936432
0.933227
0.927538
0.911617
0.868802
0.836378
0.826326
0.824669
0.835156
0.84983
0.867434
0.874136
0.877278
0.88041
0.881806
0.882459
0.882737
0.882782
0.882275
0.87976
0.873627
0.862341
0.844725
0.824851
0.819374
0.821311
0.829662
0.846458
0.868848
0.877077
0.876006
0.856034
0.799452
0.751077
0.737291
0.736138
0.749042
0.782704
0.795527
0.798316
0.796054
0.787562
0.76804
0.737011
0.724101
0.722211
0.723725
0.736347
0.796721
0.893789
0.928546
0.927973
0.906912
0.876068
0.855845
0.801004
0.749336
0.736005
0.745272
0.819553
0.926288
0.972897
0.9841
0.981552
0.963584
0.950194
0.947461
0.948631
0.958269
0.975222
0.98622
0.992088
0.994439
0.994871
0.994514
0.991955
0.981544
0.966733
0.954972
0.945907
0.941453
0.941036
0.942441
0.950336
0.966071
0.973789
0.975071
0.974238
0.972347
0.968783
0.960186
0.954449
0.953897
0.95702
0.964272
0.964309
0.955146
0.921978
0.889122
0.866452
0.858709
0.859862
0.86425
0.865768
0.78916
0.75673
0.733176
0.709367
0.773093
0.930026
0.948038
0.933047
0.908483
0.892984
0.862706
0.836944
0.824911
0.813405
0.797858
0.781473
0.764993
0.749259
0.735312
0.728488
0.726685
0.739705
0.761217
0.788056
0.819182
0.851992
0.885019
0.919364
0.950539
0.965542
0.971951
0.974222
0.974748
0.97463
0.97323
0.970178
0.968165
0.968106
0.96841
0.969164
0.970121
0.970547
0.970811
0.971056
0.97149
0.972061
0.972627
0.973037
0.973313
0.97354
0.973723
0.973798
0.973816
0.973811
0.973797
0.973803
0.973826
0.97375
0.973481
0.973093
0.972172
0.971235
0.97082
0.970715
0.971193
0.972025
0.972159
0.970817
0.969444
0.968146
0.96721
0.966463
0.965644
0.964374
0.96231
0.958257
0.949217
0.941282
0.938304
0.93583
0.923905
0.88503
0.846125
0.835166
0.838743
0.854035
0.862734
0.865663
0.867729
0.877149
0.880167
0.881161
0.881897
0.88228
0.882163
0.880902
0.877232
0.869397
0.856618
0.838505
0.827548
0.827402
0.830852
0.840864
0.86148
0.873257
0.872375
0.845131
0.782618
0.744613
0.735257
0.735057
0.75208
0.786475
0.798417
0.79964
0.796315
0.785444
0.757132
0.732296
0.724277
0.722742
0.724811
0.74021
0.814701
0.91598
0.948541
0.948517
0.92258
0.875755
0.861926
0.838402
0.780475
0.746324
0.744017
0.772681
0.880808
0.955409
0.983444
0.989358
0.988063
0.981862
0.976923
0.975043
0.975746
0.982055
0.990115
0.994014
0.995336
0.995463
0.994926
0.991894
0.980824
0.966194
0.954132
0.94544
0.942428
0.942772
0.946156
0.959825
0.973384
0.9767
0.976199
0.973612
0.969608
0.967393
0.961955
0.953948
0.951371
0.952371
0.960484
0.964195
0.96095
0.939843
0.89517
0.867742
0.858951
0.859858
0.865457
0.867738
0.775658
0.72457
0.722239
0.704846
0.726099
0.905095
0.949502
0.942671
0.917856
0.904611
0.878161
0.851034
0.838792
0.830571
0.818361
0.805608
0.796914
0.789025
0.784642
0.783149
0.787747
0.800168
0.817217
0.838256
0.862846
0.889556
0.919382
0.946533
0.964038
0.971341
0.974281
0.975198
0.975349
0.975061
0.973624
0.970968
0.970095
0.96999
0.970066
0.970425
0.970701
0.970804
0.970904
0.971077
0.971448
0.971935
0.972219
0.972286
0.971972
0.971421
0.970727
0.970069
0.969806
0.969851
0.970516
0.971243
0.972439
0.973192
0.973558
0.973685
0.973362
0.972641
0.971111
0.970561
0.970875
0.972815
0.975127
0.976721
0.975471
0.972224
0.969353
0.967202
0.965739
0.964591
0.963204
0.96153
0.959059
0.95447
0.948102
0.945563
0.945475
0.940779
0.922379
0.871632
0.846408
0.836629
0.840306
0.837844
0.834285
0.855022
0.871197
0.875573
0.878369
0.879949
0.880967
0.880661
0.879246
0.875636
0.867815
0.854133
0.83959
0.832263
0.832661
0.836287
0.851359
0.865051
0.862977
0.834309
0.774203
0.74166
0.732702
0.73311
0.746764
0.779524
0.795018
0.794752
0.788956
0.770522
0.740622
0.729499
0.724248
0.723499
0.72613
0.744841
0.830756
0.925812
0.958164
0.958972
0.934934
0.871189
0.849994
0.840725
0.807314
0.761362
0.749233
0.759996
0.836355
0.932234
0.975975
0.991043
0.994826
0.995116
0.993893
0.991291
0.990542
0.991095
0.9939
0.996068
0.996731
0.996738
0.996126
0.993061
0.982025
0.96717
0.954439
0.946203
0.94495
0.946331
0.953989
0.972492
0.978274
0.977934
0.975829
0.970161
0.966356
0.964859
0.963095
0.956956
0.950682
0.950037
0.954681
0.963143
0.962863
0.952328
0.909287
0.871669
0.859943
0.860099
0.865693
0.870821
0.750404
0.681654
0.681447
0.693427
0.688716
0.842704
0.949926
0.951001
0.931669
0.919814
0.899114
0.870208
0.856731
0.849797
0.841901
0.832547
0.826115
0.823037
0.821913
0.823569
0.830746
0.841259
0.857534
0.874437
0.895958
0.919212
0.941527
0.960508
0.969356
0.973274
0.974841
0.97537
0.975456
0.975229
0.974212
0.972329
0.971458
0.971274
0.971252
0.971087
0.970913
0.970846
0.970866
0.97095
0.971051
0.971018
0.970246
0.968288
0.964302
0.960239
0.957005
0.95511
0.954413
0.955064
0.956143
0.959701
0.96327
0.967823
0.970458
0.972617
0.973401
0.973508
0.972719
0.969895
0.968595
0.968666
0.97381
0.978465
0.98076
0.981529
0.978356
0.972929
0.968486
0.9655
0.963568
0.962177
0.960642
0.95903
0.957002
0.9544
0.953126
0.953634
0.95364
0.950982
0.935478
0.881879
0.843542
0.825728
0.820202
0.819659
0.83183
0.850121
0.862671
0.870051
0.874925
0.877892
0.878229
0.877146
0.874266
0.867687
0.856244
0.842456
0.836158
0.83621
0.840834
0.856138
0.856409
0.835996
0.777983
0.743549
0.732141
0.731144
0.736405
0.759975
0.779567
0.778078
0.768029
0.742858
0.732375
0.727544
0.724375
0.724475
0.728407
0.751797
0.842854
0.931914
0.967095
0.972155
0.959098
0.8846
0.830138
0.825225
0.813285
0.773834
0.755629
0.759346
0.807385
0.910667
0.966121
0.988441
0.995875
0.997907
0.998105
0.997563
0.996894
0.9969
0.997404
0.99808
0.998281
0.998217
0.997578
0.994916
0.985527
0.969705
0.955503
0.949238
0.949418
0.953356
0.969906
0.979797
0.979879
0.977559
0.970418
0.967122
0.965537
0.964396
0.963444
0.961158
0.953317
0.949475
0.950598
0.959736
0.962962
0.958653
0.927901
0.880206
0.862627
0.861079
0.865161
0.874455
0.708377
0.639532
0.605869
0.671432
0.671704
0.758362
0.940917
0.956012
0.943784
0.93339
0.921274
0.895051
0.876584
0.869323
0.864442
0.858939
0.853676
0.850569
0.849836
0.85223
0.861096
0.870072
0.883251
0.899969
0.916862
0.936404
0.95324
0.965447
0.970724
0.973319
0.974738
0.975222
0.975303
0.975133
0.974423
0.973458
0.972787
0.972327
0.971973
0.971725
0.971173
0.970845
0.970563
0.97021
0.969476
0.967599
0.963305
0.956928
0.951678
0.947746
0.94464
0.942793
0.941827
0.941449
0.94211
0.943837
0.946852
0.951545
0.958897
0.96646
0.971209
0.973331
0.973859
0.973023
0.968338
0.965377
0.963865
0.972085
0.980212
0.98385
0.985378
0.984949
0.980184
0.972868
0.967257
0.963512
0.961211
0.959656
0.95824
0.957269
0.95695
0.957496
0.959436
0.961854
0.962193
0.96014
0.951045
0.92902
0.891893
0.84457
0.811128
0.80257
0.806338
0.825675
0.848132
0.862163
0.870394
0.874223
0.873776
0.871903
0.867637
0.860066
0.845561
0.838437
0.837341
0.840213
0.843089
0.834169
0.791878
0.750245
0.733996
0.730288
0.730969
0.736282
0.746918
0.74468
0.737057
0.730631
0.728761
0.72697
0.725528
0.726113
0.732298
0.763622
0.859047
0.94002
0.978272
0.987539
0.980891
0.918706
0.825967
0.805412
0.800814
0.77849
0.760781
0.762032
0.79406
0.893028
0.95724
0.984883
0.99503
0.998307
0.999162
0.999237
0.999143
0.999128
0.999232
0.999419
0.999469
0.999411
0.998982
0.997224
0.991186
0.973899
0.958969
0.956018
0.957913
0.969521
0.981997
0.982365
0.979833
0.97089
0.967088
0.96614
0.965911
0.965665
0.965022
0.963621
0.958381
0.950728
0.949814
0.954948
0.962277
0.961252
0.94554
0.89384
0.86747
0.863307
0.866248
0.879263
0.673517
0.601395
0.566391
0.607265
0.658823
0.687049
0.90475
0.958643
0.952746
0.943592
0.938642
0.92385
0.900049
0.889431
0.885173
0.882007
0.879199
0.876716
0.875173
0.87519
0.880587
0.890023
0.899516
0.913786
0.930099
0.944552
0.958425
0.966472
0.970463
0.972865
0.97399
0.974293
0.974324
0.974292
0.974179
0.97379
0.973627
0.973467
0.973056
0.972475
0.971687
0.971013
0.970532
0.969635
0.967935
0.964545
0.958762
0.952005
0.94665
0.943066
0.940477
0.93876
0.938055
0.938533
0.938856
0.939708
0.941515
0.944346
0.94866
0.955791
0.96362
0.969934
0.97342
0.974495
0.973766
0.967163
0.960955
0.958069
0.96692
0.979039
0.98491
0.98755
0.988567
0.987388
0.981376
0.973046
0.966093
0.961605
0.958663
0.957025
0.956304
0.957108
0.959881
0.963255
0.966384
0.969912
0.971269
0.969573
0.964551
0.954731
0.926918
0.866673
0.821586
0.80639
0.805305
0.809296
0.823183
0.85017
0.863371
0.868235
0.867505
0.865263
0.859795
0.849297
0.840704
0.836249
0.830659
0.825309
0.803206
0.764623
0.740308
0.732048
0.729738
0.73
0.729812
0.72902
0.72779
0.727798
0.727976
0.727401
0.726999
0.728484
0.739038
0.785512
0.887799
0.955492
0.987083
0.993365
0.987824
0.937745
0.829289
0.788138
0.783506
0.772577
0.76311
0.764725
0.791135
0.8832
0.95131
0.982024
0.993957
0.998092
0.999364
0.999676
0.999724
0.999736
0.999771
0.999816
0.999824
0.999789
0.999582
0.998734
0.995326
0.981003
0.969156
0.969113
0.975191
0.985887
0.985886
0.982855
0.971733
0.966689
0.966111
0.966523
0.967916
0.96867
0.968466
0.967581
0.964928
0.955035
0.950389
0.951742
0.960207
0.961868
0.954943
0.915535
0.876638
0.867847
0.870236
0.885956
0.659434
0.567865
0.549031
0.563675
0.629165
0.65293
0.83214
0.958093
0.960314
0.95113
0.948507
0.944464
0.932216
0.913104
0.904926
0.902514
0.901152
0.900007
0.899428
0.899331
0.899991
0.904787
0.91193
0.920378
0.934003
0.946945
0.958029
0.965864
0.969433
0.971338
0.972164
0.972469
0.97257
0.972628
0.972869
0.97345
0.973676
0.973854
0.97394
0.973647
0.973019
0.971762
0.970855
0.969868
0.968244
0.965092
0.959637
0.95318
0.947622
0.943792
0.941162
0.939372
0.938353
0.938152
0.938331
0.938938
0.940421
0.942837
0.946241
0.952391
0.960405
0.96699
0.971197
0.973967
0.975044
0.974489
0.967182
0.95643
0.9527
0.958576
0.972674
0.982461
0.988004
0.990541
0.991267
0.989775
0.984122
0.975241
0.966046
0.959752
0.955574
0.95343
0.952963
0.956052
0.963008
0.970307
0.975358
0.977662
0.977284
0.974207
0.969155
0.962106
0.945796
0.889748
0.837918
0.813879
0.805052
0.80568
0.812711
0.831879
0.852053
0.859688
0.858974
0.855945
0.85121
0.841216
0.830845
0.823051
0.805072
0.777463
0.753962
0.738757
0.732325
0.730226
0.728222
0.727371
0.727498
0.728554
0.729884
0.729038
0.729134
0.73261
0.752195
0.827515
0.923501
0.974362
0.992771
0.996187
0.990894
0.944322
0.832607
0.780467
0.76849
0.764715
0.763661
0.766955
0.794716
0.884375
0.950247
0.981077
0.993483
0.997928
0.99937
0.999786
0.999886
0.999913
0.99993
0.999939
0.999939
0.999919
0.99983
0.999477
0.997697
0.989423
0.986144
0.987422
0.991063
0.990372
0.986359
0.972752
0.965873
0.965524
0.966436
0.969272
0.97138
0.971196
0.970272
0.969549
0.968113
0.961965
0.952273
0.95152
0.956894
0.961737
0.959387
0.939282
0.891304
0.877086
0.88
0.897513
0.645668
0.557378
0.541299
0.545209
0.577488
0.645019
0.781494
0.950054
0.965345
0.958337
0.954553
0.953889
0.951386
0.942993
0.929789
0.920809
0.918428
0.918052
0.917984
0.918789
0.919513
0.92055
0.923982
0.928451
0.935438
0.94604
0.956026
0.964259
0.967918
0.969796
0.970785
0.971228
0.971419
0.971498
0.971635
0.972059
0.973011
0.973697
0.974039
0.974211
0.97407
0.973562
0.972329
0.970843
0.969315
0.966888
0.962419
0.956914
0.951436
0.947161
0.944169
0.942283
0.940892
0.940532
0.940762
0.941442
0.943041
0.945255
0.947625
0.952334
0.959999
0.966673
0.970888
0.973245
0.974624
0.975305
0.975001
0.968465
0.953421
0.947924
0.949133
0.96124
0.975625
0.985176
0.990634
0.992986
0.993594
0.992769
0.988323
0.977954
0.965169
0.95618
0.951367
0.949227
0.949231
0.952991
0.964296
0.976152
0.983127
0.98564
0.984617
0.976541
0.969043
0.961453
0.944643
0.8948
0.839648
0.816161
0.803429
0.801781
0.806079
0.819477
0.840948
0.849292
0.849103
0.846484
0.839456
0.826813
0.809613
0.786779
0.765131
0.748903
0.739668
0.734193
0.731216
0.731194
0.732227
0.735239
0.733794
0.731399
0.732262
0.741051
0.780135
0.886058
0.959779
0.987983
0.996861
0.997942
0.993082
0.951233
0.838643
0.779481
0.763352
0.761973
0.762953
0.769474
0.80474
0.894185
0.953327
0.981865
0.993647
0.997959
0.999387
0.999818
0.999936
0.999967
0.999976
0.999978
0.999977
0.999965
0.999917
0.999743
0.998887
0.996553
0.996018
0.995532
0.994147
0.989296
0.973426
0.964371
0.963813
0.965371
0.970265
0.973099
0.973003
0.971852
0.970117
0.969606
0.968951
0.966584
0.956529
0.952138
0.954139
0.961122
0.961116
0.952342
0.914627
0.895797
0.89821
0.912518
0.638359
0.555097
0.538922
0.539481
0.558835
0.615486
0.753597
0.937414
0.968415
0.966096
0.959074
0.958425
0.958955
0.957904
0.952771
0.944693
0.937133
0.932771
0.93165
0.931792
0.932632
0.933575
0.934907
0.937441
0.940065
0.945808
0.95272
0.960767
0.966161
0.968628
0.969887
0.970518
0.97082
0.970951
0.97102
0.971183
0.971592
0.97263
0.973719
0.974176
0.974377
0.974349
0.974035
0.973258
0.971769
0.970445
0.968037
0.964167
0.959681
0.955642
0.95155
0.948913
0.947271
0.94661
0.946937
0.947903
0.94997
0.952904
0.957094
0.962886
0.968293
0.972002
0.973677
0.974162
0.974528
0.975096
0.97549
0.975189
0.969038
0.95149
0.944264
0.943381
0.949784
0.964744
0.978198
0.98699
0.992089
0.994441
0.995166
0.994585
0.989574
0.973986
0.958124
0.949742
0.946556
0.946108
0.947136
0.95261
0.967616
0.981422
0.988621
0.9905
0.988713
0.977856
0.968005
0.957866
0.936785
0.884815
0.834181
0.812042
0.799839
0.796637
0.799699
0.809414
0.829936
0.838064
0.836894
0.832099
0.820971
0.804381
0.785619
0.768693
0.756525
0.747118
0.743002
0.743202
0.743106
0.740701
0.734786
0.734073
0.737927
0.759432
0.840389
0.939047
0.981216
0.994822
0.998709
0.999188
0.99665
0.970289
0.863649
0.784957
0.762968
0.760315
0.762086
0.773475
0.825163
0.908817
0.959225
0.983804
0.994204
0.99811
0.999429
0.999835
0.999951
0.999982
0.999989
0.999991
0.99999
0.99998
0.999938
0.9998
0.999327
0.998541
0.997799
0.996154
0.990877
0.974454
0.963092
0.961374
0.963098
0.969625
0.974364
0.974562
0.973488
0.969809
0.967481
0.967546
0.967936
0.9674
0.961918
0.95369
0.953655
0.959234
0.961756
0.958413
0.935322
0.917106
0.918367
0.927717
0.636616
0.554857
0.538598
0.538021
0.551141
0.59822
0.726023
0.924313
0.970643
0.972179
0.96527
0.961691
0.962002
0.963496
0.963342
0.961006
0.956821
0.951997
0.947795
0.944484
0.942949
0.942569
0.942845
0.944377
0.945811
0.947911
0.952077
0.956979
0.962774
0.966953
0.968951
0.969963
0.970457
0.970691
0.970784
0.970848
0.971
0.971385
0.972347
0.973673
0.974249
0.974467
0.974569
0.974431
0.973953
0.97336
0.972142
0.970777
0.968353
0.965752
0.963776
0.961739
0.960534
0.96011
0.960497
0.961565
0.963461
0.966179
0.969176
0.971556
0.973203
0.974201
0.974671
0.974825
0.974847
0.974882
0.975244
0.975699
0.975267
0.968627
0.949973
0.941774
0.94038
0.942957
0.95292
0.967066
0.979157
0.987609
0.992969
0.99551
0.996008
0.994254
0.980914
0.957943
0.946759
0.943639
0.943514
0.943878
0.946365
0.956793
0.975096
0.987474
0.992561
0.992974
0.988731
0.975622
0.966495
0.954301
0.928271
0.872282
0.827081
0.805996
0.795802
0.790948
0.792518
0.799286
0.815644
0.820636
0.817826
0.809796
0.797912
0.785252
0.773386
0.766158
0.759082
0.753861
0.748229
0.739936
0.736567
0.738527
0.751813
0.801022
0.917169
0.973438
0.992237
0.997938
0.999499
0.999718
0.999062
0.989782
0.911171
0.803909
0.766925
0.761047
0.763717
0.782453
0.851618
0.924474
0.966001
0.986235
0.994954
0.998318
0.999483
0.99985
0.999957
0.999986
0.999994
0.999995
0.999994
0.999984
0.999939
0.999792
0.999367
0.998581
0.996726
0.991321
0.975235
0.962301
0.959253
0.960331
0.966452
0.974566
0.976026
0.975133
0.971119
0.963737
0.96199
0.962499
0.965113
0.966355
0.96463
0.956338
0.953992
0.957104
0.961947
0.961315
0.950204
0.935708
0.936041
0.941016
0.636489
0.5575
0.540722
0.538807
0.550171
0.598011
0.72382
0.917845
0.97111
0.975645
0.972947
0.966513
0.964644
0.965366
0.966959
0.967379
0.966972
0.965674
0.96348
0.960588
0.957229
0.9541
0.951435
0.950123
0.950316
0.951362
0.952772
0.955845
0.959721
0.963761
0.967223
0.969052
0.969968
0.970425
0.970633
0.970725
0.970793
0.97094
0.971287
0.972111
0.973575
0.974257
0.974563
0.97473
0.974693
0.974571
0.974255
0.973779
0.973199
0.971909
0.971116
0.970365
0.969993
0.970121
0.970491
0.971174
0.972085
0.973024
0.973784
0.974347
0.97469
0.97487
0.974911
0.974897
0.974859
0.974839
0.974871
0.975494
0.976073
0.975423
0.967956
0.949141
0.94062
0.939152
0.94023
0.944769
0.955006
0.968759
0.981204
0.989992
0.994937
0.996274
0.995239
0.983072
0.954515
0.941267
0.93839
0.939466
0.940756
0.942555
0.949142
0.968239
0.984597
0.992859
0.99484
0.993657
0.98491
0.973428
0.964527
0.950294
0.918377
0.861025
0.821095
0.79964
0.791737
0.784623
0.784547
0.78672
0.793572
0.794935
0.792409
0.785419
0.776402
0.767757
0.761246
0.753016
0.74416
0.739144
0.740458
0.750468
0.787901
0.892637
0.96416
0.989229
0.997034
0.999255
0.999826
0.999901
0.999661
0.996179
0.956576
0.838835
0.780723
0.768095
0.771574
0.801571
0.87965
0.938938
0.972421
0.988685
0.995761
0.998553
0.999547
0.999866
0.999962
0.999989
0.999996
0.999997
0.999995
0.999983
0.999914
0.999633
0.998696
0.996501
0.991104
0.976467
0.962306
0.957594
0.957831
0.961364
0.972295
0.976888
0.976817
0.973918
0.964141
0.957035
0.955998
0.956659
0.959696
0.964315
0.964276
0.95928
0.954736
0.955727
0.961336
0.962305
0.958454
0.94927
0.949274
0.951425
0.64316
0.568881
0.549513
0.545757
0.556591
0.605364
0.728162
0.915138
0.971575
0.978556
0.977789
0.973274
0.968526
0.967787
0.968673
0.969617
0.970064
0.970459
0.970565
0.97014
0.968876
0.966899
0.964034
0.960479
0.957407
0.955472
0.955205
0.956286
0.958487
0.961242
0.964241
0.967152
0.969019
0.969932
0.970376
0.970586
0.970696
0.970782
0.970928
0.971243
0.971946
0.973408
0.974259
0.974652
0.974787
0.974892
0.974893
0.974849
0.974753
0.974471
0.974286
0.974079
0.974067
0.974146
0.974345
0.974579
0.974766
0.974917
0.974989
0.974993
0.974985
0.974951
0.974887
0.974739
0.974627
0.974619
0.974647
0.975014
0.976265
0.976598
0.975722
0.967762
0.949679
0.941092
0.939402
0.940306
0.94329
0.949406
0.961067
0.976477
0.988076
0.994551
0.99614
0.994773
0.978943
0.947892
0.934592
0.931736
0.933419
0.936744
0.938914
0.944728
0.963594
0.982271
0.992596
0.995873
0.995688
0.992554
0.981735
0.973609
0.963608
0.947314
0.910625
0.85234
0.816627
0.794923
0.786076
0.77838
0.77595
0.772162
0.7704
0.768248
0.764602
0.757404
0.751682
0.745064
0.742033
0.743955
0.75398
0.787491
0.88194
0.958209
0.986733
0.996179
0.998994
0.999759
0.999945
0.999966
0.999871
0.998557
0.983421
0.89108
0.810276
0.78791
0.792027
0.834126
0.904749
0.951978
0.978322
0.991041
0.996587
0.99881
0.99962
0.999886
0.999967
0.999991
0.999997
0.999998
0.999995
0.999968
0.999787
0.998912
0.995707
0.990503
0.978515
0.963883
0.957049
0.955856
0.957391
0.966306
0.975941
0.978128
0.977171
0.969924
0.957038
0.952279
0.951936
0.952583
0.954772
0.961094
0.963301
0.961103
0.955623
0.955568
0.959986
0.963402
0.962427
0.958327
0.958171
0.958756
0.6563
0.587068
0.566437
0.560994
0.570784
0.624191
0.743285
0.916271
0.971406
0.980969
0.981844
0.980527
0.977807
0.975579
0.975294
0.975593
0.97565
0.974946
0.974306
0.97409
0.973593
0.972771
0.971714
0.970081
0.967528
0.96364
0.960777
0.958684
0.959128
0.960378
0.962336
0.964607
0.966937
0.968868
0.969836
0.970309
0.970533
0.970662
0.970764
0.970919
0.971235
0.9719
0.973384
0.974218
0.974616
0.974836
0.974948
0.975013
0.975076
0.975075
0.975075
0.975081
0.975103
0.975146
0.975189
0.975192
0.975174
0.97513
0.975042
0.97489
0.974748
0.97445
0.974189
0.97389
0.973902
0.97399
0.974241
0.974856
0.976272
0.977132
0.977192
0.976175
0.968657
0.952071
0.943552
0.94148
0.942311
0.945712
0.950522
0.95972
0.976121
0.988735
0.994885
0.99581
0.992946
0.970259
0.941852
0.930202
0.927594
0.928548
0.932151
0.9352
0.942168
0.962547
0.981665
0.992522
0.996528
0.996839
0.995659
0.99061
0.982467
0.976632
0.965643
0.947752
0.908057
0.851674
0.81521
0.792842
0.781117
0.773201
0.768432
0.762058
0.757525
0.752927
0.748305
0.748629
0.752453
0.765297
0.799569
0.889882
0.95875
0.986063
0.995725
0.998809
0.999698
0.99993
0.999984
0.999988
0.99995
0.999475
0.994367
0.947585
0.857898
0.825675
0.82898
0.871749
0.927937
0.963795
0.983692
0.993256
0.997408
0.999081
0.999702
0.99991
0.999974
0.999993
0.999997
0.999998
0.999991
0.999924
0.999449
0.997008
0.989903
0.982227
0.968612
0.958264
0.954784
0.955093
0.959137
0.972082
0.978421
0.978967
0.976636
0.964628
0.95259
0.949063
0.949057
0.949915
0.951984
0.957801
0.961818
0.96128
0.956814
0.955711
0.958349
0.963321
0.964204
0.963308
0.963306
0.963325
0.666698
0.611367
0.592916
0.586933
0.596877
0.657672
0.771633
0.91593
0.969406
0.981031
0.983152
0.983044
0.981361
0.978712
0.976457
0.975567
0.975298
0.976193
0.977272
0.977734
0.977717
0.977258
0.975887
0.974058
0.972581
0.97113
0.968815
0.964996
0.961733
0.961294
0.962028
0.963438
0.965038
0.966753
0.968483
0.969643
0.970177
0.970432
0.970562
0.970695
0.970935
0.971251
0.971861
0.972963
0.973833
0.974349
0.974658
0.974819
0.974931
0.974981
0.975008
0.975011
0.975023
0.974991
0.97489
0.974737
0.974452
0.974185
0.973807
0.973394
0.973061
0.972536
0.972587
0.972854
0.973258
0.973691
0.974144
0.975055
0.976364
0.97742
0.977843
0.977793
0.976809
0.970693
0.956392
0.948472
0.946222
0.946612
0.949702
0.954389
0.963394
0.979985
0.991281
0.995423
0.995405
0.990141
0.966788
0.944167
0.931599
0.926849
0.926611
0.928101
0.931777
0.942055
0.96491
0.982823
0.992975
0.997099
0.997826
0.997418
0.995633
0.99081
0.986264
0.980884
0.969046
0.952023
0.91575
0.863377
0.825172
0.80027
0.785031
0.77636
0.766673
0.765458
0.767806
0.775401
0.793579
0.832734
0.919109
0.966992
0.987931
0.996007
0.9988
0.999672
0.999918
0.999981
0.999995
0.999996
0.99998
0.99981
0.998155
0.98398
0.918497
0.877362
0.875772
0.90493
0.94678
0.973137
0.987857
0.994971
0.998056
0.999302
0.99977
0.99993
0.99998
0.999994
0.999998
0.999997
0.999982
0.999833
0.998758
0.992448
0.985389
0.976414
0.961511
0.954747
0.953652
0.954829
0.963196
0.975518
0.9795
0.979415
0.975284
0.959998
0.948959
0.945918
0.946166
0.948108
0.950302
0.955673
0.960523
0.960871
0.957834
0.955952
0.957416
0.962789
0.965125
0.965577
0.965829
0.965727
0.68445
0.6513
0.62965
0.621903
0.629604
0.680448
0.768492
0.903084
0.963023
0.979774
0.983048
0.983108
0.981204
0.977534
0.973926
0.97303
0.974582
0.975762
0.977322
0.97925
0.978322
0.976672
0.977672
0.978498
0.977888
0.975389
0.972962
0.971069
0.968202
0.964145
0.96304
0.963489
0.964429
0.965468
0.966768
0.968115
0.969219
0.969863
0.97015
0.970318
0.970416
0.970474
0.970607
0.970915
0.971617
0.972503
0.973228
0.973619
0.973804
0.973826
0.973759
0.973604
0.97329
0.972875
0.972358
0.97188
0.971383
0.97095
0.970813
0.97089
0.971049
0.97136
0.972021
0.972704
0.97319
0.9737
0.974695
0.975809
0.976848
0.977723
0.978263
0.978452
0.978391
0.977614
0.973336
0.962259
0.955666
0.953571
0.95343
0.954922
0.959457
0.970377
0.985902
0.993971
0.995909
0.995248
0.991202
0.980658
0.961827
0.940584
0.929107
0.92602
0.926129
0.929315
0.944876
0.969006
0.98515
0.993864
0.997572
0.998569
0.998522
0.997927
0.99609
0.993501
0.989572
0.984947
0.975312
0.96014
0.934505
0.897107
0.870627
0.845284
0.832349
0.833943
0.842432
0.862384
0.90652
0.952225
0.978637
0.991484
0.996935
0.998996
0.9997
0.999919
0.99998
0.999995
0.999999
0.999998
0.999992
0.999928
0.999386
0.995252
0.970757
0.930342
0.921327
0.932708
0.961214
0.980184
0.990953
0.996235
0.998537
0.99947
0.999824
0.999946
0.999985
0.999996
0.999998
0.999996
0.999965
0.999679
0.997571
0.988918
0.981717
0.967188
0.956796
0.953119
0.953035
0.955531
0.96759
0.977882
0.980352
0.979714
0.973527
0.956291
0.946652
0.944448
0.944976
0.947885
0.949963
0.95445
0.959469
0.960423
0.958431
0.956199
0.956917
0.961765
0.965084
0.966387
0.966812
0.966724
0.713257
0.726677
0.689932
0.668198
0.661378
0.688768
0.751054
0.858609
0.946444
0.974855
0.981834
0.982105
0.97919
0.972878
0.971837
0.972367
0.972269
0.968077
0.970643
0.981099
0.987288
0.986578
0.977199
0.974326
0.976476
0.977514
0.977216
0.975623
0.972961
0.970368
0.965965
0.964513
0.96469
0.965182
0.965898
0.966891
0.967877
0.96863
0.969144
0.969383
0.969416
0.96941
0.969415
0.969455
0.969581
0.969858
0.970173
0.97042
0.970452
0.97035
0.970073
0.969741
0.969382
0.969112
0.969073
0.969128
0.969254
0.969445
0.969882
0.970403
0.970797
0.971365
0.972323
0.973083
0.973607
0.974612
0.975936
0.977016
0.977713
0.978205
0.978595
0.978879
0.979083
0.97915
0.978792
0.976554
0.968887
0.963429
0.961566
0.960785
0.96104
0.965145
0.979406
0.991391
0.995878
0.996647
0.996351
0.995498
0.993331
0.982523
0.951199
0.931909
0.925774
0.925403
0.929463
0.950271
0.973994
0.987927
0.995008
0.998024
0.999058
0.999189
0.999041
0.998536
0.997084
0.995643
0.992611
0.989042
0.982888
0.969547
0.962013
0.94749
0.944407
0.946605
0.953014
0.966211
0.97954
0.989366
0.995168
0.99805
0.99929
0.999765
0.999929
0.999981
0.999995
0.999999
1
0.999999
0.999996
0.999971
0.999779
0.998486
0.991507
0.971549
0.959027
0.959868
0.973174
0.98639
0.993752
0.997394
0.998986
0.999631
0.999877
0.999963
0.999989
0.999997
0.999998
0.999994
0.999938
0.999458
0.996181
0.986292
0.974984
0.962101
0.95465
0.952271
0.952457
0.956713
0.971028
0.979306
0.980898
0.979818
0.971733
0.953972
0.945524
0.944012
0.944775
0.948721
0.950664
0.954357
0.958792
0.960037
0.958816
0.956418
0.956637
0.960311
0.964743
0.966444
0.967023
0.966962
0.752337
0.794893
0.809981
0.776093
0.727098
0.703713
0.749162
0.826445
0.908768
0.959269
0.977455
0.978277
0.972568
0.969501
0.970934
0.971245
0.955919
0.941371
0.942694
0.960614
0.981704
0.992088
0.993568
0.984771
0.974216
0.974021
0.976326
0.97677
0.97628
0.974626
0.97185
0.967566
0.96588
0.965572
0.965837
0.966409
0.967099
0.967712
0.968175
0.96843
0.968503
0.968501
0.968471
0.968409
0.968373
0.968378
0.968384
0.968368
0.968343
0.968285
0.968222
0.968201
0.968259
0.968432
0.968782
0.969212
0.969573
0.970063
0.970764
0.971477
0.972098
0.972934
0.973899
0.9749
0.975826
0.976716
0.977747
0.978633
0.979054
0.979156
0.979209
0.979354
0.979689
0.980119
0.980382
0.980245
0.979001
0.973756
0.969005
0.966687
0.965742
0.966047
0.972974
0.987875
0.995186
0.997487
0.998085
0.998266
0.998193
0.996985
0.988084
0.954346
0.932285
0.925516
0.925478
0.932484
0.958398
0.979328
0.990678
0.996172
0.998485
0.999352
0.999576
0.999561
0.999408
0.999044
0.998003
0.997023
0.995081
0.992711
0.990447
0.986968
0.986476
0.987045
0.988771
0.992114
0.995293
0.997568
0.998894
0.99955
0.999834
0.999944
0.999983
0.999995
0.999999
1
1
1
0.999998
0.999988
0.999914
0.999465
0.997212
0.990142
0.983342
0.981103
0.983679
0.991248
0.99596
0.998308
0.999339
0.999758
0.999919
0.999976
0.999993
0.999998
0.999998
0.99999
0.999901
0.999204
0.995037
0.982955
0.967337
0.958753
0.953211
0.951345
0.951947
0.958476
0.973734
0.980267
0.981202
0.979738
0.970507
0.952304
0.944939
0.943951
0.945315
0.950746
0.95247
0.954903
0.958608
0.959781
0.958953
0.956643
0.956572
0.958416
0.963687
0.966182
0.966966
0.96693
0.763074
0.789119
0.880913
0.950975
0.890071
0.761754
0.739864
0.768551
0.85081
0.928458
0.966383
0.969172
0.965964
0.965924
0.969759
0.967615
0.948637
0.9349
0.934086
0.948422
0.975533
0.98986
0.99593
0.996451
0.991624
0.979248
0.976548
0.976612
0.97694
0.976623
0.9755
0.972812
0.968907
0.966802
0.966246
0.966436
0.966861
0.967289
0.967634
0.967842
0.967915
0.967918
0.967886
0.967807
0.967748
0.967712
0.967693
0.967717
0.967841
0.968048
0.968199
0.968577
0.96961
0.970812
0.971873
0.972732
0.97351
0.974319
0.974885
0.975547
0.976274
0.976696
0.977293
0.978127
0.97866
0.97896
0.979386
0.979905
0.980254
0.980373
0.980391
0.980392
0.980604
0.981259
0.981324
0.981031
0.980367
0.978875
0.975165
0.970882
0.967945
0.9675
0.970207
0.983725
0.993804
0.997575
0.998781
0.999091
0.999071
0.998666
0.996519
0.982847
0.948097
0.929956
0.925343
0.926611
0.940265
0.967651
0.984502
0.993155
0.997193
0.998898
0.99955
0.999767
0.999793
0.999765
0.999625
0.999372
0.998678
0.998096
0.997478
0.99683
0.996791
0.996931
0.997365
0.998146
0.998881
0.999412
0.999726
0.999886
0.999957
0.999985
0.999995
0.999999
1
1
1
1
0.999999
0.999995
0.999965
0.999796
0.998994
0.996436
0.993765
0.992615
0.992889
0.995319
0.997796
0.999067
0.999632
0.999864
0.999954
0.999987
0.999996
0.999999
0.999998
0.999985
0.999856
0.998951
0.99432
0.977458
0.96262
0.957214
0.952315
0.950653
0.95175
0.960921
0.97601
0.981123
0.981421
0.97964
0.969877
0.951521
0.944714
0.944299
0.946752
0.95315
0.954766
0.956041
0.958771
0.959746
0.959131
0.956908
0.956584
0.957508
0.961146
0.965148
0.966564
0.96663
0.984258
0.986366
0.993935
0.996002
0.990877
0.929901
0.844697
0.833239
0.812965
0.841632
0.935028
0.959042
0.961235
0.963047
0.968265
0.966619
0.953763
0.933629
0.929826
0.943745
0.973726
0.989166
0.996225
0.998165
0.997625
0.990835
0.979759
0.97701
0.97689
0.977094
0.976872
0.975908
0.973441
0.969726
0.967486
0.966859
0.966958
0.967213
0.967457
0.967593
0.96764
0.967641
0.9676
0.967549
0.967528
0.967532
0.967585
0.967754
0.968312
0.969608
0.971909
0.974329
0.975856
0.976608
0.977058
0.977369
0.977611
0.977791
0.977904
0.978041
0.978184
0.978374
0.978702
0.979064
0.979282
0.979412
0.979696
0.980129
0.980459
0.980627
0.980831
0.981177
0.981639
0.981775
0.981643
0.980716
0.979739
0.978881
0.977091
0.972976
0.968833
0.967754
0.969224
0.980063
0.991915
0.997093
0.998842
0.999232
0.999192
0.998773
0.997477
0.992765
0.968992
0.939551
0.927382
0.925699
0.92987
0.952369
0.975947
0.988814
0.995118
0.997984
0.999208
0.999685
0.99986
0.999902
0.9999
0.99987
0.99975
0.999546
0.999263
0.999109
0.999107
0.999152
0.999284
0.999502
0.9997
0.999841
0.999925
0.999968
0.999988
0.999996
0.999999
1
1
1
1
1
1
0.999998
0.999986
0.999926
0.999654
0.998789
0.997851
0.997422
0.997483
0.998255
0.99914
0.999625
0.999848
0.999942
0.99998
0.999994
0.999998
0.999999
0.999997
0.999977
0.999804
0.998693
0.992883
0.972382
0.959522
0.956279
0.951801
0.950151
0.951748
0.963743
0.977699
0.981579
0.981523
0.979402
0.969629
0.951167
0.944667
0.945129
0.950104
0.956122
0.95706
0.957512
0.959162
0.959798
0.959211
0.95702
0.956565
0.957129
0.958926
0.961926
0.964856
0.965379
0.999714
0.999612
0.999672
0.99983
0.999866
0.999835
0.999685
0.999128
0.985192
0.885455
0.876098
0.918874
0.949476
0.957791
0.964952
0.964382
0.956963
0.929359
0.925338
0.942766
0.976544
0.991841
0.997337
0.999074
0.999163
0.997723
0.988309
0.97933
0.977263
0.977178
0.977287
0.977107
0.976282
0.974131
0.97083
0.968338
0.967555
0.967411
0.967487
0.967571
0.967586
0.967568
0.967524
0.967506
0.967513
0.967585
0.967955
0.969653
0.972573
0.975184
0.97673
0.977384
0.977764
0.978015
0.97818
0.978331
0.978408
0.978399
0.978358
0.978254
0.978199
0.978319
0.978601
0.978833
0.978873
0.978908
0.97908
0.979578
0.979873
0.980006
0.980293
0.981118
0.981708
0.981801
0.981393
0.978192
0.97535
0.975112
0.975291
0.973368
0.969039
0.967644
0.968519
0.977166
0.990086
0.996342
0.998661
0.999193
0.999017
0.997834
0.996548
0.993978
0.983292
0.952133
0.93228
0.926268
0.926925
0.937925
0.965073
0.982781
0.992131
0.996592
0.998588
0.99944
0.999782
0.99991
0.99995
0.999955
0.99995
0.999918
0.999809
0.999748
0.999745
0.999757
0.999797
0.999862
0.999918
0.999957
0.99998
0.999991
0.999997
0.999999
1
1
1
1
1
1
1
0.999999
0.999995
0.999976
0.999896
0.999647
0.999361
0.999214
0.999213
0.99941
0.9997
0.999867
0.999945
0.999979
0.999993
0.999998
0.999999
0.999999
0.999996
0.999967
0.999747
0.998398
0.990317
0.967882
0.958121
0.955863
0.951498
0.949648
0.951979
0.966727
0.979551
0.982122
0.981569
0.978997
0.970077
0.951135
0.944989
0.946868
0.954342
0.959607
0.959952
0.95952
0.959769
0.959958
0.95939
0.957197
0.956471
0.956351
0.956618
0.957478
0.960507
0.962208
0.999997
0.999991
0.999991
0.999994
0.999994
0.999993
0.999987
0.999943
0.998797
0.984333
0.912066
0.894189
0.904615
0.933617
0.952265
0.952842
0.93931
0.917902
0.921307
0.953028
0.982795
0.994242
0.998157
0.99945
0.999689
0.999399
0.996962
0.986267
0.979258
0.977652
0.977549
0.977529
0.97735
0.97662
0.974757
0.972298
0.969895
0.968431
0.967905
0.967728
0.967651
0.967593
0.967563
0.967575
0.967703
0.968547
0.971509
0.974305
0.975837
0.976365
0.976383
0.976538
0.97757
0.9788
0.979197
0.97933
0.979331
0.979139
0.978788
0.978149
0.977262
0.97647
0.976249
0.976097
0.975737
0.975483
0.97561
0.976408
0.976784
0.97683
0.977129
0.978848
0.980593
0.980863
0.979951
0.972668
0.965175
0.964666
0.967279
0.969309
0.968133
0.96679
0.967534
0.975157
0.98852
0.995576
0.998373
0.999011
0.998735
0.995315
0.992445
0.99105
0.986341
0.964242
0.938792
0.928027
0.926654
0.930849
0.952729
0.975549
0.988298
0.994734
0.997739
0.999065
0.999627
0.999856
0.999943
0.999972
0.999979
0.999978
0.999963
0.99994
0.999936
0.999938
0.999946
0.999962
0.999977
0.999988
0.999994
0.999998
0.999999
1
1
1
1
1
1
1
1
1
0.999998
0.999993
0.999971
0.999904
0.999824
0.999778
0.999772
0.999816
0.999902
0.999955
0.999981
0.999993
0.999997
0.999999
1
0.999999
0.999995
0.999956
0.999698
0.998099
0.987995
0.965731
0.957683
0.955735
0.95117
0.948944
0.952097
0.969125
0.980812
0.98242
0.981197
0.978307
0.971182
0.952391
0.945402
0.949279
0.958498
0.962481
0.962437
0.961473
0.960595
0.960382
0.959694
0.957615
0.956281
0.95448
0.953343
0.953555
0.956541
0.959024
1
1
1
1
1
1
0.999999
0.999995
0.999872
0.997973
0.984803
0.93415
0.906669
0.906666
0.912196
0.912543
0.907403
0.909007
0.937198
0.977992
0.993054
0.997868
0.999334
0.999793
0.999906
0.999865
0.999296
0.996284
0.985775
0.979828
0.978264
0.977964
0.977857
0.977618
0.976807
0.97536
0.97373
0.971716
0.969749
0.968567
0.968069
0.967901
0.967902
0.968092
0.969591
0.972923
0.975194
0.976153
0.976217
0.97484
0.972625
0.972935
0.976414
0.980502
0.983802
0.985204
0.985239
0.984229
0.982555
0.980331
0.977915
0.975736
0.973921
0.972041
0.970185
0.968876
0.968486
0.968826
0.968956
0.968505
0.968803
0.971933
0.976303
0.977244
0.975922
0.965028
0.951067
0.948247
0.951377
0.959564
0.962401
0.96335
0.965212
0.974376
0.987782
0.995066
0.998141
0.998925
0.998678
0.994822
0.985911
0.983971
0.981617
0.969477
0.943963
0.930117
0.926767
0.928409
0.942741
0.968271
0.984097
0.992557
0.996699
0.998597
0.999425
0.999771
0.999911
0.999966
0.999985
0.999991
0.999991
0.999989
0.999986
0.999987
0.999988
0.999991
0.999994
0.999997
0.999998
0.999999
1
1
1
1
1
1
1
1
1
1
1
0.999998
0.999992
0.999976
0.999956
0.999944
0.999941
0.99995
0.999972
0.999987
0.999994
0.999998
0.999999
1
1
0.999999
0.999993
0.999947
0.999655
0.99782
0.986283
0.964967
0.957627
0.955797
0.950746
0.948009
0.952087
0.971298
0.981787
0.982641
0.980435
0.977633
0.971923
0.954294
0.945791
0.950608
0.961116
0.964435
0.964331
0.963242
0.961724
0.960908
0.959823
0.958123
0.955664
0.952104
0.950105
0.950193
0.953424
0.956151
1
1
1
1
1
1
1
1
0.999988
0.999775
0.998006
0.989867
0.963593
0.931561
0.920801
0.919571
0.922461
0.944585
0.978315
0.992789
0.997783
0.999337
0.9998
0.999941
0.999978
0.999973
0.999863
0.999099
0.995625
0.985956
0.980663
0.979084
0.978784
0.978608
0.97823
0.977255
0.975626
0.974184
0.972507
0.970818
0.969762
0.96951
0.969669
0.97117
0.973785
0.975121
0.975189
0.972015
0.959006
0.950432
0.950167
0.9569
0.968023
0.977302
0.984406
0.989245
0.991997
0.992919
0.992609
0.989738
0.984415
0.979059
0.974818
0.971672
0.969259
0.967472
0.966469
0.965951
0.965188
0.962315
0.959459
0.960436
0.966929
0.968844
0.967124
0.955784
0.945384
0.941324
0.941119
0.945501
0.951619
0.955061
0.960996
0.974925
0.987664
0.994877
0.998055
0.998907
0.998727
0.995687
0.980803
0.973481
0.971244
0.964036
0.943583
0.930184
0.926249
0.927054
0.937029
0.96266
0.980446
0.990491
0.995639
0.998095
0.999201
0.999676
0.999872
0.999951
0.999981
0.999992
0.999996
0.999997
0.999997
0.999997
0.999997
0.999998
0.999999
0.999999
1
1
1
1
1
1
1
1
1
1
1
1
1
0.999999
0.999998
0.999995
0.99999
0.999987
0.999987
0.999988
0.999993
0.999997
0.999998
0.999999
1
1
1
0.999999
0.999991
0.99994
0.999619
0.997625
0.985564
0.964843
0.957967
0.956194
0.950376
0.946936
0.951956
0.972998
0.982595
0.98286
0.979738
0.97703
0.973302
0.957069
0.946373
0.951083
0.963044
0.965762
0.965612
0.96469
0.96278
0.96148
0.960165
0.958453
0.954693
0.949838
0.947648
0.947843
0.951411
0.953888
1
1
1
1
1
1
1
1
0.999999
0.99998
0.9998
0.998828
0.995254
0.986006
0.973987
0.973852
0.978874
0.989954
0.996209
0.998753
0.99962
0.999888
0.999967
0.999991
0.999996
0.999995
0.999972
0.999781
0.998733
0.993487
0.984995
0.980918
0.979478
0.9792
0.979102
0.978795
0.977822
0.975833
0.97442
0.973532
0.973131
0.973125
0.973602
0.974836
0.975462
0.974933
0.967318
0.945239
0.934578
0.933736
0.939155
0.952284
0.964666
0.975493
0.984
0.990208
0.994103
0.996148
0.996878
0.996895
0.996019
0.990744
0.982331
0.976578
0.973389
0.971054
0.968961
0.967548
0.966132
0.962597
0.957602
0.954408
0.954561
0.954629
0.952588
0.948081
0.94386
0.94046
0.939076
0.939246
0.940867
0.945096
0.957827
0.975142
0.987705
0.994837
0.998029
0.998942
0.998834
0.99656
0.98118
0.960859
0.955238
0.947803
0.935435
0.926712
0.924152
0.925039
0.934523
0.960062
0.978515
0.989245
0.994918
0.997714
0.999016
0.999592
0.999837
0.999937
0.999976
0.999991
0.999997
0.999998
0.999999
0.999999
0.999999
1
1
1
1
1
1
1
1
1
1
1
1
1
1
1
1
1
1
0.999999
0.999998
0.999998
0.999997
0.999998
0.999999
0.999999
1
1
1
1
1
0.999999
0.99999
0.999935
0.999606
0.997601
0.985729
0.965384
0.95868
0.956794
0.949966
0.945817
0.951773
0.974487
0.983248
0.982998
0.979162
0.976332
0.973635
0.960065
0.947439
0.950862
0.963729
0.966427
0.966406
0.965683
0.963711
0.96206
0.960662
0.958515
0.953416
0.948009
0.946191
0.946688
0.950494
0.952456
1
1
1
1
1
1
1
1
1
0.999999
0.999986
0.999904
0.999572
0.998355
0.996436
0.996486
0.99755
0.998949
0.999623
0.999879
0.999964
0.999989
0.999997
0.999999
1
0.999999
0.999993
0.999939
0.999586
0.997802
0.989761
0.98229
0.979542
0.978999
0.979037
0.979362
0.979248
0.978619
0.977262
0.976313
0.976056
0.976093
0.976379
0.976499
0.975735
0.967902
0.94266
0.930589
0.928805
0.930403
0.938035
0.95129
0.964131
0.975396
0.984457
0.990987
0.995153
0.99745
0.998508
0.998849
0.998846
0.998481
0.995627
0.990798
0.988442
0.986178
0.982199
0.978627
0.975611
0.970093
0.961976
0.953946
0.948827
0.945943
0.945538
0.945994
0.945949
0.94336
0.939672
0.938478
0.938762
0.941896
0.956519
0.975696
0.988206
0.995026
0.998117
0.999057
0.99901
0.997295
0.985512
0.9561
0.938059
0.929229
0.923285
0.920028
0.919559
0.921392
0.933623
0.959684
0.978003
0.988851
0.994669
0.99757
0.998939
0.999554
0.99982
0.99993
0.999973
0.99999
0.999996
0.999999
0.999999
1
1
1
1
1
1
1
1
1
1
1
1
1
1
1
1
1
1
1
1
1
1
1
1
1
1
1
1
1
1
1
1
0.999999
0.999989
0.999933
0.999607
0.997681
0.986417
0.966538
0.959724
0.957528
0.949405
0.944459
0.951448
0.975376
0.983729
0.983072
0.978336
0.975584
0.973601
0.963462
0.949297
0.949699
0.963833
0.966688
0.966892
0.966339
0.964564
0.962495
0.961111
0.958425
0.951902
0.946805
0.945594
0.946391
0.950357
0.951736
1
1
1
1
1
1
1
1
1
1
0.999999
0.999994
0.999973
0.999875
0.999711
0.999722
0.999834
0.999937
0.999979
0.999993
0.999998
0.999999
1
1
1
1
0.999998
0.999983
0.999868
0.999189
0.995776
0.984813
0.977936
0.97671
0.977082
0.978487
0.979426
0.979778
0.979651
0.97931
0.978842
0.978444
0.977994
0.977085
0.972719
0.949349
0.933275
0.930009
0.930951
0.933951
0.939359
0.952088
0.966226
0.978135
0.98686
0.992679
0.99625
0.998226
0.999179
0.999567
0.999671
0.999655
0.999371
0.998519
0.998068
0.997689
0.996801
0.994945
0.993105
0.989489
0.976649
0.959186
0.948523
0.945012
0.945222
0.950398
0.955043
0.954172
0.945896
0.940237
0.939515
0.94203
0.957363
0.977396
0.989408
0.995621
0.998393
0.999291
0.999312
0.998196
0.990156
0.960046
0.9346
0.921624
0.916269
0.915014
0.915417
0.919424
0.93789
0.962751
0.979419
0.989398
0.994856
0.997626
0.998951
0.999555
0.999819
0.999929
0.999973
0.99999
0.999997
0.999999
1
1
1
1
1
1
1
1
1
1
1
1
1
1
1
1
1
1
1
1
1
1
1
1
1
1
1
1
1
1
1
1
1
0.999998
0.999989
0.999933
0.999623
0.997844
0.987615
0.968172
0.96104
0.958304
0.948552
0.942668
0.950767
0.975781
0.984217
0.983121
0.977314
0.974597
0.973411
0.967868
0.951869
0.949706
0.962139
0.966718
0.967045
0.966667
0.965309
0.963243
0.961435
0.957821
0.950518
0.946295
0.945525
0.946467
0.950465
0.95153
1
1
1
1
1
1
1
1
1
1
1
1
0.999999
0.999994
0.999985
0.999986
0.999993
0.999998
0.999999
1
1
1
1
1
1
1
1
0.999996
0.999962
0.999737
0.998522
0.991779
0.979824
0.972901
0.972025
0.973431
0.977426
0.979276
0.98012
0.980358
0.98032
0.980048
0.979144
0.976981
0.96231
0.939639
0.931415
0.930856
0.932938
0.936157
0.942402
0.957094
0.971999
0.983428
0.990935
0.995355
0.997767
0.999001
0.999578
0.999819
0.999907
0.999924
0.999908
0.999822
0.999758
0.999694
0.999563
0.999309
0.998847
0.997791
0.993158
0.971467
0.954727
0.950972
0.953182
0.966109
0.972707
0.970934
0.956792
0.945781
0.943537
0.945722
0.961044
0.98021
0.991016
0.996353
0.998699
0.999545
0.999674
0.999352
0.996309
0.976862
0.943598
0.925187
0.917886
0.916483
0.917545
0.925732
0.950362
0.970931
0.984135
0.991867
0.996051
0.99817
0.999185
0.99965
0.999855
0.999942
0.999978
0.999992
0.999997
0.999999
1
1
1
1
1
1
1
1
1
1
1
1
1
1
1
1
1
1
1
1
1
1
1
1
1
1
1
1
1
1
1
1
1
0.999998
0.999989
0.999936
0.999653
0.998076
0.989213
0.970237
0.962416
0.958846
0.947664
0.940869
0.949413
0.975808
0.984391
0.983115
0.976354
0.97309
0.97303
0.970376
0.955249
0.949826
0.95839
0.966285
0.966966
0.966663
0.965597
0.963793
0.96143
0.956516
0.949757
0.946289
0.945833
0.947178
0.950925
0.951564
1
1
1
1
1
1
1
1
1
1
1
1
1
1
1
1
1
1
1
1
1
1
1
1
1
1
1
0.999999
0.999991
0.999931
0.999567
0.997768
0.988807
0.976328
0.96972
0.968537
0.969918
0.975384
0.978804
0.980099
0.980367
0.980254
0.979351
0.973934
0.952102
0.936267
0.931635
0.931935
0.935056
0.938658
0.945893
0.961858
0.976869
0.987531
0.993925
0.997295
0.998869
0.999541
0.999818
0.999929
0.999971
0.999984
0.999986
0.999985
0.999981
0.999973
0.999955
0.999916
0.999817
0.999476
0.997611
0.984862
0.971572
0.970026
0.975709
0.985885
0.986943
0.981562
0.964119
0.953706
0.951542
0.953957
0.96874
0.984544
0.993098
0.997216
0.999004
0.999683
0.999847
0.999795
0.999106
0.994729
0.973661
0.948744
0.936918
0.934119
0.935285
0.945625
0.966357
0.980864
0.989811
0.994888
0.997567
0.998893
0.999515
0.999795
0.999916
0.999967
0.999987
0.999995
0.999998
0.999999
1
1
1
1
1
1
1
1
1
1
1
1
1
1
1
1
1
1
1
1
1
1
1
1
1
1
1
1
1
1
1
1
1
0.999998
0.999989
0.999941
0.999689
0.998326
0.990928
0.972553
0.963507
0.959087
0.947023
0.939111
0.947237
0.974786
0.984386
0.983154
0.976056
0.971234
0.972154
0.971251
0.960468
0.950594
0.953136
0.964907
0.966624
0.96659
0.965561
0.963824
0.961262
0.955427
0.949417
0.946819
0.946748
0.948251
0.951489
0.951749
1
1
1
1
1
1
1
1
1
1
1
1
1
1
1
1
1
1
1
1
1
1
1
1
1
1
1
1
0.999998
0.999985
0.9999
0.999441
0.997424
0.988573
0.975155
0.9684
0.966619
0.967354
0.971964
0.977327
0.979473
0.979788
0.979051
0.971712
0.949911
0.93658
0.933508
0.934408
0.9383
0.942505
0.952279
0.969938
0.984054
0.992574
0.996831
0.998713
0.999496
0.999809
0.999929
0.999975
0.999991
0.999996
0.999998
0.999999
0.999999
0.999998
0.999996
0.999989
0.999965
0.99985
0.999108
0.994899
0.991758
0.991638
0.993591
0.994809
0.993688
0.984784
0.9711
0.964945
0.964143
0.967518
0.980876
0.990988
0.996163
0.998513
0.999477
0.999835
0.999938
0.999941
0.999837
0.999147
0.99568
0.985098
0.976645
0.973173
0.97299
0.976132
0.985141
0.991693
0.995653
0.997855
0.998994
0.999548
0.999804
0.999918
0.999966
0.999987
0.999995
0.999998
0.999999
1
1
1
1
1
1
1
1
1
1
1
1
1
1
1
1
1
1
1
1
1
1
1
1
1
1
1
1
1
1
1
1
1
1
0.999998
0.99999
0.999947
0.999727
0.998587
0.992682
0.975136
0.964497
0.959155
0.946196
0.937287
0.944266
0.972235
0.984012
0.983415
0.97601
0.970571
0.970376
0.971513
0.967575
0.953437
0.951075
0.961241
0.965923
0.966287
0.965368
0.963675
0.960763
0.954621
0.949213
0.947343
0.947358
0.949782
0.952494
0.952376
1
1
1
1
1
1
1
1
1
1
1
1
1
1
1
1
1
1
1
1
1
1
1
1
1
1
1
1
1
0.999997
0.999981
0.999885
0.999425
0.997522
0.990084
0.975578
0.968293
0.965749
0.965882
0.968765
0.975525
0.977968
0.977703
0.971748
0.950799
0.939472
0.93827
0.940124
0.94376
0.948365
0.961349
0.978592
0.989881
0.995747
0.998347
0.999387
0.999779
0.999922
0.999974
0.999991
0.999997
0.999999
1
1
1
1
0.999999
0.999998
0.999991
0.99995
0.999668
0.998566
0.998009
0.998008
0.998249
0.998173
0.996589
0.989386
0.983527
0.981269
0.981328
0.985406
0.992412
0.996473
0.998503
0.999415
0.99979
0.999931
0.999976
0.999982
0.999968
0.999859
0.999299
0.997052
0.994596
0.993371
0.993109
0.993423
0.995263
0.997289
0.998549
0.999272
0.999656
0.999845
0.999933
0.999972
0.999989
0.999996
0.999998
0.999999
1
1
1
1
1
1
1
1
1
1
1
1
1
1
1
1
1
1
1
1
1
1
1
1
1
1
1
1
1
1
1
1
1
1
1
0.999999
0.999991
0.999952
0.999757
0.998795
0.994007
0.977576
0.965336
0.958915
0.944888
0.935859
0.940509
0.967423
0.98287
0.983469
0.976464
0.970485
0.969286
0.971273
0.970396
0.95902
0.950633
0.953177
0.963158
0.9651
0.964862
0.963097
0.95964
0.953239
0.948734
0.947621
0.948404
0.952799
0.95436
0.953613
1
1
1
1
1
1
1
1
1
1
1
1
1
1
1
1
1
1
1
1
1
1
1
1
1
1
1
1
1
1
0.999997
0.999981
0.999895
0.99952
0.99801
0.993517
0.980143
0.970419
0.966574
0.966164
0.967188
0.970971
0.972233
0.969833
0.956425
0.948671
0.947813
0.9484
0.950337
0.955809
0.973471
0.987679
0.994903
0.998029
0.999275
0.999744
0.999913
0.999971
0.999991
0.999997
0.999999
1
1
1
1
1
1
0.999999
0.999997
0.999983
0.999885
0.999615
0.999496
0.999483
0.999475
0.999374
0.998597
0.996182
0.994368
0.993591
0.993587
0.994852
0.997221
0.998665
0.999418
0.999767
0.999914
0.999971
0.99999
0.999994
0.999992
0.999968
0.999846
0.99929
0.998511
0.998085
0.997966
0.998009
0.998425
0.99908
0.999503
0.999749
0.999881
0.999946
0.999977
0.99999
0.999996
0.999998
0.999999
1
1
1
1
1
1
1
1
1
1
1
1
1
1
1
1
1
1
1
1
1
1
1
1
1
1
1
1
1
1
1
1
1
1
1
1
0.999999
0.999992
0.999956
0.999784
0.998974
0.99512
0.980183
0.966184
0.958322
0.943262
0.935136
0.936917
0.959449
0.980217
0.983265
0.978446
0.971086
0.969089
0.969616
0.971154
0.967865
0.953664
0.94994
0.953894
0.960768
0.962376
0.960796
0.955722
0.950091
0.9482
0.948182
0.951159
0.955122
0.955617
0.95427
1
1
1
1
1
1
1
1
1
1
1
1
1
1
1
1
1
1
1
1
1
1
1
1
1
1
1
1
1
1
1
0.999998
0.999986
0.99993
0.999697
0.998894
0.996596
0.990998
0.979385
0.971598
0.968634
0.967881
0.967463
0.966268
0.959166
0.953959
0.953265
0.953979
0.957885
0.97434
0.988228
0.995075
0.998087
0.9993
0.999757
0.999919
0.999974
0.999992
0.999998
0.999999
1
1
1
1
1
1
1
1
0.999999
0.999996
0.999972
0.999924
0.999902
0.999893
0.999877
0.999822
0.999539
0.998757
0.998204
0.997987
0.997996
0.998387
0.999114
0.999565
0.999806
0.999921
0.99997
0.99999
0.999997
0.999998
0.999998
0.999992
0.999963
0.999824
0.999608
0.999489
0.999454
0.999463
0.99956
0.999739
0.999858
0.999928
0.999966
0.999985
0.999993
0.999997
0.999999
1
1
1
1
1
1
1
1
1
1
1
1
1
1
1
1
1
1
1
1
1
1
1
1
1
1
1
1
1
1
1
1
1
1
1
1
1
1
0.999999
0.999992
0.999959
0.999805
0.999118
0.995989
0.982668
0.967117
0.95683
0.941762
0.934171
0.934534
0.947616
0.97437
0.982294
0.980357
0.973902
0.969522
0.968779
0.970616
0.971026
0.964853
0.951865
0.949745
0.95215
0.95372
0.953231
0.950275
0.94874
0.948401
0.950162
0.955224
0.957649
0.957858
0.955377
1
1
1
1
1
1
1
1
1
1
1
1
1
1
1
1
1
1
1
1
1
1
1
1
1
1
1
1
1
1
1
1
0.999999
0.999993
0.999967
0.999869
0.999566
0.998761
0.996944
0.993293
0.985183
0.977281
0.971963
0.967239
0.963749
0.963244
0.964278
0.97137
0.984615
0.992835
0.99698
0.998824
0.99957
0.999851
0.999951
0.999984
0.999995
0.999999
1
1
1
1
1
1
1
1
1
1
1
0.999999
0.999996
0.999991
0.999988
0.999986
0.999979
0.999957
0.999853
0.999653
0.999529
0.999487
0.999495
0.999606
0.999783
0.999892
0.999951
0.99998
0.999992
0.999997
0.999999
1
0.999999
0.999998
0.999992
0.99996
0.999915
0.999891
0.999884
0.999887
0.999907
0.999944
0.99997
0.999985
0.999993
0.999997
0.999999
0.999999
1
1
1
1
1
1
1
1
1
1
1
1
1
1
1
1
1
1
1
1
1
1
1
1
1
1
1
1
1
1
1
1
1
1
1
1
1
1
1
0.999999
0.999993
0.99996
0.999813
0.999213
0.996687
0.985309
0.968264
0.955064
0.939807
0.932126
0.932975
0.937856
0.961886
0.978955
0.980537
0.977688
0.972268
0.968731
0.968402
0.971364
0.971612
0.963765
0.952713
0.950877
0.950823
0.950415
0.94974
0.949514
0.951397
0.957625
0.961892
0.963076
0.962183
0.956094
1
1
1
1
1
1
1
1
1
1
1
1
1
1
1
1
1
1
1
1
1
1
1
1
1
1
1
1
1
1
1
1
1
0.999999
0.999998
0.99999
0.999963
0.999886
0.999692
0.999241
0.998215
0.995609
0.989943
0.987173
0.987186
0.988176
0.991583
0.995467
0.997849
0.999079
0.999638
0.999867
0.999954
0.999985
0.999995
0.999999
1
1
1
1
1
1
1
1
1
1
1
1
1
1
1
1
0.999999
0.999999
0.999997
0.99999
0.999962
0.99993
0.999913
0.999909
0.999912
0.999936
0.999966
0.999983
0.999992
0.999997
0.999999
1
1
1
1
1
0.999999
0.999994
0.999987
0.999984
0.999984
0.999984
0.999987
0.999992
0.999996
0.999998
0.999999
1
1
1
1
1
1
1
1
1
1
1
1
1
1
1
1
1
1
1
1
1
1
1
1
1
1
1
1
1
1
1
1
1
1
1
1
1
1
1
1
1
1
0.999999
0.999993
0.99996
0.999809
0.999244
0.997128
0.98772
0.969415
0.953992
0.936914
0.927353
0.929546
0.934524
0.94192
0.969473
0.978687
0.978321
0.975951
0.971106
0.967798
0.967854
0.972455
0.972993
0.967419
0.957513
0.954291
0.953305
0.953733
0.957038
0.963171
0.967441
0.968584
0.967793
0.96406
0.954442
1
1
1
1
1
1
1
1
1
1
1
1
1
1
1
1
1
1
1
1
1
1
1
1
1
1
1
1
1
1
1
1
1
1
1
0.999999
0.999998
0.999993
0.99998
0.999947
0.999863
0.999557
0.998822
0.99853
0.998541
0.998716
0.999286
0.999675
0.999863
0.999947
0.99998
0.999993
0.999998
0.999999
1
1
1
1
1
1
1
1
1
1
1
1
1
1
1
1
1
1
1
1
1
0.999998
0.999994
0.999992
0.999991
0.999991
0.999992
0.999995
0.999997
0.999999
0.999999
1
1
1
1
1
1
1
1
0.999999
0.999999
0.999999
0.999999
0.999999
0.999999
0.999999
1
1
1
1
1
1
1
1
1
1
1
1
1
1
1
1
1
1
1
1
1
1
1
1
1
1
1
1
1
1
1
1
1
1
1
1
1
1
1
1
1
1
1
1
0.999999
0.999998
0.999992
0.999952
0.999764
0.999127
0.997166
0.989539
0.971114
0.953986
0.933404
0.917422
0.919288
0.932307
0.934459
0.948955
0.970512
0.976095
0.976244
0.974457
0.969641
0.966342
0.966973
0.972918
0.974278
0.971992
0.968287
0.966747
0.96772
0.970257
0.971993
0.972403
0.971254
0.968626
0.962792
0.9448
1
1
1
1
1
1
1
1
1
1
1
1
1
1
1
1
1
1
1
1
1
1
1
1
1
1
1
1
1
1
1
1
1
1
1
1
1
1
0.999999
0.999998
0.999994
0.999976
0.999938
0.999927
0.99993
0.999945
0.999975
0.99999
0.999996
0.999999
1
1
1
1
1
1
1
1
1
1
1
1
1
1
1
1
1
1
1
1
1
1
1
1
1
1
1
1
1
1
1
1
1
1
1
1
1
1
1
1
1
1
1
1
1
1
1
1
1
1
1
1
1
1
1
1
1
1
1
1
1
1
1
1
1
1
1
1
1
1
1
1
1
1
1
1
1
1
1
1
1
0.999999
0.999999
0.999999
0.999999
1
1
1
1
1
1
0.999999
0.999999
0.999999
0.999999
0.999998
0.999991
0.999947
0.999731
0.998983
0.996972
0.990858
0.973981
0.956118
0.930119
0.899522
0.894977
0.923572
0.934186
0.93166
0.950354
0.965586
0.971839
0.974312
0.973127
0.967662
0.964756
0.965431
0.971796
0.973742
0.973722
0.973559
0.973755
0.97402
0.973789
0.972745
0.97063
0.965845
0.950729
0.932282
1
1
1
1
1
1
1
1
1
1
1
1
1
1
1
1
1
1
1
1
1
1
1
1
1
1
1
1
1
1
1
1
1
1
1
1
1
1
1
1
1
0.999999
0.999999
0.999998
0.999999
0.999999
1
1
1
1
1
1
1
1
1
1
1
1
1
1
1
1
1
1
1
1
1
1
1
1
1
1
1
1
1
1
1
1
1
1
1
1
1
1
1
1
1
1
1
1
1
1
1
1
1
1
1
1
1
1
1
1
1
1
1
1
1
1
1
1
1
1
1
1
1
1
1
1
1
1
1
1
1
1
1
1
0.999999
0.999999
0.999999
0.999998
0.999996
0.999996
0.999996
0.999996
0.999997
0.999998
0.999999
0.999999
0.999999
0.999999
0.999999
0.999999
0.999998
0.999998
0.999997
0.999995
0.999989
0.999949
0.999738
0.998972
0.996962
0.99184
0.977172
0.961767
0.929232
0.887045
0.876888
0.897033
0.934996
0.929386
0.92738
0.940387
0.954884
0.966375
0.972517
0.971762
0.966722
0.963086
0.962962
0.967052
0.970829
0.97204
0.972478
0.972381
0.971148
0.968327
0.962117
0.951382
0.937969
0.931739
1
1
1
1
1
1
1
1
1
1
1
1
1
1
1
1
1
1
1
1
1
1
1
1
1
1
1
1
1
1
1
1
1
1
1
1
1
1
1
1
1
1
1
1
1
1
1
1
1
1
1
1
1
1
1
1
1
1
1
1
1
1
1
1
1
1
1
1
1
1
1
1
1
1
1
1
1
1
1
1
1
1
1
1
1
1
1
1
1
1
1
1
1
1
1
1
1
1
1
1
1
1
1
1
1
1
1
1
1
1
1
1
1
1
1
1
1
1
1
0.999999
0.999998
0.999998
0.999998
0.999998
0.999998
0.999998
0.999997
0.999996
0.999993
0.999976
0.999967
0.999969
0.999973
0.999981
0.999987
0.999991
0.999994
0.999995
0.999996
0.999996
0.999996
0.999995
0.999994
0.999992
0.99999
0.999989
0.999984
0.999956
0.999816
0.999237
0.997483
0.992604
0.980853
0.967918
0.936626
0.889278
0.875504
0.883358
0.92794
0.937173
0.923082
0.920553
0.924846
0.93998
0.961142
0.970225
0.971595
0.967114
0.962419
0.961415
0.961933
0.962953
0.963376
0.962403
0.959706
0.95549
0.950239
0.94461
0.93873
0.939701
1
1
1
1
1
1
1
1
1
1
1
1
1
1
1
1
1
1
1
1
1
1
1
1
1
1
1
1
1
1
1
1
1
1
1
1
1
1
1
1
1
1
1
1
1
1
1
1
1
1
1
1
1
1
1
1
1
1
1
1
1
1
1
1
1
1
1
1
1
1
1
1
1
1
1
1
1
1
1
1
1
1
1
1
1
1
1
1
1
1
1
1
1
1
1
1
1
1
1
1
1
1
1
1
1
1
1
1
1
1
1
1
1
1
1
1
1
0.999999
0.999997
0.999986
0.999982
0.999983
0.999986
0.99999
0.999992
0.999991
0.999989
0.999979
0.999949
0.999829
0.9998
0.999817
0.999862
0.999915
0.999949
0.999967
0.999977
0.999983
0.999986
0.999988
0.999988
0.999987
0.999985
0.999979
0.999975
0.999974
0.999971
0.999958
0.999885
0.99952
0.997929
0.991978
0.984479
0.975124
0.950858
0.904778
0.886094
0.886474
0.912221
0.949095
0.928899
0.918635
0.916342
0.917682
0.928243
0.953716
0.966573
0.969453
0.967189
0.963007
0.961042
0.959931
0.958687
0.957108
0.954942
0.952292
0.949239
0.946348
0.944843
0.941879
1
1
1
1
1
1
1
1
1
1
1
1
1
1
1
1
1
1
1
1
1
1
1
1
1
1
1
1
1
1
1
1
1
1
1
1
1
1
1
1
1
1
1
1
1
1
1
1
1
1
1
1
1
1
1
1
1
1
1
1
1
1
1
1
1
1
1
1
1
1
1
1
1
1
1
1
1
1
1
1
1
1
1
1
1
1
1
1
1
1
1
1
1
1
1
1
1
1
1
1
1
1
1
1
1
1
1
1
1
1
1
1
1
1
1
0.999999
0.999998
0.999992
0.999968
0.999885
0.999878
0.999891
0.999923
0.999948
0.999964
0.999964
0.999951
0.999888
0.99969
0.999136
0.999096
0.999201
0.999477
0.999713
0.99984
0.999903
0.999934
0.99995
0.999962
0.999968
0.999969
0.999968
0.999964
0.999953
0.999946
0.999946
0.999946
0.999941
0.999903
0.999672
0.998378
0.99223
0.984687
0.978169
0.963931
0.92859
0.913496
0.905645
0.909519
0.948598
0.952024
0.926511
0.917262
0.914626
0.915115
0.92149
0.943893
0.959208
0.964243
0.964797
0.962042
0.959991
0.958364
0.956522
0.954436
0.952098
0.949519
0.946812
0.943408
0.933283
1
1
1
1
1
1
1
1
1
1
1
1
1
1
1
1
1
1
1
1
1
1
1
1
1
1
1
1
1
1
1
1
1
1
1
1
1
1
1
1
1
1
1
1
1
1
1
1
1
1
1
1
1
1
1
1
1
1
1
1
1
1
1
1
1
1
1
1
1
1
1
1
1
1
1
1
1
1
1
1
1
1
1
1
1
1
1
1
1
1
1
1
1
1
1
1
1
1
1
1
1
1
1
1
1
1
1
1
1
1
1
1
0.999999
0.999998
0.999996
0.999993
0.999984
0.999935
0.999735
0.99937
0.999385
0.999492
0.999684
0.999811
0.999882
0.999884
0.999813
0.999471
0.998466
0.997267
0.997239
0.997544
0.998497
0.999263
0.999602
0.999757
0.999838
0.999883
0.999914
0.999929
0.999931
0.999929
0.99992
0.999905
0.9999
0.999901
0.999904
0.999901
0.999873
0.999699
0.998693
0.993413
0.983778
0.978348
0.96655
0.946096
0.943307
0.934617
0.913982
0.937708
0.966945
0.954845
0.932808
0.920836
0.914815
0.913632
0.916663
0.926588
0.946626
0.95523
0.957328
0.957451
0.956337
0.954347
0.951982
0.949023
0.944862
0.937612
0.928304
0.924021
1
1
1
1
1
1
1
1
1
1
1
1
1
1
1
1
1
1
1
1
1
1
1
1
1
1
1
1
1
1
1
1
1
1
1
1
1
1
1
1
1
1
1
1
1
1
1
1
1
1
1
1
1
1
1
1
1
1
1
1
1
1
1
1
1
1
1
1
1
1
1
1
1
1
1
1
1
1
1
1
1
1
1
1
1
1
1
1
1
1
1
1
1
1
1
1
1
1
1
1
1
1
1
1
1
1
1
1
0.999999
0.999998
0.999997
0.999995
0.999991
0.999982
0.99997
0.999956
0.999899
0.999565
0.998553
0.997858
0.997928
0.99834
0.999106
0.999539
0.999732
0.99972
0.99932
0.997851
0.996672
0.995949
0.995916
0.996185
0.997129
0.998475
0.999231
0.999562
0.9997
0.999766
0.999822
0.999853
0.999858
0.999857
0.999846
0.999832
0.999831
0.999835
0.999838
0.999833
0.9998
0.999627
0.998716
0.993715
0.983677
0.978344
0.964517
0.953335
0.953543
0.950361
0.917505
0.918935
0.96551
0.975561
0.968748
0.950713
0.929644
0.918376
0.914261
0.913933
0.918468
0.925132
0.933784
0.937991
0.939356
0.938657
0.935541
0.931591
0.92684
0.923215
0.922032
0.928568
1
1
1
1
1
1
1
1
1
1
1
1
1
1
1
1
1
1
1
1
1
1
1
1
1
1
1
1
1
1
1
1
1
1
1
1
1
1
1
1
1
1
1
1
1
1
1
1
1
1
1
1
1
1
1
1
1
1
1
1
1
1
1
1
1
1
1
1
1
1
1
1
1
1
1
1
1
1
1
1
1
1
1
1
1
1
1
1
1
1
1
1
1
1
1
1
1
1
1
1
1
1
1
1
1
0.999999
0.999998
0.999996
0.999989
0.99998
0.999971
0.999955
0.999927
0.999868
0.999821
0.999783
0.999471
0.997691
0.997138
0.997022
0.997043
0.997325
0.998162
0.999043
0.999472
0.999325
0.997365
0.996522
0.996257
0.995698
0.995596
0.995772
0.996533
0.997788
0.99867
0.999174
0.999439
0.999614
0.999716
0.999746
0.999745
0.999729
0.999694
0.99968
0.999682
0.999696
0.999699
0.999687
0.999631
0.99941
0.998434
0.993017
0.985469
0.978527
0.963302
0.961099
0.961864
0.957252
0.913519
0.890657
0.944561
0.977212
0.980971
0.979593
0.970873
0.949473
0.930247
0.921299
0.918203
0.917757
0.920498
0.922276
0.923512
0.923991
0.923926
0.923789
0.924269
0.925755
0.931399
0.957267
1
1
1
1
1
1
1
1
1
1
1
1
1
1
1
1
1
1
1
1
1
1
1
1
1
1
1
1
1
1
1
1
1
1
1
1
1
1
1
1
1
1
1
1
1
1
1
1
1
1
1
1
1
1
1
1
1
1
1
1
1
1
1
1
1
1
1
1
1
1
1
1
1
1
1
1
1
1
1
1
1
1
1
1
1
1
1
1
1
1
1
1
1
1
1
1
1
1
1
1
1
1
0.999999
0.999998
0.999996
0.999989
0.999971
0.999943
0.999878
0.999825
0.999784
0.999694
0.999488
0.999286
0.999211
0.999207
0.99725
0.995966
0.996961
0.997023
0.997006
0.99733
0.998252
0.999108
0.999256
0.997646
0.995641
0.996059
0.996323
0.995755
0.995632
0.995877
0.996711
0.997827
0.998527
0.998958
0.999236
0.999428
0.999519
0.999531
0.999526
0.999513
0.999483
0.999433
0.999419
0.999407
0.99935
0.999242
0.999133
0.998889
0.997928
0.993808
0.990399
0.981808
0.971247
0.96943
0.966898
0.959787
0.912174
0.856172
0.895059
0.963798
0.980098
0.983844
0.984443
0.981967
0.973522
0.956509
0.941042
0.93234
0.929009
0.928033
0.927885
0.929006
0.930955
0.933848
0.941134
0.953258
0.967687
0.984885
1
1
1
1
1
1
1
1
1
1
1
1
1
1
1
1
1
1
1
1
1
1
1
1
1
1
1
1
1
1
1
1
1
1
1
1
1
1
1
1
1
1
1
1
1
1
1
1
1
1
1
1
1
1
1
1
1
1
1
1
1
1
1
1
1
1
1
1
1
1
1
1
1
1
1
1
1
1
1
1
1
1
1
1
1
1
1
1
1
1
1
1
1
1
1
1
1
1
1
0.999999
0.999996
0.99999
0.999975
0.999957
0.99992
0.999823
0.999696
0.999445
0.99906
0.998927
0.998798
0.998275
0.997448
0.997491
0.997602
0.996613
0.99365
0.995268
0.997318
0.997554
0.997322
0.997767
0.998672
0.999105
0.99854
0.995308
0.99434
0.995333
0.996493
0.996522
0.996143
0.996405
0.997209
0.998018
0.998598
0.998971
0.999209
0.999336
0.999365
0.999357
0.99927
0.99883
0.997656
0.997197
0.997209
0.997207
0.996871
0.996658
0.996787
0.997023
0.996608
0.994502
0.991322
0.983921
0.979452
0.969907
0.963729
0.956693
0.915795
0.820857
0.821981
0.910506
0.956474
0.974236
0.982937
0.986291
0.987029
0.985246
0.980089
0.973081
0.966186
0.962089
0.960474
0.961453
0.9658
0.970155
0.97813
0.983673
0.989967
0.99333
1
1
1
1
1
1
1
1
1
1
1
1
1
1
1
1
1
1
1
1
1
1
1
1
1
1
1
1
1
1
1
1
1
1
1
1
1
1
1
1
1
1
1
1
1
1
1
1
1
1
1
1
1
1
1
1
1
1
1
1
1
1
1
1
1
1
1
1
1
1
1
1
1
1
1
1
1
1
1
1
1
1
1
1
1
1
1
1
1
1
1
1
1
1
1
1
0.999999
0.99999
0.999973
0.999934
0.999839
0.999742
0.999499
0.999306
0.998915
0.998268
0.997636
0.996281
0.995459
0.995664
0.995566
0.994627
0.995433
0.996733
0.996689
0.994474
0.992024
0.993346
0.99674
0.997961
0.998299
0.998501
0.998703
0.998485
0.995999
0.9925
0.990612
0.991334
0.994999
0.997095
0.997537
0.997654
0.998107
0.998528
0.998847
0.999051
0.999167
0.999203
0.999127
0.997896
0.990419
0.977407
0.972967
0.973435
0.976211
0.978729
0.97842
0.97663
0.976316
0.976769
0.975744
0.969392
0.967548
0.96982
0.968201
0.953112
0.938786
0.937268
0.910275
0.794531
0.739454
0.795868
0.873157
0.911157
0.94178
0.966326
0.981153
0.988295
0.991064
0.991767
0.990109
0.989142
0.988779
0.989053
0.990302
0.991372
0.99326
0.994595
0.995843
0.983732
1
1
1
1
1
1
1
1
1
1
1
1
1
1
1
1
1
1
1
1
1
1
1
1
1
1
1
1
1
1
1
1
1
1
1
1
1
1
1
1
1
1
1
1
1
1
1
1
1
1
1
1
1
1
1
1
1
1
1
1
1
1
1
1
1
1
1
1
1
1
1
1
1
1
1
1
1
1
1
1
1
1
1
1
1
1
1
1
1
1
1
1
1
1
1
0.999949
0.999688
0.998935
0.998443
0.99735
0.99655
0.99539
0.993307
0.992151
0.992375
0.991569
0.990868
0.992624
0.993362
0.994574
0.994495
0.994597
0.995059
0.995443
0.995079
0.99326
0.990742
0.989849
0.993133
0.99602
0.997172
0.99732
0.99671
0.994571
0.990031
0.987344
0.984717
0.980138
0.981667
0.991352
0.99732
0.998503
0.998577
0.998642
0.998404
0.996464
0.989508
0.981686
0.965822
0.921686
0.879496
0.864637
0.8641
0.873409
0.888024
0.889185
0.876299
0.856606
0.856959
0.866531
0.88412
0.903208
0.932948
0.945855
0.941586
0.903779
0.87938
0.890197
0.876226
0.771672
0.66763
0.653301
0.677454
0.704478
0.74081
0.792925
0.850844
0.900529
0.936101
0.956194
0.965199
0.963834
0.960798
0.955644
0.947037
0.934389
0.906882
0.873963
0.772141
0.482425
1
1
1
1
1
1
1
1
1
1
1
1
1
1
1
1
1
1
1
1
1
1
1
1
1
1
1
1
1
1
1
1
1
1
1
1
1
1
1
1
1
1
1
1
1
1
1
1
1
1
1
1
1
1
1
1
1
1
1
1
1
1
1
1
1
1
1
1
1
1
1
1
1
1
1
1
1
1
1
1
1
1
1
1
1
1
1
0.999998
0.999991
0.999956
0.999793
0.999185
0.998358
0.996784
0.992045
0.984072
0.980188
0.979445
0.979873
0.981688
0.984568
0.98674
0.988162
0.988932
0.98925
0.98907
0.990469
0.992716
0.993366
0.99365
0.993747
0.993923
0.994472
0.994639
0.994524
0.993811
0.991433
0.988925
0.988823
0.988966
0.988929
0.98882
0.987541
0.985695
0.984584
0.98436
0.983197
0.971855
0.951593
0.933091
0.91983
0.912589
0.899253
0.882665
0.85298
0.82974
0.822015
0.826379
0.83649
0.850485
0.858937
0.859049
0.846366
0.814638
0.8116
0.820206
0.837391
0.85079
0.861537
0.871778
0.882192
0.893974
0.903281
0.903479
0.896482
0.84307
0.745243
0.731022
0.695838
0.643459
0.62581
0.606652
0.560016
0.495765
0.436664
0.399931
0.390071
0.388508
0.390682
0.399365
0.410014
0.416159
0.405516
0.384324
0.347087
0.303255
0.232888
0.16862
0.0719551
0.0277326
0.63884
0.640401
0.649427
0.645439
0.638127
0.621405
0.602038
0.580316
0.556286
0.529246
0.502623
0.472287
0.439375
0.401894
0.366741
0.330983
0.299763
0.264431
0.23319
0.197011
0.165863
0.130561
0.104664
0.0801206
0.0531214
0.927705
0.929288
0.93059
0.931666
0.932262
0.931597
0.930293
0.929201
0.928799
0.928478
0.927705
0.924987
0.919687
0.910391
0.897729
0.880616
0.861561
0.84001
0.817337
0.794816
0.77268
0.755283
0.743803
0.744935
0.734053
0.929497
0.930631
0.932588
0.935492
0.938568
0.941081
0.94174
0.940667
0.939343
0.939145
0.940429
0.943214
0.945806
0.94712
0.94723
0.944981
0.937247
0.929032
0.922511
0.915151
0.906451
0.898063
0.893125
0.891594
0.893366
0.921776
0.919841
0.920735
0.926124
0.93466
0.941918
0.946709
0.94805
0.944812
0.939568
0.937354
0.937274
0.93936
0.944221
0.947698
0.948765
0.948372
0.944755
0.939061
0.936345
0.93349
0.928164
0.922498
0.918701
0.918979
0.899605
0.88831
0.884608
0.888699
0.907619
0.929037
0.944824
0.954279
0.958985
0.957997
0.948961
0.941537
0.939571
0.940747
0.945985
0.949747
0.950667
0.950288
0.946893
0.941667
0.939505
0.937066
0.932629
0.927477
0.926099
0.86726
0.845227
0.83712
0.837716
0.85076
0.887659
0.921978
0.946365
0.96039
0.967377
0.968807
0.963883
0.954065
0.949801
0.949753
0.952821
0.954639
0.954531
0.952768
0.946246
0.941536
0.939447
0.936647
0.931116
0.927579
0.860471
0.834772
0.823634
0.821656
0.824759
0.841706
0.884998
0.924071
0.95137
0.966924
0.974453
0.976379
0.974613
0.968325
0.964162
0.963188
0.962948
0.962479
0.960605
0.953289
0.944545
0.940468
0.938499
0.934298
0.928789
0.863556
0.837846
0.822405
0.818384
0.818676
0.824542
0.851675
0.898468
0.935687
0.960445
0.974151
0.980444
0.981701
0.981072
0.978462
0.976109
0.974723
0.973262
0.970339
0.962054
0.950557
0.943601
0.94095
0.937628
0.93108
0.864655
0.849412
0.826466
0.818508
0.817447
0.819313
0.83173
0.874236
0.919085
0.950937
0.970712
0.980912
0.984876
0.98535
0.984842
0.983331
0.98229
0.981095
0.978495
0.970642
0.957686
0.948679
0.945073
0.942231
0.935738
0.865211
0.858511
0.834818
0.820945
0.817443
0.817782
0.823362
0.851473
0.901623
0.940016
0.965329
0.979658
0.986153
0.987774
0.987727
0.98689
0.985845
0.984751
0.982491
0.975733
0.963221
0.953716
0.949486
0.947471
0.943322
0.867415
0.863357
0.844746
0.825492
0.81834
0.817507
0.819866
0.835075
0.88196
0.92706
0.958197
0.976871
0.986172
0.98975
0.990443
0.99038
0.989878
0.988731
0.986194
0.978311
0.96553
0.957202
0.95386
0.953116
0.953797
0.871281
0.868015
0.853055
0.831253
0.820282
0.817654
0.818599
0.826678
0.861561
0.911966
0.94927
0.972796
0.985207
0.990502
0.99207
0.992288
0.992174
0.991514
0.989193
0.980775
0.968089
0.960725
0.958603
0.958696
0.963458
0.876669
0.873771
0.860118
0.837368
0.823087
0.818251
0.818389
0.82289
0.844809
0.895519
0.938476
0.967345
0.983362
0.990618
0.993153
0.993673
0.993634
0.993152
0.991014
0.982606
0.971481
0.965855
0.964656
0.965183
0.972287
0.884983
0.881991
0.867002
0.843705
0.826643
0.819374
0.818696
0.821545
0.835119
0.87858
0.926386
0.960602
0.980633
0.990201
0.99393
0.994909
0.994959
0.994587
0.992563
0.984534
0.975342
0.971254
0.970644
0.971455
0.979142
0.895124
0.891569
0.873902
0.849997
0.830595
0.820927
0.819338
0.82138
0.830868
0.863992
0.913788
0.95281
0.977055
0.989208
0.994205
0.995743
0.995915
0.995601
0.993652
0.986354
0.979445
0.976752
0.976523
0.977461
0.984479
0.907042
0.902339
0.88086
0.856182
0.834752
0.822793
0.820329
0.821855
0.829533
0.853277
0.901506
0.944282
0.972706
0.98767
0.994102
0.996288
0.996625
0.996342
0.994378
0.988037
0.983337
0.981798
0.98182
0.982899
0.98889
0.919668
0.9134
0.887703
0.862037
0.838769
0.824874
0.821782
0.823109
0.829607
0.846925
0.890117
0.935585
0.96781
0.985652
0.993645
0.996472
0.997019
0.996759
0.994728
0.989542
0.986547
0.985772
0.985969
0.987241
0.992239
0.931804
0.92377
0.893998
0.867408
0.842451
0.82703
0.823507
0.824813
0.830655
0.844329
0.88031
0.927298
0.962688
0.983273
0.992893
0.996431
0.997187
0.996957
0.994953
0.99099
0.989072
0.988715
0.989062
0.990536
0.994621
0.942549
0.932588
0.899462
0.872009
0.845791
0.829149
0.825053
0.826295
0.831861
0.843368
0.873164
0.920082
0.957751
0.980726
0.991932
0.996245
0.997253
0.997088
0.995359
0.992398
0.991121
0.990957
0.991386
0.992949
0.996178
0.951403
0.939724
0.904333
0.876031
0.848745
0.830729
0.825921
0.827015
0.832377
0.842755
0.868593
0.914369
0.953374
0.978236
0.990867
0.995966
0.997303
0.997249
0.99596
0.99372
0.992812
0.992731
0.993172
0.994683
0.997237
0.957836
0.945154
0.908723
0.879568
0.85121
0.832076
0.826507
0.827296
0.832369
0.842158
0.865747
0.910187
0.949832
0.976035
0.989828
0.995654
0.997365
0.997443
0.996609
0.994907
0.994233
0.99419
0.994614
0.995994
0.998008
0.961914
0.94921
0.912858
0.882819
0.853387
0.833074
0.826631
0.827078
0.831651
0.841268
0.864293
0.907536
0.947284
0.974298
0.988934
0.995354
0.997427
0.997668
0.9972
0.995973
0.995475
0.995456
0.99585
0.997048
0.998588
0.964145
0.952277
0.916723
0.88564
0.855198
0.83383
0.826371
0.826273
0.830103
0.839846
0.863532
0.906143
0.945809
0.973179
0.988293
0.995132
0.997499
0.99791
0.997694
0.996911
0.996562
0.996562
0.996924
0.99791
0.999032
0.965192
0.954221
0.919606
0.887724
0.856562
0.834331
0.825575
0.824731
0.827876
0.837924
0.863224
0.905546
0.945124
0.97266
0.987984
0.995025
0.99759
0.998161
0.998102
0.997685
0.997471
0.997488
0.997824
0.99859
0.999363
0.965511
0.955153
0.921594
0.889269
0.857527
0.834508
0.824305
0.82268
0.825579
0.836652
0.863855
0.905448
0.944896
0.972476
0.987867
0.994986
0.997679
0.998389
0.998429
0.998271
0.998171
0.998206
0.998536
0.999089
0.999598
0.965488
0.955526
0.923178
0.890412
0.858096
0.834321
0.822667
0.820541
0.823722
0.836171
0.865153
0.906174
0.945144
0.972527
0.987866
0.995014
0.997773
0.998583
0.998706
0.99868
0.998665
0.998724
0.999052
0.999428
0.999751
0.96526
0.955665
0.924612
0.891045
0.858259
0.833682
0.820909
0.818562
0.822261
0.836371
0.866142
0.907503
0.946348
0.973292
0.988257
0.995203
0.997908
0.998751
0.998939
0.998965
0.998989
0.999091
0.999401
0.999638
0.999844
0.964257
0.955339
0.925847
0.891095
0.858083
0.832606
0.818892
0.816562
0.821234
0.837673
0.867935
0.909125
0.947678
0.974208
0.988772
0.995465
0.998071
0.998913
0.999125
0.999175
0.999235
0.999396
0.999621
0.99977
0.999901
0.961493
0.954084
0.926239
0.890616
0.857364
0.830975
0.816818
0.814904
0.820892
0.840282
0.87128
0.912204
0.949964
0.975624
0.989525
0.995832
0.998273
0.999066
0.999276
0.99934
0.999448
0.999605
0.999754
0.999851
0.999937
0.958491
0.951925
0.925861
0.889559
0.856163
0.828908
0.815053
0.813884
0.821849
0.844063
0.875256
0.915766
0.952631
0.977277
0.990393
0.996246
0.998481
0.999205
0.999394
0.999487
0.999609
0.999731
0.999835
0.999902
0.999959
0.955684
0.949577
0.924643
0.888378
0.854222
0.826451
0.813738
0.813453
0.8242
0.848809
0.880016
0.919872
0.955594
0.979063
0.991313
0.996671
0.998687
0.999322
0.999504
0.999611
0.999719
0.999814
0.999888
0.999935
0.999973
0.953364
0.947386
0.923078
0.886512
0.851081
0.823709
0.81298
0.813728
0.828518
0.854631
0.885579
0.924555
0.958902
0.981004
0.992281
0.997106
0.99888
0.999427
0.9996
0.999704
0.999797
0.99987
0.999924
0.999957
0.999983
0.951791
0.945696
0.921441
0.883204
0.846761
0.821024
0.81275
0.814851
0.834793
0.861683
0.891949
0.92979
0.962511
0.983058
0.993273
0.997536
0.999058
0.999525
0.99968
0.999774
0.999851
0.999908
0.999948
0.999971
0.999989
0.95084
0.944321
0.918938
0.878447
0.841873
0.818802
0.813124
0.817252
0.843394
0.869633
0.898816
0.935409
0.966332
0.985181
0.994269
0.99795
0.999224
0.999612
0.999746
0.999827
0.99989
0.999935
0.999964
0.999981
0.999993
0.95037
0.943108
0.915251
0.872829
0.837001
0.817446
0.814448
0.821763
0.854487
0.878297
0.906186
0.941433
0.970347
0.98734
0.995246
0.998337
0.999375
0.999687
0.999799
0.999867
0.999918
0.999953
0.999975
0.999987
0.999995
0.950079
0.941562
0.910142
0.866596
0.832505
0.817309
0.816851
0.829911
0.867463
0.887222
0.913903
0.94778
0.974478
0.989483
0.996175
0.998688
0.999504
0.999748
0.999839
0.999896
0.999938
0.999965
0.999982
0.999991
0.999996
0.949656
0.93904
0.90358
0.859649
0.828987
0.818936
0.821095
0.844157
0.8801
0.896031
0.921832
0.954415
0.978685
0.991577
0.997037
0.998994
0.999606
0.999792
0.999868
0.999917
0.999951
0.999974
0.999987
0.999993
0.999997
0.949282
0.935924
0.895531
0.852284
0.827633
0.823134
0.829256
0.862974
0.892053
0.905054
0.929777
0.961199
0.98283
0.993531
0.997794
0.999242
0.999682
0.999822
0.999887
0.99993
0.999959
0.999978
0.999988
0.999994
0.999996
0.948814
0.930922
0.884598
0.846425
0.830008
0.830808
0.844732
0.883014
0.902498
0.913537
0.938166
0.968302
0.986865
0.995281
0.998405
0.999413
0.999722
0.999836
0.999896
0.999936
0.999962
0.999979
0.999989
0.999993
0.999995
0.947477
0.919977
0.873924
0.845565
0.84006
0.844113
0.867598
0.899072
0.91127
0.92151
0.947656
0.975539
0.990541
0.996697
0.998823
0.999498
0.999732
0.999836
0.999897
0.999937
0.999962
0.999977
0.999986
0.99999
0.999991
0.943867
0.907122
0.869366
0.852801
0.853142
0.861748
0.893692
0.912018
0.91852
0.929389
0.958714
0.982617
0.993635
0.997709
0.999049
0.999514
0.999713
0.999824
0.999892
0.999932
0.999955
0.999969
0.999978
0.999983
0.999984
0.938602
0.899781
0.871223
0.864978
0.868253
0.891755
0.913652
0.919841
0.924236
0.939389
0.97109
0.98879
0.995869
0.998289
0.999125
0.999477
0.999677
0.999805
0.999883
0.999923
0.999942
0.999952
0.99996
0.999967
0.999969
0.929614
0.897085
0.880615
0.881277
0.897546
0.917373
0.92261
0.923859
0.929143
0.955132
0.981742
0.993135
0.997167
0.998546
0.999119
0.999444
0.999659
0.999797
0.999874
0.999908
0.999918
0.999922
0.999925
0.999932
0.999938
0.919371
0.89932
0.897627
0.908761
0.923449
0.926375
0.924733
0.925741
0.939789
0.972384
0.989251
0.995625
0.997801
0.998657
0.999124
0.999441
0.999662
0.999798
0.999864
0.999883
0.999882
0.999869
0.999864
0.999867
0.99988
0.917749
0.913451
0.921716
0.930399
0.931327
0.926341
0.924549
0.930528
0.960028
0.984094
0.993616
0.996884
0.998094
0.998725
0.999163
0.999478
0.999689
0.999807
0.999853
0.999858
0.999839
0.999781
0.99976
0.999762
0.999788
0.927715
0.933014
0.936449
0.935567
0.928723
0.92367
0.926088
0.947925
0.977935
0.991166
0.995816
0.997462
0.998279
0.998845
0.999263
0.999552
0.999727
0.999815
0.99984
0.999835
0.999773
0.999641
0.999593
0.999594
0.999636
0.940203
0.939912
0.937488
0.929817
0.923021
0.923927
0.938651
0.971759
0.988508
0.994669
0.9968
0.997815
0.998529
0.999058
0.999401
0.999615
0.999745
0.999804
0.999814
0.999795
0.999657
0.999402
0.999302
0.999297
0.999358
0.940179
0.936403
0.928
0.92245
0.923016
0.933964
0.966684
0.986104
0.993588
0.996145
0.99736
0.998259
0.998873
0.999242
0.999476
0.999621
0.999703
0.999736
0.999737
0.999693
0.999417
0.998963
0.998773
0.998753
0.998824
0.929324
0.924249
0.922292
0.923358
0.934012
0.964779
0.984639
0.992724
0.9956
0.997028
0.997973
0.998589
0.999029
0.999281
0.999378
0.999427
0.99947
0.999494
0.999487
0.999367
0.998773
0.998042
0.997732
0.997685
0.997761
0.923577
0.923614
0.926412
0.940362
0.96745
0.984752
0.992338
0.995257
0.996694
0.997607
0.998261
0.998597
0.998688
0.998698
0.998625
0.998559
0.998574
0.998593
0.998538
0.998124
0.996905
0.996051
0.995732
0.995696
0.995765
0.930433
0.937297
0.954516
0.974191
0.986573
0.992584
0.995142
0.996691
0.997489
0.997528
0.997275
0.996624
0.996098
0.995588
0.995291
0.995323
0.995419
0.995492
0.995299
0.994076
0.992331
0.991345
0.990998
0.990962
0.991237
0.962532
0.973082
0.982784
0.98984
0.993741
0.995601
0.9965
0.996631
0.996082
0.993324
0.988615
0.985026
0.983647
0.983863
0.984515
0.985822
0.986434
0.986365
0.985553
0.985099
0.985057
0.985144
0.985869
0.986691
0.988778
0.986956
0.990345
0.993129
0.99482
0.995619
0.995875
0.995717
0.992831
0.979408
0.957675
0.945437
0.943782
0.945329
0.949691
0.957285
0.963611
0.967943
0.971045
0.97347
0.976101
0.979049
0.981444
0.983412
0.984875
0.986926
0.993579
0.994049
0.994425
0.994497
0.993709
0.990053
0.974668
0.917734
0.8539
0.826065
0.825097
0.831904
0.855781
0.886755
0.908563
0.925069
0.936894
0.947384
0.95489
0.962213
0.966812
0.97045
0.969948
0.970826
0.960509
0.983245
0.979889
0.974224
0.9599
0.922575
0.815926
0.642149
0.523875
0.493788
0.503288
0.560467
0.645803
0.710908
0.761943
0.796872
0.820949
0.833704
0.841528
0.843994
0.835847
0.794451
0.748905
0.691745
0.664502
0.632636
0.59708
0.594864
0.565737
0.479757
0.315179
0.179586
0.126527
0.121139
0.144261
0.230561
0.304845
0.346526
0.364489
0.366342
0.351987
0.295437
0.24323
0.2054
0.184799
0.16539
0.149959
0.126443
0.10425
0.0774663
0.0546757
0.0780907
0.0727796
0.0566231
0.0374736
0.0346475
0.0501584
0.0654503
0.0677349
0.0641732
0.04835
0.0304904
0.0183256
0.0101001
0.004738
0.00169172
0.000881556
0.000497424
0.00029157
0.000202415
0.000119067
0.000236303
0.000136163
0.000282035
0.000131998
0.000493612
)
;

boundaryField
{
    inlet
    {
        type            fixedValue;
        value           uniform 1;
    }
    outlet
    {
        type            inletOutlet;
        inletValue      uniform 0;
        value           nonuniform List<scalar> 
57
(
0.0531214
0.734053
0.893366
0.918979
0.926099
0.927579
0.928789
0.93108
0.935738
0.943322
0.953797
0.963458
0.972287
0.979142
0.984479
0.98889
0.992239
0.994621
0.996178
0.997237
0.998008
0.998588
0.999032
0.999363
0.999598
0.999751
0.999844
0.999901
0.999937
0.999959
0.999973
0.999983
0.999989
0.999993
0.999995
0.999996
0.999997
0.999996
0.999995
0.999991
0.999984
0.999969
0.999938
0.99988
0.999788
0.999636
0.999358
0.998824
0.997761
0.995765
0.991237
0.988778
0.986926
0.960509
0.632636
0.0546757
0.000493612
)
;
    }
    upperWall
    {
        type            zeroGradient;
    }
    lowerWall
    {
        type            zeroGradient;
    }
    frontAndBack
    {
        type            empty;
    }
}


// ************************************************************************* //
