/*--------------------------------*- C++ -*----------------------------------*\
| =========                 |                                                 |
| \\      /  F ield         | OpenFOAM: The Open Source CFD Toolbox           |
|  \\    /   O peration     | Version:  2112                                  |
|   \\  /    A nd           | Website:  www.openfoam.com                      |
|    \\/     M anipulation  |                                                 |
\*---------------------------------------------------------------------------*/
FoamFile
{
    version     2.0;
    format      ascii;
    arch        "LSB;label=32;scalar=64";
    class       volScalarField;
    location    "0.003";
    object      nut;
}
// * * * * * * * * * * * * * * * * * * * * * * * * * * * * * * * * * * * * * //

dimensions      [0 2 -1 0 0 0 0];

internalField   nonuniform List<scalar> 
12225
(
0
0
0
0
0
0
0
0
0
0
0
0
0
0
0
1.01881e-09
4.27663e-09
4.82054e-08
0
0
0
0
0
0
0
0
0
0
0
0
0
0
0
7.46477e-10
1.2496e-09
7.40721e-09
0
0
0
0
0
0
0
0
0
0
0
0
0
0
0
1.37094e-09
5.52359e-10
6.51483e-09
9.8053e-08
7.93318e-08
1.39109e-08
1.4213e-08
1.2282e-08
4.9398e-09
0
0
0
0
0
0
0
0
0
4.06652e-09
0
2.23836e-08
5.38993e-07
8.37645e-07
0
0
0
0
0
0
0
0
0
0
0
0
0
0
0
0
1.01972e-06
5.57403e-07
0
0
0
0
0
0
0
0
0
0
0
0
0
0
0
0
4.98073e-07
2.88749e-07
0
0
0
0
0
0
0
0
0
0
0
0
0
0
0
0
1.87275e-07
2.1158e-07
0
0
0
0
0
0
0
0
0
0
0
0
0
0
0
0
2.93525e-07
2.29958e-07
0
0
0
5.38052e-07
0
0
0
0
0
0
0
0
0
0
0
0
5.7585e-07
1.22022e-07
0
0
3.54377e-08
6.09017e-07
1.89652e-07
0
0
0
0
0
0
0
0
0
0
0
4.59001e-07
0
0
0
0
0
0
0
0
0
0
0
0
0
0
0
0
0
3.729e-07
0
0
3.90658e-08
0
2.33742e-08
8.51737e-08
8.1956e-08
3.05511e-09
0
0
0
0
4.3218e-08
4.73034e-08
2.61926e-08
6.08623e-09
0
1.56945e-07
8.70444e-08
1.58686e-07
1.2725e-07
3.27534e-08
5.32853e-08
8.06702e-08
3.17765e-08
0
0
0
0
6.57527e-08
1.20208e-07
1.00596e-07
5.84549e-08
2.04072e-08
0
1.25763e-07
2.03366e-08
2.76027e-07
2.73437e-07
7.4814e-08
6.43538e-08
1.99336e-08
0
0
0
0
0
0
4.73615e-08
6.27875e-08
3.0596e-08
0
0
5.78797e-07
5.10606e-07
2.12943e-07
3.66364e-07
1.50375e-07
0
0
0
0
0
0
0
0
0
0
0
0
0
5.44897e-07
4.69354e-08
0
0
0
0
0
0
0
0
1.88395e-08
5.28206e-08
7.05924e-08
7.85371e-08
6.4928e-08
1.38629e-08
0
0
0
0
1.9845e-07
0
0
0
0
0
1.3699e-08
1.02264e-07
1.50934e-07
1.47728e-07
1.17373e-07
9.25328e-08
9.05888e-08
1.06941e-07
1.15706e-07
1.05077e-07
0
1.27909e-07
8.96549e-07
1.1434e-06
8.36669e-07
0
0
0
0
0
0
0
0
0
0
3.30715e-08
4.53612e-08
3.13046e-08
0
1.46313e-07
1.18462e-06
3.27166e-07
0
0
0
0
0
0
0
0
0
0
0
0
0
0
0
0
0
0
0
0
0
0
0
1.2185e-07
2.46774e-08
0
0
0
0
0
0
0
6.43848e-07
1.30459e-06
1.67433e-06
1.79041e-06
0
0
0
0
0
9.28226e-07
1.14281e-06
5.93787e-07
1.81155e-07
0
0
0
0
0
1.15865e-06
1.77128e-06
2.20437e-06
1.39493e-06
4.6056e-07
0
0
0
0
1.25249e-06
1.57591e-06
1.05175e-06
5.91508e-07
2.60223e-07
8.2809e-08
2.81622e-08
1.75335e-08
2.07673e-09
5.43413e-07
4.98118e-07
5.25589e-07
5.10936e-08
0
0
0
2.09694e-07
5.21404e-07
7.67927e-07
6.58446e-07
2.78612e-07
0
0
0
0
4.81677e-08
1.66099e-07
7.94098e-07
6.39444e-07
9.21933e-09
0
0
0
1.30927e-07
2.05158e-07
4.92751e-07
8.70395e-07
4.96524e-07
0
0
0
1.45264e-07
1.00981e-07
8.56945e-08
1.58488e-07
5.37395e-07
0
5.43835e-08
5.63332e-07
9.94152e-07
7.05437e-08
2.81983e-07
1.96173e-07
4.62512e-07
7.27181e-07
7.62998e-07
7.73587e-07
1.05282e-06
1.36918e-06
1.29069e-06
1.00637e-06
7.94632e-07
7.53561e-07
7.9593e-07
1.66864e-07
0
8.85834e-07
1.42796e-06
1.41181e-06
5.4851e-07
1.596e-07
4.74876e-07
5.10734e-07
5.9875e-07
1.05812e-06
1.74274e-06
1.66042e-06
9.68126e-07
6.51254e-07
6.72381e-07
7.06549e-07
0
0
0
0
0
0
0
0
0
3.07373e-09
6.70046e-09
7.16025e-09
4.08015e-09
0
0
0
0
0
0
0
0
0
0
0
0
0
0
0
1.15115e-10
2.02649e-10
0
0
0
0
0
0
1.464e-12
0
0
0
0
0
0
0
0
0
0
0
0
0
0
0
0
0
6.91435e-11
0
0
0
0
0
0
0
0
0
0
0
0
0
0
0
0
0
0
0
6.09143e-09
7.71805e-09
6.06097e-09
4.2502e-09
2.80506e-09
1.38523e-09
0
0
0
0
0
0
0
2.29116e-09
2.14082e-09
1.40418e-10
0
0
0
0
0
0
0
0
0
0
0
0
0
0
0
0
0
0
0
0
0
0
0
0
0
0
0
0
0
0
0
0
0
0
0
0
0
0
0
0
0
0
0
0
0
0
0
0
0
0
0
0
0
0
0
0
0
0
0
0
0
0
0
0
0
0
0
0
0
0
0
0
0
0
0
0
0
0
0
0
0
0
0
0
0
0
0
0
0
0
0
0
0
0
0
0
0
0
0
0
0
0
0
0
0
0
0
0
0
0
0
0
0
0
0
0
0
0
0
0
0
0
0
0
0
0
0
0
0
0
0
0
0
0
0
0
0
0
0
0
0
0
0
0
0
0
0
0
0
0
2.93673e-14
1.18026e-13
3.51766e-13
8.49462e-13
1.68688e-12
4.97375e-12
6.39865e-12
3.12309e-11
3.41211e-12
0
0
0
0
0
0
0
0
2.2635e-09
4.96069e-09
2.75798e-09
0
0
0
0
6.30352e-10
1.1462e-08
1.98294e-08
2.40524e-08
2.46888e-08
2.24097e-08
1.74852e-08
1.07687e-08
3.49723e-09
0
0
0
0
0
0
0
0
0
0
0
0
0
0
0
0
0
0
0
0
0
0
0
0
0
0
0
0
0
0
0
0
0
0
0
0
0
0
0
0
0
0
0
0
0
0
0
0
0
0
0
0
0
0
0
0
0
0
0
0
0
0
0
0
0
0
0
0
0
0
0
0
0
0
0
0
0
0
0
0
0
0
0
0
0
0
0
0
0
0
0
0
0
0
0
0
0
0
0
0
0
0
0
0
0
0
0
0
0
0
0
0
0
0
0
0
0
0
0
0
0
0
0
0
0
0
0
0
0
0
0
0
0
0
0
0
0
0
0
0
0
0
0
0
0
0
0
1.52829e-15
9.30609e-15
3.24196e-14
8.23448e-14
1.51381e-13
5.40561e-13
4.37778e-13
3.66431e-12
0
7.10895e-12
0
0
0
0
0
0
0
0
0
0
0
0
6.83069e-09
2.39658e-08
4.01562e-08
5.3751e-08
6.41151e-08
7.16466e-08
7.70902e-08
8.1761e-08
8.54125e-08
8.74015e-08
8.77038e-08
8.63928e-08
8.35332e-08
7.91684e-08
7.33665e-08
6.62422e-08
5.80126e-08
4.89673e-08
3.94487e-08
2.98826e-08
2.07002e-08
1.23023e-08
4.9836e-09
0
0
0
0
0
0
0
0
0
0
0
0
0
0
0
0
0
0
0
0
0
0
0
0
0
0
0
0
0
0
0
0
0
0
0
0
0
0
0
0
0
0
0
0
0
0
0
0
0
0
0
0
0
0
0
0
0
0
0
0
0
0
0
0
0
0
0
0
0
0
0
0
0
0
0
0
0
0
0
0
0
0
0
0
0
0
0
0
0
0
0
0
0
0
0
0
0
0
0
0
0
0
0
0
0
0
0
0
0
0
0
0
0
0
0
0
0
0
0
0
0
0
0
0
0
0
0
0
0
0
0
0
0
0
0
0
0
0
0
0
2.99261e-14
0
3.33809e-13
0
1.01606e-12
0
0
0
0
0
0
0
0
0
0
0
0
0
1.61934e-08
3.4562e-08
5.25768e-08
6.89477e-08
8.32047e-08
9.54908e-08
1.06184e-07
1.1556e-07
1.23432e-07
1.29809e-07
1.34372e-07
1.37036e-07
1.38073e-07
1.37676e-07
1.36003e-07
1.33282e-07
1.29652e-07
1.25271e-07
1.20292e-07
1.14856e-07
1.09093e-07
1.03116e-07
9.70243e-08
9.09043e-08
8.48286e-08
7.88579e-08
7.30416e-08
6.74189e-08
6.20201e-08
5.68676e-08
5.19771e-08
4.73584e-08
4.30164e-08
3.89518e-08
3.51618e-08
3.16426e-08
2.83896e-08
2.53925e-08
2.2636e-08
2.01064e-08
1.77933e-08
1.56867e-08
1.37746e-08
1.20444e-08
1.04838e-08
9.08059e-09
7.82326e-09
6.70067e-09
5.7023e-09
4.81826e-09
4.03932e-09
3.35691e-09
2.76311e-09
2.25059e-09
1.81254e-09
1.44251e-09
1.13429e-09
8.81701e-10
6.78503e-10
5.18297e-10
3.94565e-10
3.00835e-10
2.31009e-10
1.79417e-10
1.4137e-10
1.1309e-10
9.17044e-11
7.51407e-11
6.19776e-11
5.12723e-11
4.24133e-11
3.50023e-11
2.87734e-11
2.35379e-11
1.91511e-11
1.54954e-11
1.24683e-11
9.97842e-12
7.94665e-12
6.29869e-12
4.96828e-12
3.90348e-12
3.05961e-12
2.39118e-12
1.86389e-12
1.45433e-12
1.13515e-12
8.80986e-13
6.84028e-13
5.40257e-13
4.31359e-13
3.41419e-13
2.67289e-13
2.07632e-13
1.60571e-13
1.24171e-13
9.64519e-14
7.55275e-14
5.97788e-14
4.79048e-14
3.89085e-14
3.20411e-14
2.67506e-14
2.26295e-14
1.93801e-14
1.67832e-14
1.46789e-14
1.29485e-14
1.15055e-14
1.02855e-14
9.24142e-15
8.33737e-15
7.54664e-15
6.8484e-15
6.22792e-15
5.67291e-15
5.1747e-15
4.72525e-15
4.31842e-15
3.94944e-15
3.61423e-15
3.30872e-15
3.03072e-15
2.77744e-15
2.54503e-15
2.33438e-15
2.14205e-15
1.96579e-15
1.80437e-15
1.65626e-15
1.52036e-15
1.39519e-15
1.27938e-15
1.17159e-15
1.07083e-15
9.75992e-16
8.85912e-16
7.99118e-16
7.1412e-16
6.29145e-16
5.42319e-16
4.51356e-16
3.53666e-16
2.46021e-16
1.24593e-16
0
0
0
0
0
0
0
0
0
0
0
0
0
0
0
0
0
0
0
0
0
0
0
0
0
0
0
0
0
0
0
0
0
0
0
4.14469e-09
2.22044e-08
4.13001e-08
5.97739e-08
7.68656e-08
9.30992e-08
1.07588e-07
1.19458e-07
1.28844e-07
1.36855e-07
1.43487e-07
1.47795e-07
1.49632e-07
1.49398e-07
1.47554e-07
1.44357e-07
1.40037e-07
1.34827e-07
1.28939e-07
1.22565e-07
1.15871e-07
1.09e-07
1.02072e-07
9.5186e-08
8.84224e-08
8.18444e-08
7.55008e-08
6.94276e-08
6.36501e-08
5.81848e-08
5.30408e-08
4.8221e-08
4.3724e-08
3.95442e-08
3.56724e-08
3.20959e-08
2.88001e-08
2.57751e-08
2.3012e-08
2.04971e-08
1.82148e-08
1.61461e-08
1.42753e-08
1.25879e-08
1.10701e-08
9.70869e-09
8.49092e-09
7.4047e-09
6.43856e-09
5.58167e-09
4.82387e-09
4.15566e-09
3.56822e-09
3.05335e-09
2.60348e-09
2.21167e-09
1.87154e-09
1.57728e-09
1.32358e-09
1.10564e-09
9.19136e-10
7.60155e-10
6.25195e-10
5.11127e-10
4.1516e-10
3.34818e-10
2.67911e-10
2.12507e-10
1.6691e-10
1.29637e-10
9.93947e-11
7.50598e-11
5.56617e-11
4.03632e-11
2.84503e-11
1.93119e-11
1.24299e-11
7.36721e-12
3.75123e-12
1.27302e-12
0
0
0
0
0
0
0
0
0
0
0
0
0
0
0
0
0
0
0
0
0
0
0
0
0
0
0
0
0
0
0
0
0
0
0
0
0
0
0
0
0
0
0
0
0
0
0
0
0
0
0
0
0
0
0
0
0
0
0
0
0
0
0
0
0
0
1.09026e-14
3.7271e-14
7.12246e-14
1.16265e-13
1.779e-13
2.65237e-13
3.94061e-13
5.93505e-13
9.25598e-13
1.5328e-12
2.74645e-12
5.15061e-12
9.6836e-12
1.78969e-11
3.1413e-11
5.48883e-11
8.60827e-11
1.33875e-10
1.62582e-10
2.19683e-10
7.64395e-11
1.04406e-10
0
0
0
0
0
0
0
0
0
0
0
0
0
1.26575e-08
3.35252e-08
5.4837e-08
7.60107e-08
9.7094e-08
1.16694e-07
1.32998e-07
1.45443e-07
1.55233e-07
1.63572e-07
1.69505e-07
1.71966e-07
1.71415e-07
1.68612e-07
1.6402e-07
1.58034e-07
1.51006e-07
1.43251e-07
1.35033e-07
1.26577e-07
1.18061e-07
1.09632e-07
1.01399e-07
9.34474e-08
8.58364e-08
7.86071e-08
7.17846e-08
6.53816e-08
5.94011e-08
5.38388e-08
4.8685e-08
4.39258e-08
3.95448e-08
3.55239e-08
3.18435e-08
2.84833e-08
2.54205e-08
2.26328e-08
2.01086e-08
1.78253e-08
1.57648e-08
1.39097e-08
1.22433e-08
1.07501e-08
9.41523e-09
8.22469e-09
7.16552e-09
6.22557e-09
5.39356e-09
4.65901e-09
4.01225e-09
3.44434e-09
2.94709e-09
2.51296e-09
2.13509e-09
1.8072e-09
1.52359e-09
1.27911e-09
1.0691e-09
8.89335e-10
7.36061e-10
6.05894e-10
4.9582e-10
4.03154e-10
3.25519e-10
2.6081e-10
2.07175e-10
1.62986e-10
1.26821e-10
9.74378e-11
7.37595e-11
5.48532e-11
3.99147e-11
2.82567e-11
1.92917e-11
1.25194e-11
7.51958e-12
3.92985e-12
1.45489e-12
0
0
0
0
0
0
0
0
0
0
0
0
0
0
0
0
0
0
0
0
0
0
0
0
0
0
0
0
0
0
0
0
0
0
0
0
0
0
0
0
0
0
0
0
0
0
0
0
0
0
0
0
0
0
0
0
0
0
0
0
0
0
0
0
0
3.43926e-13
7.54379e-13
9.93721e-13
1.14002e-12
1.24982e-12
1.35483e-12
1.47667e-12
1.65482e-12
1.91804e-12
2.3499e-12
3.08486e-12
4.31931e-12
6.46794e-12
1.00179e-11
1.62593e-11
2.58395e-11
4.2293e-11
6.19014e-11
9.33842e-11
1.00016e-10
1.50806e-10
2.39867e-11
4.79134e-11
0
0
0
0
0
0
0
0
0
0
0
0
0
3.45878e-09
2.73979e-08
5.36206e-08
8.11522e-08
1.08848e-07
1.34808e-07
1.57231e-07
1.75084e-07
1.88219e-07
1.97723e-07
2.03581e-07
2.05564e-07
2.03848e-07
1.98923e-07
1.91654e-07
1.82746e-07
1.72735e-07
1.62062e-07
1.51082e-07
1.40076e-07
1.2926e-07
1.18789e-07
1.08776e-07
9.92921e-08
9.03804e-08
8.20607e-08
7.43355e-08
6.71942e-08
6.06177e-08
5.45819e-08
4.90574e-08
4.40138e-08
3.94199e-08
3.52441e-08
3.14563e-08
2.80201e-08
2.4908e-08
2.21079e-08
1.95854e-08
1.73163e-08
1.52789e-08
1.3453e-08
1.18197e-08
1.03615e-08
9.06206e-09
7.90658e-09
6.88126e-09
5.97342e-09
5.17142e-09
4.4646e-09
3.84317e-09
3.2982e-09
2.82152e-09
2.40573e-09
2.04407e-09
1.73041e-09
1.45922e-09
1.22551e-09
1.02476e-09
8.52932e-10
7.06404e-10
5.81937e-10
4.76645e-10
3.87966e-10
3.13628e-10
2.51625e-10
2.00191e-10
1.57775e-10
1.23023e-10
9.47529e-11
7.19382e-11
5.369e-11
3.92429e-11
2.79411e-11
1.92252e-11
1.26168e-11
7.71626e-12
4.17417e-12
1.71166e-12
8.65402e-14
0
0
0
0
0
0
0
0
0
0
0
0
0
0
0
0
0
0
0
0
0
0
0
0
0
0
0
0
0
0
0
0
0
0
0
0
0
0
0
0
0
0
0
0
0
0
0
0
0
0
0
0
0
0
0
0
0
0
0
0
0
0
0
0
1.328e-13
4.47711e-13
6.84617e-13
8.59597e-13
9.97256e-13
1.11704e-12
1.24588e-12
1.40488e-12
1.62994e-12
1.984e-12
2.57032e-12
3.54225e-12
5.19194e-12
7.8879e-12
1.24062e-11
1.92064e-11
2.99946e-11
4.21424e-11
5.95735e-11
5.8335e-11
8.41172e-11
1.99709e-12
0
0
0
0
0
0
0
0
0
0
0
0
0
0
0
2.31509e-08
5.83444e-08
9.64358e-08
1.34972e-07
1.71223e-07
2.0251e-07
2.27106e-07
2.44719e-07
2.55e-07
2.58933e-07
2.57958e-07
2.52633e-07
2.43291e-07
2.31047e-07
2.1706e-07
2.02159e-07
1.86917e-07
1.71775e-07
1.57065e-07
1.43012e-07
1.29758e-07
1.17386e-07
1.05929e-07
9.53839e-08
8.57303e-08
7.69296e-08
6.89304e-08
6.16774e-08
5.51221e-08
4.92022e-08
4.38641e-08
3.9063e-08
3.4741e-08
3.08408e-08
2.7341e-08
2.42186e-08
2.14205e-08
1.89155e-08
1.66761e-08
1.46766e-08
1.28936e-08
1.13059e-08
9.89404e-09
8.64048e-09
7.52929e-09
6.546e-09
5.67749e-09
4.91186e-09
4.23829e-09
3.64702e-09
3.12915e-09
2.67667e-09
2.28232e-09
1.93952e-09
1.64237e-09
1.38553e-09
1.16421e-09
9.74109e-10
8.11377e-10
6.7257e-10
5.54615e-10
4.54782e-10
3.70646e-10
3.00063e-10
2.4114e-10
1.9221e-10
1.51813e-10
1.18671e-10
9.16681e-11
6.98378e-11
5.23414e-11
3.84565e-11
2.75636e-11
1.91344e-11
1.2717e-11
7.93175e-12
4.45023e-12
2.00409e-12
3.6533e-13
0
0
0
0
0
0
0
0
0
0
0
0
0
0
0
0
0
0
0
0
0
0
0
0
0
0
0
0
0
0
0
0
0
0
0
0
0
0
0
0
0
0
0
0
0
0
0
0
0
0
0
0
0
0
0
0
0
0
0
0
0
0
0
0
0
2.68944e-13
4.9092e-13
6.62721e-13
7.99133e-13
9.15185e-13
1.03296e-12
1.16337e-12
1.34669e-12
1.61587e-12
2.05051e-12
2.76225e-12
3.9369e-12
5.8337e-12
8.84976e-12
1.32848e-11
1.96139e-11
2.61441e-11
3.51211e-11
2.90928e-11
3.25633e-11
0
0
0
0
0
0
0
0
0
0
0
0
0
0
0
0
1.96816e-08
7.19849e-08
1.29816e-07
1.87693e-07
2.40622e-07
2.84468e-07
3.17252e-07
3.37866e-07
3.47205e-07
3.46694e-07
3.38465e-07
3.2451e-07
3.06327e-07
2.85354e-07
2.63051e-07
2.40597e-07
2.1856e-07
1.97427e-07
1.77584e-07
1.5919e-07
1.42311e-07
1.26945e-07
1.13051e-07
1.00541e-07
8.93267e-08
7.93027e-08
7.03559e-08
6.23693e-08
5.5297e-08
4.8992e-08
4.3369e-08
3.8352e-08
3.38743e-08
2.99204e-08
2.64222e-08
2.33072e-08
2.05365e-08
1.80742e-08
1.58871e-08
1.39457e-08
1.22236e-08
1.06971e-08
9.34524e-09
8.14936e-09
7.09269e-09
6.16028e-09
5.33872e-09
4.61598e-09
3.98129e-09
3.42497e-09
2.93832e-09
2.51353e-09
2.14359e-09
1.82219e-09
1.54369e-09
1.30302e-09
1.09563e-09
9.1748e-10
7.64932e-10
6.34756e-10
5.24074e-10
4.30332e-10
3.51265e-10
2.8487e-10
2.29382e-10
1.83247e-10
1.45102e-10
1.13757e-10
8.81716e-11
6.74441e-11
5.07914e-11
3.75394e-11
2.71089e-11
1.90057e-11
1.28072e-11
8.15586e-12
4.74718e-12
2.32462e-12
6.77791e-13
0
0
0
0
0
0
0
0
0
0
0
0
0
0
0
0
0
0
0
0
0
0
0
0
0
0
0
0
0
0
0
0
0
0
0
0
0
0
0
0
0
0
0
0
0
0
0
0
0
0
0
0
0
0
0
0
0
0
0
0
0
0
0
0
0
1.06941e-13
3.07886e-13
4.69599e-13
5.99411e-13
7.08962e-13
8.10466e-13
9.18677e-13
1.05776e-12
1.24813e-12
1.54509e-12
2.02356e-12
2.78539e-12
3.99225e-12
5.78098e-12
8.31901e-12
1.14082e-11
1.45727e-11
1.60267e-11
1.15999e-11
5.40374e-12
0
0
0
0
0
0
0
0
0
0
0
0
0
0
0
0
1.17549e-08
9.94469e-08
1.95749e-07
2.8854e-07
3.71268e-07
4.32258e-07
4.72651e-07
4.91329e-07
4.91959e-07
4.78187e-07
4.54041e-07
4.23642e-07
3.90001e-07
3.54935e-07
3.20094e-07
2.87153e-07
2.55944e-07
2.26977e-07
2.00886e-07
1.77268e-07
1.56037e-07
1.37092e-07
1.20317e-07
1.0554e-07
9.25624e-08
8.11819e-08
7.12138e-08
6.24942e-08
5.48268e-08
4.8107e-08
4.22203e-08
3.70804e-08
3.26113e-08
2.86765e-08
2.52006e-08
2.21342e-08
1.94295e-08
1.70433e-08
1.49375e-08
1.30789e-08
1.14387e-08
9.99144e-09
8.71497e-09
7.58974e-09
6.59859e-09
5.72632e-09
4.95951e-09
4.28625e-09
3.69597e-09
3.17926e-09
2.72774e-09
2.33393e-09
1.99117e-09
1.6935e-09
1.4356e-09
1.21273e-09
1.02065e-09
8.55584e-10
7.14176e-10
5.9343e-10
4.90686e-10
4.03587e-10
3.30044e-10
2.68214e-10
2.1647e-10
1.73382e-10
1.37697e-10
1.08316e-10
8.42816e-11
6.4763e-11
4.90379e-11
3.64839e-11
2.65656e-11
1.88263e-11
1.28751e-11
8.37802e-12
5.05575e-12
2.66311e-12
1.01133e-12
0
0
0
0
0
0
0
0
0
0
0
0
0
0
0
0
0
0
0
0
0
0
0
0
0
0
0
0
0
0
0
0
0
0
0
0
0
0
0
0
0
0
0
0
0
0
0
0
0
0
0
0
0
0
0
0
0
0
0
0
0
0
0
0
0
0
1.33861e-13
2.81257e-13
4.01266e-13
5.00662e-13
5.87494e-13
6.74687e-13
7.69141e-13
8.98622e-13
1.07859e-12
1.36025e-12
1.7851e-12
2.44184e-12
3.31435e-12
4.48236e-12
5.56929e-12
6.00782e-12
5.4536e-12
1.01943e-12
0
0
0
0
0
0
0
0
0
0
0
0
0
0
0
0
0
0
1.53179e-07
3.2542e-07
4.79424e-07
6.12352e-07
6.81416e-07
7.22535e-07
7.22585e-07
6.97517e-07
6.53491e-07
6.00181e-07
5.43325e-07
4.85826e-07
4.30734e-07
3.79338e-07
3.33762e-07
2.92054e-07
2.53867e-07
2.19807e-07
1.90149e-07
1.64414e-07
1.42216e-07
1.23102e-07
1.06657e-07
9.24978e-08
8.02992e-08
6.97918e-08
6.0737e-08
5.29014e-08
4.61656e-08
4.03608e-08
3.53073e-08
3.08787e-08
2.70074e-08
2.36252e-08
2.06677e-08
1.80787e-08
1.58098e-08
1.38196e-08
1.20726e-08
1.05381e-08
9.1899e-09
8.0052e-09
6.96427e-09
6.04992e-09
5.24717e-09
4.54289e-09
3.92555e-09
3.38502e-09
2.91235e-09
2.49963e-09
2.13985e-09
1.8268e-09
1.55494e-09
1.31939e-09
1.11576e-09
9.40186e-10
7.8921e-10
6.59768e-10
5.49135e-10
4.54896e-10
3.74908e-10
3.07276e-10
2.50328e-10
2.02588e-10
1.62761e-10
1.29708e-10
1.0243e-10
8.00607e-11
6.18409e-11
4.71142e-11
3.53134e-11
2.59492e-11
1.86061e-11
1.29248e-11
8.60117e-12
5.37786e-12
3.0269e-12
1.37421e-12
2.69115e-13
0
0
0
0
0
0
0
0
0
0
0
0
0
0
0
0
0
0
0
0
0
0
0
0
0
0
0
0
0
0
0
0
0
0
0
0
0
0
0
0
0
0
0
0
0
0
0
0
0
0
0
0
0
0
0
0
0
0
0
0
0
0
0
0
0
0
1.09625e-13
2.15411e-13
3.02145e-13
3.74929e-13
4.3904e-13
5.04416e-13
5.76258e-13
6.70604e-13
8.0409e-13
9.84212e-13
1.25078e-12
1.52519e-12
1.96176e-12
1.84062e-12
1.64939e-12
1.13995e-13
0
0
0
0
0
0
0
0
0
0
0
0
0
0
0
0
0
0
0
2.51671e-07
5.63213e-07
7.96697e-07
9.97694e-07
1.03425e-06
1.06692e-06
1.01976e-06
9.49254e-07
8.55969e-07
7.60352e-07
6.67006e-07
5.76287e-07
4.94602e-07
4.23763e-07
3.59248e-07
3.04411e-07
2.58473e-07
2.20096e-07
1.87871e-07
1.60894e-07
1.38153e-07
1.18861e-07
1.02444e-07
8.84383e-08
7.64678e-08
6.62195e-08
5.74349e-08
4.98938e-08
4.33596e-08
3.76869e-08
3.27765e-08
2.85305e-08
2.48543e-08
2.16656e-08
1.88947e-08
1.64827e-08
1.43797e-08
1.25437e-08
1.09389e-08
9.53471e-09
8.30516e-09
7.22793e-09
6.28388e-09
5.45646e-09
4.73138e-09
4.09621e-09
3.54013e-09
3.05368e-09
2.62859e-09
2.25756e-09
1.93418e-09
1.65279e-09
1.40838e-09
1.1965e-09
1.01324e-09
8.55098e-10
7.18987e-10
6.02163e-10
5.02192e-10
4.16917e-10
3.44426e-10
2.8303e-10
2.31237e-10
1.87731e-10
1.51356e-10
1.21094e-10
9.60546e-11
7.54596e-11
5.86295e-11
4.4976e-11
3.39898e-11
2.52286e-11
1.8319e-11
1.29349e-11
8.80696e-12
5.69954e-12
3.40572e-12
1.76613e-12
6.43543e-13
0
0
0
0
0
0
0
0
0
0
0
0
0
0
0
0
0
0
0
0
0
0
0
0
0
0
0
0
0
0
0
0
0
0
0
0
0
0
0
0
0
0
0
0
0
0
0
0
0
0
0
0
0
0
0
0
0
0
0
0
0
0
0
0
0
0
0
3.06982e-14
1.05242e-13
1.65228e-13
2.13707e-13
2.53738e-13
2.8997e-13
3.21662e-13
3.65411e-13
3.94156e-13
4.51745e-13
4.15867e-13
4.04645e-13
8.09902e-14
0
0
0
0
0
0
0
0
0
0
0
0
0
0
0
0
0
0
0
0
0
4.54248e-07
1.01096e-06
1.40203e-06
1.70134e-06
1.64714e-06
1.63451e-06
1.46053e-06
1.29254e-06
1.10855e-06
9.45254e-07
7.91788e-07
6.53539e-07
5.35114e-07
4.38261e-07
3.60015e-07
2.97897e-07
2.4933e-07
2.09859e-07
1.77427e-07
1.50537e-07
1.28164e-07
1.09487e-07
9.38087e-08
8.0596e-08
6.94088e-08
5.98815e-08
5.17276e-08
4.47362e-08
3.87482e-08
3.36148e-08
2.92011e-08
2.53951e-08
2.21051e-08
1.9255e-08
1.67814e-08
1.46309e-08
1.27582e-08
1.11252e-08
9.69945e-09
8.45327e-09
7.36313e-09
6.40888e-09
5.57321e-09
4.84123e-09
4.20006e-09
3.63855e-09
3.14703e-09
2.71704e-09
2.3412e-09
2.01304e-09
1.72687e-09
1.47769e-09
1.26107e-09
1.07311e-09
9.10355e-10
7.69733e-10
6.48533e-10
5.44348e-10
4.55046e-10
3.78735e-10
3.1374e-10
2.58577e-10
2.11938e-10
1.72666e-10
1.39745e-10
1.1228e-10
8.94843e-11
7.06718e-11
5.52425e-11
4.2674e-11
3.2512e-11
2.4371e-11
1.79161e-11
1.28528e-11
8.93825e-12
5.95412e-12
3.72193e-12
2.09782e-12
9.61662e-13
2.0561e-13
0
0
0
0
0
0
0
0
0
0
0
0
0
0
0
0
0
0
0
0
0
0
0
0
0
0
0
0
0
0
0
0
0
0
0
0
0
0
0
0
0
0
0
0
0
0
0
0
0
0
0
0
0
0
0
0
0
0
0
0
0
0
0
0
0
0
0
0
0
0
1.74962e-14
3.79283e-14
4.59418e-14
4.57375e-14
2.63673e-14
0
0
0
0
0
0
0
0
0
0
0
0
0
0
0
0
0
0
0
0
0
0
0
0
0
1.13016e-06
2.194e-06
2.95183e-06
3.35504e-06
3.04894e-06
2.79875e-06
2.24576e-06
1.81753e-06
1.43702e-06
1.13286e-06
8.83475e-07
6.89518e-07
5.40553e-07
4.27142e-07
3.42966e-07
2.76957e-07
2.24172e-07
1.82703e-07
1.50096e-07
1.24417e-07
1.04154e-07
8.7999e-08
7.49594e-08
6.42729e-08
5.53767e-08
4.78888e-08
4.15689e-08
3.61927e-08
3.15792e-08
2.75934e-08
2.41339e-08
2.11214e-08
1.84923e-08
1.61939e-08
1.41822e-08
1.24201e-08
1.08753e-08
9.51973e-09
8.32935e-09
7.2834e-09
6.364e-09
5.55565e-09
4.84489e-09
4.22002e-09
3.67082e-09
3.18834e-09
2.76474e-09
2.39315e-09
2.06748e-09
1.7824e-09
1.53318e-09
1.31561e-09
1.12601e-09
9.6107e-10
8.17875e-10
6.93828e-10
5.86621e-10
4.94205e-10
4.14757e-10
3.46657e-10
2.88467e-10
2.38913e-10
1.96864e-10
1.6132e-10
1.31397e-10
1.06319e-10
8.54022e-11
6.80467e-11
5.37278e-11
4.19891e-11
3.24292e-11
2.47098e-11
1.85282e-11
1.36243e-11
9.7826e-12
6.80315e-12
4.52859e-12
2.83057e-12
1.58967e-12
7.22156e-13
1.44686e-13
0
0
0
0
0
0
0
0
0
0
0
0
0
0
0
0
0
0
0
0
0
0
0
0
0
0
0
0
0
0
0
0
0
0
0
0
0
0
0
0
0
0
0
0
0
0
0
0
0
0
0
0
0
0
0
0
0
0
0
0
0
0
0
0
0
0
0
0
0
0
0
0
0
0
0
0
0
0
0
0
0
0
0
0
0
0
0
0
0
0
0
0
0
0
0
0
0
0
1.61564e-07
1.86823e-06
3.45227e-06
4.8139e-06
5.21734e-06
4.74239e-06
4.06856e-06
3.00521e-06
2.17376e-06
1.57032e-06
1.15587e-06
8.66343e-07
6.55007e-07
5.01777e-07
3.86439e-07
2.96666e-07
2.28651e-07
1.77623e-07
1.39213e-07
1.10376e-07
8.86517e-08
7.20881e-08
5.93718e-08
4.95404e-08
4.18856e-08
3.59232e-08
3.12431e-08
2.74382e-08
2.42609e-08
2.15513e-08
1.9201e-08
1.71347e-08
1.52986e-08
1.3654e-08
1.21716e-08
1.08294e-08
9.61498e-09
8.52675e-09
7.55354e-09
6.68338e-09
5.90565e-09
5.21094e-09
4.59085e-09
4.03791e-09
3.54537e-09
3.10718e-09
2.71788e-09
2.37252e-09
2.06663e-09
1.79616e-09
1.55746e-09
1.34719e-09
1.16233e-09
1.00015e-09
8.58182e-10
7.34196e-10
6.26175e-10
5.323e-10
4.50936e-10
3.80615e-10
3.20017e-10
2.67963e-10
2.23398e-10
1.85374e-10
1.53051e-10
1.25678e-10
1.02593e-10
8.32123e-11
6.70193e-11
5.3561e-11
4.24398e-11
3.33064e-11
2.58628e-11
1.98365e-11
1.49977e-11
1.11499e-11
8.11266e-12
5.73972e-12
3.91858e-12
2.54929e-12
1.53617e-12
8.08762e-13
3.0273e-13
0
0
0
0
0
0
0
0
0
0
0
0
0
0
0
0
0
0
0
0
0
0
0
0
0
0
0
0
0
0
0
0
0
0
0
0
0
0
0
0
0
0
0
0
0
0
0
0
0
0
0
0
0
0
0
0
0
0
0
0
0
0
0
0
0
0
0
0
0
0
0
0
0
0
0
0
0
0
0
0
0
0
0
0
0
0
0
0
0
0
0
0
0
2.19164e-06
4.95703e-06
3.76119e-06
0
0
0
0
1.68354e-06
3.49792e-06
4.21481e-06
3.77484e-06
2.86479e-06
1.97386e-06
1.37023e-06
9.65941e-07
6.93397e-07
5.09418e-07
3.81887e-07
2.90261e-07
2.23255e-07
1.73163e-07
1.35042e-07
1.05726e-07
8.3092e-08
6.5633e-08
5.22118e-08
4.19106e-08
3.40032e-08
2.79166e-08
2.3176e-08
1.94635e-08
1.65491e-08
1.4242e-08
1.23946e-08
1.08954e-08
9.66084e-09
8.62928e-09
7.75572e-09
7.00733e-09
6.35968e-09
5.7879e-09
5.26368e-09
4.77845e-09
4.32876e-09
3.91222e-09
3.52691e-09
3.17119e-09
2.84356e-09
2.54259e-09
2.26688e-09
2.01503e-09
1.78568e-09
1.57748e-09
1.38908e-09
1.21916e-09
1.0664e-09
9.29538e-10
8.07322e-10
6.98591e-10
6.02334e-10
5.17512e-10
4.4302e-10
3.77821e-10
3.2095e-10
2.71519e-10
2.28713e-10
1.91782e-10
1.60039e-10
1.32864e-10
1.09695e-10
9.00299e-11
7.34158e-11
5.94503e-11
4.77772e-11
3.80762e-11
3.00699e-11
2.35078e-11
1.81657e-11
1.38569e-11
1.0407e-11
7.67078e-12
5.52159e-12
3.85689e-12
2.59805e-12
1.65287e-12
9.48149e-13
4.50434e-13
1.23297e-13
0
0
0
0
0
0
0
0
0
0
0
0
0
0
0
0
0
0
0
0
0
0
0
0
0
0
0
0
0
0
0
0
0
0
0
0
0
0
0
0
0
0
0
0
0
0
0
0
0
0
0
0
0
0
0
0
0
0
0
0
0
0
0
0
0
0
0
0
0
0
0
0
0
0
0
0
0
0
0
0
0
0
0
0
0
0
0
0
0
0
1.10372e-06
8.74492e-06
2.40904e-05
3.71369e-05
2.07881e-05
0
0
0
0
0
0
0
1.51385e-06
1.60775e-06
1.18172e-06
7.52809e-07
4.75464e-07
3.22923e-07
2.40251e-07
1.88931e-07
1.5199e-07
1.22304e-07
9.79812e-08
7.81544e-08
6.21639e-08
4.9391e-08
3.92667e-08
3.12795e-08
2.50042e-08
2.00936e-08
1.62673e-08
1.32886e-08
1.09358e-08
9.07204e-09
7.59821e-09
6.43003e-09
5.50006e-09
4.75462e-09
4.15095e-09
3.65548e-09
3.24252e-09
2.89271e-09
2.59174e-09
2.32921e-09
2.09751e-09
1.89103e-09
1.70558e-09
1.53798e-09
1.38584e-09
1.24728e-09
1.12086e-09
1.00543e-09
9.00024e-10
8.03848e-10
7.1621e-10
6.36493e-10
5.64122e-10
4.98554e-10
4.39278e-10
3.85814e-10
3.37693e-10
2.94341e-10
2.55333e-10
2.20406e-10
1.89301e-10
1.61746e-10
1.37468e-10
1.16188e-10
9.76314e-11
8.15333e-11
6.7644e-11
5.57291e-11
4.55667e-11
3.69514e-11
2.96952e-11
2.36289e-11
1.8595e-11
1.4454e-11
1.1077e-11
8.34819e-12
6.17068e-12
4.45037e-12
3.11023e-12
2.08268e-12
1.30792e-12
7.46554e-13
3.57345e-13
8.56692e-14
0
0
0
0
0
0
0
0
0
0
0
0
0
0
0
0
0
0
0
0
0
0
0
0
0
0
0
0
0
0
0
0
0
0
0
0
0
0
0
0
0
0
0
0
0
0
0
0
0
0
0
0
0
0
0
0
0
0
0
0
0
0
0
0
0
0
0
0
0
0
0
0
0
0
0
0
0
0
0
0
0
0
0
0
0
0
0
0
0
0
0
0
0
4.77199e-06
1.7292e-05
1.50383e-05
0
0
0
0
0
0
0
0
0
6.35325e-07
5.39733e-07
3.22772e-07
1.92856e-07
1.31036e-07
1.00421e-07
8.16328e-08
6.75898e-08
5.61629e-08
4.63884e-08
3.79367e-08
3.07658e-08
2.48516e-08
2.00692e-08
1.62377e-08
1.3177e-08
1.07336e-08
8.77559e-09
7.19455e-09
5.90673e-09
4.85534e-09
4.00357e-09
3.31655e-09
2.76226e-09
2.31575e-09
1.95662e-09
1.66752e-09
1.4339e-09
1.24387e-09
1.08789e-09
9.5823e-10
8.48785e-10
7.55045e-10
6.73728e-10
6.02371e-10
5.39108e-10
4.82521e-10
4.31545e-10
3.85382e-10
3.43433e-10
3.05251e-10
2.70496e-10
2.38891e-10
2.102e-10
1.84214e-10
1.60744e-10
1.39621e-10
1.20683e-10
1.03773e-10
8.87408e-11
7.54422e-11
6.3737e-11
5.34892e-11
4.45674e-11
3.68445e-11
3.01971e-11
2.45117e-11
1.96839e-11
1.56196e-11
1.22239e-11
9.41276e-12
7.10881e-12
5.24308e-12
3.75423e-12
2.5839e-12
1.68196e-12
1.00156e-12
5.0392e-13
1.56323e-13
0
0
0
0
0
0
0
0
0
0
0
0
0
0
0
0
0
0
0
0
0
0
0
0
0
0
0
0
0
0
0
0
0
0
0
0
0
0
0
0
0
0
0
0
0
0
0
0
0
0
0
0
0
0
0
0
0
0
0
0
0
0
0
0
0
0
0
0
0
0
0
0
0
0
0
0
0
0
0
0
0
0
0
0
0
0
0
0
0
0
0
0
0
3.30962e-08
0
0
0
0
0
0
0
0
0
0
0
0
0
0
0
0
0
3.04549e-07
2.02216e-07
8.78117e-08
4.91741e-08
3.9106e-08
3.57155e-08
3.2867e-08
2.92793e-08
2.56082e-08
2.20933e-08
1.86987e-08
1.55199e-08
1.27195e-08
1.03812e-08
8.49132e-09
6.97475e-09
5.74875e-09
4.75018e-09
3.93305e-09
3.26023e-09
2.69993e-09
2.23143e-09
1.84351e-09
1.52218e-09
1.25707e-09
1.03926e-09
8.61152e-10
7.16029e-10
5.97917e-10
5.01773e-10
4.23547e-10
3.59816e-10
3.0741e-10
2.63977e-10
2.27718e-10
1.97213e-10
1.71334e-10
1.49182e-10
1.30049e-10
1.13379e-10
9.87387e-11
8.57997e-11
7.43147e-11
6.40953e-11
5.49999e-11
4.69145e-11
3.97484e-11
3.34229e-11
2.78652e-11
2.30099e-11
1.87972e-11
1.51725e-11
1.20779e-11
9.46209e-12
7.27195e-12
5.45616e-12
3.97273e-12
2.78074e-12
1.84249e-12
1.11843e-12
5.76184e-13
1.84936e-13
0
0
0
0
0
0
0
0
0
0
0
0
0
0
0
0
0
0
0
0
0
0
0
0
0
0
0
0
0
0
0
0
0
0
0
0
0
0
0
0
0
0
0
0
0
0
0
0
0
0
0
0
0
0
0
0
0
0
0
0
0
0
0
0
0
0
0
0
0
0
0
0
0
0
0
0
0
0
0
0
0
0
0
0
0
0
0
0
0
0
0
0
0
0
0
0
0
0
1.03742e-08
3.72847e-08
1.90184e-07
3.26256e-07
6.12724e-07
8.92379e-07
2.55559e-07
0
0
0
0
0
0
0
0
8.29417e-06
1.23985e-05
3.44155e-06
0
1.78169e-07
2.93422e-07
8.38625e-08
0
0
2.84322e-09
1.01654e-08
1.30271e-08
1.32552e-08
1.22131e-08
1.08476e-08
9.45211e-09
8.07568e-09
6.77968e-09
5.63231e-09
4.66653e-09
3.8768e-09
3.23333e-09
2.70454e-09
2.26603e-09
1.90038e-09
1.59372e-09
1.33277e-09
1.10801e-09
9.16541e-10
7.55772e-10
6.21415e-10
5.09829e-10
4.17857e-10
3.42454e-10
2.80604e-10
2.29686e-10
1.87774e-10
1.53564e-10
1.25657e-10
1.02849e-10
8.41785e-11
6.88748e-11
5.63192e-11
4.60186e-11
3.75726e-11
3.06447e-11
2.49541e-11
2.0267e-11
1.6382e-11
1.31531e-11
1.04681e-11
8.23559e-12
6.38489e-12
4.8511e-12
3.58684e-12
2.56007e-12
1.7407e-12
1.09698e-12
6.05384e-13
2.41255e-13
0
0
0
0
0
0
0
0
0
0
0
0
0
0
0
0
0
0
0
0
0
0
0
0
0
0
0
0
0
0
0
0
0
0
0
0
0
0
0
0
0
0
0
0
0
0
0
0
0
0
0
0
0
0
0
0
0
0
0
0
0
0
0
0
0
0
0
0
0
0
0
0
0
0
0
0
0
0
0
0
0
0
0
0
0
0
0
0
0
0
0
0
0
0
0
0
0
0
0
0
0
0
0
0
0
5.03168e-08
1.05367e-07
3.05562e-07
5.8498e-07
1.08951e-06
1.66297e-06
1.86504e-06
1.1467e-06
0
0
0
0
0
0
0
2.2013e-05
1.22093e-05
3.81734e-06
4.05726e-07
2.5624e-07
2.2844e-07
6.24302e-08
0
0
0
2.77608e-09
5.20541e-09
5.99323e-09
5.89445e-09
5.49358e-09
5.01311e-09
4.48902e-09
3.96794e-09
3.47121e-09
3.00339e-09
2.57246e-09
2.18638e-09
1.84847e-09
1.55796e-09
1.31132e-09
1.10353e-09
9.28605e-10
7.8078e-10
6.54452e-10
5.44576e-10
4.48925e-10
3.66089e-10
2.95348e-10
2.36606e-10
1.89394e-10
1.51347e-10
1.20762e-10
9.61574e-11
7.63355e-11
6.03599e-11
4.74858e-11
3.71165e-11
2.87734e-11
2.20782e-11
1.67313e-11
1.24867e-11
9.14241e-12
6.53978e-12
4.55233e-12
3.06037e-12
1.96681e-12
1.19152e-12
6.58723e-13
2.98059e-13
6.17993e-14
0
0
0
0
0
0
0
0
0
0
0
0
0
0
0
0
0
0
0
0
0
0
0
0
0
0
0
0
0
0
0
0
0
0
0
0
0
0
0
0
0
0
0
0
0
0
0
0
0
0
0
0
0
0
0
0
0
0
0
0
0
0
0
0
0
0
0
0
0
0
0
0
0
0
0
0
0
0
0
0
0
0
0
0
0
0
0
0
0
0
0
0
0
0
0
0
0
0
0
0
0
0
0
0
0
0
0
0
0
0
1.75951e-07
2.57292e-07
3.65668e-07
5.51892e-07
1.07811e-06
1.64412e-06
2.07666e-06
1.94237e-06
1.47339e-06
2.66863e-08
0
0
0
0
3.23896e-06
9.42132e-06
6.79885e-06
1.9368e-06
8.93175e-08
2.90299e-07
2.31346e-07
8.96305e-08
2.19243e-08
8.65568e-09
1.05637e-08
1.00917e-08
8.41428e-09
7.17312e-09
6.14466e-09
5.32892e-09
4.74588e-09
4.19683e-09
3.64082e-09
3.14252e-09
2.72266e-09
2.36076e-09
2.03365e-09
1.73412e-09
1.46421e-09
1.22732e-09
1.02415e-09
8.52587e-10
7.09177e-10
5.90437e-10
4.91842e-10
4.09218e-10
3.39264e-10
2.79539e-10
2.2771e-10
1.82504e-10
1.44286e-10
1.12797e-10
8.75988e-11
6.75671e-11
5.16979e-11
3.91956e-11
2.93989e-11
2.17667e-11
1.58606e-11
1.13287e-11
7.88715e-12
5.30594e-12
3.40141e-12
2.02762e-12
1.06997e-12
4.37899e-13
5.49275e-14
0
0
0
0
0
0
0
0
0
0
0
0
0
0
0
0
0
0
0
0
0
0
0
0
0
0
0
0
0
0
0
0
0
0
0
0
0
0
0
0
0
0
0
0
0
0
0
0
0
0
0
0
0
0
0
0
0
0
0
0
0
0
0
0
0
0
0
0
0
0
0
0
0
0
0
0
0
0
0
0
0
0
0
0
0
0
0
0
0
0
0
0
0
0
0
0
0
0
0
0
0
0
0
0
0
0
0
0
0
0
0
0
0
6.60277e-07
7.02161e-07
5.75249e-07
2.71842e-07
5.56853e-07
1.00412e-06
1.4085e-06
1.35009e-06
1.1922e-06
6.58311e-07
0
0
0
0
2.44554e-06
4.80001e-06
2.23247e-06
0
5.18645e-08
2.84304e-07
1.9751e-07
1.06782e-07
5.63485e-08
4.01714e-08
3.4984e-08
2.81636e-08
2.11818e-08
1.60851e-08
1.2548e-08
1.00112e-08
8.05017e-09
6.59039e-09
5.42101e-09
4.42024e-09
3.59196e-09
2.96048e-09
2.48462e-09
2.09302e-09
1.75584e-09
1.46353e-09
1.21408e-09
1.00455e-09
8.29763e-10
6.84293e-10
5.63912e-10
4.64898e-10
3.83543e-10
3.15986e-10
2.59579e-10
2.12187e-10
1.72328e-10
1.38601e-10
1.09926e-10
8.6091e-11
6.6723e-11
5.12044e-11
3.88441e-11
2.90803e-11
2.14367e-11
1.55075e-11
1.09552e-11
7.50186e-12
4.91997e-12
3.02665e-12
1.67586e-12
7.50019e-13
1.49054e-13
0
0
0
0
0
0
0
0
0
0
0
0
0
0
0
0
0
0
0
0
0
0
0
0
0
0
0
0
0
0
0
0
0
0
0
0
0
0
0
0
0
0
0
0
0
0
0
0
0
0
0
0
0
0
0
0
0
0
0
0
0
0
0
0
0
0
0
0
0
0
0
0
0
0
0
0
0
0
0
0
0
0
0
0
0
0
0
0
0
0
0
0
0
0
0
0
0
0
0
0
0
0
0
0
0
0
0
0
0
0
0
0
0
3.1532e-06
8.15308e-07
3.02952e-08
0
0
4.84265e-08
3.25082e-07
3.3961e-07
2.14352e-07
0
0
0
0
2.89211e-07
1.43098e-06
3.05982e-07
0
0
2.89139e-07
2.94912e-07
2.03443e-07
1.3848e-07
9.86835e-08
7.52589e-08
5.9685e-08
4.66201e-08
3.55192e-08
2.6996e-08
2.1236e-08
1.69559e-08
1.33061e-08
1.04443e-08
8.35016e-09
6.70001e-09
5.33447e-09
4.22153e-09
3.37407e-09
2.75699e-09
2.27864e-09
1.88344e-09
1.55098e-09
1.27545e-09
1.05116e-09
8.69213e-10
7.2004e-10
5.96035e-10
4.92263e-10
4.05809e-10
3.34191e-10
2.75062e-10
2.25781e-10
1.84614e-10
1.50135e-10
1.21275e-10
9.7125e-11
7.69995e-11
6.04631e-11
4.70116e-11
3.61881e-11
2.7565e-11
2.07278e-11
1.53428e-11
1.11361e-11
7.88228e-12
5.39546e-12
3.52413e-12
2.14493e-12
1.15566e-12
4.69937e-13
1.24316e-14
0
0
0
0
0
0
0
0
0
0
0
0
0
0
0
0
0
0
0
0
0
0
0
0
0
0
0
0
0
0
0
0
0
0
0
0
0
0
0
0
0
0
0
0
0
0
0
0
0
0
0
0
0
0
0
0
0
0
0
0
0
0
0
0
0
0
0
0
0
0
0
0
0
0
0
0
0
0
0
0
0
0
0
0
0
0
0
0
0
0
0
0
0
0
0
0
0
0
0
0
0
0
0
0
0
0
0
0
0
0
4.31856e-06
0
0
0
0
0
0
0
0
0
0
0
0
0
0
0
0
1.51279e-07
3.66754e-07
2.77729e-07
2.08623e-07
1.63644e-07
1.32847e-07
1.07782e-07
8.44081e-08
6.43651e-08
4.84906e-08
3.64942e-08
2.75255e-08
2.153e-08
1.72464e-08
1.3537e-08
1.06812e-08
8.67554e-09
7.1032e-09
5.71697e-09
4.528e-09
3.59833e-09
2.90846e-09
2.38316e-09
1.95875e-09
1.60476e-09
1.31197e-09
1.07607e-09
8.89689e-10
7.42095e-10
6.22379e-10
5.22263e-10
4.3678e-10
3.63489e-10
3.01331e-10
2.49204e-10
2.05869e-10
1.69641e-10
1.39262e-10
1.13854e-10
9.26071e-11
7.49395e-11
6.02371e-11
4.80508e-11
3.80676e-11
2.9936e-11
2.33421e-11
1.80297e-11
1.37696e-11
1.03746e-11
7.68749e-12
5.57476e-12
3.92692e-12
2.66294e-12
1.71304e-12
1.01087e-12
5.01558e-13
1.39968e-13
0
0
0
0
0
0
0
0
0
0
0
0
0
0
0
0
0
0
0
0
0
0
0
0
0
0
0
0
0
0
0
0
0
0
0
0
0
0
0
0
0
0
0
0
0
0
0
0
0
0
0
0
0
0
0
0
0
0
0
0
0
0
0
0
0
0
0
0
0
0
0
0
0
0
0
0
0
0
0
0
0
0
0
0
0
0
0
0
0
0
0
0
0
0
0
0
0
0
0
0
0
0
0
0
0
0
1.39923e-07
0
0
0
0
0
0
0
0
0
0
0
0
0
0
0
0
3.87283e-07
3.24048e-07
2.49786e-07
2.14306e-07
1.94857e-07
1.6483e-07
1.30102e-07
9.75612e-08
7.06368e-08
5.14263e-08
3.84868e-08
2.91021e-08
2.22028e-08
1.75969e-08
1.44e-08
1.16902e-08
9.51206e-09
7.91458e-09
6.62314e-09
5.4363e-09
4.36318e-09
3.47939e-09
2.80514e-09
2.29838e-09
1.90022e-09
1.56972e-09
1.28967e-09
1.05642e-09
8.68837e-10
7.2235e-10
6.08452e-10
5.1746e-10
4.41458e-10
3.75619e-10
3.17678e-10
2.6683e-10
2.22941e-10
1.85662e-10
1.54386e-10
1.28291e-10
1.06371e-10
8.80002e-11
7.26134e-11
5.97301e-11
4.90041e-11
4.00758e-11
3.26427e-11
2.64996e-11
2.14527e-11
1.73096e-11
1.39129e-11
1.11273e-11
8.83484e-12
6.94898e-12
5.40872e-12
4.15668e-12
3.14262e-12
2.32606e-12
1.67291e-12
1.15461e-12
7.47701e-13
4.32616e-13
1.91993e-13
1.0644e-14
0
0
0
0
0
0
0
0
0
0
0
0
0
0
0
0
0
0
0
0
0
0
0
0
0
0
0
0
0
0
0
0
0
0
0
0
0
0
0
0
0
0
0
0
0
0
0
0
0
0
0
0
0
0
0
0
0
0
0
0
0
0
0
0
0
0
0
0
0
0
0
0
0
0
0
0
0
0
0
0
0
0
0
0
0
0
0
0
0
0
0
0
0
0
0
0
0
0
0
0
0
0
0
0
0
0
0
0
0
0
0
0
0
0
0
3.49903e-07
3.26366e-07
2.58799e-07
2.30419e-07
2.30582e-07
2.13673e-07
1.67596e-07
1.27081e-07
9.62253e-08
7.20897e-08
5.36525e-08
4.03674e-08
3.14268e-08
2.41003e-08
1.79954e-08
1.36806e-08
1.08195e-08
8.88745e-09
7.42521e-09
6.30564e-09
5.3735e-09
4.51263e-09
3.7072e-09
2.99866e-09
2.42452e-09
1.98654e-09
1.65427e-09
1.38856e-09
1.16228e-09
9.65082e-10
7.9673e-10
6.59002e-10
5.50765e-10
4.6711e-10
4.01246e-10
3.46984e-10
3.00069e-10
2.58245e-10
2.20654e-10
1.8713e-10
1.5773e-10
1.32493e-10
1.11132e-10
9.32281e-11
7.82366e-11
6.56178e-11
5.5023e-11
4.61156e-11
3.86075e-11
3.22776e-11
2.69677e-11
2.25445e-11
1.88785e-11
1.58281e-11
1.32842e-11
1.11586e-11
9.3818e-12
7.89776e-12
6.65646e-12
5.61521e-12
4.73702e-12
3.99356e-12
3.36231e-12
2.82475e-12
2.3663e-12
1.97439e-12
1.63879e-12
1.35135e-12
1.1052e-12
8.93783e-13
7.12349e-13
5.57594e-13
4.26542e-13
3.16184e-13
2.23155e-13
1.45685e-13
8.05375e-14
2.64908e-14
0
0
0
0
0
0
0
0
0
0
0
0
0
0
0
0
0
0
0
0
0
0
0
0
0
0
0
0
0
0
0
0
0
0
0
0
0
0
0
0
0
0
0
0
0
0
0
0
0
0
0
0
0
0
0
0
0
0
0
0
0
0
0
0
0
0
0
0
0
0
0
0
0
0
0
0
0
0
0
0
0
0
0
0
0
0
0
0
0
0
0
0
0
0
0
0
0
0
0
0
0
2.72042e-07
2.64813e-07
2.2163e-07
2.10126e-07
2.30765e-07
2.35022e-07
1.98491e-07
1.56561e-07
1.22651e-07
9.46268e-08
7.17215e-08
5.37209e-08
4.02402e-08
3.01027e-08
2.28298e-08
1.74814e-08
1.31888e-08
1.00463e-08
7.97653e-09
6.63658e-09
5.59336e-09
4.71035e-09
3.97933e-09
3.3763e-09
2.8473e-09
2.36428e-09
1.93686e-09
1.58467e-09
1.31404e-09
1.10876e-09
9.44111e-10
8.02215e-10
6.76208e-10
5.66228e-10
4.7402e-10
3.99783e-10
3.41426e-10
2.9535e-10
2.57748e-10
2.25625e-10
1.97123e-10
1.71329e-10
1.4794e-10
1.26923e-10
1.08287e-10
9.20373e-11
7.81117e-11
6.63046e-11
5.63658e-11
4.797e-11
4.08506e-11
3.48129e-11
2.96605e-11
2.52686e-11
2.15601e-11
1.84454e-11
1.58276e-11
1.36236e-11
1.1766e-11
1.01978e-11
8.87203e-12
7.75214e-12
6.80533e-12
6.00281e-12
5.31972e-12
4.73505e-12
4.23273e-12
3.79969e-12
3.42524e-12
3.10024e-12
2.81586e-12
2.56466e-12
2.34111e-12
2.14112e-12
1.96256e-12
1.80295e-12
1.66031e-12
1.53227e-12
1.41608e-12
1.31024e-12
1.2129e-12
1.12397e-12
1.04402e-12
9.7002e-13
9.07014e-13
8.54497e-13
7.96329e-13
7.32356e-13
6.79502e-13
6.45167e-13
6.23079e-13
5.95692e-13
5.47834e-13
4.91992e-13
4.58685e-13
4.48529e-13
4.43974e-13
4.33639e-13
4.11718e-13
3.67713e-13
3.17292e-13
2.78033e-13
2.52344e-13
2.44716e-13
2.52501e-13
2.68147e-13
2.94e-13
3.10339e-13
2.82644e-13
2.4126e-13
2.17949e-13
2.05651e-13
1.95964e-13
1.88157e-13
1.82686e-13
1.79445e-13
1.77589e-13
1.75958e-13
1.74151e-13
1.72476e-13
1.71274e-13
1.70458e-13
1.69628e-13
1.68248e-13
1.65729e-13
1.61428e-13
1.54612e-13
1.44319e-13
1.29159e-13
1.0717e-13
7.58627e-14
3.20492e-14
0
0
0
0
0
0
0
0
0
0
0
0
0
0
0
0
0
0
0
0
0
0
0
0
0
0
0
0
0
0
0
0
0
0
0
0
0
0
0
0
0
0
0
0
0
0
5.10704e-09
1.43236e-07
1.70054e-07
1.5776e-07
1.68271e-07
2.16157e-07
2.3065e-07
2.05344e-07
1.69648e-07
1.36729e-07
1.07139e-07
8.31723e-08
6.35138e-08
4.75585e-08
3.54018e-08
2.63699e-08
1.95462e-08
1.46262e-08
1.15386e-08
9.13235e-09
7.06072e-09
5.64091e-09
4.77067e-09
4.10441e-09
3.44016e-09
2.83675e-09
2.36405e-09
2.00991e-09
1.72003e-09
1.4519e-09
1.20435e-09
9.95089e-10
8.30946e-10
7.05413e-10
6.05189e-10
5.19823e-10
4.44632e-10
3.78751e-10
3.2256e-10
2.76102e-10
2.38488e-10
2.08091e-10
1.83018e-10
1.61652e-10
1.42808e-10
1.25836e-10
1.10483e-10
9.66156e-11
8.41149e-11
7.28962e-11
6.29206e-11
5.41858e-11
4.66465e-11
4.02022e-11
3.47218e-11
3.00201e-11
2.59614e-11
2.24464e-11
1.94024e-11
1.67832e-11
1.454e-11
1.2618e-11
1.09732e-11
9.5757e-12
8.3871e-12
7.3702e-12
6.49699e-12
5.7444e-12
5.09502e-12
4.53417e-12
4.04888e-12
3.62758e-12
3.25946e-12
2.93544e-12
2.64983e-12
2.39935e-12
2.18066e-12
1.98984e-12
1.82251e-12
1.67477e-12
1.54092e-12
1.41925e-12
1.30903e-12
1.20668e-12
1.11511e-12
1.03789e-12
9.67115e-13
8.93725e-13
8.21395e-13
7.67468e-13
7.32155e-13
6.90941e-13
6.31779e-13
5.67927e-13
5.21309e-13
4.9933e-13
4.88147e-13
4.65067e-13
4.22695e-13
3.7291e-13
3.28906e-13
2.99446e-13
2.80255e-13
2.69699e-13
2.7208e-13
2.87065e-13
3.00514e-13
2.97586e-13
2.80086e-13
2.55665e-13
2.25696e-13
2.01674e-13
1.88089e-13
1.76995e-13
1.64611e-13
1.52085e-13
1.40439e-13
1.2978e-13
1.19433e-13
1.08864e-13
9.82737e-14
8.82356e-14
7.89779e-14
7.02909e-14
6.1718e-14
5.27344e-14
4.2769e-14
3.12257e-14
1.74616e-14
6.53569e-16
0
0
0
0
0
0
0
0
0
0
0
0
0
0
0
0
0
0
0
0
0
0
0
0
0
0
0
0
0
0
0
0
0
0
0
0
0
0
0
1.56745e-09
0
0
0
0
0
0
0
0
0
8.89912e-10
3.53187e-08
6.7915e-08
8.84643e-08
1.42432e-07
1.96719e-07
1.98317e-07
1.80107e-07
1.60674e-07
1.41089e-07
1.15918e-07
9.10903e-08
7.13164e-08
5.50869e-08
4.13507e-08
3.05734e-08
2.25504e-08
1.66498e-08
1.23008e-08
9.27832e-09
7.32453e-09
5.88441e-09
4.58557e-09
3.6071e-09
3.00571e-09
2.64111e-09
2.30891e-09
1.92593e-09
1.57891e-09
1.31217e-09
1.12337e-09
9.75226e-10
8.41808e-10
7.13088e-10
5.99896e-10
5.07309e-10
4.32968e-10
3.72099e-10
3.20813e-10
2.76767e-10
2.38875e-10
2.06765e-10
1.80103e-10
1.58301e-10
1.40411e-10
1.25337e-10
1.12165e-10
1.0038e-10
8.97062e-11
8.00185e-11
7.12272e-11
6.32404e-11
5.59825e-11
4.94053e-11
4.34774e-11
3.81749e-11
3.34897e-11
2.93923e-11
2.58382e-11
2.2772e-11
2.01057e-11
1.777e-11
1.57204e-11
1.39097e-11
1.22973e-11
1.08736e-11
9.62246e-12
8.51969e-12
7.54577e-12
6.6888e-12
5.93836e-12
5.28373e-12
4.71328e-12
4.21199e-12
3.76798e-12
3.37411e-12
3.02535e-12
2.71758e-12
2.44617e-12
2.20558e-12
1.991e-12
1.79779e-12
1.62361e-12
1.46674e-12
1.32576e-12
1.20214e-12
1.09278e-12
9.90413e-13
8.98412e-13
8.22716e-13
7.57349e-13
6.89825e-13
6.1779e-13
5.53295e-13
5.07174e-13
4.75307e-13
4.41332e-13
3.95061e-13
3.44506e-13
3.03228e-13
2.76274e-13
2.59642e-13
2.48173e-13
2.34981e-13
2.21395e-13
2.08243e-13
1.88751e-13
1.58016e-13
1.20365e-13
8.56912e-14
6.08597e-14
4.53664e-14
3.46283e-14
2.73642e-14
2.24349e-14
1.8547e-14
1.58684e-14
1.42253e-14
1.26315e-14
9.97588e-15
5.88624e-15
8.03608e-16
0
0
0
0
0
0
0
0
0
0
0
0
0
0
0
0
0
0
0
0
0
0
0
0
0
0
0
0
0
0
0
0
0
0
0
0
0
0
0
0
0
0
0
0
0
0
0
0
3.8522e-09
0
0
0
0
0
0
0
0
9.62027e-10
1.31069e-08
2.55181e-08
5.42464e-08
1.08684e-07
1.42867e-07
1.4321e-07
1.36157e-07
1.35365e-07
1.33567e-07
1.13891e-07
9.11845e-08
7.17992e-08
5.57094e-08
4.26226e-08
3.17378e-08
2.28666e-08
1.64462e-08
1.20712e-08
8.9922e-09
6.72238e-09
5.15305e-09
4.1503e-09
3.45676e-09
2.80882e-09
2.23418e-09
1.82543e-09
1.55663e-09
1.39277e-09
1.22724e-09
1.03336e-09
8.53164e-10
7.12357e-10
6.06421e-10
5.28903e-10
4.62088e-10
4.02978e-10
3.5137e-10
3.05759e-10
2.64931e-10
2.29483e-10
1.98732e-10
1.71978e-10
1.48925e-10
1.29501e-10
1.13594e-10
1.00859e-10
9.06271e-11
8.21036e-11
7.47178e-11
6.81024e-11
6.20479e-11
5.64531e-11
5.12747e-11
4.64905e-11
4.20762e-11
3.8001e-11
3.42385e-11
3.07755e-11
2.76048e-11
2.47204e-11
2.21245e-11
1.98111e-11
1.77643e-11
1.59662e-11
1.43863e-11
1.29799e-11
1.17233e-11
1.05998e-11
9.59029e-12
8.68064e-12
7.86098e-12
7.12058e-12
6.4497e-12
5.84054e-12
5.28672e-12
4.78561e-12
4.33689e-12
3.93822e-12
3.58285e-12
3.26361e-12
2.97454e-12
2.71167e-12
2.4723e-12
2.25603e-12
2.06154e-12
1.88677e-12
1.72957e-12
1.58892e-12
1.46433e-12
1.35031e-12
1.23977e-12
1.13628e-12
1.04659e-12
9.69111e-13
8.96905e-13
8.25475e-13
7.56172e-13
6.96225e-13
6.50723e-13
6.14884e-13
5.79207e-13
5.40039e-13
5.00863e-13
4.65072e-13
4.32909e-13
3.99929e-13
3.64504e-13
3.34961e-13
3.1773e-13
3.09512e-13
3.02791e-13
2.93384e-13
2.79628e-13
2.64036e-13
2.49025e-13
2.36209e-13
2.26567e-13
2.19194e-13
2.12162e-13
2.0427e-13
1.95531e-13
1.86679e-13
1.7824e-13
1.70271e-13
1.62523e-13
1.54642e-13
1.46166e-13
1.36545e-13
1.25209e-13
1.11542e-13
9.47367e-14
7.36183e-14
4.65796e-14
1.14966e-14
0
0
0
0
0
0
0
0
0
0
0
0
0
0
0
0
0
0
0
0
0
0
0
0
0
0
0
0
0
0
0
0
0
0
0
0
0
1.08616e-08
0
0
0
0
0
0
0
5.59656e-09
2.95097e-08
4.94214e-08
5.84247e-08
6.64825e-08
8.31967e-08
1.0179e-07
1.17944e-07
1.22929e-07
1.09052e-07
8.79858e-08
7.17612e-08
5.80868e-08
4.51251e-08
3.35813e-08
2.43666e-08
1.7409e-08
1.23537e-08
8.80899e-09
6.38349e-09
4.79616e-09
3.70132e-09
2.87552e-09
2.27646e-09
1.88033e-09
1.58173e-09
1.31581e-09
1.08094e-09
9.06486e-10
7.82318e-10
6.97656e-10
6.17091e-10
5.31159e-10
4.4571e-10
3.74189e-10
3.18705e-10
2.73468e-10
2.36585e-10
2.0795e-10
1.85706e-10
1.66323e-10
1.49182e-10
1.33839e-10
1.19664e-10
1.06202e-10
9.36921e-11
8.2723e-11
7.34404e-11
6.577e-11
5.94911e-11
5.43077e-11
4.99291e-11
4.6119e-11
4.27059e-11
3.95734e-11
3.6648e-11
3.3887e-11
3.1275e-11
2.88157e-11
2.65138e-11
2.43657e-11
2.23629e-11
2.04949e-11
1.87516e-11
1.71263e-11
1.56209e-11
1.42422e-11
1.29877e-11
1.18547e-11
1.0841e-11
9.93037e-12
9.10141e-12
8.34298e-12
7.64878e-12
7.01319e-12
6.4299e-12
5.89506e-12
5.40584e-12
4.95841e-12
4.55003e-12
4.176e-12
3.83131e-12
3.51254e-12
3.21894e-12
2.95226e-12
2.71116e-12
2.49293e-12
2.29665e-12
2.11846e-12
1.95223e-12
1.79624e-12
1.65288e-12
1.5238e-12
1.40415e-12
1.28815e-12
1.17834e-12
1.08344e-12
1.00727e-12
9.4333e-13
8.80038e-13
8.12122e-13
7.43691e-13
6.82081e-13
6.31153e-13
5.88546e-13
5.4886e-13
5.10979e-13
4.79428e-13
4.57923e-13
4.41359e-13
4.21108e-13
3.94549e-13
3.65273e-13
3.36062e-13
3.09062e-13
2.86465e-13
2.69769e-13
2.5834e-13
2.49511e-13
2.40601e-13
2.30617e-13
2.20035e-13
2.09708e-13
2.0001e-13
1.90873e-13
1.82036e-13
1.73164e-13
1.63778e-13
1.53325e-13
1.41244e-13
1.26954e-13
1.09671e-13
8.82639e-14
6.11841e-14
2.63583e-14
0
0
0
0
0
0
0
0
0
0
0
0
0
0
0
0
0
0
0
0
0
0
0
0
0
0
0
0
0
0
0
0
0
0
0
0
0
0
0
0
0
0
0
0
0
3.66803e-09
1.5795e-08
2.82136e-08
4.41732e-08
6.50935e-08
8.7194e-08
9.87434e-08
9.78392e-08
8.83586e-08
7.49738e-08
6.50242e-08
5.61019e-08
4.55929e-08
3.48118e-08
2.56319e-08
1.85057e-08
1.30961e-08
9.12008e-09
6.35099e-09
4.49029e-09
3.23666e-09
2.40903e-09
1.86343e-09
1.46834e-09
1.16756e-09
9.52396e-10
7.95632e-10
6.82613e-10
5.82706e-10
4.93206e-10
4.20965e-10
3.62698e-10
3.16904e-10
2.82036e-10
2.48809e-10
2.1672e-10
1.87358e-10
1.61378e-10
1.39128e-10
1.20853e-10
1.06335e-10
9.42845e-11
8.41128e-11
7.56968e-11
6.88716e-11
6.298e-11
5.74327e-11
5.21478e-11
4.72274e-11
4.29107e-11
3.92688e-11
3.62407e-11
3.3727e-11
3.16335e-11
2.98633e-11
2.83141e-11
2.68896e-11
2.55032e-11
2.41341e-11
2.27907e-11
2.1479e-11
2.02043e-11
1.89671e-11
1.77702e-11
1.66216e-11
1.55285e-11
1.4491e-11
1.35019e-11
1.25541e-11
1.16488e-11
1.07944e-11
9.99614e-12
9.25113e-12
8.55681e-12
7.91421e-12
7.3261e-12
6.78862e-12
6.2938e-12
5.83688e-12
5.41264e-12
5.01571e-12
4.6439e-12
4.29595e-12
3.97167e-12
3.67184e-12
3.39595e-12
3.14264e-12
2.90973e-12
2.69269e-12
2.48906e-12
2.29998e-12
2.12415e-12
1.95713e-12
1.79824e-12
1.65176e-12
1.52348e-12
1.4147e-12
1.31865e-12
1.22411e-12
1.12711e-12
1.03463e-12
9.54745e-13
8.8736e-13
8.28002e-13
7.72886e-13
7.22063e-13
6.7776e-13
6.39491e-13
6.03432e-13
5.67176e-13
5.30928e-13
4.96357e-13
4.64014e-13
4.33267e-13
4.04805e-13
3.81061e-13
3.63193e-13
3.49731e-13
3.37726e-13
3.25167e-13
3.11977e-13
2.99174e-13
2.87482e-13
2.76967e-13
2.67339e-13
2.58288e-13
2.49449e-13
2.40354e-13
2.30472e-13
2.19298e-13
2.0631e-13
1.90774e-13
1.71641e-13
1.47464e-13
1.16282e-13
7.51467e-14
1.98418e-14
0
0
0
0
0
0
0
0
0
0
0
0
0
0
0
0
0
0
0
0
0
0
0
0
0
0
0
0
0
0
0
0
0
0
0
0
0
0
0
0
0
0
0
8.81028e-09
2.11619e-08
3.89766e-08
5.74748e-08
6.41785e-08
5.94745e-08
5.43066e-08
5.57319e-08
6.08524e-08
6.084e-08
5.41829e-08
4.45206e-08
3.42769e-08
2.5361e-08
1.84527e-08
1.31983e-08
9.16465e-09
6.18938e-09
4.13637e-09
2.77875e-09
1.89413e-09
1.3263e-09
9.72053e-10
7.54458e-10
6.14278e-10
5.1274e-10
4.31798e-10
3.64651e-10
3.09457e-10
2.64532e-10
2.27693e-10
1.9717e-10
1.7151e-10
1.49543e-10
1.30713e-10
1.14558e-10
1.00678e-10
8.87231e-11
7.84944e-11
6.99435e-11
6.25759e-11
5.61697e-11
5.05263e-11
4.55567e-11
4.12681e-11
3.76075e-11
3.44268e-11
3.18029e-11
2.96509e-11
2.76909e-11
2.58481e-11
2.41317e-11
2.25704e-11
2.11901e-11
1.99816e-11
1.89492e-11
1.81038e-11
1.74474e-11
1.69252e-11
1.64811e-11
1.6085e-11
1.5712e-11
1.5302e-11
1.48122e-11
1.42501e-11
1.36506e-11
1.3033e-11
1.24071e-11
1.17816e-11
1.11636e-11
1.05573e-11
9.9664e-12
9.39362e-12
8.83952e-12
8.30274e-12
7.78333e-12
7.28553e-12
6.81462e-12
6.37121e-12
5.95235e-12
5.55365e-12
5.17415e-12
4.81877e-12
4.49107e-12
4.18874e-12
3.90877e-12
3.64692e-12
3.40019e-12
3.16639e-12
2.94432e-12
2.73289e-12
2.53019e-12
2.33633e-12
2.15598e-12
1.99316e-12
1.84807e-12
1.71724e-12
1.5949e-12
1.47612e-12
1.36176e-12
1.25705e-12
1.16491e-12
1.08283e-12
1.00799e-12
9.402e-13
8.80132e-13
8.25897e-13
7.74331e-13
7.25311e-13
6.81403e-13
6.42022e-13
6.0364e-13
5.64225e-13
5.25311e-13
4.90589e-13
4.62985e-13
4.42141e-13
4.25168e-13
4.0897e-13
3.92321e-13
3.75905e-13
3.60879e-13
3.47679e-13
3.36073e-13
3.25641e-13
3.16007e-13
3.06761e-13
2.97431e-13
2.87526e-13
2.76623e-13
2.64295e-13
2.49915e-13
2.32572e-13
2.10966e-13
1.83355e-13
1.46968e-13
9.7818e-14
3.05814e-14
0
0
0
0
0
0
0
0
0
0
0
0
0
0
0
0
0
0
0
0
0
0
0
0
0
0
0
0
0
0
0
0
1.16521e-08
1.44402e-08
1.18922e-08
7.25147e-09
3.02415e-09
1.24919e-09
2.7287e-09
6.83503e-09
1.1875e-08
1.67369e-08
2.17404e-08
2.76657e-08
3.25693e-08
3.28939e-08
2.96001e-08
3.03178e-08
3.83016e-08
4.64241e-08
4.78782e-08
4.22252e-08
3.42299e-08
2.7395e-08
2.17598e-08
1.69152e-08
1.26316e-08
8.97346e-09
6.08146e-09
3.97874e-09
2.557e-09
1.63303e-09
1.04032e-09
6.68788e-10
4.46887e-10
3.2181e-10
2.52445e-10
2.09896e-10
1.78354e-10
1.51969e-10
1.29516e-10
1.10791e-10
9.54121e-11
8.27925e-11
7.23458e-11
6.3596e-11
5.6178e-11
4.98239e-11
4.43409e-11
3.95893e-11
3.54674e-11
3.18937e-11
2.88043e-11
2.61404e-11
2.38471e-11
2.18765e-11
2.01807e-11
1.87223e-11
1.74667e-11
1.63806e-11
1.54364e-11
1.46119e-11
1.38928e-11
1.32787e-11
1.27458e-11
1.22791e-11
1.19108e-11
1.1612e-11
1.13221e-11
1.1032e-11
1.07791e-11
1.05876e-11
1.04687e-11
1.04549e-11
1.05095e-11
1.05307e-11
1.05053e-11
1.04499e-11
1.03413e-11
1.01567e-11
9.91229e-12
9.62823e-12
9.31741e-12
8.98695e-12
8.64264e-12
8.28816e-12
7.92743e-12
7.56564e-12
7.20665e-12
6.85253e-12
6.50678e-12
6.16728e-12
5.83298e-12
5.50431e-12
5.18396e-12
4.87663e-12
4.58595e-12
4.31072e-12
4.04835e-12
3.79694e-12
3.5552e-12
3.32141e-12
3.09505e-12
2.87689e-12
2.6693e-12
2.47617e-12
2.30029e-12
2.14082e-12
1.99464e-12
1.85729e-12
1.72493e-12
1.59701e-12
1.47776e-12
1.37125e-12
1.27742e-12
1.19356e-12
1.11786e-12
1.04852e-12
9.8387e-13
9.23647e-13
8.69301e-13
8.20133e-13
7.72586e-13
7.23651e-13
6.74589e-13
6.29561e-13
5.92557e-13
5.64386e-13
5.42443e-13
5.23006e-13
5.03807e-13
4.84845e-13
4.67429e-13
4.52481e-13
4.40027e-13
4.2962e-13
4.20866e-13
4.13424e-13
4.06938e-13
4.01e-13
3.9527e-13
3.89487e-13
3.83458e-13
3.76882e-13
3.69265e-13
3.59846e-13
3.4763e-13
3.30706e-13
3.07428e-13
2.75928e-13
2.35064e-13
1.85764e-13
1.27271e-13
3.51433e-14
0
0
0
0
0
0
0
0
0
0
0
0
0
0
0
0
0
0
0
0
0
0
0
0
0
0
0
2.82378e-09
1.76708e-08
2.34761e-08
2.58227e-08
2.61774e-08
2.47922e-08
2.31105e-08
2.3314e-08
2.33374e-08
2.25866e-08
2.11617e-08
1.97765e-08
1.82869e-08
1.55731e-08
1.38024e-08
1.70868e-08
2.24575e-08
2.26418e-08
1.86564e-08
1.71855e-08
1.86835e-08
1.875e-08
1.68317e-08
1.36916e-08
1.02479e-08
7.13748e-09
4.74386e-09
3.0893e-09
1.98862e-09
1.25827e-09
7.78307e-10
4.69619e-10
2.77864e-10
1.64638e-10
1.01598e-10
6.84782e-11
5.16338e-11
4.23213e-11
3.59703e-11
3.09037e-11
2.66993e-11
2.32329e-11
2.03931e-11
1.80585e-11
1.61215e-11
1.44971e-11
1.31201e-11
1.19412e-11
1.09236e-11
1.00414e-11
9.27567e-12
8.61231e-12
8.04033e-12
7.54973e-12
7.13454e-12
6.78605e-12
6.50081e-12
6.2676e-12
6.082e-12
5.93733e-12
5.83261e-12
5.75178e-12
5.71787e-12
5.70957e-12
5.71034e-12
5.75662e-12
5.84013e-12
5.9065e-12
5.95119e-12
6.0155e-12
6.13294e-12
6.30938e-12
6.53714e-12
6.85291e-12
7.15802e-12
7.4028e-12
7.63055e-12
7.81301e-12
7.89399e-12
7.92882e-12
7.91122e-12
7.83713e-12
7.71528e-12
7.55956e-12
7.38132e-12
7.1854e-12
6.97338e-12
6.7498e-12
6.51672e-12
6.26896e-12
6.00919e-12
5.74028e-12
5.46611e-12
5.19391e-12
4.93049e-12
4.67765e-12
4.43283e-12
4.19339e-12
3.95802e-12
3.7261e-12
3.49744e-12
3.27342e-12
3.05609e-12
2.84839e-12
2.65438e-12
2.47664e-12
2.3136e-12
2.16149e-12
2.01589e-12
1.87379e-12
1.73662e-12
1.61045e-12
1.49943e-12
1.40207e-12
1.31407e-12
1.23275e-12
1.15715e-12
1.08722e-12
1.02313e-12
9.64273e-13
9.08209e-13
8.52617e-13
7.97251e-13
7.44459e-13
6.98061e-13
6.60804e-13
6.31735e-13
6.07154e-13
5.83864e-13
5.612e-13
5.4039e-13
5.22773e-13
5.08623e-13
4.97369e-13
4.8831e-13
4.80948e-13
4.74898e-13
4.69801e-13
4.65268e-13
4.61055e-13
4.56929e-13
4.52838e-13
4.48826e-13
4.44796e-13
4.41084e-13
4.37703e-13
4.35668e-13
4.39397e-13
4.60586e-13
5.29851e-13
7.26931e-13
1.23376e-12
2.1765e-12
2.52664e-12
1.53325e-12
5.65721e-13
9.5166e-15
0
0
0
0
0
0
0
0
0
0
0
0
0
0
0
0
0
0
0
0
0
0
0
0
0
0
0
2.99876e-09
1.4049e-08
1.86615e-08
2.01076e-08
1.89262e-08
1.62062e-08
1.29416e-08
9.99778e-09
7.7371e-09
6.84626e-09
7.34139e-09
6.50616e-09
2.80178e-09
2.03008e-10
2.47619e-09
6.97722e-09
8.36842e-09
5.77715e-09
2.90008e-09
1.32681e-09
7.37204e-10
5.31714e-10
4.53305e-10
3.97481e-10
3.14177e-10
2.16756e-10
1.36675e-10
8.27096e-11
4.79207e-11
2.5886e-11
1.31527e-11
6.66737e-12
3.61814e-12
2.16045e-12
1.42389e-12
1.05838e-12
8.95607e-13
8.29326e-13
8.01306e-13
7.87989e-13
7.83309e-13
7.86828e-13
7.98454e-13
8.17734e-13
8.43858e-13
8.76034e-13
9.13361e-13
9.55028e-13
1.00094e-12
1.05185e-12
1.10953e-12
1.1751e-12
1.25107e-12
1.33824e-12
1.44075e-12
1.55052e-12
1.68001e-12
1.81145e-12
1.9668e-12
2.14008e-12
2.30092e-12
2.48764e-12
2.70412e-12
2.90099e-12
3.07416e-12
3.26575e-12
3.50243e-12
3.78881e-12
4.1276e-12
4.50561e-12
4.93402e-12
5.39423e-12
5.81086e-12
6.12503e-12
6.39248e-12
6.63737e-12
6.82311e-12
6.91769e-12
6.95562e-12
6.9332e-12
6.86478e-12
6.76506e-12
6.64112e-12
6.49625e-12
6.33282e-12
6.1533e-12
5.95695e-12
5.74381e-12
5.51777e-12
5.28627e-12
5.05548e-12
4.8257e-12
4.5942e-12
4.35911e-12
4.12099e-12
3.88095e-12
3.6407e-12
3.4026e-12
3.16933e-12
2.94524e-12
2.73553e-12
2.54182e-12
2.36129e-12
2.19019e-12
2.02582e-12
1.86701e-12
1.71697e-12
1.58109e-12
1.46154e-12
1.35509e-12
1.2576e-12
1.16718e-12
1.08377e-12
1.00689e-12
9.35911e-13
8.69117e-13
8.04223e-13
7.39949e-13
6.77356e-13
6.18973e-13
5.68068e-13
5.2596e-13
4.90186e-13
4.56524e-13
4.22682e-13
3.89169e-13
3.57464e-13
3.28095e-13
3.00441e-13
2.73393e-13
2.46034e-13
2.17619e-13
1.87439e-13
1.54694e-13
1.18469e-13
7.77346e-14
3.1368e-14
0
0
0
0
0
0
0
0
0
0
0
2.60723e-12
6.37847e-12
3.01083e-12
5.73141e-13
0
0
0
0
0
0
0
0
0
0
0
0
0
0
0
0
0
0
0
0
0
0
0
0
0
0
0
0
0
0
2.81223e-09
8.23682e-09
1.00478e-08
9.42619e-09
7.60578e-09
5.37059e-09
3.02805e-09
3.71915e-10
0
0
0
0
0
0
0
0
0
0
0
0
0
0
0
0
0
0
0
0
0
0
0
0
0
0
0
0
0
0
0
0
0
0
0
0
1.97713e-15
8.50305e-15
2.00181e-14
3.94608e-14
6.93868e-14
1.11129e-13
1.6809e-13
2.34205e-13
3.20435e-13
4.1401e-13
5.26403e-13
6.4637e-13
7.78572e-13
9.34731e-13
1.07859e-12
1.25e-12
1.46598e-12
1.68799e-12
1.90505e-12
2.16868e-12
2.46705e-12
2.77948e-12
3.13645e-12
3.56049e-12
4.03305e-12
4.537e-12
5.06268e-12
5.57867e-12
6.03072e-12
6.39111e-12
6.71174e-12
7.0205e-12
7.29188e-12
7.44466e-12
7.48668e-12
7.48998e-12
7.46174e-12
7.40469e-12
7.32101e-12
7.2116e-12
7.07573e-12
6.91369e-12
6.73018e-12
6.53345e-12
6.32945e-12
6.1183e-12
5.89667e-12
5.66294e-12
5.41844e-12
5.16614e-12
4.90962e-12
4.65215e-12
4.39695e-12
4.15106e-12
3.92021e-12
3.7012e-12
3.48841e-12
3.27931e-12
3.07281e-12
2.8695e-12
2.67489e-12
2.49572e-12
2.33354e-12
2.18412e-12
2.04363e-12
1.9116e-12
1.7888e-12
1.67464e-12
1.56774e-12
1.46526e-12
1.36439e-12
1.26544e-12
1.1718e-12
1.08753e-12
1.01592e-12
9.56432e-13
9.04038e-13
8.53435e-13
8.03483e-13
7.56429e-13
7.14246e-13
6.76807e-13
6.42705e-13
6.10619e-13
5.79766e-13
5.4966e-13
5.19744e-13
4.8931e-13
4.57599e-13
4.23627e-13
3.86175e-13
3.44029e-13
2.95896e-13
2.40064e-13
1.74147e-13
9.53417e-14
1.0661e-15
0
0
0
0
9.17969e-13
6.51682e-12
1.42779e-11
6.54063e-12
2.46454e-12
9.06966e-13
2.46943e-13
0
0
0
0
0
0
0
0
0
0
0
0
0
0
0
0
0
0
0
0
0
0
0
0
0
0
0
0
2.32424e-09
4.22338e-09
5.52226e-09
5.96856e-09
5.49922e-09
4.15743e-09
1.94522e-09
0
0
0
0
0
0
0
0
0
0
0
0
0
0
0
0
0
0
0
0
0
0
0
0
0
0
0
0
0
0
0
0
0
0
0
0
0
0
0
0
0
0
0
0
0
0
0
0
0
6.1823e-16
9.24926e-15
2.62154e-14
5.58885e-14
1.01813e-13
1.73624e-13
2.4956e-13
3.57095e-13
4.88981e-13
6.24938e-13
7.73846e-13
9.55809e-13
1.17396e-12
1.41746e-12
1.67675e-12
1.94644e-12
2.22117e-12
2.49622e-12
2.77036e-12
3.0448e-12
3.31893e-12
3.59189e-12
3.86596e-12
4.13223e-12
4.38161e-12
4.62314e-12
4.8368e-12
5.00662e-12
5.15443e-12
5.27122e-12
5.35232e-12
5.39914e-12
5.41785e-12
5.40983e-12
5.37112e-12
5.3006e-12
5.20033e-12
5.0755e-12
4.93179e-12
4.77281e-12
4.60237e-12
4.43017e-12
4.26219e-12
4.09586e-12
3.92779e-12
3.75753e-12
3.58374e-12
3.4072e-12
3.23411e-12
3.07159e-12
2.92052e-12
2.77769e-12
2.6413e-12
2.51244e-12
2.39175e-12
2.27847e-12
2.17038e-12
2.06403e-12
1.95723e-12
1.85368e-12
1.75934e-12
1.67872e-12
1.61349e-12
1.56072e-12
1.51364e-12
1.46793e-12
1.42515e-12
1.3895e-12
1.36306e-12
1.34513e-12
1.33399e-12
1.32868e-12
1.32911e-12
1.33576e-12
1.34908e-12
1.36939e-12
1.39781e-12
1.43561e-12
1.48198e-12
1.53807e-12
1.60618e-12
1.68899e-12
1.78943e-12
1.91196e-12
2.06492e-12
2.26496e-12
2.54778e-12
3.00963e-12
3.93538e-12
6.31407e-12
1.31496e-11
1.73091e-11
1.064e-11
6.34579e-12
4.1372e-12
2.87659e-12
2.09175e-12
1.57123e-12
1.21126e-12
9.5231e-13
7.66246e-13
6.21185e-13
5.17097e-13
4.2766e-13
3.5547e-13
2.85374e-13
1.98005e-13
1.12339e-13
0
0
0
0
0
0
0
0
0
0
0
0
0
0
0
0
0
0
0
0
0
0
0
0
0
0
0
0
0
0
0
0
0
0
0
0
0
0
0
0
0
0
0
0
0
0
0
0
0
0
0
0
0
0
0
0
0
0
0
0
0
0
0
0
0
0
0
0
0
0
0
0
0
0
0
0
0
0
0
0
0
0
0
0
0
0
0
0
0
0
1.4766e-14
4.34255e-14
8.18237e-14
1.31483e-13
1.97362e-13
2.71198e-13
3.51276e-13
4.53197e-13
5.78135e-13
7.1473e-13
8.53597e-13
9.91024e-13
1.12093e-12
1.23527e-12
1.34031e-12
1.43739e-12
1.51946e-12
1.58539e-12
1.63564e-12
1.67101e-12
1.69442e-12
1.70811e-12
1.7144e-12
1.71773e-12
1.72002e-12
1.71845e-12
1.70977e-12
1.69394e-12
1.67055e-12
1.63938e-12
1.60362e-12
1.56696e-12
1.52972e-12
1.49046e-12
1.44851e-12
1.40547e-12
1.36216e-12
1.31831e-12
1.27215e-12
1.22078e-12
1.16362e-12
1.10606e-12
1.05434e-12
1.01169e-12
9.78087e-13
9.49306e-13
9.19287e-13
8.86116e-13
8.53348e-13
8.25312e-13
8.03173e-13
7.85455e-13
7.70153e-13
7.55983e-13
7.42442e-13
7.295e-13
7.17159e-13
7.05356e-13
6.93374e-13
6.80539e-13
6.67452e-13
6.53752e-13
6.38676e-13
6.20867e-13
5.97863e-13
5.66291e-13
5.2209e-13
4.59485e-13
3.69887e-13
2.38955e-13
4.83964e-14
0
6.98618e-13
6.92447e-12
4.20736e-12
2.32899e-12
1.48402e-12
1.0443e-12
7.94898e-13
6.46991e-13
5.54996e-13
5.00453e-13
4.65956e-13
4.56317e-13
4.51129e-13
4.69565e-13
4.94161e-13
5.29738e-13
5.80861e-13
6.38805e-13
6.22303e-13
6.16827e-13
2.5289e-13
0
0
0
0
0
0
0
0
0
0
0
0
0
0
0
0
0
0
0
0
0
0
0
0
0
0
0
0
0
0
0
0
0
0
0
0
0
0
0
0
0
0
0
0
0
0
0
0
0
0
0
0
0
0
0
0
0
0
0
0
0
0
0
0
0
0
0
0
0
0
0
0
0
0
0
0
0
0
0
0
0
0
0
0
0
0
0
0
0
0
0
0
0
0
0
0
0
0
0
0
0
0
4.96397e-15
2.13846e-14
4.07444e-14
6.4966e-14
9.32585e-14
1.24901e-13
1.61748e-13
2.03974e-13
2.504e-13
2.9959e-13
3.48933e-13
3.93566e-13
4.33061e-13
4.70199e-13
5.02962e-13
5.31276e-13
5.57681e-13
5.82011e-13
6.03432e-13
6.227e-13
6.39756e-13
6.53518e-13
6.6405e-13
6.70169e-13
6.6832e-13
6.58238e-13
6.45322e-13
6.34975e-13
6.29488e-13
6.28143e-13
6.27026e-13
6.21734e-13
6.11932e-13
6.01368e-13
5.93551e-13
5.89213e-13
5.87019e-13
5.85282e-13
5.82813e-13
5.79233e-13
5.74416e-13
5.68324e-13
5.60839e-13
5.51567e-13
5.39772e-13
5.24604e-13
5.05319e-13
4.81126e-13
4.50217e-13
4.09168e-13
3.52912e-13
2.73794e-13
1.5836e-13
0
0
0
0
0
0
0
4.26017e-13
6.33856e-13
6.30001e-13
5.98368e-13
5.75312e-13
5.64731e-13
5.69161e-13
5.81537e-13
6.16007e-13
6.55951e-13
7.34169e-13
8.30514e-13
9.99427e-13
1.20867e-12
1.5511e-12
1.89722e-12
2.5112e-12
2.59971e-12
2.70676e-12
1.64845e-12
0
0
0
0
0
0
7.55902e-09
1.51147e-08
1.26891e-08
4.20227e-09
0
0
0
0
0
0
0
0
0
0
0
0
0
0
0
0
0
0
0
0
0
0
0
0
0
0
0
0
0
0
0
0
0
0
0
0
0
0
0
0
0
0
0
0
0
0
0
0
0
0
0
0
0
0
0
0
0
0
0
0
0
0
0
0
0
0
0
0
0
0
0
0
0
0
0
0
0
0
0
0
0
0
0
0
0
0
0
0
0
0
0
0
0
0
0
0
0
0
0
0
0
7.39614e-15
2.21151e-14
4.00046e-14
6.18062e-14
8.76442e-14
1.17475e-13
1.50049e-13
1.83629e-13
2.1856e-13
2.53986e-13
2.87607e-13
3.19919e-13
3.50435e-13
3.75207e-13
3.94751e-13
4.12772e-13
4.32508e-13
4.55514e-13
4.80719e-13
5.04693e-13
5.24471e-13
5.40698e-13
5.56603e-13
5.74568e-13
5.95008e-13
6.16956e-13
6.39223e-13
6.61119e-13
6.826e-13
7.04056e-13
7.25919e-13
7.48571e-13
7.72247e-13
7.96961e-13
8.22616e-13
8.49267e-13
8.77219e-13
9.05843e-13
9.33026e-13
9.55992e-13
9.70345e-13
9.6617e-13
9.21487e-13
7.84699e-13
4.22393e-13
0
0
0
0
9.08746e-13
1.24276e-12
1.2433e-12
1.16912e-12
1.10012e-12
1.04583e-12
1.02184e-12
1.01741e-12
1.05674e-12
1.12189e-12
1.25102e-12
1.46189e-12
1.79891e-12
2.31636e-12
3.164e-12
4.31731e-12
6.05486e-12
7.81431e-12
1.01846e-11
1.05854e-11
7.37153e-12
4.12957e-12
0
0
0
0
0
0
0
0
0
0
0
0
0
0
0
0
0
0
0
0
0
0
0
0
0
0
0
0
0
0
0
0
0
0
0
0
0
0
0
0
0
0
0
0
0
0
0
0
0
0
0
0
0
0
0
0
0
0
0
0
0
0
0
0
0
0
0
0
0
0
0
0
0
0
0
0
0
0
0
0
0
0
0
0
0
0
0
0
0
0
0
0
0
0
0
0
0
0
0
0
0
0
0
0
0
0
0
0
0
0
0
0
0
0
0
0
0
0
1.40396e-14
3.29621e-14
5.34347e-14
7.43514e-14
9.38077e-14
1.11654e-13
1.29725e-13
1.49674e-13
1.72372e-13
1.96954e-13
2.21237e-13
2.43395e-13
2.63621e-13
2.8333e-13
3.03058e-13
3.22914e-13
3.42458e-13
3.61167e-13
3.78735e-13
3.95238e-13
4.1088e-13
4.25752e-13
4.3989e-13
4.53024e-13
4.64648e-13
4.74051e-13
4.80642e-13
4.83773e-13
4.81127e-13
4.68417e-13
4.40343e-13
3.88199e-13
2.94969e-13
1.2714e-13
0
0
0
0
0
0
0
0
4.10267e-13
6.33613e-13
7.52955e-13
8.29046e-13
8.90467e-13
9.54191e-13
1.03835e-12
1.15801e-12
1.34669e-12
1.65952e-12
2.19083e-12
3.0612e-12
4.5095e-12
6.71466e-12
1.01719e-11
1.47777e-11
2.03071e-11
2.67795e-11
2.50402e-11
3.1167e-11
0
0
0
7.65362e-08
3.84211e-08
0
0
0
0
0
0
0
0
0
0
0
0
0
0
0
0
0
0
0
0
0
0
0
0
0
0
0
0
0
0
0
0
0
0
0
0
0
0
0
0
0
0
0
0
0
0
0
0
0
0
0
0
0
0
0
0
0
0
0
0
0
0
0
0
0
0
0
0
0
0
0
0
0
0
0
0
0
0
0
0
0
0
0
0
0
0
0
0
0
0
0
0
0
0
0
0
0
0
0
0
0
0
0
0
0
0
0
0
0
0
0
0
0
0
0
0
0
0
1.36573e-14
3.63413e-14
6.1648e-14
8.97868e-14
1.19704e-13
1.49714e-13
1.78984e-13
2.08021e-13
2.36847e-13
2.65918e-13
2.95178e-13
3.24292e-13
3.5291e-13
3.80331e-13
4.06381e-13
4.31083e-13
4.54248e-13
4.75265e-13
4.92794e-13
5.04877e-13
5.08714e-13
5.00576e-13
4.74775e-13
4.20949e-13
3.2317e-13
1.58301e-13
0
0
0
0
0
0
0
0
0
0
0
0
0
1.55348e-14
4.50561e-13
7.41837e-13
9.5003e-13
1.12243e-12
1.30423e-12
1.55003e-12
1.94044e-12
2.6024e-12
3.7434e-12
5.7054e-12
8.996e-12
1.42814e-11
2.24883e-11
3.29817e-11
4.78913e-11
5.21723e-11
7.46659e-11
2.26689e-11
1.32885e-11
0
7.07862e-09
0
0
0
0
0
0
0
0
0
0
0
0
0
0
0
0
0
0
0
0
0
0
0
0
0
0
0
0
0
0
0
0
0
0
0
0
0
0
0
0
0
0
0
0
0
0
0
0
0
0
0
0
0
0
0
0
0
0
0
0
0
0
0
0
0
0
0
0
0
0
0
0
0
0
0
0
0
0
0
0
0
0
0
0
0
0
0
0
0
0
0
0
0
0
0
0
0
0
0
0
0
0
0
0
0
0
0
0
0
0
0
0
0
0
0
0
0
0
0
0
0
0
0
0
0
0
0
1.52072e-14
2.79981e-14
3.81273e-14
4.50785e-14
4.73402e-14
4.30541e-14
3.08103e-14
9.26107e-15
0
0
0
0
0
0
0
0
0
0
0
0
0
0
0
0
0
0
0
0
0
0
0
0
0
0
0
0
2.91209e-13
5.89161e-13
9.35308e-13
1.46469e-12
2.43501e-12
4.24855e-12
7.69779e-12
1.36314e-11
2.41237e-11
3.82853e-11
6.16835e-11
7.24041e-11
1.24817e-10
4.4065e-11
6.05659e-11
0
0
0
0
0
0
0
0
0
0
0
0
0
0
0
0
0
0
0
0
0
0
0
0
0
0
0
0
0
0
0
0
0
0
0
0
0
0
0
0
0
0
0
0
0
0
0
0
0
0
0
0
0
0
0
0
0
0
0
0
0
0
0
0
0
0
0
0
0
0
0
0
0
0
0
0
0
0
0
0
0
0
0
0
0
0
0
0
0
0
0
0
0
0
0
0
0
0
0
0
0
0
0
0
0
0
0
0
0
0
0
0
0
0
0
0
0
0
0
0
0
0
0
0
0
0
0
0
0
0
0
0
0
0
0
0
0
0
0
0
0
0
0
0
0
0
0
0
0
0
0
0
0
0
0
0
0
0
0
0
0
0
0
0
0
0
2.88383e-13
6.7489e-13
1.25812e-12
2.39234e-12
4.61417e-12
9.13684e-12
1.71363e-11
3.23213e-11
5.35327e-11
9.11733e-11
1.13747e-10
2.03185e-10
9.09631e-11
1.92205e-10
0
0
0
0
0
0
0
0
0
0
0
0
0
0
0
0
0
0
0
0
0
0
0
0
0
0
0
0
0
0
0
0
0
0
0
0
0
0
0
0
0
0
0
0
0
0
0
0
0
0
0
0
0
0
0
0
0
0
0
0
0
0
0
0
0
0
0
0
0
0
0
0
0
0
0
0
0
0
0
0
0
0
0
0
0
0
0
0
0
0
0
0
0
0
0
0
0
0
0
0
0
0
0
0
0
0
0
0
0
0
0
0
0
0
0
0
2.02697e-14
5.68745e-14
9.58913e-14
1.37391e-13
1.80949e-13
2.26043e-13
2.71616e-13
3.14983e-13
3.55693e-13
3.93371e-13
4.27678e-13
4.59294e-13
4.89387e-13
5.17451e-13
5.42739e-13
5.6591e-13
5.86913e-13
6.05051e-13
6.1888e-13
6.27845e-13
6.31753e-13
6.29463e-13
6.17858e-13
5.93288e-13
5.50125e-13
4.81712e-13
3.79223e-13
2.30546e-13
1.8661e-14
0
0
0
0
0
0
0
0
0
0
0
0
0
0
0
0
0
1.93114e-13
5.98473e-13
9.41955e-13
1.28104e-12
1.70056e-12
2.36189e-12
3.51091e-12
5.68642e-12
9.56388e-12
1.70099e-11
2.92303e-11
5.27025e-11
8.42819e-11
1.44149e-10
1.83362e-10
3.12695e-10
1.76222e-10
4.87808e-10
0
0
0
0
0
0
0
0
0
0
0
0
0
0
0
0
0
0
0
0
0
0
0
0
0
0
0
0
0
0
0
0
0
0
0
0
0
0
0
0
0
0
0
0
0
0
0
0
0
0
0
0
0
0
0
0
0
0
0
0
0
0
0
0
0
0
0
0
0
0
0
0
0
0
0
0
0
0
0
0
0
0
0
0
0
0
0
0
0
0
0
0
0
0
0
0
0
0
0
0
0
0
0
0
7.20759e-14
1.74185e-13
2.83077e-13
3.97539e-13
5.16981e-13
6.3976e-13
7.55445e-13
8.64316e-13
9.68789e-13
1.06538e-12
1.14824e-12
1.2194e-12
1.27681e-12
1.3205e-12
1.3524e-12
1.37343e-12
1.38458e-12
1.38825e-12
1.38484e-12
1.37404e-12
1.35742e-12
1.33818e-12
1.31808e-12
1.29839e-12
1.27971e-12
1.26149e-12
1.24321e-12
1.22651e-12
1.21146e-12
1.19811e-12
1.18641e-12
1.1762e-12
1.16607e-12
1.15627e-12
1.14537e-12
1.13183e-12
1.1118e-12
1.08103e-12
1.03195e-12
9.54275e-13
8.33846e-13
6.58275e-13
4.07725e-13
5.79686e-14
0
0
0
0
0
0
0
0
0
0
0
1.76839e-13
6.95749e-13
1.10534e-12
1.43428e-12
1.72728e-12
2.04239e-12
2.47268e-12
3.15039e-12
4.32112e-12
6.32354e-12
9.93351e-12
1.59546e-11
2.71554e-11
4.45072e-11
7.81024e-11
1.21035e-10
2.04145e-10
2.57936e-10
4.09982e-10
2.49237e-10
7.82308e-10
0
0
0
0
0
4.35397e-08
1.54573e-07
3.09757e-07
4.94902e-07
6.84846e-07
8.45594e-07
9.39495e-07
9.32726e-07
8.16004e-07
6.11692e-07
3.63865e-07
1.24564e-07
0
0
0
0
0
0
0
0
0
0
0
0
0
0
0
0
0
0
0
0
0
0
0
0
0
0
0
0
0
0
0
0
0
0
0
0
0
0
0
0
0
0
0
0
0
0
0
0
0
0
0
0
0
0
0
0
0
0
0
0
0
0
0
0
0
0
0
0
0
0
0
0
0
0
2.92635e-14
4.79236e-13
9.45881e-13
1.43998e-12
1.96018e-12
2.4982e-12
3.04216e-12
3.57069e-12
4.06834e-12
4.54165e-12
4.98055e-12
5.36171e-12
5.67126e-12
5.91908e-12
6.10309e-12
6.22318e-12
6.28138e-12
6.28359e-12
6.23138e-12
6.12606e-12
5.97524e-12
5.78737e-12
5.56709e-12
5.32126e-12
5.05562e-12
4.77484e-12
4.4905e-12
4.20914e-12
3.93231e-12
3.66279e-12
3.40585e-12
3.16218e-12
2.93161e-12
2.71494e-12
2.51576e-12
2.33409e-12
2.17043e-12
2.0239e-12
1.89306e-12
1.77471e-12
1.66934e-12
1.57453e-12
1.48959e-12
1.41345e-12
1.34529e-12
1.28205e-12
1.22265e-12
1.16388e-12
1.10462e-12
1.04126e-12
9.71314e-13
8.87796e-13
7.83431e-13
6.49216e-13
4.81319e-13
2.69687e-13
4.68003e-15
0
0
0
0
0
0
0
0
0
0
0
2.27934e-13
6.29121e-13
9.76167e-13
1.28926e-12
1.60918e-12
1.99477e-12
2.5482e-12
3.41585e-12
4.88742e-12
7.34061e-12
1.17147e-11
1.88365e-11
3.22048e-11
5.2434e-11
9.28609e-11
1.43462e-10
2.44875e-10
3.11393e-10
4.67931e-10
2.86438e-10
8.70632e-10
0
2.727e-07
3.63247e-07
4.15721e-07
4.63594e-07
5.36542e-07
6.42989e-07
7.90585e-07
9.55051e-07
1.07847e-06
1.09934e-06
9.94901e-07
7.94683e-07
5.5578e-07
3.26233e-07
1.30533e-07
0
0
0
0
0
0
0
0
0
0
0
0
0
0
0
0
0
0
0
0
0
0
0
0
0
0
0
0
0
0
0
0
0
0
0
0
0
0
0
0
0
0
0
0
0
0
0
0
0
0
0
0
0
0
0
0
0
0
0
0
0
0
0
8.67988e-13
2.91506e-12
5.01595e-12
7.20113e-12
9.45844e-12
1.17719e-11
1.40963e-11
1.63422e-11
1.84994e-11
2.05822e-11
2.25259e-11
2.42495e-11
2.57285e-11
2.69722e-11
2.79781e-11
2.87481e-11
2.92848e-11
2.95905e-11
2.96712e-11
2.95306e-11
2.91699e-11
2.86013e-11
2.78517e-11
2.69447e-11
2.59049e-11
2.47629e-11
2.35417e-11
2.22666e-11
2.09652e-11
1.96645e-11
1.83753e-11
1.71053e-11
1.58678e-11
1.4671e-11
1.35155e-11
1.24074e-11
1.13489e-11
1.03446e-11
9.41159e-12
8.54731e-12
7.74557e-12
7.00514e-12
6.32978e-12
5.71399e-12
5.15429e-12
4.64725e-12
4.19374e-12
3.78826e-12
3.43035e-12
3.11683e-12
2.84396e-12
2.60426e-12
2.39633e-12
2.21444e-12
2.05765e-12
1.92276e-12
1.80492e-12
1.70349e-12
1.61768e-12
1.54033e-12
1.47026e-12
1.40388e-12
1.34239e-12
1.27996e-12
1.21299e-12
1.1344e-12
1.04581e-12
9.39916e-13
8.15428e-13
6.65629e-13
4.98541e-13
3.22946e-13
1.57286e-13
2.97135e-14
0
5.04651e-14
2.17057e-13
4.52639e-13
7.21256e-13
9.8523e-13
1.23029e-12
1.44845e-12
1.65371e-12
1.85861e-12
2.10806e-12
2.43726e-12
2.95511e-12
3.79966e-12
5.2642e-12
7.72481e-12
1.21775e-11
1.94476e-11
3.34114e-11
5.47027e-11
9.87988e-11
1.55282e-10
2.70007e-10
3.52838e-10
4.91073e-10
3.05872e-10
7.11777e-10
0
2.46381e-07
4.72169e-07
7.48492e-07
1.00572e-06
1.18932e-06
1.25401e-06
1.18915e-06
1.06781e-06
8.83614e-07
6.2027e-07
3.57556e-07
1.45208e-07
0
0
0
0
0
0
0
0
0
0
0
0
0
0
0
0
0
0
0
0
0
0
0
0
0
0
0
0
0
0
0
0
0
0
0
0
0
0
0
0
0
0
0
0
0
0
0
0
0
0
0
0
0
2.77377e-12
1.11097e-11
1.96788e-11
2.83636e-11
3.71431e-11
4.60027e-11
5.47941e-11
6.3423e-11
7.18663e-11
8.01189e-11
8.83255e-11
9.63837e-11
1.0405e-10
1.1067e-10
1.16238e-10
1.2077e-10
1.2431e-10
1.26903e-10
1.2857e-10
1.29314e-10
1.29154e-10
1.28138e-10
1.26315e-10
1.23754e-10
1.20552e-10
1.16802e-10
1.1259e-10
1.08007e-10
1.03129e-10
9.80486e-11
9.28409e-11
8.75864e-11
8.23368e-11
7.71314e-11
7.20024e-11
6.69953e-11
6.21389e-11
5.74599e-11
5.29795e-11
4.86997e-11
4.46329e-11
4.08022e-11
3.72181e-11
3.38536e-11
3.07076e-11
2.77833e-11
2.50731e-11
2.25807e-11
2.02922e-11
1.8191e-11
1.62683e-11
1.45362e-11
1.29704e-11
1.15558e-11
1.02816e-11
9.14487e-12
8.1218e-12
7.20422e-12
6.38753e-12
5.66738e-12
5.02864e-12
4.46988e-12
3.98247e-12
3.56e-12
3.18894e-12
2.86586e-12
2.57925e-12
2.32885e-12
2.10221e-12
1.89853e-12
1.70429e-12
1.51547e-12
1.31976e-12
1.11567e-12
8.98605e-13
6.79708e-13
4.72444e-13
2.99414e-13
1.71313e-13
8.92904e-14
4.12937e-14
1.73152e-14
6.37287e-15
3.28618e-15
3.12645e-15
4.85708e-15
6.58582e-15
9.30586e-15
1.16141e-14
1.51958e-14
1.957e-14
2.76052e-14
4.07992e-14
6.50351e-14
1.07004e-13
1.81266e-13
3.09157e-13
5.25481e-13
8.89605e-13
1.47197e-12
2.42418e-12
4.02295e-12
6.67105e-12
1.13222e-11
1.9e-11
3.34985e-11
5.64454e-11
1.02544e-10
1.6739e-10
2.90332e-10
4.02611e-10
5.23006e-10
3.5891e-10
4.17769e-10
0
6.44463e-07
7.07621e-07
7.45412e-07
7.97542e-07
9.48069e-07
1.17112e-06
1.21992e-06
1.01643e-06
6.8858e-07
3.60195e-07
1.06605e-07
0
0
0
0
0
0
0
0
0
0
0
0
0
0
0
0
0
0
0
0
0
0
0
0
0
0
0
0
0
0
0
0
0
0
0
0
0
0
0
0
0
2.95495e-11
5.73985e-11
8.21664e-11
1.05021e-10
1.26947e-10
1.48772e-10
1.7104e-10
1.94381e-10
2.19086e-10
2.45524e-10
2.76292e-10
3.11799e-10
3.46922e-10
3.77667e-10
4.0558e-10
4.30321e-10
4.4568e-10
4.56044e-10
4.64166e-10
4.69547e-10
4.72139e-10
4.71913e-10
4.69083e-10
4.63044e-10
4.54295e-10
4.43086e-10
4.30402e-10
4.16451e-10
4.01462e-10
3.85623e-10
3.69139e-10
3.52169e-10
3.34823e-10
3.17286e-10
2.99725e-10
2.82259e-10
2.64999e-10
2.48054e-10
2.31498e-10
2.15391e-10
1.99783e-10
1.847e-10
1.70182e-10
1.56232e-10
1.42858e-10
1.30043e-10
1.1774e-10
1.05898e-10
9.44887e-11
8.34654e-11
7.2802e-11
6.24839e-11
5.25252e-11
4.30133e-11
3.41132e-11
2.6028e-11
1.89631e-11
1.30913e-11
8.49418e-12
5.11535e-12
2.78407e-12
1.28281e-12
3.81106e-13
0
0
0
0
0
0
0
0
0
0
0
0
0
0
0
0
0
0
0
0
0
0
0
0
0
0
0
0
0
0
0
0
0
0
0
0
0
0
0
0
0
0
0
0
0
0
0
0
0
0
0
0
0
0
0
0
0
5.62702e-14
1.27657e-12
4.27831e-12
4.40541e-11
9.97082e-11
3.96109e-10
2.02732e-10
0
6.79536e-07
6.14208e-07
5.81772e-07
5.89608e-07
6.39993e-07
7.59863e-07
1.02023e-06
1.15466e-06
1.12949e-06
9.89294e-07
7.91605e-07
5.81841e-07
3.84174e-07
2.13633e-07
9.79169e-08
3.30571e-08
2.65282e-09
0
0
0
0
0
0
2.04791e-10
7.55708e-10
9.96235e-10
1.05066e-09
1.00257e-09
9.35437e-10
9.40042e-10
1.04617e-09
1.19786e-09
1.42218e-09
1.79619e-09
2.16413e-09
2.49043e-09
2.77116e-09
3.00833e-09
3.21132e-09
3.39671e-09
3.56046e-09
3.66269e-09
3.65214e-09
3.61652e-09
3.56151e-09
3.48673e-09
3.39319e-09
3.28376e-09
3.16101e-09
3.02834e-09
2.88957e-09
2.74702e-09
2.60471e-09
2.46319e-09
2.32207e-09
2.18385e-09
2.05107e-09
1.92537e-09
1.80793e-09
1.69752e-09
1.58956e-09
1.47805e-09
1.35868e-09
1.23106e-09
1.09856e-09
9.66313e-10
8.38971e-10
7.18455e-10
6.05596e-10
5.01274e-10
4.06706e-10
3.22929e-10
2.50462e-10
1.89268e-10
1.3884e-10
9.83063e-11
6.6534e-11
4.22784e-11
2.42691e-11
1.13277e-11
2.38521e-12
0
0
0
0
0
0
0
0
0
0
0
0
0
0
0
0
0
0
0
0
0
0
0
0
0
0
0
0
0
0
0
0
0
0
0
0
0
0
1.34729e-15
3.3573e-15
5.2228e-15
6.88458e-15
8.53688e-15
1.00384e-14
1.15903e-14
1.29849e-14
1.45187e-14
1.58768e-14
1.73503e-14
1.86586e-14
2.00611e-14
2.13235e-14
2.26885e-14
2.39674e-14
2.53155e-14
2.65426e-14
2.77927e-14
2.90646e-14
3.03155e-14
3.15116e-14
3.27097e-14
3.38395e-14
3.49793e-14
3.61378e-14
3.70894e-14
3.82518e-14
3.92331e-14
4.03119e-14
4.12116e-14
4.21703e-14
4.30025e-14
4.3873e-14
4.45922e-14
4.52774e-14
4.57812e-14
4.62626e-14
4.64834e-14
4.66561e-14
4.64192e-14
4.60221e-14
4.50909e-14
4.37407e-14
4.17928e-14
3.89845e-14
3.52255e-14
3.01357e-14
2.34695e-14
1.46044e-14
3.4542e-15
0
0
0
0
0
0
0
4.5625e-13
0
0
0
0
0
0
0
4.11234e-09
8.67463e-09
1.23675e-08
1.46624e-08
1.55395e-08
1.53412e-08
1.44643e-08
1.31844e-08
1.16674e-08
9.95136e-09
7.86855e-09
5.83342e-09
4.25773e-09
3.09121e-09
2.25397e-09
1.66124e-09
1.23946e-09
9.34766e-10
7.11503e-10
5.4758e-10
4.33855e-10
3.71653e-10
3.55572e-10
3.61225e-10
3.7955e-10
4.2796e-10
4.95396e-10
5.70249e-10
6.40547e-10
6.91981e-10
7.16992e-10
7.17693e-10
7.03036e-10
6.80455e-10
6.5106e-10
6.11565e-10
5.53592e-10
4.90676e-10
4.29093e-10
3.694e-10
3.12495e-10
2.59277e-10
2.10483e-10
1.66651e-10
1.28078e-10
9.48361e-11
6.67779e-11
4.35896e-11
2.48459e-11
1.0057e-11
0
0
0
0
0
0
0
0
0
0
0
0
0
0
0
0
0
0
0
0
0
0
0
0
0
0
0
0
0
0
0
0
0
0
0
0
0
0
0
0
0
0
0
0
0
0
0
0
0
0
0
0
0
0
0
0
0
0
0
0
6.70006e-16
1.45764e-15
2.17823e-15
2.83722e-15
3.49158e-15
4.08982e-15
4.70466e-15
5.25584e-15
5.84473e-15
6.38077e-15
6.96221e-15
7.48586e-15
8.09499e-15
8.63213e-15
9.2301e-15
9.76452e-15
1.03454e-14
1.08769e-14
1.14571e-14
1.20147e-14
1.26001e-14
1.31441e-14
1.36975e-14
1.42811e-14
1.48482e-14
1.54051e-14
1.59557e-14
1.64906e-14
1.70261e-14
1.75833e-14
1.80407e-14
1.86148e-14
1.90966e-14
1.96405e-14
2.00917e-14
2.05889e-14
2.10271e-14
2.15002e-14
2.18998e-14
2.23007e-14
2.262e-14
2.29512e-14
2.31721e-14
2.3401e-14
2.34551e-14
2.34882e-14
2.32955e-14
2.29973e-14
2.24749e-14
2.16908e-14
2.05449e-14
1.90614e-14
1.69165e-14
1.43993e-14
1.06517e-14
6.37762e-15
1.8894e-15
0
4.03857e-15
0
1.06159e-13
0
1.53257e-12
0
0
0
0
0
0
0
0
0
0
0
0
0
0
8.64902e-11
3.22548e-10
3.28227e-10
1.69264e-10
0
0
0
0
0
0
0
0
0
0
0
0
0
0
0
0
0
0
0
0
0
0
0
0
0
0
0
0
0
0
0
0
0
0
0
0
0
0
0
0
0
0
0
0
0
0
0
0
0
0
0
0
0
0
0
0
0
0
0
0
0
0
0
0
0
0
0
0
0
0
0
0
0
0
0
0
0
0
0
0
0
0
0
0
0
0
0
0
0
0
0
0
0
0
0
0
0
0
0
0
0
0
0
0
0
0
0
0
0
0
0
0
0
0
0
0
0
0
0
0
0
0
0
0
0
0
0
0
0
0
0
0
0
0
0
0
0
0
0
0
0
0
0
0
0
0
0
0
0
0
0
0
0
0
0
0
0
0
0
6.14029e-14
0
4.94371e-12
0
0
0
0
0
0
0
0
0
0
0
0
0
0
0
0
0
0
0
0
0
0
0
0
0
0
0
0
0
0
0
0
0
0
0
0
0
0
0
0
0
0
0
0
0
0
0
0
0
0
0
0
0
0
0
0
0
0
0
0
0
0
0
0
0
0
0
0
0
0
0
0
0
0
0
0
0
0
0
0
0
0
0
0
0
0
0
0
0
0
0
0
0
0
0
0
0
0
0
0
0
0
0
0
0
0
0
0
0
0
0
0
0
0
0
0
0
0
0
0
0
0
0
0
0
0
0
0
0
0
0
0
0
0
0
0
0
0
0
0
0
0
0
0
0
0
0
0
0
0
0
0
0
0
0
0
0
0
0
0
0
0
0
0
0
0
0
0
0
0
0
0
0
0
0
0
0
3.83512e-16
0
1.71806e-11
0
0
0
0
0
0
0
0
0
0
0
0
0
0
0
0
0
0
0
0
0
0
0
0
0
0
0
0
0
0
0
0
0
0
0
0
0
0
0
0
0
0
0
0
0
0
0
0
0
0
0
0
0
0
0
0
0
0
0
0
0
0
0
0
0
0
0
0
0
0
0
0
0
0
0
0
0
0
0
0
0
0
0
0
0
0
0
0
0
0
0
0
0
0
0
0
0
0
0
0
0
0
0
0
0
0
0
0
0
0
0
0
0
0
0
0
0
0
0
0
0
0
0
0
0
0
0
0
0
0
0
0
0
0
0
0
0
0
0
0
0
0
0
0
0
0
0
0
0
0
0
0
0
0
0
0
0
0
0
0
0
0
0
0
0
0
0
0
0
0
0
0
0
0
0
0
0
0
0
4.94103e-11
0
5.30259e-11
3.7645e-08
7.4572e-09
8.01099e-09
1.65192e-08
1.47821e-08
9.65799e-09
5.61198e-09
3.07766e-09
1.8781e-09
1.18652e-09
7.37839e-10
4.51857e-10
2.77964e-10
1.59003e-10
8.16296e-11
1.52518e-11
0
0
0
0
0
0
0
0
0
1.95646e-09
0
4.4625e-10
1.62196e-09
1.46741e-09
9.05524e-10
4.93849e-10
2.67422e-10
1.65392e-10
1.00151e-10
5.41324e-11
2.4477e-11
7.28285e-12
0
0
0
0
0
0
0
0
0
0
0
0
1.6879e-10
0
0
0
0
0
0
0
0
0
0
0
0
0
0
0
0
0
0
0
0
0
0
0
0
0
0
0
0
0
0
0
0
0
0
0
0
0
0
0
0
0
0
0
0
0
0
0
0
0
4.62099e-10
0
0
0
0
6.93461e-10
1.2866e-09
2.69666e-09
4.33378e-09
2.62571e-09
0
0
0
0
0
0
0
0
0
0
0
0
0
0
0
0
0
0
0
0
0
0
0
0
0
0
0
0
0
0
0
0
0
0
0
0
0
0
0
0
0
0
0
0
0
0
0
0
0
0
0
0
0
0
0
0
0
0
0
0
0
0
0
0
0
0
0
0
0
0
0
0
0
0
0
0
0
0
0
0
0
0
0
0
0
0
0
0
0
0
0
0
0
0
0
0
0
0
0
0
0
0
0
0
0
0
0
0
0
0
0
0
0
0
0
0
0
0
0
0
0
0
0
0
0
0
0
0
0
0
0
0
0
0
0
0
0
0
0
0
0
0
0
0
0
0
0
0
0
0
0
0
0
0
0
0
0
0
0
0
0
0
0
0
0
0
0
0
0
0
0
0
0
0
0
0
0
0
0
0
0
0
0
0
0
0
0
0
0
0
0
0
0
0
0
0
0
0
0
0
0
0
0
0
0
0
0
0
0
0
0
0
0
0
0
0
0
0
0
0
0
0
0
0
0
0
0
0
0
0
0
0
0
0
0
0
0
0
0
0
0
0
0
0
0
0
0
0
0
0
0
0
0
0
0
0
0
0
0
0
0
0
0
0
0
0
0
0
0
0
0
0
0
0
0
0
0
0
0
0
0
0
0
0
0
0
0
0
0
0
0
0
0
0
0
0
0
0
0
0
0
0
0
0
0
0
0
0
0
0
0
0
0
0
0
0
0
0
0
0
0
0
0
0
0
0
0
0
0
0
0
0
0
0
0
0
0
0
0
0
0
0
0
0
0
0
0
0
0
0
0
0
0
0
0
0
0
0
0
0
0
0
0
0
0
0
0
0
0
0
0
0
0
0
0
0
0
0
0
0
0
0
0
0
0
0
0
0
0
0
0
0
0
0
0
0
0
0
0
0
0
0
0
0
0
0
0
0
0
0
0
0
0
0
0
0
0
0
0
0
0
0
0
0
0
0
0
0
0
0
0
0
0
0
0
0
0
0
0
0
0
0
0
0
0
0
0
0
0
0
0
0
0
0
0
0
0
0
0
0
0
0
0
0
0
0
0
0
0
0
0
0
0
0
0
0
0
0
0
0
0
0
0
0
0
0
0
0
0
0
0
0
0
0
0
0
0
0
0
0
0
0
0
0
0
0
0
0
0
0
0
0
0
0
0
0
0
0
0
0
0
0
0
0
0
0
0
0
0
0
0
0
0
0
0
0
0
0
0
0
0
0
0
0
0
0
0
0
0
0
0
0
0
0
0
0
0
0
0
0
0
0
0
0
0
0
0
0
0
0
0
0
0
0
0
0
0
0
0
0
0
0
0
0
0
0
0
0
0
0
0
0
0
0
0
0
0
0
0
0
0
0
0
0
0
0
0
0
0
0
0
0
0
0
0
0
0
0
0
0
0
0
0
0
0
0
0
0
0
0
0
0
0
0
0
0
0
0
0
0
0
0
0
0
0
0
0
0
0
0
0
0
0
0
0
0
0
0
0
0
0
0
0
0
0
0
0
0
0
0
0
0
0
0
0
0
0
0
0
0
0
0
0
0
0
0
0
0
0
0
0
0
0
0
0
0
0
0
0
0
0
0
0
0
0
0
0
0
0
0
0
0
0
0
0
0
0
0
0
0
0
0
0
0
0
0
0
0
0
0
0
0
0
0
0
0
0
0
0
0
0
0
0
0
0
0
0
0
0
0
0
0
0
0
0
0
0
0
0
0
0
0
0
0
0
0
0
0
0
0
0
0
0
0
0
0
0
0
0
0
0
0
0
0
0
0
0
0
0
0
0
0
0
0
0
0
0
0
0
0
0
0
0
0
0
0
0
0
0
0
0
0
0
0
0
0
0
0
0
0
0
0
0
0
0
0
0
0
0
0
0
0
0
0
0
0
0
0
0
0
0
0
0
0
0
0
0
0
0
0
0
0
0
0
0
0
0
0
0
0
0
0
0
0
0
0
0
0
0
0
0
0
0
0
0
0
0
0
0
0
0
0
0
0
0
0
0
0
0
0
0
0
0
0
0
0
0
0
0
0
0
0
0
0
0
0
0
0
0
0
0
0
0
0
0
0
0
0
0
0
0
0
0
0
0
0
0
0
0
0
0
0
0
0
0
0
0
0
0
0
0
0
0
0
0
0
0
0
0
0
0
0
0
0
0
0
0
0
0
0
0
0
0
0
0
0
0
0
0
0
0
0
0
0
0
0
0
0
0
0
0
0
0
0
0
0
0
0
0
0
0
0
0
0
0
0
0
0
0
0
0
0
0
0
0
0
0
0
0
0
0
0
0
0
0
0
0
0
0
0
0
0
0
0
0
0
0
0
0
0
0
0
0
0
0
0
0
0
0
0
0
0
0
0
0
0
0
0
0
0
0
0
0
0
0
0
0
0
0
0
0
0
0
0
0
4.10819e-10
0
0
0
0
0
0
0
0
0
0
0
0
0
0
0
0
0
0
0
0
0
0
0
0
1.82569e-09
0
0
0
0
0
0
0
0
0
0
0
0
0
0
0
0
0
0
0
0
0
0
0
0
5.10849e-09
0
0
0
0
0
0
0
0
0
0
0
0
0
0
0
0
0
0
0
0
0
0
0
0
1.09534e-08
0
0
0
0
0
0
0
0
0
0
0
0
0
0
0
0
0
0
0
0
0
0
0
0
1.58414e-08
0
0
0
0
0
0
0
0
0
0
0
0
0
0
0
0
0
0
0
0
0
0
0
0
1.37318e-09
0
0
1.7444e-10
6.88343e-10
6.12068e-10
4.03722e-10
2.80436e-10
2.21255e-10
1.9219e-10
1.68999e-10
1.44333e-10
1.23833e-10
1.08725e-10
9.82644e-11
8.82513e-11
8.1965e-11
6.97987e-11
6.84255e-11
4.99265e-11
5.31632e-11
3.06119e-11
4.27576e-11
1.65297e-11
1.67453e-11
4.48335e-10
0
0
1.35361e-12
0
0
0
0
0
0
0
0
0
0
0
0
0
0
0
0
5.91692e-13
0
1.73102e-12
0
0
2.23142e-09
2.26654e-11
7.65577e-11
0
0
0
0
0
0
0
0
0
0
0
0
0
0
0
0
0
0
0
0
0
0
9.57749e-09
6.83657e-10
2.38087e-10
0
0
0
0
0
0
0
0
0
0
0
0
0
0
0
0
0
0
0
0
0
0
3.14332e-08
2.3419e-09
4.59904e-10
0
0
0
0
0
0
0
0
0
0
0
0
0
0
0
0
0
0
0
0
0
0
)
;

boundaryField
{
    inlet
    {
        type            zeroGradient;
    }
    outlet
    {
        type            zeroGradient;
    }
    upperWall
    {
        type            zeroGradient;
    }
    lowerWall
    {
        type            zeroGradient;
    }
    frontAndBack
    {
        type            empty;
    }
}


// ************************************************************************* //
