/*--------------------------------*- C++ -*----------------------------------*\
| =========                 |                                                 |
| \\      /  F ield         | OpenFOAM: The Open Source CFD Toolbox           |
|  \\    /   O peration     | Version:  2112                                  |
|   \\  /    A nd           | Website:  www.openfoam.com                      |
|    \\/     M anipulation  |                                                 |
\*---------------------------------------------------------------------------*/
FoamFile
{
    version     2.0;
    format      ascii;
    arch        "LSB;label=32;scalar=64";
    class       volVectorField;
    location    "0.03";
    object      U;
}
// * * * * * * * * * * * * * * * * * * * * * * * * * * * * * * * * * * * * * //

dimensions      [0 1 -1 0 0 0 0];

internalField   nonuniform List<vector> 
1580
(
(9.99924 0.00146982 0)
(9.99812 0.00503665 0)
(9.9975 0.00908875 0)
(9.99126 0.0152539 0)
(9.9841 0.0213058 0)
(9.95432 0.0354031 0)
(9.92029 0.0496993 0)
(9.79488 0.111315 0)
(10.0001 0.00177201 0)
(10.0005 0.00634958 0)
(10.0014 0.0127697 0)
(10.0026 0.0214904 0)
(10.0045 0.0336158 0)
(10.0049 0.0530774 0)
(10.0085 0.0880199 0)
(10.0168 0.172949 0)
(10 0.00171385 0)
(10.0001 0.00579964 0)
(10.0004 0.0115253 0)
(10.0011 0.0196644 0)
(10.0024 0.0316603 0)
(10.0043 0.0510596 0)
(10.0102 0.0854155 0)
(10.0234 0.165981 0)
(10 0.00157445 0)
(10.0001 0.00537852 0)
(10.0004 0.0107659 0)
(10.0012 0.0185051 0)
(10.003 0.0300421 0)
(10.0071 0.0485766 0)
(10.0161 0.0813439 0)
(10.0365 0.155179 0)
(10 0.00144203 0)
(10.0002 0.00487938 0)
(10.0006 0.00969753 0)
(10.0019 0.0166361 0)
(10.0047 0.0271437 0)
(10.0109 0.0441336 0)
(10.0228 0.0747733 0)
(10.0536 0.14056 0)
(10 0.0011927 0)
(10.0003 0.00402369 0)
(10.001 0.00798744 0)
(10.0029 0.0137587 0)
(10.007 0.0227571 0)
(10.0152 0.0378164 0)
(10.0313 0.0648548 0)
(10.0711 0.121099 0)
(10 0.000753614 0)
(10.0004 0.00255611 0)
(10.0014 0.00516365 0)
(10.004 0.00923304 0)
(10.0093 0.0161594 0)
(10.0198 0.0286785 0)
(10.0404 0.0509612 0)
(10.0887 0.0946809 0)
(10 7.34941e-05 0)
(10.0005 0.000423427 0)
(10.0019 0.00131101 0)
(10.0051 0.00336305 0)
(10.0115 0.00775038 0)
(10.024 0.0167369 0)
(10.0485 0.0337001 0)
(10.1026 0.0659899 0)
(10.0002 -0.000912588 0)
(10.0012 -0.0029651 0)
(10.0036 -0.00472703 0)
(10.0079 -0.00524895 0)
(10.0151 -0.0035712 0)
(10.0283 0.00152648 0)
(10.0527 0.0121437 0)
(10.1069 0.0337959 0)
(9.99772 -0.00145025 0)
(9.99673 -0.00432145 0)
(9.99556 -0.00698213 0)
(9.99228 -0.00897624 0)
(9.98515 -0.00989833 0)
(9.97848 -0.00969 0)
(9.97349 -0.00722499 0)
(9.99621 -0.00178585 0)
(-0.0896056 0.0922602 0)
(-0.648528 0.573355 0)
(-2.2553 0.881367 0)
(-4.1441 0.952097 1.98965e-19)
(-5.68829 0.782795 0)
(-6.78153 0.52881 0)
(-7.47801 0.288835 0)
(-7.86805 0.0838778 0)
(-8.02173 -0.0858727 3.08605e-19)
(-7.99984 -0.226438 -3.18638e-19)
(-7.86087 -0.341527 -1.5952e-19)
(-7.63866 -0.435233 0)
(-7.35492 -0.514522 0)
(-6.97338 -0.594825 0)
(-6.46192 -0.680988 0)
(-5.8404 -0.770699 0)
(-5.10782 -0.861731 0)
(-4.25636 -0.948622 0)
(-3.3005 -1.01343 0)
(-2.26371 -1.04183 -6.61593e-20)
(-1.18297 -1.02284 0)
(-0.126036 -0.964319 1.30803e-19)
(0.855686 -0.859326 0)
(1.7445 -0.734116 0)
(2.50497 -0.605917 0)
(3.12159 -0.489115 0)
(3.59831 -0.384712 -1.42064e-19)
(3.957 -0.292955 -1.36484e-19)
(4.21982 -0.216886 0)
(4.40322 -0.156636 0)
(4.52072 -0.108917 0)
(4.585 -0.0685401 1.18785e-19)
(4.60587 -0.033577 -1.15713e-19)
(4.58932 -0.0124473 1.12995e-19)
(4.54952 -0.00808607 0)
(4.50176 -0.0158171 -1.08302e-19)
(4.45882 -0.0272986 -1.06199e-19)
(4.4273 -0.0358097 1.04192e-19)
(4.40939 -0.038928 0)
(4.40481 -0.0393459 0)
(4.41386 -0.03955 0)
(4.43573 -0.0421831 -1.9376e-19)
(4.47252 -0.0453282 0)
(4.52047 -0.0502311 0)
(4.58035 -0.0495148 1.84604e-19)
(4.63997 -0.0509682 0)
(4.70647 -0.0414678 1.79376e-19)
(4.7589 -0.0377368 0)
(4.8156 -0.00520917 0)
(4.84329 0.0302848 0)
(-0.303578 0.72273 0)
(-0.99431 1.62258 0)
(-2.45469 2.24792 0)
(-3.77219 2.40509 -2.86328e-19)
(-4.55363 2.06609 -5.06867e-19)
(-4.96559 1.52584 0)
(-5.17553 1.00671 0)
(-5.2605 0.555814 0)
(-5.25821 0.170878 -4.46204e-19)
(-5.19085 -0.156158 4.60532e-19)
(-5.02171 -0.4272 -2.56458e-19)
(-4.79565 -0.646466 0)
(-4.52631 -0.828271 -4.61392e-19)
(-4.19242 -1.01519 0)
(-3.76742 -1.22477 -2.73732e-19)
(-3.27456 -1.45681 0)
(-2.69733 -1.71223 0)
(-2.0149 -1.97441 0)
(-1.23414 -2.1848 0)
(-0.385531 -2.30297 2.37159e-19)
(0.491131 -2.29521 0)
(1.34734 -2.16779 -5.20997e-19)
(2.13409 -1.93598 0)
(2.82144 -1.64479 0)
(3.3987 -1.33353 0)
(3.85948 -1.04005 4.01769e-19)
(4.20568 -0.788351 2.02061e-19)
(4.46095 -0.580428 5.71631e-19)
(4.64981 -0.410499 0)
(4.78726 -0.270938 3.54403e-19)
(4.88112 -0.155551 0)
(4.93283 -0.0622856 1.6651e-19)
(4.94265 0.0112237 1.6607e-19)
(4.92064 0.0681676 -1.62322e-19)
(4.86883 0.103361 0)
(4.78485 0.114935 4.66943e-19)
(4.67482 0.105459 1.53105e-19)
(4.55368 0.0820465 1.501e-19)
(4.4378 0.052769 0)
(4.33835 0.0223848 0)
(4.26165 -0.00752043 0)
(4.21017 -0.0372381 2.8067e-19)
(4.18274 -0.0639166 0)
(4.17779 -0.0860234 0)
(4.18975 -0.0993924 -2.67593e-19)
(4.22003 -0.107638 -2.62982e-19)
(4.25679 -0.104929 -2.60152e-19)
(4.3212 -0.0971253 -2.55092e-19)
(4.37979 -0.0541431 0)
(4.49309 0.00490836 0)
(-0.226817 1.0926 0)
(-0.622005 2.15999 3.31823e-19)
(-1.52418 2.86169 5.60928e-19)
(-2.2198 2.95483 0)
(-2.5184 2.43153 -3.72242e-20)
(-2.67767 1.70192 0)
(-2.79445 1.05549 -1.17508e-18)
(-2.85799 0.522126 0)
(-2.8361 0.0627153 1.40417e-18)
(-2.73022 -0.346168 0)
(-2.54018 -0.689006 7.04103e-19)
(-2.29685 -0.957885 0)
(-2.02086 -1.16412 -1.94064e-20)
(-1.69093 -1.35829 0)
(-1.2916 -1.57487 1.21776e-18)
(-0.852314 -1.83191 0)
(-0.367777 -2.14345 4.56027e-19)
(0.195454 -2.47805 0)
(0.836907 -2.7711 0)
(1.50273 -2.93999 -1.99667e-19)
(2.15527 -2.93751 3.14002e-19)
(2.76116 -2.75907 9.06126e-19)
(3.29501 -2.44772 0)
(3.74022 -2.06636 0)
(4.09631 -1.66881 0)
(4.3721 -1.29541 -5.72657e-19)
(4.57685 -0.97604 -5.38982e-19)
(4.72509 -0.719218 -5.38018e-19)
(4.83264 -0.518329 0)
(4.91486 -0.35774 -5.05299e-19)
(4.9803 -0.221203 0)
(5.02607 -0.101551 -9.58927e-19)
(5.04658 -0.000409099 0)
(5.03699 0.0817061 0)
(4.99655 0.142441 0)
(4.92884 0.179264 -4.46232e-19)
(4.83585 0.191274 0)
(4.72255 0.180235 -8.62399e-19)
(4.59858 0.151404 0)
(4.47596 0.111432 0)
(4.36471 0.0657711 0)
(4.27151 0.018139 0)
(4.19826 -0.0268584 -7.92796e-19)
(4.14504 -0.0649868 0)
(4.10897 -0.0931279 -7.68348e-19)
(4.09212 -0.112769 3.79169e-19)
(4.08759 -0.124187 7.45486e-19)
(4.10718 -0.127715 3.68123e-19)
(4.13372 -0.111239 0)
(4.20339 -0.0790728 7.0442e-19)
(-0.0972918 1.24579 0)
(-0.186074 2.36804 -4.71064e-19)
(-0.634105 3.08157 -7.94579e-19)
(-0.92872 3.13808 0)
(-0.97449 2.55564 1.07976e-18)
(-1.01 1.78289 1.41372e-18)
(-1.06106 1.10929 1.65518e-18)
(-1.08335 0.552058 1.86738e-18)
(-1.03776 0.0552216 -1.9852e-18)
(-0.923527 -0.410413 -2.06033e-18)
(-0.744399 -0.815467 0)
(-0.531151 -1.13578 0)
(-0.293527 -1.37893 9.63933e-19)
(-0.00935705 -1.59688 0)
(0.339283 -1.82953 -1.15005e-18)
(0.728478 -2.1003 0)
(1.16532 -2.43606 3.3065e-20)
(1.65949 -2.79867 -3.84064e-19)
(2.20122 -3.11593 0)
(2.74145 -3.28704 0)
(3.23879 -3.259 -4.37928e-19)
(3.66868 -3.03629 -6.05832e-19)
(4.02194 -2.6722 -6.76077e-19)
(4.30123 -2.23967 -7.33848e-19)
(4.51531 -1.79976 7.54443e-19)
(4.67818 -1.39348 0)
(4.79892 -1.0472 1.49028e-18)
(4.8844 -0.769012 -7.21174e-19)
(4.94269 -0.553962 0)
(4.98609 -0.386235 -6.87354e-19)
(5.02526 -0.245148 0)
(5.06133 -0.117548 6.68998e-19)
(5.08574 -0.00218803 0)
(5.08791 0.0938908 6.45733e-19)
(5.06351 0.168563 -1.27239e-18)
(5.01368 0.218451 0)
(4.94042 0.241831 0)
(4.84657 0.239254 6.08538e-19)
(4.73821 0.214364 0)
(4.62444 0.173025 0)
(4.51418 0.121647 1.15821e-18)
(4.414 0.0664691 0)
(4.32647 0.0127947 2.24359e-18)
(4.25306 -0.0339086 0)
(4.19287 -0.0705797 1.06662e-21)
(4.14819 -0.0980681 -1.07048e-18)
(4.1156 -0.118118 -2.11036e-18)
(4.10102 -0.130056 0)
(4.09804 -0.12556 0)
(4.12618 -0.102249 -3.42527e-21)
(0.0105131 1.27163 0)
(0.150108 2.41078 6.61101e-19)
(0.0192974 3.13345 -1.12045e-18)
(-0.00676798 3.167 0)
(0.104772 2.57541 0)
(0.150411 1.8088 -1.90444e-18)
(0.152763 1.12928 0)
(0.169856 0.554276 -2.51463e-18)
(0.238485 0.0299844 2.70651e-18)
(0.365532 -0.461185 2.76925e-18)
(0.530988 -0.890657 -2.76783e-18)
(0.712517 -1.23063 1.35457e-18)
(0.908433 -1.49013 1.3061e-18)
(1.1459 -1.72344 0)
(1.4492 -1.97365 -1.57751e-18)
(1.79965 -2.26088 0)
(2.19958 -2.61189 2.2445e-20)
(2.65534 -2.99548 5.1467e-19)
(3.13374 -3.31861 0)
(3.58064 -3.47707 0)
(3.95893 -3.42235 0)
(4.25828 -3.16543 0)
(4.48182 -2.76792 1.82477e-18)
(4.6439 -2.3084 3.0473e-20)
(4.76083 -1.84999 -1.0303e-18)
(4.85078 -1.43149 -9.94333e-19)
(4.92195 -1.07514 -9.89803e-19)
(4.97344 -0.788064 1.9244e-18)
(5.00627 -0.566688 0)
(5.02858 -0.39654 1.83084e-18)
(5.0508 -0.255714 -8.95646e-19)
(5.0771 -0.127501 -1.77311e-18)
(5.10102 -0.00835776 0)
(5.1105 0.0960909 -8.74206e-19)
(5.09784 0.179841 3.45192e-18)
(5.06165 0.238252 0)
(5.00347 0.269114 1.67909e-18)
(4.92601 0.272589 0)
(4.83379 0.251451 0)
(4.73376 0.211031 -1.60329e-18)
(4.63317 0.158106 -1.57925e-18)
(4.53766 0.0995812 0)
(4.45001 0.042165 -7.99355e-22)
(4.372 -0.00862835 0)
(4.30388 -0.0497231 1.48111e-18)
(4.24779 -0.081583 9.46011e-22)
(4.2022 -0.106292 2.87456e-18)
(4.1701 -0.12288 -1.415e-18)
(4.15042 -0.124851 1.39167e-18)
(4.15341 -0.109265 -1.36408e-18)
(0.087942 1.24831 0)
(0.383252 2.38958 -8.79678e-19)
(0.467803 3.12018 1.46704e-18)
(0.624579 3.1403 0)
(0.844996 2.55606 -3.72324e-18)
(0.94969 1.80498 0)
(0.991392 1.12761 0)
(1.03795 0.543696 0)
(1.12619 0.00508851 -3.36748e-18)
(1.26331 -0.499913 0)
(1.41494 -0.93924 3.44129e-18)
(1.56898 -1.28707 -1.68796e-18)
(1.73098 -1.55503 -1.62983e-18)
(1.93177 -1.79939 -2.36525e-18)
(2.20083 -2.0641 1.97572e-18)
(2.52367 -2.36575 0)
(2.89873 -2.72974 -1.1381e-18)
(3.32548 -3.12234 7.0565e-19)
(3.75405 -3.44138 0)
(4.13174 -3.58294 0)
(4.42484 -3.50488 -6.42821e-19)
(4.63287 -3.22451 0)
(4.76943 -2.80723 -1.18206e-18)
(4.85553 -2.33367 2.53592e-18)
(4.9111 -1.86749 0)
(4.95466 -1.44553 1.84865e-20)
(4.99514 -1.0864 -1.20303e-18)
(5.02635 -0.795806 -1.19217e-18)
(5.04496 -0.571364 0)
(5.05559 -0.400226 -2.24849e-18)
(5.06754 -0.260406 1.10598e-18)
(5.08652 -0.133201 2.19854e-18)
(5.1084 -0.0128098 0)
(5.12151 0.0957083 0)
(5.11625 0.18482 -3.65991e-21)
(5.08946 0.248689 0)
(5.04181 0.284443 -4.27504e-18)
(4.97602 0.291908 0)
(4.89597 0.273458 0)
(4.80729 0.234149 8.73406e-22)
(4.71614 0.18092 0)
(4.62729 0.121127 0)
(4.54337 0.0619146 -1.94467e-18)
(4.4663 0.00905572 0)
(4.39686 -0.0343904 0)
(4.33698 -0.0686841 1.85357e-18)
(4.28605 -0.0959406 -8.44809e-22)
(4.24573 -0.115269 1.80076e-18)
(4.21742 -0.121006 -1.77352e-18)
(4.20731 -0.110776 -1.73719e-18)
(0.138517 1.2112 0)
(0.538691 2.35105 -1.07843e-18)
(0.769509 3.0888 0)
(1.05117 3.10585 -2.95641e-18)
(1.34781 2.53191 4.28931e-18)
(1.49638 1.79453 0)
(1.56702 1.12114 0)
(1.63484 0.532373 0)
(1.73836 -0.0150291 3.84845e-18)
(1.87976 -0.52687 3.96205e-18)
(2.01797 -0.969039 -3.97229e-18)
(2.15016 -1.31973 3.93001e-18)
(2.28749 -1.59268 0)
(2.46275 -1.84544 2.7883e-18)
(2.70897 -2.12125 0)
(3.01304 -2.43384 1.87871e-18)
(3.37169 -2.80721 1.39554e-18)
(3.7773 -3.20367 -8.66232e-19)
(4.16973 -3.51617 -3.00978e-19)
(4.49813 -3.64301 0)
(4.73064 -3.54728 8.31346e-19)
(4.87546 -3.25114 1.21221e-18)
(4.95326 -2.82207 0)
(4.98902 -2.34135 -2.33882e-20)
(5.00529 -1.87224 0)
(5.01936 -1.45013 1.50963e-18)
(5.04072 -1.09089 1.43289e-18)
(5.05942 -0.798986 0)
(5.06959 -0.573003 1.35234e-18)
(5.0734 -0.401404 3.94045e-18)
(5.07905 -0.26248 0)
(5.093 -0.136426 0)
(5.11274 -0.0158694 -2.59444e-18)
(5.1275 0.0947047 2.61306e-18)
(5.1268 0.187057 -2.62868e-18)
(5.10621 0.254436 0)
(5.06571 0.293397 5.20241e-18)
(5.00787 0.303477 0)
(4.93631 0.286866 0)
(4.85587 0.248473 2.49326e-18)
(4.77195 0.195304 0)
(4.68885 0.135004 0)
(4.60898 0.0749136 2.38718e-18)
(4.53423 0.0209607 0)
(4.4657 -0.0237889 2.31778e-18)
(4.40508 -0.0594772 -2.28751e-18)
(4.3522 -0.0881871 -2.25915e-18)
(4.30809 -0.109183 0)
(4.27533 -0.117191 -2.20409e-18)
(4.25842 -0.110469 2.16926e-18)
(0.17264 1.1783 0)
(0.646356 2.3146 1.19856e-18)
(0.981159 3.05591 0)
(1.35462 3.07152 1.97135e-20)
(1.71078 2.50647 0)
(1.89772 1.78138 0)
(1.9953 1.11256 0)
(2.08316 0.521016 0)
(2.20163 -0.0320776 -3.76475e-18)
(2.34608 -0.546963 -7.71783e-18)
(2.47434 -0.989173 3.87172e-18)
(2.59133 -1.34109 -6.6265e-21)
(2.71251 -1.61788 3.72742e-18)
(2.87189 -1.87775 0)
(3.10467 -2.16308 0)
(3.39716 -2.4851 -1.82095e-18)
(3.74602 -2.8662 -1.35358e-18)
(4.13673 -3.26443 0)
(4.50113 -3.56971 2.92331e-19)
(4.78992 -3.68308 5.2032e-19)
(4.97327 -3.5722 -1.5226e-18)
(5.06743 -3.2637 1.11312e-18)
(5.09869 -2.82631 2.727e-18)
(5.09481 -2.34135 -1.4755e-18)
(5.08034 -1.87146 2.86704e-18)
(5.07127 -1.45071 0)
(5.07774 -1.09259 0)
(5.08665 -0.800285 0)
(5.09029 -0.573381 -1.2056e-18)
(5.08889 -0.401547 -2.3266e-18)
(5.08951 -0.263531 2.25721e-18)
(5.09907 -0.138761 0)
(5.11655 -0.0184939 2.2423e-18)
(5.13229 0.0934899 -2.23781e-18)
(5.13538 0.188499 -2.22701e-18)
(5.12036 0.258947 -2.20339e-18)
(5.08654 0.300807 -2.17254e-18)
(5.03623 0.313305 0)
(4.97292 0.298479 0)
(4.90082 0.26112 -2.0299e-18)
(4.82456 0.208259 0)
(4.74807 0.147764 0)
(4.67349 0.0871402 -1.89818e-18)
(4.60258 0.0324154 0)
(4.53665 -0.0133339 -1.81638e-18)
(4.47712 -0.0501415 1.77847e-18)
(4.42404 -0.0800423 0)
(4.37792 -0.102507 0)
(4.34225 -0.112598 1.66803e-18)
(4.32038 -0.109272 0)
(0.197025 1.15323 0)
(0.723319 2.28288 0)
(1.13594 3.0229 0)
(1.58163 3.03619 1.01215e-17)
(1.99053 2.47931 -9.80843e-18)
(2.21601 1.76609 0)
(2.34192 1.10242 7.55987e-18)
(2.45084 0.509677 0)
(2.58476 -0.0466949 0)
(2.73239 -0.562295 4.80772e-18)
(2.85458 -1.00341 9.6361e-18)
(2.96233 -1.35609 -9.56935e-18)
(3.07416 -1.63648 -4.6623e-18)
(3.22498 -1.90278 0)
(3.4514 -2.19711 0)
(3.73792 -2.52789 0)
(4.08208 -2.91573 0)
(4.4618 -3.31473 0)
(4.80263 -3.61241 0)
(5.05544 -3.71271 -3.0604e-20)
(5.19403 -3.58772 1.85382e-18)
(5.24214 -3.26786 -5.41876e-18)
(5.2312 -2.8234 -6.41547e-18)
(5.19159 -2.33564 0)
(5.14955 -1.86635 -3.31535e-18)
(5.1197 -1.44823 0)
(5.11278 -1.09229 0)
(5.11286 -0.80029 0)
(5.11071 -0.57282 0)
(5.10477 -0.40085 2.57745e-18)
(5.10084 -0.263822 -5.00857e-18)
(5.106 -0.140627 0)
(5.12072 -0.0211576 0)
(5.13681 0.0917557 0)
(5.14342 0.189183 -2.40819e-18)
(5.13416 0.26271 2.37906e-18)
(5.10758 0.307605 0)
(5.06558 0.322695 4.54711e-18)
(5.01152 0.309861 0)
(4.94912 0.27381 -2.14894e-18)
(4.8822 0.221568 4.18679e-18)
(4.81425 0.161175 0)
(4.74735 0.100321 0)
(4.68292 0.0450782 3.86319e-18)
(4.6224 -0.00145517 -3.76376e-18)
(4.5669 -0.0391871 3.67008e-18)
(4.51645 -0.0700796 3.57908e-18)
(4.47098 -0.093916 3.4895e-18)
(4.43458 -0.106182 3.39746e-18)
(4.4103 -0.106521 -3.28848e-18)
(0.256114 1.06541 8.43896e-19)
(0.910909 2.18192 0)
(1.50533 2.9227 0)
(2.10624 2.9425 -2.96074e-18)
(2.62626 2.41416 4.54843e-18)
(2.92564 1.73158 -2.9544e-18)
(3.09484 1.08074 -7.25329e-18)
(3.2262 0.487046 0)
(3.36737 -0.0729469 -4.46971e-18)
(3.4963 -0.586914 0)
(3.58858 -1.02488 -4.77327e-18)
(3.66579 -1.37903 2.35161e-20)
(3.75021 -1.66662 0)
(3.87573 -1.94553 1.67902e-18)
(4.08014 -2.25644 2.86048e-18)
(4.34489 -2.60138 2.3048e-18)
(4.66894 -2.99796 1.71745e-18)
(5.01625 -3.39463 0)
(5.30648 -3.67607 0)
(5.48145 -3.75047 -2.98392e-19)
(5.53752 -3.6017 0)
(5.50627 -3.26364 1.34008e-18)
(5.42626 -2.8092 1.63729e-18)
(5.33112 -2.31924 0)
(5.2481 -1.85329 0)
(5.18834 -1.44106 0)
(5.16162 -1.08972 1.77e-18)
(5.14911 -0.799096 -1.7626e-18)
(5.13886 -0.571226 0)
(5.12687 -0.399128 -1.74589e-18)
(5.11695 -0.263439 1.17896e-20)
(5.11616 -0.142539 1.71071e-18)
(5.12668 -0.0245909 -1.71795e-18)
(5.1423 0.0889247 0)
(5.1525 0.188936 3.47852e-18)
(5.14975 0.265995 0)
(5.13149 0.314391 -1.73625e-18)
(5.09887 0.332401 -5.18971e-18)
(5.05495 0.321725 0)
(5.00297 0.287065 3.4058e-18)
(4.946 0.235481 -3.38344e-18)
(4.88696 0.175152 0)
(4.82814 0.113994 0)
(4.77077 0.0581585 -1.66184e-18)
(4.71626 0.0107832 1.6546e-18)
(4.66554 -0.0278711 -3.29715e-18)
(4.61857 -0.0596516 -3.28636e-18)
(4.57459 -0.0847262 -3.2748e-18)
(4.53798 -0.0990647 -3.25916e-18)
(4.51225 -0.102731 3.22506e-18)
(0.321417 0.904325 -9.04131e-19)
(1.16898 1.95883 0)
(2.04154 2.69166 0)
(2.86986 2.74861 -1.50705e-18)
(3.55455 2.28872 -2.32484e-18)
(3.96861 1.65934 3.18696e-18)
(4.20345 1.03301 3.83584e-18)
(4.35605 0.446843 -2.12301e-18)
(4.47951 -0.105744 4.6836e-18)
(4.565 -0.609571 0)
(4.61446 -1.04168 0)
(4.65562 -1.39906 3.47147e-20)
(4.70894 -1.69855 0)
(4.8071 -1.99979 -3.40493e-18)
(4.98359 -2.33728 -1.46824e-18)
(5.21781 -2.70258 -2.33598e-18)
(5.50716 -3.1089 -8.80379e-19)
(5.80457 -3.49575 0)
(6.0032 -3.74157 0)
(6.04925 -3.77203 -1.25705e-19)
(5.98155 -3.58787 4.02229e-19)
(5.83878 -3.22673 0)
(5.66549 -2.7624 7.6647e-19)
(5.49931 -2.2748 0)
(5.3667 -1.81901 0)
(5.27294 -1.41937 -9.06718e-19)
(5.22144 -1.07815 -1.81803e-18)
(5.19444 -0.792454 1.81252e-18)
(5.17473 -0.565734 0)
(5.15595 -0.394107 1.77331e-18)
(5.13939 -0.260284 3.53321e-18)
(5.1315 -0.142625 -1.76527e-18)
(5.13609 -0.0275068 7.2951e-21)
(5.14943 0.0854235 0)
(5.16218 0.18738 0)
(5.16586 0.267889 0)
(5.15646 0.319959 1.7784e-18)
(5.13395 0.341081 1.76862e-18)
(5.10067 0.33267 0)
(5.0595 0.299492 0)
(5.0129 0.248684 1.7152e-18)
(4.96321 0.18851 0)
(4.91282 0.127059 0)
(4.86324 0.0706664 -3.34321e-18)
(4.81556 0.0225032 1.66188e-18)
(4.77061 -0.0169784 0)
(4.72825 -0.0494337 0)
(4.68681 -0.0754548 0)
(4.65036 -0.0916442 0)
(4.62343 -0.0983487 -1.60107e-18)
(0.330834 0.710031 0)
(1.34509 1.67422 5.06714e-19)
(2.47574 2.39112 0)
(3.513 2.49909 8.21368e-19)
(4.34512 2.12216 2.40562e-18)
(4.86153 1.55899 1.54371e-18)
(5.14998 0.970418 -1.86433e-18)
(5.3168 0.403188 2.16552e-18)
(5.42416 -0.134071 -2.2802e-18)
(5.48412 -0.624319 -1.18224e-18)
(5.51319 -1.05014 0)
(5.53985 -1.41142 2.41763e-18)
(5.58093 -1.72325 0)
(5.66882 -2.04528 3.41343e-18)
(5.8284 -2.40723 -1.46305e-18)
(6.04503 -2.79259 0)
(6.3068 -3.20173 -8.86708e-19)
(6.53445 -3.56215 0)
(6.61031 -3.75924 0)
(6.52831 -3.74406 1.28814e-19)
(6.34458 -3.53015 -1.41095e-20)
(6.1041 -3.1552 6.09933e-19)
(5.85395 -2.69143 -2.55534e-20)
(5.63419 -2.21507 -8.48264e-19)
(5.4656 -1.77529 0)
(5.34834 -1.39116 1.86392e-20)
(5.2761 -1.06221 -8.91058e-19)
(5.23785 -0.783177 -8.882e-19)
(5.21027 -0.558606 0)
(5.18568 -0.387719 -2.67706e-18)
(5.16344 -0.255593 -1.77673e-18)
(5.14918 -0.141082 -8.79884e-19)
(5.14773 -0.02925 1.77166e-18)
(5.15763 0.0820585 0)
(5.17123 0.184771 0)
(5.17976 0.26781 0)
(5.17798 0.323012 0)
(5.16459 0.346994 0)
(5.141 0.340778 0)
(5.10966 0.309115 0)
(5.07276 0.259236 -2.57004e-18)
(5.03223 0.199442 0)
(4.99028 0.137874 -8.3871e-19)
(4.94898 0.0810762 -7.70408e-23)
(4.90921 0.0323243 1.65235e-18)
(4.87156 -0.00777051 0)
(4.83602 -0.0405855 0)
(4.80006 -0.0670355 0)
(4.7661 -0.0846294 1.61404e-18)
(4.74003 -0.0940491 1.59457e-18)
(0.276432 0.494299 0)
(1.41988 1.33499 -5.33248e-19)
(2.78105 2.02188 0)
(4.02285 2.18365 7.77611e-19)
(4.99484 1.90718 1.15288e-18)
(5.60717 1.42747 -1.59991e-18)
(5.94627 0.893145 1.92806e-18)
(6.13095 0.357932 1.0586e-18)
(6.23607 -0.157499 2.34354e-18)
(6.2913 -0.633421 2.99338e-20)
(6.3187 -1.05482 1.19651e-18)
(6.34791 -1.42214 0)
(6.39395 -1.74804 0)
(6.48863 -2.09107 -8.85691e-19)
(6.6443 -2.47372 7.24322e-19)
(6.84489 -2.87162 0)
(7.05962 -3.2728 -4.36254e-19)
(7.17844 -3.5921 0)
(7.12439 -3.73609 0)
(6.92469 -3.68005 -6.48331e-20)
(6.64001 -3.44343 -4.07626e-19)
(6.31601 -3.06141 -6.25049e-19)
(6.00398 -2.60536 -7.75301e-19)
(5.74491 -2.1458 8.65591e-19)
(5.55104 -1.72556 0)
(5.41796 -1.35844 4.6978e-19)
(5.3298 -1.04264 4.61515e-19)
(5.28139 -0.771434 8.95325e-19)
(5.24683 -0.549905 0)
(5.21679 -0.380016 4.51694e-19)
(5.18938 -0.249461 0)
(5.16921 -0.137934 1.32857e-18)
(5.16178 -0.0296195 0)
(5.16743 0.0792789 -4.4318e-19)
(5.18043 0.181678 0)
(5.19228 0.266303 0)
(5.19679 0.324017 0)
(5.19146 0.350548 0)
(5.1766 0.346426 0)
(5.1541 0.316269 8.67548e-19)
(5.12601 0.267375 8.55814e-19)
(5.09414 0.208084 0)
(5.06041 0.146516 -7.06553e-23)
(5.0272 0.0893579 1.65247e-18)
(4.99573 0.0401059 -8.20403e-19)
(4.96621 -0.000507218 0)
(4.93885 -0.0335755 8.11883e-19)
(4.91121 -0.0601299 8.07201e-19)
(4.88332 -0.0786576 -2.41446e-18)
(4.8616 -0.0902777 7.98535e-19)
(0.159485 0.346522 0)
(1.42158 0.976058 -1.30958e-19)
(3.01322 1.62988 0)
(4.40672 1.85793 -3.71286e-19)
(5.49774 1.66671 -1.19807e-18)
(6.20977 1.27281 0)
(6.61872 0.802159 4.71828e-19)
(6.84489 0.3071 -1.09964e-18)
(6.97206 -0.182986 0)
(7.04409 -0.645434 1.82499e-18)
(7.08826 -1.06437 -1.2418e-18)
(7.13405 -1.43809 0)
(7.19436 -1.77579 2.90694e-19)
(7.2959 -2.13527 -4.51091e-19)
(7.43949 -2.53332 -3.86442e-19)
(7.60051 -2.93412 2.94595e-19)
(7.72836 -3.31027 4.52756e-19)
(7.72165 -3.57904 0)
(7.54422 -3.67394 0)
(7.23874 -3.5856 6.62477e-20)
(6.86871 -3.33139 0)
(6.47681 -2.94896 0)
(6.12028 -2.50789 1.86684e-19)
(5.83631 -2.07052 0)
(5.62757 -1.67252 0)
(5.48437 -1.32315 4.60846e-19)
(5.38583 -1.02025 6.823e-19)
(5.32643 -0.757701 0)
(5.28543 -0.539863 -2.21643e-19)
(5.24988 -0.371134 2.26291e-19)
(5.21737 -0.242024 0)
(5.19155 -0.1333 -4.45598e-19)
(5.17818 -0.0285922 2.2171e-19)
(5.17907 0.0773197 2.23383e-19)
(5.19026 0.178495 0)
(5.20404 0.263798 0)
(5.21357 0.323378 0)
(5.2152 0.352108 2.22117e-19)
(5.20814 0.34996 0)
(5.19355 0.321293 -8.69254e-19)
(5.17334 0.273395 4.27682e-19)
(5.14936 0.214649 0)
(5.12345 0.153153 8.32478e-19)
(5.09788 0.095646 0)
(5.07444 0.0458757 -8.14496e-19)
(5.05323 0.00474681 0)
(5.03444 -0.0286453 -1.20935e-18)
(5.01675 -0.0553128 -8.01684e-19)
(4.99952 -0.0744418 8.01462e-19)
(4.98716 -0.0876803 -1.19954e-18)
(0.380312 0.0921516 0)
(1.08591 0.539335 1.38435e-19)
(2.83115 1.11403 0)
(4.49501 1.44163 3.92869e-19)
(5.87027 1.37756 0)
(6.73999 1.08552 0)
(7.24399 0.68894 -5.04764e-19)
(7.52844 0.242989 0)
(7.69401 -0.221733 0)
(7.79523 -0.67388 -6.54696e-19)
(7.86387 -1.09046 0)
(7.92484 -1.46779 0)
(7.98903 -1.81231 -3.21327e-19)
(8.07491 -2.17898 -4.75365e-19)
(8.17679 -2.57706 -4.06959e-19)
(8.26853 -2.9617 -3.28869e-19)
(8.2878 -3.29903 0)
(8.15726 -3.51953 0)
(7.87154 -3.57873 0)
(7.47787 -3.46827 0)
(7.03703 -3.20141 0)
(6.59491 -2.82508 0)
(6.2109 -2.4043 -2.03572e-19)
(5.91421 -1.99226 0)
(5.69898 -1.61754 0)
(5.54988 -1.28614 0)
(5.4451 -0.995636 -2.46267e-19)
(5.37485 -0.741857 0)
(5.32691 -0.528325 2.41048e-19)
(5.28543 -0.361178 2.41555e-19)
(5.24753 -0.233421 0)
(5.21606 -0.127317 0)
(5.19678 -0.0262119 -2.39048e-19)
(5.19257 0.0762696 2.38214e-19)
(5.20104 0.175442 0)
(5.21551 0.260571 0)
(5.22884 0.321366 0)
(5.23636 0.351928 -2.35114e-19)
(5.23621 0.351624 0)
(5.22872 0.324446 0)
(5.21555 0.277558 -4.53716e-19)
(5.19862 0.219361 0)
(5.17988 0.157957 0)
(5.1614 0.100114 0)
(5.14528 0.0497612 0)
(5.13204 0.00804501 0)
(5.12156 -0.025815 4.27315e-19)
(5.11361 -0.0527093 0)
(5.10778 -0.0725484 0)
(5.10782 -0.0871399 4.20853e-19)
(9.68049 0.20155 -3.0535e-19)
(9.35675 0.393776 0)
(8.95582 0.622523 -5.10049e-19)
(8.81602 0.771142 8.13777e-19)
(8.97644 0.748326 6.09214e-19)
(9.22917 0.561666 8.14492e-19)
(9.43089 0.269106 -9.89183e-19)
(9.55745 -0.0812622 0)
(9.63527 -0.459151 0)
(9.68535 -0.839865 1.26941e-18)
(9.71436 -1.20731 0)
(9.7244 -1.55339 0)
(9.71498 -1.87369 0)
(9.68512 -2.21197 0)
(9.61171 -2.56265 0)
(9.46942 -2.87489 -5.8379e-19)
(9.21738 -3.12049 0)
(8.83563 -3.25849 0)
(8.35561 -3.26185 0)
(7.81458 -3.11983 1.03912e-19)
(7.26497 -2.85536 -2.38864e-19)
(6.77043 -2.52089 0)
(6.37153 -2.16323 -4.35139e-19)
(6.07405 -1.81465 0)
(5.85898 -1.49189 0)
(5.70305 -1.19918 0)
(5.5871 -0.934968 -6.0583e-19)
(5.49619 -0.699563 6.2174e-19)
(5.42846 -0.497826 -6.33838e-19)
(5.37104 -0.336475 0)
(5.31917 -0.212185 6.56668e-19)
(5.27426 -0.111743 0)
(5.24144 -0.0187322 6.72088e-19)
(5.22533 0.0754941 -6.778e-19)
(5.22631 0.16888 6.83143e-19)
(5.23984 0.251993 0)
(5.25866 0.314107 -6.9278e-19)
(5.27618 0.347879 0)
(5.28827 0.351271 0)
(5.29348 0.327328 -1.40461e-18)
(5.29259 0.282666 0)
(5.28754 0.225608 0)
(5.28056 0.164323 0)
(5.27381 0.105759 0)
(5.26935 0.0541362 0)
(5.26843 0.0109834 0)
(5.27102 -0.0242319 0)
(5.27753 -0.0519794 -1.46088e-18)
(5.28701 -0.073185 0)
(5.30409 -0.0896574 -1.46969e-18)
(10.0926 0.354482 7.16341e-19)
(10.282 0.651639 0)
(10.5573 0.961156 1.86636e-18)
(10.8667 1.12627 -1.87578e-18)
(11.1654 1.06234 -1.38356e-18)
(11.4083 0.818478 -3.54247e-18)
(11.5598 0.475551 2.18061e-18)
(11.6283 0.0900567 0)
(11.6343 -0.304544 0)
(11.5904 -0.690091 -1.44307e-18)
(11.5047 -1.05936 1.21764e-18)
(11.3771 -1.40077 0)
(11.2123 -1.71025 0)
(10.9847 -2.02384 7.95309e-19)
(10.6504 -2.3287 0)
(10.2222 -2.57634 1.1115e-18)
(9.70597 -2.73961 6.59917e-19)
(9.1089 -2.80094 0)
(8.4696 -2.74887 -5.68736e-20)
(7.84449 -2.59764 -1.88088e-19)
(7.29433 -2.38429 4.25567e-19)
(6.85211 -2.13887 0)
(6.51443 -1.87806 7.54059e-19)
(6.2615 -1.61117 0)
(6.07087 -1.34611 -8.89423e-19)
(5.92029 -1.0906 0)
(5.79487 -0.849211 1.96523e-18)
(5.68519 -0.628566 -1.99321e-18)
(5.5897 -0.439563 1.01057e-18)
(5.50704 -0.287245 0)
(5.43293 -0.169259 -1.43204e-20)
(5.36785 -0.0763976 9.99929e-19)
(5.31615 0.00559741 -1.00224e-18)
(5.28306 0.0865508 9.91066e-19)
(5.27103 0.167281 -9.79021e-19)
(5.2779 0.241409 0)
(5.29748 0.299599 9.53756e-19)
(5.32206 0.333879 0)
(5.34518 0.340422 0)
(5.36298 0.320391 9.10449e-19)
(5.37445 0.278992 0)
(5.38079 0.223868 0)
(5.38432 0.163067 -8.59936e-19)
(5.38763 0.103714 0)
(5.39285 0.0502754 0)
(5.40152 0.00518242 0)
(5.41378 -0.0323575 0)
(5.43072 -0.0624876 1.56567e-18)
(5.45082 -0.0872221 0)
(5.4806 -0.106628 1.49233e-18)
(10.0785 0.325237 -4.27653e-19)
(10.2194 0.556229 0)
(10.4915 0.798338 -6.61757e-19)
(10.8762 0.93917 9.61962e-19)
(11.2784 0.895792 0)
(11.6078 0.685282 1.69519e-18)
(11.8201 0.37421 -9.28104e-19)
(11.9155 0.0152761 0)
(11.9172 -0.348578 1.08976e-18)
(11.8387 -0.698302 -1.21782e-18)
(11.6924 -1.02706 -1.21436e-18)
(11.4868 -1.32461 -1.07559e-18)
(11.2433 -1.58623 -5.04247e-19)
(10.9227 -1.84254 -7.87167e-20)
(10.4959 -2.08217 5.90889e-19)
(9.99942 -2.26554 -4.42116e-19)
(9.44311 -2.37435 -6.71219e-19)
(8.86037 -2.40317 0)
(8.29455 -2.36021 4.60832e-20)
(7.78425 -2.26196 0)
(7.34833 -2.11896 2.07168e-19)
(6.98565 -1.93747 0)
(6.68791 -1.72503 -3.49002e-19)
(6.44802 -1.49262 -3.94966e-19)
(6.25693 -1.2508 8.90473e-19)
(6.09872 -1.00968 0)
(5.9592 -0.777481 -9.67195e-19)
(5.83257 -0.564323 9.82964e-19)
(5.71588 -0.383705 -4.83782e-19)
(5.61346 -0.238291 -9.79012e-19)
(5.52214 -0.126438 -1.00152e-18)
(5.44226 -0.0404808 -1.00133e-18)
(5.37715 0.0322824 9.87152e-19)
(5.33186 0.101746 0)
(5.30987 0.17055 -9.69187e-19)
(5.31062 0.234713 0)
(5.32905 0.286658 -9.45819e-19)
(5.35744 0.318807 0)
(5.38808 0.326453 0)
(5.41537 0.309268 9.06225e-19)
(5.43663 0.270978 -8.91924e-19)
(5.45187 0.218187 0)
(5.46297 0.158393 -1.07259e-21)
(5.47247 0.0988588 0)
(5.48259 0.0442253 8.28173e-19)
(5.49487 -0.00247931 8.12856e-19)
(5.50966 -0.0421347 0)
(5.52877 -0.0739005 0)
(5.55112 -0.102283 -7.67625e-19)
(5.5856 -0.12623 0)
(10.0982 0.290564 -2.85999e-20)
(10.2274 0.464458 0)
(10.4538 0.630255 -3.64868e-19)
(10.7711 0.71733 -9.5777e-19)
(11.1254 0.674562 6.12053e-19)
(11.4348 0.504934 0)
(11.6439 0.251569 9.22266e-19)
(11.742 -0.0337406 0)
(11.7433 -0.330027 -1.08271e-18)
(11.6588 -0.621693 0)
(11.5041 -0.894486 0)
(11.2962 -1.14235 1.07984e-18)
(11.0495 -1.36017 5.06841e-19)
(10.7295 -1.57281 -1.05713e-18)
(10.3189 -1.77072 -5.93062e-19)
(9.85776 -1.92315 4.43722e-19)
(9.36365 -2.02383 0)
(8.86048 -2.07092 0)
(8.37194 -2.06534 1.15259e-20)
(7.91494 -2.00689 -1.14023e-19)
(7.50163 -1.89759 -2.0713e-19)
(7.14291 -1.74537 0)
(6.84606 -1.56246 1.13281e-20)
(6.60932 -1.36001 3.94557e-19)
(6.42052 -1.14306 0)
(6.26025 -0.91694 0)
(6.10971 -0.694116 -4.5371e-19)
(5.96606 -0.490218 4.66728e-19)
(5.83273 -0.317056 4.88924e-19)
(5.71254 -0.17864 9.90127e-19)
(5.60498 -0.0743892 0)
(5.51135 0.00327854 0)
(5.43413 0.0659602 -9.97026e-19)
(5.37793 0.123027 0)
(5.34691 0.178396 1.46404e-18)
(5.34165 0.230406 0)
(5.35817 0.273596 9.50539e-19)
(5.38906 0.301348 0)
(5.42595 0.308563 0)
(5.46177 0.293629 0)
(5.49216 0.258668 4.46778e-19)
(5.51553 0.208972 4.40279e-19)
(5.53284 0.151133 8.64233e-19)
(5.54612 0.0924013 0)
(5.55756 0.0374958 -1.24972e-18)
(5.56879 -0.00975353 -8.16506e-19)
(5.58078 -0.0507491 4.01435e-19)
(5.59544 -0.0838445 -7.87096e-19)
(5.61308 -0.116408 7.66531e-19)
(5.64387 -0.145202 0)
(10.1278 0.252693 4.52385e-19)
(10.2584 0.386249 0)
(10.4625 0.50723 3.62391e-19)
(10.7296 0.565327 2.37599e-19)
(11.0201 0.525588 -6.08555e-19)
(11.2764 0.390381 0)
(11.455 0.188882 0)
(11.5372 -0.0424132 0)
(11.5276 -0.289408 0)
(11.44 -0.534622 0)
(11.2894 -0.765103 0)
(11.0882 -0.973454 0)
(10.8521 -1.15701 0)
(10.5507 -1.33752 3.31051e-19)
(10.1687 -1.50846 1.21962e-19)
(9.74407 -1.64482 0)
(9.29045 -1.74028 0)
(8.82563 -1.79055 4.85398e-20)
(8.3691 -1.79337 0)
(7.93886 -1.74982 5.34968e-20)
(7.55231 -1.66585 0)
(7.22301 -1.54924 0)
(6.95675 -1.40502 1.72986e-19)
(6.74454 -1.23641 0)
(6.56928 -1.04158 1.98421e-19)
(6.40966 -0.826944 -2.10122e-19)
(6.24976 -0.609334 2.37009e-19)
(6.08804 -0.408807 -7.00763e-19)
(5.93594 -0.239673 0)
(5.79784 -0.109272 -2.41403e-19)
(5.67524 -0.0142664 0)
(5.56912 0.0539013 2.47763e-19)
(5.4815 0.105699 0)
(5.41622 0.149531 2.47528e-19)
(5.37761 0.190223 -2.46844e-19)
(5.36722 0.228354 -2.42483e-19)
(5.38197 0.260672 0)
(5.41492 0.281911 0)
(5.45748 0.287051 0)
(5.50156 0.273525 0)
(5.54123 0.241952 2.24656e-19)
(5.57318 0.196208 -4.42847e-19)
(5.59684 0.141686 0)
(5.61312 0.0853663 0)
(5.62408 0.0316496 2.09956e-19)
(5.6314 -0.0147246 0)
(5.63688 -0.0562078 -6.07786e-19)
(5.64265 -0.089812 7.92793e-19)
(5.65105 -0.126944 -3.90129e-19)
(5.67258 -0.160784 0)
(10.1553 0.212694 0)
(10.2877 0.31633 0)
(10.4776 0.406747 0)
(10.7126 0.448088 -2.36368e-19)
(10.9595 0.414671 0)
(11.1734 0.305566 0)
(11.3183 0.141748 0)
(11.3778 -0.0528176 0)
(11.3564 -0.255689 0)
(11.2663 -0.455107 0)
(11.1201 -0.643407 0)
(10.9283 -0.814605 0)
(10.7054 -0.966489 0)
(10.4222 -1.11653 0)
(10.0649 -1.26011 -1.22373e-19)
(9.66884 -1.37615 0)
(9.24601 -1.46002 0)
(8.81252 -1.50917 -4.8733e-20)
(8.38731 -1.52363 0)
(7.98806 -1.50595 6.07808e-20)
(7.63333 -1.45765 0)
(7.33336 -1.38319 0)
(7.08921 -1.27729 1.64132e-19)
(6.8907 -1.13269 0)
(6.71806 -0.94708 -2.00589e-19)
(6.54901 -0.732734 2.12803e-19)
(6.37053 -0.512946 2.23045e-19)
(6.18605 -0.313762 2.31843e-19)
(6.00954 -0.150605 0)
(5.85155 -0.0294928 2.44548e-19)
(5.71544 0.0542514 0)
(5.60025 0.11129 -2.50582e-19)
(5.50625 0.15098 0)
(5.43604 0.1806 -2.505e-19)
(5.39348 0.205495 -2.48469e-19)
(5.38045 0.228269 2.45543e-19)
(5.39473 0.247939 0)
(5.43017 0.260768 0)
(5.47848 0.262163 0)
(5.53106 0.248991 0)
(5.58078 0.220574 2.27104e-19)
(5.62258 0.179494 0)
(5.65399 0.12981 0)
(5.67402 0.0779693 0)
(5.68415 0.02746 2.13208e-19)
(5.6858 -0.0160763 0)
(5.68221 -0.0568699 2.05513e-19)
(5.67553 -0.0896683 0)
(5.67081 -0.131898 3.94716e-19)
(5.67801 -0.170394 0)
(10.1806 0.164232 0)
(10.3133 0.240156 0)
(10.4905 0.303609 0)
(10.699 0.329738 0)
(10.9107 0.301028 0)
(11.0902 0.21611 0)
(11.207 0.0890292 0)
(11.2484 -0.0600048 0)
(11.2186 -0.215006 0)
(11.1269 -0.36824 0)
(10.9845 -0.51424 0)
(10.8007 -0.648095 0)
(10.5886 -0.76787 0)
(10.3203 -0.887192 0)
(9.98303 -1.00349 0)
(9.60994 -1.10052 0)
(9.21274 -1.17612 0)
(8.80673 -1.22946 0)
(8.41037 -1.26053 0)
(8.04002 -1.27276 0)
(7.71256 -1.26396 0)
(7.43419 -1.22756 0)
(7.19637 -1.15324 0)
(6.99056 -1.02574 0)
(6.79643 -0.839582 0)
(6.59593 -0.614395 0)
(6.38312 -0.389184 0)
(6.16939 -0.197968 0)
(5.9719 -0.0485814 0)
(5.80175 0.0574902 0)
(5.66242 0.127314 0)
(5.55136 0.171347 0)
(5.46503 0.197642 0)
(5.40317 0.21238 0)
(5.3679 0.221009 0)
(5.36059 0.227692 0)
(5.3798 0.233557 0)
(5.42092 0.236526 0)
(5.47694 0.232716 0)
(5.53958 0.218864 0)
(5.60115 0.193334 0)
(5.65493 0.157698 0)
(5.69634 0.114603 0)
(5.72189 0.0698386 0)
(5.73208 0.0252191 0)
(5.72742 -0.0128747 0)
(5.71332 -0.0513399 0)
(5.69099 -0.0812559 0)
(5.66978 -0.129153 0)
(5.65652 -0.171565 0)
(10.1983 0.115027 0)
(10.329 0.166255 0)
(10.4952 0.206994 0)
(10.6833 0.221482 0)
(10.8694 0.199084 0)
(11.0246 0.138886 0)
(11.1244 0.0497432 0)
(11.1558 -0.0557163 0)
(11.1216 -0.167213 0)
(11.0299 -0.278651 3.62693e-19)
(10.891 -0.38552 0)
(10.7142 -0.48455 0)
(10.5115 -0.573977 0)
(10.2569 -0.665136 0)
(9.93871 -0.757471 0)
(9.58762 -0.839112 0)
(9.21417 -0.909332 0)
(8.83006 -0.967842 1.79425e-20)
(8.45062 -1.01457 0)
(8.08772 -1.04825 -7.67854e-20)
(7.74533 -1.06543 0)
(7.42593 -1.05291 0)
(7.12669 -1.00022 0)
(6.84511 -0.89232 0)
(6.56866 -0.713854 0)
(6.29322 -0.481391 -1.97271e-19)
(6.0227 -0.244359 0)
(5.78204 -0.0556322 4.58812e-19)
(5.58862 0.0714609 0)
(5.44078 0.151562 5.19455e-19)
(5.33645 0.200162 0)
(5.2682 0.226826 0)
(5.22859 0.237492 5.74521e-19)
(5.21257 0.236984 0)
(5.21737 0.230308 5.89536e-19)
(5.24177 0.222233 0)
(5.28494 0.215271 0)
(5.34448 0.208695 0)
(5.41628 0.199399 0)
(5.49405 0.184354 0)
(5.57083 0.161428 0)
(5.63887 0.13156 0)
(5.69199 0.0962199 0)
(5.72463 0.0604452 0)
(5.73714 0.023957 0)
(5.7286 -0.00663906 -5.83314e-19)
(5.70694 -0.0410356 0)
(5.67048 -0.066058 0)
(5.63404 -0.118281 0)
(5.60085 -0.163597 0)
(10.2026 0.0658919 -4.52659e-19)
(10.329 0.098489 0)
(10.4849 0.123477 0)
(10.6563 0.131799 0)
(10.8227 0.117855 0)
(10.9578 0.0807437 0)
(11.0457 0.025243 5.96289e-19)
(11.0671 -0.0429895 0)
(11.0301 -0.11737 0)
(10.9424 -0.192605 -3.50204e-19)
(10.8128 -0.265704 0)
(10.6491 -0.334603 3.23116e-19)
(10.4608 -0.398058 0)
(10.2217 -0.464645 -2.07759e-19)
(9.91758 -0.53376 -1.61614e-19)
(9.57164 -0.5975 0)
(9.18847 -0.655417 0)
(8.7715 -0.707057 -2.63404e-20)
(8.3286 -0.752358 0)
(7.86016 -0.786629 -5.42963e-21)
(7.37153 -0.802928 0)
(6.86847 -0.796645 0)
(6.35898 -0.754074 -2.94631e-19)
(5.87717 -0.658579 0)
(5.45972 -0.508641 3.21791e-19)
(5.12252 -0.321431 -1.62507e-19)
(4.855 -0.130727 0)
(4.66719 0.0326632 -7.84623e-19)
(4.57087 0.13434 0)
(4.54581 0.188175 -4.42914e-19)
(4.56912 0.214143 4.57675e-19)
(4.62366 0.223878 0)
(4.69762 0.223184 -4.79629e-19)
(4.78193 0.215514 4.84645e-19)
(4.87022 0.204094 -9.72182e-19)
(4.9605 0.192064 -4.86006e-19)
(5.05404 0.181007 0)
(5.15172 0.17068 0)
(5.25347 0.159185 0)
(5.35635 0.144461 -4.71256e-19)
(5.45498 0.124874 -4.66067e-19)
(5.54131 0.101637 0)
(5.60877 0.0754897 0)
(5.65114 0.0503292 0)
(5.66948 0.0236219 -4.46161e-19)
(5.66127 0.00240852 8.83445e-19)
(5.63648 -0.0263042 0)
(5.58787 -0.0437276 0)
(5.5433 -0.101926 0)
(5.49498 -0.140204 0)
(10.0439 0.0084172 4.66236e-19)
(10.134 0.0203344 0)
(10.2535 0.0299526 0)
(10.3885 0.0336874 0)
(10.5169 0.0290528 0)
(10.6172 0.0152493 0)
(10.6659 -0.00562845 -5.79817e-19)
(10.658 -0.0311669 0)
(10.5817 -0.0594252 0)
(10.4381 -0.0886629 0)
(10.2393 -0.118113 0)
(9.99262 -0.147316 -3.03805e-19)
(9.71246 -0.175322 0)
(9.35566 -0.206419 1.92796e-19)
(8.89713 -0.239213 1.48922e-19)
(8.37353 -0.270081 0)
(7.78375 -0.299462 0)
(7.13566 -0.326119 8.8766e-21)
(6.43307 -0.349611 0)
(5.68311 -0.367382 6.78603e-20)
(4.90337 -0.371862 0)
(4.10945 -0.364548 0)
(3.33705 -0.321596 2.59966e-19)
(2.6635 -0.208336 0)
(2.17254 -0.0566881 -2.80087e-19)
(1.88991 0.0648226 2.90347e-19)
(1.79827 0.133033 0)
(1.86193 0.177593 3.29276e-19)
(2.02935 0.196359 0)
(2.25912 0.199463 0)
(2.51922 0.195925 -3.80368e-19)
(2.79005 0.18802 0)
(3.06017 0.176998 0)
(3.32204 0.164567 -3.93939e-19)
(3.57083 0.15167 3.92708e-19)
(3.80416 0.138719 3.89689e-19)
(4.02216 0.125889 0)
(4.2261 0.113179 0)
(4.41585 0.0995544 0)
(4.58859 0.0853751 3.67861e-19)
(4.74114 0.0703896 3.61131e-19)
(4.86843 0.0570847 0)
(4.97053 0.0435174 0)
(5.04291 0.0336377 0)
(5.09252 0.0201798 3.34745e-19)
(5.10859 0.0143274 -3.29168e-19)
(5.11109 -0.003941 0)
(5.06414 -0.00434303 0)
(5.02574 -0.048159 0)
(4.86966 -0.0540798 0)
(4.90452 0.170915 0)
(5.16102 0.316355 2.05927e-19)
(5.41721 0.407642 0)
(5.67502 0.447342 6.55713e-18)
(5.84856 0.474448 1.19623e-17)
(6.15638 0.505074 5.29684e-18)
(6.33391 0.554267 0)
(6.78895 0.586969 3.55226e-18)
(6.89048 0.619428 -4.75341e-18)
(7.61773 0.639301 -1.90959e-18)
(4.60584 0.182398 0)
(4.82941 0.338005 1.1394e-17)
(5.07984 0.405775 -5.17298e-18)
(5.3411 0.4096 -1.42674e-17)
(5.55813 0.420839 -5.07454e-20)
(5.86843 0.418422 -1.53006e-17)
(6.11225 0.468998 0)
(6.59767 0.476127 -5.14337e-18)
(6.7718 0.541554 0)
(7.5511 0.525159 2.7624e-18)
(4.29072 0.0116878 0)
(4.48172 0.116841 0)
(4.72198 0.194816 7.46161e-18)
(5.0004 0.223015 6.8314e-18)
(5.23289 0.254651 -6.17974e-18)
(5.56837 0.256087 5.4752e-18)
(5.81069 0.314389 0)
(6.33644 0.317857 0)
(6.51316 0.397419 -4.62293e-18)
(7.34921 0.370811 -1.9558e-18)
(4.18466 -0.0339509 0)
(4.34157 0.0609299 0)
(4.55262 0.139834 1.05194e-17)
(4.8227 0.164764 0)
(5.05226 0.190122 -8.67435e-18)
(5.39912 0.184618 7.64677e-18)
(5.63772 0.239082 0)
(6.18101 0.239172 -5.02272e-18)
(6.3609 0.314237 1.27377e-17)
(7.22944 0.28608 2.68906e-18)
(4.19082 -0.0561122 0)
(4.32181 0.0227515 0)
(4.50864 0.0907203 -1.84684e-20)
(4.7677 0.114534 0)
(4.98947 0.138135 0)
(5.33701 0.134141 0)
(5.56768 0.181519 -8.42399e-18)
(6.11516 0.184915 6.59269e-18)
(6.29322 0.253444 -8.25725e-18)
(7.17602 0.230174 0)
(4.23154 -0.0669629 0)
(4.34553 0.00106639 0)
(4.51577 0.0613747 -1.79527e-17)
(4.76554 0.0840016 0)
(4.98009 0.105144 0)
(5.32485 0.10213 0)
(5.54817 0.14379 2.03158e-17)
(6.09419 0.15016 7.83291e-18)
(6.26943 0.211768 -4.8121e-18)
(7.15661 0.194112 0)
(4.2746 -0.0725256 0)
(4.37785 -0.0116588 0)
(4.53727 0.0431533 0)
(4.78022 0.0646492 0)
(4.98932 0.0836978 1.73008e-17)
(5.33084 0.0814018 -1.48185e-17)
(5.54858 0.118888 -1.20081e-17)
(6.09162 0.127422 -6.5449e-21)
(6.26442 0.183567 1.10987e-17)
(7.15186 0.170347 0)
(4.3292 -0.0771786 0)
(4.42206 -0.0236602 0)
(4.57074 0.0252606 8.3356e-18)
(4.80641 0.0453222 0)
(5.00961 0.0620476 -1.33291e-17)
(5.34693 0.0604446 1.15418e-17)
(5.55862 0.093593 0)
(6.09725 0.104212 -1.45809e-17)
(6.26718 0.154609 -1.10468e-20)
(7.153 0.145846 0)
(4.41231 -0.0811801 -9.74902e-18)
(4.49421 -0.0364461 0)
(4.63098 0.00512427 -1.69296e-17)
(4.85767 0.0230172 0)
(5.05348 0.0367727 6.77984e-18)
(5.38442 0.0358264 -5.87908e-18)
(5.58843 0.0638568 4.81877e-18)
(6.11955 0.0765286 7.46722e-18)
(6.28545 0.120122 -4.58013e-18)
(7.16578 0.116105 1.94938e-18)
(4.50898 -0.0840219 4.84004e-18)
(4.58163 -0.0478365 0)
(4.70791 -0.0137039 8.38747e-18)
(4.92583 0.00177449 0)
(5.11426 0.0124476 -6.71984e-18)
(5.43794 0.0120893 1.1649e-17)
(5.63424 0.0350745 -9.54713e-18)
(6.1562 0.0495496 0)
(6.31756 0.0863192 -2.25739e-18)
(7.18931 0.0867479 -1.93101e-18)
(4.61623 -0.0861034 4.79683e-18)
(4.68137 -0.0582074 0)
(4.79861 -0.0315689 4.15536e-18)
(5.00826 -0.0186605 0)
(5.18941 -0.0111632 -6.6547e-18)
(5.5053 -0.0109136 -1.15439e-17)
(5.694 0.00705278 4.73138e-18)
(6.20573 0.0232532 -3.65812e-18)
(6.36198 0.0530675 4.46881e-18)
(7.22262 0.0578453 0)
(4.73104 -0.0877495 -4.7761e-18)
(4.79057 -0.067753 0)
(4.90016 -0.0485376 -4.13657e-18)
(5.10221 -0.0384654 0)
(5.27618 -0.0342385 6.60561e-18)
(5.5841 -0.0333502 5.7267e-18)
(5.76533 -0.0203791 2.34256e-18)
(6.26634 -0.00244638 7.25598e-18)
(6.41677 0.0202814 -2.21288e-18)
(7.26455 0.0293729 0)
(4.85361 -0.0893114 4.79973e-18)
(4.90897 -0.0766516 0)
(5.01173 -0.0645308 2.0784e-18)
(5.20501 -0.0571409 0)
(5.37175 -0.056197 0)
(5.67184 -0.0550218 0)
(5.84567 -0.0467717 -2.34052e-18)
(6.33601 -0.0275968 -5.3977e-18)
(6.47971 -0.0115468 1.10094e-18)
(7.31379 0.00132532 0)
(4.98464 -0.0914715 0)
(5.03815 -0.0855824 0)
(5.13538 -0.0802796 -2.1042e-18)
(5.31846 -0.0753705 0)
(5.47835 -0.0776495 0)
(5.76799 -0.0759756 1.43337e-18)
(5.93556 -0.0725331 1.18281e-18)
(6.4126 -0.0520337 2.68324e-18)
(6.55049 -0.0428303 -5.55675e-19)
(7.36895 -0.0263103 2.30285e-19)
(5.11545 -0.0950048 0)
(5.17166 -0.0952689 0)
(5.26705 -0.0962866 0)
(5.44186 -0.0940619 0)
(5.59661 -0.0996686 0)
(5.87262 -0.0972559 -1.55152e-18)
(6.0357 -0.0985222 -1.28766e-18)
(6.4944 -0.0762045 -9.71681e-19)
(6.62929 -0.0741342 -6.10928e-19)
(7.4282 -0.0538717 -2.51853e-19)
(5.32888 -0.103961 0)
(5.39559 -0.11454 -2.12987e-18)
(5.49519 -0.125086 0)
(5.66163 -0.127877 0)
(5.81121 -0.138528 0)
(6.06619 -0.136736 -1.43744e-18)
(6.22334 -0.144194 0)
(6.64886 -0.121386 0)
(6.78032 -0.128759 0)
(7.54074 -0.105736 0)
(5.52086 -0.127145 4.49495e-18)
(5.60499 -0.148639 2.13534e-18)
(5.71819 -0.166494 3.97915e-18)
(5.88588 -0.174584 0)
(6.0346 -0.189045 3.27224e-18)
(6.27958 -0.192141 -1.43968e-18)
(6.43876 -0.203233 0)
(6.84484 -0.188332 0)
(6.97521 -0.199247 0)
(7.69639 -0.183473 0)
(5.63296 -0.156381 -4.46591e-18)
(5.73048 -0.190393 0)
(5.85731 -0.214079 -3.95214e-18)
(6.03096 -0.224905 0)
(6.1818 -0.242023 -9.73848e-18)
(6.42435 -0.248767 8.57782e-18)
(6.58714 -0.263437 0)
(6.98652 -0.254438 -3.7698e-18)
(7.11915 -0.268975 -2.39601e-18)
(7.82055 -0.259489 0)
(5.6903 -0.187614 0)
(5.7969 -0.235231 0)
(5.93699 -0.264154 -7.88732e-18)
(6.11841 -0.276776 0)
(6.27338 -0.296464 1.29067e-17)
(6.51615 -0.306067 -1.13689e-17)
(6.68265 -0.32476 0)
(7.07989 -0.319437 3.75248e-18)
(7.21502 -0.338568 2.39195e-18)
(7.90834 -0.332876 0)
(5.71319 -0.219597 0)
(5.82722 -0.281984 -8.61586e-18)
(5.9794 -0.314904 7.87612e-18)
(6.16804 -0.32831 0)
(6.32634 -0.350172 -1.29089e-17)
(6.57109 -0.362175 5.68154e-18)
(6.74084 -0.386794 0)
(7.13838 -0.38462 0)
(7.2744 -0.409169 4.81499e-18)
(7.96585 -0.405894 0)
(5.70904 -0.251825 0)
(5.83217 -0.331645 8.68574e-18)
(5.99747 -0.367121 0)
(6.19332 -0.380274 0)
(6.35307 -0.403694 -6.55435e-18)
(6.60125 -0.417903 1.1521e-17)
(6.77117 -0.44719 0)
(7.17069 -0.447493 -7.58349e-18)
(7.30508 -0.47975 -9.69807e-18)
(7.99813 -0.478471 0)
(5.67454 -0.282528 0)
(5.81091 -0.386022 0)
(5.9921 -0.426511 0)
(6.19627 -0.438132 0)
(6.35615 -0.458882 1.32371e-17)
(6.6085 -0.473877 -1.16746e-17)
(6.77556 -0.50491 9.8262e-18)
(7.18101 -0.508876 7.68397e-18)
(7.30934 -0.544826 4.89713e-18)
(8.00846 -0.549428 4.11811e-18)
(5.60509 -0.312312 0)
(5.75848 -0.415743 0)
(5.95693 -0.453581 -2.38977e-17)
(6.17017 -0.469332 0)
(6.32902 -0.497392 -1.95064e-17)
(6.5837 -0.515388 -1.72145e-17)
(6.7486 -0.552676 -1.43656e-17)
(7.16026 -0.557461 0)
(7.28234 -0.598525 0)
(7.99252 -0.606329 -5.99802e-18)
(5.48898 -0.383831 0)
(5.66245 -0.509047 0)
(5.87 -0.532284 1.75318e-17)
(6.08942 -0.532265 0)
(6.2495 -0.555505 1.43808e-17)
(6.50786 -0.570842 2.55364e-17)
(6.67817 -0.609006 1.07782e-17)
(7.09213 -0.61614 -1.70313e-17)
(7.21536 -0.661093 1.10737e-17)
(7.93037 -0.673529 0)
(4.84272 -0.251406 0)
(5.12604 -0.399683 -1.44022e-17)
(5.40156 -0.471739 0)
(5.66634 -0.512122 0)
(5.81781 -0.541108 -1.05288e-17)
(6.10436 -0.572366 -9.28424e-18)
(6.23953 -0.595926 -7.81547e-18)
(6.67363 -0.62751 1.23766e-17)
(6.76491 -0.651098 1.26886e-19)
(7.4575 -0.692359 0)
)
;

boundaryField
{
    inlet
    {
        type            fixedValue;
        value           uniform (10 0 0);
    }
    outlet
    {
        type            zeroGradient;
    }
    upperWall
    {
        type            noSlip;
    }
    lowerWall
    {
        type            noSlip;
    }
    frontAndBack
    {
        type            empty;
    }
}


// ************************************************************************* //
