/*--------------------------------*- C++ -*----------------------------------*\
| =========                 |                                                 |
| \\      /  F ield         | OpenFOAM: The Open Source CFD Toolbox           |
|  \\    /   O peration     | Version:  2112                                  |
|   \\  /    A nd           | Website:  www.openfoam.com                      |
|    \\/     M anipulation  |                                                 |
\*---------------------------------------------------------------------------*/
FoamFile
{
    version     2.0;
    format      ascii;
    arch        "LSB;label=32;scalar=64";
    class       volScalarField;
    location    "0.099";
    object      s_0;
}
// * * * * * * * * * * * * * * * * * * * * * * * * * * * * * * * * * * * * * //

dimensions      [0 0 0 0 0 0 0];

internalField   nonuniform List<scalar> 
12225
(
1
1
1
1
1
1
1
1
1
1
1
1
1
1
1
1
1
1
1
1
1
1
1
1
1
1
1
1
1
1
1
1
1
1
1
1
1
1
1
1
1
1
1
1
1
1
1
1
1
1
1
1
1
1
1
1
1
1
1
1
1
1
1
1
1
1
1
1
1
1
1
1
1
1
1
1
1
1
1
1
1
1
1
1
1
1
1
1
1
1
1
1
1
1
1
1
1
1
1
1
1
1
1
1
1
1
1
1
1
1
1
1
1
1
1
1
1
1
1
1
1
1
1
1
1
1
1
1
1
1
1
1
1
1
1
1
1
1
1
1
1
1
1
1
1
1
1
1
1
1
1
1
1
1
1
1
1
1
1
1
1
1
1
1
1
1
1
1
1
1
1
1
1
1
1
1
1
1
1
1
1
1
1
1
1
1
1
1
1
1
1
1
1
1
1
1
1
1
1
1
1
1
1
1
1
1
1
1
1
1
1
1
1
1
1
1
1
1
1
1
1
1
1
1
1
1
1
1
1
1
1
1
1
1
1
1
1
1
1
1
1
1
1
1
1
1
1
1
1
1
1
1
1
1
1
1
1
1
1
1
1
1
1
1
1
1
1
1
1
1
1
1
1
1
1
1
1
1
1
1
1
1
1
1
1
1
1
1
1
1
1
1
1
1
1
1
1
1
1
1
1
1
1
1
1
1
1
1
1
1
1
1
1
1
1
1
1
1
1
1
1
1
1
1
1
1
1
1
1
1
1
1
1
1
1
1
1
1
1
1
1
1
1
1
1
1
1
1
1
1
1
1
1
1
1
1
1
1
1
1
1
1
1
1
1
1
1
1
1
1
1
1
1
1
1
1
1
1
1
1
1
1
1
1
1
1
1
1
1
1
1
1
1
1
1
1
1
1
1
1
1
1
1
1
1
1
1
1
1
1
1
1
1
1
1
1
1
1
1
1
1
1
1
1
1
1
1
1
1
1
1
1
1
1
1
1
1
1
1
1
1
1
1
1
1
1
1
1
1
1
1
1
1
1
1
1
1
1
1
1
1
1
1
1
1
1
1
1
1
1
1
1
1
1
1
1
1
1
1
1
1
1
1
1
1
1
1
1
1
1
1
1
1
1
1
1
1
1
1
1
1
1
1
1
1
1
1
1
1
1
1
1
1
1
1
1
1
1
1
1
1
1
1
1
1
1
1
1
1
1
1
1
1
1
1
1
1
1
1
1
0.831447
0.866774
0.876759
0.882697
0.893006
0.899167
0.905746
0.910175
0.91219
0.913623
0.914
0.91384
0.913363
0.912253
0.911152
0.909556
0.908139
0.905656
0.903559
0.90023
0.896954
0.892293
0.871359
0.849281
0.85497
0.862798
0.86531
0.866971
0.868148
0.868604
0.865607
0.857171
0.859616
0.894795
0.901415
0.878405
0.855929
0.838513
0.834344
0.8344
0.837429
0.845117
0.857369
0.872688
0.888907
0.900325
0.904196
0.905921
0.906815
0.907631
0.908372
0.908601
0.908625
0.907992
0.907009
0.906932
0.907148
0.907576
0.908118
0.9088
0.909714
0.910348
0.910424
0.910218
0.90937
0.907621
0.904936
0.902544
0.90181
0.901654
0.901968
0.903695
0.907083
0.911034
0.914005
0.915471
0.916881
0.919903
0.924588
0.929583
0.93365
0.936761
0.939751
0.94278
0.944114
0.944697
0.944926
0.944956
0.94493
0.945336
0.946317
0.948028
0.950094
0.951977
0.953211
0.953694
0.95386
0.954094
0.954125
0.953522
0.951062
0.944764
0.933045
0.920391
0.912817
0.909734
0.909185
0.908702
0.903937
0.897933
0.899438
0.904368
0.906684
0.908517
0.911065
0.915072
0.920252
0.922375
0.926707
0.932941
0.94238
0.962629
0.962757
0.962102
0.961864
0.961591
0.961346
0.961159
0.961072
0.96102
0.960994
0.960931
0.96088
0.960836
0.960771
0.96066
0.960518
0.9604
0.960367
0.96042
0.960608
0.960886
0.96124
0.96159
0.961926
0.962247
0.962536
0.962822
0.963094
0.963331
0.963537
0.963751
0.963942
0.964165
0.964338
0.9645
0.964658
0.96476
0.964944
0.965266
0.965333
0.965271
0.964887
0.963275
0.959445
0.956064
0.953677
0.952433
0.952076
0.952175
0.95215
0.945855
0.924366
0.922018
0.922537
0.924213
0.928186
0.933124
0.940853
0.946136
0.820548
0.851439
0.868918
0.887808
0.912098
0.925583
0.930536
0.930864
0.930643
0.930044
0.929593
0.928936
0.928595
0.928374
0.927794
0.926408
0.924696
0.922182
0.917963
0.913318
0.905479
0.901015
0.893313
0.88245
0.880249
0.881476
0.884551
0.890405
0.890378
0.89513
0.901696
0.898543
0.899282
0.897658
0.884553
0.870562
0.861266
0.858387
0.862372
0.877328
0.8944
0.911396
0.931202
0.950145
0.96521
0.97218
0.975449
0.977281
0.978514
0.97935
0.979784
0.979991
0.980085
0.980151
0.980201
0.980249
0.980305
0.980391
0.980555
0.980744
0.980843
0.980902
0.980934
0.980939
0.980837
0.98053
0.979986
0.979193
0.978339
0.978047
0.977981
0.97799
0.978089
0.978335
0.978713
0.979187
0.979818
0.980735
0.981913
0.983107
0.984209
0.985093
0.985886
0.986661
0.987329
0.987671
0.988105
0.988645
0.989244
0.989985
0.990857
0.991836
0.992846
0.993764
0.994509
0.995077
0.995508
0.995843
0.996044
0.996069
0.995888
0.995191
0.993144
0.986549
0.96723
0.94189
0.920896
0.912468
0.906188
0.900671
0.898035
0.897032
0.896945
0.897806
0.900214
0.906058
0.919871
0.924733
0.927227
0.932417
0.950006
0.962493
0.961136
0.956668
0.952527
0.949829
0.947275
0.945861
0.945189
0.944789
0.944644
0.944617
0.944843
0.945366
0.946117
0.947191
0.948439
0.949849
0.951353
0.952753
0.953942
0.955004
0.955978
0.956853
0.957763
0.958611
0.959255
0.959902
0.960692
0.961462
0.962054
0.962979
0.963617
0.964684
0.965485
0.966709
0.967837
0.96897
0.969825
0.969696
0.969356
0.969281
0.96935
0.969441
0.969182
0.967972
0.964017
0.957753
0.954338
0.953282
0.952875
0.950578
0.939427
0.930266
0.916121
0.90294
0.901492
0.902622
0.905745
0.913828
0.843252
0.859151
0.889477
0.924806
0.936718
0.936519
0.934836
0.931393
0.927499
0.923549
0.921136
0.918381
0.918234
0.918765
0.920143
0.922353
0.923021
0.922761
0.921829
0.919851
0.915333
0.909448
0.90426
0.896091
0.889832
0.889485
0.891017
0.907851
0.906964
0.904822
0.9072
0.906845
0.907294
0.904166
0.900937
0.905195
0.914327
0.928261
0.939535
0.951532
0.961655
0.968134
0.975316
0.97908
0.980816
0.981532
0.981848
0.982006
0.982095
0.982166
0.982224
0.982252
0.982282
0.982336
0.982427
0.982549
0.982711
0.982866
0.983081
0.983373
0.983648
0.983952
0.9842
0.98444
0.984665
0.984894
0.985139
0.985406
0.985628
0.985803
0.985965
0.986105
0.986272
0.986391
0.986533
0.986691
0.986824
0.98697
0.98714
0.987242
0.987405
0.98749
0.987602
0.987718
0.987868
0.988045
0.988297
0.988685
0.989232
0.989959
0.990874
0.991959
0.99319
0.994383
0.995269
0.995998
0.996629
0.997195
0.997691
0.998081
0.998304
0.998349
0.99824
0.99742
0.993129
0.98375
0.968988
0.948575
0.931345
0.918795
0.90941
0.902982
0.899748
0.899222
0.899919
0.903277
0.916491
0.93009
0.931416
0.933852
0.954718
0.961677
0.95665
0.948735
0.944509
0.936493
0.930517
0.92829
0.927775
0.927744
0.928276
0.930009
0.93293
0.936051
0.93931
0.942496
0.945565
0.948652
0.951694
0.954413
0.956468
0.957972
0.95887
0.959345
0.959872
0.960407
0.960548
0.960776
0.961446
0.96215
0.962541
0.963548
0.96442
0.966459
0.968505
0.971697
0.97386
0.973819
0.972626
0.970246
0.968228
0.967504
0.967621
0.968439
0.969352
0.969442
0.969055
0.967375
0.961688
0.956802
0.95497
0.953651
0.950148
0.945931
0.933827
0.928542
0.926982
0.919407
0.907649
0.905021
0.875188
0.890981
0.930911
0.943006
0.941553
0.935098
0.92041
0.910416
0.901954
0.895402
0.890125
0.885904
0.885976
0.887401
0.891429
0.898309
0.909283
0.917326
0.919366
0.918815
0.91583
0.909454
0.903622
0.894559
0.890645
0.901804
0.915151
0.914918
0.915834
0.920817
0.924135
0.929976
0.932853
0.938645
0.94733
0.953178
0.959751
0.965248
0.970413
0.973898
0.97702
0.978497
0.979832
0.980343
0.980587
0.980681
0.980709
0.980733
0.980801
0.980846
0.980884
0.980943
0.980972
0.981019
0.981063
0.98112
0.981158
0.981216
0.981314
0.981453
0.981661
0.981957
0.982352
0.982794
0.98325
0.983726
0.984166
0.98457
0.984978
0.98533
0.985627
0.985858
0.986108
0.986334
0.986578
0.986784
0.986967
0.987119
0.987163
0.987144
0.987069
0.986924
0.986735
0.986536
0.98634
0.986153
0.985999
0.985876
0.985786
0.985741
0.985773
0.98591
0.98622
0.987012
0.98861
0.990492
0.992146
0.993653
0.995081
0.996385
0.997441
0.998083
0.998316
0.998318
0.998098
0.99745
0.995998
0.99263
0.98596
0.98009
0.972075
0.952416
0.926966
0.913484
0.911609
0.91309
0.920909
0.934067
0.93633
0.936729
0.958161
0.960417
0.953632
0.94948
0.945591
0.936825
0.9266
0.923414
0.922866
0.923131
0.924999
0.928405
0.932181
0.936472
0.942372
0.949317
0.956065
0.961189
0.964246
0.96598
0.967068
0.967908
0.96854
0.969
0.969532
0.969961
0.970257
0.970813
0.971721
0.972365
0.973007
0.974561
0.976341
0.980145
0.98167
0.981194
0.979715
0.97674
0.969829
0.963604
0.96099
0.960485
0.960531
0.961518
0.966033
0.968802
0.969444
0.969266
0.967857
0.963179
0.959754
0.957466
0.955186
0.953551
0.949368
0.946246
0.945985
0.945376
0.940865
0.922687
0.873119
0.916195
0.947741
0.94628
0.934293
0.909703
0.899317
0.894186
0.885657
0.87864
0.873671
0.869894
0.869559
0.870378
0.873045
0.879142
0.889307
0.902986
0.912068
0.915358
0.913819
0.907297
0.89758
0.893492
0.905043
0.919009
0.923464
0.929465
0.937698
0.945041
0.950362
0.956512
0.959782
0.965352
0.968278
0.971204
0.973484
0.975595
0.977206
0.978183
0.978943
0.979291
0.979743
0.979983
0.980126
0.980319
0.980503
0.980752
0.980903
0.981165
0.98132
0.981515
0.981634
0.981711
0.981734
0.981722
0.981601
0.981496
0.981424
0.981372
0.981358
0.981423
0.981659
0.981918
0.982513
0.983165
0.98397
0.984752
0.985481
0.986233
0.986984
0.987661
0.988325
0.988716
0.988863
0.988888
0.988831
0.98863
0.9883
0.987871
0.987378
0.986843
0.986329
0.985894
0.985524
0.985224
0.984999
0.98488
0.984861
0.984867
0.98483
0.984727
0.984508
0.984179
0.983949
0.984271
0.986165
0.988663
0.991078
0.993353
0.995364
0.996914
0.997872
0.998325
0.998486
0.998521
0.998506
0.998371
0.997841
0.996005
0.993526
0.989626
0.980366
0.953483
0.933792
0.929629
0.931569
0.938634
0.938818
0.941928
0.959401
0.959569
0.954056
0.952032
0.948671
0.936384
0.92305
0.919703
0.91939
0.920658
0.924648
0.930086
0.935931
0.944039
0.953731
0.961099
0.964777
0.966497
0.96744
0.968064
0.968653
0.969306
0.97029
0.971347
0.972404
0.973184
0.974034
0.976148
0.97861
0.980923
0.983897
0.986123
0.987207
0.98671
0.985261
0.982208
0.97569
0.964505
0.959405
0.958525
0.959031
0.959633
0.959525
0.958737
0.958946
0.963548
0.968138
0.969391
0.969321
0.968124
0.964435
0.960765
0.958387
0.957584
0.955937
0.95461
0.954581
0.954486
0.953225
0.945259
0.871193
0.936412
0.952794
0.941979
0.913457
0.900336
0.894423
0.888449
0.877434
0.870872
0.866845
0.864078
0.863877
0.864356
0.866539
0.872412
0.885383
0.901619
0.910851
0.912642
0.906755
0.898869
0.897023
0.904159
0.924385
0.931691
0.939256
0.950669
0.9562
0.962585
0.966403
0.969869
0.971701
0.97399
0.975012
0.976197
0.976845
0.977682
0.978208
0.978673
0.979109
0.979409
0.979785
0.980174
0.980618
0.981171
0.981776
0.982582
0.983369
0.984091
0.98461
0.985069
0.985315
0.985445
0.985499
0.985507
0.985367
0.985088
0.984711
0.984102
0.983394
0.982463
0.981865
0.981613
0.981523
0.98155
0.981954
0.982542
0.983528
0.98474
0.986101
0.98745
0.988348
0.988643
0.988694
0.988613
0.988196
0.987361
0.9861
0.984468
0.982871
0.981546
0.980635
0.979987
0.979497
0.979119
0.978811
0.978887
0.979642
0.980856
0.982158
0.9831
0.983658
0.983616
0.982967
0.982112
0.981682
0.982578
0.985698
0.989273
0.992574
0.995236
0.996954
0.997822
0.998158
0.998242
0.998237
0.998151
0.997785
0.996316
0.991076
0.987144
0.983169
0.972902
0.948289
0.937244
0.937167
0.941258
0.940767
0.947928
0.95992
0.95872
0.955711
0.955468
0.952279
0.939509
0.921737
0.916671
0.916277
0.918573
0.924673
0.931407
0.93868
0.948079
0.95718
0.962589
0.965093
0.966309
0.966932
0.967334
0.968005
0.968969
0.970611
0.972309
0.973923
0.975371
0.97717
0.980495
0.983617
0.987523
0.990685
0.990905
0.989948
0.987655
0.982453
0.96977
0.960386
0.957361
0.957484
0.959534
0.965148
0.968001
0.967957
0.965093
0.959814
0.959569
0.963749
0.968347
0.969534
0.969441
0.968328
0.96463
0.961128
0.959673
0.958621
0.95836
0.958586
0.958769
0.958464
0.955252
0.867501
0.945408
0.954199
0.932089
0.907578
0.89825
0.892857
0.884715
0.873038
0.868057
0.86503
0.86289
0.86367
0.865935
0.869097
0.876796
0.890879
0.90206
0.906093
0.902927
0.899462
0.899177
0.905895
0.928397
0.938532
0.945277
0.957765
0.964224
0.967908
0.971751
0.973507
0.974987
0.97571
0.976437
0.976767
0.977201
0.977487
0.977947
0.978374
0.97889
0.979472
0.980046
0.980934
0.982141
0.983307
0.984323
0.985135
0.985772
0.98618
0.986532
0.986654
0.986647
0.986609
0.986613
0.986685
0.986793
0.987016
0.987274
0.987596
0.987821
0.987967
0.988035
0.987537
0.986254
0.984773
0.983095
0.981915
0.981365
0.981123
0.981025
0.981165
0.981658
0.982589
0.982905
0.982915
0.982646
0.981611
0.979901
0.978135
0.977144
0.976906
0.976947
0.976984
0.97691
0.976627
0.975966
0.974693
0.97317
0.971915
0.971607
0.972606
0.975173
0.978508
0.981218
0.982079
0.981696
0.98029
0.979099
0.979037
0.980711
0.985729
0.991064
0.9949
0.996995
0.997861
0.998102
0.998111
0.997989
0.997453
0.995551
0.986918
0.975813
0.97287
0.96862
0.953488
0.940772
0.940188
0.943717
0.944412
0.95338
0.960308
0.958823
0.957915
0.958212
0.956339
0.945306
0.922145
0.913696
0.91306
0.916234
0.922625
0.92845
0.936027
0.944882
0.954181
0.959716
0.962326
0.963417
0.963772
0.964189
0.965567
0.968033
0.971047
0.974311
0.977449
0.980729
0.985556
0.989764
0.993141
0.994385
0.99415
0.992869
0.989768
0.981851
0.965941
0.958357
0.956349
0.956656
0.959654
0.969352
0.973747
0.973947
0.972061
0.967322
0.961575
0.959518
0.960356
0.965682
0.969015
0.969792
0.969609
0.968218
0.964264
0.96153
0.960113
0.959778
0.9599
0.960871
0.961245
0.960106
0.863329
0.949661
0.954654
0.928785
0.906539
0.898208
0.89256
0.883681
0.87195
0.867874
0.867478
0.867729
0.87022
0.873278
0.878537
0.886373
0.894192
0.898412
0.899476
0.899606
0.90091
0.908396
0.931221
0.943941
0.950292
0.961091
0.968524
0.971901
0.974027
0.97551
0.976149
0.976537
0.976719
0.976885
0.977026
0.977255
0.977508
0.977965
0.978611
0.979526
0.98051
0.981498
0.982489
0.983445
0.984128
0.984502
0.984657
0.984667
0.984291
0.983456
0.982423
0.981397
0.980748
0.980411
0.980311
0.980655
0.981312
0.982364
0.983859
0.985542
0.987236
0.98853
0.989697
0.990322
0.990563
0.990538
0.989576
0.987678
0.985464
0.98314
0.981183
0.979878
0.978909
0.978086
0.977269
0.976472
0.975914
0.975606
0.975582
0.975894
0.976735
0.977898
0.979297
0.980289
0.980458
0.979724
0.977459
0.974109
0.971348
0.969601
0.968835
0.968823
0.96974
0.972748
0.977317
0.979858
0.97996
0.978532
0.97701
0.976714
0.977605
0.982446
0.989909
0.994618
0.996866
0.997642
0.997762
0.997656
0.997056
0.994982
0.986944
0.969823
0.963038
0.960814
0.952286
0.94189
0.94203
0.946554
0.948876
0.957001
0.960467
0.959345
0.959782
0.960798
0.960108
0.951267
0.924166
0.910894
0.91004
0.914057
0.916492
0.919368
0.924632
0.931948
0.94377
0.951786
0.955872
0.957455
0.957889
0.959136
0.962392
0.967753
0.973004
0.978742
0.984246
0.990057
0.994
0.995814
0.996445
0.996266
0.995155
0.992015
0.982951
0.966301
0.958333
0.956057
0.956228
0.95902
0.969018
0.975562
0.976791
0.975726
0.968617
0.960754
0.958329
0.958271
0.958839
0.962005
0.967658
0.969638
0.970006
0.969625
0.967531
0.963721
0.961355
0.960389
0.960315
0.960959
0.962943
0.962799
0.860169
0.95092
0.954849
0.928432
0.910001
0.902467
0.896229
0.888829
0.87761
0.872496
0.87128
0.871625
0.875117
0.87884
0.88367
0.88915
0.894442
0.897396
0.899683
0.902913
0.912044
0.935113
0.948016
0.954609
0.962943
0.970671
0.974047
0.975672
0.97652
0.976909
0.977013
0.976856
0.976823
0.976861
0.976943
0.977095
0.977329
0.977848
0.978621
0.979594
0.980573
0.981442
0.981976
0.98216
0.981826
0.980289
0.977866
0.975544
0.973492
0.971889
0.971005
0.970596
0.970418
0.970367
0.970469
0.97074
0.971155
0.971737
0.972614
0.97391
0.975975
0.979031
0.98267
0.98654
0.989673
0.991189
0.992056
0.992362
0.992199
0.991607
0.990168
0.987584
0.984264
0.98086
0.97812
0.976602
0.976088
0.976141
0.977168
0.97957
0.983194
0.986524
0.988823
0.99026
0.991182
0.991374
0.989838
0.98363
0.976059
0.971489
0.969279
0.968515
0.968395
0.968729
0.970087
0.973995
0.977384
0.977827
0.976708
0.97543
0.97528
0.976139
0.981281
0.98975
0.994408
0.996242
0.996648
0.996577
0.995968
0.993742
0.985827
0.967445
0.957697
0.954966
0.948926
0.941509
0.943156
0.949119
0.95304
0.959025
0.960681
0.959853
0.960448
0.962536
0.962956
0.956922
0.92779
0.907642
0.907166
0.909965
0.906898
0.903814
0.902643
0.908103
0.925829
0.938973
0.945803
0.948558
0.949848
0.953438
0.960931
0.968381
0.977036
0.985311
0.991834
0.995281
0.997006
0.997587
0.997548
0.99686
0.994467
0.986804
0.969489
0.959948
0.956597
0.956377
0.957907
0.965542
0.974738
0.978401
0.978648
0.975983
0.958023
0.943226
0.943491
0.949691
0.954663
0.959412
0.9657
0.969135
0.970092
0.970098
0.969306
0.966226
0.962747
0.960845
0.960352
0.960693
0.962994
0.964403
0.858568
0.948988
0.956145
0.934329
0.915919
0.907944
0.899927
0.892099
0.883972
0.877182
0.87525
0.875058
0.877813
0.881845
0.886091
0.891198
0.895782
0.89998
0.906147
0.91936
0.940156
0.951547
0.957962
0.964603
0.97183
0.975147
0.976584
0.977195
0.977423
0.977474
0.977181
0.976849
0.976694
0.976638
0.976637
0.976691
0.976941
0.977542
0.978414
0.979222
0.979598
0.979641
0.9784
0.976074
0.973657
0.971092
0.96987
0.968836
0.968272
0.968025
0.967943
0.967942
0.968054
0.968217
0.968444
0.968735
0.969082
0.969435
0.969812
0.970171
0.970552
0.97108
0.972025
0.973796
0.977194
0.982202
0.986963
0.990314
0.991818
0.992455
0.992598
0.992227
0.991503
0.989987
0.987316
0.984235
0.983221
0.983517
0.985675
0.987809
0.989303
0.990318
0.991167
0.992085
0.993264
0.994365
0.99474
0.993558
0.986438
0.977637
0.973507
0.971799
0.970729
0.969734
0.969355
0.970093
0.972866
0.975596
0.975977
0.975282
0.974706
0.974806
0.976144
0.982603
0.990311
0.993793
0.994787
0.994831
0.994402
0.992386
0.984651
0.965372
0.954184
0.951309
0.945984
0.940947
0.943299
0.951482
0.956189
0.959927
0.960814
0.960045
0.96045
0.96275
0.965085
0.963068
0.933812
0.903913
0.905672
0.907944
0.894483
0.878327
0.872438
0.876372
0.901668
0.921195
0.931686
0.936407
0.940594
0.949065
0.960424
0.971858
0.982759
0.990467
0.994789
0.997143
0.998125
0.998284
0.998046
0.996739
0.991599
0.975903
0.963266
0.957945
0.956952
0.957388
0.960289
0.969797
0.977964
0.981066
0.980763
0.974362
0.944286
0.921194
0.920683
0.929862
0.945906
0.955763
0.963396
0.968064
0.969904
0.970232
0.969964
0.96834
0.964324
0.961443
0.960274
0.960264
0.961987
0.965095
0.856026
0.947385
0.956845
0.937158
0.924093
0.918496
0.911108
0.902258
0.894326
0.886143
0.882707
0.881817
0.883393
0.887556
0.891481
0.897255
0.903529
0.913338
0.928791
0.945481
0.955428
0.96067
0.966106
0.972134
0.9757
0.9771
0.977644
0.977816
0.977842
0.977592
0.977153
0.976666
0.976105
0.975907
0.975902
0.976006
0.976274
0.976826
0.97728
0.977357
0.976043
0.974284
0.971919
0.970434
0.968914
0.968053
0.967641
0.967408
0.967315
0.967288
0.967296
0.967384
0.967479
0.967661
0.967914
0.968271
0.968707
0.969179
0.969626
0.969967
0.970192
0.970331
0.970479
0.970697
0.971016
0.971818
0.973688
0.977607
0.9827
0.987053
0.98971
0.991013
0.991596
0.991414
0.990574
0.98936
0.988782
0.988615
0.988872
0.989001
0.988585
0.987542
0.986661
0.986764
0.98872
0.991749
0.994303
0.994996
0.993833
0.987597
0.982216
0.980731
0.979879
0.97775
0.97379
0.97126
0.971361
0.973541
0.975368
0.975433
0.974879
0.974777
0.975319
0.978338
0.986098
0.991133
0.993
0.993255
0.992923
0.990986
0.982815
0.961529
0.949494
0.947009
0.943527
0.940353
0.943097
0.953521
0.957903
0.960674
0.961057
0.960117
0.960343
0.962161
0.965654
0.967118
0.945974
0.900427
0.905448
0.907278
0.879853
0.848131
0.840364
0.844805
0.872509
0.898534
0.913423
0.922141
0.932263
0.947027
0.961447
0.976275
0.986384
0.992383
0.996009
0.997936
0.998606
0.998625
0.998204
0.995892
0.985658
0.969171
0.960294
0.957342
0.957065
0.957927
0.962205
0.973791
0.982238
0.984413
0.982589
0.969047
0.925542
0.898986
0.897679
0.905405
0.930942
0.948544
0.959996
0.966779
0.969512
0.970221
0.970207
0.969451
0.966325
0.96233
0.96016
0.959727
0.960564
0.964375
0.851823
0.944351
0.958734
0.944453
0.931894
0.928346
0.925517
0.920283
0.913876
0.907083
0.901811
0.899594
0.899209
0.903933
0.90937
0.918394
0.929104
0.940982
0.950693
0.958626
0.96409
0.967251
0.972048
0.975805
0.977337
0.977901
0.978077
0.978105
0.977958
0.977578
0.977005
0.97616
0.975172
0.974724
0.97446
0.974319
0.974412
0.974564
0.974304
0.973447
0.971955
0.970399
0.968947
0.96815
0.967544
0.967263
0.967142
0.967091
0.967075
0.967073
0.967101
0.967133
0.967212
0.967353
0.967592
0.967963
0.968484
0.969102
0.969874
0.970733
0.971141
0.97129
0.971186
0.970985
0.97081
0.970689
0.970734
0.971022
0.971956
0.974037
0.977764
0.981867
0.985552
0.988
0.988965
0.988965
0.988503
0.987829
0.986329
0.983154
0.978482
0.974807
0.973186
0.973454
0.975302
0.979963
0.987352
0.992913
0.994726
0.994517
0.99328
0.993022
0.99303
0.992376
0.988368
0.978638
0.973774
0.973405
0.97514
0.976495
0.97637
0.976089
0.976267
0.977961
0.984436
0.990147
0.992401
0.992712
0.992246
0.989661
0.978996
0.955434
0.943693
0.942035
0.941127
0.939701
0.942545
0.953705
0.95922
0.961166
0.961301
0.960276
0.960352
0.9618
0.96556
0.967793
0.949258
0.903629
0.908822
0.907859
0.867223
0.833815
0.829036
0.831113
0.843872
0.873343
0.893856
0.909354
0.926834
0.946305
0.965297
0.979065
0.987853
0.993283
0.996599
0.998318
0.998842
0.998824
0.998171
0.994521
0.980284
0.965493
0.958746
0.956881
0.956991
0.95877
0.966691
0.98008
0.98649
0.987231
0.983505
0.958038
0.910481
0.886584
0.882663
0.887035
0.91154
0.939907
0.955673
0.964299
0.968568
0.970063
0.970233
0.969903
0.96803
0.963433
0.960224
0.959087
0.959365
0.962676
0.849079
0.937148
0.959474
0.948976
0.939433
0.938002
0.937801
0.937542
0.935559
0.931934
0.930523
0.930347
0.931576
0.934162
0.940149
0.945486
0.952161
0.957783
0.962251
0.966349
0.969241
0.972
0.975286
0.977312
0.977995
0.978218
0.978264
0.978208
0.977964
0.977472
0.976458
0.975163
0.97373
0.973243
0.973143
0.972954
0.972527
0.972086
0.97164
0.970925
0.969781
0.968691
0.967843
0.967403
0.96717
0.967066
0.967028
0.967015
0.967012
0.967015
0.967025
0.967041
0.967079
0.967162
0.967323
0.967631
0.968158
0.968898
0.969931
0.971382
0.973211
0.974058
0.974183
0.973851
0.973263
0.972401
0.971488
0.970884
0.970636
0.970682
0.97099
0.97181
0.973352
0.975872
0.97872
0.980524
0.980623
0.978953
0.975135
0.97124
0.969041
0.968251
0.968309
0.969214
0.970561
0.971875
0.974831
0.983313
0.991471
0.994853
0.996273
0.997289
0.997732
0.997677
0.996721
0.991534
0.980446
0.97573
0.975472
0.97729
0.979286
0.979641
0.979806
0.980582
0.984581
0.990082
0.99236
0.992641
0.991937
0.988198
0.973219
0.948428
0.93745
0.936751
0.937667
0.938323
0.941519
0.953322
0.959861
0.961415
0.961484
0.960598
0.960638
0.962043
0.965736
0.9673
0.953422
0.914834
0.910986
0.906563
0.860931
0.831194
0.826573
0.827503
0.8334
0.852127
0.87825
0.90034
0.923142
0.946891
0.966761
0.980132
0.988709
0.993999
0.997072
0.998589
0.999039
0.99898
0.998069
0.993073
0.976301
0.962778
0.957275
0.956486
0.95716
0.96085
0.972667
0.984151
0.988946
0.98907
0.983868
0.951431
0.903565
0.881941
0.876988
0.878903
0.895552
0.928868
0.950119
0.962042
0.967705
0.969781
0.970253
0.970153
0.969108
0.964977
0.96055
0.9586
0.958493
0.960412
0.842707
0.92418
0.959991
0.957225
0.945885
0.9449
0.947904
0.950633
0.950969
0.952138
0.952172
0.951924
0.954011
0.956924
0.959149
0.96241
0.965049
0.967427
0.969136
0.971235
0.972642
0.974789
0.97674
0.977876
0.978218
0.978314
0.978325
0.978223
0.977946
0.977321
0.976376
0.975136
0.973533
0.972194
0.971582
0.971351
0.971082
0.970546
0.9699
0.969306
0.96864
0.967938
0.967417
0.967169
0.967063
0.967024
0.967017
0.967026
0.967032
0.967012
0.967008
0.967013
0.967033
0.967085
0.967203
0.967464
0.967946
0.968537
0.969426
0.971171
0.973999
0.976988
0.97855
0.978725
0.978347
0.977532
0.975997
0.974198
0.972581
0.971405
0.970756
0.970487
0.97045
0.970539
0.970737
0.970898
0.970751
0.970148
0.968859
0.967891
0.967452
0.967411
0.967596
0.968569
0.970027
0.970914
0.971662
0.973537
0.980944
0.99051
0.995508
0.997665
0.998483
0.998578
0.998102
0.995212
0.986078
0.979054
0.976961
0.977355
0.98048
0.984156
0.985581
0.9862
0.987914
0.991442
0.993012
0.993066
0.991833
0.985847
0.964513
0.939804
0.930486
0.930484
0.93344
0.935786
0.93984
0.952257
0.959791
0.961851
0.96183
0.961394
0.961756
0.96319
0.966125
0.966919
0.95665
0.920755
0.911699
0.902676
0.86257
0.832749
0.826505
0.82693
0.830903
0.842835
0.868172
0.892814
0.919994
0.94656
0.967159
0.98113
0.98999
0.995076
0.997744
0.99896
0.999254
0.999142
0.997968
0.991733
0.973142
0.960242
0.956473
0.956389
0.958085
0.964318
0.975679
0.985869
0.990497
0.990537
0.984471
0.949091
0.900261
0.880169
0.87543
0.876159
0.886628
0.91947
0.944473
0.9587
0.965996
0.969185
0.970208
0.970292
0.969783
0.966695
0.961168
0.958256
0.957676
0.958738
0.839417
0.894822
0.957757
0.962373
0.952198
0.949542
0.953576
0.959748
0.961075
0.961771
0.964921
0.966557
0.967383
0.969375
0.970263
0.97163
0.972772
0.97344
0.97409
0.974859
0.975427
0.976556
0.977573
0.978174
0.978331
0.978363
0.978314
0.978159
0.977786
0.977206
0.976514
0.975361
0.973781
0.972242
0.971212
0.970527
0.97006
0.969595
0.969038
0.968516
0.968065
0.967663
0.967341
0.967159
0.967063
0.967023
0.967007
0.96701
0.967017
0.967012
0.967007
0.967009
0.967023
0.967064
0.967165
0.9674
0.967888
0.968443
0.969132
0.970394
0.973772
0.977768
0.981301
0.983839
0.985127
0.985181
0.984048
0.981639
0.978924
0.976341
0.974098
0.972402
0.971281
0.970626
0.970181
0.969793
0.969421
0.968884
0.968225
0.967747
0.967664
0.967736
0.968015
0.969032
0.970571
0.971209
0.971299
0.971631
0.973063
0.980172
0.990565
0.996159
0.99826
0.998614
0.998218
0.995541
0.987104
0.980428
0.977833
0.977707
0.979481
0.985296
0.989843
0.992191
0.993685
0.994648
0.9949
0.994605
0.992137
0.982028
0.953927
0.93087
0.923362
0.923872
0.928875
0.932898
0.937445
0.949981
0.959355
0.961859
0.962506
0.962645
0.963347
0.964328
0.966502
0.966842
0.958646
0.926319
0.913438
0.901748
0.86542
0.835773
0.827669
0.827582
0.830631
0.839988
0.858366
0.884934
0.91626
0.944865
0.967281
0.982603
0.991566
0.996207
0.998437
0.999314
0.999469
0.999297
0.997831
0.990113
0.96996
0.958798
0.956278
0.956915
0.960255
0.967211
0.976977
0.986816
0.991948
0.992199
0.986228
0.949317
0.899347
0.879777
0.875502
0.876014
0.884001
0.912414
0.938834
0.955301
0.964277
0.968462
0.970127
0.970518
0.970296
0.96832
0.962027
0.957718
0.956462
0.957018
0.836052
0.856211
0.940992
0.964254
0.962405
0.952951
0.952995
0.961645
0.968464
0.96989
0.970623
0.97219
0.973848
0.975437
0.976079
0.976516
0.976879
0.97704
0.977228
0.977419
0.97759
0.977935
0.97826
0.978462
0.978487
0.978422
0.978308
0.978093
0.977642
0.977194
0.976782
0.976098
0.974833
0.972988
0.971522
0.970592
0.969974
0.96946
0.96896
0.968464
0.968038
0.967686
0.967392
0.967208
0.967099
0.967046
0.96702
0.967013
0.967009
0.967008
0.96701
0.96702
0.967044
0.967102
0.96722
0.967474
0.968076
0.968625
0.969124
0.97017
0.972858
0.977391
0.981489
0.985007
0.988
0.990352
0.991675
0.991716
0.989856
0.986421
0.982478
0.97906
0.976298
0.974228
0.972711
0.971555
0.970841
0.970306
0.969699
0.969593
0.969672
0.969918
0.970273
0.971337
0.97197
0.971812
0.971129
0.970855
0.970937
0.972674
0.981686
0.992105
0.99696
0.998206
0.997922
0.995003
0.986617
0.980551
0.978063
0.977773
0.978739
0.98396
0.990541
0.994672
0.996781
0.997416
0.997413
0.996572
0.992231
0.975478
0.943805
0.922597
0.916528
0.917363
0.923412
0.930183
0.934926
0.946901
0.958181
0.961696
0.962799
0.963527
0.96423
0.964991
0.966751
0.966854
0.960398
0.930461
0.912934
0.900218
0.86835
0.83996
0.83079
0.830652
0.832953
0.84001
0.853147
0.877226
0.910811
0.943307
0.968431
0.984251
0.992827
0.997017
0.998861
0.999521
0.999605
0.999365
0.997588
0.987983
0.967502
0.958115
0.956574
0.958354
0.963388
0.968562
0.977841
0.987482
0.99292
0.993826
0.989874
0.958036
0.901913
0.881369
0.878207
0.878954
0.886544
0.911111
0.93558
0.952793
0.962831
0.967848
0.970014
0.970688
0.970634
0.969372
0.963353
0.956875
0.954555
0.954735
0.835053
0.836174
0.874288
0.955858
0.969368
0.963115
0.955989
0.957414
0.967045
0.972855
0.974834
0.97574
0.976478
0.977412
0.978041
0.978365
0.978624
0.978678
0.978691
0.978661
0.978603
0.97862
0.978595
0.978574
0.978534
0.978447
0.978316
0.978087
0.977622
0.977182
0.97686
0.976503
0.975934
0.974983
0.97325
0.971477
0.970391
0.969684
0.969125
0.968622
0.968177
0.967832
0.967553
0.967351
0.967217
0.967135
0.967089
0.967063
0.967052
0.967054
0.967065
0.967092
0.967147
0.96726
0.967434
0.967775
0.968497
0.969127
0.96957
0.970292
0.972318
0.976335
0.980352
0.984158
0.987736
0.990795
0.993124
0.99472
0.99566
0.995747
0.994501
0.990976
0.986462
0.982231
0.979047
0.976474
0.974792
0.973774
0.972943
0.972065
0.971262
0.970903
0.971014
0.971817
0.972056
0.971406
0.968997
0.968344
0.968606
0.969816
0.97577
0.987665
0.994991
0.997574
0.997602
0.994802
0.986216
0.980406
0.978131
0.977851
0.978644
0.983281
0.990536
0.995242
0.997707
0.99852
0.998485
0.997273
0.991276
0.968575
0.935936
0.916131
0.910905
0.911823
0.917919
0.927521
0.932149
0.943065
0.956154
0.961194
0.962756
0.96383
0.964435
0.965238
0.966781
0.966819
0.961516
0.933744
0.912962
0.900968
0.873703
0.84585
0.836244
0.836196
0.838562
0.843866
0.8529
0.870423
0.905798
0.942272
0.969183
0.985214
0.993532
0.997407
0.999054
0.999612
0.999665
0.999382
0.997316
0.986293
0.966234
0.957891
0.957162
0.96036
0.964932
0.96943
0.978809
0.988133
0.993355
0.994506
0.992936
0.972475
0.912169
0.885865
0.883646
0.886816
0.894963
0.913052
0.933145
0.949454
0.960252
0.966506
0.969677
0.970871
0.971015
0.970276
0.965087
0.956056
0.952104
0.951801
0.837702
0.833871
0.833383
0.894884
0.96702
0.972154
0.96497
0.959202
0.961606
0.970738
0.975109
0.976921
0.977986
0.978735
0.979001
0.979047
0.979105
0.979179
0.979211
0.979134
0.978941
0.978763
0.97859
0.978491
0.978433
0.978358
0.978239
0.97801
0.977539
0.977093
0.976814
0.976538
0.976205
0.975797
0.975125
0.974031
0.972399
0.970884
0.96989
0.969201
0.96865
0.968234
0.967914
0.967668
0.967494
0.967369
0.967295
0.967247
0.967229
0.967238
0.967269
0.967339
0.967471
0.967673
0.967961
0.96852
0.969187
0.969673
0.96999
0.970523
0.972207
0.975349
0.977899
0.980553
0.984083
0.988141
0.991644
0.994251
0.996
0.997108
0.997742
0.99785
0.997119
0.99454
0.990245
0.985346
0.981009
0.977714
0.975373
0.973538
0.971947
0.970888
0.970651
0.971014
0.970877
0.969326
0.964501
0.962683
0.962886
0.965019
0.973177
0.985458
0.993735
0.997308
0.997648
0.995641
0.987414
0.980998
0.978615
0.978328
0.979129
0.98373
0.990865
0.995546
0.998074
0.99891
0.998846
0.997356
0.989875
0.963199
0.930367
0.911676
0.906893
0.907724
0.913433
0.924307
0.930654
0.938723
0.953242
0.960135
0.962513
0.963817
0.964419
0.965241
0.966729
0.966724
0.962229
0.936549
0.912888
0.901659
0.87896
0.852994
0.842955
0.842635
0.844508
0.84949
0.855837
0.86905
0.901879
0.941272
0.969449
0.985813
0.993987
0.997658
0.999171
0.999667
0.999705
0.999388
0.997088
0.984891
0.965072
0.957865
0.957746
0.961832
0.966697
0.970518
0.979538
0.988866
0.993683
0.994774
0.994092
0.983359
0.928574
0.890948
0.887313
0.895193
0.903823
0.915923
0.932771
0.948155
0.959122
0.965776
0.969441
0.971313
0.971827
0.97141
0.967289
0.955962
0.949668
0.94856
0.84981
0.840524
0.825423
0.826779
0.883672
0.967241
0.972833
0.967397
0.962487
0.96516
0.97244
0.976502
0.978017
0.978963
0.979558
0.979776
0.979793
0.979599
0.979491
0.979379
0.979133
0.978841
0.978475
0.977967
0.977636
0.977555
0.97757
0.977448
0.977052
0.976652
0.976443
0.976304
0.976106
0.975842
0.975539
0.975128
0.974466
0.973578
0.972346
0.971191
0.970198
0.969404
0.968867
0.968469
0.968197
0.967996
0.967874
0.967793
0.967789
0.967821
0.967914
0.96808
0.96837
0.9687
0.969174
0.969758
0.970195
0.9704
0.970538
0.97083
0.972206
0.97458
0.975094
0.975208
0.976736
0.981213
0.986292
0.990575
0.993949
0.996333
0.997765
0.998537
0.998937
0.999004
0.998601
0.997027
0.992624
0.986588
0.981835
0.978407
0.974949
0.97177
0.9696
0.96824
0.96734
0.965469
0.962536
0.960795
0.960478
0.961283
0.967918
0.982811
0.992547
0.997103
0.998223
0.997546
0.991831
0.983767
0.980296
0.979724
0.980531
0.985277
0.991867
0.996075
0.998357
0.999105
0.99901
0.997284
0.9885
0.959276
0.926569
0.908684
0.904232
0.904952
0.910157
0.920899
0.929568
0.93557
0.948073
0.958102
0.961835
0.963622
0.96427
0.965188
0.966582
0.966551
0.962707
0.939238
0.912802
0.9018
0.883343
0.860222
0.849691
0.848912
0.850283
0.854446
0.860206
0.870344
0.898752
0.940372
0.969488
0.986152
0.994337
0.99791
0.999311
0.99974
0.999759
0.99941
0.996947
0.98386
0.964269
0.957747
0.957989
0.963118
0.967854
0.971422
0.980108
0.989478
0.993904
0.994855
0.994486
0.990582
0.953107
0.899859
0.889391
0.897376
0.908935
0.918974
0.932446
0.946427
0.957299
0.96447
0.969087
0.9719
0.972985
0.972808
0.969496
0.956986
0.947817
0.945429
0.857674
0.839376
0.818495
0.82137
0.836268
0.914136
0.970048
0.973408
0.969575
0.965706
0.968083
0.973104
0.977094
0.97871
0.97953
0.979935
0.9802
0.980262
0.980119
0.979865
0.979467
0.979017
0.978537
0.97786
0.977058
0.976333
0.975905
0.975659
0.975313
0.975081
0.975073
0.975134
0.975278
0.975416
0.975349
0.975172
0.974885
0.974517
0.974029
0.97342
0.972755
0.972036
0.971383
0.970822
0.970329
0.969986
0.969778
0.96964
0.969639
0.9697
0.969854
0.970109
0.970348
0.970605
0.970859
0.971
0.971001
0.970993
0.970999
0.971121
0.972239
0.973338
0.973027
0.970719
0.969934
0.972193
0.978424
0.984109
0.989173
0.993336
0.996291
0.998058
0.998958
0.999386
0.999575
0.999558
0.999169
0.997536
0.993856
0.990115
0.984818
0.977186
0.970653
0.966523
0.964281
0.963218
0.961945
0.960643
0.960231
0.960698
0.964824
0.979084
0.99061
0.996507
0.998619
0.998782
0.997078
0.989348
0.983877
0.982517
0.98303
0.987049
0.993001
0.996689
0.998641
0.99927
0.999155
0.997292
0.987635
0.957129
0.924551
0.906846
0.902569
0.903274
0.908165
0.918083
0.927903
0.934031
0.942864
0.954043
0.960273
0.962986
0.963799
0.964976
0.966335
0.966314
0.963062
0.942053
0.912966
0.90131
0.8863
0.866282
0.856095
0.85513
0.856412
0.859947
0.863881
0.871867
0.897725
0.940217
0.970486
0.987272
0.995138
0.998341
0.999491
0.99981
0.99981
0.999433
0.996853
0.983243
0.963651
0.957592
0.958264
0.964334
0.96882
0.972111
0.98039
0.98979
0.993986
0.994858
0.994548
0.992662
0.97908
0.919866
0.89292
0.896199
0.9102
0.920519
0.932457
0.9448
0.955193
0.962854
0.968581
0.972625
0.974381
0.974394
0.971662
0.958805
0.946704
0.942843
0.855475
0.819301
0.805331
0.808866
0.820884
0.859765
0.948053
0.972602
0.974328
0.971772
0.968738
0.970581
0.973535
0.976872
0.978941
0.97976
0.980182
0.980416
0.980571
0.980581
0.98034
0.979764
0.97903
0.978156
0.97718
0.976258
0.97547
0.974811
0.974232
0.973818
0.973611
0.973559
0.973616
0.973853
0.974238
0.974596
0.974621
0.974499
0.974259
0.973995
0.973663
0.973322
0.973005
0.972655
0.972318
0.972139
0.971964
0.971742
0.971647
0.971657
0.971665
0.971605
0.971524
0.971494
0.971469
0.971418
0.971309
0.971247
0.971247
0.971361
0.972203
0.972764
0.972366
0.96929
0.966919
0.967017
0.970082
0.976292
0.98274
0.988706
0.993389
0.996512
0.998307
0.999217
0.999623
0.999789
0.999817
0.999713
0.999312
0.998571
0.996794
0.989258
0.975027
0.966988
0.964041
0.963247
0.962834
0.961715
0.960766
0.960977
0.964473
0.978026
0.989857
0.995984
0.998596
0.999244
0.998969
0.996073
0.989467
0.986806
0.986699
0.988823
0.993887
0.997152
0.998865
0.999421
0.999316
0.997407
0.987252
0.956207
0.923751
0.905811
0.901706
0.902569
0.907523
0.916502
0.926406
0.933211
0.939702
0.948322
0.956706
0.961363
0.962682
0.964396
0.965878
0.965881
0.963011
0.944415
0.913155
0.900129
0.887619
0.870828
0.861898
0.860919
0.861591
0.862866
0.865273
0.872173
0.897548
0.94228
0.972416
0.988452
0.995667
0.998539
0.99956
0.999836
0.99983
0.999443
0.99677
0.982492
0.962922
0.957491
0.95866
0.965644
0.969766
0.972716
0.9805
0.989933
0.993998
0.994743
0.994457
0.99312
0.988915
0.95388
0.903823
0.896171
0.906839
0.920367
0.932081
0.943809
0.953957
0.961833
0.96813
0.973175
0.975661
0.975896
0.97372
0.961125
0.947074
0.94136
0.848571
0.814069
0.803226
0.800677
0.811165
0.835105
0.895875
0.962952
0.97392
0.975169
0.973781
0.97165
0.972734
0.974468
0.976715
0.978498
0.979683
0.980246
0.980553
0.980736
0.980833
0.980759
0.980442
0.979696
0.97842
0.976901
0.975753
0.974863
0.974147
0.973574
0.973152
0.972856
0.9727
0.972715
0.972801
0.973011
0.973402
0.973747
0.973888
0.973824
0.973663
0.973442
0.973264
0.973036
0.972822
0.972712
0.97258
0.972393
0.972271
0.972213
0.972128
0.971943
0.971788
0.971709
0.971636
0.971545
0.971457
0.971422
0.971429
0.971547
0.972271
0.972696
0.972366
0.969482
0.966261
0.965363
0.965653
0.967753
0.974207
0.9825
0.989416
0.994234
0.997124
0.998681
0.999445
0.999774
0.99989
0.999913
0.999888
0.999736
0.998979
0.995121
0.98078
0.969562
0.966135
0.966221
0.966582
0.965782
0.963038
0.962622
0.965238
0.977843
0.989753
0.995835
0.998519
0.999433
0.999513
0.998986
0.995793
0.992023
0.991083
0.991598
0.994644
0.997536
0.999036
0.999532
0.99945
0.997649
0.987217
0.956444
0.924069
0.905431
0.901103
0.902223
0.907543
0.915892
0.925505
0.932619
0.938079
0.944037
0.95114
0.957247
0.96012
0.963007
0.964974
0.965044
0.962583
0.946265
0.913404
0.899053
0.887168
0.873671
0.86625
0.863897
0.863621
0.863966
0.865737
0.872624
0.899989
0.944361
0.973639
0.98903
0.995929
0.998654
0.999606
0.999856
0.999847
0.999459
0.996752
0.982169
0.962603
0.957501
0.959211
0.966927
0.970604
0.973102
0.98043
0.989973
0.993814
0.994374
0.994049
0.993053
0.991248
0.982633
0.931073
0.90155
0.902893
0.916367
0.929391
0.941071
0.950988
0.959362
0.967022
0.97321
0.976605
0.977181
0.975659
0.964781
0.948274
0.940882
0.846985
0.813865
0.804683
0.802797
0.805802
0.821245
0.85564
0.92441
0.965878
0.974073
0.975546
0.975373
0.974279
0.974626
0.975837
0.977122
0.978219
0.979231
0.979981
0.98049
0.980781
0.980913
0.981057
0.980934
0.980554
0.979515
0.977721
0.975857
0.974584
0.973744
0.973179
0.972779
0.972483
0.972278
0.972164
0.972182
0.972258
0.9724
0.972641
0.972841
0.972978
0.972982
0.972929
0.97281
0.972663
0.97257
0.972462
0.972315
0.972204
0.972121
0.972008
0.971873
0.971778
0.97172
0.971656
0.97159
0.971576
0.971581
0.971614
0.971787
0.972536
0.972876
0.972694
0.97058
0.966612
0.965068
0.964886
0.965305
0.967125
0.974094
0.98388
0.991105
0.995555
0.997953
0.999138
0.999673
0.99988
0.999937
0.999936
0.999848
0.999202
0.995579
0.982809
0.973489
0.97201
0.973128
0.973718
0.972263
0.967027
0.96552
0.967308
0.978162
0.989832
0.99582
0.998475
0.999478
0.999719
0.999654
0.998991
0.996717
0.995167
0.994965
0.995857
0.997967
0.999199
0.999631
0.999572
0.998025
0.987793
0.957988
0.925631
0.905844
0.900764
0.901998
0.907541
0.915493
0.924784
0.932102
0.937049
0.941372
0.946809
0.951143
0.954507
0.959637
0.963113
0.963387
0.961235
0.946691
0.913961
0.897474
0.88582
0.875036
0.867981
0.864784
0.864027
0.864256
0.866073
0.873629
0.902736
0.946589
0.975097
0.989935
0.996432
0.998884
0.999691
0.999889
0.999874
0.999483
0.996756
0.981873
0.962338
0.957638
0.959881
0.967946
0.971141
0.973342
0.980148
0.989804
0.993385
0.993712
0.993165
0.992445
0.991556
0.989522
0.972856
0.92021
0.905371
0.911402
0.925138
0.936719
0.947678
0.957461
0.966099
0.973048
0.977216
0.978156
0.977195
0.969275
0.950638
0.9413
0.850636
0.822988
0.810553
0.80621
0.80499
0.814337
0.833483
0.87271
0.933313
0.963915
0.973298
0.975606
0.976185
0.97628
0.976517
0.977191
0.978015
0.978784
0.979381
0.979883
0.980312
0.980663
0.980965
0.981211
0.981191
0.981018
0.9805
0.979252
0.976706
0.974814
0.973661
0.972968
0.972539
0.972254
0.97204
0.971908
0.971838
0.971847
0.971878
0.971934
0.971982
0.972003
0.972
0.971985
0.971949
0.971905
0.971867
0.97183
0.971788
0.971769
0.971745
0.971729
0.971726
0.971707
0.971708
0.971731
0.971802
0.971866
0.971966
0.97228
0.973149
0.973447
0.973341
0.972119
0.967873
0.965415
0.964869
0.96504
0.965918
0.968317
0.977194
0.986981
0.993442
0.997018
0.998763
0.999536
0.999842
0.999935
0.999941
0.999864
0.999218
0.995238
0.983837
0.979011
0.979135
0.981408
0.981679
0.978876
0.971224
0.968863
0.970125
0.979348
0.990258
0.995923
0.998478
0.999486
0.999799
0.999828
0.999696
0.998991
0.998011
0.997547
0.997582
0.998404
0.999365
0.99972
0.999683
0.998468
0.9889
0.959873
0.928158
0.90693
0.900536
0.901497
0.907093
0.914658
0.923791
0.931446
0.936264
0.939647
0.94383
0.946654
0.949129
0.954799
0.959252
0.959583
0.957531
0.945368
0.914448
0.895903
0.884333
0.874971
0.868257
0.864884
0.864019
0.864265
0.866454
0.875096
0.906557
0.950152
0.977684
0.991387
0.997069
0.99911
0.999761
0.999914
0.999894
0.999506
0.996793
0.981842
0.962228
0.95778
0.960583
0.969114
0.971879
0.973544
0.979715
0.989477
0.9928
0.992837
0.991739
0.991152
0.99105
0.990518
0.98818
0.963503
0.918307
0.911349
0.919273
0.933722
0.944702
0.955037
0.964922
0.972699
0.977317
0.978755
0.97825
0.97304
0.955168
0.942619
0.865226
0.853995
0.833178
0.823274
0.810377
0.809161
0.819234
0.838957
0.874122
0.927344
0.959477
0.971792
0.975463
0.976588
0.977289
0.977847
0.978382
0.978995
0.979497
0.979972
0.980337
0.980648
0.98089
0.981178
0.98138
0.98139
0.981305
0.980995
0.980184
0.978306
0.975537
0.973916
0.972986
0.972431
0.972101
0.971906
0.971779
0.971711
0.971685
0.971686
0.971691
0.971704
0.971721
0.97173
0.971731
0.971731
0.971737
0.971745
0.971765
0.971796
0.971834
0.971889
0.971957
0.972027
0.9721
0.972265
0.972556
0.972715
0.972866
0.973341
0.974275
0.974553
0.974455
0.973694
0.970015
0.966453
0.965252
0.965211
0.965777
0.967359
0.971717
0.982562
0.990951
0.995864
0.9983
0.999368
0.999788
0.999924
0.999941
0.999871
0.99922
0.994816
0.986952
0.985118
0.986036
0.987863
0.987153
0.98131
0.974021
0.971918
0.973067
0.981295
0.991075
0.996205
0.998551
0.999503
0.999829
0.999894
0.999866
0.999636
0.999197
0.998941
0.998885
0.999006
0.999527
0.999795
0.999774
0.998851
0.99065
0.962289
0.931493
0.908618
0.900702
0.900748
0.904919
0.913339
0.922529
0.930537
0.935586
0.938596
0.941723
0.943626
0.945456
0.950502
0.953938
0.953915
0.951878
0.942267
0.914703
0.894706
0.882477
0.873423
0.867205
0.864193
0.86354
0.864015
0.867007
0.877311
0.912036
0.954221
0.979764
0.992227
0.997366
0.999212
0.999793
0.999925
0.999904
0.999527
0.996851
0.9819
0.962198
0.957899
0.961242
0.969979
0.972324
0.973619
0.979269
0.989152
0.992137
0.991872
0.989933
0.988971
0.989158
0.989947
0.990188
0.987972
0.959269
0.921215
0.918807
0.926095
0.941282
0.953027
0.963316
0.971974
0.977193
0.978995
0.978818
0.975516
0.961496
0.945774
0.892153
0.893758
0.901568
0.894801
0.834498
0.815052
0.813603
0.820659
0.834753
0.858036
0.904418
0.949722
0.968074
0.974314
0.976392
0.97729
0.977931
0.978553
0.978961
0.979397
0.979834
0.980312
0.980698
0.981044
0.981349
0.981613
0.981689
0.981633
0.981399
0.980764
0.979391
0.976837
0.974572
0.973241
0.972488
0.972073
0.971852
0.97174
0.971701
0.9717
0.971712
0.971761
0.971852
0.971962
0.972088
0.972212
0.972303
0.972468
0.972649
0.972792
0.972924
0.973116
0.973344
0.973517
0.973672
0.973994
0.974646
0.974956
0.975075
0.975416
0.976198
0.976444
0.976329
0.975674
0.972687
0.968197
0.966178
0.965887
0.966142
0.967285
0.969877
0.978463
0.98841
0.994616
0.997781
0.999173
0.999722
0.999909
0.999942
0.999888
0.999319
0.995701
0.991706
0.991214
0.992123
0.992217
0.99018
0.981918
0.97578
0.974439
0.975782
0.983701
0.992175
0.996629
0.998693
0.999542
0.999848
0.999925
0.999923
0.999839
0.99963
0.999506
0.999477
0.999506
0.999699
0.99987
0.99986
0.99922
0.992949
0.964974
0.935607
0.911439
0.901254
0.900384
0.902889
0.911074
0.921109
0.929532
0.934974
0.938009
0.940434
0.941704
0.943022
0.946785
0.948604
0.948373
0.946513
0.938813
0.914834
0.894241
0.880675
0.871027
0.865133
0.862837
0.862625
0.863665
0.867771
0.879902
0.917293
0.957573
0.981715
0.9933
0.997858
0.999396
0.999849
0.999944
0.999919
0.99955
0.99693
0.98206
0.962207
0.957995
0.961779
0.970943
0.972907
0.973658
0.978455
0.988573
0.991419
0.990832
0.987924
0.986102
0.985828
0.987113
0.989625
0.990991
0.989077
0.959008
0.926482
0.926261
0.932379
0.948598
0.961087
0.970842
0.976836
0.978983
0.979036
0.976924
0.966577
0.950599
0.892091
0.894959
0.936438
0.979173
0.935639
0.855619
0.823241
0.821814
0.825977
0.833985
0.850868
0.888775
0.934951
0.961382
0.969815
0.972094
0.972482
0.97082
0.965757
0.961855
0.95968
0.959565
0.963793
0.972956
0.978159
0.98055
0.981432
0.981768
0.981798
0.98167
0.981208
0.98003
0.978047
0.97577
0.973756
0.97273
0.972212
0.971977
0.971934
0.971962
0.972085
0.972482
0.973197
0.974172
0.97533
0.976241
0.977058
0.977579
0.977808
0.977757
0.977768
0.977865
0.978079
0.97815
0.978212
0.978412
0.979193
0.979503
0.979372
0.978964
0.979007
0.979157
0.97904
0.978378
0.975851
0.97061
0.967643
0.966982
0.967133
0.967852
0.969734
0.975479
0.986076
0.993389
0.997254
0.998972
0.999651
0.999891
0.999949
0.999929
0.99961
0.997914
0.996673
0.996582
0.996591
0.996046
0.992156
0.982684
0.977742
0.976817
0.978375
0.986084
0.993296
0.997085
0.998858
0.999596
0.999866
0.999943
0.99995
0.999917
0.999811
0.999746
0.999731
0.99975
0.999851
0.999926
0.999916
0.999486
0.994843
0.968847
0.939631
0.914995
0.902325
0.900427
0.901803
0.908495
0.919589
0.928564
0.934428
0.937728
0.93977
0.940646
0.941404
0.943481
0.944074
0.943686
0.9417
0.934947
0.914331
0.89376
0.879097
0.868979
0.863385
0.861594
0.861655
0.863515
0.86884
0.883086
0.923603
0.962831
0.984995
0.994739
0.998366
0.99955
0.99989
0.999958
0.999932
0.999575
0.997023
0.982303
0.962249
0.958079
0.962297
0.971966
0.973432
0.973636
0.977626
0.987879
0.990695
0.98982
0.985962
0.983141
0.981863
0.982618
0.986365
0.990656
0.992377
0.991133
0.96507
0.934131
0.9337
0.939193
0.95484
0.968413
0.976003
0.978825
0.979014
0.977675
0.970573
0.955004
0.989808
0.977163
0.9799
0.990043
0.994415
0.980156
0.879702
0.861654
0.86342
0.842872
0.842723
0.858348
0.89244
0.925306
0.943292
0.949277
0.950567
0.950958
0.954661
0.961112
0.968901
0.972421
0.970517
0.965455
0.965815
0.969253
0.9766
0.980476
0.981599
0.981837
0.981764
0.981388
0.980348
0.978494
0.976557
0.974512
0.973277
0.972856
0.97286
0.973201
0.974717
0.97692
0.979015
0.980647
0.981672
0.982345
0.982661
0.982815
0.982861
0.982847
0.982858
0.982928
0.98303
0.983039
0.983046
0.983101
0.983352
0.983507
0.98347
0.982982
0.982605
0.982532
0.982382
0.981769
0.97958
0.973724
0.969669
0.968396
0.968428
0.968986
0.970331
0.97385
0.983978
0.992234
0.99675
0.998781
0.999581
0.999871
0.999959
0.999966
0.999896
0.999429
0.998934
0.998774
0.998583
0.997803
0.993203
0.984664
0.98038
0.979641
0.981271
0.988368
0.994355
0.997517
0.999016
0.999649
0.999885
0.999957
0.999967
0.999955
0.999901
0.999865
0.999857
0.999867
0.99992
0.999961
0.999957
0.999705
0.996575
0.974667
0.942556
0.920677
0.90459
0.900798
0.901619
0.906841
0.918404
0.92786
0.93408
0.937637
0.939515
0.940201
0.940506
0.940915
0.940755
0.939795
0.937493
0.93175
0.914564
0.893831
0.877686
0.866712
0.861154
0.859889
0.860702
0.863729
0.870423
0.887944
0.931944
0.967463
0.98686
0.995406
0.998587
0.999617
0.999908
0.999964
0.999937
0.999595
0.99712
0.982598
0.962323
0.958134
0.962724
0.973015
0.973996
0.9735
0.976609
0.986827
0.989802
0.988672
0.983923
0.980213
0.977885
0.9782
0.981692
0.988388
0.992198
0.993753
0.99191
0.976001
0.944321
0.941686
0.946413
0.960117
0.973407
0.9781
0.978718
0.977627
0.972788
0.959422
0.99978
0.999043
0.99886
0.998952
0.999199
0.999124
0.99903
0.998762
0.997025
0.96069
0.868033
0.860739
0.873856
0.901933
0.920272
0.931211
0.939203
0.94797
0.95987
0.974451
0.985051
0.992028
0.995208
0.9955
0.993438
0.982453
0.978335
0.978408
0.980318
0.981629
0.981942
0.981866
0.981448
0.980155
0.978646
0.977199
0.976204
0.976002
0.976382
0.977884
0.979427
0.980496
0.981118
0.98139
0.981504
0.981655
0.982052
0.982336
0.982499
0.982701
0.982961
0.983239
0.983479
0.983648
0.983778
0.983891
0.984034
0.984198
0.984293
0.984284
0.984209
0.984132
0.983942
0.983547
0.982643
0.978312
0.972692
0.97036
0.970119
0.970463
0.971475
0.973717
0.981963
0.991148
0.996285
0.998615
0.99953
0.999855
0.999959
0.99998
0.999967
0.999849
0.999676
0.999576
0.999387
0.998602
0.994561
0.987576
0.983902
0.983238
0.984706
0.990686
0.995441
0.997967
0.999181
0.999704
0.999903
0.999967
0.999979
0.999975
0.99995
0.999928
0.999923
0.999927
0.999954
0.999978
0.999977
0.999846
0.997947
0.982182
0.946027
0.926392
0.90904
0.901998
0.902
0.9058
0.917087
0.927334
0.933973
0.937651
0.939496
0.940121
0.940199
0.93989
0.938636
0.937261
0.935064
0.930221
0.915894
0.894241
0.876156
0.864344
0.859521
0.859069
0.860471
0.8647
0.872966
0.895631
0.940382
0.972516
0.989307
0.99639
0.998927
0.999722
0.999936
0.999973
0.999946
0.999617
0.99723
0.982976
0.96245
0.958211
0.963096
0.974168
0.974873
0.973087
0.975318
0.985253
0.988544
0.987206
0.981484
0.976936
0.973956
0.97437
0.978264
0.986473
0.9918
0.994388
0.994628
0.992343
0.980087
0.953356
0.949162
0.953209
0.965299
0.97535
0.977284
0.976567
0.972518
0.961356
0.999996
0.99998
0.999948
0.999942
0.99994
0.999933
0.999918
0.999882
0.999685
0.996766
0.977555
0.903792
0.882013
0.889123
0.905684
0.921163
0.935567
0.951608
0.968371
0.980752
0.988594
0.99359
0.996871
0.998316
0.998326
0.996319
0.985593
0.979766
0.979413
0.980651
0.981831
0.982223
0.982125
0.981542
0.980528
0.979828
0.979595
0.979725
0.980247
0.980751
0.981076
0.981359
0.981629
0.982146
0.983019
0.983547
0.983535
0.982733
0.981991
0.981557
0.981388
0.981288
0.981229
0.981508
0.982145
0.982616
0.982908
0.983303
0.983864
0.984285
0.984413
0.984386
0.984129
0.983687
0.983148
0.981754
0.976779
0.973164
0.972379
0.972563
0.973121
0.974291
0.98045
0.990391
0.996007
0.99853
0.999507
0.999848
0.999958
0.999986
0.999986
0.999961
0.999909
0.999857
0.999737
0.999197
0.996537
0.991392
0.988352
0.987662
0.988676
0.993055
0.996576
0.998453
0.999365
0.999765
0.999922
0.999974
0.999986
0.999986
0.999975
0.999961
0.999957
0.999959
0.999971
0.999987
0.999987
0.99993
0.998907
0.989077
0.952816
0.930122
0.916375
0.905127
0.903224
0.906001
0.916346
0.927037
0.934034
0.937913
0.939675
0.940237
0.940268
0.939828
0.937978
0.936325
0.934281
0.929999
0.917676
0.894243
0.874442
0.862836
0.858965
0.858923
0.861694
0.867415
0.877375
0.90532
0.949007
0.977955
0.992108
0.997589
0.999354
0.999844
0.999966
0.999983
0.999955
0.99964
0.997339
0.983376
0.962617
0.958313
0.963456
0.975331
0.975986
0.972625
0.973899
0.983119
0.986769
0.985203
0.97838
0.972922
0.969696
0.970234
0.975181
0.985103
0.991695
0.994823
0.995918
0.995546
0.992711
0.981779
0.95851
0.955223
0.958933
0.967736
0.971243
0.970972
0.968638
0.960916
1
1
0.999999
0.999998
0.999997
0.999996
0.999994
0.999989
0.999965
0.999632
0.996925
0.983985
0.943505
0.911475
0.912788
0.920364
0.936389
0.95735
0.974792
0.986738
0.993571
0.997041
0.998745
0.999453
0.99953
0.999055
0.994634
0.983055
0.979071
0.979081
0.980813
0.982022
0.982644
0.982623
0.982339
0.982063
0.981994
0.981969
0.981832
0.981879
0.982088
0.983107
0.984676
0.985407
0.98643
0.988036
0.989539
0.990258
0.989524
0.986596
0.983865
0.981953
0.980724
0.979991
0.979646
0.979349
0.979108
0.979188
0.980478
0.982575
0.983576
0.983704
0.983262
0.982064
0.981727
0.981561
0.979723
0.976789
0.975345
0.974328
0.974062
0.974605
0.979871
0.990102
0.99591
0.998501
0.9995
0.999847
0.999958
0.999989
0.999993
0.99999
0.999977
0.999953
0.999892
0.999662
0.998622
0.995806
0.993596
0.992825
0.99317
0.995521
0.997769
0.998974
0.999568
0.999836
0.999944
0.999982
0.999992
0.999992
0.999988
0.99998
0.999977
0.999977
0.999982
0.999992
0.999993
0.99997
0.999496
0.994042
0.963472
0.934003
0.921793
0.912468
0.906752
0.907643
0.915377
0.92663
0.934059
0.938324
0.940273
0.940831
0.940824
0.940221
0.938039
0.936243
0.934221
0.930068
0.918188
0.892864
0.872461
0.861876
0.859194
0.859948
0.864969
0.871539
0.883388
0.91686
0.958697
0.983521
0.994433
0.99834
0.999557
0.999895
0.999977
0.999987
0.999959
0.99966
0.99745
0.983835
0.962857
0.958467
0.963769
0.97647
0.97726
0.972411
0.972401
0.980351
0.984382
0.982583
0.974599
0.968231
0.964761
0.96516
0.970332
0.982239
0.991276
0.995099
0.99682
0.996916
0.996266
0.992866
0.981129
0.961549
0.960097
0.962755
0.964383
0.96405
0.962425
0.958486
1
1
1
1
1
1
1
0.999999
0.999997
0.999962
0.999632
0.99777
0.99104
0.973607
0.961441
0.960516
0.965623
0.979507
0.989744
0.995457
0.998115
0.999244
0.99972
0.99989
0.9999
0.999722
0.998256
0.989153
0.978709
0.97643
0.977428
0.980644
0.982257
0.983006
0.983287
0.983288
0.983226
0.982819
0.982315
0.98201
0.981529
0.978704
0.973361
0.971925
0.975205
0.982873
0.988544
0.992095
0.993969
0.994462
0.993944
0.990821
0.986775
0.983127
0.980802
0.979348
0.978279
0.977589
0.977417
0.978413
0.980594
0.980916
0.979835
0.976203
0.975418
0.976642
0.978281
0.978146
0.976601
0.974796
0.97421
0.974688
0.979796
0.990086
0.995928
0.998529
0.999521
0.999857
0.999961
0.99999
0.999997
0.999997
0.999994
0.999985
0.999958
0.999856
0.999432
0.998392
0.997547
0.997177
0.997232
0.997999
0.998971
0.99951
0.999785
0.999914
0.999969
0.99999
0.999996
0.999996
0.999995
0.99999
0.999988
0.999988
0.999989
0.999995
0.999996
0.999988
0.999796
0.997203
0.976679
0.940026
0.925352
0.918779
0.9143
0.912693
0.91637
0.926418
0.934039
0.938409
0.940471
0.941091
0.941093
0.940521
0.938241
0.936302
0.934181
0.929791
0.9161
0.888634
0.869637
0.861653
0.860681
0.862993
0.870284
0.877275
0.891477
0.930552
0.967707
0.987453
0.995814
0.998784
0.999688
0.999929
0.999985
0.99999
0.999963
0.999679
0.997566
0.984341
0.963184
0.958679
0.964081
0.97766
0.978772
0.972665
0.970938
0.977131
0.981629
0.979897
0.971419
0.964626
0.961853
0.962556
0.96734
0.979554
0.990971
0.995558
0.997148
0.997646
0.997468
0.99637
0.991953
0.977438
0.96409
0.962964
0.96257
0.961698
0.959877
0.955397
1
1
1
1
1
1
1
1
1
0.999997
0.999966
0.999765
0.998923
0.995755
0.991941
0.991569
0.992426
0.995388
0.997904
0.999142
0.99967
0.999878
0.999958
0.999983
0.999981
0.999917
0.999368
0.995751
0.982326
0.973872
0.972779
0.975033
0.979974
0.98236
0.983256
0.983529
0.983506
0.983094
0.982383
0.981176
0.973815
0.963243
0.959516
0.959931
0.966439
0.977203
0.985591
0.991433
0.994949
0.996752
0.997475
0.997596
0.997259
0.994916
0.990294
0.985914
0.982106
0.979302
0.977543
0.977004
0.976654
0.976033
0.973043
0.968993
0.967487
0.967686
0.971464
0.97508
0.975624
0.974641
0.97392
0.974566
0.980593
0.990847
0.99638
0.998739
0.999604
0.999886
0.99997
0.999993
0.999998
0.999999
0.999998
0.999995
0.999983
0.999936
0.999734
0.999289
0.998962
0.998832
0.998855
0.999161
0.999564
0.999792
0.999908
0.999963
0.999986
0.999995
0.999998
0.999998
0.999998
0.999995
0.999994
0.999994
0.999994
0.999997
0.999998
0.999995
0.999928
0.998881
0.988913
0.951218
0.928923
0.922379
0.919907
0.919201
0.920233
0.92691
0.934009
0.938253
0.940297
0.940903
0.94089
0.940284
0.938001
0.936067
0.93345
0.927291
0.90624
0.881548
0.867384
0.863234
0.863755
0.869534
0.876851
0.884293
0.902073
0.944928
0.976572
0.991932
0.997657
0.999393
0.999856
0.999969
0.999993
0.999994
0.999967
0.999698
0.997685
0.984902
0.963603
0.95898
0.964427
0.978947
0.98055
0.973646
0.969359
0.973604
0.978467
0.977099
0.968948
0.962155
0.960772
0.96166
0.965637
0.977317
0.990723
0.995834
0.997425
0.998066
0.998029
0.997632
0.995876
0.989604
0.974471
0.965266
0.962926
0.961746
0.959365
0.952471
1
1
1
1
1
1
1
1
1
1
0.999998
0.999982
0.999907
0.999575
0.998912
0.998826
0.998939
0.999361
0.99972
0.999892
0.99996
0.999986
0.999995
0.999997
0.999996
0.999975
0.999788
0.998577
0.990926
0.97686
0.969894
0.969162
0.971793
0.978766
0.982126
0.98325
0.983383
0.983074
0.981999
0.974746
0.962317
0.957187
0.956508
0.957467
0.963511
0.97552
0.984778
0.991202
0.995288
0.997575
0.998687
0.999144
0.999247
0.9992
0.99884
0.997537
0.993805
0.988148
0.982425
0.978455
0.975614
0.972106
0.969333
0.967404
0.96626
0.965807
0.966326
0.96952
0.971481
0.971779
0.97197
0.973954
0.983004
0.992495
0.997149
0.999038
0.999705
0.999916
0.999978
0.999995
0.999999
0.999999
0.999999
0.999998
0.999993
0.999971
0.999873
0.999672
0.999531
0.999476
0.999485
0.999611
0.999795
0.999901
0.999956
0.999982
0.999993
0.999998
0.999999
0.999999
0.999999
0.999998
0.999997
0.999997
0.999997
0.999998
0.999999
0.999998
0.999978
0.999622
0.99566
0.969502
0.935765
0.924685
0.922599
0.922627
0.924364
0.92911
0.93364
0.936897
0.938565
0.93896
0.938834
0.937821
0.935591
0.933236
0.928621
0.915865
0.894565
0.876829
0.86835
0.867576
0.870677
0.87934
0.884453
0.892429
0.916621
0.959231
0.984493
0.995126
0.998669
0.999671
0.999925
0.999985
0.999996
0.999995
0.999968
0.99971
0.997785
0.985457
0.964085
0.959347
0.964783
0.980291
0.982525
0.975495
0.96782
0.969761
0.974296
0.973134
0.965352
0.960685
0.960396
0.961409
0.964437
0.974992
0.990288
0.995962
0.997637
0.998256
0.998302
0.998146
0.997384
0.99453
0.986025
0.972457
0.965982
0.963968
0.960197
0.950239
1
1
1
1
1
1
1
1
1
1
1
0.999999
0.999994
0.999972
0.999904
0.999891
0.9999
0.999938
0.999972
0.999989
0.999996
0.999998
0.999999
1
0.999999
0.999994
0.999944
0.999581
0.997611
0.987132
0.973585
0.967605
0.966898
0.969312
0.977634
0.981713
0.982752
0.982556
0.978767
0.966714
0.95935
0.957404
0.957487
0.958451
0.963023
0.975434
0.985592
0.992212
0.996081
0.998167
0.999194
0.999633
0.999788
0.999818
0.999802
0.999694
0.999319
0.998128
0.993092
0.983884
0.976379
0.971534
0.969795
0.97009
0.969973
0.967877
0.966665
0.967141
0.967835
0.968355
0.969762
0.974626
0.986402
0.994146
0.997854
0.999306
0.999796
0.999945
0.999986
0.999997
0.999999
1
1
0.999999
0.999997
0.999987
0.999941
0.999847
0.999783
0.999758
0.999761
0.999815
0.9999
0.999951
0.999978
0.999991
0.999997
0.999999
1
1
1
0.999999
0.999999
0.999999
0.999999
0.999999
0.999999
0.999999
0.999994
0.99989
0.998565
0.988003
0.949928
0.928667
0.92369
0.92366
0.925569
0.929841
0.933121
0.93481
0.935482
0.935551
0.935293
0.934086
0.931981
0.928751
0.921948
0.907739
0.889969
0.877465
0.874823
0.877001
0.885347
0.888977
0.892283
0.901365
0.93517
0.973234
0.991005
0.997402
0.999327
0.999839
0.999965
0.999993
0.999998
0.999996
0.999968
0.999714
0.997827
0.985799
0.964538
0.959752
0.965163
0.981631
0.984577
0.97798
0.967427
0.966093
0.968788
0.968012
0.962152
0.960204
0.960306
0.961382
0.964061
0.973191
0.989624
0.995993
0.997718
0.998324
0.998457
0.998384
0.998001
0.996557
0.991947
0.981514
0.975531
0.972363
0.963814
0.948908
1
1
1
1
1
1
1
1
1
1
1
1
1
0.999999
0.999994
0.999993
0.999993
0.999996
0.999998
0.999999
1
1
1
1
1
0.999999
0.999987
0.999899
0.999374
0.997008
0.98631
0.972673
0.967146
0.966459
0.968798
0.977348
0.98086
0.98097
0.97713
0.966016
0.960669
0.96023
0.960551
0.961658
0.966736
0.979944
0.989536
0.995034
0.997801
0.999077
0.999626
0.999849
0.999934
0.99996
0.999962
0.999951
0.999892
0.999658
0.99874
0.992044
0.980724
0.977183
0.978061
0.982202
0.983013
0.978806
0.971142
0.968136
0.967568
0.96783
0.969699
0.978537
0.989793
0.995945
0.998621
0.999591
0.999891
0.999973
0.999994
0.999999
1
1
1
1
0.999999
0.999994
0.999972
0.999929
0.999899
0.999888
0.999889
0.999912
0.999952
0.999976
0.999989
0.999995
0.999998
0.999999
1
1
1
1
0.999999
0.999999
0.999999
0.999999
1
1
0.999999
0.999972
0.999596
0.996182
0.975369
0.938743
0.925778
0.923648
0.925097
0.929368
0.932357
0.933898
0.934256
0.934226
0.933974
0.933143
0.931367
0.928267
0.921683
0.906674
0.892359
0.888701
0.890786
0.895022
0.895185
0.895495
0.898235
0.914302
0.958592
0.98511
0.995511
0.998797
0.999702
0.999931
0.999985
0.999997
0.999999
0.999997
0.999968
0.999715
0.997839
0.9859
0.964895
0.960183
0.965636
0.982939
0.986612
0.980763
0.967958
0.964158
0.963954
0.963207
0.960783
0.960072
0.960303
0.961442
0.963968
0.971678
0.988432
0.995703
0.997726
0.998347
0.998532
0.998499
0.99829
0.997459
0.994542
0.98771
0.98428
0.979932
0.96504
0.946844
1
1
1
1
1
1
1
1
1
1
1
1
1
1
1
1
1
1
1
1
1
1
1
1
1
1
0.999998
0.99998
0.999869
0.999325
0.997163
0.988427
0.974053
0.96798
0.967282
0.969321
0.976545
0.978352
0.976752
0.970319
0.966192
0.963826
0.963436
0.964316
0.971679
0.984899
0.993028
0.997099
0.998874
0.99958
0.999846
0.999945
0.99998
0.999991
0.999993
0.999992
0.999981
0.999931
0.999669
0.997235
0.992911
0.9923
0.993578
0.995388
0.995148
0.990064
0.978119
0.971611
0.969679
0.969862
0.973372
0.985359
0.993889
0.99785
0.999341
0.999815
0.999951
0.999988
0.999997
0.999999
1
1
1
1
0.999999
0.999997
0.999987
0.999967
0.999954
0.999949
0.99995
0.99996
0.999978
0.999989
0.999995
0.999998
0.999999
1
1
1
1
1
1
1
1
1
1
1
1
0.999994
0.999903
0.998974
0.992822
0.964642
0.93396
0.924582
0.922927
0.924732
0.929358
0.932052
0.93321
0.933542
0.933461
0.933051
0.932127
0.930285
0.926269
0.915587
0.910851
0.91089
0.91039
0.904179
0.898037
0.898155
0.905953
0.942076
0.978374
0.993155
0.998053
0.999496
0.999879
0.999973
0.999994
0.999999
0.999999
0.999997
0.999967
0.99971
0.99783
0.98588
0.96521
0.96068
0.966239
0.984204
0.988613
0.983726
0.969417
0.963836
0.962237
0.961329
0.960308
0.960067
0.960459
0.961655
0.963989
0.970448
0.9866
0.995145
0.997496
0.998282
0.998552
0.998531
0.998393
0.997883
0.995896
0.992122
0.989368
0.982445
0.963762
0.9436
1
1
1
1
1
1
1
1
1
1
1
1
1
1
1
1
1
1
1
1
1
1
1
1
1
1
1
0.999997
0.999978
0.999876
0.999437
0.997755
0.991614
0.976996
0.969737
0.968634
0.969355
0.972717
0.973474
0.972274
0.96815
0.964984
0.964844
0.968226
0.982359
0.992371
0.996988
0.998871
0.999593
0.999858
0.999952
0.999984
0.999995
0.999998
0.999999
0.999999
0.999997
0.999988
0.999938
0.999478
0.998842
0.998764
0.998953
0.998978
0.99831
0.993385
0.982914
0.977131
0.97584
0.976843
0.984328
0.993301
0.997494
0.999148
0.999735
0.999924
0.99998
0.999995
0.999999
1
1
1
1
1
1
0.999999
0.999994
0.999986
0.99998
0.999978
0.999978
0.999982
0.99999
0.999995
0.999998
0.999999
1
1
1
1
1
1
1
1
1
1
1
1
1
0.999999
0.99998
0.999765
0.998169
0.990182
0.960846
0.93288
0.924496
0.921581
0.922049
0.924296
0.929259
0.931434
0.932347
0.932382
0.932044
0.93129
0.929553
0.925551
0.923247
0.919695
0.909321
0.900412
0.899347
0.903947
0.930743
0.972289
0.990714
0.997234
0.999253
0.999815
0.999957
0.999991
0.999998
1
1
0.999997
0.999965
0.999693
0.997752
0.985607
0.965474
0.961263
0.967002
0.985471
0.990665
0.986927
0.971969
0.964144
0.96186
0.960885
0.960252
0.960266
0.960971
0.962175
0.964083
0.969212
0.984024
0.994271
0.997163
0.998156
0.998458
0.998518
0.998385
0.997931
0.996593
0.994296
0.990792
0.981934
0.959137
0.93891
1
1
1
1
1
1
1
1
1
1
1
1
1
1
1
1
1
1
1
1
1
1
1
1
1
1
1
1
0.999997
0.999979
0.999897
0.999564
0.998301
0.994286
0.981117
0.972296
0.969743
0.969452
0.969259
0.968241
0.965484
0.965162
0.968068
0.982264
0.992552
0.99713
0.998963
0.999643
0.999882
0.999962
0.999988
0.999996
0.999999
1
1
1
1
0.999998
0.999992
0.999941
0.999877
0.999861
0.999849
0.999771
0.999139
0.995121
0.989763
0.987635
0.987576
0.990024
0.995044
0.997862
0.999169
0.999706
0.999905
0.999972
0.999992
0.999998
1
1
1
1
1
1
1
0.999999
0.999997
0.999994
0.999991
0.99999
0.99999
0.999992
0.999996
0.999998
0.999999
1
1
1
1
1
1
1
1
1
1
1
1
1
1
1
0.999996
0.999953
0.999593
0.997581
0.989471
0.963737
0.936702
0.924937
0.921933
0.920082
0.920522
0.922228
0.92528
0.927409
0.928111
0.927837
0.926752
0.924301
0.920645
0.910476
0.901514
0.900331
0.904114
0.927038
0.969294
0.989118
0.996601
0.999043
0.999753
0.999941
0.999987
0.999997
0.999999
1
1
0.999996
0.999959
0.999658
0.997569
0.984881
0.965586
0.961897
0.967965
0.986738
0.992643
0.990122
0.975729
0.965261
0.961948
0.960864
0.960455
0.960875
0.962137
0.963233
0.964309
0.968348
0.980677
0.992891
0.996504
0.997864
0.998326
0.99844
0.998315
0.997864
0.996637
0.994579
0.990542
0.97849
0.949844
0.933799
1
1
1
1
1
1
1
1
1
1
1
1
1
1
1
1
1
1
1
1
1
1
1
1
1
1
1
1
1
0.999997
0.999985
0.999929
0.999714
0.998965
0.996703
0.988781
0.977682
0.97235
0.969992
0.969014
0.969231
0.973932
0.986643
0.994248
0.997778
0.999208
0.999734
0.999915
0.999974
0.999992
0.999998
0.999999
1
1
1
1
1
1
0.999999
0.999996
0.999992
0.999988
0.999977
0.999927
0.999635
0.998314
0.997061
0.996582
0.996585
0.997294
0.998616
0.99938
0.99975
0.999908
0.999969
0.999991
0.999997
0.999999
1
1
1
1
1
1
1
1
0.999999
0.999997
0.999996
0.999996
0.999996
0.999997
0.999998
0.999999
1
1
1
1
1
1
1
1
1
1
1
1
1
1
1
1
0.999999
0.999992
0.999924
0.999501
0.997615
0.991086
0.975281
0.946582
0.931159
0.923517
0.920801
0.918792
0.918055
0.917567
0.916586
0.91516
0.913893
0.911397
0.906333
0.903125
0.903409
0.908513
0.934025
0.971435
0.989397
0.996509
0.998967
0.999721
0.99993
0.999984
0.999996
0.999999
1
1
1
0.999995
0.999951
0.999598
0.997236
0.983644
0.965544
0.962577
0.969201
0.987966
0.994343
0.992959
0.980595
0.96756
0.962708
0.961254
0.96127
0.962278
0.964261
0.965164
0.964981
0.967634
0.97731
0.990873
0.99544
0.997326
0.998043
0.998227
0.998128
0.997646
0.996463
0.994226
0.988614
0.965256
0.939407
0.930632
1
1
1
1
1
1
1
1
1
1
1
1
1
1
1
1
1
1
1
1
1
1
1
1
1
1
1
1
1
1
0.999998
0.999992
0.999966
0.999873
0.999554
0.998494
0.994225
0.988018
0.986212
0.986628
0.989698
0.994729
0.997661
0.999068
0.999659
0.999884
0.999962
0.999988
0.999997
0.999999
1
1
1
1
1
1
1
1
1
1
1
0.999999
0.999995
0.999978
0.999889
0.999568
0.999328
0.999251
0.999261
0.999434
0.999708
0.999866
0.999944
0.999979
0.999993
0.999998
0.999999
1
1
1
1
1
1
1
1
1
1
0.999999
0.999999
0.999999
0.999999
0.999999
0.999999
1
1
1
1
1
1
1
1
1
1
1
1
1
1
1
1
1
1
0.999999
0.999989
0.999919
0.999577
0.998283
0.994561
0.986576
0.970014
0.952333
0.936471
0.927706
0.92316
0.920293
0.917528
0.915021
0.913246
0.912132
0.912073
0.914232
0.925804
0.958137
0.981039
0.992498
0.997365
0.999169
0.999762
0.999937
0.999985
0.999997
0.999999
1
1
1
0.999999
0.999993
0.999936
0.999498
0.99667
0.981735
0.965351
0.963329
0.970913
0.989217
0.99575
0.995365
0.986497
0.971565
0.964754
0.962778
0.963115
0.965122
0.967785
0.96838
0.966599
0.967373
0.973746
0.987821
0.993544
0.996122
0.997376
0.997731
0.997708
0.997102
0.995687
0.992132
0.979064
0.946724
0.933386
0.930249
1
1
1
1
1
1
1
1
1
1
1
1
1
1
1
1
1
1
1
1
1
1
1
1
1
1
1
1
1
1
1
0.999999
0.999997
0.999989
0.99996
0.999857
0.999256
0.998307
0.998114
0.998231
0.998882
0.999501
0.999796
0.999923
0.999973
0.999991
0.999997
0.999999
1
1
1
1
1
1
1
1
1
1
1
1
1
1
0.999999
0.999994
0.99997
0.999923
0.999898
0.999893
0.999896
0.999925
0.999962
0.999982
0.999992
0.999997
0.999999
1
1
1
1
1
1
1
1
1
1
1
1
1
1
1
1
1
1
1
1
1
1
1
1
1
1
1
1
1
1
1
1
1
1
1
1
1
0.999999
0.99999
0.999943
0.999748
0.999122
0.997574
0.994225
0.987508
0.97796
0.968143
0.96065
0.952262
0.944965
0.942951
0.943524
0.946136
0.952695
0.967603
0.981718
0.991163
0.996267
0.998605
0.999532
0.999858
0.999961
0.99999
0.999998
0.999999
1
1
1
1
0.999999
0.999991
0.999914
0.999335
0.99572
0.97905
0.965133
0.964205
0.973298
0.990483
0.996835
0.997228
0.992633
0.978013
0.968962
0.966319
0.966929
0.970044
0.973337
0.973559
0.969404
0.967441
0.970995
0.983495
0.990633
0.993345
0.995579
0.996455
0.996592
0.995455
0.992551
0.983444
0.954351
0.938224
0.932683
0.933158
1
1
1
1
1
1
1
1
1
1
1
1
1
1
1
1
1
1
1
1
1
1
1
1
1
1
1
1
1
1
1
1
1
0.999999
0.999998
0.999991
0.999948
0.999893
0.999887
0.999901
0.999952
0.99998
0.999993
0.999997
0.999999
1
1
1
1
1
1
1
1
1
1
1
1
1
1
1
1
1
1
0.999999
0.999996
0.999994
0.999993
0.999993
0.999994
0.999996
0.999998
0.999999
1
1
1
1
1
1
1
1
1
1
1
1
1
1
1
1
1
1
1
1
1
1
1
1
1
1
1
1
1
1
1
1
1
1
1
1
1
1
1
1
1
0.999999
0.999994
0.999972
0.999895
0.999682
0.999181
0.998062
0.9953
0.992968
0.991095
0.987464
0.984753
0.984533
0.985039
0.986493
0.990044
0.994305
0.997164
0.998752
0.99951
0.999827
0.999944
0.999984
0.999996
0.999999
1
1
1
1
1
1
0.999999
0.999987
0.99988
0.999088
0.994244
0.976091
0.965296
0.965416
0.976364
0.991924
0.997524
0.998313
0.996723
0.9869
0.976123
0.972749
0.97363
0.977596
0.981199
0.980943
0.974001
0.969121
0.969853
0.977829
0.987144
0.989295
0.990511
0.992214
0.992753
0.98944
0.981104
0.96096
0.944585
0.938047
0.936077
0.949595
1
1
1
1
1
1
1
1
1
1
1
1
1
1
1
1
1
1
1
1
1
1
1
1
1
1
1
1
1
1
1
1
1
1
1
1
0.999998
0.999997
0.999997
0.999998
0.999999
1
1
1
1
1
1
1
1
1
1
1
1
1
1
1
1
1
1
1
1
1
1
1
1
1
1
1
1
1
1
1
1
1
1
1
1
1
1
1
1
1
1
1
1
1
1
1
1
1
1
1
1
1
1
1
1
1
1
1
1
1
1
1
1
1
1
1
1
1
1
1
1
1
1
0.999998
0.999991
0.99997
0.999916
0.999784
0.999357
0.998976
0.998675
0.997921
0.997415
0.997422
0.997574
0.997957
0.998762
0.999372
0.999715
0.999883
0.999956
0.999985
0.999995
0.999999
1
1
1
1
1
1
1
1
0.999998
0.999982
0.999834
0.99875
0.992252
0.974139
0.966368
0.967518
0.980057
0.993415
0.998058
0.998925
0.998476
0.994934
0.985905
0.982249
0.983337
0.98755
0.99071
0.989513
0.98188
0.971971
0.969585
0.973383
0.983674
0.986469
0.98642
0.983748
0.982051
0.976336
0.965624
0.95277
0.945481
0.943261
0.954154
0.967931
1
1
1
1
1
1
1
1
1
1
1
1
1
1
1
1
1
1
1
1
1
1
1
1
1
1
1
1
1
1
1
1
1
1
1
1
1
1
1
1
1
1
1
1
1
1
1
1
1
1
1
1
1
1
1
1
1
1
1
1
1
1
1
1
1
1
1
1
1
1
1
1
1
1
1
1
1
1
1
1
1
1
1
1
1
1
1
1
1
1
1
1
1
1
1
1
1
1
1
1
1
1
1
1
1
1
1
1
1
1
1
1
1
1
1
1
0.999999
0.999998
0.999994
0.999983
0.999942
0.999903
0.99987
0.999777
0.999724
0.999731
0.999756
0.999815
0.999904
0.999956
0.999981
0.999993
0.999997
0.999999
1
1
1
1
1
1
1
1
1
0.999999
0.999997
0.999976
0.999773
0.998313
0.98981
0.973781
0.968925
0.971234
0.984608
0.995061
0.998544
0.999289
0.999202
0.998184
0.994993
0.993197
0.99394
0.995886
0.996892
0.996117
0.991075
0.977627
0.971196
0.970734
0.977001
0.984189
0.984768
0.981669
0.976243
0.971319
0.962271
0.955703
0.954177
0.962663
0.970074
0.972829
1
1
1
1
1
1
1
1
1
1
1
1
1
1
1
1
1
1
1
1
1
1
1
1
1
1
1
1
1
1
1
1
1
1
1
1
1
1
1
1
1
1
1
1
1
1
1
1
1
1
1
1
1
1
1
1
1
1
1
1
1
1
1
1
1
1
1
1
1
1
1
1
1
1
1
1
1
1
1
1
1
1
1
1
1
1
1
1
1
1
1
1
1
1
1
1
1
1
1
1
1
1
1
1
1
1
1
1
1
1
1
1
1
1
1
1
1
1
1
0.999999
0.999997
0.999994
0.999992
0.999984
0.999981
0.999982
0.999985
0.99999
0.999995
0.999998
0.999999
1
1
1
1
1
1
1
1
1
1
1
0.999999
0.999998
0.999995
0.999965
0.99969
0.997725
0.987936
0.97628
0.974082
0.977699
0.989914
0.99669
0.998952
0.999494
0.999516
0.999258
0.998391
0.99797
0.998172
0.998644
0.99886
0.998501
0.996505
0.988586
0.974483
0.970344
0.97185
0.980112
0.98287
0.982162
0.976819
0.97217
0.968272
0.967603
0.970238
0.973004
0.973774
0.972408
1
1
1
1
1
1
1
1
1
1
1
1
1
1
1
1
1
1
1
1
1
1
1
1
1
1
1
1
1
1
1
1
1
1
1
1
1
1
1
1
1
1
1
1
1
1
1
1
1
1
1
1
1
1
1
1
1
1
1
1
1
1
1
1
1
1
1
1
1
1
1
1
1
1
1
1
1
1
1
1
1
1
1
1
1
1
1
1
1
1
1
1
1
1
1
1
1
1
1
1
1
1
1
1
1
1
1
1
1
1
1
1
1
1
1
1
1
1
1
1
1
1
1
0.999999
0.999999
0.999999
0.999999
1
1
1
1
1
1
1
1
1
1
1
1
1
0.999999
0.999997
0.999994
0.999992
0.999987
0.999948
0.999585
0.997134
0.988255
0.982871
0.982689
0.987271
0.994786
0.998096
0.999243
0.999585
0.999647
0.999602
0.999398
0.999285
0.99932
0.999414
0.999465
0.999343
0.998598
0.995615
0.984908
0.97272
0.970141
0.97274
0.97959
0.981091
0.979559
0.976612
0.97547
0.974785
0.974606
0.974156
0.972945
0.970718
1
1
1
1
1
1
1
1
1
1
1
1
1
1
1
1
1
1
1
1
1
1
1
1
1
1
1
1
1
1
1
1
1
1
1
1
1
1
1
1
1
1
1
1
1
1
1
1
1
1
1
1
1
1
1
1
1
1
1
1
1
1
1
1
1
1
1
1
1
1
1
1
1
1
1
1
1
1
1
1
1
1
1
1
1
1
1
1
1
1
1
1
1
1
1
1
1
1
1
1
1
1
1
1
1
1
1
1
1
1
1
1
1
1
1
1
1
1
1
1
1
1
1
1
1
1
1
1
1
1
1
1
1
1
1
1
1
1
1
0.999999
0.999996
0.999982
0.999971
0.999969
0.999965
0.999917
0.999488
0.996718
0.993037
0.991934
0.992167
0.994541
0.997305
0.998698
0.999342
0.999605
0.999693
0.999702
0.999666
0.999616
0.99958
0.999577
0.999606
0.999595
0.999349
0.99824
0.994168
0.981173
0.971429
0.969816
0.972279
0.977353
0.978331
0.977295
0.976118
0.974999
0.973821
0.972025
0.970695
0.971354
1
1
1
1
1
1
1
1
1
1
1
1
1
1
1
1
1
1
1
1
1
1
1
1
1
1
1
1
1
1
1
1
1
1
1
1
1
1
1
1
1
1
1
1
1
1
1
1
1
1
1
1
1
1
1
1
1
1
1
1
1
1
1
1
1
1
1
1
1
1
1
1
1
1
1
1
1
1
1
1
1
1
1
1
1
1
1
1
1
1
1
1
1
1
1
1
1
1
1
1
1
1
1
1
1
1
1
1
1
1
1
1
1
1
1
1
1
1
1
1
1
1
1
1
1
1
1
1
1
1
1
1
1
1
1
1
1
1
0.999999
0.999994
0.999969
0.999914
0.999905
0.999911
0.999913
0.999862
0.999396
0.997541
0.996121
0.995729
0.995818
0.996626
0.997953
0.998836
0.999339
0.999592
0.999699
0.999729
0.999725
0.999688
0.999617
0.999586
0.999613
0.999645
0.999593
0.999231
0.997742
0.992734
0.978743
0.971189
0.96979
0.970609
0.973136
0.97383
0.973543
0.972213
0.971276
0.970911
0.971336
0.977751
1
1
1
1
1
1
1
1
1
1
1
1
1
1
1
1
1
1
1
1
1
1
1
1
1
1
1
1
1
1
1
1
1
1
1
1
1
1
1
1
1
1
1
1
1
1
1
1
1
1
1
1
1
1
1
1
1
1
1
1
1
1
1
1
1
1
1
1
1
1
1
1
1
1
1
1
1
1
1
1
1
1
1
1
1
1
1
1
1
1
1
1
1
1
1
1
1
1
1
1
1
1
1
1
1
1
1
1
1
1
1
1
1
1
1
1
1
1
1
1
1
1
1
1
1
1
1
1
1
1
1
1
1
1
1
1
1
0.999999
0.999995
0.999967
0.99982
0.999719
0.999727
0.999785
0.999821
0.99976
0.999148
0.997723
0.996815
0.996414
0.996436
0.996883
0.997901
0.998682
0.999205
0.999512
0.999667
0.999722
0.999721
0.999674
0.999517
0.999395
0.999427
0.999585
0.999634
0.999545
0.999082
0.997336
0.991957
0.978781
0.97215
0.970832
0.970966
0.971447
0.971589
0.971512
0.971751
0.973096
0.978192
0.990249
1
1
1
1
1
1
1
1
1
1
1
1
1
1
1
1
1
1
1
1
1
1
1
1
1
1
1
1
1
1
1
1
1
1
1
1
1
1
1
1
1
1
1
1
1
1
1
1
1
1
1
1
1
1
1
1
1
1
1
1
1
1
1
1
1
1
1
1
1
1
1
1
1
1
1
1
1
1
1
1
1
1
1
1
1
1
1
1
1
1
1
1
1
1
1
1
1
1
1
1
1
1
1
1
1
1
1
1
1
1
1
1
1
1
1
1
1
1
1
1
1
1
1
1
1
1
1
1
1
1
1
0.999999
0.999999
0.999999
0.999999
0.999999
0.999998
0.999995
0.999968
0.999821
0.999327
0.999222
0.999301
0.999585
0.999703
0.999598
0.998744
0.997718
0.996928
0.996175
0.995994
0.996164
0.997095
0.998246
0.998926
0.999314
0.999532
0.999616
0.999599
0.999444
0.998933
0.998552
0.998585
0.999124
0.999481
0.999586
0.999468
0.999003
0.997254
0.992574
0.983051
0.975876
0.973768
0.973329
0.973527
0.974807
0.977944
0.984193
0.991285
0.996553
1
1
1
1
1
1
1
1
1
1
1
1
1
1
1
1
1
1
1
1
1
1
1
1
1
1
1
1
1
1
1
1
1
1
1
1
1
1
1
1
1
1
1
1
1
1
1
1
1
1
1
1
1
1
1
1
1
1
1
1
1
1
1
1
1
1
1
1
1
1
1
1
1
1
1
1
1
1
1
1
1
1
1
1
1
1
1
1
1
1
1
1
1
1
1
1
1
1
1
1
1
1
1
1
1
1
1
1
1
1
1
1
1
1
1
1
1
1
1
1
1
1
1
1
1
1
1
1
1
0.999999
0.999995
0.999993
0.999993
0.999993
0.999994
0.999994
0.999992
0.999971
0.999822
0.999142
0.998653
0.998603
0.998748
0.999291
0.999482
0.999305
0.998318
0.997677
0.996742
0.994643
0.993964
0.994289
0.995936
0.997528
0.99837
0.998841
0.999135
0.999202
0.999098
0.998546
0.997019
0.996061
0.996122
0.997397
0.998609
0.999265
0.999488
0.999451
0.99907
0.997613
0.994381
0.98955
0.985747
0.984205
0.98398
0.987288
0.991249
0.994712
0.997275
0.999002
1
1
1
1
1
1
1
1
1
1
1
1
1
1
1
1
1
1
1
1
1
1
1
1
1
1
1
1
1
1
1
1
1
1
1
1
1
1
1
1
1
1
1
1
1
1
1
1
1
1
1
1
1
1
1
1
1
1
1
1
1
1
1
1
1
1
1
1
1
1
1
1
1
1
1
1
1
1
1
1
1
1
1
1
1
1
1
1
1
1
1
1
1
1
1
1
1
1
1
1
1
1
1
1
1
1
1
1
1
1
1
1
1
1
1
1
1
1
1
1
1
1
1
1
1
1
1
0.999999
0.999997
0.999986
0.999962
0.999959
0.999962
0.999968
0.999977
0.999978
0.999967
0.999829
0.999004
0.998534
0.998498
0.998543
0.99889
0.999269
0.999293
0.998902
0.997929
0.997319
0.996052
0.992396
0.990701
0.991124
0.993676
0.995954
0.99704
0.997634
0.998023
0.997979
0.99757
0.995904
0.991891
0.989778
0.989862
0.992576
0.995286
0.997502
0.9988
0.999382
0.99951
0.999286
0.998458
0.996886
0.995453
0.994797
0.994663
0.996093
0.997454
0.998584
0.999338
0.99977
1
1
1
1
1
1
1
1
1
1
1
1
1
1
1
1
1
1
1
1
1
1
1
1
1
1
1
1
1
1
1
1
1
1
1
1
1
1
1
1
1
1
1
1
1
1
1
1
1
1
1
1
1
1
1
1
1
1
1
1
1
1
1
1
1
1
1
1
1
1
1
1
1
1
1
1
1
1
1
1
1
1
1
1
1
1
1
1
1
1
1
1
1
1
1
1
1
1
1
1
1
1
1
1
1
1
1
1
1
1
1
1
1
1
1
1
1
1
1
1
1
1
1
1
1
1
0.999998
0.999992
0.999969
0.999897
0.999845
0.99985
0.999867
0.999907
0.999942
0.999943
0.999807
0.998718
0.998188
0.99847
0.99891
0.999061
0.999176
0.999229
0.999123
0.998394
0.9975
0.996815
0.99531
0.990039
0.985778
0.9857
0.988298
0.991785
0.993414
0.994348
0.994852
0.994631
0.993437
0.98925
0.979864
0.975456
0.975364
0.980217
0.985736
0.990648
0.994716
0.997619
0.999076
0.999553
0.999623
0.999368
0.998968
0.99879
0.998753
0.999153
0.99949
0.999713
0.999831
0.999865
1
1
1
1
1
1
1
1
1
1
1
1
1
1
1
1
1
1
1
1
1
1
1
1
1
1
1
1
1
1
1
1
1
1
1
1
1
1
1
1
1
1
1
1
1
1
1
1
1
1
1
1
1
1
1
1
1
1
1
1
1
1
1
1
1
1
1
1
1
1
1
1
1
1
1
1
1
1
1
1
1
1
1
1
1
1
1
1
1
1
1
1
1
1
1
1
1
1
1
1
1
1
1
1
1
1
1
1
1
1
1
1
1
1
1
1
1
1
1
1
1
0.999999
0.999998
0.999997
0.999996
0.999993
0.99998
0.999929
0.999743
0.999647
0.99968
0.999802
0.999892
0.999907
0.999835
0.999193
0.997756
0.997403
0.997799
0.998646
0.99901
0.999121
0.999145
0.999086
0.998712
0.99763
0.996832
0.996066
0.994395
0.988218
0.97847
0.975773
0.976722
0.980629
0.983136
0.98489
0.985895
0.98548
0.983192
0.975283
0.955086
0.945552
0.944563
0.950916
0.960665
0.970277
0.979357
0.987171
0.994013
0.997479
0.999071
0.999548
0.99961
0.999551
0.999545
0.999573
0.999584
0.999479
0.998844
0.997719
1
1
1
1
1
1
1
1
1
1
1
1
1
1
1
1
1
1
1
1
1
1
1
1
1
1
1
1
1
1
1
1
1
1
1
1
1
1
1
1
1
1
1
1
1
1
1
1
1
1
1
1
1
1
1
1
1
1
1
1
1
1
1
1
1
1
1
1
1
1
1
1
1
1
1
1
1
1
1
1
1
1
1
1
1
1
1
1
1
1
1
1
1
1
1
1
1
1
1
1
1
1
1
1
1
1
1
1
1
1
1
1
1
1
1
1
1
0.999999
0.999995
0.999982
0.999972
0.999957
0.999941
0.999935
0.999934
0.999925
0.999808
0.999431
0.999338
0.999422
0.999619
0.999794
0.999755
0.99933
0.997976
0.996874
0.996585
0.996692
0.997263
0.997893
0.998424
0.998704
0.998686
0.998484
0.997905
0.996666
0.995438
0.994289
0.9921
0.986102
0.96874
0.955807
0.952193
0.952135
0.952893
0.95541
0.95968
0.960305
0.958787
0.950493
0.923752
0.893037
0.884914
0.888703
0.902445
0.919168
0.935961
0.950329
0.963672
0.975676
0.985585
0.990628
0.992872
0.993405
0.993468
0.992174
0.989823
0.984329
0.973179
0.969587
1
1
1
1
1
1
1
1
1
1
1
1
1
1
1
1
1
1
1
1
1
1
1
1
1
1
1
1
1
1
1
1
1
1
1
1
1
1
1
1
1
1
1
1
1
1
1
1
1
1
1
1
1
1
1
1
1
1
1
1
1
1
1
1
1
1
1
1
1
1
1
1
1
1
1
1
1
1
1
1
1
1
1
1
1
1
1
1
1
1
1
1
1
1
1
1
1
1
1
1
1
1
1
1
1
1
1
1
1
1
1
1
1
1
1
0.999999
0.999995
0.999969
0.999837
0.99954
0.999371
0.999308
0.999296
0.999302
0.999302
0.999259
0.99922
0.999217
0.999182
0.998938
0.998317
0.997726
0.997206
0.996589
0.996239
0.996143
0.996139
0.996178
0.996198
0.996187
0.996159
0.996109
0.995886
0.995089
0.993001
0.990822
0.9891
0.98673
0.981873
0.969348
0.945869
0.925253
0.912953
0.908146
0.907265
0.908275
0.915479
0.926272
0.929594
0.928292
0.916688
0.875196
0.849762
0.846197
0.853224
0.873654
0.897094
0.913559
0.920022
0.922559
0.924328
0.92512
0.924956
0.921013
0.908925
0.890917
0.859188
0.822698
0.810141
0.813794
0.947369
0.948522
0.947513
0.940926
0.930996
0.917065
0.908592
0.907878
0.912613
0.921597
0.926983
0.929261
0.929606
0.929101
0.927152
0.921432
0.9126
0.898753
0.884006
0.874064
0.870574
0.870645
0.878426
0.923217
0.943382
0.92094
0.93543
0.947655
0.955363
0.957598
0.95709
0.957709
0.962398
0.967645
0.971556
0.974973
0.977733
0.979896
0.981784
0.983677
0.985318
0.986103
0.985485
0.979802
0.959611
0.943252
0.938664
0.919787
0.92181
0.92421
0.906083
0.912906
0.932431
0.947701
0.955231
0.960804
0.966648
0.970698
0.97158
0.971983
0.973001
0.97393
0.974588
0.97567
0.978254
0.98385
0.988568
0.990917
0.991477
0.990611
0.981078
0.970748
0.960173
0.953202
0.937945
0.912876
0.911939
0.918911
0.937566
0.948549
0.953256
0.95354
0.949304
0.942956
0.939477
0.939406
0.941862
0.944074
0.945469
0.947967
0.959126
0.975673
0.985139
0.989805
0.991283
0.99048
0.983186
0.966533
0.960569
0.946427
0.928218
0.917541
0.917305
0.924479
0.931344
0.931332
0.924337
0.910107
0.896032
0.88754
0.886591
0.892929
0.905389
0.911018
0.918687
0.934249
0.955313
0.971211
0.981454
0.988204
0.989637
0.987023
0.972336
0.964902
0.950131
0.94687
0.926935
0.918206
0.91723
0.917182
0.911572
0.889506
0.866533
0.853486
0.848939
0.848718
0.852441
0.868142
0.890878
0.909665
0.927007
0.943661
0.9568
0.968295
0.981277
0.987961
0.988283
0.982426
0.976483
0.959675
0.956878
0.941546
0.92348
0.916735
0.91079
0.894477
0.866313
0.848424
0.842074
0.840895
0.841225
0.843906
0.854882
0.883779
0.907938
0.926596
0.940995
0.950017
0.958242
0.972483
0.984594
0.988124
0.987157
0.983521
0.965885
0.96169
0.953719
0.931203
0.919882
0.909718
0.884294
0.858034
0.844852
0.840959
0.840512
0.840986
0.843567
0.853188
0.882276
0.914099
0.933037
0.943382
0.949847
0.956331
0.967766
0.981185
0.98734
0.987557
0.985455
0.968628
0.964203
0.960246
0.942751
0.927279
0.906864
0.877996
0.855317
0.844762
0.842668
0.84296
0.844365
0.848433
0.859726
0.891951
0.931318
0.951581
0.955919
0.956797
0.959641
0.966872
0.978771
0.986088
0.987194
0.985923
0.970524
0.965679
0.96414
0.954582
0.934148
0.908454
0.87837
0.85579
0.847393
0.847079
0.848713
0.852889
0.861866
0.883925
0.917734
0.948665
0.966257
0.970876
0.970625
0.970918
0.971887
0.976617
0.984534
0.98632
0.985371
0.971273
0.966534
0.966191
0.961819
0.944653
0.912685
0.880119
0.857806
0.851603
0.852405
0.857938
0.866983
0.884631
0.914457
0.940232
0.960362
0.97282
0.977495
0.977949
0.978329
0.978445
0.97876
0.982103
0.983916
0.983012
0.971262
0.966595
0.9672
0.965404
0.954856
0.921481
0.883956
0.861559
0.856911
0.85913
0.870001
0.889698
0.914372
0.936338
0.955249
0.97068
0.979306
0.981868
0.981856
0.981606
0.9807
0.980189
0.980911
0.981435
0.980712
0.971181
0.965663
0.96775
0.967214
0.961389
0.93485
0.891594
0.867838
0.863699
0.866377
0.881508
0.912634
0.937389
0.955668
0.968869
0.978774
0.984372
0.986026
0.985937
0.985161
0.982677
0.980767
0.980395
0.980224
0.979561
0.971044
0.963632
0.967667
0.968057
0.965302
0.948662
0.903586
0.876316
0.871667
0.874899
0.892972
0.926828
0.950044
0.965257
0.975572
0.982733
0.986608
0.987835
0.987757
0.986741
0.983808
0.981419
0.980478
0.980096
0.979352
0.970946
0.960836
0.966887
0.968425
0.967335
0.958104
0.920109
0.887671
0.882732
0.886706
0.906381
0.939329
0.962279
0.976148
0.983649
0.987779
0.989335
0.989482
0.989113
0.987206
0.983973
0.981709
0.980594
0.980153
0.979443
0.970919
0.9573
0.965106
0.96825
0.968166
0.963552
0.936633
0.903047
0.898218
0.902471
0.921554
0.951526
0.970703
0.981488
0.98712
0.989796
0.990607
0.990581
0.989749
0.986826
0.983703
0.981712
0.98072
0.980341
0.979727
0.971213
0.953392
0.961652
0.96749
0.968297
0.96627
0.949907
0.920266
0.915934
0.919667
0.935194
0.960116
0.976799
0.986139
0.99035
0.991685
0.991757
0.991268
0.989103
0.985301
0.982784
0.981441
0.980759
0.98049
0.97996
0.971729
0.949404
0.956772
0.965713
0.968014
0.967329
0.95878
0.936103
0.93231
0.935075
0.946279
0.967266
0.981451
0.988858
0.991893
0.992685
0.9926
0.991306
0.986857
0.9831
0.981225
0.980826
0.980652
0.980576
0.980299
0.97331
0.945674
0.951049
0.962641
0.96721
0.967326
0.963421
0.948578
0.945166
0.947016
0.954812
0.972416
0.984622
0.990836
0.993214
0.993677
0.9934
0.991046
0.984476
0.980723
0.979472
0.979609
0.980165
0.981198
0.981176
0.9758
0.942629
0.945907
0.957924
0.965444
0.966817
0.965202
0.956765
0.954114
0.955343
0.961163
0.976142
0.986852
0.992116
0.994003
0.994293
0.993902
0.991126
0.983518
0.9789
0.977564
0.97782
0.979375
0.982189
0.982452
0.977839
0.940493
0.942233
0.952103
0.962381
0.965644
0.965292
0.961356
0.959851
0.960794
0.965752
0.979025
0.988416
0.992862
0.994381
0.99457
0.994123
0.991241
0.983428
0.978169
0.976378
0.976546
0.97883
0.98279
0.982997
0.979318
0.939029
0.939776
0.946367
0.958591
0.964029
0.96465
0.96352
0.963233
0.964172
0.969094
0.981353
0.989561
0.99334
0.994561
0.994686
0.99424
0.991604
0.984138
0.97832
0.976087
0.976024
0.978295
0.982966
0.983042
0.980385
0.938243
0.938331
0.941902
0.95382
0.961627
0.96394
0.964263
0.964773
0.966273
0.972
0.983293
0.99046
0.993654
0.994625
0.99471
0.994315
0.992532
0.987004
0.980575
0.977354
0.976616
0.978492
0.983626
0.983421
0.981863
0.938355
0.937745
0.939443
0.948344
0.958334
0.962781
0.964431
0.965505
0.967706
0.974622
0.984881
0.991166
0.993858
0.994578
0.994588
0.994186
0.993331
0.991437
0.985842
0.981042
0.978496
0.979794
0.985047
0.984545
0.984483
0.939075
0.937658
0.938321
0.943679
0.954749
0.961306
0.964353
0.965951
0.968742
0.97661
0.985992
0.991581
0.993938
0.99454
0.994478
0.994119
0.994253
0.994347
0.993209
0.98836
0.982801
0.983598
0.988315
0.987378
0.987407
0.941042
0.937897
0.937937
0.940707
0.950718
0.959571
0.964089
0.96622
0.969657
0.978269
0.98676
0.991783
0.993934
0.994692
0.995077
0.995375
0.996378
0.996931
0.996666
0.99475
0.989447
0.990182
0.993428
0.991413
0.990621
0.94374
0.938549
0.937734
0.939078
0.946709
0.957741
0.963765
0.96643
0.970646
0.979579
0.987343
0.991855
0.993968
0.995023
0.996152
0.997191
0.99826
0.998625
0.998515
0.997669
0.994786
0.995463
0.997199
0.995134
0.993576
0.946694
0.93942
0.937314
0.937852
0.943346
0.956111
0.963563
0.966719
0.97177
0.980547
0.98778
0.991834
0.994165
0.996101
0.997549
0.99843
0.999123
0.999376
0.999351
0.999061
0.997967
0.998361
0.998919
0.997421
0.995809
0.948404
0.939873
0.93678
0.936889
0.941209
0.954849
0.963543
0.967078
0.97303
0.981349
0.987939
0.992277
0.995194
0.997225
0.998487
0.999157
0.999577
0.999732
0.999733
0.999647
0.999317
0.999486
0.999605
0.998601
0.997282
0.948543
0.939863
0.936288
0.936198
0.9401
0.954344
0.963661
0.967651
0.974009
0.981929
0.988552
0.993122
0.996114
0.998006
0.999044
0.999533
0.999788
0.999879
0.999885
0.99986
0.999767
0.999829
0.999841
0.999168
0.998184
0.948263
0.939514
0.935729
0.935558
0.939543
0.954431
0.964023
0.968399
0.974697
0.982629
0.989474
0.994149
0.997004
0.998614
0.9994
0.999735
0.999889
0.999942
0.999948
0.999941
0.999915
0.999937
0.999929
0.999472
0.998764
0.946316
0.938319
0.934772
0.93468
0.939247
0.955079
0.964837
0.969028
0.975341
0.983628
0.990675
0.995218
0.997757
0.999048
0.99962
0.999845
0.999939
0.999972
0.999977
0.999975
0.999968
0.999976
0.999966
0.999686
0.999156
0.943104
0.936257
0.933443
0.933605
0.939379
0.956486
0.965905
0.969765
0.976173
0.984856
0.99189
0.996129
0.998315
0.999333
0.999752
0.999906
0.999965
0.999985
0.99999
0.99999
0.999988
0.999991
0.999983
0.999848
0.999437
0.940406
0.934177
0.932048
0.932679
0.940654
0.958483
0.967056
0.970646
0.977206
0.986196
0.993024
0.99687
0.998719
0.999521
0.999831
0.99994
0.999979
0.999992
0.999995
0.999996
0.999996
0.999997
0.999992
0.999935
0.999649
0.937998
0.932279
0.930871
0.932253
0.943365
0.96077
0.968228
0.971601
0.978467
0.987645
0.994088
0.997485
0.999021
0.99965
0.999882
0.99996
0.999987
0.999996
0.999998
0.999998
0.999998
0.999999
0.999997
0.999969
0.999774
0.935574
0.930716
0.930069
0.932454
0.947275
0.963383
0.969406
0.972636
0.979988
0.989194
0.9951
0.998014
0.99926
0.999746
0.999917
0.999973
0.999992
0.999997
0.999999
0.999999
0.999999
1
0.999999
0.999985
0.999845
0.933059
0.929588
0.929694
0.933958
0.952798
0.966179
0.970547
0.973752
0.981864
0.990852
0.996076
0.998483
0.999457
0.99982
0.999944
0.999983
0.999995
0.999998
0.999999
1
1
1
1
0.999994
0.999888
0.930687
0.928999
0.929834
0.938534
0.959432
0.968752
0.971575
0.975021
0.984225
0.992612
0.99701
0.998898
0.999622
0.999879
0.999963
0.999989
0.999997
0.999999
1
1
1
1
1
0.999998
0.999908
0.929223
0.928952
0.93143
0.948781
0.965441
0.970631
0.972494
0.976687
0.987131
0.994404
0.997868
0.999254
0.999755
0.999925
0.999978
0.999994
0.999998
1
1
1
1
1
1
0.999999
0.999916
0.929012
0.929782
0.93919
0.961007
0.969647
0.971618
0.973269
0.979683
0.990272
0.996096
0.998604
0.999537
0.999855
0.999957
0.999988
0.999997
0.999999
1
1
1
1
1
1
0.999999
0.999921
0.930208
0.936075
0.957585
0.968801
0.971321
0.971998
0.974443
0.984438
0.993408
0.997549
0.999176
0.999741
0.999922
0.999978
0.999994
0.999998
1
1
1
1
1
1
0.999999
0.999999
0.999931
0.939361
0.95762
0.96891
0.971301
0.971481
0.97228
0.978306
0.989904
0.996059
0.998633
0.999567
0.999871
0.999963
0.99999
0.999997
0.999999
1
1
1
1
1
0.999999
0.999999
0.999998
0.999942
0.962176
0.97
0.971751
0.971206
0.971303
0.974145
0.985605
0.994142
0.997889
0.999312
0.999793
0.999941
0.999984
0.999996
0.999999
1
1
1
1
1
0.999999
0.999998
0.999997
0.999997
0.999951
0.971615
0.972296
0.971261
0.970668
0.972077
0.981032
0.991807
0.99692
0.99896
0.999678
0.999907
0.999974
0.999993
0.999998
0.999999
1
1
1
0.999999
0.999999
0.999999
0.999997
0.999995
0.999995
0.99996
0.972603
0.971266
0.970279
0.971116
0.977446
0.989402
0.995792
0.998519
0.999526
0.999859
0.999961
0.999989
0.999997
0.999999
0.999999
1
0.999999
0.999999
0.999998
0.999998
0.999998
0.999995
0.999991
0.999992
0.999966
0.970975
0.970153
0.970756
0.975599
0.987533
0.994718
0.998038
0.999346
0.999799
0.999942
0.999984
0.999996
0.999998
0.999999
0.999999
0.999999
0.999998
0.999997
0.999997
0.999997
0.999996
0.999991
0.999985
0.999986
0.999964
0.970365
0.971004
0.975557
0.986732
0.994027
0.997633
0.999167
0.999734
0.999921
0.999978
0.999994
0.999998
0.999998
0.999998
0.999998
0.999997
0.999995
0.999994
0.999994
0.999994
0.999993
0.999983
0.999974
0.999975
0.999952
0.972464
0.977645
0.987435
0.993992
0.997455
0.999043
0.999679
0.999902
0.999972
0.999991
0.999996
0.999997
0.999997
0.999995
0.999994
0.999992
0.99999
0.999989
0.999989
0.999988
0.999986
0.999969
0.999956
0.999957
0.999926
0.982684
0.989711
0.994696
0.997596
0.999032
0.999654
0.999889
0.999966
0.999989
0.999994
0.999995
0.999994
0.999991
0.999987
0.999986
0.999984
0.999982
0.99998
0.999979
0.999978
0.999972
0.99994
0.999923
0.999923
0.999874
0.992989
0.996005
0.998039
0.999154
0.999676
0.999889
0.999964
0.999987
0.999992
0.999992
0.999988
0.999982
0.999977
0.999973
0.999972
0.99997
0.999967
0.999965
0.999962
0.999957
0.999937
0.999879
0.999865
0.999865
0.999774
0.997567
0.998667
0.999375
0.999743
0.999906
0.999966
0.999984
0.999988
0.999986
0.999977
0.999966
0.999957
0.99995
0.999947
0.999946
0.999942
0.999935
0.99993
0.999917
0.99989
0.999823
0.999767
0.999762
0.999757
0.999554
0.999293
0.999627
0.999832
0.99993
0.999968
0.999979
0.999981
0.999976
0.999955
0.999932
0.999917
0.999904
0.999891
0.999884
0.999879
0.999871
0.999844
0.999783
0.999708
0.999663
0.99962
0.999608
0.999617
0.999596
0.999061
0.999829
0.999904
0.999946
0.999964
0.999969
0.999965
0.999945
0.999901
0.999848
0.9998
0.999745
0.999697
0.999666
0.999648
0.999598
0.999529
0.999454
0.999422
0.999413
0.999417
0.999385
0.999371
0.999359
0.999091
0.997219
0.999898
0.999917
0.999923
0.99991
0.999862
0.99977
0.999616
0.999405
0.999167
0.998933
0.99875
0.998626
0.998536
0.998504
0.998513
0.998541
0.998582
0.998695
0.998818
0.998835
0.998265
0.997913
0.997009
0.992291
0.989425
0.998903
0.998959
0.998858
0.998572
0.998069
0.997318
0.996365
0.995485
0.994558
0.993955
0.993764
0.993812
0.993975
0.994236
0.994617
0.995022
0.995212
0.995392
0.995184
0.993454
0.985545
0.97382
0.966701
0.966073
0.97229
0.985202
0.98648
0.985736
0.983956
0.98141
0.978455
0.976343
0.973378
0.970574
0.969478
0.969609
0.970203
0.970935
0.970518
0.968278
0.968025
0.96769
0.963363
0.944313
0.921578
0.913115
0.913229
0.925725
0.95658
0.980323
0.8691
0.888567
0.891648
0.892453
0.889787
0.884902
0.878383
0.864437
0.853264
0.851682
0.854515
0.854419
0.846398
0.819136
0.806426
0.807572
0.830057
0.876832
0.911215
0.932421
0.939948
0.950062
0.958612
0.962102
0.963055
)
;

boundaryField
{
    inlet
    {
        type            fixedValue;
        value           uniform 1;
    }
    outlet
    {
        type            inletOutlet;
        inletValue      uniform 0;
        value           nonuniform List<scalar> 
57
(
0.943382
0.92421
0.937945
0.946427
0.950131
0.959675
0.965885
0.968628
0.970524
0.971273
0.971262
0.971181
0.971044
0.970946
0.970919
0.971213
0.971729
0.97331
0.9758
0.977839
0.979318
0.980385
0.981863
0.984483
0.987407
0.990621
0.993576
0.995809
0.997282
0.998184
0.998764
0.999156
0.999437
0.999649
0.999774
0.999845
0.999888
0.999908
0.999916
0.999921
0.999931
0.999942
0.999951
0.99996
0.999966
0.999964
0.999952
0.999926
0.999874
0.999774
0.999554
0.999061
0.997219
0.989425
0.97229
0.980323
0.963055
)
;
    }
    upperWall
    {
        type            zeroGradient;
    }
    lowerWall
    {
        type            zeroGradient;
    }
    frontAndBack
    {
        type            empty;
    }
}


// ************************************************************************* //
