/*--------------------------------*- C++ -*----------------------------------*\
| =========                 |                                                 |
| \\      /  F ield         | OpenFOAM: The Open Source CFD Toolbox           |
|  \\    /   O peration     | Version:  2112                                  |
|   \\  /    A nd           | Website:  www.openfoam.com                      |
|    \\/     M anipulation  |                                                 |
\*---------------------------------------------------------------------------*/
FoamFile
{
    version     2.0;
    format      ascii;
    arch        "LSB;label=32;scalar=64";
    class       volScalarField;
    location    "0.051";
    object      nut;
}
// * * * * * * * * * * * * * * * * * * * * * * * * * * * * * * * * * * * * * //

dimensions      [0 2 -1 0 0 0 0];

internalField   nonuniform List<scalar> 
12225
(
1.10521e-09
0
0
0
0
0
0
0
0
0
0
0
0
0
0
0
0
0
4.13724e-10
0
0
0
0
0
0
0
0
0
0
0
0
0
0
0
0
0
3.95059e-10
0
0
0
0
0
0
0
0
0
0
0
0
0
0
0
0
0
0
0
0
0
0
0
0
0
0
0
0
0
1.35816e-10
5.22164e-10
0
0
0
0
0
0
0
0
0
1.01464e-07
1.11057e-07
1.18437e-07
1.6829e-07
1.57333e-07
7.3152e-08
1.82683e-07
1.96816e-07
1.23533e-07
2.31147e-08
0
0
0
0
0
0
0
0
1.62525e-08
3.10752e-07
4.19497e-07
4.41288e-07
5.16911e-07
8.17361e-08
0
2.7994e-08
2.41657e-08
0
0
0
0
0
0
0
0
0
0
0
9.00584e-08
7.09002e-07
9.13876e-07
6.02268e-07
1.37139e-07
0
0
0
0
0
0
3.43588e-08
1.99389e-07
0
0
1.42085e-07
0
0
0
1.75031e-07
4.85629e-07
5.16613e-07
4.98437e-07
1.25426e-07
0
0
0
0
0
0
3.16928e-07
1.88291e-07
3.84907e-07
1.02229e-06
8.9923e-08
0
0
0
1.83975e-07
5.21277e-07
5.41661e-07
0
0
0
0
0
0
0
6.86102e-07
7.62642e-07
1.00529e-06
1.2363e-06
3.75562e-07
0
0
0
0
0
0
0
0
0
0
0
0
3.1737e-07
1.32563e-06
1.85731e-06
2.01241e-06
1.91487e-06
8.01723e-07
5.44612e-07
7.17982e-07
5.47254e-07
0
0
0
0
0
0
0
0
0
3.50123e-07
9.18756e-07
1.77405e-06
1.46246e-06
8.33347e-07
4.23889e-07
8.2588e-07
1.28607e-06
1.16296e-06
1.43112e-07
0
0
0
0
0
0
0
0
1.79139e-07
2.82982e-07
9.85058e-07
8.89182e-07
2.90717e-07
0
0
0
0
1.88965e-07
0
0
0
0
0
0
0
0
1.25009e-07
1.85644e-07
6.32363e-07
5.86892e-07
2.36339e-07
0
0
0
0
0
1.13364e-07
1.24853e-07
6.08959e-08
1.78657e-08
1.7964e-08
1.10662e-08
0
0
0
0
6.98778e-07
6.55282e-07
3.3686e-07
1.4758e-07
7.66236e-09
0
0
0
0
0
0
2.31357e-08
1.02408e-07
1.50572e-07
9.42672e-08
0
0
1.42371e-07
6.80234e-07
3.80478e-07
2.52871e-07
5.47888e-07
6.21247e-07
4.86037e-07
0
0
0
0
0
0
0
1.16703e-07
1.7895e-07
1.63031e-07
0
0
3.63041e-07
4.40104e-07
2.68551e-07
8.28991e-07
9.29392e-07
9.97561e-07
0
0
0
0
6.24159e-08
4.92979e-07
4.46841e-07
4.39636e-07
7.83026e-07
9.00836e-07
1.35023e-06
1.4432e-06
1.4206e-06
1.21711e-06
7.56193e-07
2.65495e-07
0
0
9.13954e-07
1.23136e-06
3.72686e-07
0
3.71339e-08
4.9349e-07
8.29307e-07
1.10577e-06
1.52657e-06
1.73935e-06
9.99186e-07
9.6827e-07
7.79529e-07
1.01243e-06
7.60386e-07
0
0
0
9.60415e-07
2.05206e-06
2.99967e-06
3.0992e-06
2.06664e-06
1.38355e-06
1.51855e-06
1.53164e-06
1.22915e-06
7.79087e-07
6.82913e-09
1.64039e-07
6.79393e-07
9.90618e-07
6.59506e-07
0
0
1.5347e-07
6.96259e-07
8.86938e-07
8.43252e-07
5.33155e-07
2.29568e-07
5.32855e-07
9.43214e-07
1.07659e-06
9.29072e-07
6.02003e-07
3.47566e-07
1.15142e-06
1.88526e-06
1.43406e-08
0
0
0
0
5.95865e-07
7.19934e-07
4.51433e-07
7.63964e-10
1.01194e-07
3.72844e-07
5.37634e-07
4.64018e-07
1.18266e-07
0
7.73513e-07
1.46263e-06
1.74653e-06
0
0
0
0
1.98068e-07
7.34953e-07
6.57321e-07
3.95589e-07
0
0
1.37298e-07
3.07956e-07
2.63615e-07
3.83743e-07
9.28593e-07
6.34514e-07
1.59655e-06
2.45168e-08
0
1.15286e-06
0
0
0
2.19442e-08
6.88991e-07
5.24949e-07
4.45626e-08
0
0
0
0
0
0
0
1.80135e-07
1.92257e-06
6.21641e-06
6.83137e-06
5.89112e-06
0
0
0
0
1.07356e-07
1.8689e-08
0
0
0
0
0
0
2.81829e-08
7.84788e-11
0
3.58962e-06
6.58223e-06
6.67654e-06
1.31855e-06
3.79038e-07
3.12313e-07
8.60645e-08
0
0
0
0
0
0
0
0
1.00879e-06
0
0
1.37043e-06
2.26204e-06
7.18653e-07
4.51351e-07
5.27196e-07
4.23293e-07
1.53396e-07
0
9.99554e-08
1.84246e-07
0
0
0
0
0
3.60259e-08
0
1.04137e-08
3.47833e-08
2.59398e-08
1.71261e-09
0
0
0
0
0
0
0
0
0
0
0
0
0
0
0
0
0
0
0
0
0
0
0
0
0
0
0
0
0
0
0
0
0
0
0
0
0
0
0
0
0
0
0
0
0
0
0
0
0
0
0
0
0
0
0
0
0
0
0
0
0
0
0
0
0
0
0
4.73482e-06
6.1112e-06
0
0
0
9.18564e-07
4.83239e-06
5.49498e-06
6.30474e-06
8.38275e-06
1.10086e-05
1.44058e-05
1.75686e-05
1.83783e-05
1.57568e-05
1.10164e-05
5.91997e-06
1.66038e-06
0
0
0
0
0
0
0
0
0
0
0
0
0
0
0
0
0
0
0
0
0
2.09675e-07
1.6253e-06
0
9.52394e-07
1.11902e-05
2.93109e-05
3.55765e-05
3.54378e-05
3.00324e-05
2.30994e-05
1.4404e-05
5.91468e-06
0
0
0
0
0
0
0
0
0
0
0
0
0
1.50716e-05
4.88872e-05
8.41139e-05
9.21077e-05
7.17564e-05
4.32194e-05
1.99183e-05
7.48583e-06
2.40319e-06
6.02511e-07
5.69246e-08
0
0
3.87711e-08
9.60615e-08
1.46027e-07
1.90132e-07
2.30061e-07
2.66117e-07
2.96965e-07
3.22192e-07
3.39452e-07
3.48846e-07
3.46178e-07
3.36676e-07
3.11176e-07
2.83666e-07
2.46458e-07
2.06785e-07
1.62599e-07
1.24679e-07
8.49151e-08
5.11876e-08
1.87169e-08
0
0
0
0
0
0
0
0
0
0
0
0
0
0
0
0
0
0
0
0
0
0
0
0
0
0
0
0
0
0
0
0
0
0
0
3.79059e-09
6.86909e-09
8.44831e-09
8.21159e-09
6.19341e-09
2.61534e-09
0
0
0
0
0
0
0
0
0
0
0
0
0
0
0
0
0
0
0
0
0
0
0
0
0
5.92894e-10
3.105e-10
0
0
0
0
0
0
0
0
0
0
2.15821e-11
1.10237e-09
2.319e-10
1.6241e-06
4.23438e-06
0
0
0
0
3.25557e-06
9.24117e-06
1.45066e-05
1.68022e-05
8.75856e-06
2.72369e-06
1.47804e-06
2.42064e-06
3.858e-06
4.67304e-06
4.53016e-06
3.62573e-06
2.38618e-06
1.19335e-06
2.65952e-07
0
0
0
0
0
0
0
0
0
0
0
0
0
0
0
0
0
0
0
0
0
0
0
0
3.54226e-06
2.6921e-05
4.20113e-05
4.67446e-05
4.39642e-05
3.09059e-05
1.02294e-05
0
0
0
0
0
0
0
0
0
0
0
0
1.55171e-05
4.55968e-05
5.1214e-05
3.82665e-05
2.51512e-05
1.65661e-05
1.0858e-05
7.06857e-06
4.57561e-06
2.86573e-06
1.69196e-06
9.69228e-07
5.92794e-07
4.19448e-07
3.47557e-07
3.21001e-07
3.17066e-07
3.25539e-07
3.4085e-07
3.56467e-07
3.70709e-07
3.78101e-07
3.76211e-07
3.66794e-07
3.47233e-07
3.26911e-07
2.95711e-07
2.6862e-07
2.35954e-07
2.05255e-07
1.7239e-07
1.38657e-07
1.03114e-07
6.56276e-08
2.57842e-08
0
0
0
0
0
0
0
0
0
0
0
0
0
0
0
0
0
0
0
0
0
0
0
0
0
0
0
0
0
0
0
0
0
0
0
0
0
0
0
0
0
0
0
0
0
0
0
0
0
0
0
0
0
0
0
0
0
0
0
0
0
0
0
0
0
0
4.92067e-09
6.17706e-09
4.179e-09
0
0
0
0
0
0
0
4.0858e-10
2.28717e-09
2.33359e-09
8.84891e-09
0
1.4852e-05
8.73087e-06
0
0
0
0
0
1.54902e-06
3.8834e-06
4.35957e-06
2.4791e-06
6.37906e-07
0
0
0
0
0
0
0
0
0
0
0
0
0
0
0
0
0
0
9.28913e-08
1.29016e-07
7.71483e-08
0
0
0
0
0
0
0
0
0
0
0
0
0
0
0
0
0
0
0
0
0
0
0
0
0
0
0
0
0
0
9.3119e-07
8.02818e-06
7.39952e-06
5.99447e-06
4.65958e-06
3.95271e-06
3.74e-06
3.59581e-06
3.42564e-06
3.31329e-06
3.31257e-06
3.38524e-06
3.45006e-06
3.41566e-06
3.19295e-06
2.84656e-06
2.47618e-06
2.18256e-06
1.99505e-06
1.89692e-06
1.83294e-06
1.75799e-06
1.65233e-06
1.53331e-06
1.41648e-06
1.27139e-06
1.12347e-06
9.7841e-07
8.47342e-07
7.23708e-07
6.05859e-07
4.9824e-07
3.96318e-07
2.93778e-07
1.91806e-07
8.44273e-08
0
0
0
0
0
0
0
0
0
0
0
0
0
0
0
0
0
0
0
0
0
0
0
0
0
0
0
0
0
0
0
0
0
0
0
0
0
0
0
0
0
0
0
2.13334e-08
3.29188e-08
3.00223e-08
2.03314e-08
1.16139e-08
8.08332e-09
2.11057e-09
0
0
0
0
1.06982e-08
1.99102e-08
1.06136e-09
0
0
0
0
0
0
0
0
0
1.23296e-08
1.88415e-08
1.75369e-08
9.54498e-09
0
0
0
0
0
0
4.22995e-09
1.1166e-08
5.27169e-09
2.40183e-08
0
5.02615e-06
4.66977e-06
0
0
0
0
6.23696e-07
5.00078e-07
8.49848e-07
2.13237e-06
2.07327e-06
5.82915e-07
0
0
0
0
0
0
0
0
0
0
0
0
0
0
0
3.11522e-08
2.63447e-07
4.74605e-07
6.63282e-07
7.95738e-07
8.54476e-07
8.68122e-07
8.55658e-07
7.83189e-07
6.68495e-07
4.36669e-07
0
0
1.8529e-07
3.38257e-07
7.51906e-07
1.58005e-06
1.79406e-06
0
0
0
0
0
0
0
0
0
0
0
2.75451e-06
5.68723e-06
5.54108e-06
2.2403e-06
0
0
0
8.11143e-07
2.79272e-06
2.68486e-06
2.05035e-06
1.57767e-06
1.46864e-06
1.76954e-06
2.36743e-06
3.23048e-06
4.25109e-06
4.92669e-06
4.50865e-06
3.29556e-06
2.16578e-06
1.41408e-06
9.80318e-07
7.54735e-07
6.60716e-07
6.45611e-07
6.74079e-07
7.12741e-07
7.4453e-07
7.58586e-07
7.47421e-07
7.11146e-07
6.68712e-07
6.34783e-07
6.27618e-07
6.64995e-07
7.37699e-07
8.53601e-07
1.00875e-06
1.18467e-06
1.36713e-06
1.60416e-06
1.31865e-06
0
0
0
0
0
0
0
0
0
0
0
0
0
0
0
0
0
0
0
0
0
0
0
0
0
0
0
0
0
0
0
0
0
0
0
0
0
0
0
0
0
0
0
0
0
0
0
0
0
0
0
0
0
0
0
5.69909e-09
0
0
0
0
0
0
0
0
0
0
7.68725e-09
3.34705e-08
3.5362e-08
1.51591e-08
0
0
0
0
0
6.29006e-09
8.85915e-09
2.97579e-08
0
4.6603e-08
0
0
0
0
0
0
0
2.93524e-07
4.58052e-08
0
0
0
0
0
0
0
0
0
0
0
0
0
0
0
0
0
0
7.7873e-08
3.2765e-07
5.7131e-07
8.02481e-07
1.01358e-06
1.18937e-06
1.31689e-06
1.4035e-06
1.46167e-06
1.48094e-06
1.44219e-06
1.31857e-06
1.13532e-06
1.16421e-06
1.2478e-06
1.04498e-06
1.22706e-06
2.20324e-06
3.2598e-06
3.78926e-06
3.6332e-06
2.38886e-06
0
0
0
0
0
0
0
9.82604e-06
1.76549e-05
1.57949e-05
9.12349e-06
3.32415e-06
0
0
0
0
4.85393e-07
1.00414e-06
1.22614e-06
1.39732e-06
1.68144e-06
2.08477e-06
2.41338e-06
2.40851e-06
1.93647e-06
1.24514e-06
6.93178e-07
3.78529e-07
2.31496e-07
1.78319e-07
1.75711e-07
2.01128e-07
2.41717e-07
2.84855e-07
3.08135e-07
3.05302e-07
2.70818e-07
2.2425e-07
1.92987e-07
1.94724e-07
2.37434e-07
3.17129e-07
4.20687e-07
5.35074e-07
6.46184e-07
7.51121e-07
8.20972e-07
7.89909e-07
5.76216e-07
0
0
0
0
0
0
0
0
0
0
0
0
0
0
0
0
0
0
0
0
0
0
0
0
0
0
0
0
0
0
0
0
0
0
0
0
0
0
0
0
0
0
0
0
0
0
0
0
0
0
0
0
0
0
0
0
0
0
0
0
0
0
0
0
0
0
0
0
0
0
0
0
0
0
0
0
0
0
0
2.3329e-08
0
8.64591e-08
0
0
0
0
0
0
0
0
0
0
0
0
0
0
0
0
0
0
0
0
0
0
0
0
0
0
0
0
1.7294e-07
4.18181e-07
6.51595e-07
8.6647e-07
1.06544e-06
1.23673e-06
1.39129e-06
1.54142e-06
1.68105e-06
1.77729e-06
1.81393e-06
1.81259e-06
1.83569e-06
1.81748e-06
1.6457e-06
1.68822e-06
2.30304e-06
3.0874e-06
3.74024e-06
4.27404e-06
4.38308e-06
3.91835e-06
2.75645e-06
7.44124e-07
0
0
0
0
1.5669e-05
1.84993e-05
7.71779e-06
2.27611e-06
0
0
0
0
0
0
0
4.58533e-08
4.415e-07
8.0621e-07
1.09517e-06
1.21958e-06
1.05233e-06
6.51321e-07
2.96477e-07
1.20245e-07
7.34229e-08
8.71745e-08
1.22257e-07
1.6043e-07
1.92952e-07
2.04452e-07
1.86649e-07
1.47493e-07
1.00752e-07
6.59979e-08
6.22499e-08
1.02194e-07
1.90624e-07
3.12043e-07
4.21253e-07
4.62051e-07
4.25823e-07
3.85101e-07
3.9223e-07
4.50505e-07
4.09776e-07
3.93292e-08
0
0
0
0
0
0
0
0
0
0
0
0
0
0
0
0
0
0
0
0
0
0
0
0
0
0
0
0
0
0
0
0
0
0
0
0
0
0
0
0
0
0
0
0
0
0
0
0
0
0
0
0
0
0
0
0
0
0
0
0
0
0
0
0
0
0
0
0
0
0
0
0
0
0
0
0
0
0
8.22197e-08
3.31931e-07
1.70747e-07
4.10652e-07
0
0
0
0
0
0
0
0
0
0
0
0
0
0
0
0
0
0
0
0
0
0
0
0
0
0
0
5.90205e-08
3.75788e-07
6.63195e-07
9.05869e-07
1.10972e-06
1.28032e-06
1.40253e-06
1.49413e-06
1.54635e-06
1.57513e-06
1.59677e-06
1.66274e-06
1.80886e-06
2.07109e-06
2.3535e-06
2.56221e-06
2.71571e-06
2.91695e-06
3.20281e-06
3.48435e-06
3.75292e-06
3.85659e-06
3.50696e-06
2.56067e-06
1.16972e-06
0
0
0
0
0
7.77826e-06
4.86958e-06
1.97296e-06
0
0
0
0
0
0
0
0
1.35494e-07
5.55315e-07
8.91401e-07
9.57456e-07
5.7508e-07
1.00018e-07
0
0
3.42185e-08
1.17061e-07
1.66638e-07
1.77379e-07
1.51788e-07
1.05556e-07
7.06626e-08
5.35786e-08
4.6937e-08
4.90227e-08
7.51598e-08
1.36713e-07
2.2398e-07
2.99603e-07
3.05166e-07
2.40384e-07
1.61026e-07
2.02283e-07
5.13602e-07
9.61504e-07
1.06801e-06
2.91076e-07
0
0
0
1.58399e-07
0
0
0
0
0
0
0
0
0
0
0
0
0
0
0
0
0
0
0
0
0
0
0
0
0
0
0
0
0
0
0
0
0
0
0
0
0
0
0
0
0
0
3.26252e-08
4.98379e-08
5.94475e-08
1.37927e-07
2.66413e-07
3.88527e-07
4.36007e-07
3.52888e-07
1.55077e-07
0
0
0
0
0
0
0
0
0
0
0
0
0
0
0
0
0
0
0
0
0
0
0
3.04046e-07
5.98103e-07
5.4008e-07
5.41684e-07
1.29147e-07
0
0
0
0
0
0
0
0
0
0
0
0
0
0
0
0
0
0
0
0
0
0
0
0
0
9.87935e-08
4.30515e-07
7.40626e-07
1.02445e-06
1.26589e-06
1.47367e-06
1.64302e-06
1.74598e-06
1.8285e-06
1.84629e-06
1.85358e-06
1.78616e-06
1.69296e-06
1.58652e-06
1.49581e-06
1.49975e-06
1.64604e-06
1.92951e-06
2.35083e-06
2.7657e-06
3.14425e-06
3.48186e-06
3.68055e-06
3.32757e-06
2.19724e-06
6.59454e-07
0
0
0
0
0
6.61862e-06
6.4174e-06
4.13844e-06
1.23327e-06
0
0
0
0
0
0
0
2.01264e-07
6.79625e-07
1.0311e-06
7.54585e-07
0
0
0
0
8.04185e-08
1.85758e-07
2.02436e-07
1.52039e-07
7.60516e-08
3.52281e-08
3.92972e-08
5.81433e-08
6.57937e-08
6.31612e-08
7.13642e-08
1.00122e-07
1.48101e-07
2.02232e-07
2.35858e-07
2.0469e-07
1.71714e-07
4.0136e-07
9.95989e-07
1.46075e-06
1.05327e-06
0
0
0
2.86332e-06
5.93082e-06
3.70423e-06
2.27199e-06
1.17341e-06
1.94772e-07
0
0
0
0
0
0
0
0
0
0
0
0
0
0
0
0
0
0
0
0
0
0
0
0
0
0
0
0
0
0
0
0
0
0
0
0
1.09617e-07
2.38325e-07
3.36185e-07
3.99832e-07
4.47482e-07
5.37304e-07
6.91725e-07
8.99841e-07
1.08099e-06
1.17608e-06
1.15442e-06
8.35803e-07
1.67105e-07
0
0
0
0
0
0
0
0
0
0
0
0
0
0
0
0
0
0
0
0
0
1.40731e-07
5.74292e-07
5.79336e-07
4.80592e-07
1.54554e-07
0
0
0
0
0
0
0
0
0
0
0
0
0
0
0
0
0
0
0
0
0
0
7.50034e-08
1.29601e-07
0
0
0
0
1.51467e-07
6.22116e-07
1.05266e-06
1.34047e-06
1.44181e-06
1.41457e-06
1.39109e-06
1.52661e-06
1.77671e-06
1.88478e-06
1.75111e-06
1.52195e-06
1.26571e-06
1.08136e-06
9.53059e-07
9.44738e-07
1.04855e-06
1.22784e-06
1.47951e-06
1.92193e-06
2.0791e-06
1.34891e-06
4.68021e-07
2.40228e-07
8.57864e-07
1.84535e-06
2.8879e-06
4.33813e-06
4.5151e-06
3.23555e-06
2.89444e-06
2.68974e-06
1.73358e-06
6.70023e-08
0
0
0
0
0
5.15036e-07
1.17311e-06
1.42148e-06
0
0
0
0
0
1.80705e-07
2.6659e-07
2.24802e-07
1.18108e-07
2.83838e-08
5.8456e-09
3.58455e-08
6.91065e-08
7.11407e-08
4.4605e-08
8.64471e-09
0
7.44294e-08
2.5375e-07
4.17596e-07
3.79628e-07
1.90867e-07
3.39317e-07
9.15868e-07
1.25644e-06
7.76841e-07
0
0
0
1.15067e-06
1.69903e-06
8.04052e-07
7.17524e-08
0
0
0
0
0
0
0
0
0
0
0
0
0
0
0
0
0
0
0
0
0
0
0
0
0
0
0
0
0
0
0
0
0
0
0
3.34342e-08
2.17591e-07
4.57592e-07
7.00852e-07
9.26811e-07
1.13693e-06
1.25717e-06
1.28105e-06
1.31371e-06
1.44271e-06
1.64503e-06
1.83408e-06
1.96273e-06
2.00357e-06
1.95742e-06
1.69938e-06
6.0099e-07
8.33723e-08
0
0
0
0
0
1.28277e-10
1.44718e-07
2.46537e-07
0
0
0
0
0
6.38101e-07
1.54682e-06
2.3473e-06
2.48738e-06
6.6811e-07
0
0
3.23101e-07
4.60174e-07
3.30943e-07
3.70051e-08
0
0
0
0
0
0
0
0
0
0
0
0
0
0
0
0
0
0
0
6.56456e-07
1.72711e-06
2.55641e-06
2.72179e-06
1.96929e-06
4.69337e-07
0
0
0
0
3.66188e-07
1.43177e-06
2.18337e-06
2.45258e-06
2.19782e-06
1.3709e-06
1.13432e-07
0
0
1.04428e-06
1.64327e-06
1.54436e-06
1.20123e-06
9.05621e-07
6.93312e-07
5.64223e-07
4.88728e-07
4.61347e-07
3.99416e-07
5.16764e-07
1.11538e-06
2.08257e-06
3.49523e-06
4.84721e-06
5.58948e-06
5.21215e-06
3.27378e-06
8.0134e-07
2.06736e-07
4.87445e-06
5.97504e-06
4.41934e-06
2.60913e-06
2.99521e-08
0
0
0
2.87814e-07
1.22188e-06
2.21768e-06
0
0
0
0
0
4.54815e-09
3.13659e-07
3.30082e-07
2.13333e-07
7.98121e-08
0
0
1.98851e-08
6.02155e-08
6.00207e-08
9.68592e-09
0
0
8.43142e-08
4.43452e-07
7.01414e-07
4.09846e-07
0
0
6.70752e-07
1.24353e-06
1.25557e-06
7.95789e-07
0
0
0
0
0
0
0
0
0
0
0
0
0
0
0
0
0
0
0
3.79642e-07
6.95564e-08
0
0
0
0
0
0
0
0
0
0
0
0
0
0
0
0
0
0
0
1.48636e-08
5.37993e-07
9.63849e-07
1.0675e-06
1.22589e-06
1.382e-06
1.60125e-06
1.8401e-06
1.90787e-06
1.91061e-06
1.97713e-06
2.19389e-06
2.42472e-06
2.56947e-06
2.65048e-06
2.6605e-06
2.5748e-06
2.31139e-06
2.11909e-06
1.27809e-06
6.4213e-07
3.68133e-07
2.77194e-07
2.72558e-07
3.47535e-07
4.86458e-07
6.27853e-07
5.96906e-07
5.01215e-08
0
0
1.76044e-06
2.31999e-06
2.53044e-06
2.67837e-06
2.52019e-06
2.03887e-06
1.65245e-06
0
0
1.74075e-07
1.26551e-07
0
0
0
0
0
0
0
0
0
0
0
0
0
0
0
0
0
0
7.72902e-07
2.6012e-06
5.04967e-06
7.90475e-06
1.04705e-05
1.14698e-05
9.0605e-06
3.05906e-06
0
0
0
0
0
3.84771e-08
2.18783e-06
3.57162e-06
4.13469e-06
3.88527e-06
2.69935e-06
3.22806e-07
0
0
0
1.0185e-06
1.45178e-06
1.18524e-06
8.04036e-07
5.40353e-07
4.00449e-07
3.18151e-07
2.56273e-07
2.8478e-08
2.15678e-07
1.58622e-06
3.17132e-06
3.25429e-06
1.76845e-06
0
0
0
0
8.24679e-06
8.77938e-06
5.64945e-06
3.0073e-06
0
0
0
0
8.09778e-07
1.49021e-06
0
0
0
0
0
0
1.96364e-07
4.28001e-07
2.98434e-07
1.15927e-07
1.04709e-08
0
0
5.88823e-09
3.88338e-08
3.62018e-08
0
0
0
1.47844e-07
6.26968e-07
7.87192e-07
1.8696e-07
0
0
5.01437e-07
1.20268e-06
1.30125e-06
7.44451e-07
0
0
0
0
0
0
0
0
0
0
0
0
0
0
0
0
0
0
7.84658e-07
1.16407e-06
7.25083e-07
0
0
0
0
0
0
0
0
0
0
0
0
0
0
4.36228e-07
6.17316e-07
5.59995e-07
5.32608e-07
5.34839e-07
5.11483e-07
5.69669e-07
6.13091e-07
5.54211e-07
5.23032e-07
5.21938e-07
5.75744e-07
7.32995e-07
9.39609e-07
1.06773e-06
1.2158e-06
1.44636e-06
1.79162e-06
2.09171e-06
2.33807e-06
2.49832e-06
2.41695e-06
2.0671e-06
1.57202e-06
1.4922e-06
1.82662e-06
1.53279e-06
1.08693e-06
8.54076e-07
8.34648e-07
9.02138e-07
9.62467e-07
9.79824e-07
8.74316e-07
6.53386e-07
5.26926e-07
8.94726e-07
1.38271e-06
1.61499e-06
1.61359e-06
1.34585e-06
1.07876e-06
1.79132e-06
1.23321e-06
9.35777e-08
0
0
0
0
0
0
0
0
0
0
0
0
0
0
0
0
0
0
1.41266e-07
1.56693e-06
3.81858e-06
7.25074e-06
1.2095e-05
1.86879e-05
2.70798e-05
3.6112e-05
3.75899e-05
1.00011e-05
0
0
0
0
0
0
0
0
2.25161e-06
3.7398e-06
4.10209e-06
3.11108e-06
5.7018e-07
0
0
0
5.60063e-07
1.23263e-06
9.76292e-07
6.02853e-07
3.61347e-07
2.4291e-07
1.69724e-07
3.86389e-08
0
0
1.4984e-07
0
0
0
0
0
2.05095e-07
7.18918e-06
8.86151e-06
7.11155e-06
5.01584e-06
1.32562e-06
0
0
0
0
0
0
0
0
0
0
0
3.56654e-07
4.40743e-07
1.93548e-07
1.55249e-08
0
0
0
1.34511e-08
3.03486e-08
1.25633e-08
0
0
0
1.63781e-07
6.27517e-07
6.00212e-07
0
0
0
2.05859e-07
8.27973e-07
7.54548e-07
1.63024e-07
0
0
0
4.12708e-07
7.17174e-07
9.51789e-07
1.08206e-06
4.3838e-07
0
0
0
0
0
0
0
0
0
6.79029e-07
1.74326e-06
1.89224e-06
1.25823e-06
3.41633e-07
0
0
0
0
0
0
0
0
0
0
0
0
0
4.61846e-07
1.49812e-06
1.50602e-06
1.27354e-06
1.08148e-06
9.16904e-07
7.54671e-07
6.36162e-07
5.2875e-07
4.48346e-07
4.09177e-07
3.84754e-07
3.64644e-07
4.08304e-07
4.6696e-07
4.90492e-07
5.64241e-07
7.47106e-07
1.03275e-06
1.27712e-06
1.54304e-06
1.74867e-06
1.68086e-06
1.44573e-06
1.04925e-06
9.29875e-07
1.32518e-06
1.59349e-06
1.47636e-06
1.39364e-06
1.38961e-06
1.31654e-06
1.26598e-06
1.35997e-06
1.6599e-06
1.71977e-06
1.22633e-06
1.24466e-06
1.3187e-06
1.17412e-06
8.07863e-07
4.39277e-07
5.89252e-08
0
0
0
0
0
0
0
0
0
0
0
0
0
0
0
0
0
0
0
7.4317e-08
1.06913e-06
2.68877e-06
5.23327e-06
8.97274e-06
1.41988e-05
2.12751e-05
3.02817e-05
3.84965e-05
2.70884e-05
0
0
0
0
0
0
0
0
0
0
1.04842e-07
2.02002e-06
2.83563e-06
2.26799e-06
6.02693e-08
0
0
0
6.72201e-07
9.72087e-07
6.61657e-07
3.67163e-07
1.78684e-07
6.68124e-08
0
0
0
0
0
0
0
1.6698e-06
2.84765e-06
3.09912e-06
4.44644e-06
5.73136e-06
6.37105e-06
6.48376e-06
3.83208e-06
1.35543e-06
2.52939e-07
0
0
0
0
0
0
0
0
0
3.19102e-07
3.48639e-07
1.30126e-07
0
0
0
1.06522e-08
5.32881e-08
6.05255e-08
1.57025e-08
0
0
0
1.0074e-07
4.7553e-07
3.00862e-07
0
0
0
0
4.23876e-07
2.23197e-07
0
0
0
0
0
0
0
0
1.92757e-07
0
0
0
0
0
0
0
0
0
1.06157e-06
2.14164e-06
2.36908e-06
1.72634e-06
7.4298e-07
2.80229e-09
0
0
0
0
0
0
0
0
0
0
0
0
0
1.81845e-06
2.69778e-06
2.37352e-06
1.89732e-06
1.47164e-06
1.10582e-06
8.27807e-07
6.14845e-07
4.77929e-07
4.21099e-07
4.00815e-07
3.86067e-07
3.69642e-07
3.86279e-07
3.7006e-07
3.329e-07
3.4995e-07
4.65264e-07
6.10922e-07
7.4515e-07
1.02443e-06
1.26901e-06
1.26737e-06
1.07568e-06
7.29108e-07
6.72527e-07
1.024e-06
1.38553e-06
1.5805e-06
1.7409e-06
1.6754e-06
1.56758e-06
1.73495e-06
2.06136e-06
2.24617e-06
2.16844e-06
1.77799e-06
1.43425e-06
9.92e-07
4.77616e-07
0
0
0
0
0
0
0
0
0
0
0
0
0
0
0
0
0
0
0
0
0
6.05341e-08
6.82874e-07
1.70376e-06
3.25039e-06
5.37379e-06
7.93101e-06
1.01355e-05
9.76579e-06
3.01735e-06
0
0
0
0
0
0
0
0
0
0
0
0
0
1.24047e-06
1.73131e-06
1.14188e-06
0
0
0
1.47994e-07
8.53727e-07
6.23424e-07
3.31895e-07
1.47924e-07
2.88619e-08
0
0
0
0
0
0
0
2.13924e-06
3.13228e-06
2.85667e-06
3.14469e-06
4.07187e-06
4.68635e-06
3.86493e-06
2.2216e-06
1.15098e-06
5.05047e-07
0
0
0
0
0
0
0
0
0
0
1.96617e-07
1.35465e-07
3.9298e-08
3.16886e-09
1.73862e-08
6.37363e-08
1.14194e-07
1.20765e-07
5.13459e-08
0
0
0
1.52873e-08
4.27901e-07
2.29627e-07
0
0
0
0
5.52565e-07
4.69477e-07
0
0
0
0
0
0
0
0
0
0
0
0
4.62482e-07
3.48815e-07
0
0
0
1.7008e-07
1.02346e-06
1.90383e-06
2.26832e-06
1.84495e-06
1.03646e-06
4.67247e-07
2.2633e-07
1.11273e-07
0
0
0
0
0
0
0
0
0
0
0
3.4605e-07
3.33603e-06
3.67139e-06
2.94468e-06
2.20898e-06
1.59546e-06
1.13334e-06
7.96036e-07
5.67654e-07
4.45597e-07
4.01385e-07
4.00186e-07
4.11788e-07
4.40403e-07
4.52751e-07
4.06988e-07
3.36829e-07
3.34018e-07
4.07399e-07
4.57962e-07
5.961e-07
9.06196e-07
1.0482e-06
9.98978e-07
7.87382e-07
5.35608e-07
5.81312e-07
8.96252e-07
1.24325e-06
1.60948e-06
1.82613e-06
1.8554e-06
2.01693e-06
2.20473e-06
2.34474e-06
2.5512e-06
2.37846e-06
1.28074e-06
2.79357e-07
1.9866e-07
0
0
0
0
0
0
0
0
0
0
0
0
0
0
0
0
0
0
0
0
0
0
0
0
0
0
0
0
0
0
0
0
0
0
0
0
0
0
0
0
0
0
0
5.92052e-07
1.20794e-06
1.03039e-06
0
0
0
4.8251e-07
8.80632e-07
4.98122e-07
1.9409e-07
6.21971e-08
0
0
0
0
0
0
0
0
0
1.95087e-06
2.2525e-06
2.51302e-06
2.94944e-06
2.92239e-06
2.18253e-06
1.4146e-06
9.27792e-07
5.53395e-07
1.08995e-07
0
0
0
0
0
0
0
0
0
0
1.03029e-07
1.11664e-07
7.91951e-08
8.16158e-08
1.22292e-07
1.75441e-07
1.89997e-07
1.19459e-07
0
0
0
0
5.06602e-07
4.64688e-07
0
0
0
0
1.17685e-06
1.65988e-06
1.27867e-06
1.52871e-07
0
0
0
0
0
0
0
0
0
3.00749e-07
8.91145e-07
6.24344e-07
1.47957e-07
0
9.66629e-09
3.18452e-07
8.02756e-07
1.43803e-06
1.87924e-06
1.71312e-06
1.20846e-06
9.62223e-07
8.80263e-07
8.25682e-07
5.88734e-07
0
0
0
0
0
0
0
0
0
0
0
2.43246e-06
4.54422e-06
4.08253e-06
3.06368e-06
2.19113e-06
1.52773e-06
1.04573e-06
7.10302e-07
5.1249e-07
4.25225e-07
4.05114e-07
4.18196e-07
4.47901e-07
4.96858e-07
5.14378e-07
4.85004e-07
4.34458e-07
4.50024e-07
4.8738e-07
4.86098e-07
6.53876e-07
8.34754e-07
8.49516e-07
7.67231e-07
5.71342e-07
4.52647e-07
5.68578e-07
8.32168e-07
1.17967e-06
1.48824e-06
1.78641e-06
2.06896e-06
2.18114e-06
2.20855e-06
2.08193e-06
9.67386e-07
0
0
6.16103e-08
0
0
0
0
0
0
0
0
0
5.46937e-08
1.188e-06
1.11306e-06
9.78827e-07
9.15471e-07
8.40552e-07
7.43936e-07
5.84849e-07
4.0777e-07
2.2034e-07
3.51933e-09
0
0
0
0
0
0
0
0
0
0
0
0
0
0
0
0
0
0
0
0
0
0
0
4.22317e-07
8.77807e-07
7.0226e-07
0
0
0
1.12086e-06
8.72821e-07
3.30554e-07
5.30805e-08
0
0
0
0
0
0
0
0
0
0
1.98423e-07
1.49879e-06
1.70482e-06
1.75551e-06
1.66384e-06
1.36648e-06
1.0267e-06
7.65884e-07
5.68685e-07
3.12008e-07
0
0
0
0
0
0
0
0
0
0
0
1.26334e-07
1.44311e-07
1.4219e-07
1.68922e-07
2.14961e-07
2.36092e-07
1.77302e-07
0
0
0
0
4.09665e-07
6.83863e-07
0
0
0
0
1.59879e-06
3.05088e-06
3.25764e-06
2.58739e-06
1.31177e-06
1.12053e-07
0
0
0
0
0
0
1.85284e-07
9.52812e-07
1.12986e-06
7.19289e-07
3.05366e-07
1.76477e-07
2.26765e-07
2.82422e-07
5.217e-07
9.72772e-07
1.42703e-06
1.58168e-06
1.56965e-06
1.5573e-06
1.47369e-06
1.38055e-06
1.25373e-06
8.10797e-07
0
0
0
0
0
0
0
0
0
0
0
4.37741e-06
5.20916e-06
4.10455e-06
2.96231e-06
2.06765e-06
1.41253e-06
9.42454e-07
6.43405e-07
4.94178e-07
4.36199e-07
4.28662e-07
4.41423e-07
4.69927e-07
5.06717e-07
5.40845e-07
5.64398e-07
5.96906e-07
6.62645e-07
6.21159e-07
5.7273e-07
6.68127e-07
7.07461e-07
6.85788e-07
6.01201e-07
4.77375e-07
4.44385e-07
5.66011e-07
8.01614e-07
9.86523e-07
1.11673e-06
1.61885e-06
1.97529e-06
1.9547e-06
1.25651e-06
0
0
0
0
0
0
0
0
0
0
0
2.41666e-08
1.29043e-07
4.93694e-07
1.60656e-06
1.74292e-06
1.63819e-06
1.5962e-06
1.5272e-06
1.40885e-06
1.24076e-06
1.0461e-06
8.64507e-07
6.68708e-07
3.99669e-07
0
0
0
0
0
0
0
0
0
0
0
0
0
0
2.60098e-06
5.66416e-06
5.64419e-06
4.47371e-06
3.20956e-06
1.98556e-06
7.11166e-07
9.95001e-08
2.98522e-07
5.39383e-07
3.87254e-07
3.22254e-08
0
9.71451e-07
1.24062e-06
4.35487e-07
3.03817e-08
0
0
0
0
0
0
0
0
0
0
0
0
0
3.9752e-07
5.97085e-07
7.09607e-07
6.98282e-07
6.44735e-07
5.59358e-07
4.43618e-07
2.97994e-07
9.41149e-08
0
0
0
0
0
0
0
0
0
0
5.39708e-08
1.41118e-07
1.51555e-07
1.6417e-07
1.93147e-07
2.11689e-07
1.73361e-07
1.34041e-08
0
0
0
1.42362e-07
6.57207e-07
3.44537e-07
0
0
0
9.99835e-07
3.636e-06
4.73303e-06
4.7241e-06
5.06895e-06
8.10347e-06
1.69645e-05
8.18382e-08
0
0
0
0
7.49091e-07
1.16182e-06
1.08441e-06
7.19015e-07
4.52074e-07
3.33802e-07
1.87475e-07
1.33254e-07
2.8813e-07
6.22096e-07
1.06683e-06
1.51574e-06
1.90301e-06
1.96186e-06
1.85039e-06
1.76119e-06
1.71692e-06
1.53811e-06
6.9916e-07
0
0
0
0
0
0
0
0
0
0
2.40011e-06
5.6321e-06
5.09577e-06
3.77285e-06
2.67135e-06
1.85362e-06
1.25901e-06
8.48087e-07
6.08449e-07
4.90985e-07
4.42185e-07
4.32057e-07
4.40758e-07
4.59388e-07
4.99925e-07
5.6812e-07
6.44316e-07
7.42569e-07
7.86486e-07
6.46671e-07
5.7533e-07
5.91092e-07
5.97766e-07
5.90361e-07
5.32794e-07
4.37661e-07
4.36364e-07
5.53337e-07
6.16998e-07
4.31237e-07
5.63802e-07
1.45694e-06
1.67324e-06
3.77666e-07
0
0
0
0
0
0
1.49828e-07
1.99429e-07
1.43857e-07
0
0
8.012e-07
1.31391e-06
1.87301e-06
2.15569e-06
2.12406e-06
1.98605e-06
1.92858e-06
1.91006e-06
1.83658e-06
1.69433e-06
1.52729e-06
1.41336e-06
1.32111e-06
1.21002e-06
9.99298e-07
5.29039e-07
0
0
0
0
0
0
0
0
0
0
0
1.28134e-05
1.83583e-05
1.43888e-05
9.9918e-06
6.50599e-06
3.98596e-06
2.08989e-06
6.82506e-07
1.10096e-07
1.66358e-07
2.42284e-07
1.68893e-07
4.2767e-07
1.30428e-06
2.16987e-06
9.5226e-07
1.29704e-07
0
0
0
0
0
0
0
0
0
0
0
0
0
0
0
0
0
0
1.12904e-07
2.76477e-07
3.06837e-07
1.89132e-07
0
0
0
0
0
0
0
0
0
0
0
0
7.9266e-08
1.03429e-07
1.0615e-07
1.16984e-07
1.2738e-07
1.07462e-07
1.45165e-08
0
0
0
0
3.96127e-07
7.31292e-07
3.62064e-07
0
0
8.55605e-07
2.9921e-06
5.0047e-06
6.39056e-06
8.46186e-06
1.43172e-05
3.26616e-05
3.62708e-06
0
0
0
0
6.4592e-07
1.01286e-06
9.27424e-07
7.46629e-07
5.53734e-07
2.46961e-07
1.66854e-08
0
1.14614e-07
4.05279e-07
9.68849e-07
1.8053e-06
2.23567e-06
2.2216e-06
2.11143e-06
2.02742e-06
2.02093e-06
1.874e-06
9.43148e-07
0
0
0
0
0
0
0
0
0
0
0
5.10477e-06
5.86164e-06
4.55892e-06
3.29709e-06
2.34398e-06
1.65342e-06
1.14887e-06
8.0781e-07
6.03652e-07
4.87919e-07
4.33636e-07
4.25481e-07
4.42823e-07
4.78949e-07
5.54505e-07
6.46037e-07
7.31565e-07
8.0821e-07
7.43855e-07
5.70842e-07
5.27021e-07
5.39451e-07
5.72538e-07
5.7702e-07
4.91585e-07
4.17955e-07
4.27105e-07
4.08977e-07
1.10764e-07
0
2.47569e-07
1.19909e-06
0
0
0
0
0
0
0
1.88893e-07
2.6314e-07
1.78708e-07
0
0
4.64699e-06
3.01673e-06
1.92447e-06
1.55495e-06
1.75989e-06
1.94031e-06
1.9119e-06
1.88884e-06
1.83857e-06
1.7387e-06
1.60502e-06
1.48164e-06
1.41824e-06
1.38758e-06
1.32088e-06
1.14045e-06
7.46201e-07
0
0
0
0
0
0
0
0
0
0
3.254e-05
2.39664e-05
1.47967e-05
9.00311e-06
5.30767e-06
2.9126e-06
1.23062e-06
2.84464e-07
5.80193e-08
1.65172e-07
2.32715e-07
5.53323e-07
2.10544e-06
3.79704e-06
2.23038e-06
5.97801e-07
5.61666e-08
0
0
0
0
0
0
0
0
0
0
0
0
0
0
0
0
0
0
0
0
2.29758e-08
1.86997e-07
1.08283e-07
0
0
0
0
0
0
0
0
0
0
0
1.80953e-10
2.2479e-08
1.06349e-08
0
0
0
0
0
0
0
0
1.31804e-07
4.86375e-07
8.6385e-07
1.03973e-06
1.41789e-06
2.34219e-06
3.82908e-06
5.80744e-06
8.05161e-06
1.12885e-05
1.67881e-05
2.63933e-05
0
0
0
0
0
2.43237e-07
7.3489e-07
8.39364e-07
7.87824e-07
3.98521e-07
3.33059e-08
0
0
0
3.05599e-07
1.17895e-06
2.18781e-06
2.47549e-06
2.46893e-06
2.39802e-06
2.32359e-06
2.32625e-06
1.9858e-06
6.20694e-07
0
0
0
0
0
0
9.36415e-08
0
0
0
0
3.4773e-06
6.12014e-06
5.18429e-06
3.86397e-06
2.81167e-06
2.04528e-06
1.48283e-06
1.07339e-06
7.82014e-07
5.87664e-07
4.70902e-07
4.20074e-07
4.2394e-07
4.59541e-07
5.26695e-07
6.26054e-07
7.10772e-07
7.74413e-07
7.51652e-07
5.91734e-07
5.00543e-07
5.07094e-07
5.59186e-07
6.01786e-07
5.54108e-07
4.65023e-07
3.971e-07
3.19336e-07
3.28043e-08
0
0
0
0
0
0
0
0
6.12003e-08
0
0
3.2604e-08
0
0
0
8.19162e-06
9.18539e-07
4.13293e-07
3.47822e-07
4.56373e-07
1.21583e-06
1.6729e-06
1.6445e-06
1.54696e-06
1.45862e-06
1.36985e-06
1.27756e-06
1.19376e-06
1.14602e-06
1.09536e-06
1.01247e-06
8.37551e-07
5.13351e-07
0
0
0
0
0
0
0
0
1.5486e-06
9.34878e-06
1.02219e-05
7.4686e-06
4.64972e-06
2.67977e-06
1.28383e-06
4.52609e-07
1.30733e-07
2.18598e-07
3.49866e-07
5.82609e-07
2.0322e-06
5.71279e-06
4.85102e-06
1.67606e-06
4.03583e-07
7.547e-08
3.15144e-09
0
4.51613e-09
1.15671e-08
1.38027e-08
1.11745e-08
5.69068e-09
1.17565e-09
0
0
0
0
0
0
0
0
0
0
0
0
0
0
1.79102e-07
3.03546e-07
2.14146e-08
0
0
0
0
0
0
0
0
0
0
0
0
0
0
0
0
0
0
0
0
0
1.61094e-07
4.92963e-07
1.04323e-06
2.03378e-06
3.48348e-06
5.49086e-06
8.05487e-06
1.11778e-05
1.45355e-05
1.71119e-05
1.42941e-05
0
0
0
0
0
8.72337e-08
5.92784e-07
8.72035e-07
5.72311e-07
1.52695e-07
0
0
0
0
4.69225e-07
1.67386e-06
2.43121e-06
2.61648e-06
2.70457e-06
2.68222e-06
2.65241e-06
2.67942e-06
1.96373e-06
6.92312e-08
0
0
0
0
0
0
9.43209e-07
1.25491e-06
3.03293e-07
0
0
1.74299e-06
5.82675e-06
5.6179e-06
4.34164e-06
3.24458e-06
2.42917e-06
1.81013e-06
1.34615e-06
1.00787e-06
7.43929e-07
5.57972e-07
4.60756e-07
4.33069e-07
4.46293e-07
4.86085e-07
5.62311e-07
6.63013e-07
7.26752e-07
7.13838e-07
5.91839e-07
4.93088e-07
4.94397e-07
5.55227e-07
6.13106e-07
5.94509e-07
5.32042e-07
4.37593e-07
3.21532e-07
7.52435e-08
0
0
0
0
0
2.09609e-07
3.74405e-07
4.77853e-07
4.74825e-07
0
0
0
0
0
0
1.20282e-05
2.45672e-06
1.41908e-06
6.24631e-07
3.85225e-07
5.63312e-07
1.07342e-06
1.10255e-06
1.00064e-06
9.349e-07
8.97817e-07
8.62059e-07
8.15091e-07
7.60233e-07
7.06435e-07
6.42186e-07
5.43781e-07
3.9382e-07
1.64669e-07
0
0
0
0
0
0
0
5.5123e-07
2.18383e-06
2.77981e-06
2.37688e-06
1.6577e-06
1.01696e-06
5.70028e-07
2.84978e-07
3.36889e-07
5.37397e-07
7.57807e-07
1.86253e-06
6.35882e-06
8.46161e-06
3.89521e-06
1.05261e-06
3.19776e-07
1.124e-07
4.9783e-08
3.32008e-08
3.06779e-08
3.09481e-08
3.07879e-08
2.92362e-08
2.51527e-08
2.07214e-08
1.97271e-08
1.7231e-08
9.48043e-09
0
0
0
0
0
0
0
0
0
0
0
0
7.81364e-08
5.20038e-07
3.54342e-07
0
0
0
0
0
0
0
0
0
0
0
0
0
0
0
0
0
0
0
0
0
1.00193e-07
4.65915e-07
1.20646e-06
2.76817e-06
5.14728e-06
8.19635e-06
1.13881e-05
1.28959e-05
1.08739e-05
4.61644e-06
0
0
0
0
0
2.7495e-07
6.69727e-07
7.94884e-07
3.91944e-07
1.49062e-08
0
0
0
0
9.08018e-07
2.06113e-06
2.56034e-06
2.76761e-06
2.94175e-06
2.98255e-06
3.02155e-06
3.08266e-06
1.8889e-06
0
0
0
0
0
0
0
1.288e-06
2.39499e-06
2.56275e-06
1.75219e-06
4.03085e-07
1.54366e-06
5.2903e-06
5.91169e-06
4.72373e-06
3.60211e-06
2.75962e-06
2.10304e-06
1.58099e-06
1.18511e-06
8.9317e-07
6.81913e-07
5.46645e-07
4.94349e-07
4.85789e-07
4.84887e-07
5.01218e-07
5.69791e-07
6.4721e-07
6.51018e-07
5.67193e-07
4.87397e-07
4.91785e-07
5.57611e-07
6.16212e-07
6.08483e-07
5.84594e-07
5.13866e-07
3.90945e-07
1.72523e-07
0
0
0
0
0
3.37185e-07
5.73869e-07
5.97782e-07
5.48324e-07
1.33793e-07
0
0
0
0
5.40999e-07
1.72643e-05
7.36458e-06
3.18135e-06
1.18559e-06
7.39739e-07
8.7241e-07
6.51403e-07
4.18479e-07
4.16966e-07
4.22866e-07
4.33075e-07
4.35525e-07
4.18418e-07
3.81376e-07
3.33046e-07
2.75182e-07
2.09749e-07
1.23318e-07
1.61584e-08
0
0
0
0
0
0
0
1.23107e-07
5.04234e-07
7.34929e-07
7.52988e-07
6.77787e-07
6.05865e-07
4.74818e-07
4.79364e-07
7.29331e-07
1.03878e-06
1.97416e-06
6.19271e-06
1.00245e-05
7.37501e-06
2.24939e-06
6.89197e-07
2.64933e-07
1.25383e-07
7.46044e-08
5.68039e-08
5.05923e-08
4.83236e-08
4.68251e-08
4.51402e-08
4.23826e-08
3.63851e-08
3.2738e-08
3.18567e-08
2.69536e-08
1.56084e-08
0
0
0
0
0
0
0
0
0
0
0
0
0
4.17085e-07
5.08167e-07
0
0
0
0
0
0
0
0
0
0
0
0
0
0
0
0
0
0
0
0
0
4.43023e-08
5.22457e-07
1.49575e-06
3.00755e-06
5.20126e-06
7.17671e-06
6.85117e-06
4.0901e-06
9.37807e-07
0
0
0
0
7.17939e-07
4.22715e-07
1.42526e-06
1.00067e-06
3.97909e-07
0
0
0
0
2.14346e-07
1.33215e-06
2.21922e-06
2.62823e-06
2.90565e-06
3.18067e-06
3.29693e-06
3.41355e-06
3.53163e-06
1.98374e-06
0
0
0
0
0
0
0
1.58607e-06
3.13222e-06
4.055e-06
4.15296e-06
3.37481e-06
2.93161e-06
5.01309e-06
6.06031e-06
5.05858e-06
3.97373e-06
3.13841e-06
2.45852e-06
1.88595e-06
1.42724e-06
1.07831e-06
8.30224e-07
6.77836e-07
6.064e-07
5.79197e-07
5.49366e-07
5.06005e-07
4.98433e-07
5.44943e-07
5.65988e-07
5.18852e-07
4.69281e-07
4.86232e-07
5.57911e-07
6.1099e-07
6.02842e-07
6.11956e-07
5.92354e-07
4.97661e-07
2.94092e-07
5.94623e-08
0
0
0
0
1.92306e-07
4.82705e-07
5.22153e-07
4.73167e-07
1.26198e-07
0
0
0
8.52006e-07
6.88829e-07
6.71731e-06
1.07805e-05
2.52149e-06
4.80324e-07
4.565e-07
6.38391e-07
2.92703e-07
0
0
0
0
0
1.34458e-08
1.49558e-09
0
0
0
0
0
0
0
0
0
0
0
0
6.90821e-08
2.40837e-07
3.98573e-07
5.24816e-07
6.33516e-07
6.7007e-07
6.56957e-07
8.63144e-07
1.31216e-06
2.35363e-06
6.1456e-06
9.70961e-06
9.16252e-06
4.24029e-06
1.22044e-06
4.81123e-07
2.35006e-07
1.36863e-07
9.61602e-08
8.09519e-08
7.58595e-08
7.52044e-08
7.28585e-08
6.85317e-08
6.33213e-08
5.43168e-08
4.39451e-08
3.97695e-08
3.57459e-08
2.66012e-08
1.16227e-08
0
0
0
0
0
0
0
0
0
0
0
0
0
0
3.22773e-07
0
0
0
0
0
0
0
0
0
0
0
0
0
0
0
0
0
0
0
0
0
1.62431e-07
8.26824e-07
1.79268e-06
2.97684e-06
3.74425e-06
3.03726e-06
1.42605e-06
9.22358e-08
0
0
2.90949e-07
1.15364e-06
8.61143e-07
2.79362e-06
2.72538e-06
1.36853e-06
4.47649e-07
0
0
0
0
5.10049e-07
1.53139e-06
2.2469e-06
2.66532e-06
3.05041e-06
3.44621e-06
3.63298e-06
3.80652e-06
4.04683e-06
3.00942e-06
0
0
0
0
0
0
0
1.85245e-06
3.98577e-06
5.34611e-06
5.83783e-06
5.61945e-06
4.90019e-06
5.35465e-06
6.13762e-06
5.31315e-06
4.24819e-06
3.43827e-06
2.77732e-06
2.15551e-06
1.61169e-06
1.21034e-06
9.3807e-07
7.89052e-07
7.26756e-07
6.90495e-07
6.40545e-07
5.63388e-07
4.91501e-07
4.70901e-07
4.80357e-07
4.56109e-07
4.33668e-07
4.67501e-07
5.47435e-07
5.9544e-07
5.86346e-07
6.223e-07
6.54856e-07
6.09027e-07
4.25104e-07
1.3246e-07
0
0
0
0
2.68757e-08
3.05326e-07
3.75288e-07
3.33835e-07
1.3573e-08
0
0
1.24153e-06
3.04678e-07
3.75204e-07
1.44088e-06
1.02358e-05
0
0
0
0
0
0
0
0
0
0
0
0
0
0
0
0
0
0
0
0
0
0
0
0
2.86861e-09
2.05745e-07
3.90296e-07
5.84445e-07
7.4165e-07
8.08046e-07
9.70444e-07
1.57803e-06
2.97189e-06
6.50882e-06
8.51789e-06
8.28835e-06
6.52481e-06
1.89604e-06
7.30137e-07
3.61325e-07
2.07618e-07
1.37894e-07
1.08033e-07
9.94876e-08
1.01798e-07
1.06581e-07
1.03215e-07
9.46231e-08
8.47504e-08
7.11718e-08
5.39347e-08
4.3337e-08
3.82947e-08
3.0241e-08
1.76868e-08
0
0
0
0
0
0
0
0
0
0
0
0
0
0
0
0
0
0
0
0
0
0
0
0
0
0
0
0
0
0
0
0
0
0
0
0
0
5.31482e-07
1.38523e-06
2.19273e-06
2.41785e-06
1.63004e-06
4.34236e-07
0
0
3.48237e-07
1.20617e-06
1.14031e-06
9.35858e-07
6.11395e-06
3.56078e-06
1.68383e-06
4.86413e-07
0
0
0
0
6.62489e-07
1.54565e-06
2.21168e-06
2.69787e-06
3.23346e-06
3.76359e-06
4.01082e-06
4.21289e-06
4.80095e-06
5.45263e-06
0
0
0
0
0
0
0
1.64162e-06
4.99172e-06
6.94494e-06
7.38216e-06
7.18144e-06
6.63009e-06
6.20401e-06
6.33631e-06
5.5701e-06
4.5788e-06
3.82048e-06
3.16773e-06
2.51556e-06
1.91479e-06
1.43567e-06
1.1136e-06
9.30677e-07
8.51257e-07
8.04515e-07
7.38705e-07
6.40531e-07
5.2821e-07
4.49101e-07
4.14997e-07
3.93875e-07
3.86389e-07
4.33455e-07
5.21831e-07
5.69205e-07
5.64865e-07
6.23263e-07
6.96813e-07
6.99409e-07
5.48492e-07
2.07997e-07
0
0
0
0
0
9.94709e-08
2.04408e-07
1.73353e-07
0
0
0
5.01929e-07
0
0
4.90946e-06
8.72275e-06
0
0
0
0
0
0
0
0
0
0
0
0
0
0
0
0
0
0
0
0
0
0
0
1.01928e-07
3.62155e-07
5.21221e-07
6.45892e-07
7.9901e-07
9.4819e-07
1.16908e-06
1.97278e-06
3.93737e-06
6.67502e-06
6.81964e-06
6.65823e-06
6.90197e-06
2.69873e-06
9.87705e-07
4.88203e-07
2.82566e-07
1.8562e-07
1.39024e-07
1.21736e-07
1.21376e-07
1.28804e-07
1.33361e-07
1.26809e-07
1.13781e-07
9.85204e-08
8.07782e-08
5.98636e-08
4.27106e-08
3.48412e-08
2.84854e-08
1.72437e-08
3.40419e-09
0
0
0
0
0
0
0
0
0
0
0
0
0
0
0
0
0
0
0
0
0
0
0
0
0
0
0
0
0
0
0
0
0
0
0
0
1.09731e-07
1.00002e-06
1.74785e-06
1.60733e-06
5.13819e-07
0
0
3.39967e-07
1.12934e-06
1.20329e-06
1.9724e-07
4.44364e-06
6.6356e-06
4.13262e-06
2.03781e-06
5.28473e-07
0
0
0
0
6.14771e-07
1.44058e-06
2.14255e-06
2.75065e-06
3.49281e-06
4.16267e-06
4.45714e-06
4.74975e-06
5.64554e-06
2.93107e-06
0
0
0
0
0
0
0
4.4688e-09
5.27611e-06
8.86156e-06
9.20382e-06
8.50543e-06
7.83407e-06
7.10106e-06
6.62923e-06
5.83133e-06
4.84458e-06
4.08743e-06
3.45653e-06
2.81062e-06
2.19803e-06
1.6574e-06
1.25853e-06
1.0278e-06
9.2401e-07
8.64186e-07
7.91551e-07
6.9127e-07
5.69639e-07
4.55825e-07
3.788e-07
3.43097e-07
3.37735e-07
3.8971e-07
4.82826e-07
5.34533e-07
5.4244e-07
6.20422e-07
7.20034e-07
7.56698e-07
6.43214e-07
2.99961e-07
0
0
0
0
0
0
1.20753e-08
4.75167e-09
0
0
0
0
0
0
5.39878e-06
2.23534e-06
0
0
0
0
0
0
0
0
0
0
0
0
0
0
0
0
0
0
0
0
0
0
0
0
1.89156e-07
4.00797e-07
6.28461e-07
8.77849e-07
1.26517e-06
2.29179e-06
4.44795e-06
5.29017e-06
4.95862e-06
5.07443e-06
5.55588e-06
3.2961e-06
1.20125e-06
5.90154e-07
3.45146e-07
2.30628e-07
1.72504e-07
1.45005e-07
1.38371e-07
1.4081e-07
1.47754e-07
1.45278e-07
1.35595e-07
1.19983e-07
1.00067e-07
8.2345e-08
6.32484e-08
4.24923e-08
2.96152e-08
2.34928e-08
1.41541e-08
1.94814e-09
0
0
0
0
0
0
0
0
0
0
0
0
0
0
0
0
0
2.52974e-08
0
0
0
0
0
0
0
0
0
0
0
0
0
0
0
0
0
0
0
9.0041e-08
7.55845e-07
3.61952e-07
0
0
4.50454e-07
1.09902e-06
1.20602e-06
2.61974e-07
8.42072e-07
6.5739e-06
6.78544e-06
4.74305e-06
2.38874e-06
5.3465e-07
0
0
0
0
3.95785e-07
1.24416e-06
2.04259e-06
2.83874e-06
3.84526e-06
4.61702e-06
4.9457e-06
5.40234e-06
5.67733e-06
1.00869e-06
0
0
0
0
0
2.4304e-06
8.19647e-07
0
2.2393e-06
9.83483e-06
1.13271e-05
9.90737e-06
8.60657e-06
7.66836e-06
6.89243e-06
6.12946e-06
5.18703e-06
4.45168e-06
3.84139e-06
3.1779e-06
2.44741e-06
1.83163e-06
1.38071e-06
1.10485e-06
9.72751e-07
8.95168e-07
8.09283e-07
7.08407e-07
5.90763e-07
4.65539e-07
3.60876e-07
3.04575e-07
2.9507e-07
3.43125e-07
4.33939e-07
4.92623e-07
5.16239e-07
6.06691e-07
7.18224e-07
7.71914e-07
6.87864e-07
3.75366e-07
0
0
0
0
0
0
0
0
0
0
0
0
0
0
4.15825e-06
2.80448e-06
0
0
0
0
0
0
0
0
0
0
0
0
0
0
0
0
0
0
0
0
0
0
0
0
6.3052e-08
4.24643e-07
9.92132e-07
1.84352e-06
2.67687e-06
2.82781e-06
3.03218e-06
3.29597e-06
3.66981e-06
3.9346e-06
3.13224e-06
1.26097e-06
6.3374e-07
3.78421e-07
2.59677e-07
1.99668e-07
1.66703e-07
1.5285e-07
1.49954e-07
1.51584e-07
1.49765e-07
1.42108e-07
1.30861e-07
1.13083e-07
9.18066e-08
7.53629e-08
5.94426e-08
4.03813e-08
2.44522e-08
1.66649e-08
1.02528e-08
0
0
0
0
0
0
0
0
0
0
0
0
0
0
0
0
0
0
0
1.0422e-07
4.91437e-08
0
0
0
0
0
0
0
0
0
0
0
0
0
0
0
0
0
0
0
0
1.68714e-07
6.6759e-07
1.12722e-06
1.16922e-06
3.56178e-07
0
4.12574e-06
7.12046e-06
7.10442e-06
5.16632e-06
2.49667e-06
4.76145e-07
0
0
0
0
6.80677e-08
9.82327e-07
1.92796e-06
2.98292e-06
4.22497e-06
4.99931e-06
5.34154e-06
5.78023e-06
4.98862e-06
4.50968e-07
0
0
0
0
1.12159e-05
2.29416e-05
2.05695e-05
1.89919e-06
0
6.60807e-06
1.26163e-05
1.12806e-05
9.0968e-06
7.67858e-06
6.70947e-06
6.04633e-06
5.30108e-06
4.64655e-06
4.00226e-06
3.29606e-06
2.65099e-06
2.08841e-06
1.62096e-06
1.27399e-06
1.06709e-06
9.41019e-07
8.21337e-07
6.9203e-07
5.64818e-07
4.43741e-07
3.36857e-07
2.71852e-07
2.54375e-07
2.88722e-07
3.66009e-07
4.29875e-07
4.71348e-07
5.67691e-07
6.76985e-07
7.31868e-07
6.62086e-07
3.77197e-07
0
0
0
0
0
0
0
0
0
0
0
0
0
0
3.9026e-07
8.18752e-07
0
0
0
0
0
0
0
0
0
0
0
0
0
0
0
0
0
0
0
0
0
0
0
0
0
0
0
8.32517e-07
1.51141e-06
1.59512e-06
1.90623e-06
2.36078e-06
2.87605e-06
2.51849e-06
1.1348e-06
6.05543e-07
3.75307e-07
2.64828e-07
2.11212e-07
1.80273e-07
1.62448e-07
1.54967e-07
1.51781e-07
1.48299e-07
1.40216e-07
1.30507e-07
1.17024e-07
9.91944e-08
8.39281e-08
7.01216e-08
5.62277e-08
3.87088e-08
2.10837e-08
1.05819e-08
5.19998e-09
0
0
0
0
0
0
0
0
0
0
0
0
0
0
0
0
0
0
0
0
3.15256e-08
7.83974e-08
0
0
0
0
0
0
0
0
0
0
0
0
0
0
0
0
0
0
5.84194e-07
9.93954e-07
1.25123e-06
1.12101e-06
2.99691e-07
0
2.94034e-06
6.58485e-06
7.85442e-06
7.49303e-06
5.08615e-06
2.38459e-06
3.66327e-07
0
0
0
0
0
8.07447e-07
2.06638e-06
3.54263e-06
4.99567e-06
5.7467e-06
6.1361e-06
6.26236e-06
4.61801e-06
8.44205e-07
0
0
0
4.56085e-06
1.94506e-05
4.03153e-05
5.82652e-05
4.57945e-05
0
0
1.15498e-05
1.30777e-05
1.02217e-05
8.06636e-06
6.86255e-06
6.20143e-06
5.67106e-06
5.07397e-06
4.38837e-06
3.67049e-06
3.03745e-06
2.46106e-06
1.93303e-06
1.48219e-06
1.1669e-06
9.67974e-07
8.13757e-07
6.78254e-07
5.58944e-07
4.46169e-07
3.41323e-07
2.69898e-07
2.41703e-07
2.576e-07
3.16949e-07
3.87185e-07
4.50053e-07
5.54625e-07
6.64727e-07
7.16324e-07
6.35554e-07
3.06761e-07
0
0
0
0
0
0
0
0
4.4023e-08
0
0
0
0
0
5.74724e-08
4.73156e-08
0
0
0
0
0
0
0
0
0
0
0
0
0
0
0
0
0
0
0
0
0
0
0
0
0
0
0
0
4.91056e-07
1.04775e-06
1.76261e-06
2.39449e-06
1.78865e-06
8.9054e-07
5.14624e-07
3.35031e-07
2.43167e-07
2.01315e-07
1.7983e-07
1.6451e-07
1.55088e-07
1.50081e-07
1.44675e-07
1.35687e-07
1.24194e-07
1.09964e-07
9.50694e-08
8.25888e-08
7.13582e-08
6.11853e-08
5.07041e-08
3.63221e-08
1.92292e-08
6.61444e-09
2.16651e-10
0
0
0
0
0
0
0
0
0
0
0
0
0
0
0
0
0
0
0
0
0
0
0
0
0
0
0
0
0
0
0
0
0
0
0
0
0
0
0
0
2.39256e-07
9.20627e-07
8.44429e-07
0
0
4.32087e-06
7.56057e-06
8.05191e-06
7.73854e-06
6.20212e-06
3.85285e-06
1.79293e-06
0
0
0
0
0
0
7.24385e-07
2.43054e-06
4.32601e-06
5.85526e-06
6.52217e-06
6.88382e-06
6.45986e-06
4.44958e-06
1.91742e-06
7.4152e-07
0
4.41845e-07
4.94552e-06
1.60319e-05
3.5298e-05
6.25604e-05
8.96219e-05
8.36015e-05
0
2.97118e-06
1.31131e-05
1.10429e-05
8.28507e-06
6.69327e-06
6.01713e-06
5.73399e-06
5.30231e-06
4.56831e-06
3.89823e-06
3.36005e-06
2.85929e-06
2.29742e-06
1.70493e-06
1.22353e-06
9.21417e-07
7.36202e-07
6.01797e-07
4.96824e-07
4.05403e-07
3.19171e-07
2.55431e-07
2.20675e-07
2.14873e-07
2.4601e-07
3.11e-07
3.91157e-07
5.03452e-07
6.1037e-07
6.50489e-07
5.34246e-07
1.22095e-07
0
0
0
0
0
0
0
0
0
0
0
0
0
0
7.76799e-09
0
0
0
1.80674e-08
2.13385e-08
0
0
0
0
0
0
0
0
0
0
0
0
0
0
0
0
0
0
0
0
0
0
0
1.97932e-07
1.12489e-06
1.83417e-06
1.65006e-06
9.71463e-07
5.6929e-07
3.66566e-07
2.58263e-07
1.98374e-07
1.68791e-07
1.61428e-07
1.55944e-07
1.48795e-07
1.43793e-07
1.38295e-07
1.29456e-07
1.16646e-07
1.00077e-07
8.39394e-08
7.3082e-08
6.53086e-08
5.86518e-08
5.20078e-08
4.46474e-08
3.31096e-08
1.78496e-08
4.52559e-09
0
0
0
0
0
0
0
0
0
0
0
0
0
0
0
0
0
0
0
0
0
0
0
0
0
0
0
0
0
0
0
0
0
0
0
0
0
0
0
0
0
0
0
0
0
1.12787e-05
1.56967e-05
1.03389e-05
6.74762e-06
4.50016e-06
3.04406e-06
1.81136e-06
6.189e-07
0
0
0
0
0
0
8.90167e-07
3.03872e-06
5.27499e-06
6.78453e-06
7.46788e-06
7.61229e-06
6.69753e-06
4.76379e-06
3.4152e-06
3.39425e-06
2.8129e-06
2.20166e-06
3.77977e-06
1.07997e-05
2.58077e-05
4.84948e-05
7.49059e-05
9.92932e-05
6.15659e-05
0
1.03582e-05
1.14264e-05
8.50912e-06
6.6359e-06
6.03128e-06
6.07122e-06
5.78565e-06
5.00964e-06
4.33248e-06
3.91132e-06
3.39229e-06
2.71751e-06
1.99809e-06
1.38453e-06
9.67051e-07
7.16315e-07
5.63249e-07
4.62269e-07
3.85134e-07
3.15537e-07
2.6075e-07
2.21174e-07
1.94882e-07
1.96727e-07
2.50988e-07
3.46052e-07
4.66509e-07
5.68338e-07
5.8362e-07
4.031e-07
0
0
0
0
0
0
0
0
0
0
0
0
0
0
0
4.37208e-09
0
0
0
0
0
0
0
0
0
0
0
0
0
0
0
0
0
0
0
0
0
0
0
0
0
0
0
3.1028e-07
8.69669e-07
8.49727e-07
5.85071e-07
4.02676e-07
2.88967e-07
2.20522e-07
1.77486e-07
1.50992e-07
1.37419e-07
1.38164e-07
1.411e-07
1.4012e-07
1.35386e-07
1.30357e-07
1.21451e-07
1.09579e-07
9.18001e-08
7.62456e-08
6.56333e-08
5.81317e-08
5.20286e-08
4.66708e-08
4.17994e-08
3.67044e-08
2.91534e-08
1.64989e-08
3.72033e-09
0
0
0
0
0
0
0
0
0
0
0
0
0
0
0
0
0
0
0
0
0
0
0
0
0
0
0
0
0
0
0
0
0
0
0
0
0
0
0
0
0
0
0
0
0
0
0
0
0
3.73949e-07
3.42201e-07
2.0818e-08
0
0
0
0
0
0
0
1.18909e-06
3.18801e-06
5.54087e-06
7.3101e-06
8.14105e-06
8.08633e-06
6.93748e-06
5.48933e-06
5.16451e-06
5.92076e-06
4.97242e-06
3.39782e-06
2.85927e-06
6.65158e-06
1.82895e-05
3.6926e-05
5.70837e-05
7.16235e-05
6.86302e-05
2.495e-05
8.99826e-06
1.0652e-05
8.52545e-06
6.88395e-06
6.47121e-06
6.5722e-06
6.33801e-06
5.51997e-06
4.77503e-06
4.3442e-06
3.84457e-06
3.09624e-06
2.30177e-06
1.57872e-06
1.0347e-06
7.03905e-07
5.22493e-07
4.2579e-07
3.68338e-07
3.15676e-07
2.68771e-07
2.23292e-07
1.77091e-07
1.48729e-07
1.856e-07
2.91539e-07
4.23353e-07
5.10472e-07
4.78236e-07
2.217e-07
0
0
0
0
0
0
0
0
0
0
0
0
0
0
0
1.48719e-08
2.1369e-08
7.10772e-10
0
0
0
0
0
0
0
0
0
0
0
0
0
0
0
0
0
0
0
0
0
0
0
1.31304e-07
2.59395e-07
2.18223e-07
1.73815e-07
1.45257e-07
1.27014e-07
1.1678e-07
1.12551e-07
1.13898e-07
1.12924e-07
1.15537e-07
1.22286e-07
1.25843e-07
1.25807e-07
1.24464e-07
1.20105e-07
1.11445e-07
9.93051e-08
8.26168e-08
6.93188e-08
5.96141e-08
5.27472e-08
4.72155e-08
4.19666e-08
3.72259e-08
3.30315e-08
2.91547e-08
2.43089e-08
1.5188e-08
3.72649e-09
0
0
0
0
0
0
0
0
0
0
0
0
0
0
0
0
0
0
0
0
0
0
0
0
0
0
0
0
0
0
0
0
0
0
0
0
0
0
0
0
0
0
0
0
0
0
0
0
0
0
0
0
0
0
0
0
0
0
7.59076e-07
0
7.12883e-07
3.8448e-06
6.7072e-06
8.26347e-06
8.22874e-06
7.19686e-06
6.46277e-06
7.20613e-06
7.92072e-06
6.6482e-06
4.52697e-06
2.46456e-06
3.63699e-06
1.27314e-05
2.92729e-05
4.59248e-05
5.51243e-05
5.32381e-05
3.51293e-05
1.40066e-05
8.55388e-06
7.68501e-06
6.94994e-06
6.76392e-06
6.93308e-06
6.76998e-06
5.97443e-06
5.1241e-06
4.60806e-06
4.13927e-06
3.52627e-06
2.74582e-06
1.90803e-06
1.19552e-06
7.39484e-07
5.07061e-07
4.03023e-07
3.4731e-07
3.06178e-07
2.66002e-07
2.19962e-07
1.58341e-07
1.02692e-07
1.21491e-07
2.34436e-07
3.65268e-07
4.16917e-07
3.17191e-07
2.08282e-08
0
0
0
0
0
0
0
0
0
0
0
0
0
0
0
3.1622e-08
4.78246e-08
4.50875e-08
3.99511e-09
0
0
0
0
0
0
0
0
0
0
0
0
0
0
0
0
0
0
0
0
0
4.4879e-08
5.69471e-08
5.51767e-08
5.10139e-08
4.8389e-08
4.83627e-08
5.23911e-08
5.95731e-08
6.95636e-08
7.98745e-08
9.08279e-08
1.0076e-07
1.06066e-07
1.07206e-07
1.0753e-07
1.0606e-07
9.93918e-08
8.64015e-08
7.10793e-08
5.99683e-08
5.31337e-08
4.83686e-08
4.35109e-08
3.81307e-08
3.24685e-08
2.74714e-08
2.39297e-08
2.13355e-08
1.87876e-08
1.33537e-08
4.15895e-09
0
0
0
0
0
0
0
0
0
0
0
0
0
0
0
0
0
0
0
0
0
0
0
0
0
0
0
0
0
0
0
0
0
0
0
0
0
0
0
0
0
0
0
0
0
0
0
4.99576e-07
9.66527e-07
7.62232e-07
5.6182e-07
5.03541e-07
8.97938e-08
0
0
0
0
5.88045e-06
8.88017e-07
0
0
0
4.6067e-06
7.69069e-06
8.03376e-06
7.47768e-06
7.52509e-06
9.10617e-06
9.34564e-06
8.09594e-06
5.74049e-06
2.80087e-06
1.65743e-06
8.6674e-06
2.4698e-05
3.99342e-05
4.56052e-05
4.22602e-05
3.12833e-05
1.58299e-05
6.69021e-06
5.0101e-06
5.73242e-06
6.48055e-06
7.08537e-06
7.07269e-06
6.31929e-06
5.50026e-06
4.91202e-06
4.51908e-06
4.1565e-06
3.62292e-06
2.58301e-06
1.59385e-06
9.14148e-07
5.52816e-07
3.85632e-07
3.21529e-07
2.90962e-07
2.58975e-07
2.07401e-07
1.24765e-07
4.64139e-08
5.04011e-08
1.60669e-07
2.73387e-07
2.6834e-07
1.13076e-07
0
0
0
0
0
0
0
0
0
0
0
0
0
0
0
0
0
4.35703e-07
5.69643e-07
3.47768e-07
1.87095e-07
9.83995e-08
3.88166e-08
0
0
0
0
0
0
0
0
0
0
0
0
0
0
0
1.48941e-09
1.56949e-08
2.0566e-08
2.16274e-08
2.22141e-08
2.3242e-08
2.46097e-08
2.70891e-08
3.20094e-08
3.93504e-08
4.80063e-08
5.68362e-08
6.70885e-08
7.74461e-08
8.55233e-08
8.89881e-08
9.01553e-08
8.96019e-08
8.45368e-08
7.1691e-08
5.89189e-08
4.9025e-08
4.43188e-08
4.25352e-08
4.06293e-08
3.6622e-08
3.0713e-08
2.42851e-08
1.91717e-08
1.63043e-08
1.49273e-08
1.41459e-08
1.15107e-08
4.72996e-09
0
0
0
0
0
0
0
0
0
0
0
0
0
0
0
0
0
0
0
0
0
0
0
0
0
0
0
0
0
0
0
0
0
0
0
0
0
0
0
0
0
5.8129e-07
4.5807e-06
4.22212e-06
3.04368e-06
2.53832e-06
2.66474e-06
2.58923e-06
2.05769e-06
1.49716e-06
1.13227e-06
8.34271e-07
1.08071e-07
0
0
0
6.16976e-06
2.24915e-05
0
0
0
0
1.46245e-06
6.497e-06
7.5469e-06
7.72432e-06
8.55338e-06
1.03881e-05
1.0315e-05
9.06431e-06
7.22159e-06
4.12847e-06
7.18139e-07
5.53513e-06
2.31433e-05
3.80855e-05
4.02932e-05
3.46391e-05
2.5431e-05
1.36054e-05
4.71767e-06
1.56139e-06
2.61092e-06
4.95976e-06
6.60475e-06
6.99851e-06
6.46869e-06
5.882e-06
5.49073e-06
5.29926e-06
5.23344e-06
4.89103e-06
3.62431e-06
2.1261e-06
1.11544e-06
5.88427e-07
3.70562e-07
2.92393e-07
2.55466e-07
2.17311e-07
1.54644e-07
6.2519e-08
0
0
7.44884e-08
1.40576e-07
7.14621e-08
0
0
0
0
0
0
0
0
0
0
0
0
0
0
0
0
0
0
0
2.97852e-07
3.31662e-07
2.4631e-07
1.49363e-07
7.30164e-08
2.30928e-08
0
0
0
0
0
0
0
0
0
0
0
0
4.23947e-09
1.00449e-08
1.33891e-08
1.44853e-08
1.44795e-08
1.41353e-08
1.41794e-08
1.5453e-08
1.87909e-08
2.4609e-08
3.23769e-08
4.0718e-08
5.02746e-08
5.96891e-08
6.85507e-08
7.40594e-08
7.4284e-08
7.21476e-08
6.90494e-08
6.33264e-08
5.5041e-08
4.62442e-08
3.83566e-08
3.51571e-08
3.51903e-08
3.52973e-08
3.41302e-08
3.06129e-08
2.45767e-08
1.8054e-08
1.35514e-08
1.163e-08
1.09526e-08
1.07505e-08
9.52087e-09
4.75838e-09
0
0
0
0
0
0
0
0
0
0
0
0
0
0
0
0
0
0
0
0
0
0
0
0
0
0
0
0
0
0
0
0
0
0
0
0
0
0
0
0
4.62924e-07
4.95305e-06
7.6991e-06
6.53302e-06
5.02968e-06
4.29277e-06
3.88639e-06
3.19557e-06
2.38232e-06
1.80425e-06
1.33215e-06
8.68373e-07
1.71501e-07
0
0
4.44688e-07
6.98649e-06
0
0
0
0
0
0
4.93416e-06
6.82966e-06
7.77312e-06
9.32359e-06
1.07334e-05
1.05135e-05
9.39741e-06
8.71799e-06
6.60562e-06
1.50973e-06
2.43695e-06
2.42367e-05
3.87976e-05
3.59429e-05
2.78261e-05
1.91481e-05
9.74847e-06
2.58612e-06
0
0
1.49239e-06
4.69976e-06
6.20975e-06
6.3735e-06
6.26981e-06
6.19867e-06
6.52905e-06
6.58517e-06
6.09693e-06
4.21017e-06
2.39122e-06
1.22414e-06
5.98187e-07
3.23282e-07
2.20013e-07
1.77484e-07
1.37413e-07
6.79641e-08
0
0
0
0
0
0
0
0
0
0
0
0
0
0
0
0
0
0
0
0
0
0
0
0
0
0
0
0
0
0
0
0
0
0
0
0
0
0
0
2.85381e-09
1.12627e-08
1.90603e-08
2.4651e-08
2.65158e-08
2.60261e-08
2.5042e-08
2.48495e-08
2.5426e-08
2.60792e-08
2.68889e-08
2.82518e-08
3.03063e-08
3.25074e-08
3.45129e-08
3.70208e-08
4.22918e-08
4.7467e-08
4.86603e-08
4.67815e-08
4.28564e-08
3.97505e-08
3.828e-08
3.61992e-08
3.25683e-08
2.85498e-08
2.70074e-08
2.76996e-08
2.85437e-08
2.83317e-08
2.71266e-08
2.39678e-08
1.8838e-08
1.3559e-08
1.06532e-08
9.97194e-09
9.37741e-09
7.98415e-09
6.0239e-09
2.53801e-09
0
0
0
0
0
0
0
0
0
0
0
0
0
0
0
0
0
0
0
0
0
0
0
0
0
0
0
0
0
0
0
0
0
0
0
0
0
0
1.80003e-07
1.35153e-06
1.76775e-06
1.9781e-06
2.98159e-06
3.95738e-06
4.23365e-06
4.09848e-06
3.67647e-06
2.90883e-06
2.30752e-06
1.79212e-06
1.27399e-06
8.63326e-07
4.88052e-07
3.62055e-07
4.2743e-07
6.30143e-07
0
0
0
0
0
0
0
3.34127e-06
5.94981e-06
7.36658e-06
9.04588e-06
9.77996e-06
9.25471e-06
8.77888e-06
9.35831e-06
9.54223e-06
5.87499e-06
0
2.76844e-05
3.83254e-05
2.90373e-05
2.00336e-05
1.25268e-05
5.70735e-06
4.288e-07
0
0
0
1.78697e-06
4.96045e-06
6.21128e-06
6.69054e-06
7.23245e-06
7.86244e-06
7.95775e-06
7.24483e-06
4.93063e-06
2.7822e-06
1.38309e-06
6.23079e-07
2.6249e-07
1.11951e-07
4.8632e-08
1.3364e-09
0
0
0
0
0
0
0
0
0
0
0
0
0
0
0
0
0
0
0
0
0
0
0
0
0
0
0
0
0
0
0
0
0
1.20709e-08
1.56543e-08
1.05636e-08
2.44504e-09
0
0
7.85266e-09
2.10376e-08
3.50656e-08
4.43109e-08
4.63042e-08
4.23283e-08
3.69744e-08
3.32802e-08
3.17576e-08
3.15652e-08
3.12274e-08
2.99902e-08
2.75208e-08
2.41511e-08
2.04043e-08
1.71482e-08
1.55983e-08
1.59402e-08
1.72883e-08
1.88079e-08
2.04663e-08
2.24308e-08
2.43192e-08
2.53497e-08
2.46255e-08
2.24672e-08
2.13187e-08
2.13554e-08
2.15355e-08
2.13185e-08
2.0604e-08
1.92832e-08
1.66648e-08
1.28873e-08
9.44671e-09
7.95603e-09
7.9058e-09
6.91995e-09
3.29196e-09
0
0
0
0
0
0
0
0
0
0
0
0
0
0
0
0
0
0
0
0
0
0
0
0
0
0
0
0
0
0
0
0
0
0
0
0
0
0
0
0
8.46152e-07
1.20351e-06
6.44043e-07
5.28428e-07
1.35013e-06
2.54723e-06
3.21653e-06
3.30597e-06
2.95533e-06
2.46737e-06
2.0983e-06
1.58109e-06
1.19666e-06
1.01375e-06
1.18555e-06
1.81478e-06
1.89624e-06
0
0
0
0
0
0
0
0
1.88172e-06
4.93209e-06
6.35901e-06
7.26455e-06
7.05821e-06
6.2813e-06
6.66133e-06
8.51356e-06
1.13309e-05
1.21852e-05
4.49774e-06
1.32833e-05
2.28616e-05
1.52506e-05
9.22392e-06
4.58165e-06
4.32048e-07
0
0
0
0
0
3.7037e-06
6.61683e-06
7.64853e-06
8.51424e-06
9.04745e-06
9.1312e-06
8.15458e-06
5.45527e-06
3.14383e-06
1.63584e-06
7.06898e-07
2.02004e-07
0
0
0
0
0
0
0
0
0
0
0
0
0
0
0
0
0
0
0
0
0
0
0
0
0
0
0
0
0
0
0
0
0
0
0
0
0
9.17392e-09
1.22896e-08
7.09034e-09
1.2476e-09
1.57648e-09
1.03811e-08
2.53169e-08
3.97549e-08
4.65403e-08
4.37353e-08
3.46327e-08
2.42858e-08
1.61991e-08
1.21887e-08
1.14596e-08
1.21903e-08
1.27112e-08
1.21299e-08
1.08549e-08
1.00172e-08
1.02751e-08
1.15678e-08
1.34458e-08
1.5563e-08
1.7842e-08
1.99998e-08
2.08816e-08
2.02095e-08
1.86655e-08
1.69708e-08
1.59891e-08
1.57718e-08
1.55846e-08
1.52407e-08
1.47029e-08
1.39342e-08
1.2717e-08
1.07624e-08
8.32915e-09
6.22889e-09
4.98679e-09
4.24788e-09
2.27514e-09
0
0
0
0
0
0
0
0
0
0
0
0
0
0
0
0
0
0
0
0
0
0
0
0
0
0
0
0
0
0
0
0
0
0
0
0
0
0
0
0
9.88875e-08
6.12763e-07
3.52542e-08
0
0
6.40297e-07
1.8253e-06
2.42432e-06
2.52153e-06
2.29991e-06
2.11915e-06
1.82811e-06
1.37494e-06
1.19619e-06
1.44675e-06
2.39672e-06
3.56496e-06
2.70893e-06
0
0
0
0
0
0
0
0
5.74427e-07
3.67188e-06
4.60387e-06
4.04711e-06
2.89621e-06
2.53096e-06
4.14783e-06
7.64512e-06
1.21601e-05
1.506e-05
1.11863e-05
1.48399e-06
1.49561e-06
1.83229e-07
0
0
0
0
0
0
0
0
3.59443e-06
1.06224e-05
1.01122e-05
9.67067e-06
9.88742e-06
9.95831e-06
8.72433e-06
5.88648e-06
3.56417e-06
1.90377e-06
7.91498e-07
1.28676e-07
0
0
0
0
0
0
0
0
0
0
0
0
0
0
0
0
2.21335e-08
3.34007e-09
0
0
0
0
0
0
0
0
0
0
0
0
0
0
0
0
0
0
0
0
0
0
0
1.43718e-08
3.28858e-08
4.60214e-08
5.24857e-08
5.23564e-08
4.68939e-08
3.79454e-08
2.70327e-08
1.73225e-08
1.13096e-08
8.87202e-09
8.50404e-09
8.62115e-09
8.52442e-09
8.3354e-09
8.30125e-09
8.31935e-09
8.03992e-09
7.32759e-09
6.49217e-09
5.95724e-09
5.76055e-09
5.53897e-09
5.39104e-09
5.8269e-09
6.81762e-09
7.67798e-09
8.19347e-09
8.48566e-09
8.54488e-09
8.21371e-09
7.39396e-09
6.08146e-09
4.53061e-09
3.21959e-09
2.42657e-09
2.03033e-09
1.55393e-09
0
0
0
0
0
0
0
0
0
0
0
0
0
0
0
0
0
0
0
0
0
0
0
0
0
0
0
0
0
0
0
0
0
0
0
0
0
0
0
0
0
0
0
0
0
0
3.42136e-07
1.35524e-06
1.76818e-06
1.8357e-06
1.7998e-06
1.76509e-06
1.47046e-06
1.13598e-06
1.20958e-06
2.09808e-06
3.74852e-06
4.32225e-06
2.44791e-06
0
0
0
0
0
0
0
0
0
2.00824e-06
1.72422e-06
3.96039e-07
0
3.87276e-07
3.3354e-06
7.8711e-06
1.32635e-05
1.73457e-05
1.43074e-05
4.74306e-06
0
0
0
0
0
0
0
0
0
0
0
1.85056e-05
1.28265e-05
1.04043e-05
1.04387e-05
1.04184e-05
8.94009e-06
5.98804e-06
3.6459e-06
2.08499e-06
9.46707e-07
8.26124e-08
0
0
0
0
0
0
0
0
0
0
0
0
0
0
0
0
1.38199e-08
0
0
0
0
0
0
1.34632e-07
2.18818e-07
1.39675e-07
0
0
0
0
0
0
0
1.81867e-08
0
0
0
0
0
0
0
3.89169e-08
6.8172e-08
8.19568e-08
8.16984e-08
7.18806e-08
5.66701e-08
3.93313e-08
2.39759e-08
1.28984e-08
6.24014e-09
2.89799e-09
1.42739e-09
8.5095e-10
6.88657e-10
7.80208e-10
1.2557e-09
2.28889e-09
3.56657e-09
4.13977e-09
3.18767e-09
9.01087e-10
0
0
0
0
0
0
0
0
0
0
0
0
0
0
0
0
0
0
0
0
0
0
0
0
0
0
0
0
0
0
0
0
0
0
0
0
0
0
0
0
0
0
0
0
0
0
0
0
0
0
9.746e-09
2.00908e-08
2.63107e-08
3.67754e-08
5.14903e-08
2.76223e-08
0
0
0
0
0
0
0
2.16531e-07
9.69477e-07
1.28917e-06
1.45941e-06
1.53184e-06
1.46136e-06
1.12945e-06
8.86444e-07
1.36992e-06
3.09784e-06
4.42169e-06
4.25892e-06
1.58672e-06
0
0
0
0
0
0
0
0
0
0
0
0
0
4.6968e-07
3.55868e-06
7.04073e-06
1.05482e-05
1.44059e-05
1.6963e-05
0
0
0
0
0
0
0
0
0
0
0
0
2.00239e-05
2.04125e-05
1.56703e-05
1.37684e-05
1.23245e-05
9.8098e-06
6.29016e-06
3.96349e-06
2.44112e-06
1.1664e-06
1.08577e-07
0
0
0
0
0
0
0
0
0
0
0
0
0
0
0
0
0
0
0
0
0
0
2.15255e-08
2.63303e-07
4.41392e-07
2.14056e-07
2.6138e-07
0
0
0
0
0
0
8.32481e-08
0
0
0
0
0
0
0
1.73933e-08
5.68177e-08
8.33598e-08
9.26089e-08
8.45637e-08
6.18232e-08
3.23855e-08
6.13507e-09
0
0
0
0
0
0
0
0
0
0
0
0
0
0
0
0
0
0
0
0
0
0
0
0
0
0
0
0
0
0
0
0
0
0
0
0
0
0
0
0
0
0
0
0
0
0
0
0
0
0
0
0
0
0
4.08395e-09
5.89088e-09
1.9673e-09
0
0
0
6.42634e-10
7.67705e-09
2.10069e-08
3.93233e-08
5.29918e-08
6.11459e-08
7.40766e-08
9.07668e-08
4.13919e-08
0
0
0
0
0
0
0
1.55969e-08
6.05682e-07
1.06924e-06
1.29412e-06
1.26886e-06
1.06585e-06
7.05759e-07
5.22324e-07
1.70691e-06
3.59665e-06
4.37148e-06
3.62814e-06
8.95001e-07
0
0
0
0
0
0
0
0
0
0
0
0
0
1.2479e-06
3.82917e-06
6.11879e-06
7.4397e-06
7.76268e-06
8.93515e-06
0
0
0
0
0
0
0
0
0
0
0
0
1.4376e-05
2.28547e-05
2.0558e-05
1.75596e-05
1.46637e-05
1.09846e-05
7.02932e-06
4.50298e-06
2.7708e-06
1.35113e-06
1.81726e-07
0
0
0
0
0
0
0
0
0
0
0
0
0
0
0
0
0
0
0
0
0
0
0
1.57577e-07
0
0
8.87535e-07
0
0
0
0
0
9.39774e-09
9.78694e-08
4.03204e-08
0
0
0
0
0
0
0
4.41855e-09
2.47646e-08
2.83648e-08
1.45971e-08
0
0
0
0
0
0
0
0
0
0
0
0
0
0
0
0
0
0
0
0
0
0
0
0
0
0
0
0
0
0
0
0
0
0
0
0
0
0
0
0
0
0
0
0
8.82302e-09
1.2961e-08
1.23496e-08
1.05823e-08
1.09149e-08
1.24484e-08
1.05367e-08
0
0
0
0
0
1.73957e-08
3.44513e-08
4.82143e-08
5.01658e-08
3.68085e-08
2.55071e-08
2.25507e-08
2.50275e-08
3.42286e-08
5.00916e-08
6.81481e-08
7.90087e-08
8.07593e-08
8.55537e-08
8.95107e-08
5.4687e-09
0
0
0
0
0
0
0
0
6.64545e-07
1.24366e-06
1.11586e-06
9.13196e-07
6.26102e-07
6.66677e-08
1.39344e-07
1.97591e-06
3.60748e-06
3.89388e-06
2.90975e-06
9.51899e-07
0
0
0
0
0
0
0
0
0
0
0
0
1.29369e-07
2.17083e-06
4.25981e-06
5.89147e-06
6.41685e-06
5.80902e-06
5.71512e-06
6.19256e-06
0
0
0
0
0
0
0
0
0
0
0
9.53346e-07
7.19174e-06
1.24145e-05
1.42863e-05
1.33143e-05
1.04309e-05
6.96463e-06
4.58158e-06
2.87038e-06
1.3697e-06
1.04905e-07
0
0
0
0
0
0
0
0
0
0
0
0
0
0
0
0
0
0
0
0
0
0
0
0
1.92309e-08
0
1.01762e-06
1.00412e-07
7.56359e-08
8.5881e-08
1.14423e-07
1.45459e-07
1.66583e-07
1.69159e-07
1.51017e-07
1.17066e-07
7.61021e-08
3.63388e-08
3.14831e-09
0
0
0
0
0
0
0
0
0
0
0
0
0
0
0
0
0
0
0
0
0
0
0
0
0
0
0
0
0
0
0
0
0
0
0
0
0
0
0
0
0
0
0
0
0
0
0
0
0
3.06422e-09
1.54376e-08
2.84977e-08
3.76916e-08
4.1687e-08
4.25624e-08
4.2974e-08
4.36694e-08
4.1728e-08
3.258e-08
1.34103e-08
0
0
0
2.65623e-08
5.34002e-08
7.77981e-08
9.36907e-08
9.11598e-08
6.65617e-08
4.40502e-08
4.21417e-08
5.17425e-08
6.35995e-08
7.24464e-08
7.4407e-08
6.79432e-08
6.0701e-08
4.50401e-08
0
0
0
0
0
0
0
0
5.69565e-07
1.53926e-06
1.29086e-06
7.35369e-07
5.36936e-07
0
0
0
1.80554e-06
3.15721e-06
2.9637e-06
2.08389e-06
1.54715e-06
1.18545e-06
3.41596e-07
0
0
4.88387e-08
8.76221e-06
5.45397e-06
1.66015e-06
0
0
0
0
1.04883e-06
2.54947e-06
4.16641e-06
5.16997e-06
5.12099e-06
4.47831e-06
4.19072e-06
4.02852e-06
2.05365e-06
6.21495e-07
2.38636e-07
5.12914e-07
1.23342e-06
1.66308e-06
1.52937e-06
9.14612e-07
2.77716e-07
0
0
0
7.63802e-07
4.21982e-06
7.34887e-06
8.46841e-06
7.29881e-06
5.15701e-06
3.59648e-06
2.12262e-06
7.10876e-07
0
0
0
0
0
0
0
0
0
0
0
0
0
0
0
0
0
0
0
0
0
0
0
0
0
0
0
6.05677e-07
3.23903e-07
1.25834e-07
8.66432e-08
1.03151e-07
1.34404e-07
1.64396e-07
1.84136e-07
1.89779e-07
1.80845e-07
1.57922e-07
1.23457e-07
8.34481e-08
4.25994e-08
6.27432e-09
0
0
0
0
0
0
0
0
0
0
0
0
0
0
0
0
0
0
0
0
0
0
0
0
0
0
0
0
0
0
0
0
0
0
0
0
0
0
0
0
0
0
0
0
0
0
1.70237e-08
4.1101e-08
5.16519e-08
6.22979e-08
7.22102e-08
7.97485e-08
8.40362e-08
8.39143e-08
8.01882e-08
7.34843e-08
6.27269e-08
4.8464e-08
3.73176e-08
3.90379e-08
5.27935e-08
6.58131e-08
7.69076e-08
9.4271e-08
1.12715e-07
1.15601e-07
9.47819e-08
5.72821e-08
3.18862e-08
3.15145e-08
4.00639e-08
4.54721e-08
4.60432e-08
3.83603e-08
2.12141e-08
0
0
0
0
0
1.46273e-06
2.67507e-06
0
1.9568e-06
3.0541e-06
1.97368e-06
5.98182e-07
2.38261e-07
0
0
0
0
7.98799e-07
1.96626e-06
1.47874e-06
1.03765e-06
1.60692e-06
2.80138e-06
3.23528e-06
3.01794e-06
3.79524e-06
5.11971e-06
4.42448e-06
4.09203e-06
4.73458e-06
3.81916e-06
1.61601e-06
2.06173e-07
5.23272e-07
1.21388e-06
2.28133e-06
3.41803e-06
3.7841e-06
3.60506e-06
3.38608e-06
3.45339e-06
3.54459e-06
2.25143e-06
8.96241e-07
6.25503e-07
6.70965e-07
1.1758e-06
1.72424e-06
1.76163e-06
9.56854e-07
5.024e-08
0
0
0
0
6.45972e-07
2.73069e-06
3.85214e-06
3.41824e-06
2.50555e-06
1.55233e-06
4.11932e-07
0
0
0
0
0
0
0
0
0
0
0
0
0
0
0
0
0
0
0
0
0
0
0
0
0
0
0
0
0
4.75502e-07
0
0
0
0
0
0
1.10233e-08
4.19919e-08
4.53351e-08
2.57534e-08
0
0
0
0
0
0
0
2.91507e-08
7.19731e-08
1.06483e-07
1.1855e-07
9.82129e-08
4.42891e-08
0
0
0
0
0
0
0
0
0
0
0
0
0
0
0
0
0
0
0
0
0
0
0
0
0
0
0
0
0
0
0
0
0
0
0
0
0
1.3803e-08
5.22726e-08
8.3123e-08
1.02951e-07
1.1542e-07
1.21596e-07
1.18044e-07
1.06083e-07
9.52601e-08
9.42901e-08
1.11995e-07
1.5456e-07
2.07228e-07
2.34084e-07
2.15909e-07
1.74952e-07
1.44962e-07
1.39327e-07
1.38518e-07
1.21613e-07
8.87742e-08
5.61914e-08
3.48041e-08
2.24875e-08
1.62925e-08
1.26018e-08
2.88748e-09
0
0
0
0
0
0
0
0
0
3.46168e-06
1.4719e-06
0
0
0
0
0
0
0
0
0
0
0
2.26201e-07
1.31526e-06
1.36719e-06
8.03744e-07
6.50155e-07
6.04532e-07
1.40904e-06
4.20758e-06
7.14489e-06
6.77042e-06
2.96588e-06
1.00328e-06
7.88848e-07
1.10451e-06
1.74595e-06
2.22776e-06
2.27552e-06
2.28319e-06
2.45e-06
3.00983e-06
4.26805e-06
5.02723e-06
3.07512e-06
6.36198e-07
0
0
8.2158e-08
4.51098e-07
1.42556e-07
0
0
0
0
0
0
0
3.08993e-07
0
0
0
0
0
0
0
0
0
0
0
0
0
0
0
0
0
0
0
0
0
0
0
0
0
0
0
0
0
0
0
0
0
3.16546e-07
6.48624e-08
0
0
0
0
0
0
0
0
0
0
0
0
0
0
0
0
5.69651e-08
1.13431e-07
1.23866e-07
7.86892e-08
0
0
0
0
0
0
0
0
0
0
0
0
0
0
0
0
0
0
0
0
0
0
0
0
0
0
0
0
0
0
0
0
0
0
0
0
0
0
0
0
0
0
2.57564e-08
6.88513e-08
8.01159e-08
5.01154e-08
0
0
0
0
9.37533e-08
1.99184e-07
2.62588e-07
2.71857e-07
2.44211e-07
1.98056e-07
1.55694e-07
1.30642e-07
1.16794e-07
1.05352e-07
9.19775e-08
7.23005e-08
4.71409e-08
2.27585e-08
1.12057e-09
0
0
0
0
0
0
0
0
0
0
0
0
0
0
0
0
0
0
0
0
0
0
0
0
0
0
0
0
0
0
3.61932e-06
6.87152e-06
5.74425e-06
3.22847e-06
1.74347e-06
1.31413e-06
1.3392e-06
1.39246e-06
1.43149e-06
1.55686e-06
1.87571e-06
2.43368e-06
3.59012e-06
5.84215e-06
8.98628e-06
1.00165e-05
6.33741e-06
2.18435e-06
6.11418e-07
4.47534e-07
8.01779e-07
9.64051e-07
6.90624e-07
2.98512e-07
0
0
0
0
0
0
0
0
0
0
0
0
0
0
0
0
0
0
0
0
0
0
0
0
0
0
0
0
2.54484e-08
0
0
0
0
0
0
0
0
0
0
2.48885e-07
0
0
0
0
0
0
0
0
0
0
0
0
0
0
0
0
0
6.48696e-08
1.26681e-07
1.08503e-07
1.58396e-08
0
0
0
0
0
0
0
0
0
0
0
0
0
0
0
0
0
0
0
0
0
0
0
0
0
0
0
0
0
0
0
0
0
0
0
0
0
1.55178e-08
1.97115e-08
9.97503e-09
1.22294e-08
3.08688e-08
5.8727e-08
8.44815e-08
7.76801e-08
2.23588e-08
0
0
0
0
0
1.14937e-07
1.88114e-07
2.00653e-07
1.74547e-07
1.32881e-07
9.51513e-08
6.96304e-08
4.08922e-08
1.12335e-08
0
4.04532e-09
9.54781e-09
6.84475e-09
0
0
0
0
0
0
0
0
0
0
0
0
0
0
0
0
0
0
0
0
0
0
0
0
0
0
0
0
0
0
0
1.4021e-06
3.21634e-06
4.08769e-06
3.39906e-06
2.41139e-06
1.98151e-06
1.76387e-06
1.67591e-06
1.71845e-06
1.99293e-06
2.46386e-06
3.27642e-06
4.56921e-06
6.53128e-06
9.53845e-06
1.26626e-05
1.26203e-05
7.40565e-06
2.65447e-06
1.82468e-06
2.72964e-06
3.6331e-06
3.54921e-06
2.95831e-06
1.91547e-06
4.58377e-07
0
0
0
0
0
0
0
0
0
0
0
0
0
0
0
0
0
0
0
0
0
0
0
0
0
0
0
6.18927e-08
3.85145e-07
3.18287e-07
0
0
0
0
0
0
0
0
0
0
1.01259e-07
1.0215e-07
2.46335e-08
0
0
0
1.9649e-08
1.23462e-07
1.68687e-07
1.20315e-07
2.19743e-09
0
1.70257e-07
6.6182e-07
1.0803e-06
1.1908e-06
1.11582e-06
9.56467e-07
7.27042e-07
4.02721e-07
2.6238e-08
0
0
0
0
0
0
0
3.9596e-08
2.67223e-08
0
0
0
0
0
0
6.63439e-08
2.57496e-07
3.60772e-07
3.20146e-07
1.95853e-07
7.6112e-08
5.93836e-09
0
0
0
0
0
0
0
0
0
0
0
0
4.45473e-08
9.87485e-08
1.57263e-07
2.56302e-07
4.1537e-07
5.33473e-07
5.20318e-07
3.61058e-07
1.17707e-07
0
0
0
0
0
0
0
1.18684e-07
8.86694e-08
2.42981e-09
0
4.91054e-08
1.34219e-07
1.12159e-07
5.37045e-08
2.50222e-08
2.52926e-08
3.01652e-08
2.53803e-08
9.15043e-09
0
0
0
0
0
0
0
0
0
0
0
0
0
0
0
0
0
0
0
6.33478e-07
8.57211e-07
2.52624e-07
0
0
0
0
0
0
0
1.93073e-07
8.96486e-07
1.79701e-06
3.14389e-06
3.90588e-06
3.11557e-06
2.66445e-06
2.48865e-06
2.41473e-06
2.46102e-06
2.76198e-06
3.31019e-06
4.24677e-06
5.43151e-06
7.26234e-06
9.64681e-06
1.24776e-05
1.45093e-05
1.26484e-05
4.72591e-06
2.32231e-07
3.84925e-06
7.23105e-06
7.39647e-06
5.89586e-06
3.54056e-06
4.9678e-07
0
0
0
0
0
0
0
0
0
0
0
0
0
0
0
0
0
0
0
0
0
0
0
0
0
0
0
0
3.00452e-06
3.98451e-06
0
0
0
0
0
0
0
1.34385e-06
1.83632e-06
2.27946e-06
2.0221e-06
0
0
0
0
0
0
1.41552e-07
2.42141e-07
2.01732e-07
1.05776e-07
2.42397e-07
7.36901e-07
1.32591e-06
1.58866e-06
1.53724e-06
1.32242e-06
1.04029e-06
6.84801e-07
2.96326e-07
0
0
0
0
0
0
0
0
0
0
0
0
0
0
0
2.63615e-07
7.06697e-07
8.60149e-07
7.66022e-07
5.4021e-07
3.21165e-07
1.61319e-07
9.10047e-08
1.01979e-07
1.48e-07
1.02499e-07
0
1.99655e-08
1.37798e-07
1.69298e-07
1.22489e-07
5.95e-08
1.40425e-08
0
2.83701e-08
1.11905e-07
2.25069e-07
3.19292e-07
4.28811e-07
5.74357e-07
6.48347e-07
6.18391e-07
5.51424e-07
0
0
0
0
0
0
0
7.73152e-09
2.76374e-08
0
0
0
7.54055e-08
6.58123e-07
4.90985e-07
3.33155e-07
2.44565e-07
1.88152e-07
1.38783e-07
9.19229e-08
4.99362e-08
2.43027e-08
2.93333e-08
4.5095e-08
3.53346e-09
0
0
1.1947e-08
4.85913e-08
1.48033e-08
0
0
0
0
0
0
0
0
0
0
2.01785e-06
2.39521e-06
1.32239e-06
4.49706e-07
1.02305e-06
1.42537e-06
1.35781e-06
1.03697e-06
9.09159e-07
1.04902e-06
1.18254e-06
1.42615e-06
1.81525e-06
2.14278e-06
2.88558e-06
2.9799e-06
2.79619e-06
2.78071e-06
2.79729e-06
2.95014e-06
3.22041e-06
3.61291e-06
4.34673e-06
5.52999e-06
7.07633e-06
9.21888e-06
1.17615e-05
1.42595e-05
1.55044e-05
1.16762e-05
0
1.41406e-07
1.19884e-05
1.18871e-05
7.45376e-06
2.2678e-06
0
0
0
0
0
0
0
0
0
0
0
0
0
0
0
0
0
0
0
0
0
0
0
0
0
0
0
0
0
3.0881e-08
8.32522e-08
0
0
0
0
0
6.48549e-08
0
0
0
0
0
0
0
0
0
0
0
1.28885e-07
1.78023e-07
2.75035e-07
5.72796e-07
9.99626e-07
1.43788e-06
1.8139e-06
2.04915e-06
2.04662e-06
1.67033e-06
1.07588e-06
4.4988e-07
0
0
0
0
0
0
0
0
0
0
1.38703e-09
0
0
0
0
0
0
1.95305e-07
3.74824e-07
3.46688e-07
2.26293e-07
1.20782e-07
8.16844e-08
1.33898e-07
2.61337e-07
3.77528e-07
4.045e-07
3.56871e-07
3.35618e-07
3.51461e-07
2.7053e-07
1.24389e-07
4.35698e-09
0
0
1.52848e-07
3.80687e-07
3.86137e-07
2.62855e-07
2.55089e-07
4.71533e-07
8.78503e-07
1.4146e-06
1.64953e-06
0
0
0
0
0
0
0
0
0
0
0
0
8.21178e-07
6.22258e-07
4.00489e-07
3.6132e-07
3.4022e-07
2.9254e-07
2.22747e-07
1.49622e-07
9.54631e-08
8.1235e-08
1.14823e-07
1.28141e-07
4.81493e-08
0
2.94729e-07
6.47776e-07
5.9531e-07
2.19826e-07
0
0
0
0
0
0
0
0
0
1.71436e-06
7.32684e-06
5.71237e-06
3.10425e-06
1.10812e-06
2.04107e-06
2.80069e-06
2.60887e-06
2.14685e-06
1.9897e-06
2.02716e-06
2.01779e-06
2.11728e-06
2.28179e-06
2.51712e-06
3.01521e-06
3.10477e-06
2.98209e-06
2.90004e-06
2.94992e-06
3.09059e-06
3.30431e-06
3.6531e-06
4.14938e-06
4.91858e-06
6.16089e-06
7.98911e-06
1.03077e-05
1.28674e-05
1.49976e-05
1.54428e-05
9.80902e-06
0
1.90275e-05
1.48921e-05
4.46102e-06
0
0
0
0
0
0
0
0
0
0
0
0
0
0
0
0
0
0
0
0
0
0
0
0
0
0
0
0
0
0
0
1.23495e-08
0
0
0
1.34013e-08
0
9.07569e-08
0
0
0
0
0
0
0
0
3.18087e-07
5.25866e-07
3.78642e-07
2.64616e-07
1.44086e-07
0
0
0
9.30283e-08
3.49011e-07
6.6931e-07
9.62001e-07
1.08718e-06
9.24138e-07
5.74854e-07
1.6837e-07
0
0
0
0
0
0
1.6806e-08
5.65654e-07
1.0001e-06
1.01414e-06
6.79164e-07
2.63466e-07
0
0
0
0
0
5.04838e-08
1.1583e-07
1.04647e-07
8.00153e-08
1.25923e-07
2.36038e-07
3.20034e-07
3.12114e-07
2.57867e-07
2.02967e-07
1.62371e-07
1.34024e-07
1.04011e-07
2.62284e-08
0
0
1.6572e-07
6.10574e-07
1.04861e-06
1.3615e-06
1.35834e-06
8.50982e-07
5.03247e-07
8.33667e-07
1.61825e-06
2.00605e-06
0
0
0
0
0
0
0
0
0
0
0
0
1.51396e-06
6.89144e-07
2.56701e-07
2.16031e-07
2.82606e-07
2.58893e-07
2.02614e-07
1.59613e-07
1.32937e-07
1.37594e-07
1.73098e-07
1.68409e-07
0
0
2.17677e-07
5.01285e-07
4.07332e-07
6.07646e-07
1.14304e-06
1.76399e-06
2.54216e-06
2.52267e-06
2.04178e-06
3.09887e-06
3.10448e-06
0
1.38732e-06
6.81414e-06
6.78835e-06
2.26436e-06
1.04821e-06
1.71481e-06
2.11815e-06
2.98922e-06
3.25891e-06
2.95701e-06
2.83555e-06
2.78246e-06
2.66008e-06
2.58264e-06
2.62324e-06
2.78558e-06
3.08007e-06
3.194e-06
3.09187e-06
3.01168e-06
2.99554e-06
3.03398e-06
3.1534e-06
3.35272e-06
3.67759e-06
4.20718e-06
5.08993e-06
6.36198e-06
8.26296e-06
1.06213e-05
1.30238e-05
1.44984e-05
1.3581e-05
6.06085e-06
5.39166e-06
5.63837e-06
0
0
0
0
0
0
0
0
0
0
0
0
0
0
0
0
0
0
0
0
0
0
0
0
0
0
0
0
0
0
0
0
0
0
8.91222e-11
0
1.78637e-08
0
8.63e-08
0
0
0
0
0
0
3.58239e-07
1.24122e-06
1.70726e-06
1.70609e-06
1.50134e-06
1.28239e-06
1.09257e-06
8.67017e-07
5.43513e-07
2.91288e-08
0
0
1.85462e-07
7.50988e-07
1.32357e-06
1.32455e-06
8.83773e-07
4.12108e-07
2.60864e-08
0
0
0
2.63822e-07
9.3665e-07
1.45628e-06
1.66994e-06
1.58755e-06
1.3033e-06
9.36417e-07
5.77502e-07
2.83682e-07
1.1869e-07
6.98536e-08
8.78845e-08
1.2774e-07
1.60065e-07
1.67115e-07
1.39035e-07
8.26002e-08
3.42814e-08
2.58024e-08
4.90756e-08
8.18172e-08
1.10722e-07
1.26599e-07
1.32177e-07
1.32282e-07
1.21087e-07
8.41664e-08
2.49986e-08
1.55659e-08
1.63074e-07
5.66358e-07
1.00074e-06
1.10525e-06
6.26926e-07
1.14533e-07
1.29283e-07
5.38505e-07
1.12519e-06
1.54959e-06
1.14204e-06
1.51246e-07
0
0
0
0
0
0
0
0
0
0
0
0
0
8.19664e-10
3.08657e-08
4.08576e-08
6.17379e-08
1.35999e-07
1.66167e-07
1.4812e-07
1.86577e-07
1.77398e-07
3.38366e-08
0
0
0
0
4.12707e-07
1.57825e-06
3.07389e-06
5.66609e-06
5.784e-06
7.68684e-06
1.86717e-05
6.85732e-06
1.65007e-06
1.14342e-06
3.71255e-06
2.13564e-06
0
7.83529e-07
2.77151e-06
2.87545e-06
2.72893e-06
3.65296e-06
3.52237e-06
3.30099e-06
3.23117e-06
3.07428e-06
2.92364e-06
2.92549e-06
3.00112e-06
3.26655e-06
3.39206e-06
3.31725e-06
3.22312e-06
3.16951e-06
3.147e-06
3.17211e-06
3.2653e-06
3.41492e-06
3.64222e-06
4.02137e-06
4.69876e-06
5.92334e-06
7.92564e-06
1.01374e-05
1.19334e-05
1.23624e-05
9.35236e-06
0
0
0
0
0
0
0
0
0
0
0
0
0
0
0
0
0
0
0
0
0
0
0
0
0
0
0
0
0
0
0
0
0
0
0
0
0
0
1.18306e-08
0
6.35352e-08
0
0
0
0
2.19919e-07
5.24361e-07
1.04598e-06
1.67183e-06
2.21005e-06
2.5479e-06
2.64461e-06
2.53731e-06
2.26779e-06
1.78533e-06
1.02162e-06
3.35373e-07
5.82862e-08
3.54794e-08
5.51733e-08
6.93499e-08
7.31842e-08
6.74205e-08
5.41025e-08
3.75788e-08
2.35318e-08
1.54557e-08
1.28455e-08
1.3092e-08
1.45823e-08
1.75064e-08
2.40541e-08
2.99369e-08
2.99472e-08
2.50916e-08
1.96041e-08
1.57679e-08
1.28327e-08
1.17634e-08
1.16085e-08
1.13261e-08
1.05666e-08
8.85705e-09
7.0946e-09
4.3439e-09
0
0
0
0
0
9.2684e-11
6.22074e-09
1.09169e-08
1.33287e-08
1.26682e-08
9.02673e-09
4.43417e-09
6.5445e-10
0
0
0
0
0
0
1.23693e-08
2.33309e-08
2.50698e-08
2.00682e-08
1.26777e-08
3.03998e-09
0
0
0
0
0
0
9.14616e-09
1.00496e-08
0
0
0
0
0
0
3.39107e-09
1.00921e-08
2.79033e-08
3.08599e-08
0
2.62325e-08
2.16503e-07
2.14352e-07
0
0
0
0
0
0
5.08534e-07
2.08613e-06
4.61883e-06
5.48002e-06
1.25767e-05
6.91345e-06
1.92573e-06
8.47094e-07
2.30316e-06
6.07639e-06
3.53813e-06
5.58136e-07
2.35704e-06
4.65954e-06
3.8824e-06
3.32246e-06
3.71099e-06
3.75265e-06
3.54567e-06
3.48881e-06
3.52073e-06
3.51502e-06
3.53303e-06
3.33128e-06
2.89996e-06
2.3895e-06
1.96896e-06
1.63956e-06
1.42079e-06
1.30013e-06
1.26699e-06
1.29454e-06
1.36354e-06
1.47872e-06
1.68821e-06
2.13187e-06
3.02583e-06
4.51927e-06
6.38409e-06
8.37378e-06
9.53841e-06
8.50455e-06
2.06085e-07
0
0
0
0
0
0
0
0
0
0
0
0
0
0
0
0
0
0
0
0
0
0
0
0
0
0
0
0
0
0
0
0
0
0
2.87297e-09
2.25504e-10
1.60912e-09
6.77868e-09
0
3.68269e-08
0
0
1.87878e-09
4.67096e-09
7.3966e-09
9.82646e-09
1.17689e-08
1.28611e-08
1.27706e-08
1.14629e-08
9.23687e-09
6.5636e-09
3.83211e-09
1.3058e-09
0
0
0
0
0
0
0
0
0
1.32769e-09
2.73049e-09
3.78897e-09
4.26101e-09
4.1503e-09
3.6644e-09
3.08429e-09
2.55836e-09
2.0484e-09
1.30603e-09
1.42985e-10
0
0
0
0
0
5.48066e-10
1.69867e-09
2.431e-09
2.92304e-09
3.49676e-09
3.82736e-09
3.32068e-09
1.94966e-09
6.39057e-10
0
0
0
0
0
1.29609e-10
3.37776e-10
4.10514e-10
3.70433e-10
2.06497e-10
0
0
0
4.04238e-10
1.00305e-09
1.60416e-09
9.748e-10
0
0
0
0
2.58869e-09
2.58077e-09
0
1.03035e-09
1.21388e-08
1.08487e-08
0
0
0
0
2.27363e-08
2.28661e-08
1.85379e-08
2.28709e-08
1.41925e-08
1.31245e-08
4.49937e-08
1.69369e-08
0
4.38021e-08
3.84265e-07
4.38625e-07
0
0
0
0
0
0
0
0
0
0
0
0
0
0
1.19261e-05
1.93077e-05
1.06663e-05
4.40908e-06
5.29293e-06
7.1341e-06
5.66795e-06
4.09799e-06
4.09488e-06
3.98083e-06
3.66333e-06
3.07031e-06
2.30617e-06
1.46038e-06
8.84965e-07
5.54588e-07
3.89611e-07
3.03918e-07
2.46602e-07
2.03797e-07
1.77345e-07
1.67679e-07
1.73747e-07
1.87863e-07
2.03719e-07
2.14264e-07
2.25938e-07
2.66275e-07
3.49829e-07
4.5157e-07
5.67466e-07
7.05938e-07
7.42539e-07
5.01872e-07
2.32364e-08
0
0
0
0
0
0
0
0
0
0
0
0
0
0
0
0
0
0
0
0
0
0
0
0
0
0
0
0
0
0
0
0
7.43621e-10
0
1.49416e-09
0
1.54053e-09
7.06053e-10
0
1.25771e-08
0
0
0
0
0
0
0
0
0
0
5.15221e-10
8.52224e-10
9.26478e-10
7.15936e-10
2.8248e-10
0
0
0
0
0
0
0
0
0
3.78154e-10
9.97611e-10
1.32862e-09
1.31227e-09
1.09444e-09
9.2062e-10
9.23255e-10
9.93722e-10
7.55871e-10
0
0
0
0
0
0
0
0
0
0
0
0
0
0
0
0
0
0
0
0
2.0504e-10
5.53161e-10
7.65328e-10
8.10095e-10
6.90896e-10
4.26449e-10
3.3348e-10
4.90239e-10
5.12328e-10
5.6643e-10
7.8467e-10
5.22438e-10
4.11194e-10
1.35772e-09
1.5311e-09
1.42887e-09
4.10993e-09
3.03907e-09
0
7.69627e-09
5.12739e-08
9.18457e-08
0
0
0
0
0
6.1991e-09
3.7234e-08
7.03971e-08
5.04175e-08
0
0
0
0
0
0
4.21311e-07
0
0
0
0
0
0
0
0
0
0
0
0
0
0
0
2.96014e-06
2.48239e-06
1.64844e-06
2.24798e-06
4.90649e-06
7.64096e-06
7.50472e-06
8.02816e-06
7.89489e-06
5.23435e-06
2.89078e-06
1.38275e-06
6.20851e-07
3.04001e-07
1.8632e-07
1.4244e-07
1.17296e-07
9.32043e-08
7.26839e-08
6.24294e-08
6.55252e-08
8.02744e-08
1.04528e-07
1.29646e-07
1.44334e-07
1.49021e-07
1.54006e-07
1.39048e-07
7.03492e-08
0
0
0
0
0
0
0
0
0
0
0
0
0
0
0
0
0
0
0
0
0
0
0
0
0
0
0
0
0
0
0
0
0
0
0
0
0
0
0
0
0
0
0
0
2.21493e-09
0
0
0
0
0
0
0
0
0
0
0
0
0
0
0
0
0
0
0
0
0
0
0
0
0
0
2.57162e-10
3.71546e-10
3.3536e-10
3.56579e-10
5.71692e-10
8.69131e-10
8.8782e-10
1.64791e-10
0
0
0
0
0
0
0
0
0
0
0
0
0
0
0
0
0
6.01371e-10
1.13335e-09
1.60375e-09
1.92658e-09
1.85365e-09
1.55535e-09
1.20134e-09
8.29989e-10
6.52008e-10
6.27613e-10
4.81691e-10
5.21001e-10
9.83526e-10
1.29278e-09
2.24891e-09
4.94576e-09
4.87627e-09
4.42947e-09
7.51464e-09
3.70206e-09
0
2.177e-08
2.07348e-07
4.74713e-07
3.10711e-08
0
0
0
0
0
0
1.22127e-07
1.12202e-07
0
0
0
0
0
0
0
0
0
0
0
0
0
0
5.46976e-08
0
0
0
0
0
0
0
5.49795e-07
5.91466e-07
3.11721e-07
3.35839e-07
7.5168e-07
1.67837e-06
2.67702e-06
3.8897e-06
7.69165e-06
1.0413e-05
4.39668e-06
1.35094e-06
4.30737e-07
1.66577e-07
9.7127e-08
7.85263e-08
6.23684e-08
3.52366e-08
7.1021e-09
0
6.10928e-09
3.53118e-08
8.06276e-08
1.31237e-07
1.69399e-07
1.81315e-07
1.59581e-07
8.92589e-08
2.1897e-11
0
0
0
0
0
0
0
0
0
0
0
0
0
0
0
0
0
0
7.68405e-09
8.90217e-09
7.79047e-10
0
0
0
0
0
0
0
0
0
0
0
0
0
0
0
0
0
0
0
0
0
0
0
0
0
0
0
0
0
0
0
0
0
0
0
0
0
0
0
0
0
0
0
0
0
0
0
0
0
0
0
0
0
0
1.82386e-10
5.89133e-10
1.7037e-09
2.49837e-09
0
0
0
0
0
0
0
0
0
0
0
0
0
0
0
0
0
1.08215e-09
2.39693e-09
3.20316e-09
3.56108e-09
3.41136e-09
3.03789e-09
2.67009e-09
2.20547e-09
1.91111e-09
1.88257e-09
1.22043e-09
1.31739e-09
3.0557e-09
4.17814e-09
7.16525e-09
1.2824e-08
1.15245e-08
9.8297e-09
1.359e-08
2.73834e-09
0
4.32952e-08
5.7409e-07
1.21071e-06
5.64857e-07
0
0
0
0
0
0
9.71117e-08
1.86291e-07
0
0
0
0
0
0
0
0
0
2.86947e-07
0
0
4.17809e-08
1.33782e-06
7.64624e-07
8.18858e-08
0
0
0
0
0
0
3.11643e-07
2.7128e-07
9.28619e-08
8.53441e-08
2.5672e-07
6.4352e-07
1.09053e-06
1.46031e-06
2.69732e-06
7.89227e-06
6.95226e-06
1.22957e-06
2.69253e-07
8.17274e-08
4.677e-08
3.94523e-08
2.72721e-08
0
0
0
0
0
0
7.0119e-08
1.39344e-07
1.68476e-07
1.28905e-07
4.13006e-08
0
0
0
0
0
0
0
0
2.36037e-09
5.56609e-09
6.83312e-09
5.02949e-09
0
0
0
0
0
0
2.37241e-08
1.81898e-08
7.68917e-09
1.4907e-09
0
0
0
0
0
0
0
0
0
0
0
0
0
0
0
0
0
0
0
0
0
0
0
0
0
4.64744e-08
3.32233e-08
4.05478e-08
5.10402e-08
4.95317e-08
4.24492e-08
3.59997e-08
3.05277e-08
2.56948e-08
2.13835e-08
1.78695e-08
1.46811e-08
1.24501e-08
1.04858e-08
9.50637e-09
7.50974e-09
6.78729e-09
3.94648e-09
3.80881e-09
3.52708e-10
1.80349e-09
0
1.17575e-09
0
0
3.99284e-08
1.80915e-08
1.75949e-08
1.89429e-08
1.63262e-08
1.26496e-08
1.04427e-08
8.4366e-09
7.24615e-09
5.97378e-09
5.22193e-09
4.2854e-09
3.84187e-09
3.27381e-09
3.14631e-09
2.56311e-09
2.45621e-09
1.50356e-09
1.55966e-09
1.80998e-10
9.13943e-10
0
8.12652e-10
0
0
5.63549e-08
1.30233e-08
1.16641e-08
1.73637e-08
1.55696e-08
1.17697e-08
8.98629e-09
6.98879e-09
5.55415e-09
4.35384e-09
3.43298e-09
2.62241e-09
2.11767e-09
1.67815e-09
1.45291e-09
1.14483e-09
1.06567e-09
6.83529e-10
7.10407e-10
1.89952e-10
4.99696e-10
0
5.36434e-10
0
0
4.97177e-08
0
0
0
0
0
0
9.77532e-10
3.13659e-09
4.37053e-09
4.93143e-09
4.83939e-09
4.59255e-09
3.99403e-09
3.55462e-09
2.82961e-09
2.49287e-09
1.80882e-09
1.77264e-09
1.06335e-09
1.40717e-09
4.63369e-10
1.49009e-09
0
7.84802e-10
2.25649e-08
0
0
0
0
0
0
0
0
0
0
0
0
0
0
0
0
0
0
0
0
0
0
0
0
3.21416e-08
0
0
0
0
0
0
0
0
0
0
0
0
0
0
0
0
0
0
0
0
0
0
0
0
0
0
0
0
0
0
0
0
0
0
0
0
0
0
0
0
0
0
0
0
0
0
0
0
0
0
0
0
0
0
0
0
0
0
0
0
0
0
0
0
0
0
0
0
0
0
0
0
0
0
0
0
0
0
0
0
0
0
0
0
0
0
0
0
0
0
0
0
0
0
0
0
0
0
0
0
0
0
0
0
0
0
0
0
0
0
0
0
0
0
0
0
0
0
0
0
0
0
0
0
0
0
0
0
0
0
0
0
0
0
0
0
0
0
0
0
0
0
0
0
0
0
0
0
0
0
0
0
0
0
0
0
0
0
0
0
0
0
0
0
0
0
0
0
0
0
0
0
0
0
0
0
0
0
0
0
0
0
0
0
0
0
0
0
0
0
0
0
0
0
0
0
0
0
0
0
0
0
0
0
0
0
0
0
0
0
0
0
0
0
0
0
0
0
0
0
0
0
0
0
0
0
0
0
0
0
0
0
0
0
0
0
0
0
0
0
0
0
0
0
0
0
0
0
0
0
0
0
0
0
0
0
0
0
0
0
0
0
0
0
0
0
0
0
0
0
0
0
0
0
0
0
0
0
0
0
0
0
0
0
0
0
0
0
0
0
0
0
0
0
0
0
0
0
0
0
0
0
0
0
0
0
0
0
0
0
0
0
0
0
0
0
0
0
0
0
0
0
0
0
5.35466e-07
0
0
0
0
0
0
0
0
0
0
0
0
0
0
0
0
0
0
0
0
0
0
0
0
1.47623e-06
4.1205e-09
0
0
0
0
0
0
0
0
0
0
0
0
0
0
0
0
0
0
0
0
0
0
0
1.45652e-06
5.97476e-07
0
0
0
0
0
0
0
0
0
0
0
0
0
0
0
0
0
0
0
0
0
0
0
1.49346e-06
9.01642e-07
0
0
0
0
0
0
0
0
0
0
0
0
0
0
0
0
0
0
0
0
0
0
0
1.08943e-06
6.60485e-07
0
0
0
0
0
0
0
0
0
0
0
0
0
0
0
0
0
0
0
0
0
0
0
3.67042e-07
4.31294e-07
0
0
0
0
0
0
0
0
0
0
0
0
0
0
0
0
0
0
0
0
0
0
0
0
3.45015e-08
0
0
0
0
0
0
0
0
0
0
0
0
0
0
0
0
0
0
0
0
0
0
0
0
0
0
1.46459e-07
2.57128e-08
0
0
0
0
0
0
0
0
0
0
0
0
0
0
0
0
0
0
0
0
0
0
0
1.32157e-07
1.69652e-07
0
0
0
0
0
0
0
0
0
0
0
0
0
0
0
0
0
0
0
0
0
0
0
0
1.16e-07
0
0
0
0
0
0
0
0
0
0
0
0
0
0
0
0
0
0
0
0
0
0
0
0
0
0
0
0
0
0
0
0
0
0
0
0
0
0
0
0
0
0
0
0
0
0
0
0
0
0
0
0
0
0
0
0
0
0
0
0
0
0
0
0
0
0
0
0
0
0
0
0
0
0
0
0
0
0
0
0
0
0
0
0
0
0
0
0
0
0
0
0
0
0
0
0
0
0
0
0
0
0
0
0
0
0
0
0
0
0
0
0
0
0
0
0
0
0
0
0
0
0
0
0
0
0
0
0
0
0
0
0
0
0
0
0
0
0
0
0
0
0
0
0
0
0
0
0
0
0
0
0
0
0
0
0
0
0
0
0
0
0
0
0
0
0
0
0
0
0
0
0
0
0
0
0
0
0
0
0
0
0
0
0
0
0
0
0
0
0
0
0
0
0
0
0
0
0
0
0
0
0
0
0
0
0
0
0
0
0
0
0
0
0
0
0
0
0
0
0
0
0
0
0
0
0
0
0
0
0
0
0
0
0
0
0
0
0
0
0
0
0
0
0
0
0
0
0
0
0
0
0
0
0
0
0
0
0
0
0
0
0
0
0
0
0
0
0
0
0
0
0
0
0
0
0
0
0
0
0
0
0
0
0
0
0
0
0
0
0
0
0
0
0
0
0
0
0
0
0
0
0
0
0
0
0
0
0
0
0
0
0
0
0
0
0
0
0
0
0
4.33452e-07
0
0
0
0
0
0
0
0
0
0
0
0
0
0
0
0
0
0
0
0
0
0
0
0
1.70294e-06
5.42313e-07
0
0
0
0
0
0
0
0
0
0
0
0
0
0
0
0
0
0
0
0
0
0
0
2.8927e-06
3.01756e-06
7.64016e-07
0
0
0
0
0
0
0
0
0
0
0
0
0
0
0
0
0
0
0
0
0
0
1.79366e-06
3.11314e-06
1.74352e-06
5.3899e-07
0
0
0
0
0
0
0
0
0
0
0
0
0
0
0
0
0
0
0
0
0
0
9.09334e-07
1.12709e-06
7.0644e-07
1.47833e-07
0
0
0
0
0
0
0
0
0
0
0
0
0
0
0
0
0
0
0
0
0
0
0
0
0
0
0
0
0
0
0
0
0
0
0
0
0
0
0
0
0
0
0
0
0
0
0
0
0
0
0
0
0
0
0
0
0
0
0
0
0
0
0
0
0
0
0
0
0
0
0
0
0
0
0
0
0
0
0
0
0
0
0
0
0
0
0
0
0
0
0
0
0
0
0
0
0
0
0
0
0
0
0
0
0
0
0
0
0
0
0
0
0
0
0
0
0
0
0
0
2.48496e-08
0
0
0
0
0
0
0
0
0
0
0
0
0
0
0
4.63317e-09
0
0
0
0
0
0
0
0
5.94201e-08
0
0
0
0
0
0
0
0
0
0
0
0
0
4.3602e-09
6.08807e-09
8.21856e-09
3.61861e-09
2.54969e-09
0
8.44134e-10
0
3.5749e-09
0
2.40827e-09
6.04132e-08
0
0
0
0
0
0
3.50867e-09
6.6511e-09
7.7366e-09
7.74027e-09
6.73077e-09
6.48862e-09
5.91721e-09
6.11291e-09
5.07549e-09
4.77911e-09
2.91208e-09
2.826e-09
1.11012e-09
2.31326e-09
3.18856e-10
2.83159e-09
0
1.38533e-09
3.86744e-08
0
0
0
0
0
5.16362e-09
7.97468e-09
8.75748e-09
8.1919e-09
7.17168e-09
5.8267e-09
4.8238e-09
3.72774e-09
3.14157e-09
2.34406e-09
2.11687e-09
1.41922e-09
1.53755e-09
8.74115e-10
1.45514e-09
4.52679e-10
1.65995e-09
1.81379e-11
5.95913e-10
1.5727e-08
0
0
4.17773e-09
6.33227e-09
7.76156e-09
7.88674e-09
6.94881e-09
5.68961e-09
4.41813e-09
3.42368e-09
2.59142e-09
2.06807e-09
1.57025e-09
1.34784e-09
1.03347e-09
1.00733e-09
7.24437e-10
8.39549e-10
4.92456e-10
7.94909e-10
2.98683e-10
9.20901e-10
0
5.58622e-11
6.74458e-09
0
9.66582e-09
8.50357e-09
5.98819e-09
4.09214e-09
2.7657e-09
1.78446e-09
1.08457e-09
6.30187e-10
4.01099e-10
2.62611e-10
2.27214e-10
1.68738e-10
1.96387e-10
1.34818e-10
1.79379e-10
8.70866e-11
1.81078e-10
3.20886e-11
2.18067e-10
0
2.79632e-10
0
0
4.96052e-09
5.42827e-09
8.15621e-09
4.42572e-09
1.87664e-09
4.46218e-10
0
0
0
0
0
0
0
0
0
0
0
0
0
0
0
0
0
0
0
4.07206e-09
6.41587e-09
6.33243e-09
2.19444e-09
1.8138e-10
0
0
0
0
0
0
0
0
0
0
0
0
0
0
0
0
0
0
0
0
)
;

boundaryField
{
    inlet
    {
        type            zeroGradient;
    }
    outlet
    {
        type            zeroGradient;
    }
    upperWall
    {
        type            zeroGradient;
    }
    lowerWall
    {
        type            zeroGradient;
    }
    frontAndBack
    {
        type            empty;
    }
}


// ************************************************************************* //
