/*--------------------------------*- C++ -*----------------------------------*\
| =========                 |                                                 |
| \\      /  F ield         | OpenFOAM: The Open Source CFD Toolbox           |
|  \\    /   O peration     | Version:  2112                                  |
|   \\  /    A nd           | Website:  www.openfoam.com                      |
|    \\/     M anipulation  |                                                 |
\*---------------------------------------------------------------------------*/
FoamFile
{
    version     2.0;
    format      ascii;
    arch        "LSB;label=32;scalar=64";
    class       volScalarField;
    location    "0.034";
    object      nut;
}
// * * * * * * * * * * * * * * * * * * * * * * * * * * * * * * * * * * * * * //

dimensions      [0 2 -1 0 0 0 0];

internalField   nonuniform List<scalar> 
12225
(
2.51948e-09
0
0
0
0
0
0
0
0
0
0
0
0
0
0
0
0
0
1.00901e-09
0
0
0
0
0
0
0
0
0
0
0
0
0
0
0
0
0
9.90475e-10
0
0
0
0
5.35877e-11
5.73029e-10
3.98565e-10
0
0
0
0
0
0
0
0
0
0
1.4117e-08
9.75578e-09
5.94794e-09
0
1.41085e-09
5.76963e-09
7.9105e-09
5.41481e-09
7.75774e-10
0
0
0
0
0
0
0
0
0
4.05622e-07
7.63795e-07
3.26078e-07
0
0
0
0
3.40104e-07
4.44485e-07
3.43182e-07
0
0
0
0
0
9.91043e-09
9.59913e-09
1.11105e-08
2.72253e-07
1.07568e-06
1.49985e-07
0
0
0
0
2.62063e-07
4.96028e-07
0
0
0
0
0
0
0
0
0
0
6.5075e-07
0
0
0
0
0
0
0
0
0
0
0
2.39462e-07
4.19486e-07
0
0
0
0
0
0
0
0
0
0
0
0
0
0
0
3.77986e-07
1.15597e-06
1.1418e-06
2.36953e-07
0
0
0
0
0
0
0
0
0
0
0
0
0
4.57947e-07
5.35847e-07
5.85258e-07
4.03803e-07
1.67713e-07
0
0
0
0
0
0
0
0
0
0
0
0
0
3.15302e-07
1.51384e-07
5.44436e-08
1.21488e-08
9.79495e-09
6.78714e-09
2.47229e-09
0
0
0
0
0
0
0
0
0
0
0
0
0
0
0
0
0
0
1.32e-06
1.35709e-06
9.89643e-08
0
0
0
0
0
0
0
0
0
0
0
0
0
0
0
1.39194e-06
1.2261e-06
7.30576e-07
0
0
0
0
0
0
0
0
0
0
1.0018e-07
0
0
0
0
1.00095e-06
1.51766e-06
8.85363e-07
1.44418e-07
2.28444e-07
1.28798e-08
0
0
0
0
0
0
0
2.03854e-07
1.63412e-07
0
0
0
0
0
6.12833e-08
6.16041e-08
6.51756e-07
1.32158e-06
1.35677e-07
0
0
0
0
0
0
0
2.33876e-07
0
0
0
0
0
0
0
3.67175e-09
3.41629e-07
4.19115e-07
5.51682e-07
7.21379e-07
7.12872e-07
4.88644e-07
1.57257e-07
0
0
1.29035e-07
0
0
0
2.22776e-07
0
0
0
1.42627e-07
5.33947e-07
8.53399e-07
1.24237e-06
1.29701e-06
1.00379e-06
4.85485e-07
0
0
0
0
0
0
0
1.14837e-06
1.10243e-06
1.30843e-06
2.77598e-06
1.52385e-06
6.4709e-07
8.60327e-07
1.64802e-06
2.38415e-06
1.87785e-06
0
0
0
0
4.4747e-06
3.03423e-06
6.06929e-07
0
4.99567e-07
0
0
0
2.34439e-06
1.66349e-06
1.03852e-06
6.71636e-07
2.3159e-07
0
0
0
0
0
0
0
0
0
2.98908e-07
0
0
0
0
7.69324e-07
0
0
0
0
0
0
0
0
0
0
0
0
7.57904e-08
5.43142e-08
0
0
1.80109e-06
3.39252e-06
2.04254e-06
7.50463e-07
0
0
0
1.45514e-07
2.22244e-07
1.95357e-07
1.13563e-07
0
0
0
0
9.08027e-07
2.48272e-06
2.60094e-06
2.9058e-06
2.2764e-06
9.77481e-07
1.50243e-07
0
0
2.42504e-07
5.58698e-07
7.61504e-07
8.39753e-07
7.75619e-07
5.1327e-07
3.56841e-08
0
5.47108e-07
1.01029e-06
1.89589e-06
1.8849e-06
2.02421e-06
8.79522e-07
0
0
0
0
0
5.12116e-07
8.13989e-07
8.27201e-07
5.37634e-07
2.22506e-08
0
0
1.01374e-07
3.5414e-07
9.86107e-07
1.15031e-06
5.07402e-07
0
0
0
0
0
0
2.74441e-07
5.88458e-07
2.60581e-07
0
0
0
0
0
0
0
0
0
0
5.22433e-08
0
0
0
0
0
9.60265e-08
0
0
0
0
0
8.31285e-07
0
0
0
0
0
0
0
0
0
0
0
0
0
0
0
0
0
4.26324e-08
4.45907e-08
4.2205e-08
1.0152e-09
0
0
0
0
0
0
0
0
0
0
0
0
0
0
0
0
3.01153e-10
0
0
0
0
0
0
0
0
0
0
0
0
0
4.18518e-10
1.01566e-09
0
0
0
0
0
0
0
0
0
0
0
0
0
0
0
0
0
0
0
0
0
0
0
0
0
0
0
0
0
0
0
0
0
0
0
0
0
4.96745e-06
1.14042e-05
0
0
0
0
7.29114e-07
2.651e-06
2.38721e-06
1.14702e-06
6.137e-09
0
0
0
0
0
0
0
0
2.24719e-08
0
0
1.32223e-07
1.06012e-06
1.27118e-06
4.78861e-07
4.88905e-06
1.55628e-05
2.77718e-05
1.87534e-05
0
0
0
3.7057e-06
4.28507e-06
0
0
0
0
6.82104e-06
3.80462e-05
3.58882e-05
1.09744e-05
2.61732e-06
4.55099e-07
0
0
7.49983e-08
2.03723e-07
2.90019e-07
3.30351e-07
3.38391e-07
3.24611e-07
2.97079e-07
2.653e-07
2.30875e-07
1.96068e-07
1.62394e-07
1.34714e-07
1.0482e-07
8.32504e-08
5.96397e-08
4.17626e-08
2.52311e-08
9.90162e-09
0
0
0
0
0
0
0
0
0
0
0
0
0
0
0
0
0
0
0
0
0
0
0
0
0
0
0
0
0
0
0
0
0
0
0
0
0
0
0
0
0
0
0
0
0
0
0
0
0
0
0
0
0
0
0
0
0
0
0
0
0
0
0
0
0
0
0
0
0
0
0
0
0
0
0
0
0
0
0
0
0
0
0
0
0
0
0
0
0
0
0
0
0
0
0
0
0
0
0
0
0
0
0
0
0
0
0
0
0
0
0
0
0
0
0
0
0
0
0
0
0
2.68967e-06
4.07945e-06
3.94254e-06
2.718e-06
1.2359e-06
1.19679e-07
0
0
0
0
0
0
1.44396e-07
1.71307e-07
3.70618e-08
0
2.55902e-07
1.07533e-06
0
0
4.36595e-07
5.03843e-06
1.08799e-05
1.84734e-05
7.36278e-06
0
0
9.09714e-06
6.23563e-06
1.06564e-06
0
0
0
0
0
4.1365e-06
3.97974e-06
2.07154e-06
8.4371e-07
3.23063e-07
1.89809e-07
2.05087e-07
2.49371e-07
2.70703e-07
2.75603e-07
2.59522e-07
2.43709e-07
2.20331e-07
2.02102e-07
1.82607e-07
1.66034e-07
1.5015e-07
1.34558e-07
1.18347e-07
1.01911e-07
8.34445e-08
6.37894e-08
4.19563e-08
1.81141e-08
0
0
0
0
0
0
0
0
0
0
0
0
0
0
0
0
0
0
0
0
0
0
0
0
0
0
0
0
0
0
0
0
0
0
0
0
0
0
0
0
0
0
0
0
0
0
0
0
0
0
0
0
0
0
0
0
0
0
0
0
0
0
0
0
0
0
0
0
0
0
0
0
0
0
0
0
0
0
0
0
0
0
0
0
0
0
0
0
0
0
0
0
0
0
0
0
0
0
0
0
0
0
0
0
0
0
0
0
0
0
0
0
0
0
5.03449e-06
4.29638e-06
2.766e-06
2.06266e-06
1.49041e-06
1.65674e-06
2.62745e-06
3.4764e-06
3.81548e-06
3.6346e-06
3.02675e-06
2.04309e-06
7.51836e-07
0
0
0
0
1.58538e-07
1.17239e-06
1.89776e-06
2.00687e-06
1.47207e-06
5.68302e-07
4.11321e-07
1.53831e-06
0
0
2.38684e-06
5.74147e-06
8.83979e-06
1.42787e-05
1.22557e-05
0
0
0
0
0
0
0
0
0
0
1.13955e-06
1.64744e-06
1.02921e-06
7.36723e-07
7.00437e-07
7.57726e-07
8.50124e-07
9.15865e-07
9.38355e-07
9.25714e-07
8.84095e-07
8.28885e-07
7.67839e-07
7.09966e-07
6.5201e-07
5.9937e-07
5.47934e-07
4.95496e-07
4.39749e-07
3.79343e-07
3.13479e-07
2.41033e-07
1.62756e-07
7.79712e-08
0
0
0
0
0
0
0
0
0
0
0
0
0
0
0
0
0
0
0
0
0
0
0
0
0
0
0
0
0
0
0
0
0
0
0
0
0
0
0
0
0
0
0
0
0
0
0
0
0
0
0
0
0
0
0
0
0
8.01016e-10
1.35494e-09
1.40582e-09
1.24096e-09
1.01377e-09
7.84543e-10
5.63785e-10
3.18779e-10
0
0
0
0
0
0
0
0
0
0
0
0
0
0
0
0
0
0
0
0
0
0
0
0
0
0
0
0
0
0
0
0
0
0
0
0
0
0
0
0
0
0
0
0
0
0
0
0
0
9.17502e-06
4.67865e-06
3.50366e-06
3.24516e-06
2.51697e-06
2.44349e-06
2.97941e-06
3.36728e-06
2.92964e-06
1.97577e-06
1.15622e-06
1.14232e-06
2.88803e-06
6.97686e-06
2.51631e-06
0
0
0
0
0
0
0
2.48756e-07
6.60201e-07
3.92271e-06
4.93433e-06
4.15224e-06
6.8627e-06
5.79596e-06
3.46188e-06
1.12249e-06
0
0
0
0
0
1.84559e-07
9.51946e-07
0
0
4.24344e-07
0
4.00448e-07
6.79097e-07
7.39119e-07
1.08676e-06
1.45725e-06
1.67672e-06
1.67191e-06
1.4977e-06
1.25396e-06
1.01665e-06
8.21711e-07
6.72649e-07
5.59834e-07
4.81525e-07
4.27323e-07
3.92321e-07
3.74039e-07
3.71862e-07
3.87169e-07
4.14378e-07
4.38389e-07
4.26885e-07
3.30888e-07
1.28791e-07
0
0
0
0
0
0
0
0
0
0
0
0
0
0
0
0
0
3.69761e-09
7.35432e-09
8.63574e-09
6.94163e-09
2.82372e-09
0
0
0
0
0
0
0
0
0
0
0
0
0
0
0
0
0
0
0
0
0
0
0
0
0
0
0
0
0
0
0
0
0
0
0
0
0
1.34242e-08
8.28124e-08
1.39054e-07
1.75008e-07
1.83719e-07
1.71644e-07
1.52029e-07
1.31432e-07
1.10847e-07
9.02858e-08
7.01299e-08
5.18751e-08
3.7093e-08
2.62323e-08
1.86467e-08
1.32437e-08
9.05764e-09
5.60229e-09
2.75557e-09
5.20214e-10
0
0
0
0
0
0
0
0
0
0
0
0
0
0
0
0
0
0
0
0
0
0
0
0
0
0
0
0
0
0
0
7.28024e-11
0
1.30516e-10
0
7.49416e-06
5.09279e-06
2.56778e-06
1.7521e-06
1.93031e-06
2.4792e-06
1.38751e-06
0
0
0
0
9.74117e-07
1.62094e-06
2.80942e-09
0
0
0
0
0
0
0
2.04462e-06
4.09625e-06
6.63233e-06
1.02361e-05
1.07298e-05
6.44103e-06
2.54147e-06
1.90238e-07
0
0
0
0
0
0
0
5.7526e-07
1.46672e-06
6.2523e-07
8.16931e-07
7.03131e-07
3.66168e-07
1.06702e-06
1.45678e-06
1.56072e-06
1.41945e-06
1.20611e-06
9.76576e-07
7.76611e-07
6.03835e-07
4.63062e-07
3.51302e-07
2.61294e-07
1.88838e-07
1.36747e-07
9.97002e-08
7.89821e-08
7.52525e-08
9.20008e-08
1.34066e-07
2.04713e-07
2.98938e-07
3.9644e-07
4.53554e-07
3.99989e-07
1.68912e-07
0
0
0
0
0
0
0
0
0
0
0
1.98403e-08
2.59964e-08
2.17156e-08
1.1751e-08
5.21635e-12
0
0
0
0
0
0
0
0
0
0
0
0
0
0
0
0
0
0
0
0
0
0
0
0
0
0
0
0
0
0
0
0
0
0
0
0
0
0
0
0
0
0
0
0
0
0
0
0
0
0
0
0
0
0
0
0
0
0
0
0
0
0
0
3.62931e-08
3.80494e-08
2.30867e-08
9.19639e-09
1.19761e-09
0
0
0
0
0
7.06929e-11
2.89606e-10
4.77309e-10
6.80636e-10
9.20731e-10
1.18033e-09
1.45464e-09
1.67428e-09
1.76155e-09
1.73589e-09
1.56421e-09
1.2954e-09
9.52281e-10
7.04684e-10
3.40321e-10
2.38683e-10
0
0
0
0
0
1.69285e-10
0
1.50413e-10
0
2.3692e-06
2.7298e-06
2.14422e-06
2.13728e-06
2.33996e-06
0
0
0
0
0
0
0
0
0
0
0
0
0
0
4.97959e-07
3.51235e-06
5.30503e-06
5.49063e-06
4.96635e-06
4.40041e-06
3.77668e-06
2.51192e-06
1.92105e-07
0
0
0
0
0
0
0
0
0
0
1.43848e-07
1.07694e-06
1.55298e-06
1.76694e-06
1.742e-06
1.64766e-06
1.53891e-06
1.40877e-06
1.2512e-06
1.06362e-06
8.75747e-07
6.9688e-07
5.3401e-07
3.88512e-07
2.72657e-07
1.8745e-07
1.29438e-07
9.97096e-08
9.67011e-08
1.21219e-07
1.76067e-07
2.6402e-07
3.88275e-07
5.49497e-07
7.35909e-07
8.97824e-07
9.03111e-07
4.99078e-07
0
0
0
0
0
0
0
0
0
0
0
0
0
0
0
0
0
0
0
0
0
0
0
0
0
0
0
0
0
0
0
0
0
0
0
0
0
0
0
0
0
0
0
0
0
0
0
0
0
0
0
0
0
0
0
0
0
0
0
0
0
0
0
0
0
0
0
0
0
0
0
0
0
0
0
0
0
0
0
0
0
0
3.60408e-08
9.85596e-08
1.46682e-07
1.8532e-07
2.07887e-07
2.17213e-07
2.14869e-07
2.01353e-07
1.76709e-07
1.40183e-07
8.91279e-08
2.55947e-08
0
0
0
0
0
0
0
0
0
0
0
0
0
0
2.26143e-09
0
1.79961e-09
0
0
0
1.80629e-07
4.77128e-07
1.10639e-06
2.6623e-06
0
0
0
0
0
0
0
0
0
0
0
0
0
0
0
7.25139e-06
1.17242e-05
1.16723e-05
9.4903e-06
6.59064e-06
4.04832e-06
2.32386e-06
1.01913e-06
0
0
0
0
0
0
0
0
0
0
0
4.33604e-08
1.20411e-06
1.63703e-06
1.72167e-06
1.67685e-06
1.63897e-06
1.5722e-06
1.46265e-06
1.30101e-06
1.10572e-06
9.06046e-07
7.06143e-07
5.2113e-07
3.73143e-07
2.6273e-07
1.89516e-07
1.49541e-07
1.3746e-07
1.47058e-07
1.74938e-07
2.22196e-07
2.95708e-07
4.1343e-07
6.07107e-07
9.15855e-07
1.3612e-06
1.86802e-06
1.87428e-06
0
0
0
0
0
0
0
0
0
0
0
0
0
0
0
0
0
0
0
0
0
0
0
0
0
0
0
0
0
0
0
0
0
0
0
0
0
0
0
0
0
0
0
0
0
0
0
0
0
0
0
0
0
0
0
0
0
0
0
0
0
0
0
0
0
0
0
0
0
0
0
0
0
0
0
0
0
0
0
0
0
0
3.36914e-08
1.18401e-07
1.74852e-07
2.18479e-07
2.51671e-07
2.684e-07
2.68672e-07
2.52854e-07
2.21827e-07
1.76842e-07
1.19662e-07
5.29353e-08
0
0
0
0
0
0
0
0
0
0
0
0
0
0
0
0
0
0
0
0
0
3.13815e-08
3.25948e-07
2.43042e-06
0
0
0
0
0
0
0
0
0
0
0
0
0
1.98304e-06
2.23552e-05
2.90253e-05
2.74262e-05
2.28071e-05
1.77557e-05
1.25434e-05
7.54993e-06
3.58844e-06
1.16004e-06
0
0
0
0
0
0
0
0
0
0
0
1.14535e-06
1.7756e-06
1.80915e-06
1.72112e-06
1.65877e-06
1.60819e-06
1.51863e-06
1.39016e-06
1.22558e-06
1.03089e-06
8.25839e-07
6.28893e-07
4.65469e-07
3.39989e-07
2.50497e-07
1.91001e-07
1.55104e-07
1.34124e-07
1.19237e-07
1.07125e-07
1.03768e-07
1.31259e-07
2.37448e-07
4.9842e-07
1.01391e-06
1.90579e-06
3.29089e-06
5.27555e-06
6.00549e-06
0
0
0
0
0
6.55959e-08
1.89651e-07
2.33854e-07
2.33817e-07
1.98124e-07
1.21559e-07
0
0
0
0
0
0
0
0
0
0
0
0
0
0
0
0
0
0
0
0
0
0
0
0
0
0
0
0
0
0
0
0
0
0
0
0
0
0
0
0
0
0
0
0
0
0
0
0
0
0
0
0
0
0
0
0
0
0
0
0
0
0
0
0
0
0
0
0
0
0
4.07055e-08
1.57989e-07
2.2114e-07
2.59648e-07
2.86158e-07
3.01906e-07
3.03629e-07
2.88383e-07
2.55792e-07
2.07074e-07
1.44457e-07
7.0832e-08
0
0
0
0
0
0
0
0
0
0
0
0
0
0
0
0
0
0
0
0
0
0
1.5158e-07
9.96725e-07
0
0
0
0
0
0
0
0
0
0
0
0
2.79388e-05
5.59466e-05
5.37832e-05
4.71428e-05
3.91665e-05
3.22703e-05
2.5742e-05
1.84834e-05
1.10961e-05
5.36741e-06
1.8665e-06
0
0
0
0
0
0
0
0
0
0
1.54368e-06
3.0362e-06
2.69657e-06
1.99735e-06
1.56898e-06
1.35265e-06
1.22e-06
1.11554e-06
1.00912e-06
8.86306e-07
7.51597e-07
6.09918e-07
4.75212e-07
3.62337e-07
2.69628e-07
1.96536e-07
1.4028e-07
9.67877e-08
5.84134e-08
1.99921e-08
0
0
2.50259e-08
2.55573e-07
8.13089e-07
1.83628e-06
3.2389e-06
4.88055e-06
6.98334e-06
9.78247e-06
1.78697e-06
0
0
0
5.79628e-07
9.43796e-07
1.02826e-06
9.85261e-07
8.72842e-07
7.35436e-07
6.21108e-07
5.22606e-07
4.31377e-07
3.2622e-07
1.91331e-07
1.11191e-08
0
0
0
0
0
0
0
0
0
0
0
0
0
0
0
0
0
0
0
0
0
0
0
0
0
0
0
0
0
0
0
0
0
0
0
0
0
0
0
0
0
0
0
0
0
0
0
0
0
0
0
0
0
0
0
0
0
0
0
0
0
0
0
0
0
0
1.59105e-07
2.38274e-07
2.65393e-07
2.78156e-07
2.87222e-07
2.91951e-07
2.8512e-07
2.5958e-07
2.13912e-07
1.51341e-07
7.63964e-08
0
0
0
0
0
0
0
0
0
0
0
0
0
0
0
0
0
0
0
0
0
0
2.87074e-08
0
0
0
0
0
0
0
0
0
0
0
1.2518e-06
6.06374e-05
6.78583e-05
6.3922e-05
5.65452e-05
4.81231e-05
4.13561e-05
3.61349e-05
3.14634e-05
2.53668e-05
1.65923e-05
8.19161e-06
3.03875e-06
4.28613e-07
0
0
0
0
0
0
0
0
0
1.27253e-06
2.37094e-06
7.04942e-07
2.04944e-07
8.37778e-08
8.98929e-08
1.46412e-07
2.3377e-07
3.13142e-07
3.57498e-07
3.5904e-07
3.28095e-07
2.79035e-07
2.20854e-07
1.6104e-07
1.05557e-07
5.86958e-08
1.96839e-08
0
0
0
0
1.53612e-07
6.13572e-07
1.51194e-06
2.84158e-06
4.19697e-06
5.34573e-06
6.25943e-06
6.63422e-06
3.70126e-06
0
0
0
0
3.67836e-07
8.99169e-07
1.00932e-06
8.9566e-07
6.35189e-07
3.40941e-07
6.81877e-08
0
0
0
0
0
0
0
0
0
0
0
0
0
0
0
0
0
0
0
0
0
0
0
0
0
0
0
0
0
0
0
0
0
0
0
0
0
0
0
0
0
0
0
0
0
0
0
0
0
0
0
0
0
0
0
0
0
0
0
0
0
0
0
0
0
0
0
0
0
0
7.74857e-08
2.33387e-07
2.63637e-07
2.62864e-07
2.5848e-07
2.5366e-07
2.44142e-07
2.24848e-07
1.9069e-07
1.3807e-07
7.23631e-08
0
0
0
0
0
0
0
0
0
0
0
0
0
0
0
0
0
0
0
0
0
0
0
0
0
9.03364e-08
9.29484e-07
1.90589e-06
3.47339e-06
6.71424e-06
3.48363e-06
1.08036e-06
4.12633e-06
2.24766e-05
4.92584e-05
5.41717e-05
5.65225e-05
5.3661e-05
4.73841e-05
4.17094e-05
3.7615e-05
3.53269e-05
3.46203e-05
3.31203e-05
2.32015e-05
1.23085e-05
6.34786e-06
3.65871e-06
1.3917e-06
0
0
0
0
0
0
0
0
0
0
0
0
0
0
0
0
0
0
0
2.85291e-08
5.66531e-08
5.34558e-08
3.38215e-08
1.16772e-08
0
0
0
0
6.3067e-09
1.07178e-07
3.69203e-07
9.40608e-07
1.91761e-06
3.12502e-06
4.12726e-06
4.78437e-06
4.89802e-06
4.10576e-06
1.34229e-06
0
0
0
0
0
0
5.62407e-07
9.17094e-07
8.11608e-07
4.72125e-07
5.93503e-08
0
0
0
0
0
0
0
0
0
0
0
0
0
0
0
0
0
0
0
0
0
0
0
0
0
0
0
0
0
0
0
0
0
0
0
0
0
0
0
0
0
0
0
0
0
0
0
0
0
0
0
0
0
0
0
0
0
0
0
0
0
0
0
0
0
0
0
0
0
0
0
1.59534e-07
2.43401e-07
2.37541e-07
2.16203e-07
1.93756e-07
1.692e-07
1.3772e-07
9.66685e-08
5.28647e-08
2.20952e-08
0
0
0
0
0
0
0
0
0
0
0
0
0
0
0
0
0
0
0
0
0
0
0
1.40944e-06
3.47994e-06
3.11634e-06
3.19219e-06
3.90352e-06
5.89695e-06
1.14365e-05
1.44829e-05
1.1961e-05
1.6571e-05
2.82276e-05
3.75266e-05
4.07266e-05
4.2005e-05
3.93856e-05
3.35119e-05
2.71068e-05
2.09653e-05
1.61165e-05
1.2895e-05
1.2099e-05
1.31225e-05
1.27038e-05
1.01148e-05
5.31891e-06
2.39243e-06
6.56404e-07
0
0
0
0
0
0
0
0
0
0
0
0
0
0
0
0
0
0
0
0
0
0
0
0
0
0
3.04994e-08
8.45597e-08
1.62042e-07
3.49993e-07
7.96746e-07
1.54407e-06
2.41354e-06
3.13134e-06
3.4418e-06
3.07396e-06
1.79762e-06
0
0
0
0
0
0
0
0
4.36818e-07
9.25e-07
9.10588e-07
5.28232e-07
2.27522e-08
0
0
0
0
0
0
0
0
0
0
0
0
0
0
0
0
0
0
0
0
0
0
0
0
0
0
0
0
0
0
0
0
0
0
0
0
0
0
0
0
0
0
0
0
0
0
0
0
0
0
0
0
0
6.04567e-07
1.2868e-06
3.51592e-07
0
0
0
0
2.12325e-09
0
0
0
0
0
0
6.45539e-09
0
0
0
1.87176e-07
2.0476e-07
1.70634e-07
1.27799e-07
7.9086e-08
1.77271e-08
0
0
0
0
0
0
0
0
0
0
0
0
0
0
0
0
0
0
0
0
0
0
0
0
0
0
0
2.67937e-06
3.09797e-06
3.25717e-06
3.7742e-06
5.12674e-06
7.79928e-06
8.79395e-06
8.68491e-06
1.13663e-05
1.7094e-05
2.29694e-05
2.58062e-05
2.50642e-05
2.11917e-05
1.5604e-05
1.00955e-05
5.29632e-06
2.46738e-06
1.12306e-06
7.85135e-07
3.10838e-07
0
0
2.6094e-06
3.19724e-06
2.81553e-06
2.36428e-06
8.95986e-07
0
0
0
0
0
0
0
0
0
0
0
0
0
0
0
0
0
0
0
0
0
0
1.59018e-08
6.07948e-08
1.15019e-07
1.34313e-07
7.51595e-08
0
1.25308e-08
3.28815e-07
8.61173e-07
1.33388e-06
1.44123e-06
8.89848e-07
0
0
0
0
0
0
0
0
0
0
1.7752e-07
7.16494e-07
8.24159e-07
5.83351e-07
8.93454e-08
0
0
0
0
0
0
0
0
0
0
0
9.72606e-10
0
0
0
0
0
0
0
0
0
0
0
0
0
0
0
0
0
0
0
0
0
0
0
0
0
0
0
0
0
0
0
0
0
0
0
0
0
0
0
2.1282e-08
2.33049e-07
3.74413e-07
3.84831e-07
3.2506e-07
0
0
0
0
0
0
0
0
0
0
1.54382e-08
5.54711e-08
0
0
2.53478e-08
1.52808e-07
1.24526e-07
6.98096e-08
8.31741e-09
0
0
0
0
0
5.73773e-09
5.12677e-08
0
0
0
0
0
0
0
0
0
0
0
0
0
0
0
0
0
0
0
0
0
3.90834e-07
1.93925e-06
2.70447e-06
3.29844e-06
4.18936e-06
5.32572e-06
5.28009e-06
4.78946e-06
5.80938e-06
8.76807e-06
1.23918e-05
1.35715e-05
1.1026e-05
6.82442e-06
3.40177e-06
1.22364e-06
1.2468e-07
0
0
0
0
0
8.80003e-07
2.76236e-06
4.25145e-06
6.64611e-06
6.20913e-06
7.92068e-07
0
0
0
0
0
0
0
0
0
0
0
0
0
0
0
0
0
0
0
0
0
0
7.1804e-08
1.61067e-07
2.20069e-07
1.80355e-07
0
0
0
0
0
0
0
0
0
0
0
0
0
0
0
0
0
0
0
2.52281e-07
4.46587e-07
4.82691e-07
3.9394e-07
0
0
0
0
0
0
0
0
0
0
0
0
0
0
0
0
0
0
0
0
0
5.93646e-08
6.47855e-08
4.41117e-08
2.75792e-08
1.68736e-08
7.23772e-09
0
0
0
0
0
0
0
0
0
0
5.32517e-08
8.45452e-08
4.48144e-08
0
0
0
0
0
0
0
0
0
0
0
1.16129e-07
1.18949e-07
7.70649e-08
2.45134e-08
2.29476e-07
3.52748e-07
7.48006e-08
0
0
0
0
0
0
0
0
0
3.304e-08
8.22254e-08
0
0
4.46653e-08
7.5812e-08
2.20737e-08
0
0
0
0
0
0
0
3.59423e-07
5.87912e-08
0
0
0
0
0
0
0
0
0
0
0
0
0
0
0
0
0
0
0
0
0
3.4055e-07
1.93593e-06
2.96589e-06
3.89635e-06
4.75432e-06
4.54902e-06
3.51828e-06
3.29692e-06
4.50152e-06
6.53353e-06
6.60842e-06
3.69412e-06
1.24029e-06
4.96762e-07
6.2835e-07
9.48872e-07
1.13006e-06
1.03212e-06
6.57843e-07
3.43916e-07
7.41494e-07
1.79581e-06
3.43363e-06
6.55264e-06
6.99322e-06
2.35001e-06
3.38492e-07
0
0
0
0
0
0
0
0
0
0
0
0
0
0
0
0
0
0
0
0
0
0
6.09008e-08
2.74683e-07
4.66988e-07
5.27822e-07
2.88955e-07
0
0
0
0
0
0
0
0
0
0
0
0
0
0
0
0
0
0
3.68807e-07
3.16931e-07
0
0
0
0
0
0
0
0
0
0
0
0
0
0
0
0
0
0
0
0
0
0
0
1.02689e-07
1.55714e-07
1.29489e-07
8.83989e-08
6.01461e-08
4.37121e-08
2.79366e-08
5.66187e-09
0
0
0
0
0
0
0
8.06998e-09
7.60774e-08
1.22995e-07
1.4202e-07
1.19825e-07
0
0
0
0
0
0
0
0
0
1.73977e-07
3.39822e-07
1.15768e-07
0
0
2.79058e-08
3.44044e-07
2.6743e-07
1.73973e-07
0
0
0
0
0
0
0
0
0
3.85416e-08
1.17734e-07
3.49201e-08
0
9.82935e-09
0
0
0
0
0
0
0
0
0
2.91137e-07
6.76017e-11
0
0
0
0
0
0
0
0
0
0
0
0
0
0
0
0
0
0
0
0
0
5.87765e-07
2.30736e-06
3.77285e-06
5.07592e-06
5.51822e-06
4.86616e-06
4.34264e-06
4.92166e-06
6.50692e-06
4.2008e-06
0
0
0
6.11367e-07
1.13645e-06
1.27015e-06
1.10162e-06
8.58315e-07
8.76904e-07
1.35287e-06
2.51061e-06
4.86175e-06
5.77901e-06
3.1146e-06
1.18803e-06
2.59483e-07
0
0
0
0
0
0
0
0
0
0
0
0
0
0
0
0
0
0
0
0
0
0
0
2.57964e-07
6.10083e-07
9.10375e-07
9.02517e-07
3.92566e-07
0
0
0
0
0
0
0
0
0
0
0
0
0
0
0
0
0
1.01412e-07
7.71656e-07
6.25669e-08
0
0
0
0
0
0
0
0
0
0
0
0
0
0
0
0
0
0
0
0
0
0
8.22048e-08
1.62786e-07
1.62844e-07
1.25584e-07
8.53503e-08
5.92802e-08
4.77274e-08
3.26683e-08
0
0
0
0
0
0
2.36919e-08
3.95401e-08
5.28264e-08
6.34122e-08
7.2376e-08
8.19807e-08
4.96339e-09
0
0
0
0
0
0
0
7.60982e-08
1.32426e-07
2.74402e-07
2.98543e-07
0
0
0
2.72322e-07
2.4098e-07
3.29152e-07
7.59068e-07
4.95115e-07
7.2492e-08
0
0
0
0
0
0
0
6.76575e-08
2.18657e-07
2.00628e-07
2.64938e-08
0
0
0
0
0
0
0
0
0
0
1.49463e-07
0
0
0
0
0
0
0
0
0
0
0
0
0
0
0
0
0
0
0
0
0
0
3.37315e-07
1.73252e-06
2.9064e-06
3.46405e-06
3.24458e-06
2.75934e-06
2.26455e-06
9.15299e-07
0
0
0
0
0
0
1.06679e-07
2.48174e-07
4.67714e-07
9.07042e-07
1.71436e-06
3.05539e-06
3.84284e-06
2.75953e-06
1.50146e-06
7.24767e-07
2.25874e-07
0
0
0
0
0
0
0
0
0
0
0
0
0
0
0
0
0
0
0
0
4.41893e-08
6.16719e-08
7.77554e-08
1.96772e-07
4.69509e-07
8.49211e-07
1.11468e-06
1.04092e-06
4.90509e-07
0
0
0
0
0
0
0
0
0
0
0
0
0
5.10092e-07
6.81354e-08
0
0
3.70775e-07
5.84189e-07
0
0
0
0
0
0
0
0
0
0
0
0
0
0
0
0
0
0
0
0
0
4.74893e-08
1.43147e-07
1.60807e-07
1.66342e-07
1.50587e-07
1.164e-07
7.28204e-08
4.51422e-08
4.13674e-08
3.11808e-08
0
0
0
0
0
4.24899e-08
1.69412e-08
0
0
0
0
5.59406e-09
0
0
0
0
0
0
0
8.83366e-08
8.08723e-08
5.90523e-08
1.69459e-07
0
0
0
1.77589e-07
1.64539e-07
3.48099e-07
8.75973e-07
7.70653e-07
4.21502e-07
1.12852e-07
0
0
0
0
1.22276e-08
2.60523e-08
2.1792e-08
1.7591e-07
3.22676e-07
2.24477e-07
1.84816e-07
0
0
0
0
0
0
0
0
0
5.12888e-08
3.48966e-08
0
0
0
0
0
0
0
0
0
0
0
0
0
0
0
0
0
0
0
0
0
0
0
2.43105e-07
5.58149e-07
5.08816e-07
2.13447e-07
0
0
0
0
0
0
4.07434e-09
2.46508e-07
3.85496e-07
5.47813e-07
8.29532e-07
1.2803e-06
1.90326e-06
2.34152e-06
2.0301e-06
1.37324e-06
8.35631e-07
4.58376e-07
1.88232e-07
0
0
0
0
0
0
0
0
2.56794e-08
5.85623e-08
2.88602e-08
0
0
0
0
0
0
0
0
0
5.73562e-08
1.86009e-07
2.46006e-07
2.78544e-07
3.5446e-07
5.42517e-07
7.90191e-07
9.85077e-07
9.62645e-07
6.02811e-07
0
0
0
0
0
0
0
0
0
0
0
0
4.34308e-07
7.64569e-07
0
0
0
4.42961e-07
1.13449e-07
0
0
0
0
0
0
0
0
0
0
0
0
1.28997e-08
1.93652e-07
1.61145e-07
3.93247e-08
0
0
0
0
5.30399e-08
2.19934e-07
2.63682e-07
2.38295e-07
2.15892e-07
1.81448e-07
1.30517e-07
6.93732e-08
3.61123e-08
4.12477e-08
3.76539e-08
0
0
0
0
6.03567e-08
4.0839e-08
0
0
0
0
0
0
0
0
0
0
0
0
0
1.69488e-08
0
0
0
5.83751e-08
2.82105e-07
1.35951e-07
9.0259e-08
2.40364e-07
7.8364e-07
2.86885e-07
1.15887e-07
1.42961e-07
0
0
0
2.06674e-08
2.8006e-08
4.61615e-08
5.34312e-08
6.66304e-08
2.91886e-07
1.63484e-07
2.75979e-08
2.19516e-08
0
0
0
0
0
0
0
0
0
4.34307e-08
0
0
0
0
0
0
0
0
0
0
0
0
0
0
0
0
0
0
0
0
0
0
0
0
0
0
0
0
0
0
0
5.27475e-07
1.05792e-06
1.28097e-06
1.27647e-06
1.17778e-06
1.1053e-06
1.15243e-06
1.30061e-06
1.4285e-06
1.36217e-06
1.05532e-06
7.3535e-07
4.76557e-07
2.86683e-07
1.5141e-07
2.34212e-08
0
0
0
0
0
0
0
4.3769e-08
7.98575e-08
7.85031e-08
3.20396e-08
0
0
0
0
0
0
0
0
0
6.74847e-08
1.83484e-07
2.66856e-07
3.09988e-07
3.42463e-07
4.10887e-07
5.11833e-07
5.91556e-07
6.01071e-07
4.78505e-07
1.44774e-07
0
0
0
0
0
0
0
0
0
0
0
3.79336e-07
7.2156e-08
0
0
4.05409e-07
4.76617e-07
1.77129e-07
0
0
0
0
0
0
0
0
0
0
0
2.28904e-07
4.12794e-07
3.61181e-07
1.95867e-07
2.85498e-08
0
0
0
0
2.16961e-07
3.51822e-07
3.49774e-07
3.07794e-07
2.60177e-07
2.08053e-07
1.44543e-07
7.20817e-08
3.85814e-08
5.08716e-08
5.94469e-08
2.82138e-08
0
0
7.6827e-08
1.12293e-07
3.66637e-08
0
0
0
0
3.80967e-08
0
0
0
0
0
0
0
0
0
0
0
0
5.23796e-08
3.7012e-08
4.26791e-08
6.0104e-08
4.77678e-07
1.90769e-08
0
0
0
0
9.21035e-08
9.4075e-08
6.42048e-08
5.11496e-08
6.41297e-08
6.68425e-08
1.2061e-07
1.04391e-07
0
0
0
0
0
0
0
0
0
0
0
0
0
0
0
0
0
0
0
0
0
0
0
0
0
0
0
0
0
0
0
0
0
0
0
0
0
0
1.6469e-08
0
0
0
1.69471e-07
1.13826e-06
1.57621e-06
1.53586e-06
1.35539e-06
1.19175e-06
1.05009e-06
9.72401e-07
9.40242e-07
8.95555e-07
7.64102e-07
5.85934e-07
4.19831e-07
2.95556e-07
2.05271e-07
1.29822e-07
3.32669e-08
0
0
0
0
0
0
0
2.32726e-08
6.23054e-08
8.69676e-08
8.19073e-08
3.8916e-08
0
0
0
0
0
0
0
0
0
0
6.31444e-08
1.40991e-07
1.85432e-07
2.0223e-07
2.15389e-07
2.14366e-07
2.14689e-07
2.33063e-07
2.64487e-07
3.18532e-07
4.53327e-07
7.48265e-07
1.01907e-06
3.59374e-08
0
0
0
0
0
0
1.27586e-08
0
0
5.5885e-07
8.44459e-07
4.10662e-07
0
0
9.69935e-07
1.50955e-06
0
0
0
0
0
0
0
0
3.05458e-07
4.75818e-07
4.42552e-07
3.03672e-07
1.77932e-07
6.14763e-08
0
0
0
1.09408e-07
3.11043e-07
3.83057e-07
3.74183e-07
3.32029e-07
2.68217e-07
2.17633e-07
1.51401e-07
8.22432e-08
5.4503e-08
7.02622e-08
9.26095e-08
9.86544e-08
9.54717e-08
1.23963e-07
1.60911e-07
1.27812e-07
5.18201e-08
0
0
0
8.64563e-08
1.37876e-07
9.84871e-08
0
0
0
0
0
0
0
0
0
0
0
0
0
1.99539e-08
8.97547e-08
0
0
0
0
1.16047e-07
1.67404e-07
1.61208e-07
1.3168e-07
8.64277e-08
5.5971e-08
6.36399e-08
6.19537e-08
4.03115e-08
0
0
0
0
0
0
0
0
0
0
0
0
0
0
0
0
0
0
0
0
0
0
0
0
0
0
0
0
0
0
0
0
0
0
3.06461e-07
7.25178e-07
1.13811e-06
1.49104e-06
1.86982e-06
1.22136e-06
0
0
0
6.78484e-07
1.21002e-06
1.07795e-06
7.35784e-07
5.98093e-07
5.62665e-07
5.28651e-07
5.10653e-07
4.83434e-07
4.14115e-07
3.2087e-07
2.2764e-07
1.80169e-07
1.50245e-07
9.09166e-08
5.17878e-09
0
0
0
0
0
0
0
2.80987e-08
6.9606e-08
1.27172e-07
1.78258e-07
1.67508e-07
9.40456e-08
1.30676e-08
0
0
0
0
0
0
0
0
0
0
0
0
2.26418e-08
3.55982e-08
4.43323e-08
7.3437e-08
1.74119e-07
3.89022e-07
7.94967e-07
1.641e-06
3.14752e-06
5.74116e-06
0
0
0
0
0
0
0
0
1.63622e-08
1.04262e-06
1.15633e-06
3.49404e-07
0
0
0
3.46306e-06
2.87759e-06
3.82834e-07
0
0
0
0
0
0
2.01098e-07
4.21524e-07
4.13296e-07
3.00424e-07
2.236e-07
1.88909e-07
1.49468e-07
7.86176e-08
2.20222e-08
4.81854e-08
1.98e-07
3.39635e-07
3.89406e-07
3.83567e-07
3.23783e-07
2.67116e-07
2.18462e-07
1.56661e-07
9.98732e-08
7.99922e-08
9.87586e-08
1.32457e-07
1.57765e-07
1.72563e-07
1.8347e-07
1.67769e-07
1.17234e-07
5.90071e-08
3.37776e-09
0
1.29439e-07
2.18504e-07
2.3871e-07
1.92782e-07
3.91832e-08
0
0
0
0
0
0
0
0
0
0
0
2.06416e-08
4.95156e-08
0
0
0
0
7.00066e-08
1.44208e-07
1.79237e-07
1.91652e-07
1.59793e-07
7.35663e-08
9.7931e-09
1.10198e-09
0
0
0
0
0
0
4.9998e-08
0
0
0
0
0
0
0
0
0
0
0
0
0
0
0
0
0
0
0
0
0
0
0
0
0
0
0
3.51748e-07
8.93282e-07
1.22236e-06
1.16982e-06
8.94451e-07
2.1106e-07
0
0
0
0
0
4.4033e-07
4.70431e-07
1.8482e-07
2.85527e-09
9.00091e-08
2.024e-07
2.5932e-07
2.7813e-07
2.26691e-07
1.42811e-07
7.54204e-08
7.82099e-08
9.39657e-08
5.05233e-08
0
0
0
0
0
1.04025e-08
6.67717e-09
0
0
8.41813e-09
1.14301e-07
3.94689e-07
5.65302e-07
3.88645e-07
1.81654e-07
3.75763e-08
0
0
0
0
0
0
0
0
0
0
0
0
0
0
1.70905e-08
1.78548e-07
4.59726e-07
9.08936e-07
1.72566e-06
3.02783e-06
4.52776e-06
1.86163e-06
0
0
0
0
0
0
0
0
1.17431e-06
1.15921e-06
1.56129e-07
0
0
0
1.05698e-06
1.82084e-06
4.04853e-07
5.99189e-08
0
0
0
0
0
1.47212e-07
2.65734e-07
2.90479e-07
2.42014e-07
2.05886e-07
2.14449e-07
2.35445e-07
2.12566e-07
1.53807e-07
1.1541e-07
1.55498e-07
2.73927e-07
3.58828e-07
3.93579e-07
3.72225e-07
3.10448e-07
2.60768e-07
2.15911e-07
1.62752e-07
1.1842e-07
1.08912e-07
1.38328e-07
1.82777e-07
2.13631e-07
2.21697e-07
2.00236e-07
1.51766e-07
9.47625e-08
4.3654e-08
1.45203e-08
1.54029e-07
2.69999e-07
3.05465e-07
3.0732e-07
2.59217e-07
7.74261e-08
0
0
0
0
0
0
0
0
0
1.28526e-08
3.01811e-08
5.79022e-08
2.08686e-07
0
0
0
7.85435e-08
7.29009e-08
1.39355e-07
2.08622e-07
2.30112e-07
1.54321e-07
0
0
0
0
1.52832e-07
4.79024e-08
0
0
2.59628e-08
3.914e-08
0
0
0
0
0
0
0
0
0
0
0
0
0
0
0
0
0
0
0
0
0
0
0
0
0
0
2.01342e-07
5.6866e-07
5.64957e-07
2.61538e-07
0
0
0
0
0
0
0
5.99391e-08
2.96831e-07
1.27507e-07
0
0
0
8.91605e-08
9.55398e-08
4.26359e-08
0
0
0
4.38643e-08
2.78187e-08
0
1.19161e-08
3.39441e-08
1.18141e-08
0
0
0
0
0
0
0
0
9.53068e-07
7.44992e-07
2.77729e-07
1.81739e-08
0
0
0
0
0
0
0
0
0
0
0
0
0
0
0
1.2678e-07
4.60798e-07
9.52128e-07
1.68851e-06
2.68732e-06
3.38453e-06
1.44318e-06
0
0
0
0
0
0
0
0
1.05285e-06
1.03175e-06
0
0
0
0
0
9.94697e-07
3.56117e-07
1.05875e-07
4.65106e-08
3.00739e-08
2.13772e-08
2.68632e-08
5.74721e-08
1.15456e-07
1.62137e-07
1.81968e-07
1.76113e-07
1.72574e-07
1.98728e-07
2.48874e-07
2.72571e-07
2.43279e-07
1.94214e-07
1.76769e-07
2.30101e-07
3.114e-07
3.717e-07
3.96668e-07
3.55397e-07
2.98393e-07
2.56129e-07
2.18221e-07
1.72618e-07
1.40565e-07
1.50856e-07
2.05231e-07
2.60064e-07
2.80103e-07
2.58436e-07
1.99638e-07
1.2287e-07
5.26245e-08
1.35327e-08
1.28151e-07
2.71511e-07
3.28082e-07
3.49167e-07
3.46703e-07
2.8203e-07
0
0
0
0
0
0
0
0
4.07462e-08
4.98903e-08
5.07179e-08
8.01536e-08
7.00382e-07
2.53865e-07
8.54115e-08
6.52165e-08
1.21972e-07
2.92271e-08
6.05523e-08
1.7571e-07
2.57979e-07
2.63723e-07
3.35511e-08
0
0
0
2.15443e-07
2.20249e-07
1.00458e-07
1.31993e-08
1.26155e-08
5.96328e-08
0
0
0
0
0
0
0
0
0
0
0
0
0
0
0
0
0
0
0
0
0
0
0
0
0
0
0
7.68194e-08
1.54237e-08
0
0
0
0
0
0
0
0
0
2.68863e-07
2.54142e-07
8.33878e-08
0
0
2.98595e-08
1.75439e-08
0
0
0
0
0
3.02633e-09
0
0
1.28133e-08
0
0
0
0
0
0
0
0
0
0
1.08658e-06
3.57862e-07
0
0
0
0
0
0
0
0
0
0
0
0
0
0
0
0
5.6514e-08
4.21943e-07
9.86089e-07
1.77769e-06
2.74947e-06
3.28419e-06
1.20975e-06
0
0
0
0
0
0
0
0
6.49425e-07
7.5021e-07
0
0
0
0
0
0
1.89006e-07
1.30197e-07
9.30861e-08
8.16896e-08
7.23836e-08
6.74055e-08
7.65822e-08
1.01345e-07
1.3173e-07
1.49231e-07
1.56223e-07
1.62334e-07
1.81428e-07
2.2779e-07
2.81845e-07
2.89679e-07
2.56514e-07
2.20149e-07
2.26291e-07
2.82089e-07
3.46159e-07
3.97795e-07
3.96568e-07
3.4134e-07
2.93454e-07
2.62346e-07
2.29153e-07
1.91207e-07
1.81505e-07
2.306e-07
3.03223e-07
3.3609e-07
3.19715e-07
2.5786e-07
1.53791e-07
2.90882e-08
0
4.37443e-08
2.00299e-07
2.96383e-07
3.44007e-07
3.58687e-07
3.26861e-07
1.20332e-07
0
0
0
0
0
0
3.79812e-08
1.11647e-07
9.93332e-08
8.6157e-08
1.43136e-07
1.16752e-06
5.12599e-07
3.18226e-07
2.64046e-07
1.73987e-07
2.71857e-08
0
9.59874e-08
2.35541e-07
3.13236e-07
3.04007e-07
0
0
0
1.34641e-07
1.95462e-07
1.28298e-07
4.86897e-08
1.35739e-08
2.64652e-08
0
0
0
0
0
0
0
0
0
0
0
0
0
0
0
0
0
0
0
0
0
0
0
0
0
0
0
0
0
0
0
0
0
0
0
0
0
0
2.66438e-07
2.68835e-07
1.19931e-07
1.4972e-08
0
0
0
0
0
0
0
0
0
0
0
3.14855e-10
0
0
0
0
0
0
0
0
0
0
0
1.62249e-07
0
0
0
0
0
0
0
0
0
0
0
0
0
0
0
0
6.12762e-08
4.49547e-07
1.05628e-06
1.94615e-06
3.17563e-06
3.9623e-06
1.42364e-06
0
0
0
0
0
0
0
0
2.00659e-07
4.43059e-07
0
0
0
0
0
0
0
1.34823e-07
1.22366e-07
1.07416e-07
9.64012e-08
8.64359e-08
8.61393e-08
9.86633e-08
1.20005e-07
1.39564e-07
1.54569e-07
1.66981e-07
1.76269e-07
2.02052e-07
2.6064e-07
2.99149e-07
2.9331e-07
2.66819e-07
2.55898e-07
2.82821e-07
3.3268e-07
3.92465e-07
4.25473e-07
3.86179e-07
3.34213e-07
3.01333e-07
2.79425e-07
2.50508e-07
2.28496e-07
2.55716e-07
3.20589e-07
3.52251e-07
3.472e-07
3.00111e-07
1.8754e-07
0
0
0
7.09191e-08
2.09927e-07
2.99505e-07
3.3279e-07
2.96351e-07
1.6033e-07
0
0
0
0
0
0
1.18728e-07
1.72082e-07
1.51181e-07
1.34045e-07
2.55265e-07
1.40691e-06
6.4531e-07
5.36976e-07
5.45287e-07
2.16674e-07
4.3545e-08
0
0
1.66563e-07
2.89378e-07
3.57037e-07
0
0
0
0
1.17542e-07
1.08279e-07
4.77108e-08
9.18396e-09
5.3589e-09
0
0
0
0
0
0
0
0
0
0
0
0
0
0
0
0
0
0
0
0
0
0
0
0
0
0
0
0
0
0
0
0
0
0
0
0
0
2.33448e-07
4.59268e-07
2.92079e-07
7.48028e-08
0
0
0
0
0
0
0
0
0
0
0
0
6.81568e-09
7.92474e-09
0
0
0
0
0
0
0
0
0
0
1.93296e-07
0
0
0
0
0
0
0
0
0
0
0
0
0
0
0
0
1.28936e-07
5.57328e-07
1.16482e-06
2.10499e-06
3.52496e-06
4.75768e-06
2.41728e-06
0
0
0
0
0
0
0
0
0
1.07873e-07
0
0
0
0
0
0
0
1.7536e-07
1.65186e-07
1.28679e-07
1.08327e-07
9.46442e-08
8.97403e-08
9.75431e-08
1.14586e-07
1.36065e-07
1.56078e-07
1.71626e-07
1.75126e-07
1.81828e-07
2.17565e-07
2.79808e-07
3.07859e-07
3.06542e-07
3.02442e-07
3.07464e-07
3.34819e-07
3.87448e-07
4.37678e-07
4.23609e-07
3.73871e-07
3.36665e-07
3.19058e-07
3.00815e-07
2.76952e-07
2.74827e-07
2.98653e-07
3.12275e-07
3.19075e-07
3.04507e-07
2.22187e-07
0
0
0
0
8.22096e-08
2.14978e-07
2.7691e-07
2.25941e-07
7.18347e-08
0
0
0
0
0
9.01798e-08
1.93546e-07
2.19426e-07
1.97442e-07
1.88248e-07
4.17832e-07
1.21685e-06
5.99236e-07
5.46142e-07
8.08977e-07
1.87074e-07
4.51084e-08
0
0
4.1044e-08
2.15357e-07
2.61388e-07
0
0
0
0
0
5.18678e-08
2.92895e-08
0
0
0
0
0
0
0
0
0
0
0
0
0
0
0
0
0
0
0
0
0
0
0
0
0
0
0
0
0
0
0
0
0
1.88867e-07
7.18183e-08
0
0
0
1.43011e-07
4.86717e-07
7.06659e-07
4.76273e-07
1.17124e-07
0
0
0
0
0
0
0
0
0
0
0
0
0
2.66889e-09
0
0
0
0
0
4.04716e-08
0
0
0
0
0
0
0
0
0
0
0
0
0
0
0
0
0
0
0
0
0
2.18688e-07
6.77393e-07
1.29715e-06
2.23366e-06
3.66873e-06
5.22752e-06
3.8607e-06
0
0
0
0
0
0
0
0
0
0
0
0
0
0
0
0
0
2.58356e-07
2.29363e-07
1.56543e-07
1.15782e-07
9.5966e-08
8.84142e-08
9.30626e-08
1.0755e-07
1.29924e-07
1.50503e-07
1.65545e-07
1.7164e-07
1.7152e-07
1.87289e-07
2.36086e-07
2.98856e-07
3.31916e-07
3.38607e-07
3.34888e-07
3.42277e-07
3.77981e-07
4.29274e-07
4.3471e-07
3.94457e-07
3.56244e-07
3.3762e-07
3.25119e-07
3.05068e-07
2.86365e-07
2.65971e-07
2.38694e-07
2.48071e-07
2.69637e-07
2.39562e-07
3.32977e-08
0
0
0
0
9.21087e-08
1.82062e-07
1.2462e-07
0
0
0
0
0
0
2.1292e-07
2.45453e-07
2.45664e-07
2.28834e-07
2.38673e-07
5.9602e-07
7.99428e-07
4.36841e-07
1.75849e-07
0
0
0
0
0
0
1.02265e-07
1.05618e-07
0
0
0
0
0
0
0
0
0
0
0
0
0
0
0
0
0
0
0
0
0
0
0
0
0
0
0
0
0
0
0
0
0
0
0
0
0
0
0
0
0
1.9068e-07
0
2.67282e-07
4.54435e-07
3.81816e-07
6.98253e-07
8.64852e-07
6.05635e-07
1.99644e-07
0
0
0
0
0
0
0
0
0
0
0
0
0
1.97923e-09
0
0
0
5.21244e-08
1.38546e-07
1.70271e-07
1.08551e-07
0
0
0
0
0
0
0
0
0
0
0
0
0
0
0
0
0
0
0
0
3.27175e-07
8.14068e-07
1.45678e-06
2.44289e-06
4.05027e-06
5.93225e-06
5.86927e-06
0
0
0
0
0
0
0
0
0
0
0
0
0
0
0
0
0
3.65671e-07
3.14818e-07
2.00998e-07
1.30597e-07
9.77886e-08
8.61265e-08
8.79883e-08
1.00164e-07
1.21314e-07
1.4399e-07
1.62185e-07
1.75024e-07
1.75358e-07
1.80699e-07
2.12553e-07
2.8678e-07
3.54889e-07
3.81159e-07
3.76639e-07
3.71535e-07
3.86474e-07
4.27258e-07
4.45259e-07
4.19654e-07
3.82252e-07
3.58464e-07
3.46189e-07
3.32658e-07
3.14144e-07
2.76705e-07
2.03308e-07
1.805e-07
2.25986e-07
2.49767e-07
1.35645e-07
0
0
0
0
0
3.55425e-08
0
0
0
0
0
0
0
1.99441e-07
2.66933e-07
2.64593e-07
2.58732e-07
2.89415e-07
6.95592e-07
4.96302e-07
2.89809e-07
0
0
0
0
0
0
0
0
0
0
0
0
0
0
0
0
0
0
7.22015e-09
0
0
0
1.06846e-08
5.83095e-08
1.04379e-07
1.37954e-07
1.19591e-07
0
0
0
0
0
0
0
0
0
0
0
0
0
0
0
0
0
0
0
0
0
0
0
0
0
1.68863e-08
3.5971e-07
5.66283e-07
7.87712e-07
9.09358e-07
6.22254e-07
2.67228e-07
0
0
0
0
0
0
0
0
0
0
0
0
3.33815e-09
7.66358e-09
0
0
3.51048e-08
1.22135e-07
1.93118e-07
2.66701e-07
3.24263e-07
2.63227e-07
3.55504e-08
0
0
0
0
0
0
0
0
0
0
0
0
0
0
0
0
0
1.26432e-07
4.45429e-07
9.37212e-07
1.5785e-06
2.63261e-06
4.51157e-06
6.87918e-06
8.259e-06
0
0
0
0
0
0
0
0
0
0
0
0
0
0
0
0
0
4.80692e-07
3.97364e-07
2.47028e-07
1.48175e-07
9.90645e-08
8.04727e-08
7.83039e-08
8.64858e-08
1.03565e-07
1.28058e-07
1.50967e-07
1.71986e-07
1.77277e-07
1.7816e-07
1.99565e-07
2.6092e-07
3.57288e-07
4.05464e-07
4.08483e-07
3.96594e-07
3.86656e-07
4.06967e-07
4.34677e-07
4.26305e-07
3.93344e-07
3.61588e-07
3.45704e-07
3.39521e-07
3.30738e-07
2.99739e-07
2.09516e-07
1.29559e-07
1.68251e-07
2.35519e-07
2.00423e-07
0
0
0
0
0
0
0
0
0
0
0
0
0
6.80906e-08
2.13693e-07
2.43836e-07
2.53618e-07
2.82099e-07
6.14283e-07
3.07476e-07
1.60605e-07
0
0
0
0
0
0
9.21738e-08
1.04965e-07
1.03062e-08
3.27982e-07
0
0
0
0
0
0
0
0
1.11948e-07
1.56345e-07
1.51957e-07
1.58252e-07
1.77588e-07
2.06722e-07
2.43219e-07
2.81088e-07
2.99642e-07
2.38925e-07
0
0
0
0
0
0
0
0
0
0
0
0
0
0
0
0
0
0
0
0
0
0
0
0
1.77722e-07
5.16182e-07
5.5222e-07
7.03132e-07
5.98504e-07
3.9407e-07
1.82205e-07
3.91289e-08
0
0
0
0
0
0
0
0
0
0
0
0
0
0
0
7.32645e-08
1.58015e-07
2.81483e-07
4.75301e-07
6.36962e-07
5.78923e-07
2.60095e-07
0
0
1.69172e-07
0
0
0
0
0
0
0
0
0
0
0
0
0
3.02155e-11
2.07301e-07
5.16056e-07
9.70185e-07
1.51621e-06
2.48996e-06
4.45204e-06
6.43686e-06
3.76876e-06
0
0
0
0
0
0
0
0
2.61921e-07
0
0
2.59842e-07
0
0
0
0
7.53743e-08
5.97482e-07
4.71847e-07
2.89602e-07
1.66886e-07
1.02686e-07
7.64524e-08
6.98896e-08
7.39418e-08
8.7428e-08
1.10566e-07
1.38878e-07
1.6915e-07
1.84345e-07
1.87367e-07
2.01545e-07
2.49368e-07
3.50013e-07
4.20885e-07
4.36224e-07
4.25228e-07
4.01743e-07
4.00621e-07
4.26914e-07
4.33627e-07
4.08072e-07
3.70491e-07
3.46915e-07
3.42598e-07
3.43122e-07
3.25479e-07
2.48892e-07
1.303e-07
1.25554e-07
2.13815e-07
2.33728e-07
0
0
0
0
0
0
0
0
0
0
0
0
0
9.25095e-10
1.17598e-07
1.99673e-07
2.27101e-07
2.11715e-07
5.3066e-07
2.51956e-07
8.31978e-08
0
0
0
0
0
5.10625e-08
6.77082e-07
5.27851e-07
3.59764e-07
5.15041e-07
1.57906e-07
0
0
0
0
0
0
0
2.02345e-07
2.91064e-07
2.79979e-07
2.61673e-07
2.57359e-07
2.65125e-07
2.80076e-07
2.92004e-07
2.74244e-07
2.0668e-07
0
0
0
0
0
0
0
0
0
7.01782e-10
0
0
0
0
0
0
0
0
0
0
0
0
0
0
2.10008e-07
2.3993e-07
2.70032e-07
3.04978e-07
2.91303e-07
2.08321e-07
1.09719e-07
4.64022e-08
0
0
0
0
0
0
0
0
0
0
0
0
0
0
2.03841e-08
1.03413e-07
2.11407e-07
4.15505e-07
6.78032e-07
7.97857e-07
6.07846e-07
1.05471e-07
0
0
8.21402e-07
6.33468e-07
0
0
0
0
0
0
0
0
0
0
0
0
0
5.227e-08
3.78198e-07
8.1231e-07
1.20827e-06
1.86555e-06
3.2315e-06
3.65237e-06
9.25323e-07
0
0
0
0
0
0
0
0
8.63858e-07
0
0
1.02739e-06
0
0
0
0
3.52687e-07
7.03517e-07
5.24784e-07
3.15022e-07
1.76271e-07
1.02695e-07
7.1215e-08
6.24107e-08
6.424e-08
7.51001e-08
9.71402e-08
1.27766e-07
1.67219e-07
1.95113e-07
2.06073e-07
2.17911e-07
2.51365e-07
3.36286e-07
4.20529e-07
4.48973e-07
4.44734e-07
4.19889e-07
4.04717e-07
4.20626e-07
4.33101e-07
4.22299e-07
3.84122e-07
3.50706e-07
3.40884e-07
3.44162e-07
3.38157e-07
2.87008e-07
1.69814e-07
1.10239e-07
1.87365e-07
2.41869e-07
6.94538e-08
0
0
0
0
0
0
7.46262e-09
2.28149e-07
0
0
0
0
0
2.15837e-08
1.26139e-07
1.66831e-07
6.02066e-08
5.41313e-07
2.82942e-07
3.26247e-08
0
5.32214e-08
9.16346e-08
2.46007e-08
0
4.75999e-08
3.61051e-07
7.86911e-08
1.60654e-07
4.36296e-07
3.469e-07
6.004e-08
0
0
0
0
1.74253e-07
2.24361e-07
2.33171e-09
1.79559e-07
2.69658e-07
2.7409e-07
2.66286e-07
2.61356e-07
2.56794e-07
2.40149e-07
1.85888e-07
8.54325e-08
0
0
0
0
0
0
0
0
0
4.09498e-09
0
0
0
0
0
0
0
0
0
0
0
0
0
9.9977e-09
3.92842e-08
6.33137e-08
8.68517e-08
1.20299e-07
1.42312e-07
1.09496e-07
5.77943e-08
2.59495e-08
6.8126e-09
0
0
0
0
0
0
0
0
0
0
0
0
0
3.30178e-08
9.69222e-08
2.29428e-07
4.78276e-07
7.12983e-07
7.29477e-07
4.28861e-07
0
0
0
3.12762e-06
2.14865e-06
5.53905e-07
0
0
0
0
0
0
0
0
0
0
0
0
0
0
2.30625e-07
3.90108e-07
7.37254e-07
1.54953e-06
1.58621e-06
3.38376e-07
0
0
0
3.23426e-07
0
0
0
0
1.58583e-06
0
0
1.48974e-06
1.84656e-06
0
0
0
6.53988e-07
7.57216e-07
5.23302e-07
3.03362e-07
1.64791e-07
9.2893e-08
6.2847e-08
5.53726e-08
5.66202e-08
6.56686e-08
8.52114e-08
1.17463e-07
1.66643e-07
2.09981e-07
2.32262e-07
2.46214e-07
2.68269e-07
3.26223e-07
4.07685e-07
4.47295e-07
4.52474e-07
4.32966e-07
4.10547e-07
4.17495e-07
4.2921e-07
4.26948e-07
3.98952e-07
3.57395e-07
3.37396e-07
3.36275e-07
3.33302e-07
3.01151e-07
2.10825e-07
1.23187e-07
1.65154e-07
2.36322e-07
1.52589e-07
0
0
0
0
0
0
4.85363e-08
1.86555e-07
8.59671e-08
0
0
1.79254e-08
0
0
3.32666e-08
6.10962e-08
0
5.84931e-07
3.43515e-07
0
0
1.2393e-07
1.37284e-07
9.82479e-08
4.47962e-08
7.55991e-08
6.21613e-08
0
5.01141e-09
2.87304e-07
4.5574e-07
2.73931e-07
0
0
0
1.03632e-07
2.55215e-07
1.86096e-07
1.92473e-08
6.66597e-08
1.96452e-07
2.40569e-07
2.42875e-07
2.34256e-07
2.17881e-07
1.8347e-07
1.13672e-07
1.33343e-08
0
0
0
0
0
0
0
0
0
0
0
0
0
0
0
0
0
0
0
0
0
0
0
3.17602e-09
2.16594e-08
4.01842e-08
5.88416e-08
7.91308e-08
8.34773e-08
5.74591e-08
2.48199e-08
4.28688e-09
0
0
0
0
0
0
0
0
0
0
0
0
0
0
0
2.50162e-08
1.78529e-07
4.29215e-07
5.9262e-07
5.33582e-07
1.76714e-07
0
0
0
7.74989e-06
4.40946e-06
1.4749e-06
0
0
0
0
0
0
0
0
0
0
0
0
0
0
0
0
0
5.3289e-07
5.7239e-07
0
0
0
4.79437e-07
5.62381e-07
1.34123e-07
0
0
0
2.4137e-06
0
0
2.15439e-06
1.58762e-06
0
0
3.92432e-07
8.68121e-07
7.38676e-07
4.68039e-07
2.55634e-07
1.31144e-07
7.27144e-08
5.17809e-08
4.68014e-08
5.01635e-08
6.15604e-08
8.00362e-08
1.14749e-07
1.75229e-07
2.33989e-07
2.68104e-07
2.86497e-07
3.01206e-07
3.30145e-07
3.92926e-07
4.35522e-07
4.49573e-07
4.39015e-07
4.14576e-07
4.14589e-07
4.242e-07
4.2565e-07
4.09309e-07
3.65959e-07
3.34854e-07
3.24443e-07
3.17323e-07
2.92687e-07
2.27991e-07
1.46484e-07
1.54412e-07
2.24353e-07
1.99617e-07
1.55369e-08
0
0
3.6517e-07
1.4304e-07
2.60082e-08
4.56524e-08
9.27552e-08
8.02883e-08
0
0
1.16748e-08
0
0
0
0
0
5.4876e-07
3.39488e-07
0
0
1.44026e-07
1.49778e-07
1.35361e-07
1.21198e-07
1.35252e-07
0
0
0
1.62084e-07
4.45327e-07
5.55179e-07
2.01256e-07
0
1.8744e-08
1.44976e-07
1.94382e-07
1.58294e-07
7.22922e-08
4.67131e-08
1.34209e-07
1.99846e-07
2.13708e-07
2.04487e-07
1.80028e-07
1.33543e-07
5.57594e-08
0
0
0
0
0
0
0
0
0
0
0
0
0
0
0
0
0
0
0
0
0
0
0
0
1.97928e-09
1.88641e-08
3.64413e-08
4.5371e-08
4.61152e-08
4.02205e-08
2.78319e-08
1.41116e-08
3.60955e-09
0
0
0
0
0
0
0
0
0
0
0
0
0
0
0
0
9.9885e-08
2.9574e-07
3.72802e-07
2.79275e-07
0
0
0
0
1.10485e-05
6.03377e-06
2.16298e-06
2.93291e-07
0
0
0
0
0
0
0
0
0
0
0
0
0
0
0
0
0
0
0
0
2.08055e-07
7.27932e-07
7.5024e-07
2.77302e-07
0
0
0
2.38299e-07
0
2.79698e-07
3.17083e-06
9.75606e-07
2.15459e-07
4.75301e-07
8.94672e-07
9.26943e-07
6.6202e-07
3.82496e-07
1.88258e-07
9.05318e-08
5.23417e-08
3.84665e-08
3.64099e-08
4.63371e-08
6.52195e-08
8.80385e-08
1.28836e-07
2.02178e-07
2.73672e-07
3.16548e-07
3.40844e-07
3.48281e-07
3.58254e-07
3.8706e-07
4.22525e-07
4.41497e-07
4.38094e-07
4.16543e-07
4.13491e-07
4.21049e-07
4.24239e-07
4.14905e-07
3.76771e-07
3.35188e-07
3.14118e-07
2.98985e-07
2.75028e-07
2.25881e-07
1.61497e-07
1.53814e-07
2.11669e-07
2.20386e-07
1.25058e-07
0
0
5.1816e-07
1.55539e-07
4.40607e-08
4.92452e-08
5.13145e-08
2.78352e-08
0
0
0
0
0
0
0
2.79066e-07
5.00112e-07
1.82856e-07
0
7.90159e-08
1.45488e-07
1.47479e-07
1.49767e-07
1.6994e-07
1.6051e-07
0
0
0
7.53678e-08
3.39541e-07
6.90882e-07
4.32168e-08
1.30854e-07
1.08757e-07
4.59855e-08
1.09087e-07
1.51138e-07
1.23681e-07
7.76354e-08
1.06951e-07
1.714e-07
1.91064e-07
1.78472e-07
1.44598e-07
8.70074e-08
4.54595e-09
0
0
0
0
0
0
0
0
0
0
0
0
0
0
0
0
0
0
0
0
0
0
0
0
2.13964e-09
1.24943e-08
2.34829e-08
2.9306e-08
3.18372e-08
3.18929e-08
2.63308e-08
1.62939e-08
6.04206e-09
0
0
0
0
0
0
0
0
0
0
0
0
0
0
0
0
0
7.24196e-08
9.609e-08
1.96147e-08
0
0
0
0
9.63683e-06
6.02008e-06
2.12577e-06
3.68661e-07
0
0
0
0
0
0
0
0
0
0
0
0
0
0
0
0
0
0
0
0
0
9.10314e-07
1.30136e-06
2.27614e-07
0
0
0
0
0
6.22083e-07
1.8341e-06
8.55736e-07
7.79886e-07
9.16802e-07
1.0227e-06
8.23167e-07
5.31102e-07
2.76183e-07
1.24437e-07
5.77492e-08
3.20321e-08
2.37328e-08
2.5376e-08
4.34449e-08
7.37789e-08
1.09787e-07
1.66414e-07
2.51982e-07
3.31826e-07
3.83742e-07
4.15176e-07
4.12966e-07
3.99526e-07
4.02316e-07
4.20302e-07
4.3582e-07
4.32275e-07
4.17369e-07
4.15021e-07
4.21505e-07
4.2531e-07
4.20234e-07
3.89264e-07
3.39564e-07
3.08561e-07
2.84094e-07
2.57917e-07
2.17323e-07
1.66576e-07
1.5429e-07
1.97458e-07
2.23731e-07
1.85043e-07
8.88981e-08
7.03589e-08
3.44462e-07
1.32964e-07
7.22541e-08
7.94527e-08
7.11664e-08
3.38085e-08
0
0
0
0
5.0923e-09
1.05209e-08
2.72426e-07
7.1321e-07
5.19423e-07
0
0
1.23156e-07
1.46639e-07
1.4451e-07
1.56067e-07
2.05385e-07
1.19807e-07
0
0
0
5.60002e-09
2.04986e-07
1.91583e-07
8.16837e-08
2.41704e-07
2.3226e-07
5.29687e-08
4.89243e-08
1.62958e-07
1.75479e-07
1.30988e-07
1.17933e-07
1.66712e-07
1.80684e-07
1.55018e-07
1.06109e-07
3.95751e-08
0
0
0
0
0
0
0
0
0
0
0
0
0
0
0
4.86819e-10
0
0
0
0
0
0
1.04114e-09
1.53102e-09
1.50835e-09
2.69712e-09
6.12367e-09
1.21366e-08
1.77496e-08
1.99599e-08
1.85649e-08
1.24835e-08
2.66277e-09
0
0
0
0
0
0
0
0
0
0
0
0
0
0
0
0
0
0
0
0
0
0
0
0
0
6.31075e-06
4.05478e-06
1.226e-06
2.09037e-07
0
0
0
0
0
0
0
0
0
0
0
0
0
0
0
0
0
0
0
0
0
0
1.04357e-06
0
0
0
0
0
0
0
1.50413e-07
7.66697e-07
8.15731e-07
8.71405e-07
8.09129e-07
5.90838e-07
3.57027e-07
1.76259e-07
7.20723e-08
2.64381e-08
9.93576e-09
5.48551e-09
9.99773e-09
3.31587e-08
7.92045e-08
1.43427e-07
2.26225e-07
3.24076e-07
4.13707e-07
4.81196e-07
5.15214e-07
4.96096e-07
4.57341e-07
4.34004e-07
4.3409e-07
4.35145e-07
4.27232e-07
4.19917e-07
4.20963e-07
4.27938e-07
4.32176e-07
4.29818e-07
4.04889e-07
3.49021e-07
3.09444e-07
2.75839e-07
2.45391e-07
2.08716e-07
1.66564e-07
1.51268e-07
1.8152e-07
2.12906e-07
2.04082e-07
1.6537e-07
1.68494e-07
1.99886e-07
1.31819e-07
1.29733e-07
1.61202e-07
1.83939e-07
4.73983e-08
2.34058e-08
0
0
1.63095e-08
6.9784e-08
1.69118e-07
5.5895e-07
6.25919e-07
6.08986e-07
0
5.44165e-08
1.466e-07
1.50146e-07
1.47338e-07
1.6604e-07
2.43338e-07
7.07441e-08
0
0
0
0
5.74347e-08
1.47479e-07
2.33813e-07
2.91044e-07
3.0589e-07
2.35211e-07
9.18235e-08
1.9242e-07
1.98208e-07
1.46272e-07
1.36539e-07
1.98782e-07
1.84831e-07
1.21635e-07
4.94408e-08
0
0
0
0
0
0
0
0
0
0
0
0
2.57025e-08
1.66888e-08
0
0
1.11997e-08
0
0
0
0
1.93872e-08
3.14526e-08
3.3757e-08
2.9082e-08
2.09892e-08
1.26802e-08
6.33352e-09
3.496e-09
2.8403e-09
1.5449e-09
0
0
0
0
0
0
0
0
0
0
0
0
0
0
0
0
0
0
0
0
0
0
0
0
0
4.01467e-07
6.49076e-07
0
0
0
2.10993e-07
1.94678e-07
6.58682e-08
0
0
0
0
0
0
0
0
0
0
0
0
0
0
0
0
0
0
0
0
0
0
0
0
0
0
0
0
0
0
5.96462e-07
5.8618e-07
5.64209e-07
4.60372e-07
3.45914e-07
2.21088e-07
1.00017e-07
1.86234e-08
0
0
0
0
0
7.14142e-08
1.83863e-07
3.10049e-07
4.40099e-07
5.50106e-07
6.26837e-07
6.45682e-07
6.05986e-07
5.41359e-07
4.89669e-07
4.61611e-07
4.46208e-07
4.35683e-07
4.31479e-07
4.34318e-07
4.42393e-07
4.47492e-07
4.46624e-07
4.25918e-07
3.66189e-07
3.18431e-07
2.76827e-07
2.39724e-07
2.03538e-07
1.66739e-07
1.47009e-07
1.65313e-07
1.90912e-07
1.8897e-07
1.62421e-07
1.56004e-07
1.70974e-07
1.75635e-07
2.36784e-07
3.19304e-07
2.29484e-07
1.09018e-07
8.36103e-08
0
0
6.20935e-08
1.43687e-07
1.93942e-07
2.62809e-07
4.0378e-07
6.39678e-07
0
1.21506e-07
1.54693e-07
1.52863e-07
1.54635e-07
1.79899e-07
2.80315e-07
7.19158e-08
0
0
0
0
0
3.01857e-07
2.94999e-07
3.05857e-07
3.23112e-07
3.52138e-07
3.5039e-07
1.98083e-07
4.6814e-08
0
0
1.04753e-07
1.77946e-07
1.27975e-08
0
1.91425e-08
2.78195e-07
1.78317e-07
0
0
0
0
0
0
0
0
0
0
0
0
0
0
0
0
0
0
4.04811e-08
8.38314e-08
1.11812e-07
1.18771e-07
1.05975e-07
8.58476e-08
6.90243e-08
5.49497e-08
3.87753e-08
1.84644e-08
0
0
0
0
0
0
0
0
0
0
0
0
0
0
0
0
0
0
0
0
0
0
0
0
7.93806e-08
5.45708e-07
5.03261e-07
0
0
0
4.66568e-07
4.7589e-07
2.63336e-07
1.06215e-07
2.92369e-08
0
0
0
0
0
0
0
0
0
0
0
0
0
0
0
0
0
0
0
0
0
0
0
0
3.59479e-10
1.35803e-07
1.45791e-07
1.61398e-08
3.91766e-07
3.43742e-07
3.00921e-07
2.63542e-07
2.11299e-07
1.47128e-07
2.43804e-08
0
0
0
0
0
0
1.7753e-08
2.19257e-07
4.40666e-07
6.3976e-07
7.7807e-07
8.48975e-07
8.4368e-07
7.70642e-07
6.68544e-07
5.78953e-07
5.17803e-07
4.80476e-07
4.61359e-07
4.5669e-07
4.59847e-07
4.6971e-07
4.76296e-07
4.74623e-07
4.55818e-07
3.94454e-07
3.39183e-07
2.91329e-07
2.44995e-07
2.06088e-07
1.72614e-07
1.48367e-07
1.53477e-07
1.64673e-07
1.47651e-07
9.91843e-08
8.92579e-08
1.73833e-07
2.23473e-07
2.78258e-07
1.64985e-07
1.75154e-07
1.72191e-07
1.35584e-07
0
0
1.28665e-07
1.44602e-07
6.00374e-08
2.60792e-08
1.56973e-07
4.41957e-07
8.53759e-08
1.44312e-07
1.52661e-07
1.52383e-07
1.58731e-07
1.79652e-07
2.89702e-07
1.52195e-07
0
0
0
0
0
3.15562e-07
3.0408e-07
3.01693e-07
3.05321e-07
3.17761e-07
3.39794e-07
0
0
0
0
0
0
0
0
5.71822e-07
8.77709e-07
4.91386e-07
1.4464e-07
0
0
0
0
0
0
0
0
0
0
0
0
0
0
2.08969e-08
3.87551e-08
2.63503e-08
2.84812e-08
1.01776e-07
1.69554e-07
1.7439e-07
1.6857e-07
1.69785e-07
1.56887e-07
1.36735e-07
1.11855e-07
8.32464e-08
5.0477e-08
1.61032e-08
0
0
0
0
0
0
0
0
0
0
0
0
0
0
0
0
0
0
8.46358e-08
2.18809e-08
2.34652e-08
1.32428e-07
3.70523e-07
6.56811e-07
4.57307e-07
0
0
4.85827e-07
6.9744e-07
4.61074e-07
2.24064e-07
9.79129e-08
4.09266e-08
1.45825e-08
1.44001e-09
0
0
0
0
0
0
0
0
0
0
2.39161e-09
9.85242e-09
0
0
0
0
0
0
0
0
0
4.57767e-08
1.44621e-07
2.60197e-07
2.25977e-07
2.50216e-08
1.84783e-07
2.20374e-07
2.11331e-07
1.81449e-07
1.52869e-07
1.32042e-07
0
0
0
0
0
0
0
0
1.52521e-07
5.20629e-07
8.23039e-07
9.91989e-07
1.04597e-06
1.0106e-06
9.03751e-07
7.66385e-07
6.42409e-07
5.49842e-07
4.89693e-07
4.61052e-07
4.56348e-07
4.6049e-07
4.75217e-07
4.85293e-07
4.81718e-07
4.63089e-07
4.06158e-07
3.51994e-07
3.06864e-07
2.53619e-07
2.09075e-07
1.77612e-07
1.51851e-07
1.4372e-07
1.4201e-07
9.66635e-08
2.7375e-08
4.30931e-08
1.45701e-07
1.85313e-07
1.52987e-07
1.36901e-07
1.70368e-07
1.82335e-07
1.724e-07
4.05903e-08
0
1.37636e-07
5.06116e-08
0
0
0
1.06683e-07
1.35237e-07
1.43508e-07
1.41542e-07
1.44855e-07
1.50771e-07
1.45442e-07
2.41018e-07
3.35638e-07
5.24474e-08
0
0
0
0
1.28735e-07
2.58079e-07
2.71818e-07
2.50147e-07
1.74997e-07
1.86731e-08
0
0
0
0
0
0
4.38393e-08
8.30363e-08
2.97617e-07
3.87193e-07
3.00639e-07
1.52803e-07
2.62073e-08
0
0
0
0
0
0
0
0
0
0
0
0
0
0
0
0
0
0
0
1.4256e-08
4.2592e-08
5.86681e-08
6.77542e-08
7.50571e-08
8.13827e-08
8.37223e-08
7.36958e-08
4.46776e-08
9.73087e-09
0
0
0
0
0
0
0
0
0
0
0
6.48923e-09
2.24299e-08
4.42687e-08
8.05548e-08
1.45644e-07
2.17267e-07
3.26558e-07
3.68981e-07
3.79983e-07
5.29305e-07
8.26691e-07
1.09386e-06
8.27744e-07
3.85249e-07
3.50954e-07
4.94888e-07
3.81756e-07
1.96472e-07
7.94651e-08
2.49946e-08
3.5672e-09
0
4.85199e-10
5.63841e-09
1.36264e-08
2.54813e-08
1.43381e-08
0
0
0
0
0
1.85858e-09
1.7964e-08
2.20691e-08
2.36936e-09
0
0
0
0
0
4.88628e-08
3.67074e-08
3.65467e-08
8.49222e-08
1.23669e-07
1.556e-07
1.27549e-07
9.40299e-08
1.38127e-07
1.70633e-07
1.5189e-07
1.24847e-07
1.12909e-07
1.38245e-07
2.31593e-08
0
0
0
0
0
0
0
0
4.38517e-07
9.08233e-07
1.12064e-06
1.15413e-06
1.09577e-06
9.6871e-07
8.09913e-07
6.64881e-07
5.5306e-07
4.79617e-07
4.47155e-07
4.44485e-07
4.49994e-07
4.70548e-07
4.87925e-07
4.84112e-07
4.62535e-07
4.08164e-07
3.58213e-07
3.25808e-07
2.77714e-07
2.24143e-07
1.88765e-07
1.60037e-07
1.41165e-07
1.47293e-07
8.06262e-08
1.0188e-08
4.63085e-08
1.1578e-07
1.34216e-07
1.35853e-07
1.43352e-07
1.58118e-07
1.69862e-07
1.8052e-07
1.24191e-07
0
3.60138e-08
0
0
0
0
0
1.48114e-07
1.31483e-07
1.26942e-07
1.34891e-07
1.38257e-07
9.49723e-08
1.25702e-07
4.65899e-07
2.2866e-07
0
0
0
4.07092e-08
6.11939e-08
1.3479e-07
1.98912e-07
1.43887e-07
0
0
0
0
0
0
0
0
1.61935e-07
1.81552e-07
1.29187e-07
9.27615e-08
6.824e-08
4.45114e-08
2.44437e-08
1.04631e-08
6.78295e-12
0
0
0
0
0
0
0
0
0
0
0
0
0
0
0
0
0
0
0
0
1.38989e-08
3.23165e-08
4.82138e-08
5.56692e-08
5.00801e-08
3.47292e-08
1.57207e-08
0
0
0
0
0
0
0
0
0
1.98655e-08
4.38307e-08
5.77236e-08
7.09857e-08
9.75599e-08
1.51649e-07
2.38553e-07
3.45937e-07
4.06985e-07
4.5782e-07
5.20496e-07
7.40259e-07
1.15857e-06
1.30934e-06
9.51631e-07
4.77767e-07
1.8605e-07
6.90243e-08
2.24621e-09
0
0
0
0
0
0
0
0
7.90493e-08
2.41091e-07
0
0
0
5.27263e-09
5.46253e-09
6.07923e-09
2.54965e-08
5.25708e-08
4.61597e-08
1.54879e-08
0
0
0
0
3.69836e-08
2.50309e-08
3.13052e-08
4.49273e-08
4.59944e-08
5.04229e-08
5.51549e-08
6.34799e-08
8.94837e-08
1.04504e-07
9.40513e-08
8.56274e-08
1.00862e-07
1.49526e-07
8.05809e-08
0
0
0
0
0
0
0
0
1.27102e-07
7.6048e-07
1.03014e-06
1.06302e-06
1.00542e-06
8.82228e-07
7.25537e-07
5.83518e-07
4.75282e-07
4.06817e-07
3.81505e-07
3.84513e-07
3.89889e-07
4.12125e-07
4.37584e-07
4.37485e-07
4.14968e-07
3.64549e-07
3.19522e-07
2.96806e-07
2.88248e-07
2.40978e-07
1.99469e-07
1.67038e-07
1.429e-07
1.87438e-07
1.73689e-07
1.10992e-07
1.12517e-07
1.21239e-07
1.49982e-07
1.52334e-07
1.39142e-07
1.37972e-07
1.4252e-07
1.54682e-07
1.59076e-07
3.96516e-08
0
0
0
0
0
0
8.15137e-09
8.50873e-08
9.73527e-08
1.17567e-07
1.16984e-07
5.62901e-08
0
0
0
4.23853e-08
2.6528e-07
1.69646e-07
1.13568e-07
2.00373e-07
2.11577e-07
0
0
0
0
0
0
0
0
0
2.81225e-08
2.20693e-07
2.42089e-07
5.7159e-08
0
0
0
4.26367e-08
8.83362e-08
1.20165e-07
8.39018e-08
0
0
0
0
0
0
0
0
0
0
0
0
0
2.79789e-08
7.37439e-08
1.18762e-07
1.71659e-07
2.38672e-07
3.15892e-07
3.80046e-07
3.9462e-07
3.43452e-07
2.49024e-07
1.4904e-07
6.82878e-08
1.12898e-08
0
0
0
0
0
0
0
1.01259e-08
4.42067e-08
8.1107e-08
1.15793e-07
1.36571e-07
1.5333e-07
1.74917e-07
2.0194e-07
2.36723e-07
2.88518e-07
3.29351e-07
3.33162e-07
3.65008e-07
5.1731e-07
8.10403e-07
8.13328e-07
5.82534e-07
2.69739e-07
2.57829e-08
0
0
0
0
0
0
0
0
0
0
0
1.20127e-07
0
0
0
0
0
0
1.96102e-08
5.76626e-08
5.64556e-08
2.64464e-08
7.72747e-10
0
0
0
0
0
3.31469e-09
0
0
0
0
1.73508e-08
4.41124e-08
6.09718e-08
7.05508e-08
9.37257e-08
1.51675e-07
2.95505e-07
5.05233e-07
8.79467e-07
1.14207e-06
7.51333e-07
0
0
0
0
0
1.88009e-07
7.00678e-07
8.94699e-07
8.65488e-07
7.85805e-07
6.76912e-07
5.50812e-07
4.41146e-07
3.61888e-07
3.18486e-07
3.13355e-07
3.28344e-07
3.35859e-07
3.563e-07
3.85612e-07
3.88404e-07
3.65132e-07
3.18668e-07
2.76556e-07
2.38982e-07
2.50049e-07
2.62216e-07
2.16134e-07
1.74823e-07
1.52306e-07
2.49329e-07
3.18383e-07
2.73307e-07
2.65359e-07
2.39318e-07
2.28237e-07
1.68183e-07
1.30174e-07
1.1535e-07
1.09226e-07
1.0703e-07
1.23784e-07
1.4555e-07
0
0
0
0
0
0
0
0
3.29864e-08
6.21986e-08
3.42523e-08
2.95529e-08
0
0
0
5.84991e-08
2.71755e-07
4.42637e-07
3.8114e-07
1.1526e-07
0
0
0
0
0
0
0
0
0
0
7.12247e-08
3.08125e-07
3.71709e-07
0
0
0
5.15443e-08
1.78617e-07
2.28797e-07
2.27073e-07
1.41763e-07
4.54582e-08
2.74588e-09
0
0
0
0
0
0
0
0
0
0
0
0
0
7.40508e-08
2.34996e-07
3.94538e-07
5.72234e-07
7.5075e-07
8.23792e-07
6.95222e-07
4.83105e-07
3.15071e-07
2.05346e-07
1.327e-07
8.43807e-08
5.28596e-08
3.31946e-08
2.24198e-08
1.76805e-08
1.70338e-08
2.13016e-08
3.40886e-08
5.88043e-08
9.52859e-08
1.36158e-07
1.7466e-07
2.09486e-07
2.44416e-07
2.81365e-07
3.20307e-07
3.5722e-07
3.78278e-07
3.83374e-07
3.91078e-07
4.64337e-07
5.55541e-07
5.06256e-07
3.71752e-07
1.9514e-07
3.39219e-08
0
0
0
0
0
0
0
0
0
0
0
9.81385e-08
1.1771e-07
0
0
0
0
0
0
0
0
0
0
0
0
0
0
0
0
0
0
0
0
0
0
0
3.35761e-08
7.7883e-08
2.06066e-07
7.00323e-07
2.01904e-06
4.2029e-06
6.08336e-06
5.53028e-06
2.49525e-06
7.17864e-07
1.95762e-06
3.8001e-06
4.07626e-06
3.60607e-06
2.72443e-06
1.71549e-06
9.87796e-07
5.94779e-07
4.09957e-07
3.18078e-07
2.64127e-07
2.28118e-07
2.1496e-07
2.30164e-07
2.54034e-07
2.62055e-07
2.75695e-07
3.02971e-07
3.13933e-07
2.9586e-07
2.53797e-07
2.08733e-07
1.43427e-07
5.8189e-08
2.23105e-07
2.10597e-07
1.49782e-07
1.24041e-07
1.47464e-07
0
0
2.49828e-07
5.92131e-07
3.12473e-07
1.67752e-07
1.07111e-07
7.9465e-08
5.97104e-08
3.06841e-08
2.28764e-08
1.41061e-07
0
0
0
0
0
0
0
0
0
0
0
0
0
0
0
5.15671e-08
1.25157e-07
1.36967e-07
7.75714e-08
0
0
0
0
0
0
0
0
0
0
1.29513e-08
1.46075e-07
3.93009e-07
3.45117e-07
0
0
1.63323e-07
3.13698e-07
3.86838e-07
3.49197e-07
2.81362e-07
1.66911e-07
8.13656e-08
2.09386e-08
0
0
0
0
0
6.74102e-07
3.12801e-07
0
0
0
0
0
0
1.05108e-07
3.24517e-07
4.42791e-07
3.83757e-07
2.3085e-07
1.14824e-07
6.6736e-08
5.98354e-08
6.99594e-08
8.64752e-08
1.0598e-07
1.23877e-07
1.38254e-07
1.47557e-07
1.51101e-07
1.50604e-07
1.50518e-07
1.56977e-07
1.76026e-07
2.15634e-07
2.62424e-07
3.07945e-07
3.46136e-07
3.74332e-07
3.97858e-07
4.24009e-07
4.50221e-07
4.67111e-07
4.76432e-07
4.91373e-07
5.304e-07
5.57817e-07
5.34333e-07
4.60482e-07
3.56052e-07
2.29124e-07
9.26387e-08
0
0
0
0
0
0
0
0
0
0
1.79854e-08
5.00308e-08
1.74762e-09
0
0
0
0
0
0
0
0
0
0
0
0
0
0
0
0
0
0
0
0
0
0
0
0
0
1.57152e-07
1.60149e-06
4.93859e-06
9.25876e-06
9.77996e-06
4.76384e-06
0
1.22055e-06
1.58089e-05
2.23474e-05
2.04972e-05
1.60077e-05
1.06847e-05
5.49015e-06
2.0005e-06
4.8592e-07
0
0
0
5.94e-08
1.3128e-07
1.97305e-07
2.49433e-07
2.79987e-07
3.17388e-07
3.53333e-07
3.57163e-07
3.21203e-07
2.7252e-07
2.31786e-07
1.74573e-07
0
0
1.24969e-07
6.0001e-08
7.08262e-08
2.58229e-08
0
0
0
6.85668e-07
3.49184e-07
1.27033e-07
3.66964e-08
0
0
0
0
2.61458e-07
7.64719e-08
0
2.53497e-07
3.63399e-07
0
0
0
0
0
0
0
0
0
0
0
1.4355e-08
4.01854e-08
2.74498e-08
0
0
0
0
0
0
0
0
2.26806e-08
7.43898e-08
1.09064e-07
1.50587e-07
2.7414e-07
1.27088e-08
0
9.43819e-08
2.81491e-07
4.28536e-07
4.80888e-07
4.70678e-07
3.7422e-07
2.90558e-07
1.74189e-07
1.05385e-07
3.40881e-08
1.05155e-08
0
0
0
0
0
0
0
0
1.89044e-07
3.00615e-07
2.8532e-07
1.89641e-07
6.01184e-08
0
0
0
0
0
0
0
0
0
0
2.49414e-08
7.66448e-08
1.37852e-07
1.90969e-07
2.24116e-07
2.4115e-07
2.56222e-07
2.79718e-07
3.14944e-07
3.70974e-07
4.25705e-07
4.66981e-07
4.95173e-07
5.12709e-07
5.20562e-07
5.20005e-07
5.18128e-07
5.23081e-07
5.51526e-07
5.65724e-07
5.48105e-07
4.99744e-07
4.3118e-07
3.46332e-07
2.42327e-07
1.28556e-07
3.49249e-08
0
0
0
0
0
0
0
0
1.43347e-08
1.5323e-08
0
0
0
0
0
0
0
0
0
0
0
0
0
0
0
0
0
0
0
0
0
0
0
0
0
0
0
5.97176e-08
2.90103e-06
6.44672e-06
3.10556e-06
0
0
0
0
4.60477e-05
5.28125e-05
4.28604e-05
3.10432e-05
2.0419e-05
1.18548e-05
5.33065e-06
1.68885e-06
2.92271e-07
0
0
3.10404e-08
1.09644e-07
1.69476e-07
1.87757e-07
1.69706e-07
1.62783e-07
2.00393e-07
2.56075e-07
2.61884e-07
2.33134e-07
1.97016e-07
1.19248e-07
0
0
0
0
2.77361e-08
0
0
0
0
1.33729e-07
3.05621e-07
5.78318e-08
0
0
0
0
3.03185e-07
4.32129e-07
1.83519e-07
8.59406e-08
3.24873e-07
8.54876e-07
8.03463e-07
0
0
0
0
0
0
0
0
2.19561e-07
0
0
0
0
0
0
0
0
0
0
0
0
1.91364e-07
3.19896e-07
3.78284e-07
4.31018e-07
1.95318e-07
0
3.81858e-08
1.45941e-07
2.91364e-07
4.34709e-07
4.93386e-07
4.90305e-07
3.76601e-07
3.03007e-07
1.79201e-07
1.26098e-07
4.22666e-08
2.18687e-08
0
3.74087e-07
3.46546e-08
1.25307e-07
3.71524e-07
5.48945e-07
6.30475e-07
6.3803e-07
5.97399e-07
5.39117e-07
4.8245e-07
4.30703e-07
3.77759e-07
3.15221e-07
2.34193e-07
1.35265e-07
2.67094e-08
0
0
0
0
0
0
0
0
0
4.23947e-08
1.08189e-07
1.55316e-07
1.92308e-07
2.27989e-07
2.68411e-07
3.19023e-07
3.78518e-07
4.27187e-07
4.59741e-07
4.76676e-07
4.80971e-07
4.79656e-07
4.81376e-07
4.90359e-07
4.99328e-07
4.9621e-07
4.74843e-07
4.38786e-07
3.93328e-07
3.35297e-07
2.60024e-07
1.78836e-07
1.08899e-07
5.51254e-08
1.65086e-08
0
0
0
0
0
0
0
0
0
0
0
0
0
0
0
0
0
0
0
0
0
0
0
0
0
0
0
0
0
0
0
0
0
0
0
0
2.00077e-06
0
0
0
0
0
0
3.07284e-06
1.51244e-05
1.62436e-05
1.1994e-05
7.29423e-06
3.57233e-06
7.36751e-07
0
0
0
0
0
0
4.00384e-09
7.91944e-08
1.3556e-07
2.53683e-07
4.22461e-07
5.10911e-07
4.95799e-07
4.51528e-07
4.07854e-07
3.09314e-07
0
0
0
7.10117e-08
8.87355e-08
2.0909e-08
1.43161e-07
4.03571e-07
3.55468e-07
0
0
0
0
0
0
7.70818e-08
6.46165e-07
6.93958e-07
3.64596e-07
1.67815e-07
2.84491e-07
4.78011e-07
4.08666e-07
0
0
0
0
0
0
0
0
0
0
4.74713e-09
0
0
0
0
0
0
0
0
0
0
1.451e-07
4.39767e-07
5.4966e-07
5.5074e-07
4.39998e-08
3.94447e-08
5.30825e-08
7.64957e-08
1.15583e-07
2.01756e-07
2.95562e-07
3.98457e-07
3.57397e-07
3.28754e-07
1.89476e-07
1.51384e-07
4.62352e-08
3.56058e-08
0
0
3.41441e-07
7.13619e-07
9.27394e-07
1.01527e-06
1.01071e-06
9.49223e-07
8.5426e-07
7.16142e-07
5.42026e-07
3.48873e-07
1.34276e-07
0
0
0
0
0
0
0
0
0
0
0
0
0
1.01477e-08
4.4664e-08
6.31403e-08
6.7027e-08
6.23553e-08
6.27245e-08
8.24682e-08
1.2783e-07
1.90607e-07
2.48389e-07
2.82394e-07
2.88784e-07
2.75043e-07
2.52829e-07
2.32173e-07
2.26515e-07
2.27711e-07
2.22211e-07
2.08275e-07
1.8491e-07
1.5313e-07
1.15335e-07
7.64713e-08
4.36034e-08
2.14983e-08
8.9828e-09
2.53783e-09
0
0
0
0
0
0
0
0
0
0
0
0
0
0
0
0
0
0
0
0
0
0
0
0
0
0
0
0
0
0
0
0
0
0
0
0
0
0
0
0
0
0
0
0
0
0
0
0
0
0
0
0
0
0
0
5.93536e-08
1.07039e-07
1.27096e-07
1.81112e-07
2.23112e-07
1.8123e-07
8.08058e-08
0
0
0
0
0
5.90177e-07
6.30315e-07
4.64363e-07
5.35166e-07
1.38169e-06
3.0295e-06
3.9176e-06
3.38328e-07
0
0
0
0
0
0
9.31135e-07
1.09051e-06
6.58521e-07
2.46725e-07
1.8712e-07
2.19005e-07
2.19192e-07
1.89234e-07
1.10559e-07
1.00969e-08
0
5.87072e-08
0
0
0
0
0
3.25624e-09
0
0
0
0
0
0
0
0
0
0
0
0
2.59545e-08
0
0
4.24633e-09
4.19596e-08
7.6184e-08
1.3365e-07
2.36143e-07
3.45889e-07
4.42097e-07
4.11295e-07
3.78053e-07
2.08158e-07
1.74021e-07
4.18988e-08
5.00665e-08
0
0
5.14745e-07
9.81472e-07
1.19599e-06
1.23164e-06
1.14734e-06
9.88046e-07
7.82576e-07
5.3655e-07
2.54049e-07
0
0
0
0
0
0
0
0
6.18496e-09
1.26331e-07
0
0
0
0
0
0
0
0
2.62455e-09
2.69225e-08
4.62063e-08
7.11112e-08
1.11008e-07
1.58394e-07
1.95313e-07
2.03945e-07
1.81476e-07
1.37994e-07
9.45592e-08
6.61647e-08
5.82566e-08
7.20877e-08
1.06655e-07
1.4041e-07
1.52928e-07
1.38144e-07
1.04421e-07
6.39746e-08
2.97722e-08
1.13661e-08
5.14429e-09
4.26308e-09
1.51744e-09
0
0
0
0
1.72515e-08
5.19873e-08
6.79992e-08
6.97294e-08
6.78483e-08
6.38448e-08
5.4802e-08
3.79913e-08
1.02431e-08
0
0
0
0
0
0
0
4.21771e-08
1.53204e-07
5.24312e-07
4.09823e-07
0
0
0
0
0
0
0
0
0
6.82393e-07
0
0
0
2.54644e-07
2.14741e-06
2.31427e-06
6.96474e-07
0
0
0
0
0
0
0
0
0
0
0
0
0
0
0
0
0
0
0
0
0
0
0
0
1.4954e-06
3.17657e-06
1.30396e-06
5.86845e-07
1.00182e-06
3.71559e-06
7.94539e-06
8.20172e-06
0
0
0
0
0
0
0
3.15138e-06
2.76628e-06
1.52602e-06
4.58696e-07
1.82072e-07
2.16684e-07
3.16515e-07
4.22099e-07
5.79293e-07
8.66131e-07
1.18108e-06
1.53996e-06
0
0
0
0
0
0
0
0
0
0
0
0
7.86718e-08
0
0
0
0
0
0
0
0
0
0
1.7318e-07
3.90244e-07
5.79828e-07
6.64354e-07
6.19808e-07
4.1804e-07
2.88284e-07
1.22568e-07
1.10616e-07
1.48999e-08
4.48179e-08
0
0
0
0
1.63493e-07
4.42372e-07
6.17958e-07
6.20806e-07
4.37916e-07
1.06802e-07
0
0
0
0
0
0
0
0
3.11381e-08
2.29503e-07
2.9586e-07
2.69355e-07
1.97796e-07
1.14159e-07
4.13361e-08
0
0
0
0
0
0
0
4.81165e-08
1.15198e-07
1.81827e-07
2.27758e-07
2.41755e-07
2.2096e-07
1.58184e-07
7.30893e-08
0
0
0
0
0
0
0
0
0
0
0
0
0
0
0
0
4.05251e-08
1.88373e-07
2.50035e-07
2.33697e-07
2.01815e-07
1.70069e-07
1.3418e-07
9.41802e-08
5.57595e-08
1.62181e-08
0
0
0
0
0
0
0
0
0
1.80325e-07
6.24517e-07
6.34214e-07
0
0
0
4.64889e-07
5.71202e-07
2.04985e-07
0
0
4.58359e-07
2.77618e-06
0
0
5.64606e-07
2.28857e-06
3.1105e-06
2.21655e-06
0
0
0
0
0
0
0
0
0
0
0
0
0
0
0
0
0
0
0
0
0
0
0
0
0
0
0
0
1.5324e-07
3.3744e-07
1.01e-06
2.56177e-06
3.13417e-06
1.49428e-06
0
0
0
0
0
0
6.44768e-07
8.96744e-07
4.5554e-07
1.67176e-08
0
1.79293e-07
6.07557e-07
8.57668e-07
7.95621e-07
5.56204e-07
3.95187e-07
2.62823e-07
0
0
0
0
0
0
2.46556e-08
1.14706e-08
0
0
0
0
0
0
0
0
0
8.97916e-09
0
0
0
0
0
4.26306e-08
8.48928e-08
1.02331e-07
9.55927e-08
7.55475e-08
4.21528e-08
3.1485e-08
9.0366e-09
1.89983e-08
0
1.54311e-08
0
0
0
0
0
5.68469e-08
1.17781e-07
1.15908e-07
4.76743e-08
0
0
0
0
0
0
0
0
1.18858e-08
5.63157e-08
7.88087e-08
9.05129e-08
9.94584e-08
1.0769e-07
1.15153e-07
1.19228e-07
1.14893e-07
9.5657e-08
5.7366e-08
7.31273e-09
0
0
0
0
2.60706e-08
5.77581e-08
7.87654e-08
8.92462e-08
9.00435e-08
7.77556e-08
4.98585e-08
8.78883e-09
0
0
0
0
0
0
0
0
0
0
3.2934e-09
6.51594e-09
4.1698e-10
0
0
0
1.10933e-07
4.34307e-08
3.46964e-08
4.24648e-08
4.85327e-08
4.8844e-08
4.48429e-08
4.05383e-08
1.91255e-08
0
3.14011e-09
0
0
0
4.49367e-08
0
0
0
0
1.11528e-07
0
0
0
0
3.0749e-06
3.58091e-06
2.29291e-06
5.22549e-08
0
2.1143e-06
4.16043e-06
4.89801e-07
2.52365e-07
2.63778e-06
3.92479e-06
3.82144e-06
1.62345e-06
0
0
8.47853e-06
6.64554e-06
2.36954e-06
0
0
0
0
0
0
0
0
0
0
0
0
0
0
0
0
0
0
0
0
0
0
0
0
6.35973e-08
1.91131e-07
2.81296e-07
3.04642e-07
2.80766e-07
1.92881e-07
5.34433e-09
0
0
0
0
4.97763e-08
5.9843e-08
0
0
0
0
3.7866e-08
5.72973e-08
1.73368e-08
0
0
1.23609e-08
3.84288e-09
0
0
0
0
1.34341e-09
0
0
0
0
0
0
0
0
0
0
1.10591e-08
1.82914e-08
4.05218e-09
0
0
0
0
9.01105e-10
3.81441e-09
5.22532e-09
5.30984e-09
4.64006e-09
2.23627e-09
3.08013e-09
0
3.51816e-09
0
4.90825e-09
0
0
0
0
0
0
0
0
0
0
0
0
0
0
0
0
3.05788e-08
7.63351e-08
8.92394e-08
7.21328e-08
3.20827e-08
0
0
0
0
0
0
0
0
0
0
0
0
0
0
0
0
0
0
0
0
0
0
0
0
0
0
0
4.33524e-09
1.92653e-08
3.36309e-08
4.36092e-08
4.71603e-08
3.26083e-08
0
0
0
0
0
0
0
0
8.91091e-09
7.13888e-08
1.05125e-07
0
1.34789e-07
4.39523e-07
6.839e-08
0
4.8227e-07
7.39231e-07
0
0
0
2.60417e-07
8.33398e-07
0
0
0
0
7.10142e-07
4.36818e-06
4.02811e-06
1.23396e-06
3.3467e-07
4.63051e-06
6.17219e-06
2.89092e-06
2.23898e-06
4.07532e-06
4.75866e-06
3.84643e-06
1.44214e-06
0
0
7.18922e-06
4.69865e-06
3.58916e-07
0
0
0
0
0
0
0
0
0
0
0
0
0
0
0
0
0
0
0
0
3.64529e-08
6.03474e-08
2.11567e-08
0
2.11059e-08
6.71258e-08
8.73086e-08
7.97147e-08
5.72926e-08
2.3749e-08
0
0
0
0
0
0
0
0
0
0
0
0
0
0
0
2.07597e-10
2.23182e-08
1.71835e-08
0
0
0
0
0
0
0
0
0
0
0
3.15042e-10
4.44222e-11
2.46935e-09
7.07596e-09
9.10511e-09
6.48447e-09
2.39807e-09
0
0
0
0
0
2.72067e-10
5.45815e-10
8.85381e-10
5.96561e-10
4.37454e-10
4.82355e-10
0
8.89424e-10
0
1.91698e-09
0
0
0
0
0
0
0
0
0
0
0
0
0
0
0
0
0
0
1.10008e-08
0
0
0
0
0
0
0
0
0
0
0
0
0
0
0
0
0
0
0
0
0
0
0
0
0
0
0
0
0
3.03141e-09
1.32011e-08
1.59447e-08
1.74179e-08
1.89289e-08
0
0
0
0
0
0
1.59524e-08
9.67999e-09
0
0
2.97454e-08
1.02198e-07
0
0
2.45191e-07
0
9.14274e-08
1.28499e-06
5.1706e-07
0
0
0
1.49492e-06
3.52498e-06
9.11134e-08
0
0
0
0
1.43213e-06
2.20958e-06
4.93342e-07
3.73998e-07
4.49248e-06
5.85468e-06
5.2477e-06
4.83248e-06
5.38917e-06
5.16299e-06
3.7933e-06
1.43336e-06
0
0
4.66843e-06
2.09621e-06
0
0
0
0
0
0
0
0
0
0
0
0
0
0
0
0
0
1.881e-07
9.64119e-08
0
0
0
0
0
0
0
0
0
0
0
0
0
0
0
0
0
0
0
0
0
0
0
0
0
0
1.32911e-08
2.38074e-08
1.91971e-08
5.70326e-09
0
0
0
0
0
0
0
2.16005e-09
4.40158e-09
5.38859e-09
5.31519e-09
4.84576e-09
4.44138e-09
4.02061e-09
3.19071e-09
1.90077e-09
5.50043e-10
0
0
0
0
0
5.15245e-11
3.82611e-10
3.24449e-10
4.76438e-10
1.82459e-10
3.3668e-10
9.67121e-11
9.27257e-11
2.33437e-10
0
8.50029e-10
0
0
0
0
0
0
0
0
0
0
0
0
0
0
0
0
0
0
0
0
0
0
0
0
0
0
0
0
0
0
0
0
0
0
0
0
0
0
0
0
0
0
0
0
0
0
0
0
0
0
0
0
0
1.64626e-08
6.48372e-08
8.65286e-08
2.49439e-08
0
0
2.0075e-08
1.04623e-07
0
1.10319e-07
5.58963e-07
1.62848e-07
0
1.55988e-07
0
0
2.83575e-07
1.94753e-06
0
0
0
0
3.0377e-06
6.71888e-06
2.55854e-06
0
0
0
0
0
0
0
0
1.12534e-06
3.52226e-06
8.01356e-06
7.53355e-06
7.3435e-06
6.80482e-06
5.39941e-06
2.68526e-06
0
0
4.30108e-07
0
0
0
0
0
0
0
0
0
0
0
0
0
0
0
0
5.39871e-08
2.94151e-07
0
0
0
0
0
0
0
0
0
0
0
0
0
0
0
0
0
0
0
0
0
0
1.29485e-08
1.55702e-08
9.33545e-09
5.15452e-09
8.67083e-09
1.62815e-08
2.07616e-08
1.8366e-08
1.15446e-08
4.96345e-09
1.26448e-09
6.59932e-10
1.59647e-09
2.86325e-09
4.00604e-09
4.81328e-09
5.04608e-09
4.6339e-09
3.83128e-09
3.07641e-09
2.5044e-09
2.03196e-09
1.52886e-09
9.77099e-10
4.04523e-10
0
0
0
0
0
0
8.69053e-11
1.37956e-10
2.33279e-10
1.25231e-10
2.15849e-10
4.85508e-11
2.01465e-10
1.61323e-12
1.61408e-10
2.87376e-11
0
3.90766e-10
0
0
6.18683e-10
2.2947e-09
3.25191e-09
3.30333e-09
2.48837e-09
1.00837e-09
0
0
0
0
0
0
0
0
0
0
0
0
0
0
0
0
0
0
0
0
0
0
0
0
0
0
0
0
0
0
0
0
0
0
0
0
0
0
0
0
0
0
0
1.42469e-08
5.60824e-08
0
0
0
0
0
0
5.68171e-09
1.12229e-07
0
6.71299e-07
1.73842e-06
9.5053e-07
5.7711e-07
1.4411e-06
0
0
0
1.97646e-06
0
0
0
0
9.65972e-07
6.57164e-06
3.00508e-06
0
0
0
0
0
0
0
0
0
7.29743e-06
1.46925e-05
1.28375e-05
9.37359e-06
9.61463e-06
1.11322e-05
1.20673e-05
9.36184e-06
1.77855e-06
0
0
0
0
0
0
0
0
0
0
0
0
0
0
0
0
0
7.93105e-08
0
0
0
0
0
0
0
1.40918e-09
0
0
0
0
0
0
0
0
0
0
0
6.56342e-10
9.2533e-09
1.81827e-08
2.25257e-08
2.19955e-08
1.82839e-08
1.45662e-08
1.30169e-08
1.27983e-08
1.22503e-08
1.05872e-08
8.2189e-09
6.0835e-09
4.75467e-09
4.08721e-09
3.8131e-09
3.57482e-09
3.21715e-09
2.73612e-09
2.16193e-09
1.62385e-09
1.19268e-09
8.55368e-10
6.40142e-10
4.92121e-10
3.32909e-10
1.30371e-10
0
0
0
0
0
0
0
0
3.98249e-11
2.30868e-11
5.33956e-11
2.19308e-12
5.23217e-11
0
6.22339e-11
0
7.21665e-11
0
0
1.72013e-10
0
1.53299e-09
1.71416e-09
1.74237e-09
1.60541e-09
1.29767e-09
8.23384e-10
2.05141e-10
0
0
0
0
0
0
0
0
0
0
0
0
0
0
0
0
0
0
0
4.96133e-11
2.22297e-10
3.43726e-10
3.48522e-10
2.27031e-10
0
0
0
0
0
0
0
0
0
0
2.0974e-11
1.29027e-10
2.08634e-10
0
3.1864e-10
0
1.23465e-09
3.16874e-09
6.23681e-09
1.11621e-07
4.76038e-07
4.46527e-08
0
0
0
0
0
0
0
0
1.13686e-06
3.42009e-06
2.95097e-06
2.70221e-06
4.53681e-06
1.85924e-06
0
0
1.01124e-06
0
0
0
0
2.7324e-07
1.54109e-05
1.19506e-05
4.57528e-06
0
0
0
0
0
0
0
0
9.76316e-06
3.06523e-05
3.14829e-05
1.68746e-05
1.06993e-05
7.52346e-06
3.80435e-06
1.54969e-06
4.91009e-07
0
0
0
0
0
0
0
0
0
0
0
0
0
0
0
0
0
0
0
0
0
0
0
0
0
0
0
0
0
0
0
0
3.98057e-09
8.41866e-09
1.26407e-08
1.56607e-08
1.72407e-08
1.7685e-08
1.69779e-08
1.50423e-08
1.25032e-08
1.04193e-08
8.99806e-09
7.88032e-09
6.84399e-09
5.73119e-09
4.63842e-09
3.68565e-09
2.9238e-09
2.36036e-09
1.98641e-09
1.71215e-09
1.45241e-09
1.18784e-09
9.18482e-10
6.70545e-10
4.38111e-10
2.44337e-10
1.1278e-10
2.68109e-11
0
0
0
0
0
0
0
0
0
0
0
0
0
0
0
0
0
0
0
0
8.17907e-12
0
0
2.7975e-11
0
0
0
1.05488e-11
0
0
0
0
0
0
0
0
0
0
0
0
0
0
0
0
0
0
0
0
0
0
0
0
3.70434e-11
7.92496e-11
4.92038e-11
0
0
0
0
0
0
0
0
0
0
0
0
0
0
0
0
0
5.71576e-10
2.69909e-09
2.22568e-08
5.25845e-07
2.58966e-06
1.8726e-06
0
0
0
0
0
0
0
0
0
3.64834e-06
5.07911e-06
4.32277e-06
6.29334e-06
4.4012e-06
0
0
0
0
0
0
0
1.30414e-05
4.09946e-05
2.20042e-05
6.11782e-06
8.38327e-07
0
0
0
0
0
0
0
1.42187e-06
9.97513e-06
3.12208e-05
3.33427e-05
1.24866e-05
2.6482e-06
3.53881e-07
2.57532e-08
0
0
0
0
0
0
0
0
0
0
0
0
0
0
0
0
0
0
0
3.45896e-08
1.06084e-07
1.23829e-07
4.81328e-08
0
0
0
0
0
0
0
0
2.9607e-09
6.93366e-09
9.10132e-09
9.90693e-09
9.93275e-09
9.4399e-09
8.52929e-09
7.46992e-09
6.42626e-09
5.36896e-09
4.43648e-09
3.69346e-09
3.11367e-09
2.59063e-09
2.09858e-09
1.66339e-09
1.32339e-09
1.07077e-09
8.67241e-10
6.83492e-10
5.22765e-10
3.94464e-10
2.83408e-10
1.8398e-10
9.98062e-11
5.47712e-11
3.08209e-11
5.82958e-12
0
0
0
0
0
0
0
0
0
0
0
0
0
0
0
0
0
0
0
0
0
0
0
0
0
0
0
0
0
0
0
0
0
0
0
0
0
0
0
0
0
0
0
0
0
0
0
0
0
0
0
0
0
0
0
0
0
0
0
0
0
0
0
0
0
0
0
0
0
0
0
0
0
0
0
9.98362e-10
5.25066e-08
1.48675e-06
1.03083e-05
1.17179e-05
7.85247e-06
3.74285e-06
0
0
0
0
0
0
0
0
2.97617e-06
4.85556e-06
1.00238e-05
1.26224e-05
4.37027e-06
0
0
0
0
0
0
1.19504e-05
3.17637e-05
9.69998e-06
2.06294e-06
3.89262e-08
0
0
0
0
0
0
0
6.63087e-07
4.18964e-06
1.38665e-05
2.57898e-05
1.19851e-05
6.99772e-07
0
0
0
0
0
0
0
0
0
0
0
0
0
0
0
0
0
0
0
0
0
3.91732e-08
2.79457e-07
5.09428e-07
1.7358e-07
0
0
0
0
0
0
0
0
1.6842e-09
3.08486e-09
3.70025e-09
3.80807e-09
3.55079e-09
3.16755e-09
2.7047e-09
2.18801e-09
1.7433e-09
1.4129e-09
1.17343e-09
9.59974e-10
7.68875e-10
5.94533e-10
4.41302e-10
3.22349e-10
2.41483e-10
1.91132e-10
1.5522e-10
1.19759e-10
8.31492e-11
5.39779e-11
2.92544e-11
2.30241e-12
0
0
0
0
1.5925e-13
0
0
0
0
0
0
0
0
0
0
0
0
0
0
0
0
0
0
0
0
0
0
0
0
0
0
4.14115e-08
2.31637e-08
2.51671e-08
3.19025e-08
2.86067e-08
2.24025e-08
1.77687e-08
1.43963e-08
1.17964e-08
9.39493e-09
7.4317e-09
5.58155e-09
4.33557e-09
2.97588e-09
2.31547e-09
1.3038e-09
1.2091e-09
3.73582e-10
9.11351e-10
3.76355e-11
1.29614e-09
0
1.38666e-09
0
0
8.15387e-09
3.48807e-09
3.98483e-09
5.20056e-09
4.95039e-09
4.00231e-09
3.36684e-09
2.83463e-09
2.50469e-09
2.08553e-09
1.76212e-09
1.38789e-09
1.14568e-09
8.35927e-10
6.98349e-10
4.24136e-10
4.49436e-10
1.72655e-10
4.44473e-10
9.32546e-11
7.1141e-10
0
8.20298e-10
0
0
1.54117e-09
3.54989e-10
4.18236e-10
7.15089e-10
8.2901e-10
6.58222e-10
6.2104e-10
4.93405e-10
4.95472e-10
4.23745e-10
3.78571e-10
3.07352e-10
2.7539e-10
2.10413e-10
1.95729e-10
1.39223e-10
1.72032e-10
1.13417e-10
2.38012e-10
1.56839e-10
4.12588e-10
6.20551e-11
4.98139e-10
0
0
4.96478e-10
0
0
0
6.18117e-11
4.96343e-11
5.96393e-11
6.4424e-11
1.0047e-10
1.06266e-10
1.45633e-10
1.39711e-10
1.9313e-10
1.84138e-10
2.3945e-10
2.40546e-10
3.20311e-10
3.05912e-10
4.43447e-10
4.19775e-10
6.51888e-10
3.64911e-10
8.35688e-10
2.08642e-11
3.56046e-10
1.08431e-10
0
0
0
0
0
0
0
0
0
0
0
0
0
0
0
0
0
0
0
0
0
0
0
0
0
0
0
0
0
0
0
0
0
0
0
0
0
0
0
0
0
0
0
0
0
0
0
0
0
0
0
0
0
0
0
0
0
0
0
0
0
0
0
0
0
0
0
0
0
0
0
0
0
0
0
0
0
0
0
0
0
0
0
0
0
0
0
0
0
0
0
0
0
0
0
0
0
0
0
0
0
0
0
0
0
0
0
0
0
0
0
0
0
0
0
0
0
0
0
0
0
0
0
0
0
0
0
0
0
0
0
0
0
0
0
0
0
0
0
0
0
0
0
0
0
0
0
0
0
0
0
0
0
0
0
0
0
0
0
0
0
0
0
0
0
0
0
0
0
0
0
0
0
0
0
0
0
0
0
0
0
0
0
0
0
0
0
0
0
0
0
0
0
0
0
0
0
0
0
0
0
0
0
0
0
0
0
0
0
0
0
0
0
0
0
0
0
0
0
0
0
0
0
0
0
0
0
0
0
0
0
0
0
0
0
0
0
0
0
0
0
0
0
0
0
0
0
0
0
0
0
0
0
0
0
0
0
0
0
0
0
0
0
0
0
0
0
0
0
0
0
0
0
0
0
0
0
0
0
0
0
0
0
0
0
0
0
0
0
0
0
0
0
0
0
0
0
0
0
0
0
0
0
0
0
0
0
0
0
0
0
0
0
0
0
0
0
0
0
0
0
0
0
0
0
0
0
0
0
0
0
0
0
0
0
0
0
0
0
0
0
0
0
0
0
0
0
0
0
0
0
0
0
0
0
0
0
0
0
0
0
0
0
0
0
0
0
0
0
0
0
0
0
0
0
0
0
0
0
0
0
0
0
0
0
0
0
0
0
0
0
0
0
0
0
0
0
0
0
0
0
0
0
0
0
0
0
0
0
0
0
0
0
0
0
0
0
0
0
0
0
0
0
0
0
0
0
0
0
0
0
0
0
0
0
0
0
0
0
0
0
0
0
0
0
0
0
0
0
0
0
0
0
0
0
0
0
0
0
0
0
0
0
0
0
0
0
0
0
0
0
0
0
0
0
0
0
0
0
0
0
0
0
0
0
0
0
0
0
0
0
0
0
0
0
0
0
0
0
0
0
0
0
0
0
0
0
0
0
0
0
0
0
0
0
0
0
0
0
0
0
0
0
0
0
0
0
0
0
0
0
0
0
0
0
0
0
0
0
0
0
0
0
0
0
0
0
0
0
0
0
0
0
0
0
0
0
0
0
0
0
0
0
0
0
0
0
0
0
0
0
0
0
0
0
0
0
0
0
0
0
0
0
0
0
0
0
0
0
0
0
0
0
0
0
0
0
0
0
0
0
0
0
0
0
0
0
0
0
0
0
0
0
0
0
0
0
0
0
0
0
0
0
0
0
0
0
0
0
0
0
0
0
0
0
0
0
0
0
0
0
0
0
0
0
0
0
0
0
0
0
0
0
0
0
0
0
0
0
0
0
0
0
0
0
0
0
0
0
0
0
0
0
0
0
0
0
0
0
0
0
0
0
0
0
0
0
0
0
0
0
0
0
0
0
0
0
0
0
0
0
0
0
0
0
0
0
0
0
0
0
0
0
0
0
0
0
0
0
0
0
0
0
0
0
0
0
0
0
0
0
0
0
0
0
0
0
0
0
0
0
0
0
0
0
0
0
0
0
0
0
0
0
0
0
0
0
0
0
0
0
0
0
0
0
0
0
0
0
0
0
0
0
0
0
0
0
0
0
0
0
0
0
0
0
0
0
0
0
0
0
0
0
0
0
0
0
0
0
0
0
0
0
0
0
0
0
0
0
0
0
0
0
0
0
0
0
0
0
0
0
0
0
0
0
0
0
0
0
0
0
0
0
0
0
0
0
0
0
0
0
0
0
0
0
0
0
0
0
0
0
0
0
0
0
0
0
0
0
0
0
0
0
0
0
0
0
0
0
0
0
0
0
0
0
0
0
0
0
0
0
0
0
0
0
0
0
0
0
0
0
0
0
0
0
0
0
0
0
0
0
0
0
0
0
0
0
0
0
0
0
0
0
0
0
0
0
0
0
0
0
0
0
0
0
0
0
0
0
0
0
0
0
0
0
0
0
0
0
0
0
0
0
0
0
0
0
0
0
0
0
0
0
0
0
0
0
0
0
0
0
0
0
0
0
0
0
0
0
0
0
0
0
0
0
0
0
0
0
0
0
0
0
0
0
0
0
0
0
0
0
0
0
0
0
0
0
0
0
0
0
0
0
0
0
0
0
0
0
0
0
0
0
0
0
0
0
0
0
0
0
0
0
0
0
0
0
0
0
0
0
0
0
0
0
0
0
0
0
0
0
0
0
0
0
0
0
0
0
0
0
0
0
0
0
0
0
0
0
0
0
0
0
0
0
0
0
0
0
0
0
0
0
0
0
0
0
0
0
0
0
0
0
0
0
0
0
0
0
0
0
0
0
0
0
0
0
0
0
1.50177e-09
0
0
0
0
0
0
0
0
0
0
0
0
0
0
0
0
0
0
0
0
0
0
0
0
1.16192e-09
0
0
0
0
0
0
0
0
0
0
0
0
0
0
0
0
0
0
0
0
0
0
0
0
7.55732e-10
0
0
0
0
0
0
0
0
0
0
0
1.21078e-11
4.5896e-12
2.61239e-11
0
5.96011e-11
0
1.13864e-10
0
2.25273e-10
0
4.12536e-10
0
0
5.88178e-10
0
0
0
0
0
0
3.17062e-11
6.18508e-11
8.3957e-11
1.26335e-10
1.48346e-10
2.10853e-10
2.23468e-10
2.89163e-10
2.52376e-10
3.54091e-10
2.66727e-10
4.6224e-10
2.08847e-10
6.41761e-10
2.92461e-11
1.06202e-09
0
6.34839e-10
5.10994e-10
0
0
0
0
1.37199e-11
1.11099e-10
1.74331e-10
2.3926e-10
2.66869e-10
3.3524e-10
3.54436e-10
4.16856e-10
4.13024e-10
4.77821e-10
4.40344e-10
5.14556e-10
4.11291e-10
5.74477e-10
3.38458e-10
7.07019e-10
1.93685e-10
1.07837e-09
0
5.08037e-10
5.46583e-10
0
0
2.20934e-10
4.12984e-10
5.5333e-10
6.58683e-10
6.43297e-10
6.48127e-10
6.11267e-10
6.18277e-10
5.86456e-10
5.84091e-10
5.38891e-10
5.76851e-10
5.39481e-10
6.03177e-10
5.11647e-10
6.49956e-10
4.52879e-10
7.42138e-10
3.24428e-10
9.61704e-10
0
1.4751e-10
8.53764e-10
0
1.19754e-09
1.43807e-09
1.24636e-09
1.0098e-09
6.70206e-10
4.30775e-10
3.28218e-10
2.5817e-10
2.17194e-10
1.81164e-10
1.76548e-10
1.57683e-10
1.97767e-10
1.87738e-10
2.3991e-10
1.52773e-10
2.44486e-10
9.60209e-11
2.8788e-10
6.57284e-12
4.05836e-10
0
0
1.78704e-09
2.29684e-09
3.86069e-09
2.26929e-09
7.58065e-10
0
0
0
0
0
0
0
0
0
0
0
0
0
0
0
0
0
0
0
0
3.12197e-09
6.04096e-09
5.84391e-09
1.58795e-09
0
0
0
0
0
0
0
0
0
0
0
0
0
0
0
0
0
0
0
0
0
)
;

boundaryField
{
    inlet
    {
        type            zeroGradient;
    }
    outlet
    {
        type            zeroGradient;
    }
    upperWall
    {
        type            zeroGradient;
    }
    lowerWall
    {
        type            zeroGradient;
    }
    frontAndBack
    {
        type            empty;
    }
}


// ************************************************************************* //
