/*--------------------------------*- C++ -*----------------------------------*\
| =========                 |                                                 |
| \\      /  F ield         | OpenFOAM: The Open Source CFD Toolbox           |
|  \\    /   O peration     | Version:  2112                                  |
|   \\  /    A nd           | Website:  www.openfoam.com                      |
|    \\/     M anipulation  |                                                 |
\*---------------------------------------------------------------------------*/
FoamFile
{
    version     2.0;
    format      ascii;
    arch        "LSB;label=32;scalar=64";
    class       surfaceScalarField;
    location    "0.2";
    object      ddtCorrDdt0(phi);
}
// * * * * * * * * * * * * * * * * * * * * * * * * * * * * * * * * * * * * * //

dimensions      [0 3 -2 0 0 0 0];

oriented        oriented;

internalField   nonuniform List<scalar> 
3067
(
1.73494e-10
-1.73504e-10
9.33862e-10
-7.6039e-10
3.06712e-09
-2.13329e-09
8.17396e-09
-5.10689e-09
2.03731e-08
-1.21992e-08
4.94283e-08
-2.90552e-08
1.28968e-07
-7.95396e-08
-2.02503e-07
3.31471e-07
-2.48262e-11
-1.48689e-10
-5.07111e-11
-7.34527e-10
-7.7701e-11
-2.10633e-09
-1.21466e-11
-5.17248e-09
-3.59725e-11
-1.21755e-08
-7.59657e-10
-2.83315e-08
-8.68622e-09
-7.16131e-08
-1.82225e-07
-2.8965e-08
7.37634e-12
-1.56077e-10
1.84218e-11
-7.4559e-10
9.79669e-12
-2.09772e-09
-6.36688e-11
-5.09904e-09
-4.36699e-10
-1.18025e-08
-1.82348e-09
-2.69448e-08
-7.86032e-09
-6.55763e-08
-1.6082e-07
-2.92644e-08
-1.58654e-12
-1.54499e-10
-2.00075e-11
-7.27184e-10
-1.0269e-10
-2.01506e-09
-3.75268e-10
-4.82649e-09
-1.18879e-09
-1.0989e-08
-3.41096e-09
-2.47226e-08
-1.05106e-08
-5.84767e-08
-1.39405e-07
-3.19258e-08
-1.36334e-11
-1.40873e-10
-7.89959e-11
-6.61835e-10
-2.67673e-10
-1.8264e-09
-7.47687e-10
-4.34649e-09
-1.92951e-09
-9.80717e-09
-4.79154e-09
-2.18606e-08
-1.26455e-08
-5.06228e-08
-1.18304e-07
-3.37472e-08
-2.23397e-11
-1.1854e-10
-1.25794e-10
-5.58392e-10
-4.06486e-10
-1.54572e-09
-1.06248e-09
-3.69051e-09
-2.52935e-09
-8.34032e-09
-5.82963e-09
-1.85604e-08
-1.39991e-08
-4.24533e-08
-9.78213e-08
-3.44815e-08
-3.5639e-11
-8.29089e-11
-1.95515e-10
-3.9853e-10
-6.14523e-10
-1.12673e-09
-1.55837e-09
-2.74669e-09
-3.58798e-09
-6.31073e-09
-7.99261e-09
-1.41558e-08
-1.8287e-08
-3.2159e-08
-7.32327e-08
-4.28756e-08
-3.49234e-11
-4.79942e-11
-1.85376e-10
-2.48094e-10
-5.75894e-10
-7.3624e-10
-1.47336e-09
-1.84924e-09
-3.46581e-09
-4.31832e-09
-7.88686e-09
-9.73476e-09
-1.80826e-08
-2.19633e-08
-4.97591e-08
-4.15562e-08
-1.09957e-11
-3.70113e-11
-9.85436e-11
-1.6057e-10
-3.84783e-10
-4.5003e-10
-1.13949e-09
-1.09457e-09
-2.92063e-09
-2.5372e-09
-7.0674e-09
-5.58801e-09
-1.63778e-08
-1.26529e-08
-2.719e-08
-3.89469e-08
-3.70341e-11
-1.97632e-10
-6.47689e-10
-1.74228e-09
-4.2795e-09
-9.86752e-09
-2.25205e-08
-4.97104e-08
3.89796e-06
-3.89796e-06
6.73383e-06
-2.83587e-06
7.96792e-06
-1.23409e-06
7.73389e-06
2.34024e-07
6.47425e-06
1.25964e-06
5.02325e-06
1.451e-06
3.75543e-06
1.26782e-06
2.76565e-06
9.89783e-07
2.03064e-06
7.35012e-07
1.4927e-06
5.37936e-07
1.09606e-06
3.96636e-07
7.98004e-07
2.98059e-07
5.66796e-07
2.31208e-07
3.30224e-07
2.36571e-07
1.3142e-07
1.98805e-07
-4.2691e-08
1.74111e-07
-2.02618e-07
1.59927e-07
-3.57606e-07
1.54989e-07
-4.60731e-07
1.03125e-07
-5.57815e-07
9.7084e-08
-6.50711e-07
9.28959e-08
-7.44394e-07
9.36831e-08
-8.3549e-07
9.10962e-08
-9.19269e-07
8.3779e-08
-9.95899e-07
7.66298e-08
-1.06518e-06
6.92795e-08
-1.12662e-06
6.14419e-08
-1.17956e-06
5.29355e-08
-1.22357e-06
4.401e-08
-1.25698e-06
3.3413e-08
-1.27824e-06
2.12642e-08
-1.28664e-06
8.4003e-09
-1.28211e-06
-4.53589e-09
-1.26465e-06
-1.74603e-08
-1.2323e-06
-3.23517e-08
-1.18544e-06
-4.68569e-08
-1.12781e-06
-5.76275e-08
-1.06241e-06
-6.54053e-08
-9.91769e-07
-7.06385e-08
-9.18765e-07
-7.30039e-08
-8.45437e-07
-7.33277e-08
-7.74225e-07
-7.12121e-08
-7.09546e-07
-6.46789e-08
-6.55448e-07
-5.40988e-08
-6.15878e-07
-3.95701e-08
-5.93818e-07
-2.20597e-08
-5.92519e-07
-1.2988e-09
-6.08802e-07
1.62821e-08
-6.50422e-07
4.162e-08
5.77536e-08
-7.08176e-07
2.01499e-06
-5.91294e-06
3.1812e-06
-4.00208e-06
3.16366e-06
-1.21655e-06
2.41106e-06
9.86621e-07
1.48994e-06
2.18076e-06
7.95525e-07
2.14541e-06
3.98131e-07
1.66521e-06
1.93487e-07
1.19443e-06
8.87316e-08
8.39767e-07
3.00094e-08
5.96658e-07
-1.10069e-08
4.37653e-07
-4.50985e-08
3.32151e-07
-7.74672e-08
2.63576e-07
-1.19144e-07
2.78248e-07
-1.62102e-07
2.41763e-07
-2.05327e-07
2.17335e-07
-2.52738e-07
2.07337e-07
-2.47278e-07
1.49529e-07
-3.13617e-07
1.69464e-07
-3.65065e-07
1.48532e-07
-4.04719e-07
1.3255e-07
-4.57944e-07
1.46908e-07
-5.06073e-07
1.39224e-07
-5.50784e-07
1.2849e-07
-5.92259e-07
1.18105e-07
-6.31602e-07
1.08622e-07
-6.68725e-07
9.85654e-08
-7.02425e-07
8.66346e-08
-7.3186e-07
7.34449e-08
-7.56216e-07
5.7769e-08
-7.74473e-07
3.95208e-08
-7.85809e-07
1.97367e-08
-7.8941e-07
-9.35262e-10
-7.85965e-07
-2.09057e-08
-7.74685e-07
-4.3631e-08
-7.55481e-07
-6.60614e-08
-7.29804e-07
-8.33045e-08
-6.98464e-07
-9.67449e-08
-6.61927e-07
-1.07176e-07
-6.21288e-07
-1.13643e-07
-5.77604e-07
-1.17012e-07
-5.32495e-07
-1.16321e-07
-4.88704e-07
-1.08471e-07
-4.48516e-07
-9.42867e-08
-4.13968e-07
-7.41177e-08
-3.8847e-07
-4.75573e-08
-3.72871e-07
-1.68979e-08
-3.7115e-07
1.45605e-08
-3.79848e-07
5.0318e-08
8.01233e-08
-4.02218e-07
6.57838e-07
-6.57078e-06
8.44733e-07
-4.18898e-06
5.99116e-07
-9.70935e-07
1.41945e-07
1.44379e-06
-1.47259e-07
2.46997e-06
-2.24251e-07
2.22241e-06
-1.84852e-07
1.62581e-06
-1.35815e-07
1.14539e-06
-9.86766e-08
8.02628e-07
-7.70627e-08
5.75044e-07
-6.96294e-08
4.30219e-07
-6.85061e-08
3.31027e-07
-7.27745e-08
2.67845e-07
-8.61774e-08
2.91651e-07
-1.02508e-07
2.58094e-07
-1.17608e-07
2.32435e-07
-1.32113e-07
2.21842e-07
-1.76037e-07
1.93453e-07
-1.92056e-07
1.85483e-07
-2.17575e-07
1.74051e-07
-2.21139e-07
1.36114e-07
-2.64231e-07
1.90001e-07
-2.8593e-07
1.60923e-07
-3.06432e-07
1.48991e-07
-3.27106e-07
1.38779e-07
-3.48121e-07
1.29637e-07
-3.68966e-07
1.19411e-07
-3.88671e-07
1.06339e-07
-4.06006e-07
9.078e-08
-4.21018e-07
7.27809e-08
-4.33302e-07
5.18044e-08
-4.41948e-07
2.83828e-08
-4.45936e-07
3.05315e-09
-4.45567e-07
-2.12754e-08
-4.41982e-07
-4.72153e-08
-4.36377e-07
-7.16665e-08
-4.28391e-07
-9.1291e-08
-4.17042e-07
-1.08094e-07
-4.02032e-07
-1.22186e-07
-3.83808e-07
-1.31867e-07
-3.62979e-07
-1.37841e-07
-3.41117e-07
-1.38182e-07
-3.19793e-07
-1.29795e-07
-2.99845e-07
-1.14234e-07
-2.82728e-07
-9.12349e-08
-2.70034e-07
-6.02513e-08
-2.62731e-07
-2.42009e-08
-2.62836e-07
1.46654e-08
-2.69068e-07
5.65497e-08
9.42374e-08
-2.83182e-07
5.174e-08
-6.62252e-06
-6.95103e-08
-4.06773e-06
-2.86161e-07
-7.54285e-07
-4.77011e-07
1.63464e-06
-4.76418e-07
2.46937e-06
-3.66898e-07
2.11289e-06
-2.4385e-07
1.50277e-06
-1.64449e-07
1.06599e-06
-1.16751e-07
7.5493e-07
-8.97335e-08
5.48026e-07
-7.77524e-08
4.18238e-07
-7.00894e-08
3.23364e-07
-6.68176e-08
2.64573e-07
-6.95728e-08
2.94406e-07
-7.42722e-08
2.62793e-07
-7.86757e-08
2.36839e-07
-9.09035e-08
2.3407e-07
-1.01875e-07
2.04425e-07
-1.1104e-07
1.94648e-07
-1.27949e-07
1.9096e-07
-2.01248e-07
2.09414e-07
-1.55762e-07
1.44514e-07
-1.57171e-07
1.62332e-07
-1.65051e-07
1.56871e-07
-1.74928e-07
1.48656e-07
-1.86199e-07
1.40908e-07
-1.97978e-07
1.31189e-07
-2.09203e-07
1.17564e-07
-2.19127e-07
1.00704e-07
-2.27912e-07
8.15659e-08
-2.35418e-07
5.93104e-08
-2.41076e-07
3.4041e-08
-2.44259e-07
6.23568e-09
-2.42696e-07
-2.28386e-08
-2.41233e-07
-4.86784e-08
-2.42142e-07
-7.07577e-08
-2.41712e-07
-9.17208e-08
-2.39079e-07
-1.10727e-07
-2.34122e-07
-1.27143e-07
-2.26618e-07
-1.39371e-07
-2.17851e-07
-1.46607e-07
-2.09465e-07
-1.46569e-07
-2.01301e-07
-1.37959e-07
-1.93686e-07
-1.2185e-07
-1.87865e-07
-9.70558e-08
-1.84446e-07
-6.36698e-08
-1.84006e-07
-2.46412e-08
-1.87777e-07
1.84366e-08
-1.94934e-07
6.37063e-08
1.05589e-07
-2.06285e-07
-1.63523e-07
-6.459e-06
-3.46055e-07
-3.8852e-06
-5.05305e-07
-5.95035e-07
-5.659e-07
1.69524e-06
-4.73205e-07
2.37668e-06
-3.30696e-07
1.97038e-06
-2.15341e-07
1.38741e-06
-1.45865e-07
9.96512e-07
-1.02948e-07
7.12013e-07
-7.84497e-08
5.23528e-07
-6.66762e-08
4.06464e-07
-5.73925e-08
3.1408e-07
-5.2306e-08
2.59486e-07
-5.09556e-08
2.93055e-07
-4.95921e-08
2.6143e-07
-5.44277e-08
2.41675e-07
-5.46454e-08
2.34287e-07
-5.83118e-08
2.08091e-07
-6.02981e-08
1.96634e-07
-6.24235e-08
1.93085e-07
-4.99278e-08
1.96918e-07
-6.05837e-08
1.5517e-07
-6.10935e-08
1.62841e-07
-6.47419e-08
1.6052e-07
-7.08322e-08
1.54746e-07
-7.84324e-08
1.48508e-07
-8.64e-08
1.39157e-07
-9.36966e-08
1.24861e-07
-1.00351e-07
1.07358e-07
-1.06508e-07
8.7723e-08
-1.1179e-07
6.45915e-08
-1.1629e-07
3.85412e-08
-1.2003e-07
9.97567e-09
-1.24715e-07
-1.81538e-08
-1.30473e-07
-4.29198e-08
-1.34239e-07
-6.6992e-08
-1.36098e-07
-8.98614e-08
-1.36515e-07
-1.1031e-07
-1.35612e-07
-1.28047e-07
-1.32386e-07
-1.42596e-07
-1.29138e-07
-1.49856e-07
-1.27354e-07
-1.48353e-07
-1.25193e-07
-1.4012e-07
-1.23364e-07
-1.23679e-07
-1.22992e-07
-9.74278e-08
-1.23919e-07
-6.27426e-08
-1.2658e-07
-2.19805e-08
-1.31715e-07
2.35717e-08
-1.38678e-07
7.06687e-08
1.148e-07
-1.47889e-07
-2.12861e-07
-6.24614e-06
-3.77426e-07
-3.72063e-06
-5.21575e-07
-4.50887e-07
-4.97899e-07
1.67156e-06
-3.88398e-07
2.26718e-06
-2.63323e-07
1.8453e-06
-1.726e-07
1.29669e-06
-1.16757e-07
9.40668e-07
-7.98731e-08
6.75129e-07
-5.90074e-08
5.02662e-07
-4.85158e-08
3.95972e-07
-3.95453e-08
3.05109e-07
-3.53552e-08
2.55296e-07
-3.35212e-08
2.91221e-07
-2.9692e-08
2.57601e-07
-2.48362e-08
2.36819e-07
-1.83398e-08
2.27791e-07
-1.58182e-08
2.05569e-07
-1.45501e-08
1.95366e-07
-1.32086e-08
1.91744e-07
-4.7602e-09
1.8847e-07
-5.49107e-09
1.55901e-07
-6.4426e-09
1.63793e-07
-9.56673e-09
1.63644e-07
-1.46355e-08
1.59815e-07
-2.07513e-08
1.54624e-07
-2.67378e-08
1.45143e-07
-3.21005e-08
1.30223e-07
-3.71829e-08
1.12441e-07
-4.18078e-08
9.23478e-08
-4.57463e-08
6.853e-08
-4.93807e-08
4.21756e-08
-5.28374e-08
1.34323e-08
-5.8415e-08
-1.25762e-08
-6.45496e-08
-3.67852e-08
-6.81909e-08
-6.33508e-08
-7.07249e-08
-8.73273e-08
-7.25807e-08
-1.08454e-07
-7.38926e-08
-1.26735e-07
-7.55389e-08
-1.4095e-07
-7.73897e-08
-1.48005e-07
-7.83363e-08
-1.47406e-07
-7.83838e-08
-1.40073e-07
-7.87898e-08
-1.23273e-07
-8.04509e-08
-9.57668e-08
-8.27563e-08
-6.04372e-08
-8.61304e-08
-1.86063e-08
-9.09887e-08
2.84299e-08
-9.68434e-08
7.65234e-08
1.21888e-07
-1.03932e-07
-1.73049e-07
-6.07309e-06
-3.24036e-07
-3.56964e-06
-4.06341e-07
-3.68583e-07
-3.89403e-07
1.65462e-06
-2.96638e-07
2.17441e-06
-1.99037e-07
1.7477e-06
-1.3165e-07
1.2293e-06
-8.77768e-08
8.96795e-07
-5.69727e-08
6.44325e-07
-4.01627e-08
4.85852e-07
-3.16965e-08
3.87506e-07
-2.41772e-08
2.9759e-07
-1.80158e-08
2.49135e-07
-1.21831e-08
2.85389e-07
-7.02831e-09
2.52446e-07
3.39425e-10
2.29451e-07
7.87183e-09
2.20259e-07
1.10248e-08
2.02417e-07
1.27308e-08
1.9366e-07
1.39216e-08
1.90553e-07
1.70402e-08
1.85351e-07
1.54748e-08
1.57466e-07
1.33512e-08
1.65917e-07
1.01294e-08
1.66866e-07
5.70774e-09
1.64237e-07
8.36512e-10
1.59495e-07
-3.60483e-09
1.49585e-07
-7.60079e-09
1.34219e-07
-1.13812e-08
1.16221e-07
-1.46515e-08
9.56181e-08
-1.74059e-08
7.12843e-08
-1.99666e-08
4.47363e-08
-2.24599e-08
1.59256e-08
-2.57618e-08
-9.2743e-09
-2.92796e-08
-3.32675e-08
-3.19842e-08
-6.06462e-08
-3.43612e-08
-8.49503e-08
-3.65671e-08
-1.06248e-07
-3.86636e-08
-1.24638e-07
-4.17428e-08
-1.37871e-07
-4.50152e-08
-1.44733e-07
-4.70741e-08
-1.45347e-07
-4.88981e-08
-1.38249e-07
-5.08378e-08
-1.21333e-07
-5.29297e-08
-9.36749e-08
-5.52948e-08
-5.80721e-08
-5.83476e-08
-1.55535e-08
-6.23068e-08
3.2389e-08
-6.68237e-08
8.10402e-08
1.2709e-07
-7.20257e-08
-1.5313e-07
-5.91996e-06
-2.72744e-07
-3.45003e-06
-3.44018e-07
-2.97309e-07
-3.3016e-07
1.64076e-06
-2.54024e-07
2.09827e-06
-1.74029e-07
1.6677e-06
-1.18315e-07
1.17359e-06
-7.84442e-08
8.56925e-07
-4.83374e-08
6.14218e-07
-3.26425e-08
4.70157e-07
-2.25932e-08
3.77456e-07
-1.25503e-08
2.87547e-07
-3.58431e-09
2.40169e-07
5.9642e-09
2.7584e-07
1.32032e-08
2.45207e-07
2.1226e-08
2.21428e-07
2.82039e-08
2.13281e-07
3.15214e-08
1.99099e-07
3.33895e-08
1.91792e-07
3.43683e-08
1.89574e-07
3.55592e-08
1.8416e-07
3.22957e-08
1.6073e-07
2.89196e-08
1.69293e-07
2.45656e-08
1.7122e-07
1.90868e-08
1.69715e-07
1.33875e-08
1.65194e-07
8.28903e-09
1.54683e-07
3.54238e-09
1.38966e-07
-9.10865e-10
1.20675e-07
-4.68041e-09
9.93876e-08
-7.90265e-09
7.45065e-08
-1.0909e-08
4.77427e-08
-1.39487e-08
1.89653e-08
-1.72426e-08
-5.98043e-09
-2.06907e-08
-2.98193e-08
-2.42841e-08
-5.70528e-08
-2.8081e-08
-8.11534e-08
-3.21873e-08
-1.02142e-07
-3.66764e-08
-1.20149e-07
-4.24745e-08
-1.32073e-07
-4.89674e-08
-1.3824e-07
-5.47587e-08
-1.39556e-07
-6.11838e-08
-1.31823e-07
-6.77662e-08
-1.14751e-07
-7.36343e-08
-8.78068e-08
-7.98413e-08
-5.18651e-08
-8.6893e-08
-8.50189e-09
-9.50707e-08
4.05668e-08
-1.04175e-07
9.01447e-08
1.37216e-07
-1.14301e-07
-1.20289e-07
-5.79967e-06
-2.16158e-07
-3.35416e-06
-2.744e-07
-2.39068e-07
-2.64029e-07
1.63039e-06
-2.04904e-07
2.03915e-06
-1.42696e-07
1.6055e-06
-9.85036e-08
1.12939e-06
-6.38035e-08
8.22225e-07
-3.63452e-08
5.8676e-07
-2.09848e-08
4.54797e-07
-8.25204e-09
3.64723e-07
3.79286e-09
2.75502e-07
1.30374e-08
2.30924e-07
2.23607e-08
2.66517e-07
2.97377e-08
2.3783e-07
3.63031e-08
2.14863e-07
4.09398e-08
2.08644e-07
4.30953e-08
1.96944e-07
4.40945e-08
1.90793e-07
4.42441e-08
1.89425e-07
4.37718e-08
1.84633e-07
3.96426e-08
1.64859e-07
3.56089e-08
1.73326e-07
3.09542e-08
1.75874e-07
2.56438e-08
1.75026e-07
2.0511e-08
1.70327e-07
1.59544e-08
1.5924e-07
1.17238e-08
1.43196e-07
8.00971e-09
1.24389e-07
5.02574e-09
1.02372e-07
2.57217e-09
7.69601e-08
3.86941e-10
4.9928e-08
-1.79263e-09
2.11449e-08
-3.81462e-09
-3.95844e-09
-5.84201e-09
-2.77919e-08
-8.49451e-09
-5.44003e-08
-1.17473e-08
-7.79006e-08
-1.56685e-08
-9.82205e-08
-2.03618e-08
-1.15456e-07
-2.6091e-08
-1.26344e-07
-3.27538e-08
-1.31577e-07
-3.9912e-08
-1.32398e-07
-4.806e-08
-1.23675e-07
-5.68087e-08
-1.06002e-07
-6.55005e-08
-7.9115e-08
-7.47094e-08
-4.26562e-08
-8.44097e-08
1.19845e-09
-9.47726e-08
5.09296e-08
-1.0615e-07
1.01522e-07
1.49525e-07
-1.18459e-07
-7.83705e-07
-5.01597e-06
-1.36253e-06
-2.77534e-06
-1.54003e-06
-6.15598e-08
-1.33228e-06
1.42264e-06
-9.6452e-07
1.67139e-06
-6.50225e-07
1.2912e-06
-4.23843e-07
9.03011e-07
-2.40227e-07
6.38609e-07
-1.00239e-07
4.46771e-07
-9.90727e-09
3.64465e-07
6.36425e-08
2.91173e-07
1.19173e-07
2.19971e-07
1.50217e-07
1.99881e-07
1.72328e-07
2.44405e-07
1.89013e-07
2.21146e-07
1.94057e-07
2.09819e-07
1.89712e-07
2.1299e-07
1.81511e-07
2.05145e-07
1.71702e-07
2.00602e-07
1.6042e-07
2.00707e-07
1.47566e-07
1.97486e-07
1.26972e-07
1.85454e-07
1.09268e-07
1.9103e-07
9.20614e-08
1.93081e-07
7.61226e-08
1.90965e-07
6.24485e-08
1.84001e-07
5.08573e-08
1.70831e-07
4.10359e-08
1.53018e-07
3.34558e-08
1.31969e-07
2.78784e-08
1.07949e-07
2.36539e-08
8.11846e-08
2.02566e-08
5.33253e-08
1.70627e-08
2.43387e-08
1.45702e-08
-1.46587e-09
1.22511e-08
-2.54729e-08
8.76895e-09
-5.09181e-08
4.26757e-09
-7.33992e-08
-1.32743e-09
-9.26255e-08
-8.0824e-09
-1.08701e-07
-1.57117e-08
-1.18714e-07
-2.42892e-08
-1.22999e-07
-3.39995e-08
-1.22688e-07
-4.45647e-08
-1.1311e-07
-5.56978e-08
-9.48689e-08
-6.70837e-08
-6.77291e-08
-7.86468e-08
-3.10931e-08
-9.01774e-08
1.2729e-08
-1.0169e-07
6.24422e-08
-1.1345e-07
1.13282e-07
1.61236e-07
-1.25161e-07
-1.01296e-06
-4.003e-06
-1.7303e-06
-2.058e-06
-1.86195e-06
7.00915e-08
-1.55069e-06
1.11137e-06
-1.09603e-06
1.21673e-06
-7.00434e-07
8.95608e-07
-4.06255e-07
6.08832e-07
-1.84384e-07
4.16737e-07
-4.11223e-08
3.0351e-07
7.1913e-08
2.51429e-07
1.57093e-07
2.05994e-07
1.98613e-07
1.78451e-07
2.15952e-07
1.82541e-07
2.29596e-07
2.30761e-07
2.36647e-07
2.14095e-07
2.27799e-07
2.18666e-07
2.12727e-07
2.28062e-07
1.9773e-07
2.20142e-07
1.82303e-07
2.1603e-07
1.66281e-07
2.16729e-07
1.49051e-07
2.14716e-07
1.27642e-07
2.06863e-07
1.08934e-07
2.09738e-07
9.25189e-08
2.09497e-07
7.85711e-08
2.04912e-07
6.66638e-08
1.95909e-07
5.69705e-08
1.80524e-07
4.9417e-08
1.60571e-07
4.39072e-08
1.37479e-07
4.00351e-08
1.11821e-07
3.71769e-08
8.40428e-08
3.48536e-08
5.56486e-08
3.25266e-08
2.66658e-08
3.05617e-08
4.98985e-10
2.85703e-08
-2.34814e-08
2.55175e-08
-4.78653e-08
2.13865e-08
-6.92682e-08
1.60538e-08
-8.72928e-08
9.40565e-09
-1.02053e-07
1.70496e-09
-1.11014e-07
-7.14903e-09
-1.14145e-07
-1.75585e-08
-1.12278e-07
-2.91362e-08
-1.01533e-07
-4.17362e-08
-8.22689e-08
-5.5344e-08
-5.41213e-08
-6.95418e-08
-1.68953e-08
-8.41524e-08
2.73396e-08
-9.90937e-08
7.73835e-08
-1.14174e-07
1.28363e-07
1.76004e-07
-1.28942e-07
-1.19947e-06
-2.80353e-06
-2.02977e-06
-1.2277e-06
-2.14129e-06
1.81604e-07
-1.63403e-06
6.04111e-07
-9.74526e-07
5.57231e-07
-4.81177e-07
4.02259e-07
-1.85405e-07
3.1306e-07
-3.24204e-08
2.63753e-07
4.15501e-08
2.29539e-07
9.84286e-08
1.94551e-07
1.25255e-07
1.79167e-07
1.33375e-07
1.70331e-07
1.50372e-07
1.65544e-07
1.73219e-07
2.07914e-07
1.75986e-07
2.11328e-07
1.6713e-07
2.27522e-07
1.59248e-07
2.35945e-07
1.50391e-07
2.28999e-07
1.38656e-07
2.27765e-07
1.25816e-07
2.29569e-07
1.12229e-07
2.28303e-07
9.66283e-08
2.22463e-07
8.36486e-08
2.22717e-07
7.33053e-08
2.1984e-07
6.45474e-08
2.1367e-07
5.72161e-08
2.0324e-07
5.18603e-08
1.8588e-07
4.80238e-08
1.64408e-07
4.54199e-08
1.40083e-07
4.37134e-08
1.13528e-07
4.24579e-08
8.52984e-08
4.1314e-08
5.67926e-08
3.99103e-08
2.80695e-08
3.85238e-08
1.88552e-09
3.69186e-08
-2.18761e-08
3.44015e-08
-4.53481e-08
3.09153e-08
-6.5782e-08
2.63112e-08
-8.26887e-08
2.04243e-08
-9.61658e-08
1.33126e-08
-1.03902e-07
4.84833e-09
-1.05681e-07
-5.33281e-09
-1.02097e-07
-1.69734e-08
-8.98919e-08
-2.9995e-08
-6.92472e-08
-4.44641e-08
-3.96523e-08
-5.99101e-08
-1.44931e-09
-7.62485e-08
4.36781e-08
-9.33752e-08
9.45102e-08
-1.10671e-07
1.45659e-07
1.92806e-07
-1.27474e-07
-1.26749e-06
-1.53604e-06
-2.15245e-06
-3.42744e-07
-1.78803e-06
-1.82819e-07
-9.61884e-07
-2.22031e-07
-4.06746e-07
2.09198e-09
-1.07604e-07
1.03118e-07
4.92718e-08
1.56183e-07
1.24339e-07
1.88686e-07
1.53094e-07
2.00784e-07
1.4274e-07
2.04905e-07
1.13328e-07
2.08579e-07
9.67521e-08
1.86907e-07
8.89827e-08
1.73313e-07
7.7944e-08
2.18953e-07
6.69828e-08
2.22289e-07
6.69625e-08
2.27542e-07
7.32425e-08
2.29665e-07
7.19288e-08
2.30312e-07
6.6557e-08
2.33137e-07
6.09536e-08
2.35173e-07
5.58625e-08
2.33395e-07
5.02798e-08
2.28046e-07
4.65099e-08
2.26487e-07
4.41106e-08
2.22239e-07
4.22864e-08
2.15495e-07
4.13425e-08
2.04184e-07
4.10844e-08
1.86138e-07
4.10301e-08
1.64462e-07
4.11434e-08
1.39969e-07
4.13474e-08
1.13324e-07
4.14709e-08
8.5175e-08
4.13752e-08
5.68883e-08
4.08602e-08
2.85846e-08
4.01564e-08
2.58935e-09
3.91318e-08
-2.08515e-08
3.7327e-08
-4.35433e-08
3.46893e-08
-6.31443e-08
3.1078e-08
-7.90773e-08
2.62849e-08
-9.13728e-08
2.01963e-08
-9.78132e-08
1.26187e-08
-9.81036e-08
3.23801e-09
-9.27162e-08
-7.80654e-09
-7.88473e-08
-2.04958e-08
-5.6558e-08
-3.48555e-08
-2.52925e-08
-5.04662e-08
1.41614e-08
-6.73086e-08
6.05205e-08
-8.52048e-08
1.12406e-07
-1.03285e-07
1.63739e-07
2.10311e-07
-1.2079e-07
-1.30389e-06
-2.32153e-07
-9.90923e-07
-6.55708e-07
-5.9777e-07
-5.75971e-07
-2.53493e-07
-5.66308e-07
-8.28348e-08
-1.68567e-07
2.09476e-08
-6.64772e-10
8.84094e-08
8.87213e-08
1.27021e-07
1.50074e-07
1.43933e-07
1.83871e-07
1.40594e-07
2.08243e-07
1.25188e-07
2.23985e-07
1.03056e-07
2.09039e-07
7.53001e-08
2.01068e-07
3.73841e-08
2.56869e-07
1.73471e-08
2.42326e-07
8.09041e-09
2.36799e-07
1.41156e-09
2.36344e-07
-2.27649e-09
2.34001e-07
-2.62517e-09
2.33486e-07
-1.58146e-10
2.32706e-07
3.79471e-09
2.29442e-07
7.79088e-09
2.2405e-07
1.23416e-08
2.21937e-07
1.66916e-08
2.1789e-07
2.12289e-08
2.10957e-07
2.57527e-08
1.9966e-07
2.91808e-08
1.8271e-07
3.16238e-08
1.62019e-07
3.34538e-08
1.38139e-07
3.487e-08
1.11908e-07
3.59497e-08
8.40954e-08
3.67117e-08
5.61263e-08
3.70459e-08
2.82505e-08
3.7116e-08
2.51926e-09
3.68698e-08
-2.06052e-08
3.59731e-08
-4.26466e-08
3.43558e-08
-6.1527e-08
3.18848e-08
-7.66063e-08
2.83051e-08
-8.77931e-08
2.34263e-08
-9.29343e-08
1.70167e-08
-9.16939e-08
8.79026e-09
-8.44898e-08
-1.19893e-09
-6.88581e-08
-1.30014e-08
-4.47555e-08
-2.65444e-08
-1.17496e-08
-4.15435e-08
2.91606e-08
-5.79296e-08
7.69065e-08
-7.53202e-08
1.29797e-07
-9.283e-08
1.81249e-07
2.27285e-07
-1.09803e-07
2.3084e-07
-4.62994e-07
2.28674e-07
-6.53542e-07
3.92445e-08
-3.86542e-07
4.07013e-08
-5.67765e-07
1.28169e-09
-1.29147e-07
1.88582e-08
-1.82414e-08
3.46457e-08
7.29338e-08
5.63122e-08
1.28408e-07
6.34506e-08
1.76732e-07
6.70294e-08
2.04665e-07
6.59753e-08
2.25039e-07
5.54781e-08
2.19536e-07
4.3716e-08
2.12831e-07
2.57993e-08
2.74785e-07
1.09577e-08
2.57168e-07
-7.09656e-09
2.54853e-07
-2.66805e-08
2.55928e-07
-3.3536e-08
2.40856e-07
-3.1832e-08
2.31782e-07
-2.5845e-08
2.26719e-07
-1.84583e-08
2.22055e-07
-1.12965e-08
2.16888e-07
-4.02822e-09
2.14669e-07
2.55845e-09
2.11303e-07
8.69135e-09
2.04825e-07
1.42994e-08
1.94052e-07
1.86885e-08
1.78321e-07
2.18989e-08
1.58809e-07
2.43748e-08
1.35664e-07
2.64103e-08
1.09872e-07
2.81666e-08
8.23392e-08
2.97069e-08
5.45861e-08
3.08859e-08
2.70716e-08
3.18205e-08
1.58468e-09
3.25088e-08
-2.12934e-08
3.26144e-08
-4.27522e-08
3.20757e-08
-6.09883e-08
3.07154e-08
-7.52459e-08
2.82393e-08
-8.5317e-08
2.4511e-08
-8.9206e-08
1.93154e-08
-8.64982e-08
1.23809e-08
-7.75553e-08
3.70526e-09
-6.01824e-08
-6.82723e-09
-3.4223e-08
-1.90608e-08
4.83989e-10
-3.29134e-08
4.30131e-08
-4.80583e-08
9.20515e-08
-6.38908e-08
1.45629e-07
-7.98213e-08
1.97179e-07
2.42889e-07
-9.54261e-08
2.39649e-07
-3.71172e-07
5.60622e-08
-4.69955e-07
7.26546e-08
-4.03135e-07
-2.37727e-07
-2.57384e-07
-2.97406e-07
-6.94677e-08
-3.75951e-07
6.03031e-08
-4.33832e-07
1.30815e-07
-4.70257e-07
1.64832e-07
-4.75728e-07
1.82203e-07
-4.60171e-07
1.89108e-07
-4.26029e-07
1.90897e-07
-3.93834e-07
1.87342e-07
-3.6244e-07
1.81436e-07
-3.47925e-07
2.6027e-07
-2.7664e-07
1.85884e-07
-2.40603e-07
2.18817e-07
-2.00641e-07
2.15965e-07
-1.69162e-07
2.09378e-07
-1.42278e-07
2.04899e-07
-1.17291e-07
2.01732e-07
-9.48013e-08
1.99566e-07
-7.54788e-08
1.97566e-07
-5.71436e-08
1.96334e-07
-3.99982e-08
1.94158e-07
-2.48682e-08
1.89695e-07
-1.17152e-08
1.809e-07
2.66126e-10
1.6634e-07
1.17149e-08
1.4736e-07
2.31583e-08
1.2422e-07
3.47562e-08
9.82742e-08
4.63795e-08
7.07159e-08
5.77251e-08
4.32406e-08
6.80389e-08
1.67578e-08
7.72607e-08
-7.63699e-09
8.52711e-08
-2.93038e-08
9.10396e-08
-4.85206e-08
9.43672e-08
-6.43158e-08
9.46578e-08
-7.55365e-08
9.12702e-08
-8.19294e-08
8.42758e-08
-8.22116e-08
7.37962e-08
-7.60186e-08
5.89741e-08
-6.27332e-08
3.98991e-08
-4.11073e-08
1.63457e-08
-1.06696e-08
-1.16304e-08
2.84602e-08
-4.30518e-08
7.44346e-08
-7.59968e-08
1.24996e-07
-1.08829e-07
1.78461e-07
-1.40887e-07
2.29237e-07
2.74411e-07
-1.72408e-07
-1.05919e-07
-2.94217e-07
-2.00412e-07
-3.75462e-07
-2.7338e-07
-3.30167e-07
-3.13103e-07
-2.17661e-07
-3.03386e-07
-7.91854e-08
-2.78295e-07
3.52127e-08
-2.53028e-07
1.05548e-07
-2.30605e-07
1.42409e-07
-2.09431e-07
1.6103e-07
-1.90998e-07
1.70675e-07
-1.74462e-07
1.74361e-07
-1.62402e-07
1.75282e-07
-1.50571e-07
1.69605e-07
-9.5305e-08
2.05004e-07
-1.16078e-07
2.06657e-07
-1.0235e-07
2.05088e-07
-8.65915e-08
2.00207e-07
-7.66564e-08
1.99443e-07
-6.69987e-08
1.95242e-07
-5.66947e-08
1.91429e-07
-4.60005e-08
1.88872e-07
-3.52943e-08
1.8686e-07
-2.42097e-08
1.85249e-07
-1.28504e-08
1.82799e-07
-1.13184e-09
1.77976e-07
1.06843e-08
1.69084e-07
2.20882e-08
1.54936e-07
3.34982e-08
1.3595e-07
4.48572e-08
1.12861e-07
5.58667e-08
8.72648e-08
6.62723e-08
6.03104e-08
7.58321e-08
3.3681e-08
8.44142e-08
8.17573e-09
9.20235e-08
-1.52463e-08
9.86101e-08
-3.58903e-08
1.03783e-07
-5.36931e-08
1.07368e-07
-6.79015e-08
1.09636e-07
-7.7804e-08
1.10382e-07
-8.26757e-08
1.09101e-07
-8.09303e-08
1.05885e-07
-7.28027e-08
1.00167e-07
-5.70152e-08
9.20516e-08
-3.29914e-08
8.11265e-08
2.55531e-10
6.69359e-08
4.26508e-08
4.96825e-08
9.1688e-08
2.82665e-08
1.46413e-07
3.67212e-09
2.03056e-07
-2.20545e-08
2.54964e-07
3.00379e-07
-4.80221e-08
-7.96196e-08
-2.43862e-07
-1.53247e-07
-3.01835e-07
-2.14834e-07
-2.6858e-07
-2.51377e-07
-1.81118e-07
-2.56927e-07
-7.36356e-08
-2.41759e-07
2.00446e-08
-2.18727e-07
8.25155e-08
-1.94067e-07
1.17749e-07
-1.69474e-07
1.36436e-07
-1.45086e-07
1.46287e-07
-1.20867e-07
1.50142e-07
-9.45196e-08
1.48934e-07
-6.90334e-08
1.44119e-07
-6.39446e-08
1.99915e-07
-2.88195e-08
1.71532e-07
-9.74648e-09
1.86016e-07
8.98223e-09
1.81479e-07
2.89781e-08
1.79447e-07
4.69246e-08
1.77295e-07
6.37638e-08
1.7459e-07
8.03291e-08
1.72307e-07
9.68434e-08
1.70346e-07
1.13631e-07
1.68462e-07
1.30662e-07
1.65769e-07
1.47642e-07
1.60996e-07
1.63899e-07
1.52827e-07
1.78556e-07
1.40279e-07
1.91198e-07
1.23308e-07
2.01361e-07
1.02699e-07
2.08779e-07
7.98469e-08
2.133e-07
5.57893e-08
2.15141e-07
3.18405e-08
2.14549e-07
8.76755e-09
2.11943e-07
-1.26402e-08
2.07845e-07
-3.17925e-08
2.02391e-07
-4.82383e-08
1.9591e-07
-6.14209e-08
1.88774e-07
-7.06682e-08
1.81374e-07
-7.52753e-08
1.73805e-07
-7.33617e-08
1.65834e-07
-6.48316e-08
1.5788e-07
-4.90611e-08
1.49599e-07
-2.47098e-08
1.41589e-07
8.26533e-09
1.33281e-07
5.0959e-08
1.24704e-07
1.00265e-07
1.14713e-07
1.56404e-07
1.02659e-07
2.1511e-07
9.03421e-08
2.67281e-07
3.10453e-07
8.02676e-08
-7.36632e-08
-2.02125e-07
-1.31258e-07
-2.4424e-07
-1.80518e-07
-2.19321e-07
-2.11122e-07
-1.50514e-07
-2.19368e-07
-6.53897e-08
-2.09906e-07
1.05828e-08
-1.91455e-07
6.40646e-08
-1.6987e-07
9.61635e-08
-1.47524e-07
1.1409e-07
-1.24827e-07
1.2359e-07
-1.02377e-07
1.27692e-07
-8.20343e-08
1.28592e-07
-6.35111e-08
1.25596e-07
-2.71179e-08
1.63522e-07
-1.18576e-08
1.56272e-07
1.47318e-08
1.59426e-07
3.70462e-08
1.59165e-07
5.90903e-08
1.57403e-07
8.06418e-08
1.55744e-07
1.01565e-07
1.53666e-07
1.22323e-07
1.5155e-07
1.43099e-07
1.4957e-07
1.6404e-07
1.47521e-07
1.85039e-07
1.4477e-07
2.0574e-07
1.40296e-07
2.2552e-07
1.33048e-07
2.4357e-07
1.22228e-07
2.59113e-07
1.07766e-07
2.71545e-07
9.02665e-08
2.80607e-07
7.07856e-08
2.86142e-07
5.02536e-08
2.88335e-07
2.9648e-08
2.87442e-07
9.66107e-09
2.83825e-07
-9.02392e-09
2.77887e-07
-2.58537e-08
2.69911e-07
-4.02621e-08
2.6028e-07
-5.17907e-08
2.49286e-07
-5.96737e-08
2.37219e-07
-6.3208e-08
2.2514e-07
-6.12827e-08
2.13222e-07
-5.29133e-08
2.02235e-07
-3.80744e-08
1.92447e-07
-1.49212e-08
1.84738e-07
1.59738e-08
1.79703e-07
5.59945e-08
1.77061e-07
1.02907e-07
1.78288e-07
1.55177e-07
1.83335e-07
2.10063e-07
1.91815e-07
2.588e-07
2.97109e-07
2.0516e-07
-7.01595e-08
-1.65713e-07
-1.17828e-07
-1.96571e-07
-1.60149e-07
-1.77e-07
-1.8754e-07
-1.23122e-07
-1.968e-07
-5.61306e-08
-1.90976e-07
4.75961e-09
-1.7626e-07
4.93478e-08
-1.57548e-07
7.74517e-08
-1.37427e-07
9.3969e-08
-1.16882e-07
1.03044e-07
-9.60773e-08
1.06887e-07
-7.65936e-08
1.09108e-07
-5.6692e-08
1.05694e-07
-2.86181e-08
1.35448e-07
-7.60027e-09
1.35254e-07
1.60379e-08
1.35788e-07
3.9238e-08
1.35965e-07
6.18586e-08
1.34783e-07
8.42057e-08
1.33398e-07
1.06224e-07
1.31649e-07
1.28011e-07
1.29762e-07
1.49735e-07
1.27847e-07
1.71432e-07
1.25825e-07
1.92984e-07
1.23218e-07
2.1406e-07
1.1922e-07
2.3417e-07
1.12938e-07
2.52618e-07
1.03781e-07
2.68714e-07
9.16702e-08
2.81874e-07
7.71064e-08
2.91811e-07
6.08487e-08
2.98371e-07
4.36939e-08
3.01684e-07
2.63352e-08
3.0193e-07
9.41537e-09
2.99416e-07
-6.50999e-09
2.94422e-07
-2.08598e-08
2.87284e-07
-3.31238e-08
2.78292e-07
-4.27985e-08
2.67888e-07
-4.927e-08
2.5651e-07
-5.18296e-08
2.4493e-07
-4.97033e-08
2.33843e-07
-4.1826e-08
2.23732e-07
-2.79628e-08
2.15592e-07
-6.78114e-09
2.09907e-07
2.1658e-08
2.07822e-07
5.80804e-08
2.09497e-07
1.01231e-07
2.15858e-07
1.48816e-07
2.27623e-07
1.98297e-07
2.44497e-07
2.41926e-07
2.74373e-07
2.67233e-07
-6.69708e-08
-1.33223e-07
-1.07909e-07
-1.55633e-07
-1.45736e-07
-1.39173e-07
-1.71182e-07
-9.7677e-08
-1.81448e-07
-4.58644e-08
-1.78515e-07
1.82642e-09
-1.66873e-07
3.77059e-08
-1.50516e-07
6.10946e-08
-1.32188e-07
7.56412e-08
-1.13089e-07
8.39444e-08
-9.38437e-08
8.76421e-08
-7.36821e-08
8.89463e-08
-5.48338e-08
8.6846e-08
-2.98409e-08
1.10455e-07
-7.17113e-09
1.12585e-07
1.56988e-08
1.12919e-07
3.89397e-08
1.12724e-07
6.18552e-08
1.11868e-07
8.44754e-08
1.10778e-07
1.0676e-07
1.09365e-07
1.28815e-07
1.07708e-07
1.50728e-07
1.05934e-07
1.72481e-07
1.04071e-07
1.93961e-07
1.01738e-07
2.14875e-07
9.83062e-08
2.34812e-07
9.30012e-08
2.53163e-07
8.54303e-08
2.69334e-07
7.54987e-08
2.82781e-07
6.36597e-08
2.93228e-07
5.04022e-08
3.00499e-07
3.64227e-08
3.04681e-07
2.21532e-08
3.05869e-07
8.22762e-09
3.04337e-07
-4.97801e-09
3.00297e-07
-1.68196e-08
2.94119e-07
-2.69452e-08
2.86081e-07
-3.47603e-08
2.76694e-07
-3.98838e-08
2.66439e-07
-4.15739e-08
2.56024e-07
-3.92878e-08
2.46224e-07
-3.20259e-08
2.37623e-07
-1.93626e-08
2.31177e-07
-3.34556e-10
2.27376e-07
2.54594e-08
2.27279e-07
5.81772e-08
2.31208e-07
9.73016e-08
2.39733e-07
1.40292e-07
2.53339e-07
1.84691e-07
2.72498e-07
2.22767e-07
2.4936e-07
2.97512e-07
-7.93146e-08
-9.67844e-08
-1.22136e-07
-1.12812e-07
-1.63465e-07
-9.78432e-08
-1.91246e-07
-6.98959e-08
-2.03704e-07
-3.34068e-08
-2.0223e-07
3.52315e-10
-1.90923e-07
2.63993e-08
-1.72777e-07
4.29476e-08
-1.52929e-07
5.57933e-08
-1.30841e-07
6.18571e-08
-1.0837e-07
6.51702e-08
-8.57197e-08
6.62964e-08
-6.3873e-08
6.49993e-08
-3.46738e-08
8.12563e-08
-8.26301e-09
8.61739e-08
1.83812e-08
8.62746e-08
4.54485e-08
8.56573e-08
7.20067e-08
8.53099e-08
9.78375e-08
8.49471e-08
1.23098e-07
8.41046e-08
1.4786e-07
8.29455e-08
1.72136e-07
8.16587e-08
1.95889e-07
8.03182e-08
2.19004e-07
7.86234e-08
2.41227e-07
7.60837e-08
2.62161e-07
7.20673e-08
2.81231e-07
6.63613e-08
2.97866e-07
5.88633e-08
3.1158e-07
4.99464e-08
3.22118e-07
3.98636e-08
3.29345e-07
2.91958e-08
3.3333e-07
1.81683e-08
3.3416e-07
7.39788e-09
3.32105e-07
-2.92252e-09
3.27406e-07
-1.2121e-08
3.20501e-07
-2.00401e-08
3.11748e-07
-2.60072e-08
3.01742e-07
-2.98775e-08
2.91032e-07
-3.08638e-08
2.80407e-07
-2.86622e-08
2.70682e-07
-2.23009e-08
2.62602e-07
-1.12827e-08
2.57035e-07
5.23189e-09
2.54484e-07
2.80111e-08
2.55927e-07
5.67342e-08
2.61535e-07
9.16935e-08
2.71884e-07
1.29942e-07
2.8654e-07
1.70035e-07
3.08197e-07
2.0111e-07
2.22934e-07
3.34623e-07
-7.34254e-08
-6.49153e-08
-1.12312e-07
-7.39255e-08
-1.458e-07
-6.43553e-08
-1.6995e-07
-4.57455e-08
-1.81083e-07
-2.22739e-08
-1.8032e-07
-4.11225e-10
-1.70569e-07
1.66485e-08
-1.56086e-07
2.84645e-08
-1.37349e-07
3.70565e-08
-1.17406e-07
4.19137e-08
-9.67392e-08
4.45033e-08
-7.66078e-08
4.6165e-08
-5.78349e-08
4.62265e-08
-2.88326e-08
5.22541e-08
-6.39161e-09
6.37331e-08
1.82718e-08
6.16115e-08
4.29639e-08
6.09654e-08
6.65129e-08
6.17613e-08
8.88685e-08
6.25919e-08
1.10524e-07
6.24497e-08
1.31436e-07
6.20334e-08
1.51517e-07
6.15778e-08
1.70755e-07
6.10808e-08
1.89083e-07
6.02958e-08
2.06376e-07
5.87907e-08
2.22357e-07
5.6087e-08
2.36633e-07
5.20851e-08
2.48796e-07
4.67002e-08
2.58581e-07
4.01624e-08
2.65825e-07
3.26191e-08
2.70512e-07
2.45096e-08
2.72647e-07
1.60327e-08
2.72336e-07
7.70899e-09
2.69736e-07
-3.21637e-10
2.65115e-07
-7.50026e-09
2.58794e-07
-1.37194e-08
2.5117e-07
-1.83824e-08
2.4266e-07
-2.13674e-08
2.33811e-07
-2.20155e-08
2.2517e-07
-2.00208e-08
2.17466e-07
-1.45965e-08
2.11176e-07
-4.9929e-09
2.07066e-07
9.3424e-09
2.0527e-07
2.98074e-08
2.06653e-07
5.53512e-08
2.10737e-07
8.76091e-08
2.18607e-07
1.22073e-07
2.29135e-07
1.59506e-07
2.4588e-07
1.84365e-07
2.0171e-07
2.67103e-07
-7.08246e-08
-3.30376e-08
-1.07861e-07
-3.68895e-08
-1.39873e-07
-3.2343e-08
-1.63021e-07
-2.2597e-08
-1.74397e-07
-1.08987e-08
-1.74762e-07
-4.59159e-11
-1.66764e-07
8.65012e-09
-1.53212e-07
1.49126e-08
-1.35412e-07
1.92566e-08
-1.15637e-07
2.21386e-08
-9.4808e-08
2.36742e-08
-7.3042e-08
2.43991e-08
-5.05007e-08
2.36852e-08
-2.81044e-08
2.98579e-08
1.60547e-09
3.40235e-08
2.71977e-08
3.60195e-08
5.26361e-08
3.55272e-08
7.66547e-08
3.7743e-08
1.00041e-07
3.92058e-08
1.23716e-07
3.8775e-08
1.47146e-07
3.86043e-08
1.70248e-07
3.84759e-08
1.93018e-07
3.83114e-08
2.15398e-07
3.79162e-08
2.37252e-07
3.69363e-08
2.58293e-07
3.50468e-08
2.78082e-07
3.22961e-08
2.96121e-07
2.86615e-08
3.12086e-07
2.41981e-08
3.2561e-07
1.90948e-08
3.36533e-07
1.35871e-08
3.44552e-07
8.01405e-09
3.4963e-07
2.63037e-09
3.51707e-07
-2.39797e-09
3.51061e-07
-6.85405e-09
3.47916e-07
-1.05748e-08
3.42804e-07
-1.32701e-08
3.36155e-07
-1.47184e-08
3.28796e-07
-1.4656e-08
3.21422e-07
-1.26476e-08
3.15183e-07
-8.35732e-09
3.10835e-07
-6.44757e-10
3.09756e-07
1.04213e-08
3.12534e-07
2.70296e-08
3.20801e-07
4.70845e-08
3.34018e-07
7.43924e-08
3.55364e-07
1.00726e-07
3.8449e-07
1.30381e-07
4.27474e-07
1.41381e-07
1.44866e-07
4.84319e-07
-8.2748e-08
-1.19638e-07
-1.51981e-07
-1.74578e-07
-1.85476e-07
-1.85522e-07
-1.76872e-07
-1.6196e-07
-1.42703e-07
-1.20565e-07
-9.68904e-08
-7.24913e-08
-4.8806e-08
-1.89481e-08
1.50754e-08
5.1095e-08
8.66224e-08
1.24366e-07
1.63571e-07
2.02347e-07
2.40951e-07
2.79427e-07
3.17738e-07
3.55655e-07
3.92591e-07
4.27638e-07
4.59934e-07
4.88596e-07
5.12794e-07
5.31889e-07
5.45476e-07
5.5349e-07
5.56121e-07
5.53723e-07
5.46869e-07
5.36294e-07
5.23024e-07
5.08305e-07
4.93649e-07
4.81002e-07
4.72644e-07
4.72e-07
4.82421e-07
5.09451e-07
5.56535e-07
6.30927e-07
7.31654e-07
8.62035e-07
1.00342e-06
1.14828e-06
-8.23643e-07
1.15468e-07
-9.57866e-07
1.34223e-07
-1.08276e-06
1.24897e-07
-1.21379e-06
1.3103e-07
-1.34474e-06
1.30943e-07
-1.43612e-06
9.13808e-08
-1.50702e-06
7.09042e-08
-1.48317e-06
-2.38524e-08
-1.47095e-06
-1.22167e-08
-2.40247e-07
-4.55062e-07
1.68312e-07
-5.24136e-07
2.03297e-07
-6.06856e-07
2.07617e-07
-6.88812e-07
2.12986e-07
-7.58507e-07
2.00638e-07
-8.20932e-07
1.53806e-07
-8.56417e-07
1.0639e-07
-8.58583e-07
-2.16868e-08
-8.33289e-07
-3.75098e-08
-3.2491e-07
-3.12678e-07
1.97808e-07
-3.50737e-07
2.41356e-07
-3.95129e-07
2.52008e-07
-4.40502e-07
2.58359e-07
-4.80368e-07
2.40503e-07
-5.15948e-07
1.89386e-07
-5.32889e-07
1.23331e-07
-5.34314e-07
-2.02618e-08
-5.08912e-07
-6.29114e-08
-3.63832e-07
-2.24836e-07
2.16358e-07
-2.46805e-07
2.63325e-07
-2.72626e-07
2.77828e-07
-2.99031e-07
2.84764e-07
-3.23364e-07
2.64836e-07
-3.42893e-07
2.08915e-07
-3.50163e-07
1.306e-07
-3.47336e-07
-2.3088e-08
-3.25225e-07
-8.50228e-08
-3.88618e-07
-1.60171e-07
2.2864e-07
-1.7351e-07
2.76665e-07
-1.89568e-07
2.93886e-07
-2.05546e-07
3.00742e-07
-2.21108e-07
2.80399e-07
-2.31865e-07
2.19672e-07
-2.34841e-07
1.33576e-07
-2.30004e-07
-2.79247e-08
-2.12297e-07
-1.0273e-07
-4.05699e-07
-1.12149e-07
2.36857e-07
-1.20509e-07
2.85024e-07
-1.31006e-07
3.04383e-07
-1.44152e-07
3.13889e-07
-1.54203e-07
2.90449e-07
-1.60019e-07
2.25488e-07
-1.60974e-07
1.34531e-07
-1.54891e-07
-3.40077e-08
-1.41483e-07
-1.16139e-07
-4.18549e-07
-7.75435e-08
2.42375e-07
-8.43031e-08
2.91784e-07
-9.3097e-08
3.13177e-07
-1.03185e-07
3.23977e-07
-1.09498e-07
2.96763e-07
-1.1252e-07
2.28509e-07
-1.11028e-07
1.33039e-07
-1.05052e-07
-3.99838e-08
-9.52842e-08
-1.25906e-07
-4.2829e-07
-1.24274e-07
2.52349e-07
-1.38687e-07
3.06196e-07
-1.56068e-07
3.30558e-07
-1.71919e-07
3.39827e-07
-1.80474e-07
3.05318e-07
-1.83431e-07
2.31466e-07
-1.75661e-07
1.25269e-07
-1.63566e-07
-5.20785e-08
-1.47197e-07
-1.42275e-07
-4.44919e-07
-1.32342e-07
2.66231e-07
-1.50267e-07
3.24121e-07
-1.68372e-07
3.48663e-07
-1.82419e-07
3.53874e-07
-1.88853e-07
3.11753e-07
-1.89308e-07
2.31921e-07
-1.76884e-07
1.12845e-07
-1.62822e-07
-6.61404e-08
-1.44074e-07
-1.61024e-07
-4.63228e-07
-1.41928e-07
2.82998e-07
-1.60162e-07
3.42356e-07
-1.76812e-07
3.65312e-07
-1.88316e-07
3.65378e-07
-1.92632e-07
3.16069e-07
-1.90797e-07
2.30086e-07
-1.77065e-07
9.9114e-08
-1.62223e-07
-8.09831e-08
-1.40042e-07
-1.83205e-07
-4.83039e-07
-1.47629e-07
3.01685e-07
-1.65048e-07
3.59775e-07
-1.79592e-07
3.79856e-07
-1.88744e-07
3.7453e-07
-1.91352e-07
3.18677e-07
-1.87918e-07
2.26652e-07
-1.74323e-07
8.55191e-08
-1.59428e-07
-9.5878e-08
-1.34666e-07
-2.07967e-07
-5.03845e-07
-1.47083e-07
3.21294e-07
-1.63542e-07
3.76234e-07
-1.76297e-07
3.92611e-07
-1.83801e-07
3.82034e-07
-1.85366e-07
3.20242e-07
-1.81207e-07
2.22492e-07
-1.68273e-07
7.25859e-08
-1.53719e-07
-1.10432e-07
-1.28149e-07
-2.33537e-07
-5.24513e-07
-1.40275e-07
3.40779e-07
-1.55797e-07
3.91756e-07
-1.67391e-07
4.04205e-07
-1.74059e-07
3.88701e-07
-1.75294e-07
3.21477e-07
-1.71187e-07
2.18385e-07
-1.59098e-07
6.04978e-08
-1.45139e-07
-1.24392e-07
-1.20255e-07
-2.5842e-07
-5.44226e-07
-1.2825e-07
3.59226e-07
-1.42843e-07
4.06349e-07
-1.53852e-07
4.15214e-07
-1.60304e-07
3.95154e-07
-1.61754e-07
3.22927e-07
-1.5817e-07
2.14801e-07
-1.46959e-07
4.92869e-08
-1.33786e-07
-1.37565e-07
-1.09894e-07
-2.82313e-07
-5.6315e-07
-1.12326e-07
3.76126e-07
-1.26113e-07
4.20135e-07
-1.36878e-07
4.25979e-07
-1.43362e-07
4.01638e-07
-1.4516e-07
3.24725e-07
-1.42172e-07
2.11812e-07
-1.31704e-07
3.88191e-08
-1.19539e-07
-1.4973e-07
-9.63947e-08
-3.05456e-07
-5.81369e-07
-2.10387e-07
4.14105e-07
-2.44232e-07
4.5398e-07
-2.70688e-07
4.52435e-07
-2.86865e-07
4.17815e-07
-2.90951e-07
3.28811e-07
-2.84353e-07
2.05215e-07
-2.59479e-07
1.39447e-08
-2.32338e-07
-1.76872e-07
-1.74904e-07
-3.6289e-07
-6.23643e-07
-7.97201e-08
4.45803e-07
-1.0248e-07
4.7674e-07
-1.1224e-07
4.62195e-07
-1.13814e-07
4.19389e-07
-1.06422e-07
3.21419e-07
-9.18918e-08
1.90685e-07
-6.94809e-08
-8.46613e-09
-4.57947e-08
-2.00558e-07
-1.28157e-08
-3.95869e-07
-6.385e-07
6.48701e-08
4.61201e-07
5.97452e-08
4.81864e-07
6.63326e-08
4.55608e-07
7.87405e-08
4.06981e-07
9.47425e-08
3.05417e-07
1.11794e-07
1.73634e-07
1.28094e-07
-2.47667e-08
1.41292e-07
-2.13756e-07
1.50594e-07
-4.05171e-07
-6.28456e-07
2.16798e-07
4.49562e-07
2.35923e-07
4.6274e-07
2.5862e-07
4.32911e-07
2.80218e-07
3.85383e-07
2.97122e-07
2.88513e-07
3.10915e-07
1.59841e-07
3.17467e-07
-3.13186e-08
3.16739e-07
-2.13027e-07
3.0738e-07
-3.95812e-07
-6.05349e-07
2.93801e-07
4.22994e-07
3.3114e-07
4.254e-07
3.70792e-07
3.93259e-07
4.06695e-07
3.4948e-07
4.35981e-07
2.59227e-07
4.58463e-07
1.37359e-07
4.6807e-07
-4.09256e-08
4.65096e-07
-2.10053e-07
4.46033e-07
-3.76749e-07
-5.70122e-07
3.31217e-07
3.89289e-07
3.78425e-07
3.78193e-07
4.29638e-07
3.42046e-07
4.77087e-07
3.02031e-07
5.18779e-07
2.17535e-07
5.51806e-07
1.04332e-07
5.709e-07
-6.00196e-08
5.71394e-07
-2.10548e-07
5.53887e-07
-3.59242e-07
-5.27112e-07
3.74115e-07
3.49797e-07
4.33555e-07
3.18753e-07
4.9712e-07
2.78481e-07
5.56089e-07
2.43062e-07
6.09646e-07
1.63978e-07
6.52827e-07
6.11511e-08
6.78926e-07
-8.61186e-08
6.80266e-07
-2.11888e-07
6.60023e-07
-3.38999e-07
-4.73931e-07
3.02448e-07
3.14453e-07
3.54292e-07
2.66909e-07
4.07171e-07
2.25602e-07
4.55475e-07
1.94758e-07
4.96973e-07
1.2248e-07
5.28867e-07
2.92574e-08
5.44343e-07
-1.01594e-07
5.4e-07
-2.07545e-07
5.16474e-07
-3.15474e-07
-4.26013e-07
5.70888e-07
2.27884e-07
6.46269e-07
1.91528e-07
7.36422e-07
1.35449e-07
8.08295e-07
1.22885e-07
8.70697e-07
6.00777e-08
9.11699e-07
-1.17448e-08
9.23488e-07
-1.13383e-07
8.96209e-07
-1.80267e-07
8.36411e-07
-2.55675e-07
-3.32755e-07
1.37617e-06
1.56769e-06
1.70314e-06
1.82603e-06
1.8861e-06
1.87436e-06
1.76098e-06
1.58071e-06
1.32504e-06
)
;

boundaryField
{
    inlet
    {
        type            calculated;
        value           uniform 0;
    }
    outlet
    {
        type            calculated;
        value           nonuniform List<scalar> 
25
(
-1.23071e-06
-7.48627e-07
-4.69989e-07
-3.00439e-07
-1.95216e-07
-1.28632e-07
-8.55427e-08
-1.30569e-07
-1.25764e-07
-1.20231e-07
-1.1386e-07
-1.07481e-07
-1.00543e-07
-9.09695e-08
-7.81759e-08
-1.3263e-07
2.04057e-09
1.4055e-07
2.84273e-07
4.10806e-07
5.10877e-07
6.06843e-07
4.68556e-07
7.43152e-07
9.92281e-07
)
;
    }
    upperWall
    {
        type            calculated;
        value           uniform 0;
    }
    lowerWall
    {
        type            calculated;
        value           uniform 0;
    }
    frontAndBack
    {
        type            empty;
        value           nonuniform List<scalar> 0();
    }
}


// ************************************************************************* //
