/*--------------------------------*- C++ -*----------------------------------*\
| =========                 |                                                 |
| \\      /  F ield         | OpenFOAM: The Open Source CFD Toolbox           |
|  \\    /   O peration     | Version:  2112                                  |
|   \\  /    A nd           | Website:  www.openfoam.com                      |
|    \\/     M anipulation  |                                                 |
\*---------------------------------------------------------------------------*/
FoamFile
{
    version     2.0;
    format      ascii;
    arch        "LSB;label=32;scalar=64";
    class       volScalarField;
    location    "0.04";
    object      s;
}
// * * * * * * * * * * * * * * * * * * * * * * * * * * * * * * * * * * * * * //

dimensions      [0 0 0 0 0 0 0];

internalField   nonuniform List<scalar> 
12225
(
1
1
1
1
1
1
1
1
1
1
1
1
1
1
1
1
1
1
1
1
1
1
1
1
1
1
1
1
1
1
1
1
1
1
1
1
1
1
1
1
1
1
1
1
1
1
1
1
1
1
1
1
1
1
1
1
1
1
1
1
1
1
1
1
1
1
1
1
1
1
1
1
1
1
1
1
1
1
1
1
1
1
1
1
1
1
1
1
1
1
1
1
1
1
1
1
1
1
1
1
1
1
1
1
1
1
1
1
1
1
1
1
1
1
1
1
1
1
1
1
1
1
1
1
1
1
1
1
1
1
1
1
1
1
1
1
1
1
1
1
1
1
1
1
1
1
1
1
1
1
1
1
1
1
1
1
1
1
1
1
1
1
1
1
1
1
1
1
1
1
1
1
1
1
1
1
1
1
1
1
1
1
1
1
1
1
1
1
1
1
1
1
1
1
1
1
1
1
1
1
1
1
1
1
1
1
1
1
1
1
1
1
1
1
1
1
1
1
1
1
1
1
1
1
1
1
1
1
1
1
1
1
1
1
1
1
1
1
1
1
1
1
1
1
1
1
1
1
1
1
1
1
1
1
1
1
1
1
1
1
1
1
1
1
1
1
1
1
1
1
1
1
1
1
1
1
1
1
1
1
1
1
1
1
1
1
1
1
1
1
1
1
1
1
1
1
1
1
1
1
1
1
1
1
1
1
1
1
1
1
1
1
1
1
1
1
1
1
1
1
1
1
1
1
1
1
1
1
1
1
1
1
1
1
1
1
1
1
1
1
1
1
1
1
1
1
1
1
1
1
1
1
1
1
1
1
1
1
1
1
1
1
1
1
1
1
1
1
1
1
1
1
1
1
1
1
1
1
1
1
1
1
1
1
1
1
1
1
1
1
1
1
1
1
1
1
1
1
1
1
1
1
1
1
1
1
1
1
1
1
1
1
1
1
1
1
1
1
1
1
1
1
1
1
1
1
1
1
1
1
1
1
1
1
1
1
1
1
1
1
1
1
1
1
1
1
1
1
1
1
1
1
1
1
1
1
1
1
1
1
1
1
1
1
1
1
1
1
1
1
1
1
1
1
1
1
1
1
1
1
1
1
1
1
1
1
1
1
1
1
1
1
1
1
1
1
1
1
1
1
1
1
1
1
1
1
1
1
1
1
1
1
1
1
1
1
1
1
1
1
1
1
1
1
1
1
1
1
1
1
1
1
1
1
1
1
1
1
1
1
0.411488
0.440701
0.423577
0.411583
0.412706
0.425524
0.45168
0.466558
0.479677
0.491243
0.50024
0.50719
0.51282
0.517757
0.522397
0.526956
0.531747
0.536702
0.541461
0.546695
0.553164
0.559937
0.565329
0.570579
0.578964
0.590476
0.602319
0.614903
0.634015
0.650255
0.601178
0.334913
0.352605
0.407688
0.440816
0.459242
0.468297
0.479908
0.494887
0.507994
0.523305
0.536461
0.541001
0.521935
0.50235
0.457778
0.419715
0.416645
0.423082
0.424513
0.432542
0.595894
0.855551
0.864226
0.860624
0.859451
0.85887
0.858103
0.857636
0.857591
0.857635
0.857859
0.858199
0.858269
0.858236
0.857963
0.857254
0.856091
0.854702
0.853344
0.852254
0.851259
0.850321
0.849717
0.849086
0.848766
0.848698
0.848693
0.848856
0.849342
0.850064
0.850797
0.851619
0.852811
0.854217
0.855267
0.856025
0.856928
0.858037
0.859465
0.861187
0.863078
0.8649
0.866794
0.868983
0.871241
0.873573
0.875968
0.878148
0.88048
0.88275
0.885044
0.887132
0.88923
0.891206
0.893098
0.894865
0.896482
0.897942
0.899191
0.899954
0.900148
0.899806
0.898668
0.896899
0.894523
0.89164
0.888738
0.886061
0.883827
0.882054
0.880548
0.879371
0.878575
0.878064
0.877548
0.876556
0.873946
0.870019
0.866534
0.863674
0.861507
0.860068
0.859264
0.858813
0.858326
0.857404
0.855348
0.850267
0.838721
0.821522
0.800621
0.778278
0.753917
0.722436
0.676149
0.608953
0.52011
0.4156
0.306519
0.205579
0.123306
0.0650485
0.0298069
0.0118226
0.00409296
0.00125744
0.000345201
8.43243e-05
3.24211e-05
1.52303e-05
6.96123e-06
3.14366e-06
1.39889e-06
6.13323e-07
2.65273e-07
1.13367e-07
4.79479e-08
2.0098e-08
8.35646e-09
3.44737e-09
1.41015e-09
5.71139e-10
2.28461e-10
8.99593e-11
3.46993e-11
1.30395e-11
4.72182e-12
1.65739e-12
-2.22582e-09
0.37816
0.414263
0.398457
0.405551
0.428777
0.470603
0.497161
0.513574
0.522236
0.524288
0.526762
0.529946
0.531541
0.532409
0.53413
0.537335
0.540179
0.542044
0.544571
0.547768
0.550942
0.553146
0.555289
0.559739
0.565505
0.572421
0.579982
0.591043
0.600841
0.627617
0.631375
0.603792
0.480032
0.390037
0.370906
0.389676
0.393365
0.391167
0.398033
0.435581
0.500493
0.554618
0.57417
0.574022
0.533382
0.521682
0.491031
0.496797
0.642592
0.748677
0.788692
0.833775
0.857582
0.852033
0.84373
0.840049
0.836164
0.832816
0.829812
0.826209
0.823731
0.82024
0.816342
0.81092
0.804224
0.797382
0.790612
0.78385
0.776632
0.769791
0.763056
0.756929
0.752022
0.747583
0.743618
0.740032
0.738573
0.738169
0.738128
0.738082
0.738232
0.738602
0.740139
0.743033
0.747209
0.750753
0.753142
0.755003
0.757287
0.761154
0.767095
0.773885
0.78048
0.787126
0.794205
0.801427
0.80893
0.816237
0.822787
0.829249
0.836528
0.8429
0.84967
0.856401
0.863322
0.87032
0.877466
0.885202
0.893356
0.901495
0.909461
0.916863
0.92304
0.927887
0.931899
0.935026
0.937086
0.937596
0.936646
0.932395
0.925695
0.91817
0.910152
0.903024
0.898132
0.895567
0.894943
0.895456
0.899265
0.905593
0.909081
0.910316
0.910429
0.909974
0.90728
0.898693
0.890129
0.884558
0.881879
0.881207
0.881404
0.883444
0.892827
0.908114
0.917048
0.919269
0.918756
0.915564
0.907281
0.889795
0.847848
0.779023
0.71905
0.6839
0.648218
0.568115
0.450956
0.343745
0.260435
0.19518
0.142628
0.100636
0.0682359
0.0444094
0.0277557
0.0166803
0.00965106
0.00538442
0.00289933
0.00150922
0.000759509
0.000370263
0.000174525
7.97985e-05
3.51676e-05
1.5043e-05
6.14991e-06
2.41761e-06
9.59474e-07
1.51852e-07
0.259404
0.311099
0.420877
0.496031
0.53073
0.535046
0.533601
0.529788
0.524167
0.514375
0.504684
0.498211
0.491778
0.484982
0.484953
0.486095
0.489021
0.495262
0.50197
0.509004
0.517783
0.52513
0.531836
0.540551
0.547033
0.55559
0.562386
0.573907
0.581624
0.595346
0.620892
0.624885
0.613195
0.560282
0.431758
0.390382
0.362106
0.326142
0.297136
0.332111
0.40469
0.519173
0.577243
0.608054
0.643582
0.745936
0.792946
0.78557
0.814718
0.82793
0.834492
0.83725
0.836302
0.827558
0.825644
0.824723
0.823684
0.82244
0.821025
0.818069
0.812615
0.804503
0.795593
0.784562
0.770459
0.75305
0.733083
0.71303
0.69449
0.680399
0.671396
0.666516
0.664014
0.661784
0.6591
0.656743
0.655139
0.654634
0.654527
0.654511
0.654522
0.654671
0.655152
0.656425
0.658845
0.662121
0.665374
0.668137
0.671197
0.675391
0.680742
0.687007
0.694103
0.702178
0.710944
0.720507
0.731172
0.74313
0.75566
0.767869
0.78049
0.791289
0.800967
0.809992
0.818747
0.827285
0.835718
0.843739
0.851896
0.860389
0.869313
0.87902
0.890492
0.903332
0.916374
0.928894
0.93945
0.946929
0.952078
0.95555
0.957451
0.957689
0.955976
0.947972
0.932743
0.916845
0.903984
0.897027
0.894962
0.895248
0.899128
0.913464
0.928834
0.939278
0.944996
0.946922
0.946948
0.945139
0.934952
0.908661
0.889808
0.881006
0.878947
0.879465
0.884461
0.902218
0.918643
0.931191
0.944214
0.955306
0.959456
0.959296
0.957178
0.953151
0.946819
0.929426
0.902643
0.8871
0.876062
0.856119
0.806625
0.680879
0.529929
0.391792
0.278151
0.190567
0.126102
0.0806763
0.0498935
0.0298571
0.0172691
0.00967392
0.00523311
0.00274584
0.00138697
0.000680922
0.000319284
0.000145562
6.32504e-05
2.42214e-05
0.356405
0.533822
0.56476
0.560231
0.547131
0.525378
0.490797
0.451526
0.418503
0.387146
0.365586
0.345884
0.334299
0.325102
0.323471
0.324858
0.329228
0.336424
0.349919
0.36734
0.386817
0.403061
0.423582
0.447202
0.462433
0.488679
0.504303
0.526239
0.548927
0.561514
0.5876
0.612124
0.619118
0.614936
0.588458
0.518544
0.43768
0.379768
0.344442
0.351055
0.387617
0.509286
0.583747
0.717157
0.823359
0.82793
0.82711
0.827467
0.830671
0.831304
0.830843
0.825489
0.82341
0.824677
0.82525
0.825147
0.824377
0.821375
0.815992
0.808087
0.79676
0.779665
0.756505
0.729757
0.70347
0.681291
0.660971
0.651407
0.647802
0.645946
0.644432
0.643789
0.643575
0.643491
0.643452
0.643327
0.642823
0.642386
0.642315
0.642316
0.642415
0.64277
0.6434
0.64466
0.646604
0.649298
0.652839
0.656695
0.660792
0.66498
0.66921
0.673495
0.67763
0.681914
0.686582
0.691663
0.696931
0.702542
0.708785
0.716478
0.726004
0.738006
0.752557
0.768494
0.785082
0.801446
0.816808
0.829331
0.840272
0.850275
0.85931
0.867653
0.875249
0.882694
0.890705
0.899526
0.910207
0.923703
0.938136
0.950858
0.95918
0.964268
0.96727
0.968526
0.9683
0.965207
0.952542
0.928754
0.908945
0.897352
0.893217
0.892957
0.894889
0.905558
0.929012
0.947807
0.960262
0.966264
0.967596
0.966857
0.961034
0.936239
0.904339
0.886839
0.880639
0.880312
0.883682
0.900047
0.92482
0.941806
0.951942
0.959625
0.967993
0.975684
0.980047
0.981026
0.980965
0.980799
0.980382
0.979236
0.976482
0.97041
0.957018
0.922899
0.814707
0.613181
0.434541
0.294728
0.192322
0.121222
0.0738199
0.0435136
0.0247903
0.0136934
0.00730036
0.00377734
0.00187781
0.000903771
0.000418763
0.000174763
0.603248
0.592606
0.568955
0.519734
0.456041
0.395652
0.355845
0.327663
0.307438
0.291743
0.280569
0.271076
0.265361
0.259656
0.257073
0.257142
0.258263
0.261259
0.266932
0.279393
0.297274
0.316514
0.339943
0.36071
0.379886
0.404018
0.425408
0.443315
0.469599
0.498525
0.51758
0.559756
0.598606
0.613017
0.612379
0.60306
0.580922
0.537246
0.478253
0.480244
0.504848
0.570326
0.654146
0.812979
0.835621
0.835413
0.830829
0.828085
0.826845
0.821463
0.819331
0.819177
0.824803
0.82639
0.826592
0.824973
0.820583
0.811597
0.793609
0.765917
0.728762
0.688223
0.664186
0.653283
0.648646
0.646975
0.646645
0.647282
0.649148
0.651143
0.653874
0.656787
0.659059
0.661291
0.66393
0.665784
0.666855
0.667762
0.66837
0.668739
0.669703
0.671633
0.673538
0.67796
0.683924
0.691338
0.701413
0.711822
0.723483
0.734099
0.740992
0.743967
0.742858
0.736128
0.728233
0.721633
0.715756
0.71168
0.709722
0.710606
0.71334
0.717834
0.723803
0.731111
0.739768
0.75111
0.766129
0.785517
0.807123
0.828699
0.848273
0.863784
0.875405
0.88472
0.892494
0.898833
0.904099
0.909424
0.916907
0.926863
0.940626
0.954651
0.96502
0.970956
0.974114
0.975166
0.97471
0.97099
0.955671
0.929462
0.909814
0.898578
0.894051
0.893364
0.894403
0.901079
0.924542
0.949697
0.965715
0.973154
0.974663
0.973527
0.964746
0.931638
0.900346
0.885268
0.880874
0.881203
0.88708
0.910061
0.934197
0.950469
0.961892
0.970245
0.976521
0.981741
0.986313
0.989864
0.992109
0.993147
0.993398
0.993337
0.992758
0.9904
0.982498
0.957656
0.874645
0.665606
0.465577
0.310303
0.198061
0.121763
0.0723089
0.0416224
0.0231735
0.0125078
0.00651401
0.00327423
0.0015962
0.000705552
0.586102
0.5482
0.487555
0.413738
0.369434
0.33983
0.317483
0.299921
0.28667
0.275964
0.26714
0.259423
0.253972
0.248857
0.245693
0.244587
0.244467
0.245082
0.247715
0.252039
0.261671
0.282434
0.306613
0.330804
0.35363
0.377546
0.398511
0.410879
0.426786
0.446752
0.465408
0.484622
0.525428
0.579934
0.603526
0.608361
0.606717
0.59877
0.575913
0.558282
0.562199
0.589359
0.692472
0.826886
0.838247
0.834806
0.827831
0.820031
0.813417
0.81143
0.813198
0.82241
0.8263
0.826571
0.824606
0.816691
0.797284
0.760304
0.698114
0.656467
0.638607
0.632062
0.631009
0.634319
0.642504
0.649219
0.663171
0.67886
0.688152
0.699057
0.708643
0.719388
0.726175
0.732048
0.739201
0.743587
0.746229
0.747863
0.7487
0.750544
0.753802
0.760686
0.76741
0.781125
0.799478
0.820382
0.845479
0.867397
0.884769
0.895303
0.901301
0.904066
0.904452
0.899465
0.888678
0.869523
0.84449
0.816397
0.788041
0.764254
0.749309
0.739358
0.734167
0.733583
0.736524
0.742063
0.749656
0.758987
0.770278
0.784541
0.802393
0.824208
0.848041
0.870743
0.890211
0.904334
0.914212
0.920346
0.922288
0.923201
0.926688
0.936276
0.948469
0.961966
0.972179
0.97751
0.979589
0.979665
0.977589
0.967378
0.942839
0.921505
0.907122
0.89979
0.897559
0.897536
0.899167
0.908171
0.935634
0.959837
0.973251
0.977847
0.977877
0.973714
0.951116
0.912557
0.891088
0.882961
0.881929
0.884332
0.898971
0.929009
0.950324
0.964131
0.973135
0.979444
0.984255
0.988196
0.991466
0.994002
0.995656
0.996442
0.996624
0.996554
0.995944
0.993226
0.983063
0.947516
0.821418
0.596746
0.408936
0.2674
0.167449
0.10084
0.0585199
0.0328279
0.0178083
0.00931539
0.00474341
0.00220274
0.581722
0.519933
0.44435
0.383352
0.35258
0.329951
0.310945
0.296684
0.287093
0.280381
0.274921
0.270651
0.267647
0.265737
0.265538
0.265259
0.265794
0.267895
0.271767
0.281712
0.305626
0.329808
0.345758
0.36003
0.375152
0.391068
0.403858
0.412308
0.423763
0.435151
0.445107
0.453954
0.47091
0.505697
0.553521
0.588791
0.605188
0.607016
0.602072
0.587667
0.59314
0.611523
0.709196
0.832734
0.838535
0.831265
0.81539
0.806112
0.804394
0.805855
0.816302
0.824474
0.825741
0.823986
0.81329
0.7833
0.716257
0.647792
0.624178
0.61787
0.620054
0.638635
0.648914
0.666991
0.702186
0.72735
0.746164
0.775193
0.804014
0.819743
0.835127
0.845956
0.850966
0.85566
0.860979
0.864368
0.868776
0.871409
0.873184
0.876309
0.880415
0.88965
0.898166
0.909915
0.921393
0.930306
0.936886
0.939048
0.939531
0.939645
0.940309
0.941932
0.945391
0.949169
0.953362
0.95669
0.957748
0.953359
0.941824
0.919878
0.887467
0.852236
0.81856
0.791444
0.77471
0.764874
0.760994
0.762151
0.768494
0.778202
0.790464
0.804787
0.82043
0.837519
0.856753
0.879258
0.902461
0.921537
0.933361
0.939561
0.940411
0.939001
0.939817
0.946798
0.959604
0.971755
0.979493
0.982454
0.982739
0.98079
0.970014
0.945988
0.926424
0.91291
0.90526
0.902404
0.902157
0.903253
0.909793
0.933723
0.959818
0.97499
0.980838
0.981337
0.978525
0.961783
0.921968
0.897239
0.887157
0.885328
0.886482
0.894967
0.923196
0.949303
0.966051
0.976579
0.983241
0.987694
0.990964
0.993532
0.995521
0.996902
0.997656
0.997903
0.997898
0.997621
0.99614
0.990053
0.967245
0.884719
0.671641
0.469027
0.312557
0.199526
0.122333
0.0721537
0.0409646
0.0223089
0.011808
0.00573057
0.578738
0.499319
0.416358
0.376138
0.35178
0.334022
0.325758
0.328948
0.341282
0.351125
0.357103
0.362864
0.369016
0.376387
0.383596
0.389928
0.398301
0.411567
0.416652
0.416758
0.416677
0.420562
0.422257
0.429711
0.433157
0.433916
0.435221
0.438114
0.441578
0.445682
0.450154
0.456145
0.469094
0.498739
0.541474
0.582338
0.605631
0.612247
0.610587
0.610337
0.62206
0.619252
0.741736
0.83573
0.837279
0.821391
0.80225
0.798044
0.798368
0.806721
0.820509
0.824348
0.82389
0.814592
0.781624
0.700169
0.626033
0.604379
0.600813
0.610706
0.645507
0.681116
0.699134
0.711468
0.730089
0.752784
0.781063
0.813806
0.839012
0.861126
0.885566
0.896675
0.902414
0.907932
0.911591
0.914749
0.918391
0.923124
0.929425
0.934634
0.938562
0.942554
0.946361
0.948684
0.949141
0.948753
0.94633
0.940302
0.930472
0.918934
0.91192
0.909558
0.917593
0.928623
0.942416
0.956345
0.966918
0.97432
0.978731
0.980952
0.979273
0.972621
0.959153
0.937058
0.905225
0.870897
0.83905
0.814815
0.801946
0.797337
0.79872
0.807185
0.8197
0.833896
0.848655
0.863435
0.878936
0.897775
0.920524
0.939763
0.950746
0.955285
0.954872
0.952438
0.953172
0.959983
0.972107
0.980947
0.984673
0.985132
0.983381
0.972728
0.947298
0.927609
0.915297
0.909172
0.907259
0.907303
0.909342
0.919538
0.946003
0.967684
0.980275
0.985074
0.985464
0.983119
0.969421
0.932155
0.906715
0.895906
0.893809
0.894698
0.900346
0.922089
0.949559
0.968127
0.979684
0.986669
0.99095
0.993724
0.995669
0.997072
0.998004
0.998499
0.998655
0.998647
0.998428
0.997244
0.992254
0.97304
0.90246
0.701951
0.494706
0.333335
0.215212
0.133422
0.0796129
0.0455506
0.0253302
0.0129386
0.57335
0.477849
0.411673
0.389572
0.387069
0.389987
0.403794
0.427906
0.445502
0.454526
0.46033
0.46622
0.471583
0.477427
0.483184
0.487475
0.490849
0.496767
0.504972
0.510074
0.512443
0.514117
0.515534
0.515923
0.515509
0.514718
0.512669
0.510707
0.502313
0.493112
0.488085
0.488231
0.495209
0.518431
0.554554
0.589792
0.612257
0.624885
0.632032
0.636835
0.633158
0.632006
0.779238
0.836851
0.834289
0.808417
0.793365
0.791475
0.794778
0.809114
0.822303
0.824033
0.819416
0.794932
0.720537
0.615691
0.579992
0.573483
0.579097
0.612243
0.661345
0.687809
0.69903
0.706827
0.716884
0.732222
0.754929
0.782321
0.807323
0.837487
0.870134
0.891457
0.902162
0.91164
0.917399
0.921108
0.924887
0.929786
0.937092
0.943782
0.948321
0.951121
0.95188
0.951534
0.948082
0.93762
0.915973
0.887236
0.86593
0.853904
0.843481
0.833836
0.82676
0.833357
0.853995
0.890092
0.925705
0.954158
0.972968
0.98325
0.988332
0.990809
0.991744
0.990744
0.986848
0.979098
0.965857
0.944792
0.916667
0.889672
0.869273
0.857468
0.853898
0.856319
0.8636
0.871177
0.879758
0.890594
0.904267
0.922
0.942663
0.958061
0.965664
0.967394
0.965672
0.964254
0.965855
0.97418
0.982926
0.98673
0.987179
0.985471
0.974762
0.950033
0.932353
0.922596
0.918678
0.917977
0.918637
0.923442
0.941272
0.962906
0.978094
0.986673
0.989812
0.990007
0.988347
0.979525
0.951443
0.927316
0.916125
0.913387
0.913992
0.918052
0.932628
0.955019
0.971841
0.982874
0.989575
0.993535
0.995906
0.997375
0.998301
0.998845
0.999095
0.999153
0.999126
0.998876
0.997638
0.992491
0.972613
0.899127
0.696601
0.492813
0.333551
0.216318
0.134869
0.0805518
0.0467445
0.0251036
0.571238
0.472047
0.426622
0.425416
0.428498
0.440794
0.455007
0.465299
0.474648
0.482085
0.487145
0.492529
0.497576
0.503139
0.51049
0.518121
0.522856
0.526132
0.529645
0.535165
0.542531
0.549167
0.555775
0.562445
0.56829
0.572183
0.575928
0.58041
0.586383
0.588654
0.59144
0.592151
0.593594
0.599097
0.611559
0.626238
0.641522
0.650409
0.651442
0.646989
0.634618
0.657397
0.806884
0.836599
0.828508
0.796386
0.786023
0.785514
0.792976
0.813986
0.823083
0.822845
0.808469
0.759895
0.658754
0.570965
0.548956
0.547638
0.564
0.606215
0.65131
0.66575
0.668023
0.663207
0.658452
0.657161
0.65793
0.667327
0.691132
0.721351
0.763608
0.809294
0.845625
0.88162
0.902039
0.912295
0.919023
0.924461
0.931738
0.939998
0.943126
0.943789
0.942616
0.934592
0.915857
0.887087
0.863453
0.854355
0.849456
0.84306
0.834287
0.819996
0.797364
0.781797
0.776017
0.784268
0.816064
0.870884
0.922425
0.958611
0.978768
0.988772
0.993311
0.995427
0.996425
0.996605
0.995833
0.993357
0.988673
0.981082
0.97119
0.96048
0.95057
0.942382
0.936004
0.929317
0.921056
0.913529
0.911548
0.915825
0.929663
0.94706
0.963737
0.973361
0.976579
0.976219
0.974403
0.974482
0.978276
0.985587
0.988783
0.98906
0.987261
0.976415
0.956361
0.944
0.938516
0.937122
0.937203
0.938737
0.946418
0.963273
0.977021
0.986528
0.99186
0.993826
0.993977
0.993203
0.989591
0.977765
0.962313
0.951718
0.946356
0.945372
0.946434
0.951603
0.965315
0.977917
0.986687
0.992205
0.995468
0.997354
0.998439
0.999046
0.99935
0.999461
0.999471
0.99942
0.999083
0.997547
0.991315
0.967428
0.879159
0.666707
0.471782
0.319063
0.207145
0.12869
0.0776157
0.0434925
0.569911
0.47223
0.440039
0.436648
0.442248
0.459732
0.471559
0.476715
0.484966
0.493856
0.500433
0.509498
0.51953
0.528981
0.542068
0.555581
0.566052
0.575491
0.582748
0.588774
0.594309
0.598176
0.600695
0.602605
0.605796
0.610632
0.615772
0.623374
0.631876
0.640798
0.646238
0.649001
0.650777
0.652161
0.654593
0.657431
0.660184
0.659834
0.656035
0.647194
0.640687
0.719988
0.823628
0.835381
0.816979
0.786162
0.779394
0.779917
0.790345
0.813886
0.823657
0.822885
0.805968
0.746467
0.62022
0.538364
0.526797
0.525304
0.536285
0.577487
0.599313
0.591631
0.551277
0.525751
0.514083
0.511342
0.526
0.53375
0.544924
0.566935
0.601564
0.645708
0.698403
0.762874
0.825051
0.859617
0.885366
0.898074
0.90569
0.911283
0.914813
0.915556
0.911064
0.895382
0.875423
0.862278
0.857275
0.854781
0.851438
0.845759
0.837142
0.821751
0.791022
0.764298
0.751797
0.747228
0.750987
0.766404
0.817847
0.891323
0.941106
0.969707
0.985156
0.992848
0.996316
0.997793
0.99846
0.998706
0.998596
0.997866
0.996274
0.993928
0.991187
0.988731
0.986859
0.985157
0.98226
0.975484
0.95969
0.943841
0.937657
0.939846
0.95329
0.969514
0.979573
0.983318
0.983519
0.982313
0.98194
0.983444
0.98844
0.990834
0.990979
0.98947
0.981059
0.968031
0.961005
0.95859
0.958298
0.958574
0.960139
0.966568
0.977596
0.986159
0.991956
0.995277
0.996639
0.996855
0.996666
0.99576
0.99348
0.987606
0.979699
0.973553
0.970409
0.970024
0.97126
0.976879
0.985207
0.991102
0.994867
0.997116
0.998399
0.999106
0.999471
0.999631
0.999672
0.999665
0.999571
0.999077
0.996957
0.988548
0.956704
0.839879
0.623429
0.438542
0.295661
0.190513
0.119064
0.0693071
0.570487
0.474416
0.44678
0.445112
0.455137
0.474595
0.483349
0.491494
0.508094
0.528263
0.550836
0.578045
0.599822
0.618187
0.639066
0.648069
0.652487
0.654471
0.655184
0.655242
0.651609
0.646127
0.642459
0.638657
0.633016
0.629229
0.628066
0.629667
0.63446
0.642037
0.649808
0.654944
0.658323
0.660671
0.662007
0.66261
0.662584
0.660303
0.655977
0.650104
0.669181
0.786501
0.830443
0.83334
0.809304
0.777853
0.772223
0.773141
0.785295
0.811893
0.823887
0.823981
0.808815
0.753086
0.630047
0.51395
0.477433
0.477097
0.483342
0.493525
0.485642
0.449878
0.392395
0.352607
0.33451
0.327494
0.327282
0.351158
0.37781
0.43084
0.473078
0.518007
0.56419
0.606936
0.667389
0.721259
0.790021
0.827517
0.855043
0.866764
0.873603
0.87748
0.87838
0.873256
0.86689
0.861645
0.859138
0.856991
0.853363
0.845596
0.834586
0.817073
0.774872
0.736262
0.72567
0.725994
0.728199
0.72918
0.741499
0.794166
0.876988
0.930175
0.962767
0.981471
0.99135
0.9961
0.998176
0.999019
0.999383
0.999531
0.99953
0.999339
0.998758
0.997964
0.997145
0.996459
0.9959
0.995091
0.993313
0.987718
0.971021
0.958543
0.956466
0.961495
0.975692
0.984827
0.988189
0.988498
0.987738
0.987367
0.988093
0.991127
0.992747
0.992858
0.992095
0.988145
0.981308
0.977192
0.975628
0.975408
0.975507
0.976127
0.978988
0.985906
0.991506
0.99516
0.997275
0.998286
0.998603
0.998615
0.998503
0.99807
0.996849
0.993001
0.98806
0.985208
0.984346
0.984601
0.986658
0.991446
0.994957
0.997149
0.998434
0.999155
0.99954
0.999724
0.999791
0.9998
0.999775
0.999611
0.998851
0.995732
0.983629
0.938436
0.784945
0.572652
0.400085
0.266832
0.172429
0.103923
0.572539
0.484895
0.46485
0.464767
0.477096
0.501586
0.529098
0.565598
0.606057
0.635065
0.662961
0.693961
0.723769
0.756597
0.776292
0.790881
0.80102
0.804853
0.806126
0.801803
0.787396
0.771155
0.757012
0.745375
0.728631
0.710583
0.697059
0.679976
0.667939
0.662151
0.659925
0.660385
0.661755
0.6635
0.663997
0.664012
0.663345
0.661617
0.661409
0.674182
0.757026
0.81855
0.833069
0.829032
0.791821
0.770372
0.766456
0.76677
0.777525
0.805894
0.823386
0.826192
0.817369
0.773052
0.663636
0.525935
0.462132
0.428172
0.411397
0.402335
0.383566
0.344893
0.294907
0.264363
0.250566
0.244311
0.242891
0.253971
0.267577
0.292286
0.330335
0.380228
0.435782
0.505594
0.572329
0.628221
0.671608
0.71051
0.756299
0.799795
0.833689
0.849902
0.8584
0.862193
0.86219
0.860453
0.857555
0.853346
0.846065
0.829618
0.80721
0.784913
0.750148
0.716566
0.699643
0.697155
0.701675
0.708017
0.715118
0.739411
0.810717
0.880339
0.92957
0.961564
0.980512
0.990779
0.995896
0.99824
0.999229
0.99962
0.999781
0.99984
0.999837
0.999754
0.999536
0.999272
0.99904
0.998844
0.998533
0.997826
0.995474
0.985371
0.973236
0.970051
0.972062
0.981849
0.989213
0.991657
0.991842
0.991312
0.991116
0.991671
0.993587
0.994481
0.99456
0.994319
0.993355
0.990921
0.988484
0.98683
0.986045
0.985862
0.985965
0.987116
0.991053
0.994802
0.997133
0.998455
0.99913
0.999423
0.999505
0.9995
0.999402
0.998917
0.996963
0.994068
0.99257
0.992223
0.992333
0.993282
0.995701
0.997506
0.998613
0.999253
0.999605
0.999785
0.999861
0.99988
0.999875
0.999821
0.999544
0.998358
0.99366
0.975792
0.910054
0.721161
0.521055
0.359193
0.239634
0.149167
0.582708
0.513098
0.495627
0.496327
0.519663
0.563523
0.61267
0.684251
0.747777
0.783267
0.834341
0.858323
0.870394
0.878725
0.882364
0.884343
0.885097
0.885207
0.883271
0.878161
0.870737
0.858909
0.843519
0.827215
0.812833
0.794886
0.779076
0.765723
0.751712
0.732631
0.717422
0.701435
0.687816
0.68041
0.676586
0.674872
0.675121
0.680783
0.702263
0.759909
0.810231
0.82955
0.832855
0.817583
0.777332
0.760754
0.758086
0.759112
0.766527
0.791311
0.819541
0.826304
0.825551
0.806227
0.739277
0.583144
0.476269
0.427371
0.393549
0.365678
0.338587
0.306567
0.270655
0.241126
0.225261
0.215894
0.21179
0.214786
0.226762
0.241351
0.272289
0.323437
0.376395
0.419687
0.467178
0.537767
0.614071
0.662019
0.691161
0.711409
0.736516
0.770267
0.799733
0.819478
0.830348
0.833631
0.830508
0.821834
0.807469
0.784449
0.767912
0.760519
0.745316
0.714673
0.696287
0.690361
0.690022
0.691934
0.698513
0.717929
0.772036
0.838203
0.894996
0.9377
0.965999
0.982737
0.991752
0.996274
0.998407
0.999344
0.999727
0.999873
0.999929
0.999945
0.999941
0.9999
0.999824
0.999762
0.999696
0.999563
0.99921
0.997737
0.990608
0.981926
0.979719
0.981015
0.987799
0.9927
0.994104
0.994131
0.993738
0.993682
0.994217
0.995666
0.996368
0.996531
0.99651
0.996361
0.995971
0.994918
0.993537
0.992535
0.992064
0.992012
0.992521
0.994691
0.996981
0.998379
0.999165
0.999572
0.999757
0.999817
0.999818
0.999761
0.999428
0.99816
0.996879
0.996382
0.996337
0.996489
0.997244
0.998322
0.99903
0.99946
0.999708
0.999844
0.999908
0.99993
0.99993
0.999914
0.999813
0.999362
0.997538
0.990499
0.964226
0.868112
0.659165
0.469798
0.323282
0.207502
0.586755
0.527406
0.521406
0.554017
0.6339
0.711372
0.771344
0.82992
0.857793
0.877997
0.890569
0.894927
0.896537
0.897007
0.897029
0.896643
0.896553
0.896562
0.896632
0.896507
0.895513
0.89344
0.889008
0.878598
0.861099
0.836041
0.816389
0.807715
0.797113
0.787806
0.777791
0.766528
0.755355
0.742674
0.734479
0.730659
0.735043
0.755033
0.784743
0.81408
0.828941
0.833806
0.832206
0.813575
0.776762
0.757379
0.751113
0.750055
0.754077
0.767213
0.801868
0.822926
0.826766
0.822846
0.799214
0.727077
0.562783
0.457029
0.404279
0.368809
0.339067
0.308665
0.276414
0.247014
0.228948
0.218407
0.212315
0.212252
0.214613
0.223707
0.247209
0.29714
0.361463
0.408099
0.444545
0.485032
0.530832
0.60368
0.668737
0.696929
0.709387
0.71667
0.72581
0.736355
0.747344
0.75649
0.758007
0.757397
0.756754
0.756653
0.756534
0.755156
0.746255
0.717823
0.697322
0.689869
0.688546
0.689134
0.69285
0.70625
0.749867
0.817668
0.876278
0.92177
0.954011
0.974834
0.987111
0.99378
0.997156
0.998768
0.999493
0.999798
0.999918
0.999963
0.999979
0.999982
0.999977
0.999963
0.999949
0.999924
0.999861
0.999617
0.998295
0.992392
0.987353
0.986459
0.987776
0.992601
0.995233
0.995826
0.995747
0.995525
0.995576
0.996185
0.997267
0.997841
0.99808
0.998144
0.998138
0.998064
0.997753
0.996842
0.996035
0.995644
0.995583
0.995846
0.997079
0.99839
0.999162
0.999586
0.999802
0.999897
0.999923
0.999919
0.999864
0.999561
0.998875
0.998506
0.998427
0.998455
0.998653
0.999131
0.999482
0.999702
0.999833
0.999909
0.999947
0.999962
0.999964
0.999958
0.999922
0.999753
0.999053
0.996313
0.985949
0.947764
0.814188
0.600102
0.425683
0.281494
0.602123
0.568221
0.58332
0.664703
0.748273
0.811092
0.852615
0.879018
0.889953
0.894832
0.896409
0.896601
0.895932
0.894421
0.892549
0.891061
0.890621
0.890604
0.892082
0.894389
0.895937
0.898951
0.904623
0.907725
0.908867
0.908895
0.890449
0.866771
0.836218
0.819882
0.80928
0.804086
0.800994
0.799091
0.796458
0.794608
0.798775
0.809692
0.822762
0.831814
0.835782
0.836758
0.832862
0.815632
0.78167
0.759151
0.750647
0.746717
0.745811
0.750221
0.765007
0.800309
0.82125
0.82451
0.8207
0.801006
0.74345
0.615943
0.481011
0.409039
0.362667
0.327417
0.297354
0.268977
0.247604
0.234769
0.225581
0.225399
0.227849
0.235413
0.251396
0.288543
0.37637
0.447766
0.476113
0.492777
0.517984
0.554403
0.613199
0.680892
0.713458
0.723624
0.724941
0.726296
0.730146
0.73441
0.73819
0.742387
0.748052
0.753228
0.755613
0.755404
0.751471
0.72964
0.704416
0.692054
0.688836
0.688947
0.691565
0.702054
0.739793
0.810207
0.87048
0.91702
0.950106
0.971759
0.984909
0.99233
0.996269
0.99826
0.999223
0.99967
0.999867
0.999948
0.99998
0.999991
0.999994
0.999995
0.999994
0.99999
0.99998
0.999939
0.999695
0.998179
0.993634
0.991424
0.991312
0.992857
0.995797
0.996924
0.997083
0.996981
0.996925
0.997051
0.997732
0.99848
0.998879
0.999063
0.999127
0.999132
0.999098
0.9989
0.998337
0.997892
0.997703
0.997689
0.997848
0.998536
0.999213
0.999605
0.999813
0.999915
0.999956
0.999964
0.999957
0.999897
0.999667
0.999474
0.999421
0.999425
0.999479
0.999648
0.999789
0.999877
0.999929
0.99996
0.999976
0.999983
0.999984
0.999982
0.999968
0.999905
0.999639
0.998585
0.99454
0.979426
0.924581
0.750796
0.547909
0.373086
0.616237
0.614358
0.636724
0.726095
0.808719
0.849923
0.879133
0.89067
0.894457
0.89528
0.895083
0.891828
0.888685
0.886467
0.884782
0.88414
0.883859
0.883252
0.882505
0.880791
0.878797
0.877322
0.876885
0.886384
0.903341
0.923556
0.933647
0.936024
0.931032
0.896127
0.855829
0.827109
0.81619
0.81323
0.816347
0.820845
0.823218
0.828272
0.833939
0.836838
0.838197
0.838509
0.835004
0.822562
0.798749
0.769871
0.754682
0.747858
0.744635
0.743993
0.747561
0.760158
0.790575
0.815985
0.820974
0.818652
0.806325
0.770747
0.699305
0.582738
0.47398
0.402656
0.35612
0.321744
0.294348
0.277917
0.264719
0.264764
0.268632
0.280544
0.305919
0.36806
0.45507
0.531936
0.582024
0.587377
0.578371
0.57216
0.588355
0.648719
0.705621
0.736231
0.74961
0.752641
0.752262
0.751201
0.751578
0.753013
0.756731
0.76066
0.763047
0.762814
0.757302
0.736353
0.71171
0.697307
0.691139
0.690304
0.691902
0.701316
0.737855
0.811477
0.873575
0.918913
0.950461
0.971442
0.98447
0.991974
0.996023
0.998099
0.999118
0.999604
0.999829
0.999928
0.999971
0.999989
0.999996
0.999998
0.999999
0.999999
0.999998
0.999992
0.999946
0.999626
0.997771
0.995279
0.994594
0.994802
0.99633
0.997648
0.998006
0.998015
0.997972
0.997995
0.998242
0.998862
0.999273
0.999485
0.999577
0.999604
0.999603
0.999568
0.999395
0.999104
0.998927
0.99887
0.998878
0.998998
0.999368
0.999665
0.999836
0.999925
0.999967
0.999981
0.999982
0.999972
0.999916
0.999841
0.999816
0.999816
0.99983
0.999881
0.999929
0.999958
0.999975
0.999985
0.999991
0.999993
0.999993
0.999993
0.999988
0.999964
0.999863
0.999456
0.997874
0.991871
0.969671
0.887884
0.6875
0.482858
0.631922
0.643751
0.677475
0.755331
0.829919
0.864213
0.886258
0.89311
0.894807
0.894841
0.892682
0.890101
0.889033
0.888731
0.890517
0.892471
0.893206
0.89339
0.892973
0.891591
0.887716
0.88135
0.871642
0.860251
0.854764
0.856114
0.89708
0.934687
0.955152
0.96131
0.961804
0.931185
0.870361
0.8292
0.817758
0.81946
0.825551
0.830145
0.834843
0.837174
0.83843
0.838761
0.837469
0.832135
0.819455
0.800995
0.775443
0.756698
0.747718
0.744207
0.743392
0.745559
0.75486
0.779071
0.808479
0.816814
0.815757
0.810148
0.793913
0.756398
0.699028
0.616707
0.535325
0.477195
0.425217
0.391113
0.370658
0.372647
0.383778
0.410046
0.449981
0.535805
0.629715
0.673275
0.677303
0.656348
0.624228
0.616188
0.617276
0.641757
0.701821
0.738522
0.757661
0.766513
0.769115
0.769339
0.769124
0.769174
0.769498
0.769476
0.768994
0.766515
0.757907
0.735007
0.712331
0.699822
0.694403
0.693695
0.695712
0.707651
0.756754
0.844521
0.907712
0.944713
0.965678
0.978591
0.987196
0.992871
0.996263
0.998134
0.999109
0.99959
0.999818
0.999922
0.999967
0.999986
0.999995
0.999998
0.999999
0.999999
0.999999
0.999998
0.999989
0.99991
0.999373
0.997695
0.996846
0.996785
0.997253
0.998247
0.998635
0.9987
0.998691
0.998696
0.998784
0.999146
0.999495
0.999686
0.999774
0.999807
0.999813
0.999807
0.999762
0.999637
0.999537
0.99949
0.999484
0.999506
0.999624
0.999787
0.999889
0.999948
0.999977
0.999989
0.999992
0.999991
0.99998
0.999958
0.999949
0.999948
0.999952
0.999966
0.999979
0.999987
0.999992
0.999995
0.999997
0.999998
0.999998
0.999997
0.999995
0.999986
0.999947
0.999789
0.999163
0.996752
0.987671
0.953961
0.836023
0.609419
0.640769
0.676041
0.686018
0.760397
0.831367
0.865204
0.886136
0.893204
0.894971
0.89493
0.89291
0.890537
0.890174
0.891988
0.893709
0.894928
0.89555
0.895754
0.895735
0.895732
0.895741
0.895191
0.893063
0.885519
0.857763
0.84037
0.836423
0.848999
0.900333
0.952171
0.97517
0.981824
0.980787
0.94276
0.862839
0.820004
0.821075
0.825142
0.832353
0.835822
0.837657
0.838304
0.837644
0.83556
0.830072
0.820952
0.808117
0.788323
0.763218
0.750412
0.744776
0.744019
0.743292
0.748494
0.765119
0.797175
0.809428
0.811533
0.810093
0.804125
0.789163
0.760631
0.72887
0.687135
0.643371
0.624545
0.59932
0.599878
0.606497
0.622088
0.654941
0.696564
0.72355
0.729724
0.721763
0.681395
0.643704
0.63304
0.635848
0.663089
0.722469
0.757512
0.771542
0.775395
0.775677
0.775017
0.773209
0.772195
0.771786
0.771362
0.770366
0.766933
0.75321
0.728754
0.710708
0.70055
0.69755
0.697846
0.701881
0.720715
0.791671
0.882334
0.937391
0.967976
0.983637
0.991261
0.994905
0.996773
0.997973
0.998795
0.999332
0.999656
0.999835
0.999925
0.999967
0.999985
0.999993
0.999997
0.999999
0.999999
1
0.999999
0.999997
0.999976
0.999814
0.999002
0.99823
0.998071
0.998192
0.998741
0.999079
0.999162
0.999171
0.999176
0.999213
0.999398
0.999648
0.999795
0.999868
0.999897
0.999905
0.999905
0.999893
0.999848
0.999801
0.999777
0.99977
0.999774
0.999807
0.999884
0.999938
0.99997
0.999987
0.999994
0.999997
0.999997
0.999995
0.99999
0.999987
0.999987
0.999988
0.999991
0.999995
0.999997
0.999998
0.999999
0.999999
0.999999
0.999999
0.999999
0.999998
0.999995
0.999979
0.999916
0.999664
0.998678
0.994901
0.980673
0.929212
0.754108
0.643075
0.689294
0.698532
0.75352
0.825911
0.861771
0.884018
0.892415
0.894817
0.895174
0.894001
0.891476
0.891034
0.891995
0.894085
0.895978
0.89653
0.89637
0.89615
0.896034
0.89604
0.895919
0.895327
0.892698
0.881528
0.850329
0.834588
0.833504
0.842909
0.882391
0.940332
0.975817
0.989209
0.994044
0.987548
0.918083
0.839544
0.825741
0.825636
0.827699
0.832432
0.835106
0.835802
0.834945
0.832278
0.827512
0.82062
0.811795
0.799093
0.773747
0.754129
0.746863
0.743336
0.739028
0.741345
0.751369
0.77225
0.796277
0.805614
0.805819
0.804302
0.79957
0.792474
0.779397
0.757771
0.75017
0.743311
0.736197
0.737048
0.740597
0.7502
0.75686
0.757164
0.75329
0.735589
0.684835
0.655506
0.649917
0.654517
0.686617
0.738485
0.76784
0.780611
0.783832
0.783514
0.779916
0.775676
0.7736
0.772745
0.772161
0.771
0.76741
0.753256
0.729015
0.711736
0.704165
0.702841
0.703835
0.710369
0.738119
0.821146
0.899263
0.947906
0.974839
0.988393
0.994679
0.997503
0.998771
0.999354
0.999636
0.999782
0.999866
0.999921
0.999955
0.999976
0.999986
0.999993
0.999996
0.999998
0.999999
0.999999
0.999999
0.999999
0.999992
0.999939
0.999598
0.999031
0.998849
0.99887
0.999124
0.999384
0.999471
0.999491
0.999499
0.999521
0.999613
0.999767
0.999866
0.999918
0.999941
0.999949
0.99995
0.999947
0.999932
0.999912
0.9999
0.999896
0.999897
0.999906
0.999937
0.999966
0.999983
0.999992
0.999997
0.999998
0.999999
0.999999
0.999998
0.999997
0.999997
0.999997
0.999998
0.999999
0.999999
0.999999
1
1
1
1
1
0.999999
0.999998
0.999992
0.999966
0.999862
0.999451
0.997848
0.991718
0.968923
0.879568
0.643201
0.687715
0.716469
0.74508
0.812318
0.853291
0.878569
0.889982
0.894028
0.895086
0.894969
0.893845
0.892336
0.892479
0.893271
0.894808
0.895814
0.896151
0.896199
0.896155
0.896101
0.895972
0.895454
0.893235
0.884412
0.856268
0.836406
0.831906
0.836186
0.862483
0.922905
0.963119
0.983404
0.992128
0.996445
0.996399
0.973203
0.880946
0.837724
0.828772
0.827207
0.827457
0.828733
0.829838
0.829648
0.827661
0.82359
0.817793
0.811787
0.801178
0.778956
0.757853
0.747269
0.739601
0.736412
0.733514
0.73691
0.748999
0.771118
0.789599
0.797377
0.798845
0.798193
0.796182
0.790523
0.787663
0.785853
0.781421
0.779737
0.779051
0.776548
0.773091
0.767607
0.755285
0.715984
0.673085
0.657536
0.657314
0.669288
0.718647
0.763828
0.784014
0.789776
0.790221
0.788503
0.781974
0.77692
0.774264
0.773112
0.772455
0.771301
0.767999
0.755184
0.732094
0.717866
0.712194
0.711545
0.713299
0.723074
0.76554
0.857045
0.924277
0.962655
0.982086
0.991608
0.996244
0.998386
0.999297
0.999676
0.999841
0.999915
0.999949
0.999966
0.999976
0.999982
0.999987
0.99999
0.999993
0.999995
0.999997
0.999999
0.999999
0.999999
0.999997
0.999977
0.999842
0.999471
0.999304
0.999295
0.999397
0.999584
0.999666
0.999692
0.999703
0.999722
0.999779
0.999862
0.999918
0.99995
0.999965
0.999971
0.999973
0.999972
0.999968
0.99996
0.999955
0.999953
0.999953
0.999956
0.999968
0.999982
0.999991
0.999996
0.999998
0.999999
1
1
0.999999
0.999999
0.999999
0.999999
1
1
1
1
1
1
1
1
1
1
0.999999
0.999997
0.999986
0.999942
0.999766
0.999069
0.996354
0.986026
0.944096
0.642464
0.680011
0.721243
0.740217
0.785375
0.837642
0.868342
0.884609
0.891715
0.894356
0.894964
0.894909
0.894599
0.894103
0.894141
0.894509
0.895024
0.895546
0.895893
0.896054
0.896047
0.895869
0.894967
0.891452
0.879542
0.850222
0.832379
0.83025
0.83495
0.858842
0.919176
0.961599
0.982998
0.991989
0.995902
0.998141
0.997795
0.983297
0.913348
0.852098
0.832662
0.827797
0.826094
0.825654
0.82534
0.824829
0.82279
0.818425
0.813112
0.80791
0.798926
0.781645
0.759161
0.744451
0.737988
0.731704
0.72493
0.72421
0.727676
0.738556
0.756066
0.774657
0.784163
0.78824
0.787754
0.787048
0.78612
0.78422
0.781975
0.778515
0.774412
0.767906
0.754039
0.713201
0.676555
0.6607
0.658649
0.664787
0.698682
0.753021
0.781724
0.793171
0.796084
0.795881
0.791663
0.783307
0.77767
0.774533
0.773208
0.77251
0.771368
0.768189
0.755558
0.736385
0.725075
0.721081
0.721121
0.724084
0.738113
0.793757
0.886352
0.944176
0.974944
0.989337
0.995463
0.997966
0.999052
0.999574
0.999815
0.999914
0.999952
0.999967
0.999972
0.999978
0.999979
0.999978
0.999979
0.999982
0.999987
0.999992
0.999996
0.999998
0.999998
0.999998
0.99999
0.99993
0.99971
0.999571
0.999552
0.999591
0.999715
0.999785
0.99981
0.999822
0.999845
0.999886
0.999925
0.999953
0.99997
0.99998
0.999983
0.999985
0.999985
0.999984
0.999981
0.99998
0.999979
0.999979
0.99998
0.999986
0.999992
0.999996
0.999998
0.999999
1
1
1
1
1
1
1
1
1
1
1
1
1
1
1
1
1
1
0.999999
0.999994
0.999975
0.999897
0.999583
0.998337
0.993487
0.973383
0.642566
0.659219
0.714839
0.737061
0.763831
0.808485
0.848995
0.873848
0.88622
0.891848
0.894148
0.894774
0.895025
0.895076
0.895233
0.895343
0.895594
0.895893
0.896059
0.896054
0.895901
0.895235
0.892968
0.885746
0.862693
0.834107
0.826884
0.828582
0.839523
0.881742
0.943729
0.977869
0.991115
0.996194
0.997975
0.998863
0.999133
0.997944
0.986531
0.934668
0.86492
0.83754
0.82847
0.825815
0.824867
0.823244
0.820718
0.817529
0.812922
0.807973
0.803665
0.796097
0.782351
0.757712
0.744428
0.734009
0.725561
0.718411
0.712714
0.711049
0.713309
0.71914
0.731758
0.744184
0.752058
0.760562
0.762897
0.762028
0.759222
0.753235
0.742814
0.719041
0.690888
0.671412
0.661718
0.660859
0.665709
0.689876
0.747092
0.781581
0.796974
0.801703
0.802127
0.800528
0.792738
0.783796
0.777918
0.774554
0.772999
0.772201
0.771015
0.767895
0.755908
0.740048
0.731468
0.729234
0.729935
0.735124
0.756736
0.826017
0.902771
0.952228
0.979036
0.991546
0.996729
0.998728
0.999488
0.999781
0.999901
0.999948
0.999965
0.99997
0.999971
0.99997
0.999962
0.99995
0.999949
0.999952
0.999962
0.999976
0.999987
0.999994
0.999997
0.999997
0.999993
0.999963
0.999832
0.999727
0.999707
0.999724
0.999801
0.999855
0.999877
0.999893
0.999915
0.999939
0.999959
0.999974
0.999983
0.999988
0.999991
0.999992
0.999992
0.999991
0.999991
0.999991
0.99999
0.999991
0.999992
0.999994
0.999997
0.999998
0.999999
1
1
1
1
1
1
1
1
1
1
1
1
1
1
1
1
1
1
1
0.999999
0.999997
0.999989
0.999953
0.999805
0.999204
0.996808
0.98677
0.652919
0.656708
0.689135
0.728828
0.753943
0.786139
0.818758
0.850057
0.873847
0.885326
0.890936
0.893384
0.894463
0.894886
0.895214
0.895365
0.895683
0.895821
0.895775
0.895543
0.89482
0.892753
0.88703
0.871521
0.835648
0.824617
0.825008
0.831539
0.857006
0.922607
0.966921
0.986341
0.99435
0.997573
0.998821
0.999287
0.999537
0.999473
0.997998
0.987913
0.94902
0.875478
0.842322
0.830106
0.82615
0.823592
0.820802
0.817256
0.812969
0.808254
0.803791
0.799784
0.793421
0.778659
0.761266
0.742964
0.730123
0.719807
0.712084
0.705516
0.699791
0.696069
0.696671
0.698434
0.699673
0.702928
0.703296
0.702295
0.69918
0.693318
0.683994
0.673271
0.665092
0.66214
0.66282
0.668628
0.689705
0.744498
0.780741
0.797983
0.804483
0.805944
0.805727
0.802516
0.792848
0.783914
0.777452
0.773526
0.771608
0.770681
0.769589
0.767008
0.757238
0.744554
0.738704
0.7382
0.740158
0.749853
0.785971
0.868023
0.927591
0.96409
0.98393
0.993405
0.997452
0.999048
0.999646
0.999862
0.999936
0.999961
0.999968
0.999968
0.999957
0.999944
0.999915
0.999872
0.999868
0.999874
0.999896
0.999934
0.999963
0.999983
0.999992
0.999994
0.999992
0.999974
0.999889
0.999816
0.9998
0.999809
0.999859
0.999898
0.999918
0.999933
0.999949
0.999964
0.999976
0.999984
0.99999
0.999993
0.999995
0.999995
0.999995
0.999995
0.999995
0.999995
0.999995
0.999996
0.999996
0.999998
0.999999
0.999999
1
1
1
1
1
1
1
1
1
1
1
1
1
1
1
1
1
1
1
1
1
0.999999
0.999995
0.999978
0.999904
0.999595
0.998332
0.993012
0.713817
0.664085
0.672315
0.702961
0.73825
0.770477
0.800021
0.826382
0.849036
0.867796
0.880985
0.887924
0.891368
0.893103
0.893983
0.894488
0.89479
0.894701
0.894341
0.893395
0.891047
0.885028
0.870164
0.835202
0.822311
0.822364
0.827915
0.849821
0.909177
0.962946
0.986161
0.994805
0.997982
0.999157
0.999601
0.999762
0.999846
0.999845
0.999675
0.998035
0.98907
0.958236
0.884122
0.847095
0.832405
0.825948
0.822081
0.818005
0.813626
0.809042
0.80413
0.80089
0.796446
0.7881
0.779235
0.763338
0.744923
0.728076
0.716008
0.707046
0.699576
0.692773
0.688068
0.684394
0.680747
0.678761
0.676766
0.674306
0.672261
0.668537
0.665049
0.663856
0.664101
0.666304
0.674512
0.698485
0.749941
0.782646
0.799789
0.807342
0.809644
0.809859
0.808896
0.803001
0.791683
0.78233
0.775263
0.770823
0.768602
0.767623
0.766816
0.765122
0.758882
0.750927
0.74859
0.749462
0.754384
0.772614
0.830979
0.905187
0.953603
0.979274
0.991363
0.996508
0.998588
0.999426
0.99977
0.999907
0.999953
0.999964
0.999965
0.999958
0.999916
0.999876
0.999795
0.999688
0.999675
0.999689
0.999736
0.999829
0.999905
0.999954
0.99998
0.999988
0.999988
0.999976
0.999916
0.999866
0.999856
0.999862
0.999898
0.999927
0.999942
0.999954
0.999966
0.999976
0.999984
0.999989
0.999993
0.999995
0.999997
0.999997
0.999997
0.999997
0.999997
0.999997
0.999997
0.999998
0.999998
0.999999
0.999999
1
1
1
1
1
1
1
1
1
1
1
1
1
1
1
1
1
1
1
1
1
1
0.999999
0.999997
0.999989
0.999949
0.999779
0.999064
0.996034
0.751705
0.691391
0.675952
0.683038
0.702299
0.739654
0.777231
0.807027
0.831091
0.850091
0.86389
0.87469
0.882105
0.886975
0.889248
0.890844
0.89109
0.890744
0.889602
0.88672
0.879551
0.862226
0.829139
0.818512
0.819389
0.826714
0.85085
0.911576
0.963437
0.98548
0.994356
0.997808
0.999123
0.999621
0.999819
0.999891
0.999928
0.999936
0.999919
0.999684
0.997971
0.989826
0.962849
0.891759
0.851279
0.833815
0.825956
0.821207
0.816107
0.811016
0.805521
0.801883
0.797935
0.791583
0.786965
0.778478
0.767335
0.750446
0.731779
0.716591
0.704799
0.695597
0.68909
0.683893
0.679171
0.675411
0.672184
0.669624
0.667818
0.666951
0.667132
0.668494
0.673047
0.68412
0.717052
0.7587
0.785071
0.800538
0.808457
0.811942
0.812907
0.81281
0.810489
0.801438
0.789882
0.78093
0.774325
0.769909
0.76757
0.766579
0.765863
0.764506
0.760847
0.758733
0.759674
0.763252
0.773963
0.806612
0.883121
0.938692
0.97145
0.9881
0.995126
0.998027
0.99922
0.999696
0.999878
0.999943
0.999961
0.999963
0.999959
0.999937
0.999824
0.999721
0.99952
0.999288
0.999263
0.999293
0.999389
0.999594
0.999771
0.999888
0.999951
0.999976
0.99998
0.999972
0.999928
0.999895
0.999889
0.999895
0.999924
0.999946
0.999957
0.999966
0.999975
0.999983
0.999988
0.999992
0.999995
0.999997
0.999998
0.999998
0.999998
0.999998
0.999998
0.999999
0.999999
0.999999
0.999999
0.999999
1
1
1
1
1
1
1
1
1
1
1
1
1
1
1
1
1
1
1
1
1
1
1
1
0.999999
0.999994
0.999971
0.999869
0.999431
0.997563
0.762111
0.739685
0.693194
0.686169
0.689937
0.700494
0.724566
0.760214
0.798591
0.825747
0.844736
0.858591
0.86832
0.875377
0.879244
0.882254
0.882212
0.881007
0.877267
0.867805
0.844407
0.817435
0.813214
0.815669
0.828299
0.858918
0.926989
0.968068
0.986493
0.994474
0.997789
0.999116
0.999635
0.999838
0.99992
0.999953
0.999968
0.999974
0.999973
0.999942
0.99965
0.997856
0.990097
0.965333
0.896699
0.854276
0.835879
0.826119
0.822204
0.816788
0.809584
0.804318
0.799915
0.793763
0.790005
0.785027
0.778483
0.766825
0.755466
0.741347
0.724846
0.710234
0.698884
0.690615
0.684717
0.679593
0.675955
0.67493
0.675145
0.676501
0.680558
0.690267
0.714245
0.744201
0.769126
0.78761
0.800524
0.808876
0.81342
0.815115
0.815332
0.81457
0.810118
0.797537
0.786926
0.779353
0.773784
0.76989
0.767624
0.766657
0.765898
0.764448
0.764565
0.766216
0.770285
0.779192
0.800411
0.856322
0.92366
0.965016
0.984741
0.993179
0.996978
0.998701
0.999468
0.999792
0.999917
0.999956
0.999962
0.99996
0.999945
0.999889
0.999637
0.999418
0.998985
0.998519
0.998467
0.998525
0.998707
0.999113
0.999489
0.999747
0.99989
0.99995
0.999965
0.99996
0.999928
0.999905
0.999902
0.999909
0.999938
0.999958
0.999968
0.999975
0.999982
0.999987
0.999991
0.999994
0.999996
0.999997
0.999998
0.999999
0.999999
0.999999
0.999999
0.999999
0.999999
0.999999
1
1
1
1
1
1
1
1
1
1
1
1
1
1
1
1
1
1
1
1
1
1
1
1
1
1
0.999999
0.999996
0.999982
0.999916
0.999625
0.998373
0.995616
0.993911
0.966733
0.837256
0.725089
0.705981
0.709234
0.718495
0.734978
0.76417
0.795525
0.821338
0.840356
0.851288
0.859283
0.862445
0.860896
0.854354
0.841047
0.814159
0.803569
0.804645
0.811751
0.832948
0.883201
0.944121
0.974207
0.988499
0.995058
0.997942
0.999158
0.999654
0.999853
0.999933
0.999966
0.99998
0.999986
0.99999
0.99999
0.999986
0.999941
0.999596
0.997722
0.990223
0.966725
0.902611
0.858464
0.837157
0.827882
0.823126
0.818286
0.811352
0.804755
0.79809
0.793444
0.788563
0.782113
0.774645
0.767386
0.757807
0.750083
0.739466
0.726486
0.718864
0.709924
0.703497
0.703015
0.704146
0.707608
0.715715
0.729222
0.745292
0.761511
0.777061
0.791223
0.80249
0.810086
0.814435
0.816466
0.817113
0.816961
0.815284
0.807436
0.791475
0.781586
0.776712
0.773304
0.770236
0.768578
0.767911
0.766676
0.767184
0.769606
0.775416
0.784035
0.801244
0.841553
0.907982
0.954935
0.980339
0.991654
0.996468
0.998505
0.999361
0.999722
0.999882
0.999946
0.999962
0.999962
0.999951
0.999909
0.999778
0.999243
0.998826
0.998038
0.997149
0.997022
0.997118
0.997429
0.998164
0.998913
0.999451
0.999758
0.999894
0.999934
0.999937
0.999922
0.999906
0.999905
0.999918
0.999949
0.999967
0.999976
0.999982
0.999987
0.999991
0.999993
0.999995
0.999997
0.999998
0.999998
0.999999
0.999999
0.999999
0.999999
0.999999
1
1
1
1
1
1
1
1
1
1
1
1
1
1
1
1
1
1
1
1
1
1
1
1
1
1
1
1
1
0.999998
0.999988
0.999943
0.999739
0.998851
0.999913
0.999766
0.998663
0.99112
0.960899
0.900103
0.792314
0.743226
0.737859
0.741309
0.750104
0.762177
0.775669
0.786339
0.797481
0.797912
0.796072
0.790597
0.788736
0.790703
0.798189
0.816302
0.856775
0.923968
0.96228
0.981816
0.99153
0.996196
0.998349
0.999301
0.999708
0.999877
0.999946
0.999975
0.999987
0.999992
0.999995
0.999996
0.999996
0.999996
0.99999
0.999933
0.999556
0.997709
0.990749
0.969748
0.912252
0.863515
0.840657
0.830467
0.823344
0.819475
0.814239
0.809694
0.802121
0.795037
0.788637
0.781592
0.775194
0.768835
0.763748
0.758201
0.752819
0.746906
0.74277
0.742411
0.743012
0.744976
0.749346
0.757188
0.766691
0.77662
0.787065
0.7973
0.805863
0.812079
0.816037
0.818161
0.818958
0.8189
0.817924
0.814351
0.801335
0.787451
0.77974
0.776105
0.773371
0.771607
0.771501
0.77121
0.7719
0.774023
0.780434
0.79149
0.806451
0.837188
0.90096
0.950547
0.977224
0.989578
0.995351
0.998001
0.999163
0.999654
0.999857
0.999937
0.999962
0.999964
0.999958
0.999924
0.999819
0.999527
0.998419
0.997664
0.996539
0.994977
0.994627
0.994752
0.995209
0.996377
0.99778
0.998841
0.999476
0.999779
0.999888
0.999911
0.999908
0.999902
0.999903
0.999924
0.999957
0.999974
0.999982
0.999987
0.99999
0.999993
0.999995
0.999996
0.999997
0.999998
0.999998
0.999999
0.999999
0.999999
0.999999
1
1
1
1
1
1
1
1
1
1
1
1
1
1
1
1
1
1
1
1
1
1
1
1
1
1
1
1
1
1
0.999998
0.999991
0.999958
0.999803
0.99912
0.999998
0.999992
0.999942
0.999499
0.997122
0.989736
0.971488
0.92569
0.868068
0.808295
0.780623
0.772179
0.77312
0.775103
0.777823
0.778572
0.780582
0.785824
0.797758
0.825485
0.868584
0.924462
0.959255
0.979033
0.989607
0.995025
0.997697
0.998965
0.999547
0.999805
0.999916
0.999964
0.999984
0.999992
0.999996
0.999998
0.999998
0.999999
0.999999
0.999999
0.999998
0.99999
0.999927
0.999556
0.997887
0.991994
0.974331
0.927239
0.873006
0.847182
0.832867
0.825518
0.820499
0.818216
0.813718
0.80807
0.802857
0.796171
0.789053
0.782492
0.777805
0.77412
0.769937
0.767403
0.767225
0.767601
0.768827
0.771541
0.776388
0.782482
0.788843
0.795593
0.802761
0.809555
0.81492
0.81829
0.820121
0.820773
0.820673
0.819861
0.817248
0.808258
0.794492
0.785564
0.779493
0.776338
0.774726
0.775066
0.776813
0.779532
0.782911
0.789373
0.803777
0.819869
0.845878
0.902072
0.950417
0.976098
0.988711
0.994753
0.997588
0.998914
0.999525
0.9998
0.999916
0.999958
0.999967
0.999965
0.999943
0.999856
0.999609
0.998984
0.99693
0.995611
0.994555
0.992278
0.991349
0.991434
0.991963
0.993448
0.99578
0.997713
0.998947
0.999559
0.999791
0.999859
0.999875
0.99988
0.999891
0.999928
0.99996
0.999977
0.999986
0.99999
0.999992
0.999994
0.999995
0.999996
0.999997
0.999998
0.999998
0.999999
0.999999
0.999999
1
1
1
1
1
1
1
1
1
1
1
1
1
1
1
1
1
1
1
1
1
1
1
1
1
1
1
1
1
1
1
0.999999
0.999993
0.999965
0.999832
0.999241
1
1
0.999998
0.999975
0.999817
0.999156
0.997104
0.991523
0.97841
0.962451
0.931917
0.900492
0.878514
0.860879
0.860338
0.864033
0.87364
0.893606
0.924464
0.95126
0.970927
0.983729
0.991362
0.995609
0.997847
0.998976
0.999525
0.999784
0.999904
0.999957
0.999981
0.999991
0.999996
0.999998
0.999999
0.999999
1
1
1
1
1
0.999999
0.99999
0.999928
0.999598
0.998232
0.9936
0.979997
0.945994
0.888542
0.855571
0.838659
0.828579
0.823975
0.820247
0.817313
0.814463
0.811184
0.806281
0.800255
0.796462
0.792707
0.788421
0.787003
0.787054
0.787578
0.788842
0.791592
0.795582
0.799426
0.80345
0.808623
0.814119
0.8184
0.820922
0.822181
0.822462
0.822262
0.821511
0.819343
0.811756
0.800049
0.79166
0.78511
0.78082
0.779373
0.77983
0.78187
0.788079
0.794725
0.803025
0.819341
0.841694
0.866502
0.917985
0.956972
0.977884
0.988871
0.994534
0.997388
0.998791
0.999457
0.999761
0.999895
0.999951
0.999968
0.999969
0.999959
0.999904
0.999695
0.999131
0.997856
0.994766
0.992797
0.992041
0.989922
0.987715
0.987573
0.988
0.989418
0.992725
0.995851
0.997993
0.999143
0.999631
0.999795
0.999836
0.999848
0.999877
0.999926
0.99996
0.999978
0.999987
0.999991
0.999993
0.999995
0.999996
0.999996
0.999997
0.999998
0.999998
0.999999
0.999999
0.999999
1
1
1
1
1
1
1
1
1
1
1
1
1
1
1
1
1
1
1
1
1
1
1
1
1
1
1
1
1
1
1
0.999999
0.999993
0.999967
0.999842
0.99928
1
1
1
0.999999
0.999991
0.999945
0.999773
0.999238
0.997705
0.995344
0.990336
0.98358
0.977664
0.971819
0.971766
0.973245
0.977075
0.982678
0.988192
0.992628
0.995717
0.997651
0.998769
0.999377
0.999694
0.999852
0.99993
0.999967
0.999985
0.999993
0.999997
0.999998
0.999999
1
1
1
1
1
1
1
1
1
0.999999
0.99999
0.999936
0.999672
0.998654
0.995334
0.985908
0.965217
0.91493
0.87151
0.847432
0.835335
0.827779
0.823454
0.820656
0.818769
0.817236
0.814406
0.811921
0.809827
0.806791
0.805283
0.805258
0.805531
0.806324
0.808264
0.81047
0.812816
0.815918
0.819168
0.821709
0.823203
0.823762
0.823776
0.823519
0.822761
0.82071
0.814709
0.805906
0.797803
0.791209
0.786819
0.787127
0.78889
0.792478
0.799722
0.810676
0.822161
0.841464
0.867006
0.895576
0.940847
0.967249
0.982207
0.990492
0.99501
0.997443
0.99873
0.999393
0.99972
0.999874
0.999941
0.999967
0.999972
0.999969
0.999941
0.99981
0.999328
0.998035
0.995528
0.992558
0.990684
0.989788
0.987954
0.984168
0.983362
0.98369
0.984937
0.988465
0.993054
0.996515
0.998518
0.999399
0.99969
0.999759
0.999799
0.999859
0.999919
0.999957
0.999978
0.999988
0.999992
0.999994
0.999995
0.999996
0.999996
0.999997
0.999998
0.999998
0.999999
0.999999
0.999999
1
1
1
1
1
1
1
1
1
1
1
1
1
1
1
1
1
1
1
1
1
1
1
1
1
1
1
1
1
1
1
0.999999
0.999993
0.999966
0.999841
0.999277
1
1
1
1
1
0.999997
0.999987
0.99995
0.999837
0.999607
0.999039
0.998318
0.997396
0.996724
0.996786
0.997126
0.997718
0.998347
0.998907
0.999333
0.999618
0.999791
0.999889
0.999943
0.999971
0.999986
0.999993
0.999997
0.999998
0.999999
1
1
1
1
1
1
1
1
1
1
1
1
1
0.999999
0.999991
0.999949
0.999761
0.999076
0.996928
0.991284
0.977589
0.94902
0.898212
0.864606
0.845628
0.835201
0.828833
0.824575
0.82266
0.820902
0.819877
0.819314
0.818061
0.817474
0.817473
0.81765
0.818178
0.819097
0.820229
0.821607
0.822979
0.824009
0.824524
0.824634
0.824587
0.824295
0.823481
0.821252
0.816811
0.811133
0.805066
0.797799
0.795289
0.796176
0.800911
0.809665
0.821694
0.838878
0.851821
0.873862
0.900455
0.933389
0.961012
0.97761
0.987344
0.992922
0.996067
0.997838
0.998838
0.999397
0.999701
0.999857
0.999931
0.999963
0.999973
0.999973
0.999963
0.999896
0.999598
0.998503
0.995506
0.993075
0.991213
0.989738
0.988563
0.985873
0.97994
0.97826
0.97859
0.979967
0.983536
0.98959
0.994568
0.997545
0.998941
0.999449
0.999595
0.999696
0.999806
0.999893
0.999946
0.999974
0.999987
0.999992
0.999994
0.999995
0.999995
0.999996
0.999997
0.999997
0.999998
0.999998
0.999999
0.999999
0.999999
1
1
1
1
1
1
1
1
1
1
1
1
1
1
1
1
1
1
1
1
1
1
1
1
1
1
1
1
1
1
0.999998
0.999993
0.999964
0.999835
0.999263
1
1
1
1
1
1
0.999999
0.999998
0.999992
0.999977
0.999935
0.99989
0.999802
0.999777
0.999793
0.999828
0.999868
0.999908
0.999941
0.999965
0.99998
0.999989
0.999994
0.999997
0.999998
0.999999
1
1
1
1
1
1
1
1
1
1
1
1
1
1
1
1
1
1
0.999999
0.999993
0.999965
0.999846
0.999435
0.998213
0.99502
0.987099
0.972338
0.941548
0.896215
0.866281
0.8486
0.837769
0.831665
0.827828
0.825395
0.824078
0.823041
0.822716
0.822739
0.822865
0.823173
0.82357
0.824121
0.824662
0.824971
0.825051
0.825052
0.82501
0.824794
0.823739
0.822169
0.818387
0.815566
0.811306
0.807664
0.808489
0.811374
0.817281
0.832267
0.852706
0.878263
0.900043
0.924609
0.947519
0.965579
0.978256
0.986702
0.992081
0.995365
0.997302
0.998427
0.999089
0.999484
0.999718
0.999853
0.999924
0.999959
0.999973
0.999975
0.999973
0.999945
0.999791
0.99913
0.99665
0.993174
0.991737
0.990597
0.988879
0.986958
0.982453
0.973715
0.971088
0.971522
0.9735
0.978491
0.985209
0.991626
0.996154
0.998437
0.999261
0.999486
0.999616
0.999753
0.999863
0.999932
0.999968
0.999984
0.999991
0.999994
0.999994
0.999995
0.999995
0.999995
0.999996
0.999997
0.999998
0.999998
0.999999
0.999999
1
1
1
1
1
1
1
1
1
1
1
1
1
1
1
1
1
1
1
1
1
1
1
1
1
1
1
1
1
1
0.999998
0.999992
0.999963
0.999833
0.999276
1
1
1
1
1
1
1
1
1
0.999999
0.999997
0.999995
0.999991
0.999991
0.999992
0.999994
0.999996
0.999997
0.999998
0.999999
0.999999
1
1
1
1
1
1
1
1
1
1
1
1
1
1
1
1
1
1
1
1
1
1
1
1
0.999999
0.999996
0.999979
0.999913
0.999697
0.999078
0.997466
0.993874
0.984502
0.971335
0.945921
0.908368
0.876369
0.856785
0.845063
0.837758
0.833191
0.830164
0.828236
0.827112
0.826538
0.826187
0.825924
0.825821
0.825823
0.825835
0.825788
0.825835
0.825886
0.82578
0.824398
0.823045
0.819794
0.819636
0.821751
0.828576
0.838411
0.851505
0.868544
0.895238
0.928433
0.952539
0.967562
0.977732
0.984733
0.98969
0.993205
0.995661
0.99731
0.99836
0.999
0.999385
0.999623
0.999773
0.999868
0.999925
0.999956
0.999971
0.999976
0.999976
0.999968
0.999902
0.999553
0.998134
0.994296
0.991866
0.990896
0.989938
0.987367
0.983606
0.97631
0.965593
0.961816
0.96223
0.964727
0.971513
0.980888
0.989304
0.9949
0.997788
0.998917
0.999303
0.999496
0.999669
0.999809
0.999901
0.999952
0.999978
0.999989
0.999992
0.999994
0.999994
0.999994
0.999994
0.999995
0.999996
0.999997
0.999998
0.999998
0.999999
0.999999
0.999999
0.999999
0.999999
0.999999
0.999999
0.999999
0.999999
0.999999
1
1
1
1
1
1
1
1
1
1
1
1
1
1
1
1
1
1
1
1
1
0.999998
0.999992
0.999965
0.999846
0.999368
1
1
1
1
1
1
1
1
1
1
1
1
1
1
1
1
1
1
1
1
1
1
1
1
1
1
1
1
1
1
1
1
1
1
1
1
1
1
1
1
1
1
1
1
1
1
1
0.999998
0.999989
0.999957
0.999858
0.999582
0.998894
0.997146
0.993909
0.987111
0.974016
0.956479
0.931705
0.90247
0.877806
0.861805
0.851146
0.843943
0.839391
0.836348
0.833949
0.83234
0.830921
0.830228
0.830338
0.83083
0.832432
0.834687
0.836209
0.837046
0.838215
0.840846
0.846615
0.861658
0.88269
0.907832
0.92903
0.952039
0.968473
0.979538
0.986575
0.991024
0.993857
0.995727
0.997023
0.997958
0.998639
0.999119
0.999438
0.999638
0.999764
0.999845
0.999898
0.999934
0.999957
0.99997
0.999976
0.999977
0.999975
0.999953
0.999802
0.99902
0.995897
0.992464
0.991046
0.990151
0.988735
0.985309
0.976976
0.968557
0.95816
0.952973
0.952996
0.955236
0.963734
0.975292
0.985434
0.992945
0.997052
0.998623
0.999034
0.999186
0.999434
0.99968
0.999845
0.999931
0.99997
0.999985
0.999991
0.999992
0.999992
0.999992
0.999992
0.999992
0.999994
0.999995
0.999996
0.999997
0.999998
0.999999
0.999999
0.999999
0.999999
0.999999
0.999999
0.999999
0.999999
0.999999
0.999999
1
1
1
1
1
1
1
1
1
1
1
1
1
1
1
1
1
1
1
1
0.999999
0.999994
0.999972
0.999882
0.999551
1
1
1
1
1
1
1
1
1
1
1
1
1
1
1
1
1
1
1
1
1
1
1
1
1
1
1
1
1
1
1
1
1
1
1
1
1
1
1
1
1
1
1
1
1
1
1
1
0.999999
0.999995
0.999982
0.999943
0.999837
0.999569
0.998982
0.997682
0.995275
0.990049
0.981926
0.971856
0.956674
0.939131
0.920679
0.904307
0.890733
0.878832
0.869464
0.864454
0.860157
0.858357
0.858811
0.860425
0.864943
0.871825
0.879052
0.887788
0.896159
0.904909
0.922628
0.94591
0.962834
0.974593
0.98268
0.988334
0.992266
0.994912
0.996627
0.997716
0.998412
0.99887
0.999184
0.999415
0.999592
0.999723
0.999813
0.999871
0.999909
0.999934
0.99995
0.999961
0.999969
0.999974
0.999977
0.999977
0.999971
0.999919
0.999574
0.997882
0.993432
0.991168
0.990479
0.989629
0.987532
0.981903
0.968823
0.959165
0.951066
0.94621
0.945977
0.947456
0.954194
0.969114
0.982126
0.991302
0.996171
0.99801
0.998482
0.998821
0.999234
0.999572
0.999784
0.999899
0.999955
0.999979
0.999987
0.999989
0.99999
0.999989
0.999989
0.999989
0.999991
0.999993
0.999995
0.999996
0.999997
0.999998
0.999998
0.999998
0.999998
0.999998
0.999998
0.999998
0.999998
0.999998
0.999999
0.999999
0.999999
0.999999
0.999999
0.999999
1
1
1
1
1
1
1
1
1
1
1
1
1
1
1
0.999999
0.999996
0.999984
0.999932
0.999768
1
1
1
1
1
1
1
1
1
1
1
1
1
1
1
1
1
1
1
1
1
1
1
1
1
1
1
1
1
1
1
1
1
1
1
1
1
1
1
1
1
1
1
1
1
1
1
1
1
1
0.999998
0.999994
0.999981
0.999946
0.999863
0.999677
0.999297
0.998522
0.996711
0.993785
0.991057
0.984979
0.97559
0.971098
0.967858
0.95871
0.950314
0.948416
0.946105
0.944373
0.944919
0.947244
0.952026
0.957383
0.963298
0.968699
0.973493
0.978472
0.983637
0.988282
0.991934
0.99453
0.996296
0.997502
0.998328
0.998882
0.999241
0.999471
0.999621
0.99972
0.999789
0.999841
0.999883
0.999916
0.999939
0.999953
0.999962
0.999966
0.999969
0.999971
0.999973
0.999975
0.999976
0.999975
0.99996
0.999842
0.99906
0.995426
0.991586
0.990486
0.99003
0.988914
0.985147
0.974752
0.960411
0.947892
0.940976
0.939331
0.93981
0.941512
0.94687
0.962595
0.979067
0.990026
0.995604
0.99764
0.998176
0.998526
0.998983
0.9994
0.999689
0.999856
0.999938
0.999972
0.999983
0.999986
0.999986
0.999985
0.999985
0.999985
0.999987
0.99999
0.999992
0.999994
0.999995
0.999996
0.999996
0.999996
0.999997
0.999997
0.999997
0.999997
0.999997
0.999997
0.999998
0.999998
0.999999
0.999999
0.999999
0.999999
0.999999
0.999999
1
1
1
1
1
1
1
1
1
1
1
1
1
1
0.999998
0.999993
0.999973
0.999916
1
1
1
1
1
1
1
1
1
1
1
1
1
1
1
1
1
1
1
1
1
1
1
1
1
1
1
1
1
1
1
1
1
1
1
1
1
1
1
1
1
1
1
1
1
1
1
1
1
1
1
0.999999
0.999998
0.999994
0.999984
0.999962
0.999912
0.99981
0.999551
0.999059
0.998531
0.997035
0.995152
0.994406
0.993183
0.990357
0.989198
0.988832
0.988039
0.987863
0.988079
0.988956
0.990194
0.991142
0.99221
0.993548
0.994817
0.995882
0.99683
0.997683
0.998379
0.998885
0.999232
0.999473
0.99964
0.999753
0.999827
0.999875
0.999907
0.999929
0.999944
0.999955
0.999965
0.999972
0.999976
0.999978
0.999977
0.999976
0.999974
0.999973
0.999974
0.999974
0.999973
0.999969
0.999936
0.999676
0.998002
0.992628
0.990384
0.990138
0.989764
0.987884
0.980453
0.963563
0.949887
0.937436
0.932018
0.932076
0.933417
0.936302
0.942053
0.958011
0.976195
0.988567
0.994899
0.997218
0.997763
0.997967
0.998401
0.999052
0.999522
0.999784
0.999909
0.99996
0.999977
0.999981
0.999981
0.999979
0.999978
0.999979
0.999981
0.999985
0.999988
0.99999
0.999991
0.999992
0.999993
0.999994
0.999994
0.999994
0.999994
0.999994
0.999994
0.999995
0.999996
0.999996
0.999997
0.999997
0.999998
0.999998
0.999999
0.999999
0.999999
0.999999
0.999999
0.999999
0.999999
1
1
1
1
1
1
1
1
1
0.999999
0.999998
0.99999
0.999967
1
1
1
1
1
1
1
1
1
1
1
1
1
1
1
1
1
1
1
1
1
1
1
1
1
1
1
1
1
1
1
1
1
1
1
1
1
1
1
1
1
1
1
1
1
1
1
1
1
1
1
1
1
0.999999
0.999999
0.999996
0.999991
0.99998
0.999956
0.999894
0.999789
0.999664
0.999389
0.999082
0.998942
0.998847
0.998575
0.998178
0.998038
0.998054
0.998203
0.998353
0.998445
0.998508
0.998576
0.998766
0.999032
0.999227
0.999389
0.999542
0.999673
0.99977
0.999837
0.999885
0.999919
0.999943
0.999959
0.999969
0.999977
0.999981
0.999984
0.999986
0.999987
0.999986
0.999985
0.999984
0.999981
0.999977
0.999974
0.999972
0.999971
0.999969
0.999966
0.999956
0.999885
0.999328
0.995777
0.990405
0.989627
0.989971
0.989503
0.985691
0.972199
0.953951
0.939567
0.929837
0.92626
0.926484
0.928084
0.931664
0.937985
0.954566
0.975086
0.98847
0.994801
0.996808
0.997075
0.997111
0.997512
0.998609
0.999333
0.999707
0.999878
0.999946
0.999968
0.999973
0.999972
0.99997
0.999969
0.999969
0.999973
0.999979
0.999982
0.999984
0.999985
0.999986
0.999988
0.999989
0.99999
0.999991
0.999991
0.999991
0.999991
0.999991
0.999991
0.999992
0.999993
0.999994
0.999995
0.999996
0.999997
0.999998
0.999999
0.999999
0.999999
0.999999
0.999999
0.999999
0.999999
0.999999
1
1
1
1
1
1
1
0.999999
0.999995
0.999983
1
1
1
1
1
1
1
1
1
1
1
1
1
1
1
1
1
1
1
1
1
1
1
1
1
1
1
1
1
1
1
1
1
1
1
1
1
1
1
1
1
1
1
1
1
1
1
1
1
1
1
1
1
1
1
1
0.999999
0.999999
0.999997
0.999992
0.99998
0.999971
0.999952
0.999915
0.999903
0.999896
0.999878
0.999834
0.999815
0.999816
0.999828
0.999836
0.999838
0.999835
0.999836
0.999848
0.999877
0.999898
0.999915
0.999935
0.999952
0.999965
0.999974
0.999981
0.999986
0.99999
0.999992
0.999994
0.999995
0.999995
0.999994
0.999993
0.999991
0.999989
0.999986
0.999983
0.999979
0.999975
0.99997
0.999965
0.999961
0.999958
0.999952
0.99993
0.999776
0.998554
0.992499
0.988535
0.988873
0.990082
0.988917
0.981225
0.961949
0.944286
0.930589
0.9232
0.92191
0.922483
0.924337
0.92799
0.935196
0.954693
0.975683
0.9889
0.994587
0.995852
0.995822
0.99569
0.99624
0.997938
0.999038
0.999592
0.999837
0.999931
0.999959
0.999963
0.999962
0.999957
0.999955
0.999956
0.999961
0.999968
0.999971
0.999972
0.999974
0.999976
0.999979
0.999982
0.999984
0.999985
0.999985
0.999985
0.999984
0.999984
0.999984
0.999984
0.999985
0.999988
0.999991
0.999993
0.999995
0.999996
0.999997
0.999998
0.999998
0.999998
0.999998
0.999998
0.999998
0.999999
0.999999
0.999999
1
1
1
1
1
0.999999
0.999997
0.999987
1
1
1
1
1
1
1
1
1
1
1
1
1
1
1
1
1
1
1
1
1
1
1
1
1
1
1
1
1
1
1
1
1
1
1
1
1
1
1
1
1
1
1
1
1
1
1
1
1
1
1
1
1
1
1
1
1
1
1
1
0.999999
0.999999
0.999997
0.999996
0.999996
0.999995
0.999993
0.999991
0.99999
0.99999
0.99999
0.99999
0.99999
0.999988
0.999988
0.999989
0.99999
0.999991
0.999992
0.999994
0.999995
0.999996
0.999997
0.999998
0.999998
0.999999
0.999999
0.999999
0.999998
0.999997
0.999995
0.999992
0.999988
0.999981
0.999973
0.999967
0.999962
0.999956
0.999948
0.999941
0.999937
0.999932
0.999922
0.99988
0.999528
0.996768
0.988457
0.986372
0.988454
0.990133
0.987286
0.97275
0.953872
0.936724
0.924587
0.919226
0.918682
0.919485
0.92164
0.925873
0.935263
0.956864
0.977786
0.990101
0.99407
0.994271
0.993093
0.992745
0.994315
0.997291
0.998834
0.99953
0.999812
0.999912
0.99994
0.999943
0.999939
0.999933
0.999931
0.999933
0.999943
0.999952
0.999955
0.999956
0.999956
0.999957
0.99996
0.999968
0.999972
0.999974
0.999974
0.999974
0.999972
0.99997
0.99997
0.99997
0.999971
0.999976
0.999982
0.999986
0.99999
0.999993
0.999995
0.999996
0.999996
0.999996
0.999996
0.999997
0.999997
0.999997
0.999998
0.999999
0.999999
0.999999
0.999999
0.999999
0.999999
0.999999
0.999997
0.999988
1
1
1
1
1
1
1
1
1
1
1
1
1
1
1
1
1
1
1
1
1
1
1
1
1
1
1
1
1
1
1
1
1
1
1
1
1
1
1
1
1
1
1
1
1
1
1
1
1
1
1
1
1
1
1
1
1
1
1
1
1
1
1
1
1
1
1
1
1
1
1
1
1
1
1
1
1
1
1
1
1
1
1
1
1
1
0.999999
0.999999
0.999996
0.999991
0.99998
0.999966
0.999948
0.999927
0.99991
0.999902
0.999897
0.999893
0.99989
0.999888
0.999886
0.999882
0.999869
0.999782
0.998932
0.992688
0.984152
0.983815
0.98875
0.990382
0.984341
0.965118
0.948916
0.93227
0.921416
0.917463
0.917195
0.91805
0.920996
0.926316
0.93804
0.962254
0.982752
0.991026
0.992458
0.99042
0.988741
0.989582
0.993983
0.997276
0.998849
0.999542
0.999813
0.999902
0.999922
0.999922
0.999911
0.999901
0.999899
0.999901
0.999913
0.999923
0.999925
0.999925
0.999925
0.999925
0.999929
0.999943
0.999953
0.999957
0.999957
0.999955
0.99995
0.999945
0.999943
0.999943
0.999946
0.999954
0.999964
0.999972
0.999979
0.999985
0.999989
0.999991
0.999992
0.999993
0.999993
0.999994
0.999994
0.999995
0.999996
0.999997
0.999998
0.999998
0.999999
0.999999
0.999999
0.999998
0.999997
0.999988
1
1
1
1
1
1
1
1
1
1
1
1
1
1
1
1
1
1
1
1
1
1
1
1
1
1
1
1
1
1
1
1
1
1
1
1
1
1
1
1
1
1
1
1
1
1
1
1
1
1
1
1
1
1
1
1
1
1
1
1
1
1
1
1
1
1
1
1
1
1
1
1
1
1
1
1
1
1
1
1
1
1
1
1
1
0.999999
0.999996
0.999989
0.999964
0.999933
0.999885
0.999816
0.999753
0.999711
0.999708
0.999712
0.999722
0.999739
0.999762
0.999787
0.999799
0.999798
0.999782
0.999577
0.997426
0.985926
0.97888
0.980606
0.989813
0.990706
0.979709
0.960919
0.94673
0.930413
0.920182
0.916896
0.916994
0.918617
0.922139
0.92913
0.947286
0.974335
0.987092
0.990406
0.98819
0.984718
0.984594
0.988658
0.994332
0.997465
0.998958
0.999589
0.999817
0.999877
0.999883
0.99987
0.999846
0.999837
0.999838
0.999851
0.99987
0.999875
0.999875
0.999871
0.99987
0.999871
0.999879
0.999903
0.999921
0.999927
0.999927
0.999924
0.999911
0.999901
0.999898
0.999898
0.999901
0.999914
0.999929
0.999943
0.999956
0.999967
0.999976
0.999981
0.999984
0.999986
0.999987
0.999988
0.999989
0.99999
0.999991
0.999992
0.999994
0.999995
0.999996
0.999997
0.999997
0.999997
0.999995
0.999986
1
1
1
1
1
1
1
1
1
1
1
1
1
1
1
1
1
1
1
1
1
1
1
1
1
1
1
1
1
1
1
1
1
1
1
1
1
1
1
1
1
1
1
1
1
1
1
1
1
1
1
1
1
1
1
1
1
1
1
1
1
1
1
1
1
1
1
1
1
1
1
1
1
1
1
1
1
1
1
1
1
1
1
0.999999
0.999997
0.999989
0.999967
0.999905
0.999741
0.999568
0.999322
0.999039
0.998952
0.998972
0.999028
0.999142
0.999277
0.999393
0.9995
0.999603
0.999663
0.999671
0.999638
0.999089
0.993425
0.975501
0.971205
0.977324
0.990324
0.99086
0.976099
0.959368
0.946455
0.930422
0.921111
0.918487
0.919035
0.921712
0.927594
0.942815
0.969772
0.983252
0.987523
0.985654
0.980554
0.97965
0.982721
0.990007
0.995327
0.998049
0.999237
0.999681
0.999815
0.999837
0.999826
0.999784
0.999757
0.99975
0.999752
0.999771
0.999785
0.999786
0.999781
0.99977
0.999767
0.99977
0.999789
0.999839
0.999869
0.999878
0.999878
0.999868
0.999841
0.999824
0.999819
0.999819
0.999822
0.999835
0.999854
0.999878
0.999904
0.999929
0.999948
0.999961
0.999969
0.999973
0.999975
0.999977
0.999979
0.99998
0.999981
0.999982
0.999985
0.999988
0.999991
0.999994
0.999994
0.999994
0.999993
0.999985
1
1
1
1
1
1
1
1
1
1
1
1
1
1
1
1
1
1
1
1
1
1
1
1
1
1
1
1
1
1
1
1
1
1
1
1
1
1
1
1
1
1
1
1
1
1
1
1
1
1
1
1
1
1
1
1
1
1
1
1
1
1
1
1
1
1
1
1
1
1
1
1
1
1
1
1
1
1
1
1
1
0.999999
0.999997
0.99999
0.999964
0.999881
0.999688
0.999123
0.998356
0.997513
0.996103
0.9957
0.99583
0.996158
0.996749
0.99743
0.99807
0.998565
0.998954
0.999268
0.999441
0.999471
0.999379
0.997797
0.983143
0.959307
0.957426
0.972672
0.990025
0.991541
0.974812
0.960359
0.955575
0.943831
0.932548
0.928454
0.930068
0.937563
0.952563
0.970658
0.980309
0.983915
0.982156
0.976537
0.97568
0.978368
0.986114
0.993612
0.997335
0.998943
0.999549
0.999737
0.999774
0.99976
0.999692
0.99963
0.999603
0.999599
0.999607
0.999633
0.99964
0.999636
0.999609
0.999579
0.999574
0.999582
0.999627
0.999722
0.999772
0.999785
0.999782
0.999757
0.999707
0.99968
0.999672
0.999671
0.999672
0.999676
0.999691
0.999732
0.99979
0.999845
0.99989
0.99992
0.999936
0.999944
0.999949
0.999953
0.999957
0.999959
0.99996
0.999962
0.999965
0.999972
0.99998
0.999986
0.99999
0.99999
0.99999
0.999982
1
1
1
1
1
1
1
1
1
1
1
1
1
1
1
1
1
1
1
1
1
1
1
1
1
1
1
1
1
1
1
1
1
1
1
1
1
1
1
1
1
1
1
1
1
1
1
1
1
1
1
1
1
1
1
1
1
1
1
1
1
1
1
1
1
1
1
1
1
1
1
1
1
1
1
1
1
1
1
0.999999
0.999997
0.99999
0.999968
0.9999
0.999674
0.998973
0.997775
0.994852
0.992507
0.988839
0.9853
0.985205
0.985927
0.987986
0.991002
0.993768
0.995698
0.9969
0.997841
0.998606
0.999018
0.99909
0.998837
0.994837
0.965441
0.933216
0.932902
0.959952
0.986717
0.993436
0.980339
0.963124
0.96031
0.958571
0.955457
0.952889
0.95636
0.964561
0.972346
0.977915
0.980212
0.978983
0.973392
0.973065
0.975633
0.983415
0.992692
0.996992
0.998789
0.999453
0.999656
0.999696
0.999665
0.999527
0.999375
0.999289
0.999259
0.99926
0.999294
0.999334
0.999338
0.999326
0.99926
0.999197
0.999186
0.999203
0.999308
0.999476
0.999553
0.999567
0.999557
0.999493
0.999414
0.999379
0.999368
0.999366
0.999366
0.999369
0.999382
0.999434
0.99956
0.999682
0.999775
0.999835
0.999866
0.999879
0.999887
0.999896
0.999903
0.999908
0.999911
0.999915
0.999924
0.99994
0.999958
0.999973
0.999982
0.999985
0.999985
0.99997
1
1
1
1
1
1
1
1
1
1
1
1
1
1
1
1
1
1
1
1
1
1
1
1
1
1
1
1
1
1
1
1
1
1
1
1
1
1
1
1
1
1
1
1
1
1
1
1
1
1
1
1
1
1
1
1
1
1
1
1
1
1
1
1
1
1
1
1
1
1
1
1
1
1
1
1
1
0.999999
0.999998
0.999993
0.999973
0.999915
0.999761
0.999335
0.997973
0.994417
0.990354
0.984387
0.97845
0.972197
0.968803
0.968793
0.969897
0.973063
0.980272
0.987384
0.992457
0.995484
0.99724
0.998271
0.99868
0.998704
0.998152
0.99064
0.943901
0.89949
0.898486
0.9362
0.979637
0.993384
0.987999
0.967853
0.962525
0.962335
0.963866
0.965669
0.968619
0.972255
0.975114
0.976794
0.97546
0.971544
0.971536
0.974105
0.982336
0.992337
0.996888
0.998723
0.999378
0.999571
0.999609
0.999567
0.999374
0.999121
0.998946
0.998852
0.998823
0.998827
0.998862
0.998882
0.99888
0.998847
0.998708
0.998578
0.998545
0.998562
0.998693
0.998919
0.999006
0.999012
0.998975
0.998852
0.998778
0.998758
0.998759
0.998768
0.998786
0.998809
0.998859
0.998997
0.999219
0.999422
0.999578
0.999674
0.99972
0.99974
0.999755
0.999773
0.999791
0.999804
0.999815
0.999831
0.999856
0.99989
0.999924
0.999952
0.99997
0.999978
0.999978
0.999904
1
1
1
1
1
1
1
1
1
1
1
1
1
1
1
1
1
1
1
1
1
1
1
1
1
1
1
1
1
1
1
1
1
1
1
1
1
1
1
1
1
1
1
1
1
1
1
1
1
1
1
1
1
1
1
1
1
1
1
1
1
1
1
1
1
1
1
1
1
1
1
1
1
1
1
0.999999
0.999997
0.999993
0.999979
0.999936
0.999784
0.999402
0.998652
0.996746
0.990462
0.986418
0.983088
0.975928
0.969578
0.965272
0.963295
0.963284
0.964114
0.96641
0.972181
0.980897
0.988294
0.99326
0.996055
0.997476
0.998089
0.998138
0.997259
0.98777
0.937109
0.865811
0.857615
0.898922
0.967548
0.992567
0.993747
0.978235
0.965687
0.963647
0.964954
0.967327
0.969771
0.971611
0.972487
0.971672
0.970409
0.970886
0.974065
0.983412
0.992912
0.997122
0.998763
0.999316
0.999471
0.999493
0.999413
0.999139
0.99881
0.998542
0.998351
0.998242
0.998193
0.998177
0.998172
0.998161
0.998127
0.998005
0.997714
0.997511
0.997441
0.997448
0.997544
0.9977
0.997733
0.997714
0.997595
0.997478
0.997446
0.99745
0.997485
0.997615
0.997748
0.997879
0.998076
0.998357
0.998683
0.998987
0.999212
0.999347
0.999416
0.999455
0.999492
0.999535
0.999575
0.999608
0.999644
0.999693
0.999754
0.999821
0.999881
0.999928
0.999955
0.999964
0.999959
0.999544
1
1
1
1
1
1
1
1
1
1
1
1
1
1
1
1
1
1
1
1
1
1
1
1
1
1
1
1
1
1
1
1
1
1
1
1
1
1
1
1
1
1
1
1
1
1
1
1
1
1
1
1
1
1
1
1
1
1
1
1
1
1
1
1
1
1
1
1
1
1
1
1
0.999999
0.999999
0.999996
0.99999
0.999974
0.999936
0.999837
0.999543
0.998579
0.996623
0.994495
0.987265
0.984786
0.98436
0.981197
0.973406
0.967336
0.96367
0.962119
0.962093
0.963232
0.966493
0.973089
0.981571
0.988658
0.993169
0.995642
0.997016
0.99762
0.997638
0.996608
0.987821
0.946861
0.854478
0.812768
0.848311
0.948649
0.990613
0.995376
0.991145
0.973965
0.966392
0.965107
0.966673
0.968208
0.968968
0.969769
0.970239
0.971434
0.976106
0.986426
0.994215
0.997578
0.99884
0.999235
0.99934
0.999333
0.99919
0.998868
0.998475
0.998059
0.997674
0.997376
0.997185
0.997082
0.997026
0.996959
0.996807
0.996482
0.996087
0.995763
0.995591
0.995548
0.995561
0.995609
0.995617
0.99558
0.995381
0.995142
0.995044
0.995034
0.995065
0.995239
0.995712
0.996127
0.996496
0.99691
0.997386
0.997862
0.998264
0.998556
0.998753
0.998885
0.998976
0.99904
0.999101
0.999179
0.999284
0.999405
0.999534
0.999656
0.999762
0.999847
0.999904
0.999914
0.999905
0.99981
0.997399
1
1
1
1
1
1
1
1
1
1
1
1
1
1
1
1
1
1
1
1
1
1
1
1
1
1
1
1
1
1
1
1
1
1
1
1
1
1
1
1
1
1
1
1
1
1
1
1
1
1
1
1
1
1
1
1
1
1
1
1
1
1
1
1
1
1
1
1
1
0.999999
0.999999
0.999997
0.999992
0.999982
0.999959
0.999905
0.999789
0.999543
0.99898
0.997376
0.992621
0.988352
0.98256
0.981242
0.984027
0.985607
0.981051
0.973244
0.96744
0.964349
0.963119
0.963227
0.964815
0.968897
0.976125
0.983765
0.989796
0.993504
0.995398
0.996697
0.9973
0.997302
0.996291
0.989764
0.966352
0.874225
0.769113
0.795168
0.924974
0.986855
0.995666
0.9953
0.990205
0.976013
0.969955
0.968484
0.968893
0.970139
0.971836
0.97476
0.981831
0.990742
0.995786
0.998073
0.998881
0.999112
0.999161
0.999083
0.998829
0.998444
0.997943
0.997331
0.996651
0.995986
0.99542
0.994986
0.994642
0.99428
0.993797
0.993185
0.99258
0.992154
0.991967
0.991948
0.99204
0.992223
0.992258
0.992227
0.992006
0.991641
0.991459
0.991426
0.991455
0.99164
0.99233
0.993255
0.994069
0.994818
0.99555
0.996283
0.996949
0.997452
0.997764
0.997947
0.998081
0.998222
0.998406
0.998643
0.998896
0.99913
0.999313
0.999473
0.999615
0.999723
0.999741
0.999726
0.999596
0.999248
0.997901
0.983499
1
1
1
1
1
1
1
1
1
1
1
1
1
1
1
1
1
1
1
1
1
1
1
1
1
1
1
1
1
1
1
1
1
1
1
1
1
1
1
1
1
1
1
1
1
1
1
1
1
1
1
1
1
1
1
1
1
1
1
1
1
1
1
1
0.999999
0.999999
0.999998
0.999998
0.999996
0.999993
0.999986
0.999955
0.99991
0.999827
0.999639
0.99922
0.99858
0.997515
0.995095
0.987141
0.978892
0.976489
0.976654
0.98051
0.985236
0.987411
0.985821
0.979938
0.973852
0.969322
0.967571
0.967218
0.969585
0.974981
0.981883
0.98771
0.991825
0.993965
0.995504
0.996625
0.996979
0.996932
0.99612
0.992524
0.981563
0.917803
0.729261
0.742652
0.902389
0.979386
0.994428
0.996105
0.995788
0.992739
0.985333
0.980417
0.978747
0.980268
0.984064
0.989711
0.994468
0.997183
0.998417
0.998829
0.998924
0.998871
0.998607
0.998205
0.997686
0.997
0.996029
0.994674
0.992952
0.991005
0.98902
0.987109
0.985328
0.983795
0.982749
0.982286
0.982266
0.982753
0.984368
0.985516
0.985977
0.986055
0.986012
0.985878
0.985835
0.985863
0.986083
0.986821
0.987982
0.989261
0.990531
0.991738
0.992893
0.993954
0.994845
0.995533
0.996043
0.996439
0.996771
0.997112
0.997496
0.997852
0.998189
0.998615
0.999036
0.99922
0.999208
0.999051
0.998767
0.998624
0.998122
0.997246
0.994144
0.989519
0.975793
0.896175
1
1
1
1
1
1
1
1
1
1
1
1
1
1
1
1
1
1
1
1
1
1
1
1
1
1
1
1
1
1
1
1
1
1
1
1
1
1
1
1
1
1
1
1
1
1
1
1
1
1
1
1
1
1
1
1
1
1
1
1
1
0.999999
0.999996
0.999991
0.999988
0.999981
0.999977
0.999969
0.999955
0.99993
0.999844
0.999494
0.999166
0.998644
0.997329
0.995381
0.992788
0.990055
0.980575
0.97376
0.973486
0.975326
0.97614
0.977812
0.983933
0.987649
0.988189
0.985392
0.981457
0.978507
0.977288
0.977061
0.979584
0.983818
0.987485
0.990897
0.992926
0.994461
0.995828
0.996511
0.996624
0.996553
0.995976
0.994083
0.98817
0.94283
0.715888
0.692271
0.879119
0.964629
0.988338
0.994811
0.996453
0.9966
0.995703
0.994051
0.993321
0.993864
0.995392
0.997046
0.997996
0.998454
0.998611
0.998557
0.998216
0.997628
0.996843
0.995633
0.993374
0.989389
0.983587
0.977072
0.971548
0.967731
0.965631
0.964888
0.964961
0.966038
0.966923
0.96725
0.967718
0.968979
0.970953
0.972883
0.974527
0.975878
0.977188
0.978855
0.981084
0.983677
0.98621
0.98833
0.989877
0.990931
0.991701
0.992362
0.99297
0.993516
0.994013
0.994554
0.995205
0.995913
0.996579
0.997203
0.997853
0.998456
0.998768
0.9988
0.998561
0.997373
0.992513
0.98739
0.983283
0.980977
0.974025
0.961866
0.924098
0.879036
0.781442
0.487672
1
1
1
1
1
1
1
1
1
1
1
1
1
1
1
1
1
1
1
1
1
1
1
1
1
1
1
1
1
1
1
1
1
1
1
1
1
1
1
1
1
1
1
1
1
1
1
1
1
1
1
1
1
1
1
1
1
1
1
0.999998
0.999989
0.999961
0.999914
0.999835
0.999814
0.999774
0.999743
0.999699
0.99962
0.999411
0.99841
0.995532
0.994071
0.991757
0.983521
0.98064
0.974654
0.966127
0.968679
0.971851
0.972402
0.973743
0.972094
0.968854
0.977646
0.987424
0.988934
0.989245
0.987696
0.986071
0.985484
0.985719
0.98689
0.988904
0.991159
0.992738
0.994195
0.995315
0.995958
0.996123
0.996072
0.995965
0.995608
0.994539
0.990748
0.956933
0.724861
0.635404
0.823599
0.93424
0.97157
0.986111
0.993327
0.996224
0.997071
0.997265
0.997166
0.997329
0.997604
0.997788
0.997877
0.997615
0.996835
0.995308
0.99266
0.98807
0.980946
0.97289
0.965538
0.960301
0.957675
0.957151
0.957566
0.959189
0.960988
0.962743
0.964392
0.965864
0.967256
0.968834
0.970705
0.972742
0.974799
0.976812
0.978712
0.980516
0.982359
0.984269
0.986093
0.987712
0.989117
0.990326
0.991369
0.992308
0.993245
0.994245
0.99526
0.996179
0.996987
0.997748
0.998418
0.99884
0.998971
0.998879
0.997419
0.993489
0.990574
0.982745
0.956821
0.903325
0.849561
0.812479
0.788214
0.767741
0.722469
0.603841
0.367165
0.206129
0.113001
0.0126113
1
1
1
1
1
1
1
1
1
1
1
1
1
1
1
1
1
1
1
1
1
1
1
1
1
1
1
1
1
1
1
1
1
1
1
1
1
1
1
1
1
1
1
1
1
1
1
1
1
1
1
1
1
1
1
1
1
1
0.999999
0.999955
0.999755
0.999249
0.998635
0.998236
0.998159
0.998017
0.997967
0.997865
0.997578
0.995555
0.982699
0.970284
0.969313
0.96265
0.934828
0.942118
0.954098
0.950505
0.950988
0.965408
0.971459
0.970963
0.966114
0.961828
0.966626
0.984324
0.988962
0.990184
0.99063
0.990647
0.990496
0.990896
0.991477
0.992201
0.993627
0.99428
0.994997
0.995419
0.995626
0.995452
0.995359
0.995243
0.994949
0.994162
0.991042
0.964624
0.75854
0.573055
0.70335
0.877104
0.935126
0.95861
0.975575
0.986214
0.990948
0.992947
0.993681
0.99389
0.993275
0.991923
0.9894
0.985327
0.979786
0.97371
0.967924
0.963639
0.961574
0.960732
0.961572
0.964747
0.96817
0.970972
0.973109
0.974796
0.976266
0.977709
0.979241
0.980875
0.982546
0.984181
0.985773
0.987403
0.989163
0.991063
0.99289
0.994068
0.994538
0.994992
0.995427
0.995834
0.996215
0.996573
0.996914
0.997251
0.997641
0.998289
0.999277
0.997478
0.99306
0.989056
0.98713
0.985194
0.977185
0.952213
0.871953
0.663787
0.45302
0.291188
0.178186
0.103818
0.0575721
0.0305363
0.0152756
0.00696938
0.00270911
0.00106922
0.000618654
0.000351241
0.000173106
-0.00100939
1
1
1
1
1
1
1
1
1
1
1
1
1
1
1
1
1
1
1
1
1
1
1
1
1
1
1
1
1
1
1
1
1
1
1
1
1
1
1
1
1
1
1
1
1
1
1
1
1
1
1
1
1
1
1
1
1
1
0.999977
0.99898
0.995556
0.991062
0.988649
0.987861
0.98792
0.988132
0.988796
0.990777
0.98884
0.945612
0.918428
0.926587
0.933742
0.913426
0.913706
0.93076
0.933344
0.926567
0.926844
0.948449
0.967346
0.969391
0.96806
0.960915
0.959003
0.9755
0.986482
0.989172
0.990961
0.992094
0.992753
0.993168
0.99351
0.99379
0.994243
0.994523
0.994725
0.994702
0.994311
0.994065
0.993942
0.993727
0.993064
0.991084
0.985618
0.959942
0.796136
0.542496
0.544349
0.763626
0.855209
0.890079
0.914429
0.942107
0.960006
0.96968
0.97349
0.974088
0.972051
0.969119
0.965006
0.960722
0.95675
0.952585
0.947817
0.941981
0.935117
0.927624
0.919711
0.912252
0.905915
0.900346
0.89436
0.886752
0.876622
0.86328
0.846092
0.825049
0.800208
0.771495
0.738715
0.701739
0.661163
0.616915
0.569352
0.519717
0.46841
0.415407
0.361931
0.309524
0.25809
0.206747
0.156309
0.109675
0.0694218
0.0381304
0.018209
0.00789882
0.00314803
0.00144498
0.000966333
0.000638568
0.000412945
0.000261707
0.000162151
9.76997e-05
5.71369e-05
3.24191e-05
1.78268e-05
9.49179e-06
4.88262e-06
2.42247e-06
1.15091e-06
5.20254e-07
2.22654e-07
9.33927e-08
3.89971e-08
1.65346e-08
6.47182e-09
-5.48247e-10
1
1
1
1
1
1
1
1
1
1
1
1
1
1
1
1
1
1
1
1
1
1
1
1
1
1
1
1
1
1
1
1
1
1
1
1
1
1
1
1
1
1
1
1
1
1
1
1
1
1
1
1
1
1
1
1
1
0.999999
0.999719
0.988556
0.970538
0.970362
0.971039
0.972473
0.973084
0.973285
0.973179
0.970665
0.953522
0.922507
0.915465
0.914604
0.903258
0.887915
0.884166
0.887072
0.887027
0.885417
0.892794
0.922073
0.942864
0.946419
0.942371
0.938663
0.943561
0.969835
0.983202
0.98481
0.98545
0.985885
0.986126
0.98647
0.986618
0.986289
0.985504
0.984067
0.982045
0.979141
0.975176
0.968417
0.952404
0.92443
0.896533
0.876145
0.854371
0.798699
0.631981
0.497231
0.494019
0.652984
0.746974
0.753337
0.753093
0.74889
0.740943
0.733822
0.729463
0.715776
0.686538
0.64908
0.599534
0.547192
0.480909
0.415299
0.349981
0.292071
0.245242
0.208805
0.182885
0.164703
0.151745
0.141021
0.130166
0.117931
0.104099
0.0892609
0.0744366
0.0605753
0.048284
0.0378701
0.0293717
0.0226598
0.0175445
0.013733
0.0106141
0.00801967
0.00589273
0.00418971
0.00286467
0.00186771
0.00115898
0.000694292
0.000393316
0.000190647
7.65289e-05
2.42063e-05
5.52389e-06
1.02753e-06
2.12705e-07
6.17219e-08
2.83593e-08
1.63189e-08
9.86423e-09
5.92558e-09
3.48674e-09
2.00095e-09
1.11829e-09
6.08109e-10
3.21343e-10
1.64756e-10
8.17562e-11
3.91369e-11
1.79871e-11
7.93154e-12
3.38752e-12
1.4341e-12
6.03612e-13
2.53883e-13
1.00326e-13
-5.40008e-12
1.77474e-08
1.5714e-08
1.06535e-08
4.59102e-09
1.74396e-09
6.08032e-10
1.98457e-10
6.11583e-11
1.78856e-11
4.98915e-12
1.33622e-12
3.44533e-13
8.61459e-14
2.0878e-14
4.97052e-15
1.15178e-15
2.65467e-16
5.9194e-17
1.33599e-17
2.82166e-18
5.92376e-19
1.59451e-19
4.21581e-20
1.1001e-20
1.81122e-21
6.09181e-07
5.10478e-07
3.21362e-07
1.59336e-07
7.10659e-08
2.92483e-08
1.12861e-08
4.11708e-09
1.4264e-09
4.71105e-10
1.48789e-10
4.50364e-11
1.30948e-11
3.66292e-12
9.88313e-13
2.57396e-13
6.49009e-14
1.58324e-14
3.75444e-15
8.62482e-16
1.9336e-16
4.18632e-17
8.92171e-18
1.83557e-18
3.33394e-19
1.50806e-05
8.41443e-06
4.31519e-06
2.0576e-06
9.17616e-07
3.85442e-07
1.53496e-07
5.81984e-08
2.10599e-08
7.28856e-09
2.41691e-09
7.69025e-10
2.35135e-10
6.91715e-11
1.96098e-11
5.36266e-12
1.41715e-12
3.62119e-13
8.96914e-14
2.15287e-14
5.02632e-15
1.1387e-15
2.52297e-16
5.46128e-17
1.00689e-17
9.96037e-05
5.33239e-05
2.68068e-05
1.27187e-05
5.7058e-06
2.42697e-06
9.82185e-07
3.79219e-07
1.39936e-07
4.94245e-08
1.67315e-08
5.43526e-09
1.69645e-09
5.09342e-10
1.4731e-10
4.10814e-11
1.10644e-11
2.88041e-12
7.26319e-13
1.77453e-13
4.21399e-14
9.71486e-15
2.18813e-15
4.82268e-16
8.99449e-17
0.000397941
0.00021387
0.000108583
5.22558e-05
2.38647e-05
1.0356e-05
4.27899e-06
1.68694e-06
6.35532e-07
2.29086e-07
7.91091e-08
2.62012e-08
8.33289e-09
2.54783e-09
7.49955e-10
2.12738e-10
5.82464e-11
1.54073e-11
3.94534e-12
9.78516e-13
2.35768e-13
5.5146e-14
1.25943e-14
2.81635e-15
5.31122e-16
0.00124926
0.000680426
0.000351202
0.000172171
8.02337e-05
3.55667e-05
1.50164e-05
6.04781e-06
2.32671e-06
8.56057e-07
3.01564e-07
1.01827e-07
3.29961e-08
1.02732e-08
3.07729e-09
8.87826e-10
2.47086e-10
6.64021e-11
1.72654e-11
4.34632e-12
1.0624e-12
2.5205e-13
5.83546e-14
1.32334e-14
2.52236e-15
0.00328415
0.00181617
0.000954154
0.000476746
0.000226672
0.000102589
4.42298e-05
1.81858e-05
7.13977e-06
2.67946e-06
9.62266e-07
3.31059e-07
1.09243e-07
3.46156e-08
1.05468e-08
3.09333e-09
8.74708e-10
2.38731e-10
6.30082e-11
1.60943e-11
3.98991e-12
9.59867e-13
2.25219e-13
5.17784e-14
9.97533e-15
0.00750542
0.00421233
0.00225099
0.00114545
0.000555124
0.000256227
0.000112678
4.72481e-05
1.89109e-05
7.23227e-06
2.6456e-06
9.26677e-07
3.11169e-07
1.00286e-07
3.10621e-08
9.25725e-09
2.65863e-09
7.36643e-10
1.97289e-10
5.11191e-11
1.28498e-11
3.13379e-12
7.45006e-13
1.73588e-13
3.37909e-14
0.0148869
0.00854476
0.0046704
0.00242931
0.0012025
0.000566524
0.00025414
0.000108641
4.43026e-05
1.72525e-05
6.42294e-06
2.28851e-06
7.81313e-07
2.55899e-07
8.05129e-08
2.43634e-08
7.10148e-09
1.99625e-09
5.42188e-10
1.42423e-10
3.62804e-11
8.96476e-12
2.15829e-12
5.09375e-13
1.00168e-13
0.0263541
0.0154621
0.00864606
0.00460249
0.00233122
0.00112334
0.000515039
0.000224813
9.35094e-05
3.71038e-05
1.40611e-05
5.09548e-06
1.76797e-06
5.88101e-07
1.87814e-07
5.76593e-08
1.70433e-08
4.85652e-09
1.33662e-09
3.55681e-10
9.1754e-11
2.29557e-11
5.59317e-12
1.33626e-12
2.65314e-13
0.0429423
0.0257546
0.014723
0.0080108
0.00414579
0.0020403
0.000954983
0.000425332
0.000180407
7.2948e-05
2.81508e-05
1.03799e-05
3.66163e-06
1.23737e-06
4.01141e-07
1.24927e-07
3.7435e-08
1.08082e-08
3.01242e-09
8.11473e-10
2.11818e-10
5.36103e-11
1.32082e-11
3.19125e-12
6.39334e-13
0.0658638
0.0403796
0.0235905
0.0131116
0.00692707
0.0034777
0.00165937
0.000752882
0.000325097
0.000133739
5.24776e-05
1.96644e-05
7.04594e-06
2.41723e-06
7.95135e-07
2.5113e-07
7.62758e-08
2.23102e-08
6.29624e-09
1.71654e-09
4.53256e-10
1.16006e-10
2.88859e-11
7.05406e-12
1.42516e-12
0.0967086
0.0605928
0.0361579
0.0205133
0.0110535
0.0056552
0.0027476
0.0012684
0.000556849
0.000232743
9.27267e-05
3.52591e-05
1.28133e-05
4.45621e-06
1.48532e-06
4.75157e-07
1.46123e-07
4.32592e-08
1.23521e-08
3.40616e-09
9.09369e-10
2.35259e-10
5.9185e-11
1.46026e-11
2.97441e-12
0.13759
0.0880618
0.0536395
0.0310364
0.017041
0.00887592
0.00438643
0.00205804
0.000917586
0.000389215
0.000157268
6.06141e-05
2.23149e-05
7.85806e-06
2.65087e-06
8.57915e-07
2.66809e-07
7.98523e-08
2.30429e-08
6.41995e-09
1.73119e-09
4.52282e-10
1.14859e-10
2.86101e-11
5.87217e-12
0.190825
0.124693
0.0774735
0.0456827
0.0255375
0.0135298
0.00679522
0.00323748
0.00146464
0.000629945
0.000257929
0.000100676
3.75148e-05
1.33648e-05
4.55909e-06
1.4914e-06
4.68642e-07
1.41667e-07
4.12772e-08
1.16085e-08
3.15884e-09
8.32609e-10
2.13249e-10
5.35746e-11
1.10719e-11
0.258509
0.172398
0.109209
0.0655898
0.0373091
0.0200943
0.0102506
0.00495643
0.00227401
0.000991214
0.000411052
0.000162406
6.12255e-05
2.20564e-05
7.60495e-06
2.51351e-06
7.97679e-07
2.43448e-07
7.159e-08
2.03142e-08
5.57565e-09
1.48204e-09
3.82643e-10
9.69105e-11
2.0157e-11
0.342046
0.232759
0.150269
0.0918717
0.0531408
0.0290753
0.015054
0.00738211
0.00343242
0.00151525
0.000636003
0.000254195
9.68893e-05
3.52737e-05
1.22855e-05
4.09998e-06
1.31332e-06
4.04428e-07
1.1996e-07
3.43251e-08
9.49725e-09
2.54427e-09
6.61804e-10
1.6887e-10
3.53326e-11
0.441631
0.306663
0.201725
0.125495
0.0737749
0.0409808
0.0215221
0.0106964
0.00503705
0.00225061
0.000955564
0.000386115
0.000148715
5.4684e-05
1.92284e-05
6.47595e-06
2.09266e-06
6.49884e-07
1.94336e-07
5.60445e-08
1.56239e-08
4.21633e-09
1.10437e-09
2.83767e-10
5.96988e-11
0.55699
0.394544
0.264451
0.167378
0.0999682
0.0563507
0.0300007
0.0151023
0.0071981
0.0032531
0.00139623
0.000570006
0.000221702
8.22862e-05
2.91929e-05
9.91601e-06
3.23052e-06
1.01113e-06
3.04636e-07
8.84921e-08
2.48411e-08
6.749e-09
1.77903e-09
4.60043e-10
9.72698e-11
0.685409
0.496213
0.338988
0.218277
0.132427
0.0757272
0.0408554
0.0208226
0.0100405
0.00458763
0.00198951
0.000820227
0.000322013
0.000120582
4.31424e-05
1.47729e-05
4.85001e-06
1.52925e-06
4.63997e-07
1.35702e-07
3.83414e-08
1.04825e-08
2.7796e-09
7.23049e-10
1.53591e-10
0.819014
0.608983
0.424215
0.277901
0.171236
0.0993117
0.0542798
0.0280002
0.0136547
0.00630567
0.00276214
0.00114963
0.000455417
0.000172003
6.20423e-05
2.14099e-05
7.08111e-06
2.24856e-06
6.86862e-07
2.02187e-07
5.74802e-08
1.58091e-08
4.21568e-09
1.10278e-09
2.35285e-10
0.911499
0.72872
0.517272
0.344823
0.215775
0.126897
0.0702472
0.036668
0.0180804
0.00843668
0.00373205
0.00156781
0.000626566
0.000238628
8.67604e-05
3.01669e-05
1.00494e-05
3.21313e-06
9.87959e-07
2.92652e-07
8.36984e-08
2.31535e-08
6.20778e-09
1.6327e-09
3.49832e-10
0.954533
0.838548
0.613385
0.41625
0.264467
0.157677
0.0883854
0.0466739
0.0232651
0.0109673
0.00489847
0.00207668
0.000837149
0.00032146
0.000117793
4.12629e-05
1.38435e-05
4.45625e-06
1.37905e-06
4.11031e-07
1.18249e-07
3.28973e-08
8.86744e-09
2.34463e-09
5.04482e-10
0.975017
0.909485
0.709172
0.488493
0.315032
0.190352
0.108012
0.0576878
0.0290616
0.0138374
0.00623907
0.00266883
0.00108505
0.000420035
0.000155103
5.47322e-05
1.84911e-05
5.99218e-06
1.8662e-06
5.59637e-07
1.6194e-07
4.53058e-08
1.22769e-08
3.26322e-09
7.05062e-10
0.985245
0.945202
0.794868
0.558268
0.365085
0.223425
0.128277
0.0692646
0.0352542
0.0169498
0.00771308
0.00332832
0.00136445
0.000532388
0.000198076
7.03999e-05
2.39478e-05
7.81146e-06
2.44806e-06
7.38542e-07
2.14937e-07
6.04656e-08
1.64705e-08
4.40068e-09
9.5478e-10
0.990594
0.964133
0.859093
0.621091
0.412102
0.255261
0.148194
0.0808586
0.0415636
0.0201714
0.00926123
0.00403038
0.00166565
0.000654925
0.000245458
8.78524e-05
3.00848e-05
9.87613e-06
3.11408e-06
9.44997e-07
2.76567e-07
7.82255e-08
2.14178e-08
5.75178e-09
1.25306e-09
0.993519
0.97469
0.898928
0.678004
0.454171
0.284444
0.166862
0.0919474
0.0477105
0.0233634
0.0108191
0.00474699
0.00197715
0.000783201
0.000295621
0.000106525
3.67157e-05
1.21277e-05
3.84674e-06
1.17399e-06
3.45461e-07
9.82266e-08
2.70286e-08
7.29477e-09
1.59565e-09
0.995294
0.98122
0.923776
0.728391
0.492898
0.311945
0.184897
0.102909
0.0539155
0.0266475
0.0124497
0.00550881
0.00231301
0.000923302
0.00035106
0.000127387
4.41994e-05
1.46929e-05
4.68883e-06
1.43937e-06
4.25926e-07
1.2176e-07
3.36764e-08
9.1355e-09
2.00661e-09
0.996328
0.985137
0.938983
0.76754
0.525805
0.336223
0.201375
0.113248
0.0599395
0.0299195
0.0141122
0.00630173
0.00266911
0.00107434
0.00041174
0.000150541
5.26121e-05
1.7611e-05
5.65744e-06
1.74781e-06
5.20368e-07
1.49638e-07
4.16205e-08
1.1354e-08
2.50548e-09
0.996812
0.987025
0.946493
0.790218
0.547122
0.353005
0.213408
0.121172
0.0647536
0.0326298
0.0155325
0.00699736
0.00298884
0.00121275
0.000468361
0.0001725
6.07094e-05
2.04578e-05
6.61425e-06
2.05603e-06
6.1577e-07
1.78086e-07
4.98055e-08
1.36612e-08
3.02834e-09
0.996984
0.987756
0.949593
0.800793
0.558888
0.363442
0.2216
0.126957
0.0684658
0.0348124
0.0167169
0.00759429
0.00326981
0.00133688
0.000520045
0.000192859
6.83223e-05
2.31685e-05
7.53592e-06
2.35614e-06
7.09592e-07
2.06327e-07
5.80024e-08
1.59918e-08
3.56033e-09
0.996992
0.987862
0.950268
0.803875
0.564236
0.369478
0.227069
0.131194
0.0713614
0.0365931
0.0177159
0.00811092
0.00351804
0.0014484
0.000567149
0.000211646
7.54253e-05
2.5723e-05
8.41253e-06
2.64402e-06
8.00316e-07
2.33843e-07
6.6047e-08
1.82955e-08
4.08935e-09
0.996959
0.987796
0.950259
0.804933
0.568169
0.374743
0.232154
0.135246
0.07417
0.0383329
0.0186958
0.0086188
0.00376243
0.00155835
0.000613645
0.000230216
8.24572e-05
2.82563e-05
9.28354e-06
2.93067e-06
8.90862e-07
2.61373e-07
7.41166e-08
2.06131e-08
4.62291e-09
0.997028
0.988124
0.951808
0.811128
0.577118
0.383875
0.239866
0.140901
0.0778654
0.0405238
0.0198886
0.00922062
0.0040458
0.00168357
0.000665826
0.000250801
9.01717e-05
3.10115e-05
1.02239e-05
3.23829e-06
9.87534e-07
2.90644e-07
8.26662e-08
2.30618e-08
5.1855e-09
0.997388
0.989533
0.957528
0.831635
0.600109
0.403623
0.254687
0.150866
0.0839534
0.0439413
0.0216668
0.0100841
0.0044393
0.00185262
0.000734557
0.000277335
9.99268e-05
3.44367e-05
1.13753e-05
3.60981e-06
1.10286e-06
3.25181e-07
9.2654e-08
2.58964e-08
5.83188e-09
0.998113
0.992352
0.968659
0.873956
0.648065
0.442022
0.281996
0.168427
0.0942831
0.0495509
0.0245008
0.0114243
0.00503557
0.00210323
0.000834411
0.00031517
0.000113598
3.91596e-05
1.2939e-05
4.10728e-06
1.25523e-06
3.70246e-07
1.05533e-07
2.95109e-08
6.64816e-09
0.998986
0.995749
0.982045
0.92589
0.737546
0.508906
0.3282
0.197529
0.111103
0.0585439
0.0289801
0.013515
0.00595428
0.00248485
0.000984759
0.000371521
0.000133743
4.60478e-05
1.51967e-05
4.8184e-06
1.47093e-06
4.33434e-07
1.23422e-07
3.44838e-08
7.76197e-09
0.999603
0.99824
0.992145
0.965758
0.857337
0.6119
0.399067
0.241695
0.136438
0.0720183
0.0356652
0.016625
0.00731696
0.0030493
0.0012065
0.000454381
0.000163272
5.61092e-05
1.84822e-05
5.84926e-06
1.78233e-06
5.24261e-07
1.49021e-07
4.15675e-08
9.34138e-09
0.999842
0.999286
0.996712
0.985024
0.934401
0.745959
0.492045
0.300413
0.17046
0.0902533
0.0447717
0.0208866
0.00919427
0.0038307
0.00151481
0.000570023
0.000204618
7.02359e-05
2.31056e-05
7.30236e-06
2.22183e-06
6.52561e-07
1.85198e-07
5.15764e-08
1.15729e-08
0.999921
0.999645
0.998361
0.992396
0.965593
0.851788
0.586505
0.364006
0.208749
0.111385
0.0555789
0.026046
0.0115065
0.00480781
0.00190557
0.000718388
0.000258248
8.8743e-05
2.92178e-05
9.23934e-06
2.81218e-06
8.26076e-07
2.34439e-07
6.5285e-08
1.46441e-08
0.999944
0.999755
0.998889
0.994871
0.976609
0.897847
0.656744
0.414263
0.241621
0.13078
0.0660347
0.0312517
0.01392
0.00585664
0.00233509
0.000884847
0.000319521
0.000110233
3.64198e-05
1.15521e-05
3.52564e-06
1.03814e-06
2.95249e-07
8.2374e-08
1.85059e-08
0.999949
0.999784
0.999035
0.995581
0.97986
0.911745
0.686169
0.437723
0.258615
0.141925
0.07268
0.0348781
0.0157431
0.00670625
0.00270426
0.00103526
0.000377274
0.000131227
4.36749e-05
1.39445e-05
4.28109e-06
1.26729e-06
3.62185e-07
1.01518e-07
2.2894e-08
0.999949
0.999785
0.999048
0.995678
0.980442
0.914639
0.693554
0.444458
0.26394
0.145693
0.0751004
0.0363039
0.0165189
0.00709803
0.0028887
0.00111648
0.000410859
0.00014431
4.84943e-05
1.5629e-05
4.84192e-06
1.44578e-06
4.16638e-07
1.17711e-07
2.67321e-08
0.999948
0.999781
0.99903
0.9956
0.980137
0.913587
0.691936
0.444159
0.264284
0.146195
0.0755316
0.0366029
0.0167
0.00719731
0.00293879
0.00113998
0.000421183
0.000148581
5.01655e-05
1.62496e-05
5.06143e-06
1.51985e-06
4.40611e-07
1.25285e-07
2.86249e-08
0.999948
0.999786
0.999042
0.995626
0.98018
0.913675
0.691972
0.443962
0.264058
0.146025
0.0754304
0.0365525
0.0166791
0.00719038
0.00293729
0.0011401
0.000421557
0.000148854
5.03138e-05
1.63183e-05
5.09024e-06
1.53102e-06
4.44656e-07
1.2669e-07
2.9007e-08
0.999953
0.999812
0.999149
0.996035
0.981776
0.919871
0.704955
0.451794
0.268123
0.147903
0.0762062
0.0368389
0.0167723
0.00721614
0.00294268
0.00114049
0.000421169
0.000148558
5.01683e-05
1.62586e-05
5.0681e-06
1.52342e-06
4.42224e-07
1.25946e-07
2.8833e-08
0.999948
0.999844
0.999355
0.996998
0.985867
0.936183
0.744678
0.478094
0.282607
0.155046
0.0794086
0.0381575
0.0172743
0.00739339
0.00300065
0.00115794
0.00042594
0.000149704
5.03909e-05
1.62821e-05
5.06184e-06
1.51784e-06
4.39639e-07
1.24955e-07
2.85578e-08
0.99988
0.999772
0.999304
0.997208
0.987615
0.944861
0.772069
0.500366
0.297056
0.163421
0.0838233
0.040292
0.0182279
0.00778965
0.00315474
0.00121432
0.00044543
0.000156097
5.2388e-05
1.68779e-05
5.23198e-06
1.56448e-06
4.51921e-07
1.28108e-07
2.92079e-08
0.999481
0.999288
0.998683
0.996368
0.986434
0.943175
0.76969
0.498891
0.296252
0.16303
0.0836683
0.0402529
0.0182324
0.00780294
0.00316516
0.0012203
0.000448328
0.000157344
5.28763e-05
1.70552e-05
5.29239e-06
1.5839e-06
4.57876e-07
1.2987e-07
2.9624e-08
0.997214
0.996643
0.99526
0.991467
0.978479
0.927251
0.736419
0.474959
0.281833
0.155094
0.079622
0.0383251
0.0173682
0.00743665
0.00301783
0.00116391
0.000427727
0.000150145
5.04642e-05
1.62783e-05
5.0512e-06
1.5116e-06
4.36932e-07
1.23901e-07
2.82804e-08
0.98341
0.981912
0.977877
0.968463
0.943425
0.858961
0.62713
0.401011
0.236369
0.129393
0.0661769
0.0317655
0.0143643
0.00613923
0.00248721
0.000957769
0.000351431
0.000123177
4.13345e-05
1.33128e-05
4.12427e-06
1.23228e-06
3.55663e-07
1.00693e-07
2.30089e-08
0.904278
0.901821
0.890806
0.862959
0.786575
0.58572
0.382378
0.231624
0.131175
0.0697186
0.0348579
0.0164311
0.00731876
0.00308782
0.00123684
0.000471461
0.000171389
5.95586e-05
1.9824e-05
6.33617e-06
1.94829e-06
5.78042e-07
1.65733e-07
4.66076e-08
1.06578e-08
0.51551
0.510804
0.487497
0.434718
0.318031
0.206998
0.126157
0.0721044
0.0386846
0.0195126
0.00927155
0.0041591
0.00176543
0.000710713
0.00027194
9.91047e-05
3.44671e-05
1.14631e-05
3.6522e-06
1.11749e-06
3.28928e-07
9.34533e-08
2.56833e-08
6.91778e-09
1.55313e-09
0.0882946
0.117799
0.113817
0.100224
0.0706198
0.0436871
0.0248357
0.0130866
0.00643528
0.00296855
0.0012895
0.00052899
0.000205473
7.57251e-05
2.65366e-05
8.85533e-06
2.81973e-06
8.57702e-07
2.49785e-07
6.97356e-08
1.87385e-08
4.85965e-09
1.22214e-09
3.00686e-10
6.66596e-11
0.00948686
0.019215
0.0183807
0.0155209
0.00986612
0.00541919
0.00267997
0.00121572
0.000512197
0.000201957
7.48765e-05
2.61709e-05
8.64763e-06
2.70443e-06
8.03035e-07
2.26176e-07
6.07123e-08
1.54559e-08
3.76847e-09
8.80991e-10
1.98734e-10
4.32544e-11
9.26221e-12
1.9342e-12
5.62988e-13
0.000870327
0.00221718
0.00196779
0.00137665
0.000695331
0.000294661
0.000108991
3.61841e-05
1.09849e-05
3.08391e-06
8.06426e-07
1.96586e-07
4.52433e-08
9.86284e-09
2.05352e-09
3.51853e-10
9.8645e-11
2.6819e-11
7.08158e-12
1.81678e-12
4.55001e-13
1.10525e-13
2.76799e-14
6.71872e-15
2.80972e-15
5.75046e-05
0.000118619
7.98986e-05
3.20433e-05
8.84598e-06
1.5875e-06
2.273e-07
2.72191e-08
5.43073e-09
1.02999e-09
1.86768e-10
3.26064e-11
5.51906e-12
9.12074e-13
1.48145e-13
2.33429e-14
3.90625e-15
7.23409e-16
2.3164e-16
4.17772e-17
3.96151e-17
5.35939e-18
5.93794e-18
1.13777e-18
3.56109e-18
)
;

boundaryField
{
    inlet
    {
        type            fixedValue;
        value           uniform 1;
    }
    outlet
    {
        type            inletOutlet;
        inletValue      uniform 0;
        value           nonuniform List<scalar> 
57
(
1.81122e-21
3.33394e-19
1.00689e-17
8.99449e-17
5.31122e-16
2.52236e-15
9.97533e-15
3.37909e-14
1.00168e-13
2.65314e-13
6.39334e-13
1.42516e-12
2.97441e-12
5.87217e-12
1.10719e-11
2.0157e-11
3.53326e-11
5.96988e-11
9.72698e-11
1.53591e-10
2.35285e-10
3.49832e-10
5.04482e-10
7.05062e-10
9.5478e-10
1.25306e-09
1.59565e-09
2.00661e-09
2.50548e-09
3.02834e-09
3.56033e-09
4.08935e-09
4.62291e-09
5.1855e-09
5.83188e-09
6.64816e-09
7.76197e-09
9.34138e-09
1.15729e-08
1.46441e-08
1.85059e-08
2.2894e-08
2.67321e-08
2.86249e-08
2.9007e-08
2.8833e-08
2.85578e-08
2.92079e-08
2.9624e-08
2.82804e-08
2.30089e-08
1.06578e-08
1.55313e-09
6.66596e-11
5.62988e-13
2.80972e-15
3.56109e-18
)
;
    }
    upperWall
    {
        type            zeroGradient;
    }
    lowerWall
    {
        type            zeroGradient;
    }
    frontAndBack
    {
        type            empty;
    }
}


// ************************************************************************* //
