/*--------------------------------*- C++ -*----------------------------------*\
| =========                 |                                                 |
| \\      /  F ield         | OpenFOAM: The Open Source CFD Toolbox           |
|  \\    /   O peration     | Version:  2112                                  |
|   \\  /    A nd           | Website:  www.openfoam.com                      |
|    \\/     M anipulation  |                                                 |
\*---------------------------------------------------------------------------*/
FoamFile
{
    version     2.0;
    format      ascii;
    arch        "LSB;label=32;scalar=64";
    class       volScalarField;
    location    "0.054";
    object      s;
}
// * * * * * * * * * * * * * * * * * * * * * * * * * * * * * * * * * * * * * //

dimensions      [0 0 0 0 0 0 0];

internalField   nonuniform List<scalar> 
12225
(
1
1
1
1
1
1
1
1
1
1
1
1
1
1
1
1
1
1
1
1
1
1
1
1
1
1
1
1
1
1
1
1
1
1
1
1
1
1
1
1
1
1
1
1
1
1
1
1
1
1
1
1
1
1
1
1
1
1
1
1
1
1
1
1
1
1
1
1
1
1
1
1
1
1
1
1
1
1
1
1
1
1
1
1
1
1
1
1
1
1
1
1
1
1
1
1
1
1
1
1
1
1
1
1
1
1
1
1
1
1
1
1
1
1
1
1
1
1
1
1
1
1
1
1
1
1
1
1
1
1
1
1
1
1
1
1
1
1
1
1
1
1
1
1
1
1
1
1
1
1
1
1
1
1
1
1
1
1
1
1
1
1
1
1
1
1
1
1
1
1
1
1
1
1
1
1
1
1
1
1
1
1
1
1
1
1
1
1
1
1
1
1
1
1
1
1
1
1
1
1
1
1
1
1
1
1
1
1
1
1
1
1
1
1
1
1
1
1
1
1
1
1
1
1
1
1
1
1
1
1
1
1
1
1
1
1
1
1
1
1
1
1
1
1
1
1
1
1
1
1
1
1
1
1
1
1
1
1
1
1
1
1
1
1
1
1
1
1
1
1
1
1
1
1
1
1
1
1
1
1
1
1
1
1
1
1
1
1
1
1
1
1
1
1
1
1
1
1
1
1
1
1
1
1
1
1
1
1
1
1
1
1
1
1
1
1
1
1
1
1
1
1
1
1
1
1
1
1
1
1
1
1
1
1
1
1
1
1
1
1
1
1
1
1
1
1
1
1
1
1
1
1
1
1
1
1
1
1
1
1
1
1
1
1
1
1
1
1
1
1
1
1
1
1
1
1
1
1
1
1
1
1
1
1
1
1
1
1
1
1
1
1
1
1
1
1
1
1
1
1
1
1
1
1
1
1
1
1
1
1
1
1
1
1
1
1
1
1
1
1
1
1
1
1
1
1
1
1
1
1
1
1
1
1
1
1
1
1
1
1
1
1
1
1
1
1
1
1
1
1
1
1
1
1
1
1
1
1
1
1
1
1
1
1
1
1
1
1
1
1
1
1
1
1
1
1
1
1
1
1
1
1
1
1
1
1
1
1
1
1
1
1
1
1
1
1
1
1
1
1
1
1
1
1
1
1
1
1
1
1
1
1
1
1
1
1
1
1
1
1
1
1
1
1
1
1
1
1
1
1
1
1
1
1
1
1
1
1
1
1
0.662697
0.661278
0.661791
0.662932
0.662353
0.6627
0.667025
0.676818
0.683982
0.689353
0.696601
0.703985
0.708042
0.710742
0.715804
0.721438
0.726076
0.728298
0.728494
0.726772
0.720725
0.711272
0.69272
0.664291
0.629309
0.591738
0.557018
0.529615
0.519074
0.519621
0.535387
0.581652
0.644356
0.662724
0.665762
0.666028
0.665344
0.662507
0.656146
0.645481
0.634498
0.631526
0.631134
0.631319
0.631927
0.632558
0.632756
0.632775
0.632523
0.631974
0.631737
0.631688
0.631994
0.632061
0.63204
0.633144
0.63417
0.636174
0.638389
0.642173
0.646367
0.650915
0.655246
0.658871
0.661555
0.664158
0.668815
0.680041
0.701226
0.719257
0.726752
0.727923
0.72761
0.727656
0.732258
0.762705
0.829861
0.860053
0.861585
0.849101
0.840387
0.839367
0.84027
0.842844
0.846926
0.851596
0.853163
0.853204
0.852365
0.850274
0.847318
0.844193
0.841104
0.837751
0.833995
0.830026
0.826033
0.822163
0.818571
0.815237
0.812014
0.808896
0.806382
0.804686
0.80327
0.802431
0.801817
0.801635
0.80186
0.802993
0.804097
0.806017
0.807933
0.810206
0.813149
0.816169
0.819615
0.82311
0.82661
0.829568
0.831932
0.833703
0.835055
0.836165
0.836925
0.837598
0.838265
0.839047
0.840051
0.841341
0.842917
0.844707
0.846709
0.848946
0.851238
0.853157
0.854631
0.856682
0.861476
0.872571
0.883565
0.892127
0.897982
0.901663
0.904145
0.906178
0.907819
0.908836
0.909348
0.909908
0.911203
0.913802
0.916221
0.9177
0.918191
0.918172
0.917599
0.915171
0.907386
0.891893
0.877504
0.869729
0.865383
0.860489
0.855707
0.851814
0.846639
0.836248
0.811881
0.742518
0.562673
0.364629
0.207969
0.10475
0.0472747
0.0194265
0.00735726
0.00254147
0.000983328
-0.0260522
0.702724
0.704937
0.698665
0.6921
0.68359
0.674541
0.66997
0.668478
0.6688
0.673076
0.678199
0.682547
0.69211
0.703226
0.712729
0.719847
0.724415
0.726728
0.726499
0.714631
0.628637
0.525551
0.497917
0.484332
0.466378
0.453146
0.449265
0.44969
0.465299
0.508048
0.575967
0.635036
0.65195
0.655009
0.654319
0.649572
0.642165
0.633965
0.62715
0.626149
0.629451
0.637841
0.648874
0.660355
0.672358
0.681683
0.68511
0.68584
0.683164
0.673952
0.664571
0.65587
0.648313
0.643007
0.638173
0.632411
0.625751
0.619333
0.614186
0.609955
0.606857
0.605559
0.605677
0.607807
0.612945
0.616636
0.619558
0.625162
0.643218
0.703478
0.739194
0.742316
0.736139
0.733106
0.740838
0.802269
0.850612
0.850106
0.843465
0.841467
0.841626
0.844648
0.85012
0.852337
0.853025
0.853008
0.851307
0.848939
0.84516
0.838098
0.828115
0.815334
0.798903
0.783286
0.773914
0.765005
0.755711
0.750811
0.746887
0.742552
0.740532
0.739466
0.739084
0.73906
0.740512
0.742235
0.74399
0.74636
0.748364
0.749991
0.75065
0.750575
0.749086
0.746299
0.744275
0.742378
0.740732
0.739659
0.739303
0.740449
0.742466
0.744817
0.747486
0.750259
0.752848
0.75546
0.758154
0.761049
0.764287
0.768078
0.772727
0.778513
0.785367
0.79365
0.804642
0.818738
0.832772
0.840524
0.841229
0.836448
0.832183
0.832729
0.839932
0.865623
0.885121
0.895364
0.900693
0.903658
0.906139
0.908936
0.911548
0.913156
0.913492
0.913128
0.911703
0.91098
0.911033
0.912579
0.918436
0.920666
0.920556
0.919404
0.917956
0.916395
0.912735
0.905451
0.896287
0.888159
0.88329
0.879756
0.872076
0.85983
0.831947
0.785902
0.729488
0.694086
0.675409
0.647974
0.61352
0.522193
0.750048
0.737211
0.714962
0.707845
0.704408
0.695845
0.692422
0.687227
0.685495
0.685553
0.685949
0.687596
0.695221
0.708411
0.716325
0.720173
0.719294
0.696702
0.59284
0.493575
0.44689
0.435271
0.431148
0.42759
0.426076
0.42627
0.431867
0.446813
0.474919
0.52826
0.606304
0.64497
0.655967
0.659804
0.662258
0.667316
0.678225
0.69717
0.72516
0.75634
0.791295
0.826931
0.858537
0.88353
0.901189
0.908956
0.911382
0.911035
0.902834
0.883068
0.855703
0.828052
0.805397
0.788572
0.775671
0.753462
0.725764
0.698359
0.677234
0.658494
0.638133
0.621507
0.611208
0.60627
0.604782
0.604795
0.605976
0.610135
0.622625
0.679818
0.753502
0.764289
0.757901
0.765164
0.818835
0.846306
0.846049
0.842316
0.843601
0.845021
0.851886
0.856075
0.856994
0.856744
0.853421
0.849306
0.844203
0.834173
0.81846
0.791793
0.765855
0.753551
0.74405
0.738814
0.736237
0.733836
0.731464
0.729377
0.725243
0.720167
0.716429
0.712267
0.709357
0.708412
0.710184
0.715036
0.721636
0.730515
0.738872
0.748074
0.75663
0.76441
0.77011
0.773993
0.772456
0.766436
0.757126
0.745586
0.735208
0.727775
0.723905
0.721751
0.721103
0.721654
0.723457
0.725861
0.728749
0.731911
0.735122
0.738299
0.741601
0.74528
0.74932
0.753381
0.756896
0.761017
0.769065
0.791467
0.830248
0.85545
0.860455
0.856414
0.834287
0.820997
0.821605
0.835612
0.867581
0.883482
0.890557
0.893743
0.896366
0.901114
0.908156
0.914571
0.917787
0.918406
0.917751
0.914174
0.911912
0.911935
0.913817
0.921724
0.932735
0.941218
0.946912
0.949679
0.950322
0.949852
0.945975
0.931498
0.915677
0.906876
0.899829
0.89601
0.890804
0.885927
0.874977
0.860106
0.850508
0.821447
0.737793
0.695746
0.664715
0.659416
0.656966
0.646489
0.646817
0.645602
0.646386
0.654106
0.67563
0.68918
0.699917
0.706204
0.70105
0.667778
0.581912
0.498773
0.453254
0.439628
0.43527
0.434563
0.434548
0.435563
0.438619
0.444396
0.456178
0.479341
0.518878
0.577031
0.64268
0.67606
0.691328
0.713896
0.757105
0.816119
0.873196
0.912232
0.936076
0.957301
0.970119
0.976675
0.983331
0.986386
0.987744
0.988234
0.988265
0.986949
0.983237
0.977375
0.968837
0.957983
0.948474
0.94245
0.935432
0.912085
0.859902
0.805349
0.770325
0.747897
0.706412
0.659664
0.629732
0.61447
0.608815
0.607806
0.608544
0.61313
0.63249
0.71613
0.795569
0.813219
0.818248
0.833397
0.843003
0.84328
0.840407
0.843777
0.848939
0.858373
0.862484
0.863146
0.862081
0.857363
0.850376
0.841338
0.827011
0.799843
0.765075
0.749231
0.739846
0.734869
0.732268
0.729869
0.725913
0.718516
0.708259
0.692543
0.67155
0.650261
0.635418
0.627645
0.624076
0.62256
0.622145
0.624172
0.628997
0.638395
0.65245
0.672717
0.697309
0.726078
0.75574
0.779881
0.795692
0.805628
0.811401
0.813644
0.810167
0.800106
0.785879
0.771784
0.759671
0.750423
0.744255
0.741183
0.740428
0.740689
0.741845
0.743256
0.744957
0.747032
0.7498
0.753588
0.757996
0.761331
0.762117
0.761686
0.762601
0.773959
0.825057
0.859329
0.863173
0.857085
0.831321
0.812821
0.81111
0.8173
0.832941
0.8389
0.839415
0.839768
0.843592
0.860251
0.884895
0.90505
0.917512
0.922026
0.921984
0.918002
0.914872
0.915086
0.918504
0.930308
0.94281
0.951853
0.95688
0.958634
0.958711
0.957301
0.949124
0.932258
0.921854
0.91775
0.916954
0.917141
0.917051
0.916147
0.912809
0.898388
0.710688
0.640579
0.607164
0.581737
0.569706
0.557377
0.555875
0.573262
0.589806
0.615828
0.641351
0.652821
0.647527
0.615008
0.554412
0.496888
0.467332
0.455178
0.451013
0.449832
0.459784
0.473902
0.491909
0.510984
0.532137
0.555016
0.58657
0.6287
0.678925
0.738178
0.791982
0.845953
0.897109
0.945237
0.973868
0.986156
0.991531
0.993831
0.99489
0.996056
0.996609
0.997297
0.997626
0.998097
0.998342
0.998502
0.998573
0.998568
0.998328
0.997915
0.997208
0.996259
0.995174
0.994068
0.992092
0.984509
0.948505
0.874191
0.817134
0.790794
0.772762
0.727484
0.666163
0.629507
0.615499
0.613407
0.61769
0.649638
0.75929
0.829367
0.84415
0.84171
0.840466
0.841188
0.840627
0.838221
0.841073
0.849381
0.861674
0.869535
0.870969
0.870352
0.86592
0.856496
0.843894
0.827025
0.798893
0.760675
0.743186
0.735292
0.731352
0.728944
0.725838
0.718091
0.703006
0.674807
0.631239
0.609835
0.601118
0.598354
0.598002
0.601854
0.605823
0.606996
0.605917
0.602644
0.601042
0.600979
0.603833
0.608522
0.617035
0.630264
0.651932
0.68846
0.736249
0.775515
0.802906
0.818688
0.826635
0.830488
0.83181
0.830868
0.826998
0.821512
0.814479
0.805825
0.796645
0.788649
0.781835
0.776212
0.771872
0.768546
0.766296
0.765665
0.766644
0.771838
0.777823
0.77963
0.775644
0.766419
0.767196
0.784103
0.838628
0.863279
0.862078
0.841802
0.814185
0.796175
0.789085
0.787106
0.785733
0.78538
0.787564
0.797752
0.821975
0.854139
0.887458
0.912266
0.923281
0.924974
0.922724
0.915783
0.913345
0.913837
0.918623
0.933546
0.946772
0.954921
0.95864
0.959343
0.958496
0.952227
0.937342
0.929046
0.926751
0.927044
0.930279
0.93315
0.933229
0.929234
0.702312
0.619802
0.584822
0.550326
0.536379
0.5252
0.519584
0.520445
0.529698
0.537377
0.541329
0.537461
0.519825
0.499809
0.481837
0.473247
0.470683
0.476263
0.498188
0.539076
0.604699
0.659883
0.714022
0.755187
0.791341
0.824094
0.850962
0.882865
0.911171
0.937012
0.961767
0.978049
0.988956
0.993764
0.995549
0.995993
0.996029
0.995961
0.996011
0.996105
0.996457
0.996814
0.997309
0.997869
0.998338
0.998699
0.998993
0.9993
0.999479
0.999608
0.999674
0.999692
0.999633
0.999462
0.998885
0.996021
0.972391
0.894856
0.827149
0.791717
0.780168
0.761133
0.711206
0.659872
0.635386
0.6322
0.652823
0.762112
0.841584
0.855245
0.849791
0.844099
0.840735
0.837615
0.834855
0.835396
0.843564
0.85638
0.872867
0.878183
0.878844
0.877006
0.869618
0.855967
0.836728
0.810102
0.770548
0.744473
0.734845
0.730498
0.727957
0.723893
0.713928
0.690803
0.643485
0.611037
0.601144
0.599284
0.603535
0.618728
0.645383
0.674213
0.687149
0.691464
0.680113
0.658395
0.630642
0.616604
0.610181
0.608319
0.611369
0.617087
0.627019
0.642809
0.671541
0.714338
0.753362
0.78566
0.80982
0.82505
0.832823
0.835983
0.836922
0.836975
0.836514
0.834994
0.830933
0.824221
0.817265
0.810672
0.804561
0.799225
0.79369
0.787073
0.781412
0.779357
0.78056
0.789439
0.795683
0.794032
0.77994
0.774647
0.78201
0.825631
0.860392
0.864238
0.850153
0.811836
0.790809
0.77793
0.772345
0.771637
0.774451
0.78467
0.798312
0.823183
0.858052
0.892674
0.917637
0.928423
0.929748
0.926744
0.91757
0.912957
0.91232
0.913526
0.920825
0.938362
0.951286
0.957762
0.959273
0.958456
0.951697
0.937958
0.931288
0.929853
0.930508
0.934819
0.938645
0.93845
0.69144
0.600688
0.558857
0.530894
0.518623
0.511451
0.50802
0.506624
0.505915
0.505419
0.503785
0.501101
0.496779
0.493938
0.491878
0.504599
0.538876
0.607484
0.686237
0.767937
0.820441
0.865445
0.893626
0.918551
0.935747
0.951473
0.962882
0.973036
0.981615
0.986195
0.989566
0.990847
0.991229
0.991083
0.98973
0.98888
0.988271
0.987852
0.987704
0.987829
0.988483
0.989449
0.990997
0.992832
0.994533
0.995959
0.997187
0.998227
0.998953
0.999457
0.999704
0.999821
0.999868
0.999882
0.999768
0.998834
0.988723
0.928962
0.839895
0.7912
0.776078
0.761011
0.717873
0.670208
0.649232
0.653717
0.731017
0.837146
0.861419
0.85622
0.848583
0.841572
0.834801
0.830864
0.830281
0.835606
0.846957
0.866833
0.883733
0.887336
0.887306
0.883816
0.874082
0.856903
0.831634
0.795063
0.754767
0.738206
0.732015
0.729062
0.725857
0.717381
0.694978
0.647778
0.614083
0.605507
0.605118
0.618936
0.663117
0.742898
0.789711
0.806854
0.812019
0.811802
0.800332
0.78094
0.741502
0.685507
0.653706
0.640202
0.633726
0.630659
0.632387
0.642424
0.664768
0.704248
0.741692
0.771887
0.794778
0.811562
0.823263
0.830672
0.834575
0.836112
0.836414
0.836203
0.834676
0.829462
0.823286
0.818084
0.813568
0.809512
0.806395
0.803884
0.800372
0.796007
0.793566
0.793807
0.801369
0.80957
0.808304
0.792704
0.783188
0.787097
0.821286
0.860194
0.867142
0.857809
0.818687
0.788308
0.775637
0.773046
0.774583
0.784747
0.817199
0.84398
0.864801
0.889258
0.913758
0.929901
0.935392
0.935305
0.930309
0.919448
0.915167
0.914834
0.91631
0.924563
0.942837
0.954972
0.960066
0.960755
0.959184
0.94972
0.936185
0.929937
0.928694
0.929565
0.934768
0.938631
0.684133
0.588245
0.547869
0.525589
0.51606
0.511447
0.508289
0.506653
0.505826
0.505617
0.506057
0.50868
0.515306
0.533563
0.572271
0.650161
0.733496
0.808153
0.861356
0.902667
0.93261
0.951978
0.963812
0.973683
0.978584
0.983159
0.985452
0.986719
0.987224
0.987325
0.987201
0.986146
0.98508
0.984275
0.983894
0.983596
0.983269
0.982931
0.982524
0.982236
0.982105
0.982094
0.982466
0.98343
0.985484
0.988545
0.992153
0.994683
0.996719
0.998269
0.999183
0.99963
0.999837
0.999907
0.999923
0.99978
0.998235
0.983128
0.885273
0.801968
0.772374
0.75658
0.710731
0.671967
0.663397
0.692228
0.808345
0.862912
0.862925
0.854289
0.842812
0.832087
0.82698
0.825736
0.827424
0.836283
0.854578
0.88076
0.894403
0.89762
0.896979
0.890814
0.878852
0.860854
0.832776
0.787472
0.747218
0.734793
0.73102
0.729134
0.725041
0.710194
0.67387
0.628152
0.612353
0.609922
0.625955
0.690005
0.79035
0.827051
0.839266
0.841637
0.839898
0.834624
0.828071
0.818091
0.797875
0.754228
0.696296
0.670825
0.662366
0.662619
0.663872
0.670273
0.684907
0.717594
0.75226
0.778506
0.797379
0.811304
0.821491
0.828151
0.831711
0.833035
0.833105
0.832452
0.830022
0.825501
0.821196
0.817512
0.814312
0.811604
0.809659
0.808576
0.807745
0.806266
0.80487
0.804513
0.806008
0.8172
0.823667
0.821108
0.800795
0.788805
0.791892
0.823208
0.863714
0.874076
0.86785
0.834646
0.797795
0.786358
0.786405
0.79419
0.825849
0.869233
0.90075
0.922899
0.938288
0.94661
0.948767
0.948528
0.946454
0.93722
0.926835
0.92415
0.924629
0.928474
0.941625
0.955038
0.961978
0.963822
0.963424
0.959226
0.94448
0.932261
0.927056
0.926249
0.927818
0.934438
0.681994
0.585752
0.54769
0.531337
0.523301
0.519025
0.517093
0.516571
0.519203
0.525733
0.539177
0.56476
0.613453
0.681211
0.759654
0.816627
0.871033
0.913548
0.943674
0.95974
0.973425
0.979723
0.983446
0.985441
0.986278
0.986575
0.98647
0.986298
0.985592
0.984829
0.984219
0.983949
0.983738
0.983646
0.983602
0.983579
0.983519
0.983407
0.983051
0.982493
0.98182
0.981274
0.980834
0.980592
0.980465
0.981046
0.983044
0.987818
0.99219
0.995487
0.997857
0.999025
0.999604
0.999855
0.999934
0.999942
0.999676
0.99607
0.950432
0.832401
0.772356
0.755236
0.706757
0.674897
0.678361
0.748471
0.847399
0.868431
0.861607
0.84835
0.831231
0.823344
0.820753
0.820407
0.824081
0.835163
0.854539
0.887752
0.905059
0.906382
0.905737
0.899671
0.886566
0.866315
0.837633
0.790241
0.745714
0.733922
0.730811
0.729607
0.726241
0.712315
0.675643
0.629224
0.616032
0.620879
0.665157
0.774772
0.830981
0.847513
0.851069
0.850711
0.842507
0.837069
0.831059
0.823843
0.811159
0.778052
0.715067
0.68266
0.672201
0.674561
0.685494
0.710303
0.742283
0.776312
0.803681
0.819421
0.826842
0.829162
0.831026
0.833082
0.834165
0.83405
0.833672
0.832227
0.826762
0.818413
0.811995
0.808348
0.807471
0.807729
0.808442
0.80899
0.810053
0.811243
0.811392
0.811413
0.812268
0.820383
0.835714
0.838097
0.831903
0.803561
0.79195
0.79568
0.828892
0.870815
0.885618
0.882028
0.859192
0.835814
0.834395
0.840573
0.866549
0.902987
0.930363
0.949446
0.960481
0.964785
0.965334
0.964828
0.962704
0.955283
0.948455
0.946826
0.94716
0.948993
0.955157
0.962681
0.967016
0.968302
0.968132
0.965897
0.955049
0.938004
0.928996
0.926337
0.9266
0.930403
0.681192
0.589798
0.560298
0.549273
0.545162
0.544037
0.548026
0.557353
0.576396
0.609802
0.657195
0.711247
0.767576
0.821065
0.870744
0.909884
0.937866
0.960617
0.974098
0.980572
0.984538
0.98611
0.986704
0.986808
0.986434
0.986025
0.98515
0.984199
0.983389
0.982752
0.982413
0.982279
0.982255
0.982498
0.982855
0.983349
0.983808
0.984418
0.984697
0.984823
0.984786
0.984083
0.982752
0.981158
0.980088
0.979499
0.979179
0.980213
0.984534
0.99064
0.995308
0.997895
0.999129
0.999679
0.9999
0.999958
0.999941
0.999215
0.987834
0.888675
0.785078
0.75706
0.721043
0.683537
0.690059
0.775727
0.858798
0.870522
0.858294
0.836581
0.822696
0.817746
0.81587
0.815638
0.819695
0.831309
0.851191
0.885028
0.908322
0.917161
0.913777
0.908336
0.896067
0.876881
0.846814
0.799053
0.747662
0.731345
0.730073
0.730167
0.730504
0.718514
0.685499
0.636747
0.624622
0.637468
0.703591
0.805015
0.844308
0.854949
0.857209
0.855693
0.84349
0.832787
0.826425
0.822208
0.812859
0.784824
0.72258
0.688291
0.679798
0.682396
0.697183
0.736547
0.792278
0.827623
0.843965
0.851937
0.855508
0.855602
0.854493
0.850949
0.847252
0.844601
0.8425
0.839368
0.831549
0.820399
0.811305
0.804861
0.80096
0.799487
0.799673
0.801705
0.806818
0.813164
0.817766
0.81975
0.821634
0.827076
0.844842
0.853358
0.852426
0.836439
0.801999
0.793266
0.798829
0.837994
0.880349
0.902375
0.902403
0.899053
0.899902
0.905069
0.921052
0.941718
0.958248
0.969918
0.976431
0.978732
0.978891
0.978117
0.97441
0.96822
0.965188
0.964828
0.965399
0.967885
0.971052
0.973029
0.973861
0.973962
0.97366
0.971933
0.964648
0.946452
0.933578
0.928497
0.928122
0.930387
0.681889
0.607138
0.590579
0.587185
0.602053
0.621183
0.632402
0.661782
0.698157
0.738332
0.778236
0.824989
0.861481
0.899576
0.929366
0.953218
0.969127
0.978556
0.983908
0.986044
0.986878
0.987045
0.986721
0.986236
0.985092
0.983583
0.981797
0.980032
0.978344
0.976605
0.974844
0.973579
0.972924
0.972735
0.974301
0.976562
0.978746
0.981733
0.983646
0.984901
0.985423
0.985584
0.985518
0.984747
0.982621
0.979862
0.978515
0.977719
0.978214
0.983454
0.99075
0.995944
0.998351
0.999385
0.999793
0.999945
0.999975
0.999892
0.997658
0.965187
0.83042
0.758985
0.734513
0.694395
0.697001
0.774972
0.858051
0.871195
0.859204
0.835271
0.819213
0.813663
0.812552
0.811967
0.814745
0.823082
0.842419
0.875789
0.905302
0.919066
0.923879
0.918992
0.907364
0.887517
0.862281
0.815761
0.755663
0.731812
0.727194
0.728984
0.732628
0.732885
0.709649
0.655548
0.632545
0.639374
0.692475
0.792221
0.839283
0.855676
0.862666
0.8587
0.841769
0.820295
0.812796
0.809613
0.803764
0.78148
0.723099
0.689999
0.687682
0.695149
0.725346
0.787
0.828956
0.848514
0.857997
0.862623
0.864498
0.864731
0.864281
0.862596
0.860028
0.85802
0.856395
0.853786
0.847267
0.833061
0.819806
0.809383
0.802117
0.798132
0.796726
0.796704
0.798178
0.80613
0.819196
0.826597
0.830309
0.836577
0.854672
0.868091
0.869799
0.864432
0.830686
0.798911
0.793466
0.801939
0.850234
0.893246
0.917667
0.930259
0.937711
0.946838
0.958399
0.969316
0.978009
0.983966
0.987099
0.98803
0.987971
0.986851
0.982399
0.978017
0.976318
0.976207
0.976868
0.979051
0.980344
0.980558
0.980222
0.979488
0.978499
0.976327
0.969816
0.952324
0.938055
0.931742
0.930851
0.932343
0.694085
0.632145
0.627383
0.650982
0.673682
0.692362
0.721695
0.756723
0.786375
0.824487
0.857448
0.889213
0.916322
0.939964
0.959658
0.972584
0.98097
0.984881
0.986649
0.98715
0.987207
0.986828
0.985838
0.984055
0.981332
0.977763
0.97307
0.967624
0.961916
0.956812
0.953085
0.951105
0.950315
0.950477
0.952397
0.956113
0.961637
0.968983
0.976246
0.981263
0.984181
0.985446
0.985785
0.98569
0.984987
0.982729
0.978741
0.976826
0.975881
0.976645
0.984211
0.992715
0.997023
0.998914
0.999629
0.999888
0.999972
0.999978
0.999672
0.993377
0.919802
0.783582
0.739456
0.709065
0.706758
0.764668
0.852392
0.870522
0.863148
0.837904
0.819899
0.812891
0.809735
0.808983
0.810042
0.814693
0.82775
0.856716
0.890893
0.915502
0.925586
0.926879
0.921546
0.906745
0.87927
0.841839
0.774709
0.736598
0.724459
0.725093
0.730564
0.738244
0.734306
0.707167
0.653277
0.647789
0.667891
0.737192
0.810853
0.84168
0.850522
0.84483
0.823902
0.804311
0.803265
0.801224
0.792852
0.757031
0.705231
0.690066
0.692359
0.709745
0.767925
0.829546
0.851201
0.860752
0.866293
0.869682
0.870359
0.869646
0.868652
0.866911
0.864775
0.863141
0.861857
0.860188
0.85676
0.848209
0.83478
0.822062
0.810926
0.802369
0.797623
0.796263
0.796534
0.799917
0.815287
0.830694
0.837438
0.84396
0.86152
0.880512
0.886428
0.884898
0.868433
0.817325
0.794554
0.79305
0.806981
0.86474
0.909556
0.936492
0.954644
0.967326
0.977069
0.984215
0.989065
0.991995
0.993353
0.993656
0.993513
0.992321
0.988118
0.984682
0.983454
0.983389
0.983978
0.985532
0.986112
0.985973
0.984667
0.983229
0.982045
0.979691
0.973052
0.955436
0.941122
0.934939
0.934183
0.93573
0.707565
0.660449
0.659024
0.681008
0.730194
0.759852
0.788112
0.813777
0.85114
0.877178
0.902831
0.927441
0.945538
0.961467
0.973441
0.981288
0.985167
0.98674
0.987221
0.987254
0.986787
0.985259
0.982558
0.977902
0.971704
0.964226
0.95665
0.950515
0.945413
0.941888
0.939563
0.938419
0.93801
0.938591
0.939951
0.942326
0.945393
0.950833
0.960519
0.971236
0.979435
0.983667
0.985366
0.98572
0.985342
0.98388
0.979564
0.97626
0.974614
0.973691
0.977918
0.988388
0.9949
0.998053
0.999344
0.999792
0.999946
0.999985
0.999959
0.998985
0.983787
0.865359
0.750309
0.714711
0.710702
0.739663
0.834453
0.867472
0.866673
0.846983
0.823424
0.813809
0.808684
0.806971
0.807269
0.809156
0.815922
0.836864
0.865061
0.899198
0.921497
0.929029
0.928424
0.922751
0.90607
0.877401
0.809226
0.751851
0.727758
0.720026
0.72296
0.734287
0.742204
0.738696
0.71701
0.675704
0.67717
0.692302
0.727141
0.771868
0.790324
0.786271
0.78417
0.788831
0.793848
0.7929
0.780356
0.732579
0.697883
0.694171
0.703311
0.740483
0.818438
0.850932
0.861191
0.867355
0.872487
0.873401
0.872602
0.870625
0.869297
0.867806
0.866176
0.864954
0.863702
0.862191
0.859204
0.853241
0.845783
0.837481
0.827631
0.815566
0.804779
0.79901
0.797894
0.79937
0.810879
0.835888
0.849442
0.855982
0.868786
0.889349
0.900207
0.901044
0.894087
0.8534
0.804712
0.79064
0.792854
0.817824
0.886251
0.929682
0.956149
0.973978
0.984756
0.990966
0.994349
0.996032
0.996689
0.996793
0.996644
0.995601
0.992043
0.989233
0.988248
0.988191
0.988643
0.989641
0.989894
0.989605
0.987825
0.986063
0.984768
0.982264
0.975065
0.957977
0.945776
0.941173
0.940967
0.943074
0.726257
0.681434
0.676907
0.720809
0.769407
0.792537
0.829288
0.859498
0.883494
0.91213
0.929972
0.948428
0.961475
0.972763
0.979638
0.984563
0.986591
0.9873
0.987446
0.987185
0.986127
0.983525
0.978335
0.970751
0.962197
0.953827
0.94676
0.94158
0.93776
0.935431
0.934098
0.933442
0.933204
0.933731
0.934946
0.937349
0.940328
0.943808
0.95041
0.961517
0.972661
0.9804
0.984268
0.985335
0.985343
0.984126
0.979786
0.974631
0.972196
0.971777
0.974782
0.985193
0.992888
0.996994
0.998882
0.999636
0.999893
0.999976
0.999989
0.999885
0.997344
0.966564
0.820159
0.729654
0.71187
0.720085
0.791199
0.855923
0.865719
0.860251
0.835064
0.817639
0.809637
0.805651
0.804861
0.805402
0.807899
0.817591
0.845086
0.873163
0.90495
0.924758
0.9308
0.930107
0.924513
0.909519
0.87391
0.790838
0.74268
0.723242
0.717006
0.720594
0.735079
0.742665
0.743705
0.737062
0.72128
0.712515
0.718872
0.733201
0.746809
0.759073
0.772701
0.78513
0.786466
0.780057
0.747208
0.704549
0.694366
0.698465
0.725559
0.803997
0.853262
0.865801
0.868137
0.873319
0.87464
0.874007
0.871221
0.865671
0.863066
0.86229
0.86169
0.861598
0.861553
0.861858
0.860501
0.859072
0.859575
0.858261
0.853757
0.843062
0.824625
0.809889
0.803764
0.803628
0.81045
0.836747
0.857039
0.865666
0.878866
0.898565
0.911566
0.914324
0.91097
0.88549
0.823166
0.793071
0.787725
0.795286
0.840657
0.910515
0.950748
0.973336
0.986549
0.993379
0.996546
0.997878
0.998333
0.998397
0.998282
0.997496
0.994722
0.992443
0.991642
0.991589
0.9919
0.992461
0.992536
0.992135
0.990071
0.988198
0.986893
0.984393
0.976941
0.962388
0.953401
0.950751
0.951065
0.954181
0.738827
0.713144
0.693258
0.727463
0.794167
0.829842
0.849378
0.884171
0.907099
0.928044
0.94494
0.959709
0.96896
0.978136
0.982596
0.985943
0.987192
0.987553
0.987538
0.986845
0.98454
0.979861
0.972442
0.963764
0.95492
0.947108
0.94108
0.936977
0.934214
0.932586
0.931716
0.931373
0.931469
0.931871
0.932746
0.934799
0.938503
0.941684
0.946867
0.95742
0.96964
0.978756
0.983599
0.985058
0.985038
0.983977
0.9788
0.972053
0.969072
0.969283
0.973172
0.983907
0.992083
0.99657
0.998669
0.999533
0.999851
0.999958
0.99999
0.999987
0.999687
0.994238
0.943352
0.793478
0.723635
0.717053
0.736138
0.816362
0.85788
0.859835
0.853027
0.829306
0.813577
0.806674
0.802632
0.801348
0.801675
0.804728
0.817697
0.852493
0.881667
0.91001
0.926762
0.93238
0.931927
0.927567
0.913587
0.876523
0.79009
0.741839
0.72178
0.715124
0.716876
0.725246
0.740042
0.747414
0.747924
0.749574
0.750229
0.753794
0.763205
0.769802
0.780271
0.780361
0.774363
0.750502
0.707547
0.695745
0.697328
0.715821
0.783046
0.856656
0.871477
0.87191
0.8731
0.875353
0.874963
0.871693
0.859957
0.84598
0.83969
0.83877
0.839531
0.844771
0.855461
0.863472
0.873808
0.884624
0.902481
0.90642
0.903601
0.894402
0.872275
0.839379
0.819781
0.814728
0.817993
0.841188
0.863702
0.87285
0.885456
0.907459
0.924091
0.92949
0.928127
0.911929
0.84898
0.800457
0.785547
0.786446
0.806343
0.876516
0.93677
0.969337
0.985705
0.993717
0.997277
0.998652
0.999097
0.999171
0.999101
0.998579
0.996572
0.994761
0.994114
0.994063
0.994253
0.99452
0.994508
0.99397
0.991639
0.989719
0.988466
0.986103
0.979046
0.968635
0.963193
0.962116
0.96286
0.967038
0.74697
0.737827
0.736754
0.731626
0.78655
0.839726
0.868063
0.895837
0.921521
0.939975
0.954372
0.966989
0.974125
0.980762
0.984166
0.98636
0.987308
0.987641
0.987619
0.986959
0.984823
0.980224
0.972856
0.964251
0.955469
0.947656
0.941554
0.937346
0.934527
0.932825
0.931825
0.931337
0.931327
0.93158
0.932335
0.934016
0.938041
0.941485
0.946282
0.956411
0.968864
0.978342
0.983414
0.984976
0.98491
0.983343
0.9764
0.969153
0.967483
0.968258
0.972734
0.983667
0.991955
0.996512
0.998637
0.999514
0.999841
0.999953
0.999988
0.999996
0.999977
0.999352
0.990277
0.919178
0.782681
0.728922
0.72916
0.755231
0.828069
0.853899
0.853712
0.847021
0.825089
0.810757
0.803401
0.798071
0.796935
0.797278
0.80092
0.815359
0.853321
0.887966
0.91404
0.928236
0.933798
0.933941
0.930925
0.91962
0.889038
0.813186
0.752807
0.72553
0.716043
0.714128
0.717671
0.727736
0.738782
0.745728
0.753725
0.758145
0.766082
0.769402
0.766235
0.75493
0.727618
0.703133
0.694434
0.695754
0.711142
0.766653
0.863793
0.885524
0.878596
0.873834
0.875083
0.875879
0.873498
0.860603
0.827629
0.806933
0.802884
0.806937
0.82037
0.841329
0.864722
0.895828
0.929402
0.954832
0.971182
0.975046
0.973725
0.967778
0.951405
0.90286
0.856052
0.837463
0.836487
0.850624
0.877643
0.889018
0.898082
0.91689
0.935035
0.943392
0.943694
0.934734
0.883494
0.815316
0.787817
0.783456
0.791688
0.84093
0.915249
0.960093
0.982913
0.993092
0.997303
0.998915
0.999434
0.999541
0.99951
0.9992
0.997862
0.996464
0.995943
0.995892
0.995994
0.996097
0.996029
0.99532
0.992729
0.990878
0.989704
0.987391
0.981206
0.975246
0.97286
0.972756
0.974153
0.97893
0.756944
0.747912
0.755809
0.752128
0.775604
0.832132
0.867508
0.894762
0.921253
0.940607
0.954662
0.96717
0.974737
0.980689
0.984118
0.986234
0.987226
0.987622
0.987636
0.987268
0.98579
0.981947
0.975134
0.967009
0.95854
0.950736
0.944364
0.939717
0.936517
0.934596
0.9332
0.932742
0.932881
0.933438
0.934705
0.936918
0.941862
0.946055
0.952082
0.962976
0.97452
0.981968
0.98464
0.985076
0.984639
0.981885
0.973237
0.967253
0.966409
0.967907
0.974861
0.986791
0.994302
0.997819
0.999208
0.999718
0.9999
0.999966
0.999989
0.999997
0.999999
0.99997
0.999091
0.986316
0.902582
0.787753
0.746276
0.751336
0.785565
0.834205
0.849827
0.849006
0.84211
0.821533
0.807107
0.798752
0.791542
0.790622
0.791255
0.795067
0.808222
0.84532
0.886816
0.913892
0.928735
0.934464
0.935965
0.934117
0.926368
0.90435
0.85125
0.777837
0.73778
0.721632
0.714541
0.712865
0.713683
0.716805
0.721044
0.726875
0.726085
0.722118
0.713153
0.702025
0.696642
0.693437
0.696981
0.715239
0.76908
0.873759
0.902298
0.896192
0.878842
0.873604
0.87606
0.876012
0.867232
0.828547
0.797129
0.790653
0.792758
0.802277
0.829127
0.877634
0.93196
0.969596
0.984291
0.990115
0.992299
0.992311
0.991915
0.990806
0.987495
0.975923
0.93163
0.884265
0.869795
0.871726
0.889227
0.904762
0.912815
0.927493
0.944384
0.954531
0.956447
0.952204
0.920995
0.839104
0.794337
0.783405
0.78619
0.815496
0.894135
0.949037
0.97817
0.991597
0.996981
0.998923
0.999564
0.999718
0.999714
0.999552
0.99873
0.997689
0.997278
0.997229
0.997276
0.9973
0.99717
0.996172
0.993478
0.992047
0.990785
0.987939
0.983988
0.981386
0.980694
0.980917
0.98293
0.987288
0.812981
0.766621
0.763598
0.768743
0.778869
0.807405
0.859245
0.889624
0.917326
0.938435
0.953045
0.965837
0.973953
0.979959
0.98365
0.985848
0.986987
0.987528
0.987616
0.987504
0.986886
0.985019
0.980192
0.972645
0.9649
0.957403
0.950833
0.945262
0.941278
0.938974
0.937038
0.936731
0.937046
0.938102
0.939831
0.94334
0.948411
0.952468
0.960059
0.971441
0.979968
0.98399
0.985104
0.984997
0.983685
0.977773
0.968451
0.965005
0.96539
0.969239
0.981067
0.992243
0.99723
0.999061
0.999695
0.999904
0.99997
0.99999
0.999997
0.999999
1
0.999999
0.999957
0.998815
0.982744
0.88722
0.796972
0.771335
0.780692
0.81394
0.83937
0.846434
0.844743
0.836557
0.816596
0.801844
0.792811
0.78466
0.782407
0.783082
0.786384
0.797558
0.82828
0.87892
0.91053
0.927888
0.934615
0.937258
0.936503
0.931973
0.918216
0.888849
0.823147
0.767869
0.73677
0.721687
0.716008
0.710314
0.707734
0.702808
0.699991
0.697232
0.695333
0.695278
0.697455
0.706539
0.731775
0.792513
0.887183
0.917949
0.916399
0.89704
0.871903
0.871432
0.877569
0.875867
0.851607
0.805469
0.7907
0.790259
0.798668
0.828608
0.897965
0.960771
0.983331
0.991381
0.994043
0.994776
0.994673
0.994094
0.993488
0.993203
0.992647
0.989941
0.977739
0.936507
0.907955
0.902886
0.907992
0.920626
0.928328
0.939747
0.953495
0.963108
0.965989
0.964232
0.94688
0.873931
0.807355
0.785534
0.785143
0.802531
0.873028
0.938148
0.973169
0.989588
0.996348
0.9988
0.999589
0.999801
0.99982
0.999744
0.99928
0.998544
0.99823
0.998185
0.998201
0.998193
0.997997
0.996803
0.994229
0.992589
0.991052
0.989049
0.987217
0.986314
0.986226
0.986624
0.989019
0.992423
0.920693
0.802635
0.773372
0.774191
0.782585
0.799561
0.835386
0.877696
0.908278
0.932621
0.948988
0.962377
0.971752
0.978284
0.98254
0.985082
0.986518
0.987293
0.987534
0.987504
0.987308
0.986604
0.984712
0.98038
0.973803
0.96675
0.960705
0.95533
0.950774
0.948058
0.945601
0.945356
0.945782
0.947011
0.948992
0.953212
0.957478
0.962607
0.972939
0.980712
0.984216
0.985286
0.985272
0.984475
0.980917
0.970598
0.96324
0.962521
0.964773
0.974376
0.988487
0.995503
0.998418
0.999487
0.999842
0.999953
0.999986
0.999996
0.999999
1
1
1
0.999999
0.99994
0.9985
0.980019
0.882876
0.810153
0.796903
0.806856
0.831272
0.841481
0.84285
0.840221
0.828481
0.809084
0.795563
0.786105
0.778336
0.773625
0.77388
0.776139
0.784513
0.806427
0.86138
0.902342
0.924106
0.933875
0.937792
0.937984
0.93603
0.929364
0.912704
0.88203
0.826813
0.778392
0.750581
0.732886
0.721525
0.714871
0.710353
0.711053
0.714264
0.722684
0.739123
0.772167
0.840819
0.906048
0.931208
0.932179
0.920423
0.87841
0.861736
0.869711
0.881345
0.874382
0.830224
0.800236
0.792851
0.802308
0.838154
0.917701
0.968902
0.987187
0.993182
0.994882
0.995221
0.995153
0.994819
0.99376
0.993061
0.993003
0.992962
0.992384
0.988614
0.969518
0.939616
0.929651
0.930244
0.936594
0.944174
0.953724
0.964236
0.971661
0.974326
0.97368
0.963835
0.909724
0.826906
0.790832
0.786211
0.796874
0.855981
0.928685
0.968817
0.987823
0.995715
0.998617
0.999566
0.999836
0.99988
0.999849
0.999606
0.99912
0.998898
0.998858
0.998858
0.998828
0.998573
0.997299
0.994761
0.992958
0.991605
0.990497
0.989795
0.989598
0.989699
0.990522
0.993398
0.995673
0.931593
0.916059
0.812637
0.783917
0.785862
0.796421
0.820087
0.853132
0.888878
0.921024
0.941451
0.956195
0.967277
0.975027
0.980368
0.983666
0.985673
0.986817
0.987313
0.987429
0.987374
0.98716
0.986522
0.984904
0.9818
0.976519
0.971298
0.96656
0.962026
0.959405
0.956864
0.956395
0.95679
0.957921
0.96059
0.963776
0.968242
0.976394
0.981894
0.984578
0.985507
0.9855
0.984899
0.98205
0.972828
0.962017
0.959661
0.961238
0.967639
0.984024
0.993975
0.997978
0.999347
0.999796
0.999937
0.999981
0.999994
0.999998
0.999999
1
1
1
1
0.999998
0.999918
0.998156
0.977646
0.885889
0.825456
0.817214
0.823214
0.836176
0.840028
0.839344
0.834736
0.818846
0.800596
0.789036
0.779624
0.772388
0.765584
0.764786
0.76601
0.771253
0.786941
0.830899
0.886389
0.916309
0.931138
0.936772
0.938869
0.93848
0.935918
0.928568
0.915481
0.891553
0.862328
0.826914
0.802982
0.784122
0.778502
0.781915
0.792455
0.817537
0.846416
0.895746
0.926981
0.941141
0.942588
0.936494
0.899567
0.855993
0.855375
0.877227
0.88704
0.871424
0.822389
0.801193
0.806563
0.840765
0.925291
0.970137
0.987432
0.993283
0.994976
0.995305
0.995283
0.995097
0.9944
0.993397
0.992657
0.992446
0.992546
0.992515
0.991346
0.983614
0.960806
0.949683
0.948715
0.951021
0.957861
0.966454
0.974549
0.979754
0.981663
0.981417
0.975554
0.93993
0.849431
0.799722
0.788631
0.79522
0.843205
0.920284
0.964759
0.986117
0.995076
0.998409
0.999519
0.999845
0.999914
0.999905
0.999787
0.999489
0.999347
0.999317
0.999305
0.999249
0.998954
0.997631
0.995234
0.993549
0.99249
0.991894
0.991678
0.991695
0.992075
0.993715
0.99607
0.997481
0.921508
0.921797
0.908642
0.82461
0.794798
0.798024
0.809632
0.83929
0.865832
0.897605
0.927632
0.94698
0.960752
0.970308
0.976902
0.981277
0.984142
0.985913
0.986832
0.987216
0.987293
0.987239
0.987063
0.986576
0.98553
0.98315
0.980211
0.976755
0.973221
0.97106
0.968788
0.968471
0.968854
0.970086
0.971988
0.975826
0.980429
0.983602
0.985241
0.985791
0.985747
0.985178
0.982701
0.974798
0.960716
0.956845
0.958001
0.963146
0.978626
0.991713
0.997172
0.999088
0.999716
0.999913
0.999974
0.999992
0.999998
0.999999
1
1
1
1
1
1
0.999997
0.999875
0.997387
0.975163
0.889326
0.838059
0.828421
0.829896
0.834984
0.836753
0.834924
0.827837
0.809793
0.794085
0.782893
0.773778
0.766301
0.759051
0.756321
0.756822
0.759906
0.770867
0.800194
0.864423
0.90405
0.925261
0.934672
0.938607
0.939857
0.939407
0.937635
0.93201
0.926383
0.91393
0.908454
0.899419
0.898799
0.901393
0.907976
0.918692
0.930477
0.941017
0.947082
0.947832
0.945092
0.926305
0.863757
0.840438
0.850926
0.889261
0.893813
0.865375
0.820322
0.815885
0.832805
0.906698
0.962596
0.984258
0.992061
0.994574
0.995228
0.995305
0.995084
0.99465
0.994107
0.993361
0.992633
0.992319
0.992306
0.992338
0.991924
0.98841
0.973866
0.963624
0.961974
0.963028
0.967918
0.975903
0.98241
0.986106
0.987348
0.987217
0.983513
0.959815
0.87517
0.810881
0.792749
0.796332
0.834922
0.91424
0.961834
0.984882
0.994596
0.998239
0.999468
0.999842
0.999933
0.999937
0.999883
0.999715
0.99963
0.999609
0.999589
0.99952
0.999204
0.997877
0.995728
0.994293
0.993509
0.993193
0.993153
0.993302
0.994177
0.996018
0.99756
0.998488
0.905719
0.903008
0.911662
0.891412
0.820798
0.803786
0.808485
0.823294
0.853431
0.876181
0.901168
0.927421
0.948738
0.962437
0.971615
0.977726
0.981775
0.984362
0.9859
0.98672
0.987066
0.987151
0.987112
0.986995
0.986708
0.985876
0.984943
0.983105
0.981317
0.97993
0.978506
0.978439
0.978766
0.979656
0.981607
0.983633
0.985087
0.985884
0.986045
0.985952
0.985301
0.982851
0.975803
0.959421
0.954125
0.954969
0.959315
0.973475
0.989672
0.996444
0.998827
0.999626
0.999885
0.999965
0.99999
0.999997
0.999999
1
1
1
1
1
1
1
1
0.999992
0.999731
0.995973
0.973259
0.891932
0.845693
0.832258
0.82903
0.83089
0.831572
0.8286
0.818811
0.80289
0.789709
0.778335
0.768622
0.760154
0.752777
0.748702
0.748517
0.750043
0.757202
0.77793
0.83592
0.888123
0.915998
0.93069
0.936966
0.94011
0.94149
0.941467
0.941137
0.939786
0.938956
0.937807
0.938073
0.939015
0.94079
0.943791
0.947168
0.949595
0.949808
0.948645
0.939065
0.889548
0.834113
0.830638
0.861558
0.901883
0.900333
0.860564
0.830537
0.832618
0.869017
0.944936
0.976559
0.98889
0.993397
0.994852
0.995229
0.995102
0.994407
0.99392
0.993793
0.993459
0.992763
0.992329
0.992239
0.992233
0.992033
0.990162
0.980988
0.972756
0.971066
0.971648
0.975219
0.982231
0.987554
0.990355
0.991206
0.991113
0.988652
0.97228
0.899448
0.823088
0.797774
0.798756
0.829722
0.908955
0.959253
0.983803
0.994196
0.998103
0.999427
0.999836
0.999943
0.999956
0.999933
0.999846
0.999799
0.999785
0.999762
0.999687
0.99937
0.99809
0.996241
0.995085
0.994537
0.994385
0.994415
0.99476
0.996027
0.997422
0.998461
0.999084
0.900769
0.897425
0.907404
0.902849
0.852015
0.81397
0.811836
0.818047
0.834783
0.862778
0.883363
0.903213
0.924705
0.945679
0.961368
0.971154
0.977471
0.981551
0.984132
0.985671
0.986507
0.986883
0.987012
0.986992
0.986933
0.986737
0.986473
0.985848
0.985297
0.984586
0.984048
0.984075
0.984291
0.984847
0.985547
0.986085
0.986299
0.986277
0.986077
0.985201
0.982442
0.975279
0.957709
0.951269
0.951918
0.955789
0.968801
0.987865
0.995702
0.998554
0.999533
0.999854
0.999956
0.999987
0.999996
0.999999
1
1
1
1
1
1
1
1
1
1
0.999975
0.999457
0.994733
0.971294
0.895526
0.847497
0.832748
0.824439
0.823491
0.823732
0.819788
0.809124
0.796539
0.78534
0.774601
0.763703
0.753529
0.744931
0.740464
0.739731
0.740662
0.745726
0.762178
0.810531
0.869553
0.904118
0.923328
0.933784
0.93876
0.941514
0.943346
0.944302
0.944726
0.945185
0.9456
0.946081
0.946966
0.948595
0.949922
0.950161
0.94931
0.943507
0.916686
0.840535
0.814688
0.824447
0.882209
0.914078
0.905473
0.859214
0.844609
0.854784
0.914386
0.961994
0.982535
0.990757
0.993856
0.994899
0.995018
0.99468
0.993332
0.99283
0.993024
0.99335
0.993082
0.992461
0.992247
0.992193
0.992027
0.990821
0.984657
0.978571
0.977225
0.977635
0.980468
0.986349
0.990683
0.992927
0.993586
0.993524
0.991836
0.980139
0.920167
0.835512
0.803284
0.802348
0.82803
0.9057
0.95798
0.983319
0.994027
0.998051
0.999413
0.999834
0.999949
0.999969
0.99996
0.999919
0.999895
0.999884
0.999863
0.999789
0.999482
0.998287
0.99675
0.995861
0.995502
0.995447
0.995541
0.996122
0.997366
0.99834
0.999036
0.999448
0.896317
0.894798
0.9045
0.904134
0.863646
0.827646
0.819227
0.820384
0.827004
0.843082
0.869677
0.889195
0.905608
0.922346
0.939861
0.95758
0.969016
0.97616
0.980694
0.983523
0.985226
0.986177
0.986645
0.986851
0.986877
0.98685
0.986796
0.986654
0.986551
0.986328
0.986228
0.986253
0.986328
0.986477
0.986532
0.986514
0.986394
0.985965
0.984682
0.981244
0.973303
0.954864
0.948165
0.948737
0.952407
0.964883
0.986139
0.994979
0.998285
0.99944
0.999824
0.999946
0.999984
0.999995
0.999999
1
1
1
1
1
1
1
1
1
1
1
0.999998
0.999934
0.999132
0.993634
0.970671
0.897594
0.849972
0.829531
0.820165
0.814842
0.813906
0.80878
0.798664
0.788882
0.778748
0.767392
0.755474
0.744958
0.736835
0.73292
0.732235
0.732906
0.736759
0.7495
0.785328
0.845764
0.886801
0.911347
0.925854
0.934339
0.939247
0.942124
0.944027
0.945237
0.945798
0.946338
0.947254
0.948589
0.948311
0.946843
0.941851
0.923366
0.858125
0.806305
0.804236
0.831633
0.907999
0.92582
0.909323
0.867161
0.861188
0.879383
0.935837
0.97036
0.985402
0.991618
0.994011
0.994745
0.994729
0.994109
0.991924
0.991048
0.991445
0.992776
0.993105
0.992708
0.992316
0.992195
0.991994
0.991042
0.986609
0.982455
0.981555
0.981886
0.984227
0.989087
0.99257
0.994397
0.994953
0.994919
0.993742
0.985112
0.936766
0.847156
0.809056
0.806344
0.828357
0.903232
0.957174
0.983147
0.994032
0.998065
0.999419
0.999837
0.999953
0.999977
0.999975
0.999959
0.999948
0.999939
0.99992
0.99985
0.999558
0.99847
0.99723
0.996575
0.99636
0.996356
0.996532
0.9973
0.998266
0.998947
0.999404
0.999671
0.891547
0.882747
0.888175
0.889379
0.852135
0.83173
0.825296
0.825448
0.827836
0.834149
0.846997
0.871815
0.892362
0.907742
0.921326
0.934648
0.949451
0.963891
0.973251
0.978931
0.982374
0.984457
0.985626
0.986285
0.986581
0.986715
0.986743
0.986732
0.986714
0.986678
0.986676
0.986685
0.986679
0.986641
0.986515
0.986156
0.985316
0.983428
0.978966
0.968989
0.951231
0.9449
0.945483
0.949214
0.961741
0.984632
0.994324
0.998029
0.999348
0.999793
0.999936
0.999981
0.999994
0.999998
0.999999
1
1
1
1
1
1
1
1
1
1
1
1
0.999993
0.999871
0.998801
0.992914
0.97119
0.90295
0.851197
0.826203
0.815759
0.80893
0.804618
0.797685
0.789104
0.779394
0.768621
0.756922
0.745827
0.737032
0.730449
0.727257
0.726696
0.727171
0.729864
0.738614
0.759484
0.810376
0.857556
0.888651
0.909131
0.921624
0.929179
0.934533
0.937611
0.939516
0.941412
0.942465
0.94176
0.939178
0.933157
0.91838
0.870632
0.805161
0.790691
0.799262
0.858421
0.927349
0.93671
0.911814
0.87829
0.878206
0.907602
0.953464
0.976385
0.987176
0.992042
0.994041
0.994452
0.994391
0.993493
0.990149
0.988462
0.988911
0.991336
0.992849
0.992944
0.992448
0.992199
0.991929
0.990947
0.98748
0.985033
0.984603
0.984973
0.987223
0.991139
0.993802
0.995189
0.995649
0.995639
0.994813
0.988288
0.94974
0.857997
0.814924
0.810544
0.830107
0.903189
0.957418
0.983324
0.994126
0.998111
0.999437
0.999843
0.999957
0.999983
0.999984
0.99998
0.999975
0.999968
0.999951
0.999887
0.999611
0.998639
0.997667
0.997201
0.997083
0.99711
0.997378
0.998178
0.998873
0.999338
0.999634
0.999804
0.890387
0.874283
0.867353
0.862064
0.847215
0.836432
0.833104
0.830803
0.830653
0.832599
0.837215
0.847234
0.867575
0.890265
0.908071
0.921196
0.933293
0.943815
0.955921
0.966579
0.975129
0.980067
0.98291
0.984584
0.985523
0.98605
0.98633
0.986462
0.98653
0.986532
0.98652
0.986465
0.986313
0.98596
0.985209
0.983601
0.980928
0.975342
0.961951
0.946532
0.941474
0.942231
0.94641
0.959691
0.983531
0.993791
0.997796
0.999256
0.999759
0.999924
0.999977
0.999993
0.999998
0.999999
1
1
1
1
1
1
1
1
1
1
1
1
1
0.999999
0.999983
0.999796
0.998516
0.992654
0.972338
0.910832
0.851674
0.824096
0.811068
0.803463
0.795688
0.787579
0.778459
0.768327
0.757566
0.747097
0.73777
0.730891
0.725924
0.723318
0.722791
0.723052
0.724594
0.729335
0.740317
0.765446
0.809095
0.846062
0.8727
0.891269
0.904523
0.910861
0.916978
0.921867
0.921673
0.91913
0.912314
0.898862
0.86583
0.802402
0.782455
0.784789
0.807917
0.894764
0.945478
0.946709
0.915647
0.893857
0.89761
0.929028
0.963788
0.980473
0.988348
0.992225
0.993887
0.994254
0.994123
0.992899
0.988271
0.985252
0.985355
0.988444
0.991797
0.992954
0.992716
0.992229
0.991801
0.990673
0.98853
0.987389
0.987249
0.987571
0.989557
0.992719
0.994588
0.995524
0.995889
0.995908
0.995348
0.990291
0.958504
0.867716
0.820371
0.814795
0.833126
0.904158
0.958182
0.98378
0.994347
0.998201
0.999468
0.999852
0.99996
0.999986
0.99999
0.99999
0.999988
0.999983
0.999968
0.999908
0.999648
0.998796
0.99805
0.997727
0.997668
0.99772
0.998068
0.998765
0.999263
0.999581
0.999774
0.999882
0.915014
0.922963
0.924463
0.926159
0.927804
0.928636
0.917729
0.864076
0.839053
0.835471
0.836541
0.839232
0.845563
0.856707
0.880761
0.903369
0.919863
0.93307
0.943178
0.952348
0.960456
0.968279
0.974564
0.979028
0.98191
0.983581
0.984528
0.985057
0.985344
0.98533
0.985207
0.984846
0.984185
0.982819
0.98062
0.976383
0.969282
0.953041
0.940989
0.938175
0.939161
0.944194
0.959194
0.982999
0.993421
0.997594
0.999163
0.999721
0.999911
0.999972
0.999992
0.999997
0.999999
1
1
1
1
1
1
1
1
1
1
1
1
1
1
1
0.999998
0.999968
0.999719
0.998335
0.9927
0.974176
0.919575
0.855334
0.823582
0.807485
0.796812
0.787518
0.778159
0.768291
0.758073
0.748191
0.739274
0.731783
0.726424
0.722843
0.720719
0.720096
0.720157
0.720767
0.722669
0.727167
0.735177
0.754277
0.781013
0.811431
0.834713
0.84717
0.863321
0.873819
0.87375
0.869387
0.8581
0.836204
0.792976
0.774723
0.774342
0.783361
0.834837
0.928638
0.958988
0.954502
0.920806
0.908433
0.915828
0.95037
0.973641
0.983448
0.988874
0.99226
0.993825
0.994189
0.993997
0.992361
0.987311
0.983991
0.98296
0.984211
0.989098
0.992394
0.993041
0.992421
0.991767
0.990847
0.989832
0.989184
0.989039
0.989416
0.991718
0.99399
0.99501
0.995545
0.995887
0.995926
0.995563
0.991549
0.964567
0.876446
0.825664
0.819232
0.836954
0.906597
0.959725
0.984556
0.994669
0.998314
0.999504
0.999863
0.999963
0.999989
0.999994
0.999995
0.999994
0.999991
0.999977
0.999921
0.999673
0.998937
0.998377
0.998158
0.998133
0.998205
0.998594
0.999149
0.999511
0.99973
0.999858
0.999927
0.996162
0.992893
0.982006
0.973581
0.973802
0.980289
0.99253
0.991886
0.923252
0.854816
0.841414
0.841034
0.842344
0.845285
0.851899
0.864937
0.888136
0.912812
0.929208
0.941444
0.95118
0.958827
0.964867
0.969912
0.973772
0.976906
0.979055
0.980374
0.981284
0.981265
0.980959
0.98019
0.978664
0.975257
0.970033
0.958495
0.943117
0.935789
0.935554
0.936922
0.94319
0.961202
0.983505
0.993408
0.997498
0.999095
0.999688
0.999897
0.999967
0.99999
0.999997
0.999999
1
1
1
1
1
1
1
1
1
1
1
1
1
1
1
1
1
0.999996
0.999953
0.99967
0.99832
0.993312
0.977482
0.936366
0.86667
0.827326
0.805185
0.790793
0.779571
0.769201
0.759294
0.749784
0.741059
0.73347
0.727572
0.72339
0.720808
0.719243
0.718542
0.718443
0.718555
0.719027
0.720224
0.722306
0.725974
0.736435
0.749951
0.757194
0.772684
0.791155
0.794678
0.792455
0.786162
0.774702
0.765627
0.765954
0.77137
0.796782
0.883034
0.954769
0.970205
0.960255
0.930658
0.926971
0.93766
0.965495
0.978638
0.984855
0.989049
0.992139
0.99377
0.994162
0.993936
0.991924
0.986879
0.983745
0.98241
0.982233
0.984173
0.989985
0.992932
0.993139
0.992231
0.991452
0.990765
0.990478
0.990634
0.991852
0.99376
0.994751
0.995002
0.995168
0.995454
0.995762
0.995497
0.99225
0.968522
0.883113
0.830562
0.823924
0.842027
0.911183
0.9621
0.985601
0.995061
0.998444
0.999543
0.999874
0.999967
0.999991
0.999996
0.999997
0.999997
0.999994
0.999982
0.999929
0.999692
0.99908
0.998678
0.998538
0.998533
0.998621
0.999007
0.999423
0.999679
0.999828
0.999911
0.999956
0.999915
0.99972
0.999121
0.997482
0.996287
0.996367
0.996956
0.997861
0.996705
0.989961
0.970827
0.9519
0.915075
0.873021
0.859115
0.859858
0.864132
0.873099
0.892516
0.91364
0.932235
0.9449
0.953771
0.960616
0.965475
0.969369
0.971774
0.973734
0.974334
0.97409
0.973193
0.971041
0.966139
0.955359
0.941476
0.933019
0.931918
0.932683
0.936268
0.945649
0.968278
0.986074
0.994195
0.997696
0.99913
0.999688
0.999893
0.999965
0.999989
0.999997
0.999999
1
1
1
1
1
1
1
1
1
1
1
1
1
1
1
1
1
1
0.999999
0.999993
0.999945
0.999676
0.998535
0.994587
0.983012
0.956929
0.895009
0.839949
0.808269
0.788468
0.774385
0.763123
0.753287
0.744353
0.736557
0.730059
0.72517
0.721795
0.719708
0.718646
0.718199
0.718097
0.718116
0.718266
0.718765
0.719917
0.723125
0.728004
0.73123
0.737286
0.74837
0.75518
0.757277
0.757577
0.757232
0.758749
0.763436
0.779747
0.839489
0.935703
0.974957
0.97921
0.964708
0.944764
0.944509
0.958438
0.977327
0.983817
0.986092
0.989064
0.992014
0.99372
0.994152
0.993893
0.991641
0.986677
0.983707
0.982348
0.981832
0.981716
0.984137
0.990761
0.993507
0.993735
0.993145
0.992761
0.992698
0.993067
0.994009
0.99466
0.994791
0.994193
0.993083
0.993344
0.994828
0.99502
0.992359
0.971007
0.888292
0.835293
0.829173
0.848886
0.918058
0.965447
0.986998
0.995566
0.998608
0.999593
0.999888
0.999971
0.999992
0.999997
0.999998
0.999998
0.999996
0.999984
0.999933
0.999702
0.999219
0.998943
0.998861
0.998866
0.998971
0.999318
0.999615
0.999792
0.999892
0.999945
0.999973
0.999998
0.999991
0.999964
0.99988
0.99968
0.999649
0.999668
0.999743
0.99972
0.999446
0.998196
0.995312
0.989198
0.97529
0.947325
0.899789
0.876488
0.874291
0.876218
0.881806
0.892415
0.90753
0.921619
0.93342
0.942686
0.948928
0.95379
0.955041
0.954459
0.952529
0.948325
0.939436
0.92971
0.925861
0.926142
0.927826
0.932009
0.940916
0.959105
0.979417
0.990395
0.995775
0.99824
0.999305
0.999739
0.999907
0.999968
0.99999
0.999997
0.999999
1
1
1
1
1
1
1
1
1
1
1
1
1
1
1
1
1
1
1
1
0.999999
0.999992
0.999947
0.99973
0.998893
0.996186
0.989014
0.97174
0.935937
0.873487
0.825852
0.796286
0.776916
0.762968
0.752004
0.742995
0.735479
0.729545
0.725142
0.722113
0.720257
0.719478
0.719374
0.719456
0.719779
0.720543
0.722179
0.725402
0.728768
0.73094
0.734616
0.74184
0.746915
0.749724
0.751381
0.75362
0.758085
0.771019
0.810429
0.910832
0.96992
0.986748
0.985914
0.969386
0.961145
0.96397
0.978055
0.985186
0.986552
0.986881
0.988457
0.991721
0.993675
0.99415
0.993856
0.991387
0.986595
0.983807
0.982546
0.981902
0.981409
0.980417
0.983579
0.990864
0.994089
0.994786
0.994666
0.994536
0.994569
0.994691
0.99469
0.994163
0.99094
0.988881
0.989218
0.992271
0.993878
0.99182
0.970766
0.88901
0.839089
0.834614
0.85762
0.926781
0.969549
0.988682
0.996171
0.998805
0.999653
0.999905
0.999975
0.999993
0.999998
0.999998
0.999998
0.999996
0.999985
0.999934
0.999708
0.999343
0.999159
0.999115
0.999129
0.999244
0.999534
0.999742
0.999864
0.999931
0.999966
0.999983
1
1
0.999999
0.999996
0.999985
0.999978
0.999978
0.99998
0.999978
0.999966
0.999894
0.999644
0.99893
0.997022
0.99233
0.98181
0.958259
0.918376
0.893809
0.887358
0.88814
0.890648
0.896233
0.902382
0.90858
0.91327
0.916723
0.918483
0.918395
0.917096
0.916309
0.916795
0.918667
0.922872
0.933434
0.947072
0.964673
0.980309
0.989667
0.994892
0.99762
0.998953
0.999564
0.999828
0.999936
0.999977
0.999992
0.999997
0.999999
1
1
1
1
1
1
1
1
1
1
1
1
1
1
1
1
1
1
1
1
1
1
0.999999
0.999993
0.999958
0.999809
0.999277
0.997688
0.993546
0.983771
0.963265
0.928017
0.877256
0.828485
0.796552
0.775149
0.760029
0.748714
0.740223
0.733993
0.729203
0.725796
0.724378
0.724297
0.724556
0.725623
0.727147
0.728633
0.731883
0.735727
0.738413
0.74017
0.743188
0.746255
0.748713
0.750819
0.755182
0.766839
0.800478
0.891515
0.960692
0.987
0.992471
0.989408
0.977458
0.975304
0.979958
0.987642
0.989152
0.987743
0.987177
0.988005
0.991439
0.993661
0.994169
0.993826
0.991049
0.986581
0.984304
0.983324
0.9826
0.981699
0.979657
0.978656
0.98124
0.987733
0.992089
0.993822
0.994303
0.99443
0.994386
0.993801
0.99067
0.985761
0.984334
0.984793
0.988514
0.991855
0.990348
0.969187
0.887483
0.842439
0.840369
0.869269
0.936847
0.974238
0.990582
0.99685
0.999025
0.999719
0.999924
0.99998
0.999995
0.999998
0.999998
0.999998
0.999996
0.999984
0.999932
0.999717
0.999453
0.999336
0.999316
0.999335
0.99946
0.999683
0.999829
0.999912
0.999956
0.999979
0.99999
1
1
1
1
1
0.999999
0.999999
0.999999
0.999999
0.999998
0.999994
0.999978
0.999916
0.99971
0.999096
0.997461
0.99335
0.985199
0.966915
0.942873
0.919659
0.906871
0.903573
0.904171
0.905981
0.908299
0.911746
0.914206
0.915907
0.918954
0.926259
0.93795
0.951977
0.968082
0.979969
0.987939
0.993046
0.99617
0.997996
0.999008
0.999536
0.999795
0.999914
0.999966
0.999987
0.999995
0.999998
0.999999
1
1
1
1
1
1
1
1
1
1
1
1
1
1
1
1
1
1
1
1
1
1
1
1
0.999999
0.999995
0.999972
0.999885
0.999595
0.99877
0.996658
0.991892
0.982122
0.961713
0.934991
0.900473
0.857554
0.817337
0.789806
0.771117
0.757955
0.748287
0.741705
0.737343
0.734641
0.733955
0.734064
0.734453
0.735222
0.736863
0.739149
0.741525
0.743882
0.746228
0.748398
0.750845
0.755987
0.76826
0.800233
0.885896
0.955823
0.98494
0.994829
0.995773
0.991096
0.987151
0.987515
0.990167
0.991967
0.991044
0.987962
0.987111
0.987875
0.991385
0.993723
0.994238
0.993829
0.990862
0.986968
0.985476
0.984907
0.984253
0.982556
0.97951
0.977015
0.976869
0.978019
0.979748
0.98324
0.98791
0.990315
0.990495
0.988283
0.982761
0.979827
0.979263
0.980095
0.985784
0.990236
0.988706
0.965643
0.883711
0.845901
0.846872
0.88466
0.947408
0.979182
0.992545
0.997545
0.99925
0.999786
0.999942
0.999985
0.999996
0.999998
0.999998
0.999998
0.999995
0.999983
0.999928
0.99973
0.999547
0.999478
0.999471
0.999497
0.999623
0.999786
0.999887
0.999943
0.999972
0.999987
0.999994
1
1
1
1
1
1
1
1
1
1
1
0.999999
0.999995
0.999978
0.999917
0.999725
0.99918
0.997903
0.995072
0.988537
0.98081
0.968063
0.956839
0.947036
0.94206
0.941997
0.943384
0.946831
0.954743
0.965733
0.975927
0.984077
0.989984
0.993945
0.996455
0.997982
0.998884
0.999403
0.999693
0.999849
0.999929
0.999968
0.999987
0.999995
0.999998
0.999999
1
1
1
1
1
1
1
1
1
1
1
1
1
1
1
1
1
1
1
1
1
1
1
1
1
1
1
0.999999
0.999997
0.999985
0.999941
0.999805
0.999431
0.998514
0.996417
0.991432
0.98473
0.970162
0.951023
0.931344
0.90446
0.86919
0.833058
0.805763
0.786549
0.773105
0.764028
0.757806
0.753349
0.750787
0.749821
0.749558
0.749667
0.75012
0.751307
0.754129
0.757824
0.764677
0.779362
0.812762
0.8971
0.958439
0.984743
0.995044
0.99802
0.997804
0.99476
0.993062
0.99313
0.99411
0.994032
0.991757
0.9876
0.986663
0.987631
0.991481
0.993889
0.99438
0.993885
0.99081
0.988084
0.987414
0.987138
0.985769
0.982828
0.978957
0.975927
0.975105
0.975023
0.974725
0.9745
0.975592
0.978019
0.978546
0.977375
0.975387
0.974578
0.974876
0.97768
0.98569
0.989331
0.987091
0.958281
0.877308
0.849813
0.85502
0.90297
0.958233
0.984
0.994411
0.998196
0.999458
0.999847
0.999959
0.999989
0.999996
0.999998
0.999998
0.999997
0.999993
0.999979
0.999919
0.999746
0.999627
0.999591
0.999591
0.999623
0.999741
0.999856
0.999925
0.999963
0.999982
0.999992
0.999996
1
1
1
1
1
1
1
1
1
1
1
1
1
0.999999
0.999994
0.999978
0.999924
0.999778
0.999425
0.998624
0.996966
0.994317
0.991458
0.987807
0.985772
0.985701
0.986252
0.987879
0.990938
0.993758
0.995969
0.997532
0.998554
0.999181
0.999548
0.999756
0.99987
0.999932
0.999966
0.999983
0.999992
0.999996
0.999998
0.999999
1
1
1
1
1
1
1
1
1
1
1
1
1
1
1
1
1
1
1
1
1
1
1
1
1
1
1
1
1
1
1
0.999998
0.999993
0.999974
0.99992
0.999776
0.999424
0.998608
0.997155
0.993337
0.988693
0.983326
0.970325
0.957111
0.94745
0.929224
0.901785
0.87171
0.846153
0.825419
0.808953
0.797873
0.789931
0.78197
0.778252
0.77848
0.78015
0.784352
0.792902
0.810223
0.847877
0.924903
0.96756
0.987392
0.995592
0.9986
0.999271
0.998855
0.996812
0.995832
0.995845
0.995949
0.995381
0.991702
0.986524
0.985656
0.987175
0.99176
0.994156
0.99461
0.994029
0.991211
0.989941
0.989845
0.98907
0.986207
0.98247
0.976786
0.973027
0.972463
0.972534
0.971965
0.970273
0.970047
0.970599
0.971082
0.970936
0.970594
0.971267
0.973395
0.978097
0.985993
0.988635
0.985236
0.945582
0.871576
0.854449
0.865983
0.923299
0.968562
0.98837
0.996059
0.998761
0.999635
0.999897
0.999971
0.999991
0.999995
0.999996
0.999996
0.999994
0.999989
0.999972
0.999903
0.999769
0.999697
0.99968
0.999684
0.999721
0.999824
0.999903
0.99995
0.999976
0.999988
0.999995
0.999997
1
1
1
1
1
1
1
1
1
1
1
1
1
1
1
0.999999
0.999995
0.999982
0.99995
0.999873
0.99968
0.999357
0.998909
0.99817
0.997788
0.997791
0.997929
0.998361
0.99887
0.999275
0.999562
0.999748
0.999861
0.999925
0.999961
0.99998
0.99999
0.999995
0.999997
0.999999
0.999999
1
1
1
1
1
1
1
1
1
1
1
1
1
1
1
1
1
1
1
1
1
1
1
1
1
1
1
1
1
1
1
1
1
1
1
0.999999
0.999997
0.999991
0.999972
0.999924
0.999812
0.999576
0.998939
0.998158
0.996729
0.993586
0.991338
0.987606
0.979675
0.974131
0.970119
0.962247
0.9459
0.923107
0.904944
0.888776
0.867257
0.853347
0.852194
0.854668
0.862637
0.87958
0.918407
0.956863
0.980045
0.991767
0.996936
0.998979
0.999653
0.999726
0.99939
0.997976
0.997293
0.997235
0.9971
0.995894
0.990311
0.984987
0.984461
0.986953
0.992123
0.994519
0.994953
0.994315
0.992559
0.992416
0.991795
0.98977
0.986053
0.980498
0.972419
0.96704
0.965878
0.965781
0.964827
0.963602
0.963938
0.964764
0.965279
0.965585
0.967822
0.971201
0.973781
0.979683
0.986574
0.988181
0.982124
0.927154
0.867507
0.860016
0.882518
0.943494
0.977704
0.992078
0.997409
0.999208
0.99977
0.999934
0.999979
0.999991
0.999993
0.999993
0.999991
0.999987
0.99998
0.999957
0.99988
0.999792
0.999754
0.999748
0.999755
0.999799
0.99988
0.999935
0.999967
0.999984
0.999992
0.999996
0.999998
1
1
1
1
1
1
1
1
1
1
1
1
1
1
1
1
1
0.999999
0.999997
0.999991
0.999976
0.999951
0.999911
0.999822
0.999782
0.999785
0.999808
0.999865
0.999913
0.999947
0.99997
0.999984
0.999991
0.999996
0.999998
0.999999
0.999999
1
1
1
1
1
1
1
1
1
1
1
1
1
1
1
1
1
1
1
1
1
1
1
1
1
1
1
1
1
1
1
1
1
1
1
1
1
1
1
1
1
0.999999
0.999997
0.999992
0.999979
0.99995
0.999878
0.999763
0.99948
0.999134
0.998617
0.99756
0.996818
0.995852
0.993424
0.991629
0.990428
0.987561
0.984445
0.979607
0.968014
0.959621
0.958689
0.959849
0.963631
0.972658
0.982995
0.991067
0.995934
0.998365
0.999415
0.99981
0.999911
0.999878
0.999511
0.998482
0.998127
0.998024
0.997754
0.99598
0.988411
0.983369
0.983353
0.987235
0.99266
0.995015
0.995445
0.994848
0.994662
0.994083
0.992453
0.989812
0.984861
0.976706
0.965764
0.958793
0.955159
0.953475
0.953525
0.954612
0.956596
0.957839
0.959328
0.963515
0.969559
0.97307
0.976085
0.982322
0.987323
0.987597
0.975309
0.905084
0.866117
0.866895
0.907358
0.960522
0.985241
0.994987
0.998421
0.999527
0.99986
0.999955
0.999981
0.999987
0.999987
0.999984
0.999978
0.999972
0.999961
0.999932
0.999862
0.999812
0.999795
0.999795
0.999806
0.999859
0.99992
0.999957
0.999978
0.999989
0.999994
0.999997
0.999998
1
1
1
1
1
1
1
1
1
1
1
1
1
1
1
1
1
1
1
1
0.999999
0.999997
0.999995
0.999989
0.999987
0.999987
0.99999
0.999993
0.999996
0.999998
0.999999
0.999999
1
1
1
1
1
1
1
1
1
1
1
1
1
1
1
1
1
1
1
1
1
1
1
1
1
1
1
1
1
1
1
1
1
1
1
1
1
1
1
1
1
1
1
1
1
1
1
1
0.999999
0.999998
0.999995
0.999989
0.999975
0.999943
0.999905
0.999814
0.999687
0.999607
0.999458
0.999115
0.998922
0.998703
0.998145
0.997672
0.997047
0.99518
0.99301
0.992571
0.992722
0.993387
0.995187
0.997137
0.998545
0.999356
0.99975
0.999915
0.999969
0.99997
0.999912
0.999506
0.998857
0.998661
0.998608
0.998068
0.995054
0.985638
0.981684
0.982394
0.988026
0.993363
0.995636
0.996109
0.99614
0.995814
0.994569
0.992495
0.989374
0.98237
0.970528
0.956709
0.948361
0.941695
0.941361
0.943095
0.94652
0.949262
0.952886
0.960648
0.969241
0.975322
0.977252
0.979514
0.984833
0.987713
0.986211
0.956407
0.886255
0.867712
0.880683
0.935997
0.974613
0.991001
0.997079
0.999105
0.999729
0.999911
0.999962
0.999976
0.999977
0.999973
0.999963
0.999952
0.999944
0.999927
0.999887
0.999844
0.999821
0.999816
0.99982
0.999847
0.999906
0.999947
0.999971
0.999985
0.999992
0.999995
0.999997
0.999998
1
1
1
1
1
1
1
1
1
1
1
1
1
1
1
1
1
1
1
1
1
1
1
1
1
1
1
1
1
1
1
1
1
1
1
1
1
1
1
1
1
1
1
1
1
1
1
1
1
1
1
1
1
1
1
1
1
1
1
1
1
1
1
1
1
1
1
1
1
1
1
1
1
1
1
1
1
1
1
1
1
1
1
0.999999
0.999998
0.999995
0.999992
0.999981
0.99997
0.999963
0.999943
0.999914
0.999897
0.999874
0.999821
0.999766
0.999673
0.999378
0.999052
0.998984
0.999003
0.9991
0.999368
0.999637
0.999821
0.999924
0.999972
0.99999
0.999993
0.999985
0.999913
0.999514
0.99919
0.999143
0.998994
0.998124
0.99299
0.982456
0.979847
0.981852
0.98924
0.994226
0.996356
0.996919
0.99686
0.99615
0.994568
0.992356
0.987668
0.977896
0.960275
0.945008
0.937196
0.934228
0.934627
0.936713
0.940971
0.947156
0.961192
0.97262
0.977992
0.979355
0.979921
0.982811
0.986803
0.987656
0.981419
0.922313
0.877902
0.874381
0.909022
0.960036
0.985043
0.994966
0.99842
0.99951
0.999833
0.999927
0.999954
0.999956
0.99995
0.999936
0.999917
0.999901
0.99989
0.99987
0.999844
0.999824
0.999817
0.999819
0.999841
0.999895
0.999936
0.999962
0.999978
0.999987
0.999992
0.999995
0.999997
0.999997
1
1
1
1
1
1
1
1
1
1
1
1
1
1
1
1
1
1
1
1
1
1
1
1
1
1
1
1
1
1
1
1
1
1
1
1
1
1
1
1
1
1
1
1
1
1
1
1
1
1
1
1
1
1
1
1
1
1
1
1
1
1
1
1
1
1
1
1
1
1
1
1
1
1
1
1
1
1
1
1
1
1
1
1
1
1
0.999999
0.999998
0.999998
0.999997
0.999995
0.999993
0.999992
0.99999
0.999987
0.999983
0.999973
0.999941
0.999907
0.999899
0.999901
0.999911
0.999939
0.999966
0.999983
0.999993
0.999998
0.999999
0.999998
0.999987
0.999905
0.999631
0.999567
0.999488
0.999152
0.997589
0.989518
0.979598
0.978266
0.982095
0.990624
0.995133
0.997076
0.997398
0.997102
0.996149
0.994407
0.991329
0.984517
0.969401
0.947052
0.936692
0.93309
0.931917
0.932498
0.934959
0.942415
0.963802
0.977786
0.981487
0.981662
0.981666
0.983105
0.985896
0.98735
0.986356
0.959225
0.896068
0.877666
0.891208
0.942747
0.977028
0.99189
0.997376
0.999167
0.999705
0.999864
0.999912
0.999916
0.999903
0.999871
0.999837
0.999809
0.999793
0.999782
0.999772
0.999768
0.99977
0.999787
0.999828
0.999876
0.999917
0.999948
0.999968
0.999981
0.999988
0.999992
0.999994
0.999995
0.999995
1
1
1
1
1
1
1
1
1
1
1
1
1
1
1
1
1
1
1
1
1
1
1
1
1
1
1
1
1
1
1
1
1
1
1
1
1
1
1
1
1
1
1
1
1
1
1
1
1
1
1
1
1
1
1
1
1
1
1
1
1
1
1
1
1
1
1
1
1
1
1
1
1
1
1
1
1
1
1
1
1
1
1
1
1
1
1
1
1
1
1
1
0.999999
0.999999
0.999999
0.999999
0.999998
0.999996
0.999992
0.999991
0.999991
0.999992
0.999994
0.999997
0.999998
0.999999
1
1
0.999998
0.999988
0.999898
0.999839
0.99978
0.999627
0.999097
0.996332
0.984661
0.976394
0.976562
0.983604
0.992063
0.996131
0.997508
0.997561
0.997136
0.995955
0.993866
0.989198
0.97917
0.956224
0.939228
0.933816
0.931943
0.931502
0.932524
0.937479
0.965801
0.982532
0.984657
0.984016
0.9839
0.984492
0.985706
0.986592
0.986413
0.977155
0.918076
0.88823
0.886098
0.927466
0.967997
0.988003
0.995955
0.998677
0.999511
0.999758
0.999837
0.999838
0.9998
0.999719
0.99963
0.999554
0.999511
0.99951
0.999562
0.999622
0.99967
0.999719
0.999775
0.999833
0.999884
0.999924
0.999952
0.99997
0.999981
0.999987
0.99999
0.999991
0.999991
0.999989
1
1
1
1
1
1
1
1
1
1
1
1
1
1
1
1
1
1
1
1
1
1
1
1
1
1
1
1
1
1
1
1
1
1
1
1
1
1
1
1
1
1
1
1
1
1
1
1
1
1
1
1
1
1
1
1
1
1
1
1
1
1
1
1
1
1
1
1
1
1
1
1
1
1
1
1
1
1
1
1
1
1
1
1
1
1
1
1
1
1
1
1
1
1
1
1
1
1
1
1
1
1
1
1
1
1
1
1
0.999999
0.999991
0.999966
0.999931
0.999856
0.99965
0.998686
0.99353
0.97848
0.973117
0.975547
0.986115
0.993776
0.997016
0.99771
0.997618
0.997023
0.995556
0.99248
0.985566
0.970374
0.944565
0.935849
0.932944
0.931858
0.932597
0.937824
0.958208
0.985809
0.986367
0.985369
0.985162
0.985273
0.98556
0.985817
0.98528
0.97853
0.936676
0.902871
0.891347
0.920185
0.960705
0.984177
0.994388
0.99808
0.999241
0.999591
0.999702
0.999686
0.999564
0.999319
0.999043
0.998832
0.998771
0.998874
0.999147
0.999342
0.999478
0.999583
0.999674
0.999757
0.999827
0.999884
0.999925
0.999953
0.99997
0.999979
0.999983
0.999984
0.999984
0.999983
0.999977
1
1
1
1
1
1
1
1
1
1
1
1
1
1
1
1
1
1
1
1
1
1
1
1
1
1
1
1
1
1
1
1
1
1
1
1
1
1
1
1
1
1
1
1
1
1
1
1
1
1
1
1
1
1
1
1
1
1
1
1
1
1
1
1
1
1
1
1
1
1
1
1
1
1
1
1
1
1
1
1
1
1
1
1
1
1
1
1
1
1
1
1
1
1
1
1
1
1
1
1
1
1
1
1
1
1
1
1
0.999999
0.999997
0.999988
0.999959
0.999872
0.999497
0.997471
0.986875
0.972147
0.970527
0.976835
0.989373
0.995527
0.997487
0.99779
0.99761
0.99673
0.994665
0.989984
0.979695
0.957312
0.939738
0.934821
0.932981
0.934071
0.941265
0.963507
0.983618
0.986657
0.98585
0.985312
0.985184
0.985159
0.984782
0.982895
0.97456
0.944096
0.916695
0.904579
0.919558
0.95812
0.981648
0.993078
0.997488
0.998907
0.999339
0.999469
0.99939
0.999041
0.998394
0.997814
0.997525
0.997514
0.997844
0.998434
0.998838
0.999115
0.999319
0.999482
0.999618
0.99973
0.999818
0.999882
0.999926
0.999953
0.999968
0.999975
0.999976
0.999976
0.999971
0.999963
0.999947
1
1
1
1
1
1
1
1
1
1
1
1
1
1
1
1
1
1
1
1
1
1
1
1
1
1
1
1
1
1
1
1
1
1
1
1
1
1
1
1
1
1
1
1
1
1
1
1
1
1
1
1
1
1
1
1
1
1
1
1
1
1
1
1
1
1
1
1
1
1
1
1
1
1
1
1
1
1
1
1
1
1
1
1
1
1
1
1
1
1
1
1
1
1
1
1
1
1
1
1
1
1
1
1
1
1
1
1
1
0.999998
0.99999
0.99996
0.999808
0.998934
0.994156
0.976133
0.966352
0.96855
0.981605
0.992656
0.996602
0.997705
0.997807
0.997447
0.996128
0.993022
0.985976
0.971475
0.947062
0.938039
0.934926
0.935784
0.943505
0.963832
0.982689
0.98636
0.986451
0.985082
0.984461
0.983954
0.982265
0.977918
0.966087
0.945416
0.928941
0.919544
0.926881
0.960255
0.981112
0.992308
0.996998
0.998551
0.999001
0.999095
0.998854
0.998181
0.997205
0.996401
0.995996
0.995941
0.996273
0.997254
0.998
0.998512
0.998887
0.999175
0.999404
0.999583
0.999719
0.999818
0.999885
0.999928
0.999952
0.999963
0.999966
0.999966
0.999961
0.999936
0.999914
0.999884
1
1
1
1
1
1
1
1
1
1
1
1
1
1
1
1
1
1
1
1
1
1
1
1
1
1
1
1
1
1
1
1
1
1
1
1
1
1
1
1
1
1
1
1
1
1
1
1
1
1
1
1
1
1
1
1
1
1
1
1
1
1
1
1
1
1
1
1
1
1
1
1
1
1
1
1
1
1
1
1
1
1
1
1
1
1
1
1
1
1
1
1
1
1
1
1
1
1
1
1
1
1
1
1
1
1
1
1
1
0.999998
0.999987
0.999921
0.99951
0.997131
0.984207
0.963653
0.961759
0.970914
0.987627
0.994587
0.99708
0.997766
0.997751
0.997057
0.994995
0.990294
0.980298
0.962146
0.943534
0.938082
0.937874
0.943753
0.96079
0.981005
0.98602
0.986443
0.98516
0.982329
0.980241
0.977127
0.97053
0.961134
0.950561
0.940761
0.93422
0.941379
0.965569
0.982646
0.992224
0.996706
0.998265
0.998684
0.998725
0.998416
0.99769
0.996466
0.995274
0.994567
0.994379
0.994607
0.995752
0.99693
0.997743
0.998335
0.998783
0.999126
0.999388
0.999585
0.999729
0.999829
0.999893
0.999929
0.999948
0.999954
0.999954
0.99995
0.99993
0.999858
0.99982
0.999768
1
1
1
1
1
1
1
1
1
1
1
1
1
1
1
1
1
1
1
1
1
1
1
1
1
1
1
1
1
1
1
1
1
1
1
1
1
1
1
1
1
1
1
1
1
1
1
1
1
1
1
1
1
1
1
1
1
1
1
1
1
1
1
1
1
1
1
1
1
1
1
1
1
1
1
1
1
1
1
1
1
1
1
1
1
1
1
1
1
1
1
1
1
1
1
1
1
1
1
1
1
1
1
1
1
1
1
1
0.999999
0.999996
0.999965
0.999742
0.998411
0.99112
0.963569
0.951989
0.956992
0.977324
0.99018
0.995316
0.997223
0.997704
0.997479
0.996195
0.99298
0.986152
0.973423
0.953566
0.942971
0.940893
0.94382
0.956068
0.977693
0.985734
0.98686
0.9864
0.983976
0.980328
0.976942
0.972035
0.965048
0.958371
0.953017
0.950473
0.958979
0.973474
0.985953
0.993119
0.996683
0.998079
0.998461
0.998527
0.998272
0.997642
0.99614
0.994284
0.993099
0.992723
0.992922
0.994216
0.995793
0.996911
0.99772
0.998324
0.998786
0.999142
0.999416
0.999619
0.99976
0.99985
0.999902
0.999929
0.999939
0.999941
0.99994
0.999927
0.99987
0.999721
0.999661
0.999569
1
1
1
1
1
1
1
1
1
1
1
1
1
1
1
1
1
1
1
1
1
1
1
1
1
1
1
1
1
1
1
1
1
1
1
1
1
1
1
1
1
1
1
1
1
1
1
1
1
1
1
1
1
1
1
1
1
1
1
1
1
1
1
1
1
1
1
1
1
1
1
1
1
1
1
1
1
1
1
1
1
1
1
1
1
1
1
1
1
1
1
1
1
1
1
1
1
1
1
1
1
1
1
1
1
1
1
0.999999
0.999998
0.999984
0.999858
0.998989
0.994034
0.967422
0.93614
0.934942
0.954319
0.979509
0.990793
0.995437
0.997105
0.99728
0.996688
0.994403
0.989534
0.980616
0.965891
0.949398
0.94513
0.945694
0.951806
0.96979
0.984689
0.987627
0.987818
0.986758
0.983936
0.980518
0.977395
0.973135
0.968982
0.967213
0.969541
0.975183
0.982481
0.989925
0.994626
0.996966
0.99795
0.998248
0.998297
0.998027
0.997394
0.995829
0.993146
0.991473
0.990952
0.991208
0.992681
0.994524
0.995942
0.996989
0.997776
0.998385
0.998864
0.999235
0.999508
0.999693
0.999808
0.999874
0.999907
0.999921
0.999924
0.999924
0.999917
0.999886
0.999764
0.999495
0.999396
0.999217
1
1
1
1
1
1
1
1
1
1
1
1
1
1
1
1
1
1
1
1
1
1
1
1
1
1
1
1
1
1
1
1
1
1
1
1
1
1
1
1
1
1
1
1
1
1
1
1
1
1
1
1
1
1
1
1
1
1
1
1
1
1
1
1
1
1
1
1
1
1
1
1
1
1
1
1
1
1
1
1
1
1
1
1
1
1
1
1
1
1
1
1
1
1
1
1
1
1
1
1
1
1
1
1
0.999999
0.999999
0.999997
0.999996
0.999989
0.999937
0.999445
0.996048
0.976034
0.919823
0.899838
0.906971
0.945388
0.974911
0.988504
0.994187
0.99601
0.996105
0.994924
0.991309
0.98489
0.975007
0.960071
0.948513
0.946784
0.948413
0.956421
0.974303
0.986982
0.989286
0.989394
0.98836
0.985683
0.983052
0.981671
0.98096
0.981275
0.982673
0.985509
0.98929
0.99303
0.99584
0.997214
0.9978
0.998014
0.997986
0.997598
0.996836
0.99514
0.991823
0.989799
0.989228
0.989607
0.991272
0.993366
0.995019
0.996246
0.997209
0.997983
0.998606
0.999085
0.999424
0.999644
0.999777
0.999849
0.999882
0.999894
0.999896
0.999896
0.999891
0.999872
0.999806
0.999583
0.999108
0.998923
0.998551
1
1
1
1
1
1
1
1
1
1
1
1
1
1
1
1
1
1
1
1
1
1
1
1
1
1
1
1
1
1
1
1
1
1
1
1
1
1
1
1
1
1
1
1
1
1
1
1
1
1
1
1
1
1
1
1
1
1
1
1
1
1
1
1
1
1
1
1
1
1
1
1
1
1
1
1
1
1
1
1
1
1
1
1
1
1
1
1
1
1
1
1
1
1
1
1
1
1
1
1
1
1
0.999999
0.999996
0.999995
0.99999
0.999986
0.999981
0.999963
0.999808
0.998306
0.987779
0.935962
0.872315
0.849241
0.854219
0.901324
0.953679
0.979137
0.989887
0.993457
0.993806
0.992069
0.987247
0.980072
0.97067
0.956747
0.947522
0.946482
0.948541
0.957245
0.973988
0.987224
0.990278
0.990823
0.990743
0.989846
0.989158
0.989088
0.989387
0.990111
0.991218
0.993097
0.995035
0.996398
0.997167
0.997504
0.997663
0.997463
0.996673
0.995566
0.993427
0.990134
0.988103
0.987609
0.98816
0.989963
0.992254
0.994113
0.99556
0.996731
0.997687
0.998445
0.999001
0.999378
0.999618
0.999757
0.999827
0.999852
0.999856
0.999851
0.999834
0.99982
0.9998
0.999755
0.999635
0.999275
0.998455
0.998103
0.99735
1
1
1
1
1
1
1
1
1
1
1
1
1
1
1
1
1
1
1
1
1
1
1
1
1
1
1
1
1
1
1
1
1
1
1
1
1
1
1
1
1
1
1
1
1
1
1
1
1
1
1
1
1
1
1
1
1
1
1
1
1
1
1
1
1
1
1
1
1
1
1
1
1
1
1
1
1
1
1
1
1
1
1
1
1
1
1
1
1
1
1
1
1
1
1
1
1
1
1
1
1
0.999998
0.999984
0.999961
0.999953
0.999945
0.999941
0.999932
0.999897
0.99957
0.996388
0.975778
0.897152
0.834403
0.821382
0.828594
0.860981
0.920669
0.961781
0.98153
0.988712
0.989908
0.987849
0.98212
0.974848
0.966514
0.953243
0.943827
0.942051
0.943389
0.95386
0.966854
0.983032
0.989679
0.991299
0.991809
0.991989
0.99209
0.99258
0.993335
0.994054
0.994763
0.99561
0.996339
0.996736
0.996983
0.996839
0.996014
0.994376
0.992001
0.989915
0.98765
0.986271
0.986072
0.986886
0.988784
0.991272
0.993364
0.995061
0.996452
0.997561
0.998398
0.998989
0.999378
0.999616
0.999746
0.999804
0.999819
0.999816
0.999784
0.999698
0.999641
0.999606
0.999559
0.999453
0.999179
0.998439
0.997118
0.996508
0.995136
1
1
1
1
1
1
1
1
1
1
1
1
1
1
1
1
1
1
1
1
1
1
1
1
1
1
1
1
1
1
1
1
1
1
1
1
1
1
1
1
1
1
1
1
1
1
1
1
1
1
1
1
1
1
1
1
1
1
1
1
1
1
1
1
1
1
1
1
1
1
1
1
1
1
1
1
1
1
1
1
1
1
1
1
1
1
1
1
1
1
1
1
1
1
1
1
1
1
1
1
0.999996
0.999975
0.999846
0.999696
0.999701
0.99973
0.999771
0.999775
0.99974
0.999348
0.995514
0.967717
0.876717
0.825237
0.82033
0.832795
0.857975
0.886621
0.934069
0.966512
0.980172
0.983435
0.981615
0.975428
0.968628
0.962265
0.950332
0.93402
0.926757
0.925241
0.942647
0.961205
0.969383
0.985803
0.990195
0.991579
0.992127
0.992499
0.993139
0.993969
0.994637
0.995069
0.995518
0.99575
0.995498
0.994535
0.992295
0.989034
0.986854
0.985802
0.984966
0.984485
0.984725
0.985797
0.987743
0.990478
0.99283
0.994769
0.996344
0.997563
0.998447
0.999043
0.999417
0.999631
0.999738
0.999777
0.999782
0.999767
0.999671
0.999439
0.99926
0.999154
0.999041
0.998852
0.998411
0.99735
0.995913
0.99406
0.993135
0.990983
1
1
1
1
1
1
1
1
1
1
1
1
1
1
1
1
1
1
1
1
1
1
1
1
1
1
1
1
1
1
1
1
1
1
1
1
1
1
1
1
1
1
1
1
1
1
1
1
1
1
1
1
1
1
1
1
1
1
1
1
1
1
1
1
1
1
1
1
1
1
1
1
1
1
1
1
1
1
1
1
1
1
1
1
1
1
1
1
1
1
1
1
1
1
1
1
1
1
0.999999
0.999995
0.99996
0.999789
0.99893
0.998486
0.998569
0.998829
0.999212
0.999357
0.999341
0.998994
0.995378
0.96811
0.88002
0.846764
0.860369
0.898047
0.89468
0.878074
0.893014
0.940126
0.965166
0.972876
0.972269
0.966496
0.960569
0.956922
0.945844
0.919164
0.890997
0.881743
0.909997
0.951377
0.960247
0.970161
0.984326
0.988452
0.990191
0.991082
0.991843
0.992508
0.992804
0.992868
0.992211
0.990807
0.988005
0.985039
0.982987
0.982524
0.982751
0.982834
0.983058
0.983696
0.984825
0.986955
0.989995
0.992607
0.994744
0.996445
0.997716
0.998594
0.999155
0.999482
0.999652
0.999723
0.999741
0.999735
0.99967
0.9994
0.998794
0.998312
0.99793
0.997603
0.996884
0.995473
0.99356
0.991728
0.98975
0.987641
0.986655
0.984468
1
1
1
1
1
1
1
1
1
1
1
1
1
1
1
1
1
1
1
1
1
1
1
1
1
1
1
1
1
1
1
1
1
1
1
1
1
1
1
1
1
1
1
1
1
1
1
1
1
1
1
1
1
1
1
1
1
1
1
1
1
1
1
1
1
1
1
1
1
1
1
1
1
1
1
1
1
1
1
1
1
1
1
1
1
1
1
1
1
1
1
1
1
1
1
1
0.999999
0.999998
0.999992
0.999951
0.999692
0.9987
0.995518
0.994717
0.995077
0.996341
0.997796
0.998504
0.998624
0.99834
0.994752
0.965046
0.907597
0.906521
0.938912
0.962874
0.955355
0.891798
0.868406
0.896649
0.938863
0.955311
0.957737
0.953895
0.949318
0.948527
0.942705
0.910228
0.842588
0.807663
0.829231
0.936234
0.957266
0.959267
0.966875
0.975334
0.979182
0.981628
0.982525
0.982854
0.982902
0.981928
0.980192
0.978882
0.978281
0.978535
0.979594
0.980791
0.981636
0.982166
0.98294
0.984167
0.986573
0.989943
0.992765
0.995035
0.996787
0.99803
0.998833
0.999303
0.999548
0.999655
0.999685
0.999681
0.9996
0.999237
0.9981
0.996866
0.995529
0.993821
0.991928
0.989762
0.986864
0.983987
0.981574
0.980675
0.98038
0.980423
0.980668
0.979405
1
1
1
1
1
1
1
1
1
1
1
1
1
1
1
1
1
1
1
1
1
1
1
1
1
1
1
1
1
1
1
1
1
1
1
1
1
1
1
1
1
1
1
1
1
1
1
1
1
1
1
1
1
1
1
1
1
1
1
1
1
1
1
1
1
1
1
1
1
1
1
1
1
1
1
1
1
1
1
1
1
1
1
1
1
1
1
1
1
1
1
0.999999
0.999998
0.999998
0.999998
0.999997
0.999994
0.999983
0.99993
0.999633
0.998227
0.993978
0.99169
0.990774
0.991027
0.992147
0.994596
0.996283
0.996885
0.996717
0.993451
0.970075
0.953889
0.956765
0.972823
0.979628
0.974486
0.914553
0.844384
0.847082
0.892313
0.924641
0.934326
0.934384
0.932597
0.934584
0.936202
0.917165
0.851367
0.787288
0.752975
0.888163
0.957193
0.958795
0.959202
0.963703
0.965579
0.968075
0.970244
0.971066
0.971774
0.972578
0.973586
0.974677
0.975991
0.977603
0.979357
0.98077
0.981724
0.982573
0.984153
0.987021
0.990719
0.993622
0.99586
0.99748
0.998533
0.999134
0.999435
0.999567
0.999606
0.999591
0.999373
0.998566
0.996429
0.993259
0.989126
0.984382
0.97981
0.97626
0.974068
0.973181
0.973037
0.973164
0.973635
0.975402
0.976177
0.977104
0.976346
0.967727
1
1
1
1
1
1
1
1
1
1
1
1
1
1
1
1
1
1
1
1
1
1
1
1
1
1
1
1
1
1
1
1
1
1
1
1
1
1
1
1
1
1
1
1
1
1
1
1
1
1
1
1
1
1
1
1
1
1
1
1
1
1
1
1
1
1
1
1
1
1
1
1
1
1
1
1
1
1
1
1
1
0.999999
0.999999
0.999998
0.999998
0.999998
0.999998
0.999997
0.999996
0.999994
0.99999
0.999986
0.999982
0.999981
0.999981
0.999976
0.999938
0.999813
0.999389
0.997688
0.991882
0.991411
0.991092
0.989883
0.989834
0.990591
0.993023
0.995186
0.995984
0.995803
0.992623
0.980389
0.976432
0.978086
0.98313
0.98406
0.979665
0.933496
0.818509
0.790546
0.816573
0.868404
0.892926
0.901461
0.905012
0.911095
0.920306
0.914493
0.889893
0.842562
0.73936
0.771748
0.955431
0.964215
0.960235
0.96177
0.964008
0.965101
0.967413
0.969176
0.97004
0.971472
0.973381
0.974881
0.976632
0.978562
0.980401
0.981929
0.983483
0.985694
0.989399
0.992971
0.995437
0.997186
0.998316
0.998933
0.99921
0.99929
0.999268
0.998945
0.997495
0.992543
0.984835
0.978289
0.97265
0.968208
0.964547
0.962224
0.960766
0.960254
0.960152
0.96045
0.96087
0.961536
0.961109
0.960142
0.952522
0.947677
0.93338
0.870068
1
1
1
1
1
1
1
1
1
1
1
1
1
1
1
1
1
1
1
1
1
1
1
1
1
1
1
1
1
1
1
1
1
1
1
1
1
1
1
1
1
1
1
1
1
1
1
1
1
1
1
1
1
1
1
1
1
1
1
1
1
1
1
1
1
1
1
1
1
1
1
1
1
1
1
1
1
1
0.999999
0.999996
0.999987
0.999972
0.99996
0.999954
0.999952
0.999951
0.999945
0.999937
0.999923
0.999887
0.999862
0.999835
0.999833
0.999839
0.999841
0.99979
0.999168
0.997909
0.994523
0.988421
0.988689
0.991503
0.992406
0.991183
0.990664
0.991685
0.993993
0.995155
0.995233
0.994322
0.989882
0.985776
0.985384
0.985511
0.985309
0.984878
0.980157
0.939018
0.807208
0.734049
0.726421
0.762726
0.810311
0.836753
0.851637
0.865048
0.884479
0.893171
0.883457
0.850178
0.743496
0.674346
0.935244
0.969195
0.969526
0.966874
0.966621
0.96876
0.970019
0.971703
0.973662
0.974973
0.977497
0.979121
0.981742
0.984593
0.986429
0.988123
0.99146
0.994149
0.99615
0.99737
0.998171
0.998632
0.998817
0.998831
0.998495
0.996853
0.98984
0.978714
0.963008
0.944744
0.931007
0.9249
0.911343
0.895238
0.87054
0.850085
0.825733
0.809376
0.792802
0.7876
0.777464
0.77207
0.751186
0.733214
0.678551
0.653987
0.596929
0.40231
1
1
1
1
1
1
1
1
1
1
1
1
1
1
1
1
1
1
1
1
1
1
1
1
1
1
1
1
1
1
1
1
1
1
1
1
1
1
1
1
1
1
1
1
1
1
1
1
1
1
1
1
1
1
1
1
1
1
1
1
1
1
1
1
1
1
1
1
1
1
1
1
1
1
1
1
1
0.999995
0.999951
0.999826
0.999595
0.999416
0.999355
0.999333
0.99933
0.999323
0.999289
0.999186
0.99896
0.998404
0.998311
0.998383
0.998504
0.998806
0.998901
0.997814
0.985636
0.976286
0.976752
0.981455
0.988343
0.991516
0.992701
0.993215
0.993283
0.993797
0.994227
0.994148
0.993185
0.991048
0.989382
0.988513
0.986871
0.981075
0.974256
0.974511
0.965605
0.901127
0.786316
0.717837
0.668644
0.647921
0.652441
0.67904
0.714756
0.747288
0.783878
0.821325
0.817338
0.768817
0.660234
0.600038
0.86571
0.9684
0.979977
0.983445
0.984157
0.984582
0.985309
0.98608
0.988077
0.988926
0.990374
0.991225
0.99276
0.9937
0.994407
0.995108
0.995795
0.996233
0.996425
0.995974
0.994627
0.988946
0.98297
0.968925
0.929937
0.857957
0.770295
0.672179
0.570781
0.46788
0.369768
0.289859
0.227138
0.172149
0.122797
0.0812493
0.0494649
0.0275749
0.0139237
0.00630833
0.00264392
0.00140976
0.000968646
0.000640168
0.000403192
0.000252075
0.000141506
-0.0339831
1
1
1
1
1
1
1
1
1
1
1
1
1
1
1
1
1
1
1
1
1
1
1
1
1
1
1
1
1
1
1
1
1
1
1
1
1
1
1
1
1
1
1
1
1
1
1
1
1
1
1
1
1
1
1
1
1
1
1
1
1
1
1
1
1
1
1
1
1
1
1
1
1
1
1
1
0.99999
0.999854
0.998844
0.997466
0.997064
0.996943
0.996797
0.996514
0.996021
0.995314
0.994349
0.992643
0.990695
0.986973
0.982844
0.9802
0.978695
0.976807
0.972383
0.965255
0.963614
0.968576
0.977515
0.98411
0.988275
0.99013
0.990818
0.991137
0.991369
0.991379
0.990968
0.990261
0.989593
0.988882
0.987584
0.984469
0.976413
0.954316
0.883311
0.801492
0.748006
0.708928
0.692084
0.680959
0.653054
0.602437
0.566779
0.545511
0.543137
0.547601
0.561234
0.594025
0.598459
0.594431
0.577698
0.566981
0.724636
0.932218
0.93788
0.939128
0.939506
0.939291
0.935612
0.934535
0.930868
0.92676
0.919234
0.909809
0.900064
0.886815
0.868712
0.843969
0.813979
0.773911
0.72043
0.643026
0.538332
0.410162
0.25587
0.128286
0.0532307
0.0196442
0.00660781
0.00203696
0.000641843
0.000344375
0.000188244
9.81621e-05
4.87442e-05
2.35178e-05
1.12866e-05
5.45421e-06
2.64039e-06
1.26147e-06
5.90619e-07
2.78562e-07
1.4378e-07
8.65008e-08
5.52413e-08
3.50148e-08
2.15192e-08
1.28235e-08
6.88336e-09
-8.03369e-07
0.0339124
0.0829
0.111034
0.114425
0.110967
0.103812
0.0906801
0.0708196
0.0521615
0.0361421
0.0234627
0.0141995
0.00803339
0.0042599
0.00215372
0.00103714
0.00048909
0.000221353
9.83346e-05
4.12083e-05
1.82657e-05
8.64251e-06
4.15966e-06
1.80514e-06
8.74813e-07
0.536694
0.549027
0.574916
0.612407
0.631699
0.634566
0.631992
0.617828
0.576395
0.517666
0.442651
0.351653
0.255719
0.170237
0.106175
0.062549
0.0349865
0.0186101
0.00950073
0.00464403
0.00220131
0.00100221
0.000445805
0.000196289
6.85014e-05
0.831886
0.839149
0.846337
0.85697
0.8724
0.88958
0.904187
0.913473
0.91826
0.92055
0.920164
0.912712
0.884132
0.782642
0.584958
0.397497
0.249877
0.146804
0.0813996
0.042821
0.02157
0.0104306
0.00485579
0.00227404
0.000815074
0.896677
0.895009
0.894785
0.896339
0.903506
0.9192
0.935749
0.950785
0.962652
0.970527
0.974649
0.976029
0.975944
0.971899
0.948346
0.845089
0.598934
0.383553
0.228343
0.127551
0.0675678
0.0341908
0.0165411
0.00808453
0.00299274
0.925811
0.917284
0.911831
0.909949
0.910266
0.914592
0.930733
0.949005
0.963446
0.97449
0.982155
0.986462
0.987884
0.987748
0.984757
0.9674
0.888266
0.64952
0.414218
0.246608
0.138381
0.0739101
0.0375062
0.0192955
0.00744262
0.9379
0.933908
0.922848
0.915487
0.912997
0.913103
0.916515
0.931677
0.951974
0.967637
0.979118
0.986636
0.990511
0.991584
0.99124
0.987294
0.965911
0.871677
0.619693
0.393605
0.234472
0.132578
0.0707755
0.0384744
0.0155113
0.939434
0.938979
0.934747
0.922816
0.915189
0.912848
0.913075
0.916964
0.933689
0.95537
0.971517
0.982807
0.989697
0.992798
0.993354
0.99251
0.985825
0.952779
0.814603
0.555281
0.350105
0.209112
0.117175
0.0672121
0.0282944
0.938891
0.940007
0.93936
0.933518
0.920959
0.914429
0.912929
0.91372
0.920096
0.940976
0.961856
0.97699
0.986986
0.992458
0.994388
0.994409
0.99231
0.979522
0.922204
0.72163
0.478051
0.300235
0.175736
0.105904
0.046399
0.938544
0.942552
0.943006
0.941203
0.93128
0.920365
0.916323
0.916126
0.919054
0.933949
0.956332
0.972957
0.984449
0.991506
0.994784
0.995466
0.994857
0.989687
0.96404
0.857523
0.609544
0.401735
0.244653
0.154245
0.0700969
0.939737
0.947609
0.949842
0.94939
0.94438
0.932759
0.926969
0.925904
0.927142
0.935707
0.955994
0.972263
0.983723
0.9911
0.995019
0.996277
0.996187
0.994057
0.982017
0.929783
0.743862
0.510615
0.322333
0.211983
0.0997047
0.941844
0.953837
0.95945
0.960518
0.959757
0.955286
0.951138
0.95004
0.950285
0.952938
0.963314
0.975692
0.985002
0.991499
0.995356
0.996924
0.997078
0.996215
0.990411
0.963735
0.854975
0.622885
0.407612
0.279134
0.135699
0.946834
0.96081
0.969108
0.973184
0.975074
0.976129
0.976728
0.976991
0.977139
0.977368
0.978358
0.982501
0.988521
0.99312
0.996139
0.99757
0.997838
0.997482
0.994659
0.980875
0.923743
0.741312
0.50057
0.356718
0.179165
0.956418
0.969806
0.977534
0.982021
0.985277
0.987872
0.989527
0.990178
0.99028
0.9903
0.99039
0.990759
0.992334
0.995182
0.997217
0.998263
0.998513
0.998367
0.996999
0.989975
0.960176
0.851682
0.602299
0.446887
0.231862
0.967118
0.977218
0.983657
0.987918
0.991142
0.993606
0.995126
0.99572
0.995782
0.995627
0.99554
0.995605
0.995966
0.997173
0.998333
0.998943
0.999102
0.99904
0.998386
0.994921
0.979926
0.923749
0.722032
0.552967
0.295882
0.976821
0.98346
0.988013
0.991392
0.994079
0.996111
0.997376
0.997922
0.998019
0.997942
0.997813
0.99782
0.997939
0.998448
0.999075
0.99941
0.999501
0.999475
0.999174
0.997537
0.990325
0.962418
0.835524
0.675587
0.372925
0.984979
0.988753
0.991425
0.993659
0.995628
0.997209
0.99826
0.998787
0.998946
0.99895
0.998922
0.998929
0.998994
0.999258
0.999559
0.999715
0.999755
0.999743
0.999606
0.998853
0.995486
0.982032
0.917763
0.79592
0.469008
0.991116
0.993084
0.994252
0.995367
0.996605
0.997772
0.998645
0.999154
0.999373
0.999439
0.999457
0.999479
0.999533
0.999681
0.99981
0.999876
0.999892
0.999886
0.999823
0.999479
0.997915
0.991476
0.963143
0.884579
0.584016
0.995031
0.996252
0.996647
0.996911
0.997478
0.998234
0.998907
0.999359
0.999597
0.999693
0.999724
0.999752
0.999812
0.999879
0.999928
0.999951
0.999957
0.999953
0.999924
0.999765
0.999026
0.995902
0.98264
0.938765
0.694673
0.997184
0.997904
0.998159
0.998236
0.998356
0.998711
0.999198
0.999548
0.999741
0.999825
0.999865
0.999898
0.999931
0.999958
0.999975
0.999983
0.999984
0.999983
0.999969
0.999893
0.999534
0.997973
0.991371
0.967283
0.783301
0.998386
0.998815
0.998968
0.999007
0.99905
0.999182
0.99948
0.999709
0.999841
0.999906
0.99994
0.999961
0.999976
0.999987
0.999992
0.999995
0.999995
0.999994
0.999987
0.99995
0.999769
0.99896
0.995491
0.981911
0.847058
0.999061
0.999333
0.999432
0.999456
0.999476
0.999533
0.999691
0.999829
0.99991
0.999952
0.999974
0.999985
0.999992
0.999996
0.999998
0.999998
0.999998
0.999998
0.999994
0.999975
0.99988
0.99944
0.997508
0.989476
0.890316
0.999453
0.999628
0.999693
0.999709
0.99972
0.999749
0.999831
0.999906
0.999951
0.999976
0.999988
0.999994
0.999997
0.999999
0.999999
1
1
0.999999
0.999997
0.999987
0.999934
0.99968
0.998536
0.993495
0.918956
0.999684
0.999795
0.999837
0.999849
0.999856
0.999871
0.999913
0.999951
0.999975
0.999988
0.999994
0.999998
0.999999
1
1
1
1
1
0.999999
0.999993
0.999961
0.999806
0.999082
0.995715
0.93788
0.999818
0.999888
0.999915
0.999923
0.999928
0.999937
0.999958
0.999976
0.999987
0.999994
0.999997
0.999999
1
1
1
1
1
1
0.999999
0.999996
0.999976
0.999874
0.999386
0.996998
0.950549
0.999895
0.999939
0.999956
0.999962
0.999964
0.999971
0.999981
0.999989
0.999994
0.999997
0.999999
1
1
1
1
1
1
1
1
0.999997
0.999984
0.999913
0.999565
0.997775
0.959185
0.999938
0.999966
0.999977
0.99998
0.999983
0.999987
0.999992
0.999995
0.999997
0.999999
0.999999
1
1
1
1
1
1
1
1
0.999998
0.999989
0.999937
0.999674
0.99826
0.965107
0.999963
0.99998
0.999987
0.99999
0.999992
0.999995
0.999997
0.999998
0.999999
1
1
1
1
1
1
1
1
1
1
0.999999
0.999991
0.999951
0.999741
0.998568
0.969162
0.999977
0.999988
0.999993
0.999995
0.999997
0.999998
0.999999
0.999999
1
1
1
1
1
1
1
1
1
1
1
0.999999
0.999993
0.999961
0.999788
0.998787
0.972211
0.999986
0.999993
0.999996
0.999998
0.999999
0.999999
1
1
1
1
1
1
1
1
1
1
1
1
1
0.999999
0.999994
0.999967
0.999816
0.998919
0.974109
0.999992
0.999996
0.999998
0.999999
0.999999
1
1
1
1
1
1
1
1
1
1
1
1
1
1
0.999999
0.999995
0.999969
0.999826
0.998965
0.974761
0.999995
0.999997
0.999999
0.999999
1
1
1
1
1
1
1
1
1
1
1
1
1
1
1
0.999999
0.999995
0.999969
0.999825
0.998963
0.974769
0.999997
0.999998
0.999999
1
1
1
1
1
1
1
1
1
1
1
1
1
1
1
1
0.999999
0.999994
0.999967
0.999818
0.998927
0.97429
0.999998
0.999999
0.999999
1
1
1
1
1
1
1
1
1
1
1
1
1
1
1
1
0.999999
0.999994
0.999964
0.999804
0.99887
0.973713
0.999999
0.999999
1
1
1
1
1
1
1
1
1
1
1
1
1
1
1
1
1
0.999999
0.999993
0.999962
0.999793
0.998831
0.973585
0.999999
0.999999
1
1
1
1
1
1
1
1
1
1
1
1
1
1
1
1
1
0.999999
0.999993
0.999962
0.999797
0.998869
0.9749
0.999999
0.999999
0.999999
0.999999
0.999999
0.999999
0.999999
0.999999
0.999999
0.999999
0.999999
0.999999
1
1
1
1
1
1
1
0.999999
0.999994
0.999967
0.999826
0.999043
0.978544
0.999999
0.999999
0.999999
0.999999
0.999999
0.999998
0.999998
0.999998
0.999998
0.999998
0.999998
0.999999
0.999999
0.999999
1
1
1
1
1
0.999999
0.999996
0.999978
0.999886
0.99936
0.984244
0.999998
0.999998
0.999998
0.999998
0.999997
0.999996
0.999996
0.999996
0.999996
0.999996
0.999996
0.999997
0.999998
0.999999
0.999999
0.999999
1
1
1
0.999999
0.999998
0.999989
0.99994
0.999643
0.989681
0.999996
0.999996
0.999996
0.999996
0.999994
0.999993
0.999992
0.999991
0.999991
0.999991
0.999991
0.999993
0.999996
0.999998
0.999998
0.999999
0.999999
0.999999
0.999999
0.999999
0.999999
0.999994
0.99997
0.999802
0.993111
0.99999
0.999991
0.999991
0.999991
0.99999
0.999987
0.999984
0.999982
0.999981
0.999981
0.999981
0.999985
0.999991
0.999995
0.999996
0.999997
0.999998
0.999999
0.999999
0.999999
0.999999
0.999996
0.999982
0.999873
0.994859
0.999978
0.999979
0.99998
0.99998
0.99998
0.999978
0.999972
0.999966
0.999963
0.999962
0.999963
0.999969
0.999981
0.999989
0.999992
0.999995
0.999996
0.999997
0.999998
0.999999
0.999998
0.999997
0.999987
0.9999
0.995585
0.999949
0.999953
0.999959
0.999962
0.999962
0.999961
0.999954
0.999941
0.999933
0.99993
0.999931
0.999938
0.99996
0.999976
0.999984
0.999989
0.999992
0.999995
0.999997
0.999997
0.999997
0.999996
0.999988
0.999909
0.99584
0.999889
0.999902
0.99992
0.99993
0.999933
0.999932
0.999927
0.999908
0.999887
0.999877
0.999877
0.999883
0.999913
0.999947
0.999966
0.999977
0.999984
0.99999
0.999993
0.999995
0.999995
0.999994
0.999986
0.99991
0.995891
0.99978
0.999814
0.999851
0.999876
0.999885
0.999886
0.999883
0.999865
0.999821
0.999793
0.999786
0.99979
0.999822
0.999886
0.999929
0.999954
0.999969
0.999979
0.999985
0.999989
0.999989
0.999989
0.999981
0.999905
0.995841
0.999597
0.999669
0.999738
0.999786
0.99981
0.999816
0.999814
0.999797
0.999731
0.999664
0.999639
0.999641
0.999669
0.999768
0.999857
0.99991
0.99994
0.999957
0.999969
0.999976
0.999979
0.999978
0.999972
0.999896
0.995844
0.99927
0.999405
0.999528
0.99962
0.99967
0.999685
0.999684
0.999667
0.999582
0.999464
0.999413
0.99941
0.99944
0.999574
0.999734
0.999834
0.999888
0.999915
0.999934
0.999949
0.999958
0.99996
0.999956
0.999888
0.996096
0.998641
0.998867
0.999088
0.999261
0.999367
0.999403
0.999404
0.999384
0.999276
0.999106
0.999032
0.999027
0.999071
0.999272
0.999531
0.999703
0.999794
0.999834
0.999861
0.999892
0.99992
0.999932
0.999931
0.99988
0.99664
0.997482
0.997819
0.998169
0.99847
0.998686
0.998775
0.998783
0.998759
0.998621
0.998445
0.99839
0.998402
0.998515
0.998882
0.999244
0.999488
0.999618
0.999677
0.999725
0.99979
0.999855
0.999892
0.999898
0.999857
0.99685
0.995378
0.995916
0.996393
0.99685
0.997256
0.997488
0.997539
0.997523
0.997398
0.997268
0.997247
0.997294
0.997577
0.998187
0.998695
0.999054
0.999267
0.999394
0.999508
0.999637
0.999756
0.999828
0.999846
0.999808
0.996736
0.991681
0.992723
0.993526
0.994117
0.99463
0.99494
0.994988
0.994958
0.994897
0.994906
0.995089
0.995769
0.996647
0.99745
0.9981
0.998556
0.998849
0.999052
0.999233
0.999419
0.999582
0.999684
0.999714
0.999671
0.99598
0.985831
0.98749
0.988812
0.98983
0.990712
0.991493
0.992107
0.992581
0.993065
0.993673
0.994423
0.995286
0.996156
0.996905
0.997482
0.997916
0.998244
0.998484
0.998646
0.998778
0.998913
0.999042
0.999115
0.999037
0.992791
0.982351
0.984712
0.986534
0.987921
0.989046
0.989962
0.990671
0.991253
0.991885
0.99266
0.993468
0.994177
0.994796
0.995334
0.995669
0.995764
0.995775
0.995819
0.995902
0.995401
0.994129
0.993494
0.993567
0.993954
0.973016
0.974346
0.978792
0.981832
0.983854
0.985224
0.986026
0.986438
0.986709
0.986886
0.98665
0.986187
0.98601
0.985126
0.983117
0.981459
0.981204
0.981159
0.978251
0.970772
0.966653
0.966471
0.968539
0.964211
0.935896
0.737822
0.917381
0.940317
0.951406
0.955626
0.956161
0.954544
0.951828
0.946294
0.939028
0.931795
0.922044
0.91059
0.904612
0.902496
0.895969
0.88215
0.867425
0.855834
0.834097
0.785846
0.690094
0.565519
0.408836
0.293636
0.151683
0.610746
0.697864
0.729171
0.730019
0.724037
0.70903
0.675943
0.633402
0.596417
0.566798
0.544449
0.531288
0.520662
0.497585
0.457099
0.40108
0.335163
0.263349
0.19375
0.132151
0.083758
0.0489981
0.0265967
0.0133815
0.00615949
0.101879
0.188384
0.217553
0.213156
0.202226
0.182783
0.164825
0.150284
0.139662
0.131859
0.121749
0.103315
0.0800486
0.0568582
0.0371597
0.0220713
0.0120533
0.00596873
0.00283338
0.0010961
0.000442558
0.000236024
0.00012884
6.14286e-05
5.22416e-05
0.00931557
0.0255938
0.0268109
0.0245902
0.0210393
0.0173609
0.0124968
0.0070017
0.00322374
0.00123481
0.000360165
0.000160014
8.61083e-05
4.36998e-05
2.37243e-05
9.91333e-06
4.71838e-06
1.15687e-06
6.52023e-07
1.83007e-07
1.94584e-07
5.29197e-08
7.88542e-08
1.3721e-08
1.47254e-07
)
;

boundaryField
{
    inlet
    {
        type            fixedValue;
        value           uniform 1;
    }
    outlet
    {
        type            inletOutlet;
        inletValue      uniform 0;
        value           nonuniform List<scalar> 
57
(
8.74813e-07
6.85014e-05
0.000815074
0.00299274
0.00744262
0.0155113
0.0282944
0.046399
0.0700969
0.0997047
0.135699
0.179165
0.231862
0.295882
0.372925
0.469008
0.584016
0.694673
0.783301
0.847058
0.890316
0.918956
0.93788
0.950549
0.959185
0.965107
0.969162
0.972211
0.974109
0.974761
0.974769
0.97429
0.973713
0.973585
0.9749
0.978544
0.984244
0.989681
0.993111
0.994859
0.995585
0.99584
0.995891
0.995841
0.995844
0.996096
0.99664
0.99685
0.996736
0.99598
0.992791
0.973016
0.737822
0.151683
0.00615949
5.22416e-05
1.47254e-07
)
;
    }
    upperWall
    {
        type            zeroGradient;
    }
    lowerWall
    {
        type            zeroGradient;
    }
    frontAndBack
    {
        type            empty;
    }
}


// ************************************************************************* //
