/*--------------------------------*- C++ -*----------------------------------*\
| =========                 |                                                 |
| \\      /  F ield         | OpenFOAM: The Open Source CFD Toolbox           |
|  \\    /   O peration     | Version:  2112                                  |
|   \\  /    A nd           | Website:  www.openfoam.com                      |
|    \\/     M anipulation  |                                                 |
\*---------------------------------------------------------------------------*/
FoamFile
{
    version     2.0;
    format      ascii;
    arch        "LSB;label=32;scalar=64";
    class       volScalarField;
    location    "0.06";
    object      s;
}
// * * * * * * * * * * * * * * * * * * * * * * * * * * * * * * * * * * * * * //

dimensions      [0 0 0 0 0 0 0];

internalField   nonuniform List<scalar> 
12225
(
1
1
1
1
1
1
1
1
1
1
1
1
1
1
1
1
1
1
1
1
1
1
1
1
1
1
1
1
1
1
1
1
1
1
1
1
1
1
1
1
1
1
1
1
1
1
1
1
1
1
1
1
1
1
1
1
1
1
1
1
1
1
1
1
1
1
1
1
1
1
1
1
1
1
1
1
1
1
1
1
1
1
1
1
1
1
1
1
1
1
1
1
1
1
1
1
1
1
1
1
1
1
1
1
1
1
1
1
1
1
1
1
1
1
1
1
1
1
1
1
1
1
1
1
1
1
1
1
1
1
1
1
1
1
1
1
1
1
1
1
1
1
1
1
1
1
1
1
1
1
1
1
1
1
1
1
1
1
1
1
1
1
1
1
1
1
1
1
1
1
1
1
1
1
1
1
1
1
1
1
1
1
1
1
1
1
1
1
1
1
1
1
1
1
1
1
1
1
1
1
1
1
1
1
1
1
1
1
1
1
1
1
1
1
1
1
1
1
1
1
1
1
1
1
1
1
1
1
1
1
1
1
1
1
1
1
1
1
1
1
1
1
1
1
1
1
1
1
1
1
1
1
1
1
1
1
1
1
1
1
1
1
1
1
1
1
1
1
1
1
1
1
1
1
1
1
1
1
1
1
1
1
1
1
1
1
1
1
1
1
1
1
1
1
1
1
1
1
1
1
1
1
1
1
1
1
1
1
1
1
1
1
1
1
1
1
1
1
1
1
1
1
1
1
1
1
1
1
1
1
1
1
1
1
1
1
1
1
1
1
1
1
1
1
1
1
1
1
1
1
1
1
1
1
1
1
1
1
1
1
1
1
1
1
1
1
1
1
1
1
1
1
1
1
1
1
1
1
1
1
1
1
1
1
1
1
1
1
1
1
1
1
1
1
1
1
1
1
1
1
1
1
1
1
1
1
1
1
1
1
1
1
1
1
1
1
1
1
1
1
1
1
1
1
1
1
1
1
1
1
1
1
1
1
1
1
1
1
1
1
1
1
1
1
1
1
1
1
1
1
1
1
1
1
1
1
1
1
1
1
1
1
1
1
1
1
1
1
1
1
1
1
1
1
1
1
1
1
1
1
1
1
1
1
1
1
1
1
1
1
1
1
1
1
1
1
1
1
1
1
1
1
1
1
1
1
1
1
1
1
1
1
1
1
1
1
1
1
1
1
1
1
1
1
1
1
1
1
1
1
1
1
1
1
1
1
1
1
1
1
0.616033
0.591985
0.605581
0.617492
0.621747
0.626296
0.633381
0.636831
0.641929
0.649088
0.654105
0.65813
0.658975
0.658488
0.657076
0.653504
0.650296
0.647374
0.64202
0.638428
0.631165
0.624919
0.615702
0.594918
0.577386
0.573282
0.577478
0.601997
0.66339
0.700275
0.702004
0.695636
0.702427
0.712248
0.716051
0.741081
0.86887
0.944657
0.954659
0.958277
0.960701
0.962496
0.963872
0.965057
0.966069
0.96698
0.967843
0.96861
0.969343
0.97
0.970648
0.971309
0.971882
0.97242
0.973035
0.973622
0.974141
0.974565
0.975034
0.975381
0.975661
0.975923
0.976152
0.976351
0.976461
0.976637
0.976724
0.97682
0.976946
0.977029
0.977086
0.977097
0.977039
0.976902
0.976666
0.97633
0.975833
0.975091
0.974155
0.972948
0.971413
0.969572
0.967406
0.964858
0.961952
0.958689
0.955065
0.9511
0.946826
0.942263
0.937426
0.932346
0.927013
0.921352
0.915445
0.909618
0.904328
0.900525
0.898765
0.898178
0.8972
0.893807
0.890471
0.888176
0.88293
0.864766
0.785039
0.687097
0.649349
0.640678
0.639587
0.639218
0.638941
0.64201
0.658314
0.719683
0.780679
0.791644
0.77513
0.759388
0.765508
0.773668
0.780665
0.786319
0.790548
0.794725
0.798936
0.802968
0.807052
0.811331
0.814335
0.815749
0.816216
0.814558
0.811307
0.806216
0.799846
0.7928
0.786652
0.781763
0.777857
0.775339
0.774063
0.773594
0.773494
0.773542
0.773789
0.774375
0.775433
0.776977
0.779009
0.781617
0.785173
0.789973
0.796622
0.806642
0.820893
0.838864
0.858495
0.873673
0.879987
0.880985
0.879223
0.870222
0.863712
0.863032
0.869507
0.885624
0.874804
0.738377
0.372467
0.195698
0.147372
0.131934
0.117737
0.103457
0.0893679
0.0727674
0.0611046
0.0706455
0.627638
0.620612
0.6336
0.642293
0.651159
0.665817
0.676903
0.693829
0.708798
0.716544
0.719928
0.72002
0.719643
0.71818
0.716886
0.714861
0.710562
0.706028
0.696461
0.686666
0.675433
0.661066
0.648347
0.629824
0.604008
0.586536
0.575479
0.569393
0.569594
0.577013
0.591022
0.60737
0.6647
0.799001
0.88004
0.914885
0.947145
0.961696
0.96732
0.973048
0.9772
0.980446
0.983436
0.985562
0.987487
0.989089
0.990451
0.991736
0.992674
0.99354
0.994136
0.994715
0.995101
0.995351
0.995526
0.99561
0.995651
0.995724
0.995831
0.995995
0.996143
0.996353
0.996541
0.996778
0.996993
0.997213
0.997401
0.997576
0.997793
0.997968
0.998163
0.99828
0.998516
0.998699
0.998808
0.999006
0.999168
0.999286
0.999444
0.999537
0.999632
0.9997
0.999751
0.999788
0.999815
0.999835
0.999848
0.999848
0.999837
0.999814
0.999779
0.999732
0.999672
0.999592
0.99948
0.99933
0.999117
0.998827
0.998542
0.998345
0.99829
0.997886
0.997566
0.997234
0.994409
0.982121
0.946457
0.862965
0.780503
0.712591
0.656711
0.624534
0.619725
0.62551
0.639764
0.676902
0.747981
0.773837
0.764643
0.763548
0.785614
0.813437
0.836133
0.853667
0.866638
0.880665
0.890654
0.903112
0.911165
0.91897
0.925114
0.932559
0.936739
0.9406
0.942192
0.941912
0.937935
0.929767
0.916906
0.899541
0.879572
0.859615
0.84185
0.82739
0.815599
0.805276
0.795507
0.786255
0.778182
0.771706
0.766579
0.76188
0.756032
0.746958
0.733896
0.716958
0.699886
0.688909
0.685224
0.687338
0.706948
0.770244
0.831885
0.874714
0.899127
0.907713
0.909475
0.908912
0.900864
0.856383
0.621629
0.334304
0.276583
0.332833
0.453046
0.524393
0.564701
0.580329
0.596715
0.536999
0.634723
0.638792
0.642525
0.649719
0.664923
0.694838
0.719748
0.736717
0.735764
0.733244
0.727785
0.72271
0.717859
0.712453
0.711431
0.710426
0.70813
0.705213
0.698446
0.690945
0.682682
0.67396
0.665379
0.651553
0.63486
0.614489
0.590355
0.574126
0.570606
0.577665
0.639858
0.804624
0.879421
0.931798
0.952549
0.967464
0.975378
0.979839
0.982419
0.98419
0.98552
0.986199
0.986711
0.98693
0.987018
0.986887
0.986112
0.985303
0.984071
0.982927
0.981669
0.980709
0.979925
0.979397
0.979156
0.979081
0.979361
0.979772
0.98049
0.981219
0.98227
0.983339
0.984505
0.985672
0.986637
0.9877
0.988514
0.989616
0.990552
0.991436
0.992326
0.992932
0.993933
0.994756
0.99537
0.996188
0.996866
0.99754
0.998103
0.998563
0.99896
0.999248
0.999468
0.999626
0.999737
0.999814
0.999866
0.999903
0.99993
0.999948
0.999962
0.999971
0.999978
0.999983
0.999986
0.999989
0.99999
0.99999
0.999987
0.999982
0.999973
0.999955
0.999913
0.999803
0.999424
0.997797
0.990783
0.96414
0.93774
0.905604
0.820554
0.708067
0.676346
0.68088
0.699323
0.743326
0.768209
0.768197
0.762842
0.790794
0.834803
0.853668
0.866932
0.878216
0.88767
0.897181
0.905154
0.914535
0.923382
0.930987
0.937135
0.947824
0.953235
0.961319
0.967463
0.973024
0.97725
0.979814
0.980903
0.980651
0.979211
0.97723
0.975142
0.973296
0.971613
0.969879
0.967627
0.964801
0.961788
0.957534
0.950858
0.943468
0.936377
0.928884
0.920784
0.908639
0.884559
0.84525
0.787043
0.710768
0.649694
0.628461
0.629199
0.641707
0.689272
0.805102
0.872887
0.904713
0.916756
0.9129
0.859952
0.648183
0.559979
0.593184
0.736147
0.833279
0.876475
0.90154
0.920398
0.933942
0.638434
0.639125
0.646596
0.670118
0.721789
0.75865
0.758475
0.751879
0.735055
0.710125
0.675657
0.652321
0.636527
0.628511
0.629806
0.634531
0.645062
0.654889
0.664915
0.671392
0.671214
0.668797
0.663221
0.650996
0.635421
0.613219
0.58585
0.57451
0.588932
0.736458
0.869013
0.926944
0.953036
0.96878
0.975721
0.980034
0.981957
0.982882
0.983312
0.98347
0.982903
0.980978
0.978168
0.973878
0.970392
0.966594
0.963682
0.961253
0.959315
0.958081
0.956965
0.956422
0.955864
0.955601
0.955472
0.955437
0.955549
0.955704
0.956074
0.956525
0.957216
0.958138
0.959337
0.960949
0.962865
0.965084
0.967705
0.970211
0.973063
0.975788
0.978359
0.980973
0.983146
0.985328
0.987577
0.989736
0.991705
0.993579
0.995132
0.996481
0.997449
0.998223
0.998756
0.99913
0.999392
0.999575
0.999701
0.999789
0.999852
0.999895
0.999925
0.999947
0.999963
0.999974
0.999983
0.999988
0.999992
0.999993
0.999994
0.999994
0.999993
0.99999
0.999982
0.999956
0.999866
0.999508
0.997897
0.989734
0.975292
0.965248
0.945418
0.884473
0.803375
0.770549
0.759565
0.761205
0.767401
0.764256
0.772064
0.826522
0.848145
0.855852
0.863646
0.869391
0.874392
0.881806
0.889202
0.896823
0.91072
0.921083
0.928652
0.943514
0.950152
0.96052
0.967672
0.974366
0.979859
0.984294
0.987562
0.989448
0.99019
0.990325
0.990354
0.990408
0.99041
0.990183
0.989396
0.987495
0.98533
0.981165
0.972337
0.961945
0.953046
0.946869
0.943275
0.941928
0.941945
0.941748
0.940097
0.933126
0.90751
0.819834
0.712192
0.647497
0.630254
0.636912
0.683523
0.819723
0.892201
0.915164
0.910707
0.841155
0.746527
0.748959
0.824239
0.905375
0.930713
0.933339
0.927582
0.925511
0.63154
0.638136
0.668677
0.746738
0.781476
0.778882
0.762546
0.713415
0.6369
0.579805
0.556939
0.549005
0.548316
0.549121
0.55108
0.555419
0.565195
0.581434
0.595301
0.616048
0.63158
0.643566
0.647423
0.644055
0.630267
0.597065
0.580203
0.603811
0.774435
0.900987
0.945677
0.965129
0.97426
0.978603
0.98039
0.981148
0.98138
0.980727
0.978347
0.973737
0.968469
0.963483
0.960219
0.957823
0.956189
0.954871
0.954064
0.95351
0.953034
0.952794
0.952541
0.952419
0.952285
0.95222
0.952155
0.95208
0.951891
0.95159
0.951318
0.950964
0.950684
0.950473
0.950193
0.950054
0.949987
0.949978
0.950249
0.950965
0.952046
0.953614
0.955911
0.958954
0.962929
0.967282
0.972058
0.977243
0.981676
0.986086
0.989783
0.99279
0.995088
0.996767
0.99786
0.998595
0.999069
0.999378
0.99958
0.999714
0.999801
0.999863
0.999906
0.999936
0.999955
0.999969
0.999978
0.999985
0.99999
0.999993
0.999995
0.999995
0.999995
0.999995
0.999992
0.999983
0.99995
0.999837
0.999402
0.997549
0.989466
0.976438
0.966821
0.948085
0.899397
0.828376
0.786278
0.772775
0.764362
0.763871
0.800641
0.838154
0.847131
0.84714
0.840139
0.833744
0.832264
0.845471
0.85244
0.86724
0.875615
0.895095
0.903999
0.922513
0.935238
0.948771
0.960478
0.970178
0.978172
0.984103
0.98823
0.990937
0.992467
0.993006
0.993059
0.993012
0.992768
0.992026
0.99042
0.987251
0.980504
0.967494
0.943785
0.917973
0.900221
0.891802
0.890816
0.891372
0.89364
0.900617
0.917168
0.935253
0.945447
0.945578
0.935351
0.894027
0.765246
0.675147
0.661706
0.677784
0.776972
0.883747
0.911561
0.903916
0.853783
0.841989
0.872375
0.925966
0.937072
0.9289
0.899404
0.890101
0.631735
0.650528
0.728201
0.791837
0.797166
0.780565
0.702474
0.584423
0.541219
0.529947
0.531181
0.535051
0.539498
0.542074
0.543511
0.54643
0.551482
0.559494
0.569262
0.584883
0.608464
0.63193
0.637341
0.629475
0.601866
0.588033
0.619182
0.790389
0.911956
0.954095
0.969726
0.976184
0.978761
0.979647
0.979895
0.979117
0.976189
0.969932
0.964959
0.960502
0.95823
0.956496
0.955679
0.955203
0.954971
0.954859
0.954825
0.955172
0.955414
0.955711
0.955961
0.956154
0.956261
0.956314
0.956327
0.956304
0.956303
0.956296
0.956242
0.956018
0.955534
0.954789
0.95391
0.952629
0.951242
0.949914
0.948846
0.948297
0.947908
0.947778
0.94796
0.94846
0.949559
0.951303
0.954031
0.958029
0.964544
0.972383
0.980172
0.986314
0.99106
0.994293
0.996484
0.997826
0.998649
0.999148
0.999456
0.999647
0.999771
0.999849
0.999899
0.999932
0.999954
0.999968
0.999978
0.999985
0.99999
0.999993
0.999996
0.999997
0.999997
0.999997
0.999996
0.999992
0.999978
0.99993
0.999768
0.999154
0.996796
0.987148
0.972223
0.959086
0.931048
0.858631
0.803969
0.774892
0.760488
0.766341
0.81733
0.838541
0.83838
0.808701
0.782547
0.777029
0.785307
0.802076
0.809152
0.823696
0.831452
0.846035
0.860425
0.880128
0.900644
0.918667
0.938606
0.954431
0.968573
0.979236
0.986441
0.990624
0.992702
0.993566
0.993747
0.993641
0.993096
0.991508
0.987022
0.975357
0.948578
0.909323
0.88191
0.868625
0.867139
0.86899
0.872134
0.873403
0.873786
0.873877
0.874611
0.879471
0.901568
0.934063
0.947991
0.947837
0.93485
0.871954
0.731878
0.692057
0.701296
0.782351
0.885875
0.908907
0.901869
0.892719
0.903849
0.934687
0.93686
0.909018
0.87222
0.87029
0.631785
0.662437
0.762237
0.809022
0.803246
0.749191
0.60814
0.541165
0.524818
0.525702
0.534491
0.547314
0.551767
0.551303
0.549757
0.549876
0.552921
0.560094
0.570439
0.587992
0.609075
0.617828
0.612045
0.602244
0.599129
0.632226
0.801315
0.916557
0.957238
0.971411
0.976447
0.978141
0.97859
0.978465
0.976068
0.970179
0.96425
0.960475
0.957985
0.956583
0.955929
0.955613
0.955493
0.955455
0.955543
0.955636
0.955772
0.955833
0.955901
0.95593
0.955939
0.955926
0.955889
0.955878
0.955878
0.956083
0.956321
0.956578
0.95703
0.957403
0.957704
0.957986
0.958206
0.958275
0.958194
0.957504
0.956247
0.953903
0.951444
0.949157
0.947924
0.947479
0.947412
0.947839
0.948761
0.950313
0.952822
0.957079
0.965266
0.976736
0.98472
0.99066
0.994473
0.99679
0.998153
0.998922
0.999358
0.999608
0.999757
0.999845
0.999898
0.999932
0.999954
0.999969
0.999979
0.999986
0.99999
0.999994
0.999996
0.999998
0.999998
0.999998
0.999998
0.999996
0.99999
0.999967
0.999887
0.9996
0.998507
0.994068
0.979567
0.965422
0.939254
0.870561
0.815315
0.773723
0.758258
0.775365
0.82292
0.83645
0.806513
0.746478
0.724514
0.719822
0.72691
0.735139
0.747353
0.760995
0.770279
0.779379
0.793985
0.814868
0.840706
0.868484
0.896779
0.922414
0.946133
0.965331
0.979188
0.987627
0.991861
0.993532
0.993975
0.993911
0.993117
0.989738
0.97822
0.941672
0.898983
0.872774
0.862431
0.861303
0.864834
0.879312
0.891423
0.893856
0.892753
0.888204
0.877779
0.871524
0.870487
0.874569
0.9017
0.936124
0.945678
0.941029
0.904607
0.772639
0.718043
0.726915
0.808741
0.891404
0.909576
0.913868
0.921473
0.938751
0.938195
0.90558
0.86015
0.85715
0.631808
0.672728
0.783728
0.82003
0.805792
0.723621
0.582912
0.53265
0.523254
0.528922
0.54453
0.557972
0.562906
0.56406
0.562711
0.561895
0.564345
0.571272
0.582119
0.594209
0.602001
0.602318
0.603332
0.60888
0.649257
0.810482
0.91876
0.958169
0.971672
0.976079
0.977364
0.977688
0.976752
0.973298
0.965774
0.961226
0.958462
0.956931
0.956148
0.955776
0.955601
0.955475
0.955402
0.955322
0.955179
0.954809
0.954232
0.953357
0.95225
0.95136
0.9504
0.949816
0.949528
0.949439
0.949721
0.950063
0.950732
0.951325
0.95211
0.953208
0.954328
0.955468
0.957146
0.958307
0.958935
0.95928
0.959382
0.959304
0.958639
0.957135
0.954048
0.9507
0.948502
0.947768
0.947982
0.948774
0.949981
0.951967
0.955757
0.963898
0.97697
0.985909
0.991804
0.995376
0.997466
0.998638
0.999258
0.99958
0.999752
0.999849
0.999907
0.999941
0.999962
0.999976
0.999984
0.999989
0.999993
0.999995
0.999997
0.999998
0.999999
0.999999
0.999999
0.999998
0.999996
0.999986
0.999947
0.999797
0.999207
0.99684
0.988503
0.974654
0.945337
0.877053
0.823315
0.772526
0.756718
0.776029
0.822871
0.830098
0.757494
0.69811
0.680952
0.676921
0.680289
0.681211
0.685355
0.687082
0.691474
0.70191
0.717887
0.738798
0.762868
0.800131
0.836431
0.873731
0.90889
0.939735
0.963648
0.979663
0.988604
0.992655
0.993942
0.994001
0.993225
0.989117
0.971542
0.923508
0.885156
0.8663
0.861658
0.864475
0.884491
0.920399
0.942708
0.952864
0.954048
0.948754
0.927345
0.898085
0.879124
0.87023
0.869038
0.87647
0.912486
0.934629
0.933395
0.904625
0.784847
0.738583
0.751343
0.837419
0.898999
0.913792
0.924872
0.939202
0.939243
0.910179
0.858467
0.849008
0.63225
0.68308
0.80242
0.831162
0.809213
0.716436
0.57929
0.532933
0.525686
0.531129
0.547018
0.561558
0.567104
0.568955
0.570343
0.572104
0.575196
0.58054
0.587287
0.594424
0.598947
0.604262
0.619616
0.672743
0.825213
0.920577
0.95816
0.971297
0.975437
0.976536
0.97679
0.975329
0.970405
0.963648
0.95979
0.957779
0.95665
0.956096
0.955748
0.955486
0.955287
0.955024
0.954558
0.953632
0.951941
0.950426
0.948759
0.94742
0.946514
0.945657
0.94517
0.944823
0.944701
0.944699
0.945071
0.945602
0.946195
0.947159
0.947891
0.948751
0.949577
0.95042
0.951599
0.953226
0.955627
0.957976
0.959236
0.959711
0.959821
0.959695
0.95909
0.957635
0.954121
0.950456
0.948932
0.948775
0.949531
0.950767
0.952933
0.957981
0.96975
0.981592
0.989591
0.994347
0.996984
0.99841
0.99917
0.999564
0.999764
0.999869
0.999926
0.999957
0.999974
0.999983
0.999989
0.999993
0.999995
0.999997
0.999998
0.999999
0.999999
0.999999
0.999999
0.999999
0.999998
0.999994
0.999974
0.999892
0.999543
0.998176
0.99398
0.983243
0.953508
0.886158
0.830771
0.773934
0.755608
0.774277
0.821146
0.813375
0.724485
0.667414
0.651622
0.64883
0.651206
0.648781
0.644288
0.636893
0.634162
0.641479
0.663343
0.685033
0.707657
0.730966
0.765608
0.8126
0.857492
0.901487
0.938041
0.964728
0.981296
0.989878
0.993312
0.993954
0.993378
0.989202
0.970163
0.920144
0.883142
0.870423
0.870339
0.877077
0.902488
0.934753
0.958279
0.973112
0.98006
0.981113
0.978454
0.964934
0.933872
0.905094
0.883058
0.872651
0.873239
0.890982
0.920323
0.919501
0.888593
0.779519
0.754588
0.774847
0.863841
0.906184
0.922945
0.93832
0.940254
0.920496
0.86306
0.846396
0.633612
0.692919
0.811891
0.839015
0.81825
0.726521
0.598769
0.549266
0.533978
0.533054
0.547561
0.562918
0.569049
0.570938
0.572989
0.57607
0.579367
0.584518
0.590881
0.59803
0.608837
0.635267
0.709031
0.846835
0.924099
0.958084
0.97075
0.974755
0.97577
0.975989
0.974432
0.968884
0.962572
0.959322
0.957347
0.956414
0.955861
0.955463
0.955121
0.954725
0.954039
0.952974
0.951431
0.949695
0.94839
0.946855
0.94521
0.943587
0.942297
0.940982
0.940121
0.939624
0.939448
0.939689
0.940389
0.941592
0.942734
0.944238
0.945829
0.947025
0.948002
0.948877
0.949679
0.950363
0.95125
0.952875
0.956198
0.958652
0.959564
0.959825
0.959716
0.959322
0.95823
0.955303
0.952119
0.950652
0.950257
0.950714
0.952314
0.955957
0.966423
0.979522
0.988591
0.993955
0.996832
0.998343
0.999141
0.999565
0.999782
0.999886
0.999938
0.999965
0.99998
0.999988
0.999993
0.999995
0.999997
0.999998
0.999999
0.999999
0.999999
1
1
1
0.999999
0.999997
0.999985
0.999933
0.9997
0.998795
0.995937
0.987888
0.961599
0.898795
0.840713
0.777353
0.75539
0.769863
0.816106
0.798753
0.696539
0.643266
0.630488
0.630721
0.632569
0.627915
0.618805
0.608243
0.605047
0.613002
0.636369
0.659676
0.682792
0.699266
0.715959
0.749757
0.798268
0.852106
0.901945
0.941543
0.968474
0.98403
0.991389
0.993627
0.99347
0.989947
0.971337
0.921022
0.891659
0.884112
0.884481
0.889342
0.90819
0.939028
0.962649
0.978032
0.986348
0.98971
0.990194
0.989282
0.984825
0.973578
0.956433
0.925243
0.892688
0.884299
0.889541
0.907868
0.904638
0.858443
0.772675
0.766442
0.8013
0.88307
0.915393
0.935399
0.940494
0.930391
0.875923
0.848052
0.63612
0.704853
0.82411
0.845884
0.826116
0.752707
0.632589
0.578114
0.556509
0.548621
0.558858
0.574221
0.579399
0.579518
0.580353
0.584458
0.588472
0.595134
0.605655
0.624811
0.666354
0.758311
0.86745
0.929762
0.958532
0.970248
0.974151
0.975128
0.975314
0.973865
0.968337
0.961935
0.958786
0.957073
0.956137
0.955696
0.955361
0.955009
0.954565
0.9538
0.952626
0.950997
0.948941
0.94703
0.944695
0.941443
0.938349
0.935274
0.932612
0.930488
0.929054
0.92838
0.928188
0.929087
0.930126
0.932154
0.934587
0.937189
0.940239
0.943506
0.945907
0.947903
0.948959
0.949682
0.950352
0.951059
0.952523
0.955574
0.95812
0.959255
0.959614
0.959481
0.958964
0.957166
0.954291
0.952505
0.952075
0.952059
0.952609
0.955542
0.965234
0.978808
0.988325
0.993923
0.996918
0.998443
0.99921
0.999598
0.999798
0.999899
0.999949
0.999973
0.999985
0.999992
0.999995
0.999997
0.999998
0.999999
0.999999
1
1
1
1
1
1
0.999998
0.999992
0.999959
0.999809
0.999217
0.99723
0.99103
0.967806
0.91084
0.853525
0.784108
0.75599
0.764813
0.80561
0.792849
0.697555
0.628565
0.612372
0.613054
0.620748
0.617047
0.605797
0.589193
0.582764
0.582167
0.604387
0.632116
0.659616
0.680547
0.693078
0.706286
0.744837
0.798892
0.858219
0.910745
0.949805
0.974473
0.987591
0.992795
0.993565
0.99155
0.977048
0.936024
0.908426
0.899257
0.898692
0.901165
0.913918
0.94396
0.966771
0.981076
0.988994
0.992624
0.993819
0.993952
0.993712
0.992603
0.989318
0.983472
0.969637
0.92546
0.902754
0.90255
0.902384
0.890616
0.822334
0.772333
0.776188
0.829044
0.895969
0.928275
0.939258
0.935823
0.895797
0.853309
0.639762
0.716262
0.830974
0.852987
0.835828
0.767493
0.674358
0.626836
0.603751
0.595407
0.606727
0.617837
0.614591
0.609921
0.60841
0.613549
0.621096
0.637302
0.671141
0.73359
0.818086
0.88737
0.9364
0.959734
0.969886
0.97359
0.974597
0.974783
0.973546
0.968519
0.961996
0.958752
0.957143
0.95627
0.955736
0.955425
0.955023
0.954441
0.95344
0.951677
0.949577
0.947396
0.944996
0.941741
0.937252
0.932835
0.928887
0.925438
0.922846
0.920968
0.919733
0.919139
0.918917
0.919706
0.921498
0.92381
0.926076
0.929413
0.932492
0.936328
0.940956
0.945002
0.94782
0.949297
0.9501
0.950654
0.951555
0.953596
0.956459
0.958342
0.959081
0.959246
0.959045
0.957844
0.955257
0.953353
0.952856
0.953037
0.953976
0.956907
0.966118
0.980114
0.989801
0.995178
0.997801
0.998989
0.99951
0.999749
0.999866
0.999929
0.999964
0.999982
0.999991
0.999995
0.999997
0.999998
0.999999
0.999999
1
1
1
1
1
1
1
0.999999
0.999996
0.999976
0.999879
0.999469
0.997954
0.992778
0.971373
0.919668
0.868045
0.794505
0.757537
0.760288
0.793814
0.78906
0.706103
0.629599
0.602558
0.599401
0.604325
0.609094
0.601796
0.57549
0.550863
0.535831
0.548847
0.579852
0.613962
0.645934
0.669871
0.684291
0.706399
0.751394
0.81268
0.8752
0.926406
0.961417
0.981693
0.991097
0.993605
0.993105
0.986408
0.955265
0.923729
0.911598
0.91009
0.912242
0.924788
0.953118
0.973126
0.984825
0.991065
0.994062
0.995218
0.995454
0.995411
0.99507
0.993469
0.988231
0.984721
0.978623
0.951767
0.91877
0.90921
0.900796
0.871241
0.790742
0.77108
0.785454
0.853134
0.912508
0.935308
0.936484
0.917122
0.864281
0.643755
0.727735
0.842241
0.861837
0.852897
0.80915
0.736698
0.701646
0.686708
0.685544
0.708516
0.714623
0.712741
0.709
0.703202
0.711327
0.729057
0.763941
0.813984
0.86342
0.910105
0.943892
0.961538
0.969773
0.973072
0.974101
0.974326
0.973376
0.969082
0.962497
0.95904
0.95726
0.956245
0.955676
0.955264
0.954836
0.954203
0.953121
0.951356
0.949326
0.946944
0.944145
0.940555
0.935528
0.929699
0.92514
0.920835
0.917675
0.914681
0.911783
0.909351
0.907635
0.906922
0.9079
0.910837
0.91493
0.920582
0.92501
0.928891
0.932367
0.936485
0.941148
0.945401
0.948417
0.949935
0.950587
0.951319
0.952886
0.955738
0.957916
0.958882
0.959027
0.958893
0.958002
0.955733
0.954327
0.953914
0.954126
0.955361
0.959633
0.972173
0.98519
0.992957
0.996821
0.998574
0.999344
0.999692
0.999854
0.99993
0.999965
0.999981
0.999989
0.999994
0.999997
0.999998
0.999999
1
1
1
1
1
1
1
1
1
1
0.999997
0.999985
0.99992
0.999624
0.998405
0.993801
0.973933
0.921199
0.878518
0.808592
0.760726
0.75763
0.781913
0.783886
0.724562
0.636264
0.603074
0.592493
0.593136
0.597736
0.595151
0.576758
0.524129
0.481865
0.477677
0.500067
0.533441
0.575695
0.621157
0.653521
0.67663
0.712157
0.769398
0.837586
0.899673
0.945454
0.973783
0.98826
0.993242
0.993488
0.990065
0.969087
0.935705
0.92124
0.919011
0.921175
0.934611
0.960573
0.977881
0.987701
0.992736
0.995076
0.995981
0.996156
0.996105
0.995577
0.993942
0.987264
0.98049
0.978857
0.975648
0.961617
0.928663
0.914837
0.894406
0.828442
0.776441
0.772822
0.796658
0.878429
0.925044
0.934889
0.92742
0.884614
0.648493
0.73675
0.849753
0.869957
0.863325
0.836021
0.809435
0.797457
0.795444
0.821068
0.831327
0.824655
0.815871
0.812
0.811777
0.825779
0.84385
0.872603
0.901002
0.930267
0.949453
0.96371
0.969899
0.972639
0.973622
0.973881
0.973225
0.969689
0.963323
0.95946
0.957531
0.956383
0.955781
0.955442
0.955045
0.954548
0.953701
0.952058
0.950026
0.947732
0.944973
0.941489
0.936771
0.930457
0.924498
0.919473
0.914522
0.910392
0.905975
0.901422
0.897757
0.895653
0.894733
0.895659
0.897968
0.902052
0.909005
0.918106
0.925401
0.930391
0.934621
0.939421
0.944157
0.947754
0.949809
0.950755
0.951328
0.952689
0.955489
0.957745
0.958812
0.958994
0.958813
0.957875
0.955948
0.955073
0.955119
0.955726
0.957984
0.964528
0.978554
0.988946
0.994995
0.997811
0.999028
0.999555
0.99979
0.9999
0.999954
0.999979
0.99999
0.999995
0.999998
0.999999
0.999999
1
1
1
1
1
1
1
1
1
1
1
0.999999
0.999992
0.999951
0.999744
0.998763
0.994523
0.975596
0.918763
0.885911
0.822876
0.766713
0.755291
0.770503
0.779028
0.75139
0.656678
0.608131
0.592722
0.589209
0.590526
0.589876
0.579252
0.529493
0.468894
0.451798
0.453894
0.466544
0.490958
0.539988
0.60124
0.641843
0.677253
0.729371
0.799514
0.870584
0.927052
0.964022
0.984164
0.992265
0.993511
0.991485
0.976618
0.944574
0.929406
0.926805
0.928783
0.941402
0.965053
0.980725
0.989633
0.994141
0.996191
0.996838
0.99687
0.996524
0.995479
0.992883
0.984436
0.970497
0.96704
0.967784
0.966735
0.959572
0.93679
0.916298
0.869991
0.791894
0.766504
0.772245
0.823095
0.903326
0.929546
0.928796
0.90473
0.653934
0.745871
0.854915
0.878842
0.880424
0.867259
0.861753
0.861927
0.875759
0.886294
0.885085
0.880399
0.87852
0.880256
0.88453
0.899887
0.912336
0.927614
0.944464
0.957495
0.964713
0.970213
0.972318
0.973183
0.973449
0.973048
0.970272
0.964781
0.960224
0.958008
0.956789
0.955978
0.955525
0.955261
0.954817
0.95402
0.9527
0.950769
0.948583
0.946125
0.943105
0.93893
0.933396
0.926203
0.919524
0.913858
0.908604
0.904321
0.900456
0.896837
0.89389
0.8922
0.892069
0.892803
0.894725
0.897726
0.903994
0.913911
0.923567
0.929575
0.934002
0.938822
0.943734
0.947568
0.949925
0.95108
0.9518
0.953141
0.955784
0.957881
0.958854
0.959022
0.95879
0.957623
0.956281
0.95613
0.956435
0.957831
0.962092
0.97345
0.986224
0.994285
0.997641
0.999004
0.999574
0.999815
0.999916
0.999961
0.99998
0.99999
0.999995
0.999998
0.999999
0.999999
1
1
1
1
1
1
1
1
1
1
1
1
0.999999
0.999996
0.999971
0.999824
0.999028
0.995045
0.976176
0.914196
0.88231
0.835891
0.775323
0.754077
0.759259
0.774061
0.764659
0.698718
0.623257
0.596607
0.589537
0.589228
0.588887
0.583026
0.544401
0.477148
0.450445
0.446144
0.449782
0.46182
0.487115
0.538924
0.597457
0.642422
0.692215
0.762098
0.840108
0.906828
0.952797
0.979121
0.9908
0.993438
0.992169
0.980891
0.951676
0.936899
0.934384
0.936474
0.949538
0.971308
0.985045
0.992472
0.996042
0.997311
0.997479
0.99727
0.99642
0.993816
0.98816
0.977296
0.961594
0.952333
0.952165
0.957634
0.958184
0.953956
0.940492
0.90892
0.823263
0.771013
0.762977
0.780172
0.855579
0.915047
0.926176
0.917191
0.660327
0.754405
0.856966
0.884243
0.888929
0.885915
0.885314
0.89197
0.911821
0.917361
0.916958
0.916172
0.917897
0.922977
0.928134
0.939255
0.946013
0.95305
0.962817
0.967382
0.970297
0.972151
0.972832
0.973063
0.972883
0.971086
0.966679
0.961734
0.95877
0.957273
0.956329
0.955726
0.955335
0.955017
0.95458
0.953715
0.952239
0.950268
0.948176
0.94613
0.943264
0.939208
0.933852
0.926752
0.919906
0.914072
0.908742
0.904386
0.900704
0.897554
0.894782
0.893309
0.8933
0.893691
0.894771
0.897238
0.902835
0.913009
0.923269
0.930424
0.935151
0.939902
0.944833
0.948662
0.95083
0.95169
0.952386
0.953961
0.956781
0.958677
0.959183
0.959124
0.958655
0.957398
0.95704
0.957215
0.958197
0.961312
0.969946
0.984206
0.993197
0.997109
0.998776
0.999479
0.99978
0.999909
0.999962
0.999983
0.999992
0.999996
0.999998
0.999999
1
1
1
1
1
1
1
1
1
1
1
1
1
1
1
0.999998
0.999984
0.999889
0.999308
0.996019
0.97882
0.911104
0.871005
0.845114
0.789156
0.755536
0.753633
0.764382
0.763511
0.73966
0.660919
0.610686
0.594135
0.590938
0.590272
0.586872
0.567104
0.501349
0.459338
0.44776
0.448068
0.455329
0.472979
0.510907
0.562353
0.607653
0.657776
0.725933
0.808817
0.885069
0.940336
0.973312
0.988961
0.993365
0.992793
0.984352
0.958191
0.943781
0.941448
0.943845
0.958007
0.977554
0.988845
0.994631
0.997046
0.997667
0.997626
0.997045
0.994722
0.987809
0.972704
0.963341
0.955109
0.9452
0.941613
0.942673
0.951095
0.95254
0.949288
0.933803
0.87498
0.787124
0.756156
0.757834
0.792182
0.885686
0.918752
0.917345
0.668232
0.76522
0.857342
0.88723
0.900041
0.904597
0.90507
0.912493
0.928909
0.934137
0.935574
0.936794
0.940358
0.944365
0.950538
0.957093
0.960001
0.964052
0.968858
0.970758
0.971986
0.972596
0.972784
0.972752
0.971557
0.968143
0.963776
0.959962
0.958012
0.956914
0.956153
0.955636
0.955302
0.954993
0.954599
0.953794
0.952377
0.950449
0.948385
0.946461
0.944076
0.940449
0.935698
0.929186
0.922323
0.916278
0.910871
0.906325
0.902678
0.900153
0.897575
0.896554
0.896715
0.897499
0.899436
0.90355
0.911254
0.922004
0.930788
0.935181
0.938543
0.943067
0.947466
0.950353
0.951698
0.952377
0.953296
0.955614
0.958067
0.959192
0.959342
0.959119
0.958189
0.957592
0.957666
0.958372
0.960887
0.967619
0.982605
0.992509
0.996885
0.998724
0.999482
0.999789
0.999913
0.999964
0.999984
0.999993
0.999997
0.999998
0.999999
1
1
1
1
1
1
1
1
1
1
1
1
1
1
1
1
0.999999
0.999992
0.999938
0.99956
0.997144
0.983394
0.917968
0.857463
0.839084
0.800809
0.759667
0.749577
0.754151
0.760808
0.754326
0.7201
0.646584
0.610392
0.599234
0.597126
0.595424
0.586324
0.544074
0.48427
0.458743
0.455192
0.45813
0.470586
0.503181
0.551499
0.590537
0.629121
0.69417
0.779207
0.863283
0.927287
0.966895
0.986706
0.993209
0.993339
0.987463
0.964412
0.949725
0.94725
0.949603
0.963161
0.980514
0.990506
0.995538
0.997464
0.997747
0.997473
0.995749
0.989804
0.974054
0.958796
0.951169
0.948197
0.942716
0.936895
0.936081
0.938631
0.948362
0.948961
0.943918
0.916519
0.823985
0.761608
0.749463
0.762351
0.835609
0.901462
0.913676
0.677474
0.782087
0.857676
0.885412
0.902589
0.914307
0.918722
0.924089
0.937008
0.943358
0.945493
0.947685
0.952295
0.95541
0.959782
0.964577
0.966135
0.968369
0.970841
0.971795
0.972367
0.972592
0.972655
0.972075
0.970127
0.966846
0.962875
0.959725
0.95799
0.956932
0.956184
0.955663
0.95533
0.955025
0.954678
0.954028
0.952775
0.950978
0.948951
0.947111
0.945643
0.943146
0.939792
0.934446
0.928076
0.92147
0.916004
0.911127
0.907457
0.905102
0.902835
0.902672
0.903228
0.904884
0.908623
0.914707
0.923095
0.930931
0.935142
0.937864
0.941948
0.946668
0.950263
0.95198
0.952677
0.953285
0.954608
0.957432
0.959262
0.959634
0.95947
0.958733
0.957957
0.95794
0.958422
0.960493
0.966433
0.980883
0.991742
0.99657
0.998601
0.999437
0.999775
0.99991
0.999963
0.999985
0.999993
0.999997
0.999999
0.999999
1
1
1
1
1
1
1
1
1
1
1
1
1
1
1
1
1
1
0.999997
0.999969
0.999756
0.998222
0.988518
0.934798
0.851437
0.826185
0.807754
0.76771
0.747721
0.747376
0.755057
0.75381
0.742097
0.699968
0.648856
0.62331
0.614521
0.611056
0.603187
0.578393
0.521106
0.48287
0.474129
0.476509
0.485703
0.50607
0.549777
0.587398
0.61561
0.668815
0.753616
0.84367
0.915125
0.960674
0.984289
0.992809
0.99355
0.98914
0.968743
0.953773
0.951165
0.953558
0.967031
0.983327
0.992331
0.996489
0.997734
0.997746
0.996862
0.992609
0.978272
0.961331
0.951814
0.947423
0.945875
0.943429
0.937008
0.933215
0.933437
0.939415
0.947025
0.946147
0.934517
0.875125
0.77811
0.743146
0.743784
0.773551
0.864014
0.903122
0.687585
0.803021
0.861269
0.880914
0.899534
0.918034
0.92537
0.931847
0.942979
0.949394
0.951862
0.953633
0.957106
0.962103
0.964497
0.967881
0.969058
0.970151
0.971521
0.972037
0.972379
0.972525
0.972451
0.971762
0.970066
0.966957
0.96307
0.959943
0.958144
0.95706
0.956301
0.955755
0.9554
0.95511
0.954834
0.954407
0.953603
0.952105
0.949978
0.948088
0.946446
0.945045
0.943063
0.940602
0.936652
0.93161
0.927154
0.921888
0.918727
0.915641
0.914753
0.915199
0.916552
0.919339
0.924031
0.929233
0.934199
0.93766
0.939756
0.942895
0.94723
0.950581
0.952189
0.95278
0.953243
0.954257
0.956773
0.959249
0.959901
0.959794
0.959162
0.958277
0.958174
0.958545
0.96029
0.965595
0.979096
0.990868
0.996222
0.998471
0.999389
0.999758
0.999905
0.999962
0.999985
0.999994
0.999997
0.999999
0.999999
1
1
1
1
1
1
1
1
1
1
1
1
1
1
1
1
1
1
1
0.999999
0.999987
0.999882
0.999041
0.993089
0.957613
0.861585
0.815187
0.803102
0.77627
0.749575
0.742927
0.74488
0.750523
0.747158
0.732549
0.695125
0.65997
0.642038
0.635772
0.630276
0.617149
0.574842
0.524163
0.506909
0.508548
0.517358
0.535001
0.56213
0.590446
0.614027
0.649669
0.730672
0.826177
0.904345
0.955164
0.982118
0.992434
0.993695
0.989929
0.970957
0.956606
0.954434
0.957523
0.972489
0.987018
0.994311
0.997224
0.997831
0.997567
0.99536
0.986164
0.965459
0.95329
0.948324
0.946377
0.945458
0.944553
0.941828
0.934617
0.931988
0.933257
0.942088
0.945383
0.941369
0.912924
0.814139
0.748466
0.733365
0.74308
0.80461
0.877917
0.698264
0.818607
0.863801
0.879088
0.896439
0.918568
0.927351
0.934077
0.945412
0.952143
0.954715
0.956824
0.95985
0.962809
0.966395
0.968664
0.970023
0.970694
0.971615
0.972031
0.97233
0.972395
0.972313
0.971793
0.970307
0.967508
0.963762
0.960565
0.95857
0.957362
0.956541
0.955944
0.955524
0.955255
0.954975
0.954715
0.954194
0.953445
0.95184
0.949984
0.94782
0.946382
0.944544
0.943422
0.941328
0.938633
0.936388
0.933051
0.93115
0.928971
0.928478
0.928796
0.929706
0.931647
0.934018
0.936514
0.939031
0.94076
0.943575
0.947792
0.950869
0.952368
0.952979
0.953419
0.95431
0.956494
0.959327
0.960176
0.960117
0.95965
0.958437
0.958172
0.958453
0.959962
0.964767
0.977276
0.99003
0.99589
0.998339
0.999339
0.99974
0.999898
0.99996
0.999984
0.999994
0.999997
0.999999
1
1
1
1
1
1
1
1
1
1
1
1
1
1
1
1
1
1
1
1
1
1
0.999995
0.999949
0.999547
0.996396
0.976142
0.88928
0.815824
0.795127
0.780446
0.753323
0.739557
0.739042
0.743995
0.745143
0.741148
0.728062
0.697911
0.673835
0.665353
0.663
0.658767
0.647078
0.610774
0.57415
0.566391
0.568815
0.576733
0.593246
0.607236
0.620158
0.643988
0.707892
0.810157
0.894799
0.950341
0.980239
0.992164
0.994041
0.990914
0.973576
0.959933
0.958049
0.961422
0.975965
0.988673
0.995097
0.997481
0.997772
0.997004
0.992305
0.974891
0.956161
0.949168
0.94714
0.946899
0.947652
0.947849
0.94708
0.942158
0.933929
0.932797
0.936499
0.944061
0.943455
0.930459
0.86296
0.764406
0.728226
0.7277
0.752581
0.833174
0.708801
0.830103
0.866467
0.87757
0.891527
0.915682
0.927753
0.933797
0.943538
0.952364
0.955573
0.957608
0.960472
0.962617
0.966239
0.968571
0.97006
0.970699
0.971556
0.971965
0.97223
0.972313
0.972263
0.971925
0.970935
0.968869
0.965101
0.961779
0.959439
0.957963
0.956956
0.956311
0.955762
0.955434
0.95511
0.954943
0.954602
0.954168
0.953424
0.952189
0.950139
0.948845
0.946653
0.94533
0.943952
0.942192
0.940955
0.939062
0.938035
0.936768
0.936442
0.93662
0.937162
0.938347
0.939539
0.941877
0.943436
0.946336
0.949557
0.951584
0.952686
0.953209
0.953565
0.954306
0.956071
0.959346
0.960458
0.960434
0.960047
0.958682
0.958193
0.95837
0.95965
0.964008
0.97556
0.989271
0.995562
0.998204
0.999286
0.99972
0.999891
0.999958
0.999984
0.999994
0.999997
0.999999
1
1
1
1
1
1
1
1
1
1
1
1
1
1
1
1
1
1
1
1
1
1
1
0.999998
0.99998
0.999809
0.998349
0.988139
0.930301
0.830852
0.790886
0.779004
0.757724
0.740176
0.734719
0.735646
0.740448
0.739863
0.736044
0.723771
0.704542
0.695496
0.694023
0.694214
0.694066
0.692251
0.685835
0.662763
0.641336
0.632949
0.631026
0.632169
0.63625
0.646107
0.687592
0.794811
0.88656
0.946305
0.978588
0.991921
0.994431
0.99198
0.976369
0.962621
0.960571
0.963769
0.977731
0.989912
0.995771
0.997598
0.997612
0.995879
0.986657
0.962862
0.950505
0.94767
0.947723
0.948709
0.952318
0.954921
0.954506
0.95189
0.940894
0.934185
0.934726
0.94138
0.943636
0.938228
0.902514
0.793418
0.732332
0.717512
0.726084
0.780294
0.715751
0.834811
0.867315
0.876796
0.886802
0.907712
0.925738
0.933172
0.939751
0.950418
0.955427
0.957561
0.959969
0.962121
0.965007
0.968096
0.969854
0.970553
0.971361
0.971814
0.972083
0.972208
0.972195
0.972051
0.971575
0.970463
0.967929
0.963731
0.960829
0.958911
0.95762
0.956771
0.956153
0.955698
0.955355
0.955117
0.954912
0.954591
0.954219
0.953675
0.952294
0.951379
0.949623
0.948243
0.946902
0.945499
0.944419
0.943185
0.942506
0.941766
0.941754
0.941939
0.942435
0.943343
0.945063
0.946378
0.948707
0.950789
0.952202
0.953022
0.953422
0.953744
0.954436
0.956055
0.959574
0.960793
0.960783
0.960408
0.958909
0.958237
0.958332
0.959431
0.96343
0.974134
0.988644
0.995261
0.998073
0.999231
0.999698
0.999883
0.999955
0.999982
0.999993
0.999997
0.999999
1
1
1
1
1
1
1
1
1
1
1
1
1
1
1
1
1
1
1
1
1
1
1
1
0.999999
0.999993
0.999926
0.999322
0.994744
0.967699
0.868258
0.798057
0.777919
0.761631
0.742186
0.731078
0.729823
0.731226
0.73573
0.734984
0.731374
0.722211
0.718508
0.718708
0.721619
0.726659
0.731698
0.736865
0.738174
0.729555
0.694424
0.666134
0.652241
0.648186
0.651565
0.680229
0.780723
0.879914
0.943364
0.97753
0.991777
0.99465
0.992481
0.977641
0.964096
0.962238
0.965989
0.980466
0.991435
0.996325
0.997624
0.997316
0.993795
0.97657
0.955084
0.94785
0.94747
0.94911
0.953641
0.959085
0.962539
0.962531
0.961215
0.954147
0.938859
0.935899
0.938996
0.943715
0.941863
0.922784
0.837983
0.744912
0.714763
0.714522
0.739097
0.719985
0.836859
0.867139
0.874881
0.881171
0.895032
0.915048
0.92888
0.935257
0.942892
0.952748
0.956775
0.958746
0.961114
0.962695
0.966412
0.969114
0.970096
0.970943
0.971521
0.971865
0.972068
0.972098
0.97204
0.971854
0.971359
0.970187
0.967632
0.963548
0.960633
0.958754
0.957498
0.956691
0.956058
0.955668
0.955321
0.955151
0.954885
0.954636
0.954387
0.953689
0.953146
0.952025
0.951103
0.949935
0.949021
0.948
0.947217
0.946625
0.946306
0.946374
0.946633
0.947251
0.948155
0.949273
0.950774
0.951952
0.952801
0.953366
0.953646
0.953953
0.954639
0.956223
0.959828
0.961159
0.961152
0.960755
0.959108
0.958261
0.958294
0.959246
0.962951
0.972948
0.98808
0.994979
0.997942
0.999174
0.999674
0.999873
0.999951
0.999981
0.999993
0.999997
0.999999
1
1
1
1
1
1
1
1
1
1
1
1
1
1
1
1
1
1
1
1
1
1
1
1
1
1
0.999997
0.999973
0.999744
0.997904
0.986326
0.92632
0.821548
0.781344
0.764775
0.745365
0.731534
0.725644
0.72553
0.727148
0.731348
0.730486
0.727595
0.727363
0.72995
0.738065
0.745486
0.752029
0.757328
0.759117
0.757462
0.743455
0.697761
0.663301
0.652504
0.654281
0.677971
0.772827
0.876278
0.941848
0.977032
0.991799
0.99498
0.993026
0.978858
0.965825
0.964154
0.967947
0.981789
0.992042
0.996537
0.997467
0.996703
0.990234
0.966204
0.949578
0.94674
0.948068
0.954687
0.964477
0.967564
0.967752
0.967305
0.966235
0.963108
0.949325
0.938784
0.93914
0.943555
0.943577
0.933879
0.877243
0.76509
0.717698
0.708593
0.719191
0.721718
0.835711
0.862016
0.867391
0.870058
0.876298
0.889126
0.905377
0.919261
0.93037
0.939939
0.95082
0.956509
0.958957
0.961074
0.963533
0.966713
0.96889
0.970078
0.970944
0.971466
0.971811
0.971947
0.971965
0.971883
0.971687
0.971209
0.97013
0.967888
0.964304
0.960938
0.958853
0.957591
0.956653
0.956088
0.955621
0.955348
0.955142
0.954884
0.954734
0.954383
0.954112
0.953512
0.953013
0.952242
0.951725
0.950996
0.950564
0.950104
0.950016
0.950098
0.950335
0.950783
0.951509
0.952217
0.952848
0.95331
0.953686
0.953857
0.954169
0.954909
0.956599
0.960248
0.961578
0.961559
0.961107
0.959271
0.958238
0.958224
0.959068
0.962548
0.971994
0.987579
0.994712
0.997813
0.999115
0.999648
0.999862
0.999946
0.999979
0.999992
0.999997
0.999999
1
1
1
1
1
1
1
1
1
1
1
1
1
1
1
1
1
1
1
1
1
1
1
1
1
1
1
0.999999
0.999991
0.99991
0.999232
0.994689
0.970936
0.875556
0.796508
0.769147
0.750506
0.733671
0.723492
0.720485
0.720718
0.722889
0.726704
0.72677
0.727742
0.732388
0.742171
0.751566
0.759069
0.763211
0.763875
0.762579
0.753146
0.710768
0.668545
0.654826
0.655625
0.677153
0.768915
0.874794
0.941294
0.976882
0.991987
0.995394
0.993716
0.980426
0.967129
0.965252
0.968872
0.98238
0.992423
0.99662
0.997256
0.99576
0.984566
0.956738
0.946347
0.946421
0.951263
0.964755
0.971495
0.972339
0.971847
0.970234
0.969022
0.967117
0.960344
0.944215
0.940762
0.94371
0.945006
0.940355
0.907741
0.800262
0.726245
0.708631
0.710676
0.707853
0.793171
0.821741
0.829654
0.830125
0.830398
0.836365
0.851939
0.862286
0.881332
0.903454
0.921721
0.943051
0.95331
0.957826
0.960432
0.963192
0.966363
0.968253
0.969661
0.970592
0.971284
0.971638
0.971797
0.971809
0.971728
0.971545
0.971123
0.970209
0.968311
0.965414
0.961669
0.959332
0.957766
0.956834
0.956126
0.955691
0.955401
0.955094
0.954974
0.954725
0.954576
0.954257
0.954026
0.953597
0.953321
0.952906
0.952674
0.952407
0.952389
0.952443
0.952594
0.952859
0.953173
0.953457
0.953717
0.95392
0.954072
0.954406
0.955255
0.957315
0.960809
0.962045
0.961999
0.961461
0.959391
0.958215
0.958157
0.958928
0.962208
0.971183
0.987096
0.994444
0.997676
0.99905
0.999618
0.999849
0.999941
0.999977
0.999991
0.999997
0.999999
0.999999
1
1
1
1
1
1
1
1
1
1
1
1
1
1
1
1
1
1
1
1
1
1
1
1
1
1
1
1
0.999997
0.999969
0.999736
0.998096
0.988999
0.946682
0.83515
0.781551
0.757346
0.738245
0.724915
0.716908
0.715148
0.715563
0.717399
0.721352
0.724912
0.731575
0.741434
0.751307
0.75913
0.763121
0.763602
0.762285
0.753605
0.713061
0.66961
0.655916
0.656801
0.677357
0.767664
0.874726
0.94202
0.977495
0.992401
0.995804
0.994227
0.981191
0.967734
0.96578
0.969311
0.982654
0.992651
0.99663
0.996965
0.994331
0.976038
0.950314
0.944767
0.946946
0.959718
0.972386
0.976105
0.97613
0.975282
0.972365
0.97047
0.969168
0.965808
0.953021
0.944415
0.944825
0.946572
0.944419
0.926456
0.841356
0.74338
0.711189
0.710118
0.692542
0.720552
0.71422
0.707998
0.69779
0.694625
0.703936
0.719066
0.748251
0.779037
0.818063
0.844003
0.880845
0.912787
0.93926
0.9524
0.95712
0.961959
0.965248
0.967548
0.969101
0.970183
0.970937
0.971398
0.971607
0.971639
0.971564
0.971404
0.971057
0.970274
0.968886
0.966423
0.963264
0.960073
0.958289
0.957076
0.956334
0.95584
0.955421
0.955217
0.954947
0.95484
0.954609
0.954477
0.954262
0.954103
0.953889
0.953758
0.953624
0.953588
0.953607
0.95366
0.953758
0.953871
0.954008
0.95411
0.954298
0.954716
0.955744
0.95839
0.961518
0.96254
0.962456
0.961795
0.959428
0.958178
0.958097
0.958837
0.961962
0.970507
0.986615
0.994153
0.997521
0.998973
0.999583
0.999833
0.999934
0.999974
0.99999
0.999996
0.999999
0.999999
1
1
1
1
1
1
1
1
1
1
1
1
1
1
1
1
1
1
1
1
1
1
1
1
1
1
1
1
1
0.999999
0.99999
0.999912
0.999356
0.996128
0.980569
0.911262
0.814097
0.770814
0.746009
0.728605
0.717953
0.711448
0.7098
0.710155
0.71138
0.714922
0.723996
0.736076
0.747879
0.756953
0.759987
0.759563
0.756486
0.745577
0.705865
0.66738
0.656047
0.657582
0.679428
0.771433
0.877615
0.943625
0.978215
0.992766
0.996172
0.994741
0.982189
0.968328
0.966069
0.969471
0.9827
0.99272
0.996504
0.996585
0.992241
0.96723
0.945595
0.943575
0.949884
0.96779
0.97783
0.980337
0.980317
0.979346
0.975151
0.971424
0.970228
0.968357
0.960518
0.949479
0.947559
0.948507
0.947707
0.938183
0.891064
0.772364
0.719616
0.711985
0.670221
0.672428
0.671474
0.668972
0.665853
0.664075
0.660342
0.659577
0.670946
0.708527
0.77617
0.815853
0.83193
0.858671
0.874042
0.901401
0.934492
0.95028
0.958606
0.96343
0.966443
0.96837
0.969705
0.970577
0.971117
0.971385
0.971456
0.971396
0.971263
0.970979
0.970423
0.969251
0.967455
0.964735
0.96162
0.959088
0.957633
0.956691
0.956031
0.955646
0.955286
0.955093
0.954883
0.95472
0.954583
0.954452
0.954341
0.954238
0.954171
0.954105
0.954098
0.95411
0.954144
0.954213
0.954343
0.954617
0.955223
0.956517
0.95978
0.962351
0.963014
0.96288
0.962059
0.959356
0.958097
0.958034
0.958786
0.961858
0.969977
0.986082
0.993807
0.997331
0.998879
0.999539
0.999814
0.999926
0.999971
0.999989
0.999996
0.999998
0.999999
1
1
1
1
1
1
1
1
1
1
1
1
1
1
1
1
1
1
1
1
1
1
1
1
1
1
1
1
1
1
1
0.999997
0.999972
0.999792
0.998721
0.99338
0.970333
0.884307
0.800802
0.760489
0.736216
0.721222
0.712412
0.706664
0.70413
0.704229
0.705069
0.708256
0.717107
0.735852
0.748156
0.749917
0.747972
0.741424
0.724526
0.684885
0.661356
0.655647
0.658311
0.682295
0.777283
0.882372
0.946571
0.979545
0.993248
0.996455
0.995119
0.982969
0.968581
0.966111
0.969421
0.982536
0.992697
0.996302
0.996124
0.989364
0.958757
0.942047
0.942986
0.956557
0.973805
0.980526
0.982002
0.981899
0.98094
0.976404
0.971451
0.970019
0.969085
0.965756
0.955307
0.951141
0.951142
0.950738
0.945864
0.920491
0.827181
0.739997
0.719406
0.991827
0.979294
0.96707
0.944681
0.924459
0.904391
0.884903
0.88471
0.889971
0.904309
0.925408
0.944287
0.955044
0.956289
0.946369
0.89985
0.884701
0.894252
0.917634
0.94474
0.958372
0.964207
0.967254
0.969004
0.970097
0.970773
0.971132
0.971254
0.971218
0.971106
0.97091
0.970459
0.969726
0.968209
0.966313
0.963556
0.960827
0.958667
0.957344
0.956535
0.955953
0.95558
0.955291
0.955065
0.95489
0.954752
0.95463
0.954558
0.954482
0.954437
0.954444
0.954483
0.954584
0.954801
0.955244
0.956163
0.958095
0.96156
0.963304
0.963474
0.963239
0.962133
0.959181
0.95797
0.95795
0.95877
0.962028
0.970136
0.985864
0.993598
0.997198
0.998806
0.999503
0.999797
0.999918
0.999968
0.999987
0.999995
0.999998
0.999999
1
1
1
1
1
1
1
1
1
1
1
1
1
1
1
1
1
1
1
1
1
1
1
1
1
1
1
1
1
1
1
1
0.999999
0.999991
0.999937
0.999614
0.997979
0.990744
0.963536
0.875113
0.79587
0.754292
0.730201
0.716248
0.707776
0.702287
0.698499
0.698105
0.698621
0.700836
0.709748
0.723035
0.724273
0.721934
0.71541
0.69994
0.673115
0.65907
0.656564
0.660525
0.688152
0.787895
0.889951
0.951264
0.981899
0.994252
0.997036
0.995685
0.983574
0.968715
0.965952
0.968844
0.981529
0.992265
0.995949
0.995452
0.985223
0.950084
0.938809
0.943275
0.963862
0.977897
0.98209
0.982697
0.982384
0.981223
0.976288
0.96905
0.968301
0.968301
0.967375
0.962028
0.956315
0.955293
0.954825
0.952381
0.939743
0.893055
0.790983
0.744345
0.99991
0.999591
0.998946
0.997686
0.995716
0.993183
0.990469
0.988091
0.987933
0.98848
0.9894
0.990579
0.991601
0.991833
0.991628
0.989414
0.982052
0.957852
0.927986
0.924151
0.928598
0.93891
0.955495
0.963609
0.967261
0.96915
0.970198
0.970751
0.970974
0.970995
0.970926
0.970763
0.97052
0.969975
0.969159
0.967657
0.965832
0.963549
0.961242
0.959061
0.957728
0.956862
0.956287
0.955874
0.95558
0.955366
0.955233
0.955129
0.955078
0.955099
0.955187
0.955399
0.955871
0.956628
0.958104
0.961135
0.963368
0.964146
0.964068
0.963553
0.96188
0.958706
0.957775
0.957834
0.958864
0.962635
0.971732
0.9865
0.993815
0.997258
0.998817
0.999501
0.999794
0.999917
0.999967
0.999987
0.999995
0.999998
0.999999
1
1
1
1
1
1
1
1
1
1
1
1
1
1
1
1
1
1
1
1
1
1
1
1
1
1
1
1
1
1
1
1
1
1
0.999997
0.999981
0.99989
0.999438
0.997454
0.98972
0.964055
0.886847
0.802377
0.755283
0.728454
0.713201
0.703947
0.698748
0.694511
0.692839
0.692988
0.694846
0.700794
0.701252
0.699627
0.6952
0.683478
0.666253
0.658621
0.658337
0.664198
0.697758
0.803516
0.899534
0.956194
0.983984
0.99505
0.997529
0.996279
0.984608
0.968825
0.965222
0.967323
0.979196
0.991365
0.995453
0.994545
0.979388
0.942109
0.935968
0.945966
0.970465
0.980285
0.982804
0.982918
0.982401
0.980616
0.974862
0.962825
0.962176
0.964763
0.966482
0.96539
0.961937
0.960323
0.959635
0.958191
0.952319
0.93057
0.86304
0.800002
0.999999
0.999994
0.999979
0.999943
0.999871
0.999745
0.999569
0.999363
0.999209
0.999142
0.999114
0.999092
0.999058
0.998986
0.998839
0.998521
0.997731
0.995293
0.987403
0.969479
0.94336
0.935868
0.936626
0.941063
0.949475
0.959896
0.965638
0.968411
0.969754
0.970369
0.97066
0.970654
0.970585
0.970432
0.970148
0.969711
0.968835
0.967817
0.966356
0.964839
0.963
0.961328
0.959878
0.958767
0.957956
0.957492
0.957155
0.957063
0.957132
0.957352
0.957895
0.958787
0.960331
0.962551
0.964222
0.964944
0.964896
0.964529
0.963379
0.96035
0.958081
0.957462
0.957738
0.9593
0.963972
0.975114
0.988118
0.994508
0.997534
0.998921
0.99954
0.999808
0.999921
0.999968
0.999987
0.999995
0.999998
0.999999
1
1
1
1
1
1
1
1
1
1
1
1
1
1
1
1
1
1
1
1
1
1
1
1
1
1
1
1
1
1
1
1
1
1
1
0.999999
0.999994
0.999967
0.999842
0.99932
0.997333
0.990491
0.969252
0.911173
0.822224
0.765054
0.732149
0.713402
0.702473
0.696122
0.692313
0.689215
0.688596
0.688832
0.688548
0.687176
0.683948
0.674519
0.663485
0.660269
0.661136
0.669674
0.711264
0.822676
0.912135
0.962985
0.986856
0.996014
0.997948
0.996687
0.985387
0.968428
0.963583
0.964878
0.975976
0.99023
0.994933
0.993534
0.972371
0.935764
0.933279
0.950699
0.973591
0.981447
0.983053
0.982952
0.981707
0.978193
0.97034
0.954013
0.9516
0.955412
0.963674
0.965133
0.96481
0.964297
0.96398
0.963402
0.960774
0.950826
0.919384
0.85478
1
1
1
0.999999
0.999997
0.999994
0.999987
0.999978
0.999967
0.999956
0.999948
0.999937
0.999924
0.999903
0.999873
0.999823
0.99972
0.999463
0.998669
0.996356
0.990009
0.976432
0.95427
0.944733
0.943338
0.944374
0.947573
0.953907
0.960451
0.965544
0.968148
0.969381
0.96996
0.97017
0.97012
0.970009
0.969788
0.969437
0.96898
0.968406
0.967582
0.966711
0.965758
0.965012
0.96416
0.963662
0.963208
0.963221
0.963383
0.963847
0.964541
0.965311
0.965935
0.965968
0.965848
0.965414
0.964275
0.961548
0.958434
0.957282
0.957289
0.958018
0.9608
0.96699
0.980531
0.990603
0.995589
0.997985
0.999105
0.999612
0.999836
0.999932
0.999972
0.999989
0.999996
0.999998
0.999999
1
1
1
1
1
1
1
1
1
1
1
1
1
1
1
1
1
1
1
1
1
1
1
1
1
1
1
1
1
1
1
1
1
1
1
1
1
0.999998
0.999989
0.999951
0.999802
0.999273
0.997524
0.992053
0.97609
0.933417
0.86102
0.793869
0.74838
0.721175
0.705883
0.69619
0.690748
0.688296
0.685978
0.683526
0.68167
0.67872
0.670389
0.664184
0.663505
0.665486
0.677502
0.730798
0.843371
0.92494
0.969545
0.989604
0.996968
0.998422
0.997229
0.986607
0.967791
0.96118
0.961774
0.972237
0.988932
0.994409
0.992501
0.965774
0.930133
0.930306
0.954465
0.975555
0.981994
0.983114
0.982672
0.98019
0.97346
0.959424
0.943182
0.940202
0.942908
0.955623
0.963573
0.964845
0.966497
0.967773
0.967658
0.966693
0.96232
0.947549
0.904404
1
1
1
1
1
1
1
0.999999
0.999999
0.999998
0.999998
0.999997
0.999995
0.999993
0.99999
0.999983
0.999971
0.999943
0.999864
0.999622
0.99888
0.996902
0.992421
0.9821
0.966971
0.954366
0.949308
0.948625
0.949182
0.950915
0.954495
0.958916
0.963001
0.966184
0.967893
0.968756
0.969174
0.969211
0.969136
0.968999
0.968775
0.96854
0.968221
0.967965
0.967648
0.967448
0.967259
0.967216
0.967254
0.967247
0.967187
0.966992
0.96659
0.965793
0.964063
0.961078
0.957963
0.956734
0.95667
0.957216
0.959301
0.964022
0.974264
0.986674
0.993381
0.996821
0.99852
0.999331
0.999706
0.999874
0.999947
0.999978
0.999991
0.999996
0.999999
0.999999
1
1
1
1
1
1
1
1
1
1
1
1
1
1
1
1
1
1
1
1
1
1
1
1
1
1
1
1
1
1
1
1
1
1
1
1
1
1
0.999999
0.999996
0.999983
0.999931
0.999758
0.999217
0.99762
0.993042
0.980375
0.943092
0.886031
0.832752
0.784642
0.743438
0.715753
0.700524
0.692552
0.687232
0.683863
0.681935
0.67777
0.670068
0.667462
0.667843
0.671743
0.689348
0.761028
0.869956
0.940582
0.976601
0.992125
0.997709
0.99874
0.997615
0.987826
0.96689
0.958057
0.957965
0.96793
0.987414
0.993891
0.991554
0.959794
0.924316
0.927373
0.956706
0.976408
0.982174
0.983058
0.98222
0.978193
0.967828
0.949981
0.933467
0.929875
0.931982
0.94181
0.959386
0.964188
0.96709
0.970071
0.971084
0.970829
0.969045
0.962058
0.938192
1
1
1
1
1
1
1
1
1
1
1
1
1
1
0.999999
0.999999
0.999998
0.999995
0.999987
0.999964
0.999889
0.999662
0.999055
0.997531
0.994443
0.988202
0.977888
0.966286
0.95775
0.953582
0.952312
0.952398
0.952843
0.954009
0.956028
0.958531
0.960985
0.963002
0.965007
0.966154
0.966785
0.967144
0.967291
0.9673
0.967251
0.967169
0.967054
0.966939
0.966625
0.965926
0.964739
0.962582
0.960661
0.957794
0.956122
0.955462
0.955665
0.956615
0.95901
0.964015
0.972945
0.984994
0.992046
0.995945
0.998006
0.999052
0.999563
0.999804
0.999915
0.999964
0.999985
0.999994
0.999997
0.999999
1
1
1
1
1
1
1
1
1
1
1
1
1
1
1
1
1
1
1
1
1
1
1
1
1
1
1
1
1
1
1
1
1
1
1
1
1
1
1
1
1
0.999999
0.999993
0.999973
0.999901
0.999675
0.999011
0.997151
0.992037
0.977332
0.937343
0.890613
0.84696
0.804889
0.764939
0.733286
0.709867
0.695217
0.689758
0.685211
0.677284
0.673231
0.673117
0.674664
0.681436
0.706588
0.794374
0.894293
0.954651
0.983506
0.994905
0.998591
0.999154
0.998055
0.98905
0.96592
0.954267
0.95344
0.963401
0.985887
0.993537
0.990821
0.954069
0.917971
0.924109
0.957539
0.976649
0.982174
0.982789
0.981682
0.976399
0.965197
0.946019
0.928038
0.92234
0.923628
0.930045
0.950811
0.962197
0.966936
0.971038
0.973316
0.973665
0.973037
0.969661
0.957095
1
1
1
1
1
1
1
1
1
1
1
1
1
1
1
1
1
1
0.999999
0.999997
0.99999
0.999968
0.999902
0.999717
0.999276
0.998307
0.996269
0.992707
0.987797
0.979227
0.971557
0.963693
0.95907
0.956241
0.955495
0.955066
0.955068
0.955179
0.955428
0.95598
0.956583
0.957334
0.957784
0.958257
0.958355
0.958253
0.95794
0.957288
0.956169
0.955304
0.954631
0.953752
0.953699
0.95406
0.955038
0.957032
0.961186
0.968223
0.977108
0.986573
0.992455
0.995922
0.997875
0.998931
0.99948
0.999755
0.999888
0.99995
0.999978
0.999991
0.999996
0.999998
0.999999
1
1
1
1
1
1
1
1
1
1
1
1
1
1
1
1
1
1
1
1
1
1
1
1
1
1
1
1
1
1
1
1
1
1
1
1
1
1
1
1
1
1
0.999999
0.999997
0.999989
0.999957
0.999848
0.999503
0.998462
0.995426
0.986624
0.958016
0.905998
0.860864
0.825993
0.79818
0.769373
0.739354
0.718901
0.706955
0.694605
0.685775
0.683414
0.683702
0.686016
0.695288
0.73194
0.836901
0.922576
0.96862
0.988832
0.996555
0.999023
0.999344
0.998344
0.990344
0.965228
0.95003
0.948462
0.95905
0.984448
0.993326
0.990179
0.950145
0.911067
0.919711
0.957218
0.976027
0.981588
0.982373
0.981205
0.975633
0.964199
0.944795
0.925911
0.918053
0.918383
0.92222
0.937034
0.958012
0.966306
0.971179
0.974381
0.975436
0.975297
0.973621
0.966238
1
1
1
1
1
1
1
1
1
1
1
1
1
1
1
1
1
1
1
1
0.999999
0.999997
0.999992
0.999973
0.999924
0.999802
0.999527
0.998972
0.997815
0.996293
0.993177
0.990366
0.985304
0.980013
0.973963
0.969124
0.964891
0.961894
0.959896
0.95851
0.957649
0.957141
0.956663
0.956377
0.955768
0.955482
0.95484
0.95459
0.954722
0.95512
0.955973
0.957995
0.960778
0.966289
0.972033
0.97914
0.986314
0.991386
0.994798
0.996978
0.998311
0.99909
0.999528
0.999763
0.999885
0.999946
0.999975
0.999989
0.999995
0.999998
0.999999
1
1
1
1
1
1
1
1
1
1
1
1
1
1
1
1
1
1
1
1
1
1
1
1
1
1
1
1
1
1
1
1
1
1
1
1
1
1
1
1
1
1
1
1
1
0.999999
0.999996
0.999982
0.999933
0.99976
0.999185
0.997318
0.991382
0.971544
0.917684
0.866364
0.828045
0.797766
0.771169
0.750551
0.736778
0.72375
0.709332
0.698357
0.693969
0.693792
0.696207
0.71021
0.773301
0.881104
0.948343
0.980966
0.993873
0.998232
0.999458
0.999546
0.998584
0.991231
0.964455
0.945588
0.943325
0.9547
0.982903
0.993151
0.989814
0.948683
0.904203
0.913492
0.952484
0.973419
0.980477
0.981841
0.980846
0.975527
0.964057
0.94679
0.925547
0.916524
0.915836
0.917752
0.926573
0.950815
0.964704
0.971048
0.974659
0.976252
0.976377
0.975524
0.970702
1
1
1
1
1
1
1
1
1
1
1
1
1
1
1
1
1
1
1
1
1
1
0.999999
0.999998
0.999993
0.999981
0.999952
0.999885
0.999722
0.999474
0.99902
0.998128
0.997279
0.995577
0.99405
0.991691
0.989567
0.986667
0.983871
0.981008
0.978497
0.976327
0.974561
0.973469
0.972659
0.97274
0.973218
0.974271
0.976237
0.978529
0.981875
0.985413
0.988726
0.991646
0.99406
0.995956
0.997361
0.998348
0.999007
0.999426
0.999681
0.99983
0.999912
0.999956
0.999979
0.99999
0.999995
0.999998
0.999999
1
1
1
1
1
1
1
1
1
1
1
1
1
1
1
1
1
1
1
1
1
1
1
1
1
1
1
1
1
1
1
1
1
1
1
1
1
1
1
1
1
1
1
1
1
1
1
1
0.999999
0.999994
0.999975
0.999903
0.999644
0.998721
0.995465
0.984162
0.94277
0.875979
0.824257
0.788266
0.76449
0.749108
0.736868
0.722992
0.708992
0.700084
0.697557
0.698198
0.704947
0.737708
0.840678
0.926164
0.970698
0.989886
0.996834
0.999059
0.999636
0.999634
0.998754
0.992081
0.964154
0.941434
0.938355
0.950131
0.980962
0.993013
0.989701
0.948255
0.896334
0.905511
0.945673
0.969882
0.978995
0.981276
0.98059
0.977277
0.965939
0.952545
0.930061
0.916893
0.915172
0.91605
0.921
0.938861
0.961123
0.97025
0.974554
0.97639
0.976683
0.976106
0.972189
1
1
1
1
1
1
1
1
1
1
1
1
1
1
1
1
1
1
1
1
1
1
1
1
1
0.999999
0.999996
0.99999
0.999975
0.999943
0.999888
0.999753
0.999614
0.999294
0.999026
0.99848
0.998017
0.997304
0.996671
0.995871
0.995228
0.99449
0.994078
0.99365
0.99363
0.993748
0.994068
0.994586
0.995232
0.995956
0.9967
0.997409
0.998044
0.998582
0.999014
0.999342
0.999579
0.999741
0.999847
0.999913
0.999952
0.999975
0.999987
0.999994
0.999997
0.999999
0.999999
1
1
1
1
1
1
1
1
1
1
1
1
1
1
1
1
1
1
1
1
1
1
1
1
1
1
1
1
1
1
1
1
1
1
1
1
1
1
1
1
1
1
1
1
1
1
1
1
1
1
1
0.999998
0.999992
0.999968
0.999875
0.999515
0.998121
0.992703
0.971378
0.903324
0.833698
0.787186
0.75964
0.742861
0.728774
0.715378
0.706179
0.703106
0.703417
0.707939
0.728541
0.807226
0.906182
0.961894
0.986478
0.995586
0.998578
0.999482
0.999706
0.999663
0.998834
0.992608
0.963833
0.937664
0.933735
0.945417
0.978467
0.992861
0.989817
0.948393
0.889875
0.89535
0.935373
0.964059
0.976602
0.980304
0.980357
0.978252
0.97005
0.956959
0.938838
0.920354
0.915459
0.916089
0.919665
0.931358
0.951677
0.966034
0.97331
0.976136
0.976639
0.976093
0.972133
1
1
1
1
1
1
1
1
1
1
1
1
1
1
1
1
1
1
1
1
1
1
1
1
1
1
1
0.999999
0.999998
0.999995
0.99999
0.999976
0.999959
0.999922
0.999877
0.999807
0.999724
0.999616
0.999486
0.999373
0.999241
0.999127
0.999037
0.999005
0.999021
0.999073
0.999154
0.999251
0.99936
0.999474
0.999583
0.999682
0.999766
0.999835
0.999888
0.999927
0.999954
0.999973
0.999984
0.999991
0.999995
0.999997
0.999999
0.999999
1
1
1
1
1
1
1
1
1
1
1
1
1
1
1
1
1
1
1
1
1
1
1
1
1
1
1
1
1
1
1
1
1
1
1
1
1
1
1
1
1
1
1
1
1
1
1
1
1
1
1
1
1
1
1
0.999998
0.999992
0.999965
0.999853
0.99938
0.997388
0.989068
0.953223
0.869908
0.80462
0.762962
0.73789
0.722778
0.714803
0.712543
0.71302
0.717009
0.732819
0.79253
0.896364
0.95786
0.984748
0.994856
0.998282
0.999308
0.999622
0.999677
0.999609
0.998834
0.993052
0.963952
0.934741
0.929982
0.940868
0.975391
0.992536
0.990599
0.950521
0.88847
0.882275
0.918555
0.954187
0.972444
0.978607
0.979998
0.978686
0.974388
0.962626
0.949192
0.928353
0.9185
0.91705
0.920248
0.930818
0.946251
0.959595
0.968963
0.974677
0.976155
0.97568
0.971386
1
1
1
1
1
1
1
1
1
1
1
1
1
1
1
1
1
1
1
1
1
1
1
1
1
1
1
1
1
1
0.999999
0.999998
0.999997
0.999994
0.999988
0.99998
0.999972
0.999958
0.999939
0.999928
0.999911
0.999897
0.999887
0.999887
0.999893
0.999904
0.999915
0.999927
0.99994
0.999952
0.999963
0.999973
0.99998
0.999987
0.999991
0.999994
0.999996
0.999998
0.999999
0.999999
1
1
1
1
1
1
1
1
1
1
1
1
1
1
1
1
1
1
1
1
1
1
1
1
1
1
1
1
1
1
1
1
1
1
1
1
1
1
1
1
1
1
1
1
1
1
1
1
1
1
1
1
1
1
1
1
1
1
1
1
0.999998
0.999992
0.999964
0.999835
0.999248
0.996594
0.984968
0.934373
0.849194
0.789768
0.754718
0.737502
0.731622
0.731199
0.733686
0.746667
0.802057
0.903878
0.961075
0.985921
0.995226
0.998336
0.999255
0.99951
0.999546
0.999531
0.999417
0.99867
0.993235
0.964368
0.933342
0.92761
0.936968
0.971766
0.991979
0.991632
0.954663
0.888785
0.868581
0.897694
0.938681
0.96505
0.975933
0.978924
0.978826
0.976592
0.969411
0.957688
0.943237
0.926906
0.921457
0.922706
0.932182
0.946264
0.958729
0.967708
0.972896
0.9746
0.974342
0.968741
1
1
1
1
1
1
1
1
1
1
1
1
1
1
1
1
1
1
1
1
1
1
1
1
1
1
1
1
1
1
1
1
1
1
0.999999
0.999998
0.999998
0.999997
0.999995
0.999994
0.999993
0.999991
0.999991
0.999991
0.999992
0.999993
0.999994
0.999995
0.999996
0.999997
0.999997
0.999998
0.999999
0.999999
0.999999
1
1
1
1
1
1
1
1
1
1
1
1
1
1
1
1
1
1
1
1
1
1
1
1
1
1
1
1
1
1
1
1
1
1
1
1
1
1
1
1
1
1
1
1
1
1
1
1
1
1
1
1
1
1
1
1
1
1
1
1
1
1
1
1
1
1
0.999998
0.999992
0.999962
0.999814
0.999101
0.995812
0.98165
0.927593
0.857447
0.810892
0.786914
0.779429
0.780464
0.794436
0.856337
0.933459
0.97327
0.990343
0.996699
0.998737
0.999324
0.999403
0.999324
0.999149
0.999082
0.998971
0.998345
0.993304
0.965181
0.93306
0.9263
0.933855
0.96763
0.991
0.993078
0.96177
0.890514
0.863627
0.872866
0.914852
0.951726
0.970329
0.976995
0.978583
0.97755
0.974311
0.966014
0.955953
0.943911
0.934691
0.931186
0.937206
0.948653
0.9599
0.968092
0.971818
0.972575
0.970962
0.962438
1
1
1
1
1
1
1
1
1
1
1
1
1
1
1
1
1
1
1
1
1
1
1
1
1
1
1
1
1
1
1
1
1
1
1
1
1
1
1
1
1
1
1
1
1
1
1
1
1
1
1
1
1
1
1
1
1
1
1
1
1
1
1
1
1
1
1
1
1
1
1
1
1
1
1
1
1
1
1
1
1
1
1
1
1
1
1
1
1
1
1
1
1
1
1
1
1
1
1
1
1
1
1
1
1
1
1
1
1
1
1
1
1
1
1
1
1
1
1
1
1
1
0.999999
0.999993
0.999962
0.999808
0.999066
0.995829
0.983007
0.95499
0.93049
0.916519
0.913775
0.91893
0.945828
0.974881
0.989812
0.99625
0.998619
0.999311
0.999397
0.99929
0.99881
0.998221
0.998139
0.998192
0.998205
0.997784
0.993193
0.966168
0.933314
0.925565
0.931303
0.962971
0.989331
0.994336
0.970717
0.895418
0.86253
0.855424
0.881007
0.926865
0.958454
0.972602
0.977008
0.977749
0.976421
0.972902
0.965612
0.958213
0.951831
0.948983
0.950894
0.957232
0.964692
0.969377
0.97084
0.970253
0.966423
0.960346
1
1
1
1
1
1
1
1
1
1
1
1
1
1
1
1
1
1
1
1
1
1
1
1
1
1
1
1
1
1
1
1
1
1
1
1
1
1
1
1
1
1
1
1
1
1
1
1
1
1
1
1
1
1
1
1
1
1
1
1
1
1
1
1
1
1
1
1
1
1
1
1
1
1
1
1
1
1
1
1
1
1
1
1
1
1
1
1
1
1
1
1
1
1
1
1
1
1
1
1
1
1
1
1
1
1
1
1
1
1
1
1
1
1
1
1
1
1
1
1
1
1
1
0.999999
0.999995
0.999973
0.999865
0.999371
0.997254
0.99263
0.989421
0.988278
0.988476
0.991024
0.995554
0.998115
0.999267
0.999591
0.999591
0.999437
0.998879
0.997291
0.995905
0.995749
0.995924
0.996631
0.997098
0.996843
0.992698
0.966845
0.933753
0.925379
0.929373
0.957648
0.986901
0.994606
0.980326
0.906837
0.863023
0.849656
0.852006
0.884704
0.932534
0.960953
0.973017
0.976527
0.977016
0.975834
0.972649
0.967791
0.964044
0.962327
0.962106
0.965108
0.968249
0.969871
0.970239
0.968679
0.965013
0.961602
1
1
1
1
1
1
1
1
1
1
1
1
1
1
1
1
1
1
1
1
1
1
1
1
1
1
1
1
1
1
1
1
1
1
1
1
1
1
1
1
1
1
1
1
1
1
1
1
1
1
1
1
1
1
1
1
1
1
1
1
1
1
1
1
1
1
1
1
1
1
1
1
1
1
1
1
1
1
1
1
1
1
1
1
1
1
1
1
1
1
1
1
1
1
1
1
1
1
1
1
1
1
1
1
1
1
1
1
1
1
1
1
1
1
1
1
1
1
1
1
1
1
1
1
1
0.999998
0.999989
0.999944
0.999747
0.9995
0.999398
0.999393
0.999454
0.999686
0.999857
0.999879
0.999844
0.999663
0.999086
0.997687
0.994195
0.990841
0.990176
0.99046
0.991487
0.994003
0.995515
0.995495
0.991749
0.966956
0.934228
0.925541
0.928469
0.952123
0.98351
0.994328
0.989449
0.927353
0.867421
0.848378
0.842448
0.848286
0.882258
0.932477
0.960472
0.972105
0.975877
0.976526
0.975367
0.973593
0.971182
0.969782
0.969297
0.969822
0.970437
0.970604
0.970006
0.968188
0.965219
0.961757
1
1
1
1
1
1
1
1
1
1
1
1
1
1
1
1
1
1
1
1
1
1
1
1
1
1
1
1
1
1
1
1
1
1
1
1
1
1
1
1
1
1
1
1
1
1
1
1
1
1
1
1
1
1
1
1
1
1
1
1
1
1
1
1
1
1
1
1
1
1
1
1
1
1
1
1
1
1
1
1
1
1
1
1
1
1
1
1
1
1
1
1
1
1
1
1
1
1
1
1
1
1
1
1
1
1
1
1
1
1
1
1
1
1
1
1
1
1
1
1
1
1
1
1
1
1
0.999999
0.999997
0.999991
0.999988
0.999988
0.999989
0.999989
0.999984
0.999959
0.99984
0.99941
0.998125
0.995278
0.989037
0.982922
0.980528
0.980563
0.981476
0.984544
0.990142
0.993281
0.993585
0.99009
0.966048
0.934718
0.92653
0.92863
0.946685
0.978649
0.993233
0.993329
0.954976
0.881025
0.850208
0.84039
0.837626
0.844273
0.87382
0.926935
0.956513
0.970057
0.974595
0.975609
0.974989
0.974074
0.973024
0.972361
0.971917
0.971463
0.97077
0.969773
0.967712
0.964692
0.956447
1
1
1
1
1
1
1
1
1
1
1
1
1
1
1
1
1
1
1
1
1
1
1
1
1
1
1
1
1
1
1
1
1
1
1
1
1
1
1
1
1
1
1
1
1
1
1
1
1
1
1
1
1
1
1
1
1
1
1
1
1
1
1
1
1
1
1
1
1
1
1
1
1
1
1
1
1
1
1
1
1
1
1
1
1
1
1
1
1
1
1
1
1
1
1
1
1
1
1
1
1
1
1
1
1
1
1
1
1
1
1
1
1
1
1
1
1
1
1
1
1
1
1
1
1
1
1
1
1
1
1
0.999998
0.999989
0.999939
0.999718
0.998903
0.996649
0.990341
0.983173
0.978909
0.976279
0.975331
0.975357
0.975989
0.978595
0.986058
0.991149
0.991868
0.988209
0.963762
0.935511
0.92895
0.930425
0.941726
0.971004
0.990443
0.994153
0.981522
0.910755
0.86152
0.842075
0.83579
0.834376
0.839546
0.860365
0.910404
0.948366
0.965263
0.971981
0.973862
0.974109
0.973282
0.972702
0.972035
0.971319
0.970291
0.968579
0.965085
0.95779
0.923966
1
1
1
1
1
1
1
1
1
1
1
1
1
1
1
1
1
1
1
1
1
1
1
1
1
1
1
1
1
1
1
1
1
1
1
1
1
1
1
1
1
1
1
1
1
1
1
1
1
1
1
1
1
1
1
1
1
1
1
1
1
1
1
1
1
1
1
1
1
1
1
1
1
1
1
1
1
1
1
1
1
1
1
1
1
1
1
1
1
1
1
1
1
1
1
1
1
1
1
1
1
1
1
1
1
1
1
1
1
1
1
1
1
1
1
1
1
1
1
1
1
1
1
1
1
1
1
1
1
0.999999
0.999997
0.999981
0.999897
0.999515
0.998057
0.993689
0.984377
0.979777
0.977872
0.976209
0.974689
0.973963
0.973902
0.974295
0.976551
0.983763
0.988569
0.989069
0.984736
0.958852
0.936492
0.93283
0.934124
0.939178
0.957819
0.983824
0.993594
0.991876
0.957903
0.891816
0.856703
0.839819
0.833648
0.832339
0.835041
0.847695
0.882158
0.926825
0.95302
0.964383
0.9688
0.970039
0.970345
0.969603
0.968217
0.965605
0.960303
0.948365
0.918569
0.877915
1
1
1
1
1
1
1
1
1
1
1
1
1
1
1
1
1
1
1
1
1
1
1
1
1
1
1
1
1
1
1
1
1
1
1
1
1
1
1
1
1
1
1
1
1
1
1
1
1
1
1
1
1
1
1
1
1
1
1
1
1
1
1
1
1
1
1
1
1
1
1
1
1
1
1
1
1
1
1
1
1
1
1
1
1
1
1
1
1
1
1
1
1
1
1
1
1
1
1
1
1
1
1
1
1
1
1
1
1
1
1
1
1
1
1
1
1
1
1
1
1
1
1
1
1
1
1
1
0.999998
0.999993
0.999967
0.999835
0.999229
0.996911
0.988465
0.98012
0.97816
0.977702
0.977456
0.976393
0.974675
0.973834
0.973784
0.974361
0.977331
0.983066
0.985638
0.9855
0.978743
0.951484
0.939273
0.939249
0.939629
0.938241
0.942323
0.969135
0.989572
0.993523
0.988275
0.947771
0.895797
0.863791
0.844654
0.834917
0.831807
0.832638
0.837341
0.852625
0.882526
0.919458
0.94003
0.949485
0.952966
0.953538
0.949557
0.940319
0.920432
0.892558
0.871406
0.868174
1
1
1
1
1
1
1
1
1
1
1
1
1
1
1
1
1
1
1
1
1
1
1
1
1
1
1
1
1
1
1
1
1
1
1
1
1
1
1
1
1
1
1
1
1
1
1
1
1
1
1
1
1
1
1
1
1
1
1
1
1
1
1
1
1
1
1
1
1
1
1
1
1
1
1
1
1
1
1
1
1
1
1
1
1
1
1
1
1
1
1
1
1
1
1
1
1
1
1
1
1
1
1
1
1
1
1
1
1
1
1
1
1
1
1
1
1
1
1
1
1
1
1
1
1
1
0.999998
0.999994
0.99998
0.99993
0.99973
0.998872
0.995642
0.983814
0.976785
0.976726
0.978767
0.980647
0.97966
0.97725
0.975897
0.974944
0.974687
0.975441
0.978967
0.982288
0.98339
0.982342
0.969402
0.946704
0.941876
0.942706
0.941964
0.933543
0.931614
0.947955
0.978203
0.991548
0.993109
0.986164
0.956222
0.915627
0.88409
0.85949
0.843021
0.83474
0.832526
0.83516
0.840738
0.853392
0.870522
0.885626
0.893595
0.896495
0.890956
0.88033
0.869843
0.863157
0.862841
0.878557
1
1
1
1
1
1
1
1
1
1
1
1
1
1
1
1
1
1
1
1
1
1
1
1
1
1
1
1
1
1
1
1
1
1
1
1
1
1
1
1
1
1
1
1
1
1
1
1
1
1
1
1
1
1
1
1
1
1
1
1
1
1
1
1
1
1
1
1
1
1
1
1
1
1
1
1
1
1
1
1
1
1
1
1
1
1
1
1
1
1
1
1
1
1
1
1
1
1
1
1
1
1
1
1
1
1
1
1
1
1
1
1
1
1
1
1
1
1
1
1
1
1
1
0.999999
0.999998
0.999993
0.999977
0.999932
0.999799
0.999411
0.998115
0.993585
0.978248
0.972653
0.973668
0.980211
0.984439
0.983896
0.979917
0.976813
0.976079
0.9761
0.976327
0.977421
0.979634
0.981157
0.981134
0.977009
0.956826
0.944777
0.944729
0.948449
0.947171
0.929652
0.914345
0.919966
0.952348
0.981242
0.992553
0.993366
0.98825
0.97407
0.948981
0.918654
0.888364
0.863182
0.84618
0.838159
0.836132
0.838498
0.843313
0.849615
0.854503
0.857576
0.858491
0.858832
0.860134
0.863888
0.876662
0.929548
1
1
1
1
1
1
1
1
1
1
1
1
1
1
1
1
1
1
1
1
1
1
1
1
1
1
1
1
1
1
1
1
1
1
1
1
1
1
1
1
1
1
1
1
1
1
1
1
1
1
1
1
1
1
1
1
1
1
1
1
1
1
1
1
1
1
1
1
1
1
1
1
1
1
1
1
1
1
1
1
1
1
1
1
1
1
1
1
1
1
1
1
1
1
1
1
1
1
1
1
1
1
1
1
1
1
1
1
1
1
1
1
1
1
1
1
1
1
1
1
1
0.999999
0.999997
0.999989
0.999967
0.999903
0.999723
0.999282
0.998218
0.995665
0.988365
0.969826
0.965922
0.968642
0.979943
0.986238
0.987108
0.985437
0.980187
0.975828
0.974973
0.975536
0.97636
0.977519
0.978703
0.978781
0.976762
0.963722
0.94794
0.945359
0.950475
0.957431
0.955454
0.9314
0.895056
0.887798
0.905309
0.952326
0.984028
0.99357
0.994117
0.991839
0.986334
0.976564
0.95953
0.932172
0.901361
0.873506
0.857577
0.84986
0.847368
0.849379
0.852636
0.855888
0.859188
0.863929
0.873793
0.897096
0.935749
0.974708
1
1
1
1
1
1
1
1
1
1
1
1
1
1
1
1
1
1
1
1
1
1
1
1
1
1
1
1
1
1
1
1
1
1
1
1
1
1
1
1
1
1
1
1
1
1
1
1
1
1
1
1
1
1
1
1
1
1
1
1
1
1
1
1
1
1
1
1
1
1
1
1
1
1
1
1
1
1
1
1
1
1
1
1
1
1
1
1
1
1
1
1
1
1
1
1
1
1
1
1
1
1
1
1
1
1
1
1
1
1
1
1
1
1
1
1
1
1
1
0.999998
0.999994
0.99998
0.99994
0.999826
0.99953
0.998838
0.996918
0.9934
0.986749
0.969039
0.956097
0.9552
0.96057
0.976614
0.985908
0.989259
0.989744
0.988643
0.982631
0.975053
0.970417
0.971207
0.973259
0.974415
0.974415
0.972248
0.962757
0.94974
0.945822
0.948203
0.960626
0.96551
0.962357
0.934189
0.874417
0.845254
0.8443
0.886796
0.955271
0.987094
0.994257
0.994845
0.994335
0.992531
0.988758
0.982013
0.97079
0.953647
0.929543
0.908212
0.89245
0.883927
0.880945
0.884043
0.893165
0.908755
0.933997
0.960396
0.979044
0.992784
1
1
1
1
1
1
1
1
1
1
1
1
1
1
1
1
1
1
1
1
1
1
1
1
1
1
1
1
1
1
1
1
1
1
1
1
1
1
1
1
1
1
1
1
1
1
1
1
1
1
1
1
1
1
1
1
1
1
1
1
1
1
1
1
1
1
1
1
1
1
1
1
1
1
1
1
1
1
1
1
1
1
1
1
1
1
1
1
1
1
1
1
1
1
1
1
1
1
1
1
1
1
1
1
1
1
1
1
1
1
1
1
1
1
1
1
0.999999
0.999996
0.999986
0.999953
0.999859
0.99962
0.999037
0.997588
0.994223
0.988313
0.972451
0.948084
0.938967
0.93796
0.939432
0.949458
0.969403
0.982005
0.988066
0.99001
0.990193
0.989514
0.98575
0.975692
0.967563
0.962457
0.961704
0.961762
0.960064
0.955103
0.949042
0.946412
0.947762
0.959439
0.969115
0.970102
0.965169
0.934196
0.8557
0.79532
0.768562
0.78443
0.882354
0.961664
0.987946
0.994013
0.995299
0.995537
0.995302
0.994071
0.991303
0.986352
0.979198
0.970338
0.961415
0.9551
0.951867
0.953093
0.959989
0.968092
0.979637
0.988366
0.99483
0.997919
1
1
1
1
1
1
1
1
1
1
1
1
1
1
1
1
1
1
1
1
1
1
1
1
1
1
1
1
1
1
1
1
1
1
1
1
1
1
1
1
1
1
1
1
1
1
1
1
1
1
1
1
1
1
1
1
1
1
1
1
1
1
1
1
1
1
1
1
1
1
1
1
1
1
1
1
1
1
1
1
1
1
1
1
1
1
1
1
1
1
1
1
1
1
1
1
1
1
1
1
1
1
1
1
1
1
1
1
1
1
1
1
1
0.999999
0.999997
0.999989
0.999961
0.999871
0.999592
0.998933
0.997404
0.994169
0.987414
0.973435
0.941699
0.920536
0.915864
0.916284
0.922156
0.931719
0.942034
0.957137
0.972884
0.983661
0.988662
0.989935
0.98983
0.989272
0.987465
0.980846
0.968643
0.960578
0.955743
0.952854
0.950629
0.948662
0.947786
0.949705
0.959649
0.965518
0.966379
0.965401
0.958043
0.924136
0.835145
0.742662
0.674893
0.662768
0.741147
0.894044
0.961546
0.98343
0.991057
0.994334
0.995841
0.996464
0.996587
0.996195
0.994838
0.99261
0.989939
0.987743
0.986717
0.986949
0.989301
0.991752
0.995268
0.997467
0.998829
0.996627
1
1
1
1
1
1
1
1
1
1
1
1
1
1
1
1
1
1
1
1
1
1
1
1
1
1
1
1
1
1
1
1
1
1
1
1
1
1
1
1
1
1
1
1
1
1
1
1
1
1
1
1
1
1
1
1
1
1
1
1
1
1
1
1
1
1
1
1
1
1
1
1
1
1
1
1
1
1
1
1
1
1
1
1
1
1
1
1
1
1
1
1
1
1
1
1
1
1
1
1
1
1
1
1
1
1
1
1
1
1
0.999999
0.999997
0.999989
0.999947
0.999815
0.999495
0.998689
0.996592
0.990194
0.981994
0.964216
0.930444
0.90784
0.897127
0.894833
0.896552
0.908125
0.924493
0.934847
0.941386
0.945889
0.954423
0.971274
0.983225
0.987318
0.987238
0.985645
0.985383
0.986438
0.98511
0.978572
0.966768
0.95865
0.954452
0.952409
0.952533
0.957
0.961116
0.958906
0.945217
0.939337
0.938603
0.932697
0.903452
0.817482
0.690186
0.568987
0.517417
0.552322
0.746021
0.887293
0.942364
0.965744
0.978076
0.985907
0.991452
0.995054
0.997001
0.997912
0.998211
0.998006
0.997518
0.9973
0.997305
0.997742
0.998156
0.998605
0.998719
0.998017
0.968843
1
1
1
1
1
1
1
1
1
1
1
1
1
1
1
1
1
1
1
1
1
1
1
1
1
1
1
1
1
1
1
1
1
1
1
1
1
1
1
1
1
1
1
1
1
1
1
1
1
1
1
1
1
1
1
1
1
1
1
1
1
1
1
1
1
1
1
1
1
1
1
1
1
1
1
1
1
1
1
1
1
1
1
1
1
1
1
1
1
1
1
1
1
1
1
1
1
1
1
1
1
1
1
1
1
1
1
0.999998
0.999991
0.999974
0.999926
0.999756
0.999105
0.996327
0.990644
0.984241
0.969509
0.938042
0.911016
0.89194
0.883649
0.883076
0.88952
0.910272
0.921409
0.927563
0.933914
0.939966
0.943817
0.945335
0.946254
0.948871
0.961734
0.9751
0.976867
0.973286
0.967169
0.967469
0.975135
0.982324
0.983605
0.980878
0.975248
0.970577
0.968249
0.967053
0.962632
0.944494
0.903955
0.883243
0.882203
0.884504
0.8803
0.851154
0.756259
0.59611
0.433988
0.346272
0.348301
0.497984
0.721349
0.824541
0.874997
0.905293
0.927041
0.945569
0.961301
0.974303
0.984185
0.990497
0.993578
0.994551
0.9935
0.991981
0.989335
0.984214
0.973267
0.953031
0.89614
0.627395
1
1
1
1
1
1
1
1
1
1
1
1
1
1
1
1
1
1
1
1
1
1
1
1
1
1
1
1
1
1
1
1
1
1
1
1
1
1
1
1
1
1
1
1
1
1
1
1
1
1
1
1
1
1
1
1
1
1
1
1
1
1
1
1
1
1
1
1
1
1
1
1
1
1
1
1
1
1
1
1
1
1
1
1
1
1
1
1
1
1
1
1
1
1
1
1
1
1
1
1
1
1
1
1
1
0.999994
0.999919
0.999511
0.99825
0.99661
0.992994
0.982323
0.942744
0.890254
0.863042
0.855777
0.857292
0.872811
0.901127
0.916843
0.92364
0.925888
0.926982
0.927948
0.930406
0.938016
0.943631
0.945137
0.944696
0.939889
0.931113
0.929903
0.934588
0.937188
0.932557
0.913361
0.901688
0.903765
0.921666
0.943877
0.961029
0.971231
0.972231
0.966689
0.95502
0.925196
0.852659
0.763082
0.711881
0.702837
0.711915
0.719878
0.710095
0.651214
0.514185
0.371745
0.27059
0.233084
0.237888
0.307892
0.450159
0.553073
0.614315
0.652714
0.680977
0.708679
0.736822
0.764907
0.79079
0.809889
0.819962
0.820644
0.807961
0.784623
0.746262
0.686938
0.585653
0.473937
0.292922
0.0961509
1
1
1
1
1
1
1
1
1
1
1
1
1
1
1
1
1
1
1
1
1
1
1
1
1
1
1
1
1
1
1
1
1
1
1
1
1
1
1
1
1
1
1
1
1
1
1
1
1
1
1
1
1
1
1
1
1
1
1
1
1
1
1
1
1
1
1
1
1
1
1
1
1
1
1
1
1
1
1
1
1
1
1
1
1
1
1
1
1
1
1
1
1
1
1
1
1
1
1
0.999999
0.999998
0.999993
0.999969
0.999861
0.999374
0.99721
0.987835
0.948393
0.875121
0.830903
0.815109
0.814227
0.823427
0.855303
0.882305
0.898884
0.908525
0.913553
0.915731
0.916647
0.917764
0.92055
0.930122
0.943459
0.950438
0.952227
0.951959
0.949281
0.938411
0.920815
0.907383
0.895505
0.87954
0.856138
0.830964
0.814258
0.808835
0.808544
0.808057
0.804235
0.79768
0.788302
0.774959
0.751042
0.711126
0.659447
0.615618
0.594398
0.583849
0.577242
0.567521
0.545035
0.493695
0.421439
0.333503
0.252365
0.206586
0.197531
0.209326
0.273912
0.343806
0.367642
0.36569
0.345044
0.31252
0.279495
0.250083
0.224405
0.205381
0.190588
0.180559
0.174196
0.164773
0.147007
0.121925
0.0963874
0.0677809
0.0453926
0.0193464
0.00481078
0.111496
0.158928
0.184324
0.194883
0.184493
0.155648
0.122475
0.0940034
0.0712538
0.052372
0.0377844
0.0268597
0.0187943
0.0128011
0.00843358
0.0052768
0.00309495
0.0016596
0.000807126
0.000353711
0.000138574
5.10717e-05
1.68837e-05
4.65301e-06
3.32986e-06
0.703752
0.778583
0.811919
0.826005
0.823853
0.798349
0.748037
0.678422
0.596168
0.509979
0.424739
0.343475
0.26986
0.206484
0.154919
0.113937
0.0810351
0.0539118
0.0325355
0.0178014
0.00854685
0.00379012
0.00154278
0.000569269
0.000293436
0.952813
0.95175
0.951318
0.953675
0.958731
0.963772
0.967438
0.969223
0.967014
0.958949
0.944959
0.920603
0.882506
0.829934
0.767692
0.701206
0.62698
0.540267
0.434096
0.319285
0.20921
0.126373
0.0706163
0.0383411
0.0174726
0.917771
0.920041
0.92974
0.939692
0.948842
0.957101
0.964998
0.972707
0.979843
0.985248
0.988229
0.989441
0.98919
0.98559
0.976395
0.962798
0.949253
0.94141
0.938223
0.928727
0.891793
0.774131
0.561071
0.4069
0.213684
0.8944
0.91027
0.924588
0.937054
0.947869
0.956637
0.962787
0.968281
0.974528
0.981137
0.987258
0.991584
0.994014
0.994869
0.994879
0.994173
0.992098
0.987626
0.981542
0.977156
0.97604
0.976898
0.974132
0.953985
0.777267
0.884002
0.904943
0.920542
0.934341
0.947217
0.958564
0.967633
0.972334
0.975578
0.980474
0.985822
0.990526
0.993951
0.995952
0.996758
0.996878
0.9967
0.995711
0.994244
0.993132
0.992462
0.992127
0.991642
0.989963
0.95481
0.872568
0.895847
0.910549
0.924664
0.940255
0.955555
0.96806
0.976812
0.980969
0.98325
0.986785
0.990728
0.994062
0.996289
0.997429
0.9978
0.99782
0.997645
0.99725
0.997036
0.996963
0.996945
0.996875
0.996467
0.983131
0.85982
0.88681
0.902858
0.913616
0.928664
0.947167
0.964524
0.976795
0.984253
0.987715
0.989847
0.992369
0.994866
0.996754
0.997861
0.998343
0.99847
0.998475
0.998461
0.998471
0.99856
0.998737
0.99878
0.998674
0.991998
0.85186
0.879285
0.900667
0.910582
0.920193
0.937981
0.958658
0.974793
0.984597
0.989918
0.992679
0.994589
0.996248
0.997554
0.998388
0.998805
0.99896
0.999002
0.999035
0.99912
0.999338
0.999494
0.999541
0.999496
0.995827
0.849147
0.87205
0.899193
0.910296
0.916424
0.929392
0.952077
0.971754
0.984097
0.990697
0.993958
0.995887
0.99726
0.998237
0.998848
0.999159
0.999272
0.999332
0.999434
0.999573
0.999708
0.999793
0.999822
0.9998
0.997746
0.850449
0.867304
0.898135
0.910347
0.915031
0.922547
0.943905
0.967655
0.98286
0.990877
0.994744
0.996632
0.997795
0.998576
0.999063
0.999341
0.999504
0.999612
0.999703
0.999788
0.999862
0.999909
0.999925
0.999914
0.998743
0.85432
0.864611
0.895369
0.90971
0.914199
0.919394
0.935564
0.962679
0.980929
0.990612
0.995195
0.997293
0.998346
0.998952
0.999323
0.999549
0.999685
0.999772
0.999835
0.999887
0.999929
0.999956
0.999966
0.99996
0.999284
0.863759
0.868195
0.89305
0.90934
0.913549
0.916892
0.927983
0.956758
0.978414
0.989943
0.995261
0.997567
0.998598
0.999143
0.999465
0.99966
0.999779
0.999852
0.9999
0.999934
0.99996
0.999976
0.999983
0.99998
0.999583
0.877587
0.877066
0.893326
0.909657
0.913491
0.915449
0.922652
0.949499
0.975273
0.988921
0.995146
0.997766
0.998852
0.999338
0.999593
0.999744
0.999838
0.999897
0.999934
0.999959
0.999975
0.999986
0.999991
0.999989
0.999753
0.891698
0.888143
0.897443
0.91081
0.913808
0.914886
0.919635
0.942202
0.971549
0.987553
0.994831
0.997799
0.99896
0.999441
0.999672
0.9998
0.999877
0.999925
0.999954
0.999973
0.999984
0.999991
0.999995
0.999994
0.999851
0.904506
0.899544
0.903926
0.912851
0.914701
0.914706
0.917085
0.934366
0.966994
0.985761
0.994326
0.997757
0.999051
0.999537
0.999743
0.999848
0.999908
0.999945
0.999968
0.999981
0.99999
0.999995
0.999997
0.999997
0.999908
0.909529
0.906489
0.908992
0.91582
0.916413
0.914746
0.915781
0.928057
0.961884
0.983619
0.993623
0.997614
0.999074
0.999596
0.999795
0.999885
0.999933
0.999961
0.999978
0.999988
0.999993
0.999997
0.999998
0.999998
0.999942
0.907145
0.907895
0.913415
0.918869
0.918741
0.914832
0.914717
0.92341
0.956074
0.981202
0.992778
0.997396
0.999061
0.999635
0.999836
0.999916
0.999953
0.999974
0.999985
0.999992
0.999996
0.999998
0.999999
0.999999
0.999962
0.898483
0.905626
0.915186
0.920894
0.920784
0.915473
0.91399
0.920076
0.950116
0.97855
0.991801
0.997107
0.999011
0.99965
0.999862
0.999937
0.999968
0.999983
0.999991
0.999995
0.999997
0.999999
0.999999
0.999999
0.999975
0.879516
0.899994
0.914223
0.921759
0.922111
0.916567
0.913438
0.917766
0.944637
0.975875
0.99079
0.996791
0.998939
0.99965
0.999877
0.999951
0.999977
0.999989
0.999994
0.999997
0.999999
0.999999
1
1
0.999983
0.851091
0.88957
0.911304
0.92132
0.922494
0.917694
0.912983
0.915938
0.939477
0.973118
0.989726
0.996452
0.998854
0.999641
0.999885
0.999959
0.999984
0.999993
0.999996
0.999998
0.999999
1
1
1
0.999988
0.809272
0.868164
0.903513
0.919436
0.922188
0.9186
0.912694
0.914621
0.934964
0.970464
0.988679
0.996116
0.998767
0.999627
0.999888
0.999964
0.999987
0.999995
0.999998
0.999999
0.999999
1
1
1
0.999992
0.768041
0.845313
0.893688
0.916046
0.921201
0.918881
0.912329
0.913427
0.930925
0.967905
0.987641
0.995779
0.998678
0.99961
0.999888
0.999967
0.99999
0.999996
0.999998
0.999999
1
1
1
1
0.999994
0.735906
0.814
0.877033
0.909148
0.918999
0.918291
0.912315
0.912686
0.927807
0.965619
0.986733
0.995485
0.998599
0.999594
0.999887
0.999969
0.999991
0.999997
0.999999
1
1
1
1
1
0.999996
0.722118
0.779258
0.855769
0.900043
0.916359
0.917282
0.912271
0.911981
0.925185
0.963377
0.985908
0.995226
0.998532
0.999581
0.999886
0.99997
0.999992
0.999998
0.999999
1
1
1
1
1
0.999997
0.719273
0.757768
0.839005
0.891601
0.913494
0.916287
0.912118
0.911446
0.923315
0.961515
0.985262
0.995037
0.998489
0.999574
0.999886
0.999971
0.999992
0.999998
0.999999
1
1
1
1
1
0.999998
0.722794
0.746756
0.819267
0.88079
0.909806
0.91538
0.911902
0.910958
0.921982
0.960191
0.984856
0.994938
0.99847
0.999572
0.999888
0.999972
0.999993
0.999998
1
1
1
1
1
1
0.999998
0.739581
0.753511
0.803327
0.870414
0.906705
0.914904
0.911717
0.910451
0.92104
0.959484
0.984675
0.9949
0.998472
0.999579
0.999891
0.999973
0.999994
0.999998
1
1
1
1
1
1
0.999999
0.78122
0.782365
0.807071
0.867925
0.90586
0.914904
0.911615
0.909997
0.920559
0.959239
0.984753
0.995
0.998525
0.999599
0.999898
0.999975
0.999994
0.999999
1
1
1
1
1
1
0.999999
0.822781
0.820067
0.826917
0.866605
0.905736
0.915315
0.911583
0.909595
0.920618
0.960125
0.985307
0.995255
0.998622
0.999632
0.999908
0.999978
0.999995
0.999999
1
1
1
1
1
1
0.999999
0.862242
0.85118
0.853859
0.873156
0.907924
0.916677
0.911649
0.909219
0.921397
0.961929
0.986206
0.995628
0.998754
0.999673
0.99992
0.999981
0.999996
0.999999
1
1
1
1
1
1
0.999999
0.894745
0.876628
0.876509
0.887075
0.913713
0.918956
0.911465
0.908819
0.923087
0.964671
0.98745
0.99611
0.998915
0.999721
0.999933
0.999985
0.999997
0.999999
1
1
1
1
1
1
0.999999
0.920085
0.897236
0.894561
0.901219
0.919716
0.921342
0.910563
0.908414
0.926073
0.968092
0.988947
0.996664
0.999092
0.999772
0.999947
0.999988
0.999997
0.999999
1
1
1
1
1
1
1
0.937926
0.913319
0.908826
0.913521
0.925059
0.923404
0.908707
0.908085
0.93091
0.97191
0.99062
0.997254
0.999273
0.999822
0.999959
0.999991
0.999998
1
1
1
1
1
1
1
1
0.948794
0.925109
0.920133
0.923734
0.929504
0.92371
0.906453
0.908076
0.937646
0.976213
0.992374
0.997841
0.999445
0.999868
0.999971
0.999994
0.999999
1
1
1
1
1
1
1
1
0.953996
0.933431
0.929024
0.931537
0.933135
0.920962
0.904352
0.909152
0.946315
0.980788
0.994092
0.998386
0.999599
0.999908
0.99998
0.999996
0.999999
1
1
1
1
1
1
1
1
0.955591
0.938952
0.935542
0.937023
0.935734
0.914921
0.902231
0.912413
0.956679
0.9853
0.995669
0.998863
0.999727
0.999939
0.999987
0.999997
0.999999
1
1
1
1
1
1
1
1
0.955014
0.942022
0.940401
0.941408
0.935677
0.906561
0.900568
0.920219
0.96733
0.98939
0.997022
0.999251
0.999827
0.999963
0.999992
0.999998
1
1
1
1
1
0.999999
0.999999
0.999999
0.999999
0.952892
0.945236
0.945656
0.945101
0.927942
0.89879
0.900063
0.934886
0.976502
0.992881
0.998104
0.999544
0.999899
0.999979
0.999996
0.999999
1
1
1
0.999999
0.999999
0.999998
0.999998
0.999998
0.999998
0.952504
0.950942
0.951134
0.945183
0.910167
0.893449
0.904473
0.953615
0.984675
0.995633
0.998897
0.999747
0.999946
0.999989
0.999998
0.999999
1
0.999999
0.999999
0.999998
0.999996
0.999996
0.999995
0.999995
0.999996
0.956579
0.95615
0.952454
0.931736
0.892942
0.891178
0.921802
0.970604
0.990979
0.997598
0.999427
0.999875
0.999974
0.999994
0.999998
0.999999
0.999999
0.999999
0.999998
0.999994
0.99999
0.999989
0.999988
0.999988
0.999989
0.959812
0.956541
0.94473
0.89908
0.88457
0.896896
0.950186
0.983545
0.995345
0.99884
0.999738
0.999945
0.999988
0.999996
0.999997
0.999998
0.999997
0.999997
0.999993
0.999984
0.999976
0.999972
0.999971
0.999971
0.999972
0.95863
0.948597
0.906918
0.880678
0.884192
0.925295
0.972901
0.991835
0.997867
0.999501
0.999892
0.999976
0.999992
0.999994
0.999994
0.999994
0.999993
0.99999
0.999979
0.999959
0.999944
0.999936
0.999934
0.999934
0.999936
0.944867
0.907504
0.878062
0.877198
0.902275
0.959608
0.986849
0.996366
0.999115
0.999804
0.999957
0.999987
0.99999
0.999988
0.999984
0.999982
0.99998
0.999971
0.999944
0.999907
0.99988
0.999865
0.999859
0.999859
0.999863
0.895708
0.874643
0.872698
0.888022
0.944989
0.980726
0.99432
0.998549
0.999668
0.999926
0.999979
0.999985
0.999978
0.999964
0.999958
0.999954
0.999945
0.99992
0.99986
0.999801
0.999755
0.99973
0.999718
0.999718
0.999724
0.870297
0.870201
0.882143
0.93314
0.974679
0.99197
0.997827
0.999483
0.999883
0.999966
0.999973
0.999961
0.999919
0.999894
0.999885
0.999874
0.999844
0.999772
0.999675
0.999588
0.999518
0.999482
0.999462
0.999461
0.999472
0.870439
0.883303
0.929466
0.970785
0.98992
0.997073
0.999268
0.99983
0.999946
0.99995
0.999915
0.999802
0.99971
0.999671
0.999651
0.99962
0.99954
0.999423
0.999279
0.999165
0.999068
0.999019
0.998984
0.998982
0.999001
0.896362
0.93704
0.971134
0.98902
0.996535
0.999076
0.999777
0.999914
0.999904
0.999793
0.99946
0.999155
0.998988
0.998936
0.998915
0.998871
0.998752
0.998597
0.998423
0.9983
0.998205
0.998178
0.998164
0.998175
0.998242
0.954856
0.976318
0.989931
0.996505
0.998992
0.999722
0.999859
0.999809
0.999464
0.998468
0.997519
0.996945
0.996756
0.99679
0.996869
0.996921
0.996878
0.996763
0.996682
0.996681
0.996692
0.996723
0.996755
0.99682
0.99704
0.984588
0.992569
0.997122
0.999062
0.999648
0.999737
0.999598
0.9986
0.99565
0.99276
0.991089
0.990766
0.990917
0.991293
0.991941
0.992419
0.992742
0.99299
0.993171
0.993347
0.993468
0.993593
0.993454
0.993546
0.992912
0.995853
0.998086
0.99915
0.999478
0.999457
0.998846
0.99588
0.987754
0.97985
0.975245
0.974083
0.974403
0.975309
0.977173
0.978896
0.980198
0.981141
0.982082
0.982262
0.982564
0.98162
0.981761
0.978606
0.976429
0.962121
0.998488
0.998875
0.998957
0.998434
0.995819
0.986798
0.967273
0.947633
0.932693
0.924833
0.921414
0.921176
0.922697
0.92506
0.928119
0.931603
0.933154
0.934479
0.93157
0.930398
0.9161
0.909044
0.87528
0.855619
0.752369
0.996521
0.995627
0.992561
0.983286
0.957513
0.915147
0.863045
0.816377
0.780314
0.749694
0.72658
0.714526
0.716147
0.721365
0.729873
0.735319
0.730742
0.712721
0.662315
0.61736
0.521996
0.454807
0.331839
0.274322
0.164805
0.966046
0.954619
0.921846
0.847904
0.726206
0.581088
0.459473
0.364144
0.289854
0.2469
0.231374
0.230736
0.236451
0.243785
0.245931
0.241556
0.220585
0.186267
0.151872
0.120598
0.08797
0.0628523
0.0388418
0.025362
0.0128005
0.622833
0.579931
0.456187
0.305702
0.190448
0.118538
0.0775462
0.0562399
0.0473994
0.0456913
0.0467903
0.0485388
0.0492284
0.0487675
0.046378
0.0389835
0.0293365
0.0214109
0.0146344
0.00936796
0.00546524
0.00302495
0.00145188
0.000777683
0.000374312
0.108914
0.0969241
0.0646399
0.0368355
0.0203822
0.0105662
0.00669425
0.00589016
0.00610047
0.00641188
0.006435
0.00629154
0.00588917
0.00478179
0.00320776
0.0020698
0.00125207
0.000700229
0.000358232
0.000167814
7.18874e-05
2.78718e-05
9.21603e-06
6.46016e-06
4.56743e-06
0.0069189
0.00587892
0.0035513
0.00185526
0.000917339
0.000458598
0.000379029
0.000436615
0.000475923
0.000468163
0.000437099
0.000389603
0.000311981
0.000188781
0.000102025
5.31641e-05
2.5993e-05
1.18268e-05
4.96972e-06
1.93927e-06
6.91818e-07
2.46258e-07
7.32361e-08
3.20013e-08
2.6665e-08
)
;

boundaryField
{
    inlet
    {
        type            fixedValue;
        value           uniform 1;
    }
    outlet
    {
        type            inletOutlet;
        inletValue      uniform 0;
        value           nonuniform List<scalar> 
57
(
3.32986e-06
0.000293436
0.0174726
0.213684
0.777267
0.95481
0.983131
0.991998
0.995827
0.997746
0.998743
0.999284
0.999583
0.999753
0.999851
0.999908
0.999942
0.999962
0.999975
0.999983
0.999988
0.999992
0.999994
0.999996
0.999997
0.999998
0.999998
0.999999
0.999999
0.999999
0.999999
0.999999
1
1
1
1
1
0.999999
0.999998
0.999996
0.999989
0.999972
0.999936
0.999863
0.999724
0.999472
0.999001
0.998242
0.99704
0.992912
0.962121
0.752369
0.164805
0.0128005
0.000374312
4.56743e-06
2.6665e-08
)
;
    }
    upperWall
    {
        type            zeroGradient;
    }
    lowerWall
    {
        type            zeroGradient;
    }
    frontAndBack
    {
        type            empty;
    }
}


// ************************************************************************* //
