/*--------------------------------*- C++ -*----------------------------------*\
| =========                 |                                                 |
| \\      /  F ield         | OpenFOAM: The Open Source CFD Toolbox           |
|  \\    /   O peration     | Version:  2112                                  |
|   \\  /    A nd           | Website:  www.openfoam.com                      |
|    \\/     M anipulation  |                                                 |
\*---------------------------------------------------------------------------*/
FoamFile
{
    version     2.0;
    format      ascii;
    arch        "LSB;label=32;scalar=64";
    class       volScalarField;
    location    "0.17";
    object      omega;
}
// * * * * * * * * * * * * * * * * * * * * * * * * * * * * * * * * * * * * * //

dimensions      [0 0 -1 0 0 0 0];

internalField   nonuniform List<scalar> 
1580
(
1082.35
1084.56
1089.96
1093.97
1104.29
1111.51
1130.9
1143.61
49.2902
67.6076
87.4008
107.874
130.757
151.811
182.243
196.094
39.962
41.4929
44.3266
48.7156
55.3443
63.1766
75.1092
86.0538
39.6343
39.7602
40.1267
40.9576
42.6766
45.3877
49.9535
56.4001
39.6128
39.6201
39.6576
39.7869
40.171
41.1176
43.0162
46.9762
39.6116
39.6145
39.6362
39.7224
39.9893
40.7676
42.3591
45.9877
39.6256
39.703
39.9334
40.5163
41.6793
43.9804
47.5085
53.5173
39.938
41.3656
44.0389
48.4626
54.8651
64.2203
75.5481
91.6381
53.8037
80.5519
109.277
140.453
173.302
211.826
250.381
303.55
2209.84
2224.75
2244.26
2272.1
2308.22
2359.45
2424.89
2515.66
390.121
567.869
733.137
870.418
983.849
1080.41
1164.51
1238.65
1304.26
1362.29
1413.44
1458.33
1497.59
1536.91
1576.36
1611.74
1643.32
1671.48
1697.29
1719.7
1738.23
1753.01
1764.07
1770.86
1773.63
1773.54
1771.65
1766.35
1757.84
1746.77
1733.22
1717.63
1700.2
1681.22
1660.91
1639.5
1617.22
1594.27
1570.84
1547.12
1523.26
1499.4
1475.8
1452.93
1432.3
1415.98
1401.94
1388.27
1377.89
1347.86
414.812
529.062
665.652
754.425
812.729
852.547
880.544
900.321
914.752
925.89
935.096
943.116
950.273
957.612
965.158
972.569
980.348
989.564
1002.35
1015.7
1026.8
1036.1
1043.45
1048.38
1051.03
1052.13
1051.81
1049.35
1045.17
1039.4
1032.18
1023.67
1013.99
1003.31
991.75
979.303
966.2
952.64
938.741
924.606
910.319
895.955
881.61
867.381
853.472
840.224
827.607
815.732
804.861
794.502
423.731
480.38
585.493
647.761
687.293
715.016
735.673
753.319
771.141
790.157
809.857
829.542
848.672
869.357
891.821
913.846
935.432
956.926
978.093
997.265
1013.71
1027.49
1038.55
1046.86
1052.62
1055.79
1056.74
1055.44
1051.74
1045.87
1038.13
1028.71
1017.79
1005.59
992.296
978.153
963.361
948.061
932.385
916.448
900.345
884.17
868.043
852.052
836.294
820.928
806.13
791.833
778.77
765.698
421.723
447.21
536.331
587.89
620.694
646.009
669.219
694.743
725.011
759.092
793.318
825.683
854.906
886.005
920.128
953.64
985.928
1016.22
1043.95
1068.53
1089.53
1106.88
1120.66
1130.94
1137.85
1141.5
1142.16
1140.18
1135.09
1127.35
1117.41
1105.49
1091.84
1076.7
1060.36
1043.1
1025.14
1006.67
987.827
968.751
949.551
930.371
911.334
892.536
874.025
855.98
838.517
821.575
805.929
789.882
417.495
425.079
505.639
551.157
580.804
606.674
636.712
675.76
723.45
770.832
817.244
859.94
898.331
938.54
981.623
1022.69
1060.9
1095.68
1126.68
1153.51
1175.99
1194
1207.94
1217.75
1223.64
1225.78
1224.69
1220.41
1212.66
1202.22
1189.42
1174.55
1157.89
1139.74
1120.43
1100.3
1079.53
1058.28
1036.71
1014.97
993.213
971.617
950.25
929.218
908.54
888.457
868.925
850.051
832.368
814.392
411.549
410.535
485.564
527.703
556.552
585.922
626.846
680.756
743.82
807.339
866.414
917.338
960.676
1004.43
1051.12
1095.14
1135.74
1172.12
1203.79
1230.53
1252.33
1269.09
1281.36
1289.1
1292.68
1292.38
1288.79
1281.51
1271.05
1257.91
1242.45
1225
1205.85
1185.29
1163.66
1141.27
1118.29
1094.91
1071.29
1047.58
1023.96
1000.66
977.633
955.022
932.831
911.333
890.329
870.132
850.992
831.792
407.075
401.395
471.732
512.419
542.623
578.026
630.8
699.448
780.605
857.26
923.296
977.293
1021.51
1065.81
1114.05
1159.08
1200.01
1236.01
1266.6
1291.74
1311.64
1326.15
1335.92
1341.03
1341.99
1339.28
1332.92
1323.14
1310.38
1295.05
1277.55
1258.21
1237.3
1215.12
1191.96
1168.08
1143.69
1118.96
1094.06
1069.12
1044.33
1019.86
995.674
971.99
948.798
926.348
904.34
883.265
863.133
843.156
401.797
395.482
461.983
502.121
535.354
578.296
643.372
728.412
824.524
909.757
979.833
1034.83
1079.31
1123.79
1172.94
1218.21
1258.48
1293.09
1321.76
1344.68
1362.24
1374.22
1381.44
1383.97
1382.6
1377.51
1368.76
1356.88
1342.19
1325.07
1305.97
1285.17
1262.96
1239.6
1215.38
1190.53
1165.24
1139.68
1113.99
1088.31
1062.75
1037.45
1012.42
987.898
963.856
940.58
917.675
895.849
874.823
854.194
398.242
391.507
454.674
494.965
532.862
583.695
663.929
763.889
870.495
961.577
1034.97
1092.1
1138.3
1183.1
1232.38
1276.95
1315.62
1348.04
1374.12
1394.29
1409.1
1418.23
1422.72
1422.66
1418.91
1411.25
1400.25
1386.33
1369.77
1350.94
1330.33
1308.21
1284.84
1260.49
1235.44
1209.9
1184.05
1158.02
1131.93
1105.89
1079.99
1054.3
1028.84
1003.82
979.113
955.133
931.424
908.864
886.891
865.636
397.874
381.521
435.411
479.474
535.164
611.596
727.754
859.218
980.953
1079.21
1155.94
1215.3
1262.34
1304.96
1349.35
1387.34
1418.42
1442.86
1460.93
1473.46
1481.16
1483.43
1481.73
1476.25
1466.92
1454.47
1439.11
1421.36
1401.3
1379.38
1355.91
1331.27
1305.78
1279.68
1253.21
1226.54
1199.78
1173.03
1146.37
1119.87
1093.58
1067.54
1041.76
1016.38
991.205
966.666
942.308
918.972
896.062
873.933
388.324
368.018
422.196
503.32
626.002
801.421
988.358
1156.37
1275.72
1358.48
1413.98
1451.67
1480.29
1508.68
1531.76
1548.39
1559.62
1566.31
1568.51
1567.19
1562.83
1554.31
1542.86
1528.73
1512.07
1493.09
1471.86
1448.68
1423.91
1398.06
1371.39
1344.17
1316.61
1288.97
1261.38
1233.87
1206.5
1179.3
1152.33
1125.64
1099.23
1073.16
1047.36
1021.94
996.702
971.999
947.403
923.638
900.227
877.414
377.785
377.37
487.923
726.196
1028.58
1319.79
1513.48
1613.69
1660.36
1682.33
1691.11
1695.23
1697.36
1696.98
1693.7
1686.97
1677.74
1666.66
1653.75
1639.1
1622.88
1604.47
1584.19
1562.41
1538.94
1513.71
1487.15
1459.54
1431.6
1403.21
1374.56
1345.79
1317.07
1288.51
1260.18
1232.17
1204.49
1177.16
1150.2
1123.62
1097.41
1071.59
1046.08
1020.95
995.982
971.463
946.994
923.125
899.552
876.297
365.888
510.083
957.436
1524.24
1901.01
2053.41
2082.32
2067.26
2031.48
1988.64
1950.06
1917.31
1888.47
1859.62
1830.26
1801.62
1773.46
1746.14
1719.3
1692.51
1665.53
1637.85
1609.52
1580.56
1550.72
1520.45
1490.11
1459.55
1428.88
1398.31
1368
1338.03
1308.5
1279.4
1250.76
1222.62
1194.98
1167.83
1141.15
1114.94
1089.15
1063.77
1038.72
1014.02
989.483
965.303
941.137
917.353
893.802
870.316
376.227
1257.16
2219.35
2573.17
2612.38
2575.33
2493.49
2403.12
2318.32
2239.34
2169.1
2107.12
2052.57
1999.05
1945.97
1896.9
1852.02
1810.35
1770.89
1732.9
1695.94
1659.52
1623.52
1587.91
1553
1518.65
1484.75
1451.38
1418.54
1386.34
1354.81
1324.01
1293.93
1264.53
1235.79
1207.72
1180.29
1153.46
1127.19
1101.45
1076.16
1051.31
1026.77
1002.57
978.519
954.724
930.917
907.28
883.818
860.175
574.603
2799.31
3180.62
3128.25
2997.93
2857.61
2725.58
2603.79
2494.03
2395.57
2308.34
2231.37
2163.54
2095.16
2027.77
1965.98
1909.53
1857.06
1807.59
1760.4
1715.08
1671.2
1629.49
1589.25
1550.2
1512.24
1475.42
1439.69
1405
1371.36
1338.72
1307.11
1276.43
1246.67
1217.8
1189.76
1162.48
1135.92
1109.99
1084.64
1059.8
1035.42
1011.38
987.65
964.064
940.638
917.191
893.697
870.355
846.594
1521.86
1860.06
2095.21
2251.47
2338.43
2371.48
2370.05
2349.9
2316.04
2275.7
2232.76
2189.4
2147.08
2100.41
2048.01
1993.7
1938.24
1882.61
1827.59
1773.66
1721.21
1670.59
1621.72
1574.73
1529.67
1486.52
1445.26
1405.84
1368.16
1332.19
1297.73
1264.78
1233.1
1202.77
1173.73
1145.86
1118.96
1093.01
1067.83
1043.43
1019.7
996.522
973.76
951.284
928.974
906.625
884.273
861.439
838.848
815.426
260.315
333.313
429.017
513.115
601.77
694.321
780.828
857.495
923.082
976.959
1020.76
1054.81
1081.51
1103.83
1121.62
1135.09
1146.11
1152.61
1157.49
1157.5
1156
1152.65
1146.49
1138.29
1128.34
1117.14
1104.72
1091.44
1077.46
1062.97
1048.11
1032.95
1017.64
1002.16
986.44
970.697
954.902
939.231
923.541
908.013
892.583
877.104
861.601
845.742
829.79
812.872
795.951
777.14
759.027
738.03
99.5908
123.969
143.374
179.058
214.393
249.706
284.406
317.776
349.324
378.501
404.55
426.891
446.505
465.944
485.767
503.532
520.002
534.808
548.262
560.081
570.49
579.818
588.038
595.292
601.661
607.259
612.267
616.689
620.791
624.505
628.116
631.597
635.122
638.631
642.071
645.325
648.351
651.043
653.291
655.028
655.734
655.37
654.271
651.855
648.608
642.705
636.915
626.598
618.055
600.745
62.2076
71.6524
78.324
90.7668
103.677
116.383
128.749
140.53
151.749
162.147
172.448
182.827
192.822
203.555
214.999
225.962
236.357
246.128
255.237
263.683
271.462
278.653
285.296
291.481
297.268
302.749
307.994
313.097
318.11
323.147
328.205
333.443
338.799
344.458
350.283
356.425
362.696
369.212
375.756
382.365
388.831
395.227
401.299
406.783
411.512
414.941
417.054
416.679
414.645
405.42
50.9603
56.2677
60.7204
66.1305
71.9988
77.9406
83.8075
89.4494
94.8562
99.934
104.901
109.904
114.752
120.114
126.063
131.99
137.817
143.512
149.029
154.374
159.515
164.498
169.294
173.985
178.525
183.032
187.42
191.857
196.193
200.663
205.025
209.602
214.041
218.778
223.318
228.243
232.877
237.987
242.676
247.933
252.61
257.948
262.558
267.935
272.379
277.61
281.503
286.041
289.083
292.552
50.1553
54.6918
58.9657
63.2708
67.6392
71.9673
76.2147
80.3091
84.2427
87.9872
91.5569
94.9794
98.2725
101.914
106.038
110.27
114.593
119.003
123.479
128.03
132.63
137.307
142.016
146.817
151.634
156.564
161.486
166.549
171.563
176.756
181.836
187.143
192.247
197.647
202.724
208.196
213.187
218.719
223.567
229.163
233.825
239.526
243.986
249.903
254.214
260.583
264.928
272.233
277.213
289.323
59.9923
66.0041
71.7293
77.16
82.3942
87.4001
92.2367
96.8456
101.293
105.544
109.633
113.534
117.292
121.424
126.134
131.005
136.072
141.324
146.792
152.472
158.382
164.524
170.898
177.514
184.346
191.418
198.668
206.141
213.725
221.51
229.31
237.296
245.173
253.244
261.059
269.129
276.765
284.789
292.161
300.166
307.244
315.364
322.217
330.793
337.674
347.499
355.131
368.134
378.686
410.839
105.76
118.246
130.219
141.426
152.095
162.062
171.568
180.467
188.979
196.932
204.576
211.713
218.628
226.02
234.56
243.343
252.552
262.004
271.938
282.158
292.892
303.891
315.375
327.051
339.131
351.281
363.713
376.017
388.498
400.669
412.933
424.717
436.556
447.804
459.163
469.863
480.767
490.949
501.424
511.167
521.31
530.875
540.968
551.002
561.669
573.779
586.336
604.807
622.547
685.39
336.818
372.007
408.915
443.556
476.24
505.649
533.046
557.623
580.57
601.254
620.653
638.263
654.824
672.25
691.421
710.107
728.637
747.201
767.046
786.61
806.965
826.466
846.302
864.82
883.178
899.901
915.922
929.875
943.269
954.541
965.553
974.402
983.449
990.557
998.635
1004.75
1012.5
1017.81
1025.36
1029.8
1037.32
1041.2
1049.23
1053.77
1063.93
1071.06
1087.06
1103.62
1132.64
1232.07
2591.94
2639.28
2678.89
2710.27
2736.88
2757.86
2775.97
2790.04
2802.35
2811.64
2819.91
2825.86
2831.27
2835.41
2839.64
2841.77
2843.62
2843.16
2841.6
2837.59
2832.5
2824.79
2816.03
2804.48
2791.94
2776.45
2758.67
2739.55
2719.22
2697.35
2673.67
2647.33
2619.68
2590.04
2559.42
2526.9
2493.79
2458.9
2423.84
2387.12
2350.65
2312.56
2275.12
2236.01
2197.78
2157.78
2118.31
2077.47
2034.66
1992.77
1415.29
1487.26
1554.96
1620.68
1688.27
1760.34
1833
1932.15
2020.24
2178.16
789.606
789.628
796.876
799.306
811.655
811.068
829.496
825.596
856.627
854.799
756.024
747.033
743.485
736.981
735.192
727.819
726.602
717.743
721.104
708.589
777.29
762.777
753.655
740.298
734.047
720.432
714.777
699.319
695.186
674.995
799.407
781.306
768.992
751.883
743.335
725.181
716.892
697.069
689.769
664.409
814.963
794.503
780.25
761.042
751.188
730.201
720.442
697.584
688.594
660.02
825.034
803.076
787.646
767.233
756.528
733.698
723.096
698.202
688.271
657.628
834.818
811.441
794.893
773.309
761.667
737.07
725.65
698.664
687.956
655.259
844.846
819.911
801.972
778.874
765.812
739.569
727.276
698.42
686.952
652.027
851.588
825.013
805.419
781.162
766.926
739.776
726.73
696.599
684.535
647.842
853.973
826.184
805.235
779.831
764.31
736.595
723.019
692.419
679.963
642.207
851.885
822.912
800.514
774.212
757.562
729.642
715.738
685.251
672.635
634.758
845.193
815.319
791.672
764.695
746.986
719.053
704.817
674.786
662.188
625.112
834.586
804.109
779.402
751.929
733.131
705.249
690.396
661.09
648.528
612.855
820.742
789.935
764.32
736.48
716.519
688.7
672.894
644.456
631.849
597.898
789.53
758.547
731.436
703.04
681.387
654.03
637.077
610.266
597.904
566.706
716.092
688.733
662.413
635.968
614.657
591.074
574.975
553.014
542.307
515.859
589.454
572.984
553.688
535.66
518.959
504.474
492.973
481.505
475.46
459.869
408.621
406.484
401.597
397.602
393.315
392.331
391.542
392.613
392.738
390.657
297.844
302.261
307.842
313.733
318.904
325.5
330.492
339.387
343.699
355.788
292.979
297.904
307.471
314.679
325.277
334.457
344.947
357.794
365.115
384.881
409.43
413.446
428.984
436.887
454.988
462.855
481.319
490.947
504.034
521.739
666.212
670.38
688.863
696.782
717.016
723.008
745.511
749.706
769.61
784.001
1193.9
1185.06
1184.97
1182.79
1190.56
1191.43
1218.21
1216.06
1254.67
1260.02
1976.61
2003.63
2041.68
2104.25
2171.51
2264.64
2373.89
2512.31
2678.68
2935.42
)
;

boundaryField
{
    inlet
    {
        type            inletOutlet;
        inletValue      uniform 39.6133;
        value           uniform 39.6133;
    }
    outlet
    {
        type            zeroGradient;
    }
    upperWall
    {
        blending        binomial2;
        n               2;
        beta1           0.075;
        type            omegaWallFunction;
        value           nonuniform List<scalar> 
68
(
2209.84
2224.75
2244.26
2272.1
2308.22
2359.45
2424.89
2515.66
2591.94
2639.28
2678.89
2710.27
2736.88
2757.86
2775.97
2790.04
2802.35
2811.64
2819.91
2825.86
2831.27
2835.41
2839.64
2841.77
2843.62
2843.16
2841.6
2837.59
2832.5
2824.79
2816.03
2804.48
2791.94
2776.45
2758.67
2739.55
2719.22
2697.35
2673.67
2647.33
2619.68
2590.04
2559.42
2526.9
2493.79
2458.9
2423.84
2387.12
2350.65
2312.56
2275.12
2236.01
2197.78
2157.78
2118.31
2077.47
2034.66
1992.77
1976.61
2003.63
2041.68
2104.25
2171.51
2264.64
2373.89
2512.31
2678.68
2935.42
)
;
    }
    lowerWall
    {
        blending        binomial2;
        n               2;
        beta1           0.075;
        type            omegaWallFunction;
        value           nonuniform List<scalar> 
83
(
1082.35
1084.56
1089.96
1093.97
1104.29
1111.51
1130.9
1143.61
390.121
414.812
423.731
421.723
417.495
411.549
407.075
401.797
398.242
397.874
388.324
377.785
365.888
376.227
574.603
390.121
567.869
733.137
870.418
983.849
1080.41
1164.51
1238.65
1304.26
1362.29
1413.44
1458.33
1497.59
1536.91
1576.36
1611.74
1643.32
1671.48
1697.29
1719.7
1738.23
1753.01
1764.07
1770.86
1773.63
1773.54
1771.65
1766.35
1757.84
1746.77
1733.22
1717.63
1700.2
1681.22
1660.91
1639.5
1617.22
1594.27
1570.84
1547.12
1523.26
1499.4
1475.8
1452.93
1432.3
1415.98
1401.94
1388.27
1377.89
1347.86
1415.29
1487.26
1554.96
1620.68
1688.27
1760.34
1833
1932.15
2020.24
2178.16
)
;
    }
    frontAndBack
    {
        type            empty;
    }
}


// ************************************************************************* //
