/*--------------------------------*- C++ -*----------------------------------*\
| =========                 |                                                 |
| \\      /  F ield         | OpenFOAM: The Open Source CFD Toolbox           |
|  \\    /   O peration     | Version:  2112                                  |
|   \\  /    A nd           | Website:  www.openfoam.com                      |
|    \\/     M anipulation  |                                                 |
\*---------------------------------------------------------------------------*/
FoamFile
{
    version     2.0;
    format      ascii;
    arch        "LSB;label=32;scalar=64";
    class       volVectorField;
    location    "0.13";
    object      U;
}
// * * * * * * * * * * * * * * * * * * * * * * * * * * * * * * * * * * * * * //

dimensions      [0 1 -1 0 0 0 0];

internalField   nonuniform List<vector> 
1580
(
(9.99909 0.000723865 0)
(9.99859 0.00272799 0)
(9.99892 0.00402696 0)
(9.99674 0.00726176 0)
(9.99546 0.00635624 0)
(9.98575 0.0140597 0)
(9.98382 0.00251875 0)
(9.95189 0.0328833 0)
(10.0001 0.000718278 0)
(10.0005 0.00241219 0)
(10.0015 0.00437641 0)
(10.0031 0.00646361 0)
(10.0059 0.00801604 0)
(10.009 0.0100517 0)
(10.016 0.00978397 0)
(10.012 0.0140453 0)
(10 0.000408088 0)
(10.0002 0.00132563 0)
(10.0007 0.00245741 0)
(10.0019 0.00376413 0)
(10.0041 0.00498958 0)
(10.0074 0.00647745 0)
(10.0135 0.00697395 0)
(10.0185 0.0113255 0)
(10 0.000194274 0)
(10.0001 0.000665683 0)
(10.0005 0.00129923 0)
(10.0015 0.00207024 0)
(10.0035 0.00285144 0)
(10.0069 0.00377308 0)
(10.0129 0.00436195 0)
(10.0211 0.00822765 0)
(10 3.81188e-05 0)
(10.0001 0.000129197 0)
(10.0005 0.000252121 0)
(10.0014 0.000405026 0)
(10.0034 0.00056883 0)
(10.007 0.000876962 0)
(10.0132 0.00124782 0)
(10.0228 0.00432328 0)
(10 -0.000116218 0)
(10.0001 -0.000399926 0)
(10.0005 -0.00079497 0)
(10.0015 -0.00130615 0)
(10.0036 -0.00186569 0)
(10.0075 -0.00222888 0)
(10.0139 -0.00224487 0)
(10.0242 7.75294e-05 0)
(10 -0.000316048 0)
(10.0002 -0.00109009 0)
(10.0007 -0.00214777 0)
(10.0018 -0.00345083 0)
(10.0042 -0.00480308 0)
(10.0084 -0.00584929 0)
(10.0152 -0.00631789 0)
(10.0261 -0.0047763 0)
(10 -0.000667925 0)
(10.0003 -0.00215131 0)
(10.001 -0.00397103 0)
(10.0027 -0.00602112 0)
(10.0057 -0.00805042 0)
(10.0106 -0.00971868 0)
(10.0176 -0.0106879 0)
(10.0289 -0.0100195 0)
(10.0002 -0.00126822 0)
(10.0011 -0.00440051 0)
(10.003 -0.00795141 0)
(10.006 -0.0112863 0)
(10.01 -0.013956 0)
(10.0156 -0.0158471 0)
(10.0217 -0.0167956 0)
(10.0325 -0.0164132 0)
(9.99777 -0.00163543 0)
(9.99648 -0.00496833 0)
(9.99456 -0.0083383 0)
(9.98913 -0.011355 0)
(9.97756 -0.0139069 0)
(9.95946 -0.0160673 0)
(9.93125 -0.0178233 0)
(9.89563 -0.0190401 0)
(-0.0769167 0.114972 0)
(-0.348086 0.19359 0)
(-0.722994 0.233205 0)
(-1.09639 0.241777 1.03263e-19)
(-1.43037 0.225371 0)
(-1.71646 0.202101 0)
(-1.95971 0.178457 0)
(-2.16482 0.156511 0)
(-2.33665 0.136193 8.19207e-20)
(-2.47901 0.117266 -8.81526e-20)
(-2.59565 0.0995836 -4.71161e-20)
(-2.6901 0.0831926 0)
(-2.76562 0.0681684 0)
(-2.83338 0.0525723 0)
(-2.89116 0.0362481 0)
(-2.93113 0.020562 0)
(-2.95374 0.00525353 0)
(-2.95917 -0.0100806 0)
(-2.94888 -0.0252836 0)
(-2.92442 -0.0390787 6.67193e-20)
(-2.88607 -0.0520152 0)
(-2.83428 -0.0638617 -5.67438e-20)
(-2.7697 -0.0746988 0)
(-2.69311 -0.0844441 0)
(-2.60541 -0.0931096 0)
(-2.50762 -0.10064 0)
(-2.40078 -0.107034 2.82563e-20)
(-2.28591 -0.112348 2.24343e-20)
(-2.16412 -0.116587 0)
(-2.03668 -0.119715 0)
(-1.90462 -0.121837 0)
(-1.76909 -0.123044 -4.67559e-22)
(-1.63106 -0.12346 -4.50639e-21)
(-1.49144 -0.123171 9.22455e-21)
(-1.35103 -0.122252 0)
(-1.21055 -0.120811 -1.78489e-20)
(-1.07053 -0.118993 -2.17476e-20)
(-0.931399 -0.116928 2.53741e-20)
(-0.793458 -0.114735 0)
(-0.656858 -0.11253 0)
(-0.521622 -0.110406 0)
(-0.387703 -0.108409 -7.4669e-20)
(-0.254887 -0.106629 0)
(-0.12284 -0.105165 0)
(0.0090321 -0.1042 8.79094e-20)
(0.140235 -0.103472 0)
(0.274987 -0.103331 9.47103e-20)
(0.401895 -0.101852 0)
(0.555973 -0.103636 0)
(0.65167 -0.0832582 0)
(-0.11077 0.313494 0)
(-0.379656 0.448276 0)
(-0.678754 0.519401 0)
(-0.919359 0.525576 -1.49415e-19)
(-1.10023 0.488767 -1.67223e-19)
(-1.23924 0.442699 0)
(-1.35254 0.398117 0)
(-1.44716 0.356587 0)
(-1.52618 0.31704 -1.17065e-19)
(-1.5909 0.278699 1.25392e-19)
(-1.64244 0.241621 -6.7318e-20)
(-1.68222 0.206485 0)
(-1.71171 0.173848 -1.4941e-19)
(-1.73486 0.139372 0)
(-1.74949 0.102424 -1.18606e-19)
(-1.75348 0.0665151 0)
(-1.74725 0.0317234 0)
(-1.73146 -0.00153324 0)
(-1.70672 -0.0323859 0)
(-1.66926 -0.061496 -2.79809e-19)
(-1.62039 -0.0895289 0)
(-1.56069 -0.115925 2.38169e-19)
(-1.49065 -0.140336 0)
(-1.41095 -0.162502 0)
(-1.32234 -0.182374 0)
(-1.2256 -0.199913 -9.68223e-20)
(-1.12157 -0.214975 -3.92042e-20)
(-1.01107 -0.227531 -9.56253e-20)
(-0.895073 -0.237746 0)
(-0.774643 -0.245595 -3.30334e-20)
(-0.650699 -0.251078 0)
(-0.524163 -0.254428 -2.78409e-21)
(-0.395885 -0.255914 6.27482e-21)
(-0.266611 -0.255796 -1.28552e-20)
(-0.137008 -0.254284 0)
(-0.00758809 -0.251621 7.27743e-20)
(0.121221 -0.248096 3.03509e-20)
(0.249106 -0.24398 3.35445e-20)
(0.375863 -0.239518 0)
(0.501411 -0.234965 0)
(0.625783 -0.230532 0)
(0.749075 -0.226356 1.04073e-19)
(0.871579 -0.222661 0)
(0.993652 -0.219694 0)
(1.11608 -0.217764 -1.22528e-19)
(1.23884 -0.216763 -1.26114e-19)
(1.36476 -0.216869 -1.32291e-19)
(1.48925 -0.216919 -1.34937e-19)
(1.62974 -0.218522 0)
(1.74375 -0.20477 0)
(-0.0795521 0.447334 0)
(-0.24861 0.586201 3.64573e-19)
(-0.415605 0.655235 3.9753e-19)
(-0.526804 0.63692 0)
(-0.600406 0.574467 -1.10053e-21)
(-0.660892 0.511823 0)
(-0.718612 0.458593 -2.86426e-19)
(-0.773026 0.410708 0)
(-0.821304 0.36444 3.31671e-19)
(-0.861036 0.3183 0)
(-0.891093 0.272609 1.86859e-19)
(-0.911863 0.228881 0)
(-0.924473 0.188232 -4.52562e-23)
(-0.931022 0.145377 0)
(-0.929141 0.0996345 4.91735e-19)
(-0.917835 0.0551333 0)
(-0.896794 0.0118497 3.04703e-19)
(-0.866012 -0.0298367 0)
(-0.825309 -0.0688266 0)
(-0.774522 -0.105995 2.56802e-19)
(-0.714082 -0.141527 -2.39009e-19)
(-0.644836 -0.174955 -4.37813e-19)
(-0.567472 -0.205846 0)
(-0.482816 -0.233846 0)
(-0.391434 -0.258843 0)
(-0.293997 -0.280853 1.32554e-19)
(-0.191168 -0.299764 1.11337e-19)
(-0.0837068 -0.315441 8.83087e-20)
(0.0275287 -0.327929 0)
(0.141598 -0.337285 4.51945e-20)
(0.25779 -0.343632 0)
(0.375395 -0.347221 1.03928e-20)
(0.493744 -0.34838 0)
(0.612233 -0.34749 0)
(0.730364 -0.344869 0)
(0.847882 -0.340853 -6.52546e-20)
(0.964518 -0.335812 0)
(1.08009 -0.330078 -1.87254e-19)
(1.19448 -0.323962 0)
(1.30768 -0.3178 0)
(1.41976 -0.31188 0)
(1.53087 -0.306409 0)
(1.64143 -0.301737 -2.97749e-19)
(1.75191 -0.298205 0)
(1.86321 -0.29621 -3.30967e-19)
(1.97536 -0.295652 1.73619e-19)
(2.0915 -0.297153 3.58733e-19)
(2.20759 -0.299002 1.86161e-19)
(2.33898 -0.303813 0)
(2.45307 -0.297396 3.89183e-19)
(-0.0404101 0.503584 0)
(-0.120828 0.637166 -5.23278e-19)
(-0.194417 0.699533 -5.68348e-19)
(-0.229524 0.667579 0)
(-0.248756 0.597108 3.40152e-19)
(-0.27097 0.533357 3.69109e-19)
(-0.299494 0.482033 3.97884e-19)
(-0.328457 0.434428 4.26423e-19)
(-0.352351 0.386054 -4.5446e-19)
(-0.367867 0.336044 -4.81519e-19)
(-0.37445 0.28548 0)
(-0.373243 0.236789 0)
(-0.365803 0.191393 2.78045e-19)
(-0.351488 0.143445 0)
(-0.327852 0.0922845 -4.37815e-19)
(-0.295859 0.0423609 0)
(-0.255411 -0.00628501 1.90501e-22)
(-0.206816 -0.0534296 -3.85215e-19)
(-0.149641 -0.098312 0)
(-0.0843592 -0.140842 0)
(-0.0115214 -0.181042 3.15138e-19)
(0.0679802 -0.218537 2.88721e-19)
(0.153359 -0.2529 2.61265e-19)
(0.243578 -0.283857 2.32948e-19)
(0.338458 -0.311468 -2.04095e-19)
(0.437414 -0.335706 0)
(0.539886 -0.356456 -2.91469e-19)
(0.645274 -0.373516 1.16802e-19)
(0.752551 -0.38686 0)
(0.861114 -0.396676 6.04825e-20)
(0.970448 -0.40315 0)
(1.08004 -0.406535 -7.45692e-21)
(1.18942 -0.407162 0)
(1.29805 -0.405448 4.06216e-20)
(1.40561 -0.401841 -1.25755e-19)
(1.51219 -0.396784 0)
(1.61766 -0.390643 0)
(1.72193 -0.383774 1.22316e-19)
(1.82496 -0.376521 0)
(1.92684 -0.369243 0)
(2.02757 -0.362289 3.39396e-19)
(2.12741 -0.355987 0)
(2.22701 -0.350778 7.85106e-19)
(2.32686 -0.347031 0)
(2.42786 -0.345178 9.33863e-22)
(2.53009 -0.345263 -4.56688e-19)
(2.63708 -0.34794 -9.50716e-19)
(2.74464 -0.351762 0)
(2.86784 -0.358852 0)
(2.97762 -0.358598 -1.36321e-21)
(-0.0084176 0.519146 0)
(-0.0247899 0.648481 7.4167e-19)
(-0.0366477 0.707417 -7.99206e-19)
(-0.0257554 0.670662 0)
(-0.0137659 0.6002 0)
(-0.0122209 0.539303 -4.9775e-19)
(-0.0194037 0.490311 0)
(-0.0259496 0.442403 -5.60759e-19)
(-0.0263695 0.391714 5.91808e-19)
(-0.017971 0.338239 6.21805e-19)
(-0.00121293 0.283911 -6.49783e-19)
(0.021247 0.231847 3.38054e-19)
(0.0476433 0.18351 3.51736e-19)
(0.0814069 0.132727 0)
(0.124879 0.0784907 -5.45821e-19)
(0.175601 0.0253655 0)
(0.233435 -0.0263055 -2.98883e-22)
(0.297342 -0.0761679 4.73976e-19)
(0.368296 -0.123891 0)
(0.445646 -0.169003 0)
(0.528697 -0.211384 0)
(0.616521 -0.250674 0)
(0.708312 -0.286593 -6.36661e-19)
(0.80371 -0.318891 -4.50612e-22)
(0.902038 -0.347509 2.48871e-19)
(1.00258 -0.372483 2.12916e-19)
(1.10482 -0.393706 1.77827e-19)
(1.20807 -0.410939 -2.84473e-19)
(1.31136 -0.424187 0)
(1.41452 -0.433729 -1.47151e-19)
(1.5171 -0.439786 4.05707e-20)
(1.61883 -0.442624 1.8063e-20)
(1.71944 -0.442628 0)
(1.81888 -0.440319 -4.95129e-20)
(1.9173 -0.436113 3.06729e-19)
(2.01454 -0.430394 0)
(2.11051 -0.423573 2.52264e-19)
(2.2052 -0.41603 0)
(2.29867 -0.408127 0)
(2.39102 -0.400198 -3.77532e-19)
(2.48213 -0.392609 -4.14322e-19)
(2.5725 -0.385843 0)
(2.66296 -0.380405 -5.65493e-22)
(2.75397 -0.376629 0)
(2.84628 -0.374979 5.36253e-19)
(2.94024 -0.375752 4.9632e-22)
(3.03951 -0.379363 1.16901e-18)
(3.13985 -0.385011 -6.05068e-19)
(3.25601 -0.393561 6.2529e-19)
(3.36126 -0.398238 -6.39422e-19)
(0.0151153 0.518228 0)
(0.0424544 0.645896 -1.0221e-18)
(0.0714714 0.70353 1.08164e-18)
(0.111223 0.665826 0)
(0.142891 0.597175 -1.20233e-18)
(0.161199 0.538763 0)
(0.171659 0.490815 0)
(0.185446 0.441814 0)
(0.206493 0.388743 -7.07815e-19)
(0.236735 0.332434 0)
(0.274213 0.275681 7.59296e-19)
(0.314528 0.22184 -3.91232e-19)
(0.356292 0.171996 -4.03381e-19)
(0.405421 0.11979 -6.39486e-19)
(0.464229 0.0640335 6.14545e-19)
(0.529424 0.00919964 0)
(0.600884 -0.0442178 -5.57743e-19)
(0.678783 -0.0957622 5.27584e-19)
(0.762314 -0.144902 0)
(0.850601 -0.191185 0)
(0.942765 -0.234469 4.27366e-19)
(1.0379 -0.27442 0)
(1.13525 -0.310803 3.53724e-19)
(1.23478 -0.343432 -6.29543e-19)
(1.33551 -0.372233 0)
(1.43678 -0.397239 -7.14119e-22)
(1.53815 -0.418325 1.96067e-19)
(1.6387 -0.435226 1.57429e-19)
(1.73793 -0.448037 0)
(1.83583 -0.457084 1.61989e-19)
(1.93204 -0.462592 -4.49148e-20)
(2.02649 -0.464847 -1.99862e-20)
(2.1191 -0.464256 0)
(2.21013 -0.461383 0)
(2.29995 -0.456658 5.78304e-22)
(2.38832 -0.450433 0)
(2.47527 -0.443117 -5.55259e-19)
(2.56087 -0.435108 0)
(2.64528 -0.426779 0)
(2.72868 -0.418519 -6.39584e-23)
(2.81164 -0.410743 0)
(2.89462 -0.403891 0)
(2.97802 -0.398452 -5.23664e-19)
(3.06217 -0.39477 0)
(3.14769 -0.393327 0)
(3.23527 -0.39472 6.15167e-19)
(3.32853 -0.39902 -1.92591e-22)
(3.42328 -0.406159 6.66432e-19)
(3.53382 -0.415589 -6.9053e-19)
(3.6352 -0.423928 -7.06693e-19)
(0.0314591 0.511562 0)
(0.0886235 0.639612 -1.34178e-18)
(0.144926 0.697158 0)
(0.203302 0.659817 -1.41156e-18)
(0.248054 0.592844 1.43498e-18)
(0.278892 0.535913 0)
(0.304125 0.488004 0)
(0.335777 0.437628 0)
(0.37541 0.382566 7.75998e-19)
(0.424211 0.324208 7.96119e-19)
(0.4784 0.266108 -8.13862e-19)
(0.532165 0.21154 8.30837e-19)
(0.585004 0.161109 0)
(0.645033 0.108117 6.73168e-19)
(0.717117 0.051275 0)
(0.795328 -0.00458645 6.18077e-19)
(0.879065 -0.058919 5.88317e-19)
(0.968959 -0.111305 -5.58291e-19)
(1.06294 -0.161113 -5.24411e-19)
(1.16007 -0.207874 0)
(1.25939 -0.251456 -4.53333e-19)
(1.36008 -0.291554 -4.14145e-19)
(1.46146 -0.327999 0)
(1.56329 -0.360584 7.69955e-22)
(1.66483 -0.389213 0)
(1.76561 -0.413958 -2.51571e-19)
(1.86526 -0.43467 -2.09615e-19)
(1.96276 -0.451099 0)
(2.05813 -0.463424 -1.26299e-19)
(2.15131 -0.471971 -2.59277e-19)
(2.24208 -0.476971 0)
(2.3305 -0.478727 0)
(2.4166 -0.477672 -5.20264e-20)
(2.50065 -0.474396 1.20296e-19)
(2.58301 -0.469291 -1.84246e-19)
(2.66369 -0.462692 0)
(2.74283 -0.455025 6.04509e-19)
(2.82058 -0.446697 0)
(2.89719 -0.438092 0)
(2.97292 -0.429618 4.50452e-19)
(3.04871 -0.421722 0)
(3.12499 -0.414845 0)
(3.202 -0.409455 5.71128e-19)
(3.28011 -0.405949 0)
(3.36056 -0.404798 6.41613e-19)
(3.44343 -0.406713 -6.74946e-19)
(3.53221 -0.411532 -7.06951e-19)
(3.62281 -0.419782 0)
(3.72907 -0.429806 -7.66169e-19)
(3.82737 -0.440596 7.8901e-19)
(0.0432386 0.505076 0)
(0.121179 0.633098 1.5847e-18)
(0.196762 0.690674 0)
(0.268487 0.653905 8.71191e-22)
(0.323439 0.58825 0)
(0.365263 0.532141 0)
(0.40448 0.483765 0)
(0.453492 0.432001 0)
(0.510766 0.375267 -7.47214e-19)
(0.57676 0.31534 -1.52037e-18)
(0.645972 0.256493 7.72025e-19)
(0.711472 0.201656 -1.0084e-21)
(0.775734 0.150716 8.11559e-19)
(0.848395 0.0970726 0)
(0.935381 0.0394084 0)
(1.02809 -0.0172436 -5.94928e-19)
(1.12542 -0.0723269 -5.66617e-19)
(1.22727 -0.125306 0)
(1.3316 -0.17548 5.03002e-19)
(1.4376 -0.222458 -9.34748e-19)
(1.5443 -0.266124 8.6252e-19)
(1.651 -0.306203 -3.92951e-19)
(1.7571 -0.342564 -7.1117e-19)
(1.8622 -0.374995 3.17302e-19)
(1.96574 -0.403395 -5.53415e-19)
(2.06745 -0.427851 0)
(2.16688 -0.448176 0)
(2.26318 -0.46417 0)
(2.35667 -0.476069 1.18984e-19)
(2.44722 -0.484181 1.62238e-19)
(2.53473 -0.48875 -8.79713e-20)
(2.61935 -0.490094 0)
(2.70118 -0.488664 4.86492e-20)
(2.78051 -0.485072 -1.12257e-19)
(2.85766 -0.479687 -1.72768e-19)
(2.93284 -0.472833 -2.28795e-19)
(3.00627 -0.464942 -2.80482e-19)
(3.0782 -0.456427 0)
(3.14893 -0.447685 0)
(3.21882 -0.439161 -4.15312e-19)
(3.28868 -0.431308 0)
(3.35903 -0.424531 0)
(3.43036 -0.419299 -5.19123e-19)
(3.50313 -0.416082 0)
(3.57934 -0.415363 -5.7631e-19)
(3.65839 -0.417947 6.02148e-19)
(3.74357 -0.423451 0)
(3.83125 -0.432967 0)
(3.93418 -0.443846 6.70319e-19)
(4.03167 -0.457224 0)
(0.0519653 0.50004 0)
(0.144629 0.627121 0)
(0.234705 0.684564 0)
(0.317053 0.648316 5.67264e-18)
(0.381137 0.583629 -3.69206e-18)
(0.43374 0.527847 0)
(0.487609 0.478606 1.80905e-18)
(0.554917 0.425382 0)
(0.630337 0.367233 0)
(0.713843 0.306121 9.48614e-19)
(0.798333 0.246675 1.92071e-18)
(0.878628 0.191436 -1.97526e-18)
(0.957927 0.139943 -1.02276e-18)
(1.04757 0.0855088 0)
(1.15224 0.0269983 0)
(1.26163 -0.0303352 0)
(1.37446 -0.0859808 0)
(1.48987 -0.139353 0)
(1.60612 -0.189731 0)
(1.72258 -0.236793 2.29462e-21)
(1.83834 -0.28043 -1.05492e-18)
(1.95283 -0.320396 1.91489e-18)
(2.06551 -0.356577 1.71957e-18)
(2.17596 -0.388767 0)
(2.2837 -0.416872 6.63185e-19)
(2.38854 -0.440976 0)
(2.48992 -0.460862 0)
(2.5874 -0.476395 0)
(2.6813 -0.487847 0)
(2.77149 -0.495501 -1.8766e-19)
(2.85801 -0.499624 2.04155e-19)
(2.94105 -0.500548 0)
(3.02079 -0.498735 0)
(3.09757 -0.494815 0)
(3.17173 -0.489155 -1.9848e-19)
(3.24356 -0.482071 2.60837e-19)
(3.31339 -0.473994 0)
(3.38149 -0.465347 7.45633e-19)
(3.44823 -0.456534 0)
(3.51403 -0.448041 -4.66601e-19)
(3.5795 -0.440335 1.01381e-18)
(3.64521 -0.433805 0)
(3.71191 -0.428923 0)
(3.78014 -0.426267 1.21288e-18)
(3.85182 -0.426242 -1.26687e-18)
(3.92681 -0.429748 1.31587e-18)
(4.00824 -0.436264 1.36099e-18)
(4.09359 -0.447416 1.4022e-18)
(4.19338 -0.459728 1.44031e-18)
(4.29314 -0.476157 -1.47349e-18)
(0.0745977 0.480597 1.10155e-18)
(0.203449 0.60863 0)
(0.326248 0.66749 0)
(0.430185 0.633791 -1.39657e-18)
(0.512575 0.571719 1.52952e-18)
(0.587753 0.516422 -8.29258e-19)
(0.674063 0.464659 -1.80105e-18)
(0.780945 0.407975 0)
(0.894146 0.347176 -1.04026e-18)
(1.01257 0.284383 0)
(1.12538 0.224568 -1.17769e-18)
(1.23548 0.168615 3.07042e-21)
(1.34191 0.116058 0)
(1.45909 0.0606955 5.30062e-19)
(1.58954 0.00143465 1.03706e-18)
(1.72093 -0.0563355 1.0042e-18)
(1.85183 -0.112025 9.656e-19)
(1.98082 -0.1651 0)
(2.10692 -0.214949 0)
(2.23021 -0.261339 8.22951e-19)
(2.35014 -0.304164 0)
(2.46647 -0.343214 -7.0273e-19)
(2.57887 -0.3784 -6.37947e-19)
(2.68711 -0.409545 0)
(2.79095 -0.436572 0)
(2.89029 -0.459552 0)
(2.98475 -0.478277 -3.57825e-19)
(3.07449 -0.492685 2.8727e-19)
(3.15974 -0.503062 0)
(3.24055 -0.509676 1.49712e-19)
(3.31715 -0.512828 -1.10123e-21)
(3.38984 -0.512857 -1.53054e-20)
(3.45895 -0.51024 -4.80105e-20)
(3.52492 -0.505621 0)
(3.5882 -0.499358 3.33545e-19)
(3.64915 -0.491759 0)
(3.70812 -0.483248 -2.75214e-19)
(3.76546 -0.47425 -9.75327e-19)
(3.82156 -0.465181 0)
(3.8769 -0.456541 8.33652e-19)
(3.93198 -0.448814 -9.17517e-19)
(3.98736 -0.442403 0)
(4.04393 -0.437785 0)
(4.10236 -0.435618 -5.70411e-19)
(4.16421 -0.436268 6.03481e-19)
(4.22991 -0.440697 -1.27081e-18)
(4.30251 -0.448301 -1.33156e-18)
(4.3806 -0.46104 -1.38946e-18)
(4.47268 -0.475027 -1.4466e-18)
(4.56918 -0.494101 1.49748e-18)
(0.107155 0.42891 -1.16637e-18)
(0.292446 0.561677 0)
(0.4638 0.628821 0)
(0.600166 0.601555 -7.43952e-19)
(0.725689 0.54155 -8.1919e-19)
(0.86959 0.481092 9.01065e-19)
(1.04582 0.419215 9.79352e-19)
(1.24586 0.353474 -5.24451e-19)
(1.44814 0.28764 1.13209e-18)
(1.64261 0.224861 0)
(1.81007 0.167771 0)
(1.96403 0.113738 3.48525e-21)
(2.10267 0.0627955 0)
(2.24613 0.00958418 -1.1523e-18)
(2.39669 -0.0472227 -5.6867e-19)
(2.54059 -0.102603 -1.09277e-18)
(2.67736 -0.155525 -5.28659e-19)
(2.80684 -0.205739 0)
(2.92922 -0.252857 0)
(3.04526 -0.296629 4.40153e-19)
(3.15502 -0.336943 -4.08562e-19)
(3.25873 -0.373574 0)
(3.35627 -0.406398 -3.40138e-19)
(3.44787 -0.435201 0)
(3.53331 -0.459982 0)
(3.61296 -0.480831 2.28922e-19)
(3.687 -0.49752 3.84833e-19)
(3.75578 -0.51005 -3.08521e-19)
(3.81955 -0.518693 0)
(3.87863 -0.523714 -1.57169e-19)
(3.93346 -0.525447 -1.71622e-19)
(3.98451 -0.524224 1.63375e-20)
(4.03223 -0.520533 -6.69672e-22)
(4.07723 -0.515026 0)
(4.12003 -0.508018 0)
(4.16096 -0.4998 0)
(4.2004 -0.490783 2.91302e-19)
(4.23868 -0.481393 3.43476e-19)
(4.27622 -0.472056 0)
(4.31351 -0.463273 0)
(4.35107 -0.455529 4.81697e-19)
(4.38943 -0.449266 0)
(4.42948 -0.444975 0)
(4.47197 -0.44334 -1.19154e-18)
(4.5182 -0.444739 6.28965e-19)
(4.56893 -0.450204 0)
(4.62711 -0.459084 0)
(4.69214 -0.473492 0)
(4.77126 -0.489406 0)
(4.8576 -0.511042 -7.67437e-19)
(0.131522 0.402377 0)
(0.369414 0.505088 6.44602e-19)
(0.580328 0.582469 0)
(0.766689 0.55984 3.9165e-19)
(0.998294 0.489145 8.5789e-19)
(1.28826 0.411098 4.65005e-19)
(1.59866 0.336214 -5.02022e-19)
(1.89808 0.266631 5.42314e-19)
(2.17365 0.202421 -5.72664e-19)
(2.41755 0.142924 -3.03764e-19)
(2.62873 0.0893835 0)
(2.81588 0.0412691 6.84278e-19)
(2.9732 -0.00297453 0)
(3.12882 -0.0497656 1.16346e-18)
(3.28744 -0.100639 -5.71295e-19)
(3.43187 -0.150611 0)
(3.56359 -0.198593 -5.32052e-19)
(3.68411 -0.24442 0)
(3.79461 -0.287752 0)
(3.89613 -0.328129 -4.50839e-19)
(3.98926 -0.36529 3.1902e-21)
(4.07447 -0.398987 -3.81667e-19)
(4.15225 -0.429032 2.66239e-21)
(4.2227 -0.455213 3.09319e-19)
(4.28612 -0.477602 0)
(4.34326 -0.496253 -1.82795e-21)
(4.39449 -0.51093 1.94307e-19)
(4.44016 -0.521644 1.55653e-19)
(4.48077 -0.528659 0)
(4.51686 -0.532254 2.40886e-19)
(4.54909 -0.532779 8.72972e-20)
(4.57803 -0.530534 7.47593e-21)
(4.6042 -0.52602 5.31015e-20)
(4.62831 -0.519889 0)
(4.65085 -0.512381 0)
(4.6721 -0.503768 0)
(4.69238 -0.494457 0)
(4.71204 -0.484878 0)
(4.73149 -0.475471 0)
(4.75126 -0.466738 0)
(4.77186 -0.459163 -7.3828e-19)
(4.79383 -0.453214 0)
(4.81801 -0.449411 -2.86143e-19)
(4.84514 -0.448445 -2.37673e-22)
(4.87646 -0.450725 6.43042e-19)
(4.91283 -0.457373 0)
(4.95706 -0.467729 0)
(5.00905 -0.483981 0)
(5.07519 -0.502095 7.60961e-19)
(5.1505 -0.526524 7.81404e-19)
(0.153084 0.240122 0)
(0.421541 0.422115 -6.76319e-19)
(0.693867 0.52894 0)
(1.08409 0.476302 4.03314e-19)
(1.5703 0.37657 4.36841e-19)
(2.04129 0.289938 -4.76667e-19)
(2.44819 0.217596 5.12872e-19)
(2.79047 0.155503 2.71048e-19)
(3.07992 0.101472 5.84047e-19)
(3.32449 0.0538958 3.54706e-21)
(3.54072 0.0101607 3.23035e-19)
(3.72663 -0.0316401 0)
(3.88577 -0.0707512 0)
(4.04344 -0.111062 -2.94065e-19)
(4.20172 -0.154547 2.84003e-19)
(4.33831 -0.197072 0)
(4.45859 -0.238776 -2.65401e-19)
(4.56518 -0.279397 0)
(4.65958 -0.318215 0)
(4.74302 -0.354583 2.25774e-19)
(4.81643 -0.388136 4.23057e-19)
(4.88035 -0.418555 3.8888e-19)
(4.93585 -0.445646 3.52914e-19)
(4.98313 -0.46913 -3.15503e-19)
(5.02341 -0.489089 0)
(5.05704 -0.505573 -1.19838e-19)
(5.08457 -0.518329 -9.99432e-20)
(5.10664 -0.527383 -1.58912e-19)
(5.12405 -0.532995 0)
(5.13754 -0.535434 -4.10802e-20)
(5.14791 -0.535038 0)
(5.15571 -0.53206 -1.13017e-20)
(5.16154 -0.527002 0)
(5.16598 -0.520498 -3.05153e-20)
(5.16943 -0.51272 0)
(5.17212 -0.503924 0)
(5.17435 -0.494522 0)
(5.17649 -0.484953 0)
(5.17895 -0.475668 0)
(5.18225 -0.467174 2.28431e-19)
(5.1869 -0.459948 2.51006e-19)
(5.19345 -0.45448 0)
(5.20265 -0.451312 -3.69761e-23)
(5.21523 -0.451151 6.20447e-19)
(5.2324 -0.454442 -3.27344e-19)
(5.25507 -0.462392 0)
(5.28585 -0.474361 3.59751e-19)
(5.32505 -0.492581 3.73953e-19)
(5.37819 -0.513076 -1.16082e-18)
(5.44232 -0.540407 3.97911e-19)
(-0.0226738 0.366258 0)
(0.469662 0.369332 -1.7592e-19)
(1.21401 0.382592 0)
(1.98878 0.297169 -2.02576e-19)
(2.65123 0.204255 -4.40967e-19)
(3.1734 0.138833 0)
(3.57868 0.0894147 1.26782e-19)
(3.90061 0.0466901 -2.7522e-19)
(4.16355 0.00629157 0)
(4.37943 -0.0311811 4.66723e-19)
(4.56233 -0.0661157 -3.30235e-19)
(4.71553 -0.0985178 0)
(4.85118 -0.129711 8.9477e-20)
(4.98636 -0.163749 -1.48865e-19)
(5.11931 -0.201089 -1.45532e-19)
(5.23532 -0.237826 1.38532e-19)
(5.33609 -0.273548 2.69463e-19)
(5.42283 -0.308781 0)
(5.49636 -0.342806 0)
(5.55764 -0.374894 -2.29436e-19)
(5.60793 -0.404665 0)
(5.64816 -0.431762 0)
(5.67958 -0.455907 -8.82542e-20)
(5.70304 -0.476828 0)
(5.72 -0.494533 0)
(5.73014 -0.508996 -1.19933e-19)
(5.73455 -0.520041 -1.49706e-19)
(5.73423 -0.527717 0)
(5.73016 -0.532251 3.00249e-20)
(5.72315 -0.533869 -2.06798e-20)
(5.71399 -0.53287 0)
(5.70308 -0.529456 3.73326e-21)
(5.69109 -0.524092 7.01679e-21)
(5.67812 -0.517389 1.5565e-20)
(5.66459 -0.509511 0)
(5.65072 -0.50071 0)
(5.63686 -0.491395 0)
(5.62337 -0.482007 4.55344e-20)
(5.61067 -0.473008 0)
(5.59924 -0.464903 -2.32791e-19)
(5.58954 -0.458169 1.27754e-19)
(5.58208 -0.45331 0)
(5.57758 -0.45089 2.972e-19)
(5.5767 -0.45164 0)
(5.58069 -0.456045 -3.33691e-19)
(5.59043 -0.465379 0)
(5.6083 -0.479051 -5.4882e-19)
(5.63501 -0.499306 -3.79745e-19)
(5.67518 -0.522325 3.92931e-19)
(5.72807 -0.552553 -6.05048e-19)
(0.780722 -0.0135894 0)
(1.48434 0.0133121 1.84439e-19)
(2.64713 0.067201 0)
(3.51827 0.0393796 2.11481e-19)
(4.14973 0.0114905 0)
(4.60961 -0.00485242 0)
(4.9505 -0.0228251 -1.35205e-19)
(5.21104 -0.0446832 0)
(5.41769 -0.0703798 0)
(5.58277 -0.0969231 -1.67621e-19)
(5.71696 -0.123896 0)
(5.82519 -0.150458 0)
(5.91523 -0.176743 -9.8314e-20)
(6.00252 -0.205334 -1.60541e-19)
(6.08516 -0.235859 -1.57759e-19)
(6.15965 -0.266556 -1.53247e-19)
(6.22282 -0.297477 0)
(6.2741 -0.328281 0)
(6.31382 -0.358237 0)
(6.34259 -0.386658 0)
(6.36169 -0.413192 0)
(6.37231 -0.437495 0)
(6.37558 -0.459242 9.78187e-20)
(6.37253 -0.478146 0)
(6.36438 -0.494212 0)
(6.35117 -0.50725 0)
(6.33379 -0.517051 5.51047e-20)
(6.31318 -0.523762 0)
(6.29017 -0.527587 -3.33379e-20)
(6.26539 -0.528711 -2.26511e-20)
(6.23949 -0.527389 0)
(6.21269 -0.523779 0)
(6.18562 -0.518301 -7.793e-21)
(6.15772 -0.511562 1.72378e-20)
(6.12961 -0.503717 0)
(6.10159 -0.495028 0)
(6.07401 -0.485905 0)
(6.0472 -0.47679 -5.05869e-20)
(6.02155 -0.468149 0)
(5.99744 -0.460487 0)
(5.97521 -0.45429 -1.4187e-19)
(5.95541 -0.450085 0)
(5.93865 -0.448454 0)
(5.92558 -0.450156 0)
(5.91746 -0.455716 0)
(5.91508 -0.46643 0)
(5.92054 -0.481838 2.02684e-19)
(5.93504 -0.50412 0)
(5.96234 -0.529794 0)
(6.00372 -0.562879 2.22438e-19)
(9.94215 -0.0147053 -3.11433e-19)
(9.91471 -0.0447752 0)
(9.77614 -0.0785293 -3.5784e-19)
(9.64879 -0.110384 4.06947e-19)
(9.54742 -0.124056 2.33487e-19)
(9.44279 -0.127979 2.63257e-19)
(9.33427 -0.130185 -2.91542e-19)
(9.22863 -0.135042 0)
(9.13036 -0.143406 0)
(9.03922 -0.154976 3.75979e-19)
(8.95339 -0.1693 0)
(8.87262 -0.184905 0)
(8.79542 -0.201718 0)
(8.71405 -0.220334 0)
(8.62456 -0.244578 0)
(8.53507 -0.272427 -3.6739e-19)
(8.44592 -0.300976 0)
(8.35757 -0.328689 0)
(8.2705 -0.355138 0)
(8.18478 -0.380156 -3.17031e-19)
(8.10039 -0.403553 2.98486e-19)
(8.01737 -0.425094 0)
(7.93565 -0.444519 2.55339e-19)
(7.85531 -0.461658 0)
(7.77601 -0.476202 0)
(7.69843 -0.487925 0)
(7.62252 -0.496926 1.5102e-19)
(7.54816 -0.503233 -1.22521e-19)
(7.4754 -0.506988 9.35356e-20)
(7.40419 -0.508301 0)
(7.33462 -0.507409 -3.50224e-20)
(7.26655 -0.504304 0)
(7.20021 -0.499726 2.29551e-20)
(7.13532 -0.494096 -5.1373e-20)
(7.07184 -0.487013 7.93272e-20)
(7.00978 -0.47896 0)
(6.94932 -0.470504 -1.33611e-19)
(6.89063 -0.462145 0)
(6.83394 -0.454357 0)
(6.77931 -0.447657 -4.21004e-19)
(6.72691 -0.442609 0)
(6.67736 -0.439777 0)
(6.63106 -0.439784 0)
(6.58865 -0.443409 0)
(6.55137 -0.451267 0)
(6.51971 -0.464526 0)
(6.49523 -0.483268 0)
(6.48033 -0.509196 -7.9014e-19)
(6.47716 -0.54007 0)
(6.49042 -0.578235 -8.64343e-19)
(10.0388 0.020228 7.16561e-19)
(10.0685 0.0509477 0)
(10.1062 0.0988963 1.23731e-18)
(10.1505 0.131041 -9.18537e-19)
(10.188 0.136607 -5.21458e-19)
(10.2087 0.125439 -1.16457e-18)
(10.2137 0.107456 6.36393e-19)
(10.2081 0.0867303 0)
(10.1959 0.0641622 0)
(10.1787 0.0399155 -4.00964e-19)
(10.1571 0.0146817 4.17342e-19)
(10.1316 -0.0112821 0)
(10.1031 -0.0371211 0)
(10.0654 -0.0677806 3.73416e-19)
(10.0142 -0.101681 0)
(9.9576 -0.135431 7.25563e-19)
(9.89679 -0.169451 6.85059e-19)
(9.83035 -0.203279 0)
(9.75784 -0.236289 -6.19425e-19)
(9.67945 -0.267944 5.92752e-19)
(9.59577 -0.297831 -5.50106e-19)
(9.50739 -0.325545 0)
(9.41489 -0.350747 -4.5687e-19)
(9.31879 -0.373185 0)
(9.21972 -0.392703 3.50071e-19)
(9.11813 -0.409266 0)
(9.01465 -0.422818 -5.03105e-19)
(8.90982 -0.433343 4.01592e-19)
(8.80418 -0.440925 -1.52032e-19)
(8.69839 -0.445717 0)
(8.59276 -0.447946 9.65253e-22)
(8.48801 -0.447866 -8.71815e-21)
(8.38407 -0.445806 -3.47587e-20)
(8.28229 -0.442125 7.63377e-20)
(8.18281 -0.437281 -1.15626e-19)
(8.08571 -0.431711 0)
(7.99105 -0.425841 1.87179e-19)
(7.89904 -0.420055 0)
(7.80965 -0.414911 0)
(7.72319 -0.410894 2.77695e-19)
(7.63968 -0.408461 0)
(7.55928 -0.408208 0)
(7.48215 -0.411018 -3.49155e-19)
(7.4088 -0.417482 0)
(7.33971 -0.428909 0)
(7.2762 -0.446013 0)
(7.21902 -0.4701 0)
(7.17241 -0.501336 8.64414e-19)
(7.13496 -0.540595 0)
(7.1186 -0.586689 8.97048e-19)
(10.0312 0.0189736 -3.31959e-19)
(10.0481 0.0384707 0)
(10.0764 0.0640073 -3.91851e-19)
(10.1158 0.0781827 4.44363e-19)
(10.1569 0.0764021 0)
(10.1907 0.0649876 5.55486e-19)
(10.2152 0.0500173 -3.00478e-19)
(10.2323 0.0337139 0)
(10.2439 0.0161865 3.49818e-19)
(10.2506 -0.00281538 -3.80101e-19)
(10.2526 -0.0229739 -4.04761e-19)
(10.2498 -0.0442112 -4.20496e-19)
(10.2425 -0.0655934 -2.18067e-19)
(10.2303 -0.0907479 -7.81343e-21)
(10.2119 -0.117852 3.53036e-19)
(10.1866 -0.143288 -3.42815e-19)
(10.1544 -0.168755 -6.74454e-19)
(10.1159 -0.194745 0)
(10.0709 -0.220719 3.12482e-19)
(10.0195 -0.246018 0)
(9.9621 -0.270145 -2.61504e-19)
(9.89909 -0.292707 0)
(9.83089 -0.313386 2.17923e-19)
(9.75795 -0.331934 1.94659e-19)
(9.68076 -0.348183 -3.48617e-19)
(9.59982 -0.362056 0)
(9.51561 -0.373454 2.48781e-19)
(9.42869 -0.382347 -1.9882e-19)
(9.33955 -0.388781 7.32021e-20)
(9.24875 -0.392899 9.88977e-20)
(9.1567 -0.394903 5.40931e-20)
(9.06386 -0.395014 8.73725e-21)
(8.97056 -0.393522 3.49982e-20)
(8.87711 -0.390871 0)
(8.78375 -0.387342 -1.14959e-19)
(8.69077 -0.383218 0)
(8.59847 -0.378833 -1.86621e-19)
(8.50706 -0.374569 0)
(8.4168 -0.370914 0)
(8.32784 -0.368296 2.78609e-19)
(8.24058 -0.367403 -3.05132e-19)
(8.15481 -0.368766 0)
(8.07088 -0.37337 -1.30838e-21)
(7.98897 -0.381681 0)
(7.90915 -0.395528 3.96239e-19)
(7.83315 -0.414732 4.15546e-19)
(7.76079 -0.442812 0)
(7.69776 -0.477888 0)
(7.63946 -0.525012 -4.62997e-19)
(7.60512 -0.578578 0)
(10.0332 0.014552 -1.8584e-21)
(10.0481 0.0276329 0)
(10.0719 0.0455086 -1.85114e-19)
(10.1051 0.0572358 -4.11277e-19)
(10.1408 0.0585025 2.30941e-19)
(10.1721 0.0520085 0)
(10.1966 0.0415379 2.81424e-19)
(10.2151 0.0290015 0)
(10.2287 0.0148926 -3.29322e-19)
(10.2378 -0.000646062 0)
(10.2427 -0.0172598 0)
(10.2436 -0.0343566 3.97652e-19)
(10.2411 -0.0515251 2.06896e-19)
(10.2335 -0.0701873 -5.09807e-19)
(10.2192 -0.0930379 -3.38615e-19)
(10.1997 -0.117182 3.29843e-19)
(10.1744 -0.141529 0)
(10.1432 -0.165787 0)
(10.106 -0.189627 2.90495e-19)
(10.0629 -0.212607 2.67921e-19)
(10.0142 -0.234378 2.54656e-19)
(9.96008 -0.254648 0)
(9.901 -0.273183 -4.41813e-21)
(9.83737 -0.289795 -1.90538e-19)
(9.76968 -0.304336 0)
(9.69842 -0.31674 0)
(9.6241 -0.326913 1.17201e-19)
(9.54727 -0.334879 -9.3718e-20)
(9.46845 -0.340653 -7.21428e-20)
(9.38817 -0.344399 -9.75883e-20)
(9.30692 -0.34624 0)
(9.22512 -0.346426 0)
(9.14314 -0.345179 -3.46576e-20)
(9.06127 -0.342892 0)
(8.97971 -0.339782 1.71272e-19)
(8.89858 -0.336158 0)
(8.8181 -0.332334 1.85644e-19)
(8.73824 -0.328699 0)
(8.65914 -0.325748 0)
(8.58056 -0.3239 0)
(8.50255 -0.323864 1.52052e-19)
(8.4248 -0.32595 1.65535e-19)
(8.34739 -0.331404 3.53685e-19)
(8.27 -0.34034 0)
(8.19277 -0.355321 -5.97218e-19)
(8.11612 -0.375389 -4.16535e-19)
(8.03986 -0.406421 2.20623e-19)
(7.96839 -0.443866 -4.59187e-19)
(7.89851 -0.497995 4.64512e-19)
(7.84765 -0.55785 0)
(10.0356 0.00954335 2.92451e-19)
(10.0506 0.0196041 0)
(10.0725 0.03358 1.75712e-19)
(10.102 0.0436385 9.82585e-20)
(10.1336 0.0456742 -2.17946e-19)
(10.162 0.0409426 0)
(10.1848 0.0322671 0)
(10.2025 0.0214299 0)
(10.2156 0.00909181 0)
(10.2245 -0.00447661 0)
(10.2294 -0.0189214 0)
(10.2304 -0.0339071 0)
(10.2281 -0.0491648 0)
(10.2216 -0.0667621 1.59995e-19)
(10.209 -0.0864194 7.81734e-20)
(10.1911 -0.106624 0)
(10.1678 -0.127051 0)
(10.1388 -0.147423 1.41475e-19)
(10.104 -0.167503 0)
(10.0636 -0.186956 -1.31479e-19)
(10.0177 -0.205476 0)
(9.96663 -0.222783 0)
(9.91067 -0.238669 -1.02998e-19)
(9.85023 -0.252958 0)
(9.78578 -0.265509 -7.82452e-20)
(9.71779 -0.276253 6.72663e-20)
(9.64676 -0.285108 -5.83234e-20)
(9.57323 -0.292101 1.36551e-19)
(9.49771 -0.297228 0)
(9.42073 -0.30063 2.26777e-20)
(9.34277 -0.302388 0)
(9.26428 -0.302737 -1.27151e-21)
(9.18563 -0.301836 0)
(9.10716 -0.30001 1.88132e-20)
(9.02908 -0.297448 -2.8149e-20)
(8.95158 -0.294451 -3.72793e-20)
(8.87478 -0.291304 0)
(8.7987 -0.288338 0)
(8.72337 -0.28605 0)
(8.64857 -0.28471 0)
(8.57416 -0.285134 7.56102e-20)
(8.49973 -0.287414 -1.64501e-19)
(8.42516 -0.293083 0)
(8.34965 -0.30181 0)
(8.27347 -0.317016 9.8853e-20)
(8.19563 -0.336629 0)
(8.11712 -0.368982 -3.31955e-19)
(8.03923 -0.406689 4.58664e-19)
(7.96299 -0.466609 -2.42884e-19)
(7.89975 -0.53073 0)
(10.0378 0.00440727 0)
(10.0533 0.0123533 0)
(10.074 0.0231484 0)
(10.1005 0.0311453 -9.81188e-20)
(10.1291 0.0329446 0)
(10.1551 0.0292269 0)
(10.1767 0.0220948 0)
(10.1936 0.0130178 0)
(10.2061 0.00259531 0)
(10.2146 -0.0088293 0)
(10.2192 -0.0209665 0)
(10.2202 -0.0335673 0)
(10.2179 -0.0461853 0)
(10.2116 -0.06083 0)
(10.1997 -0.0773499 -7.69144e-20)
(10.1826 -0.0942415 0)
(10.1601 -0.11136 0)
(10.132 -0.128463 -1.39375e-19)
(10.0983 -0.145338 0)
(10.0591 -0.16172 -1.25191e-19)
(10.0145 -0.177343 0)
(9.9648 -0.191966 0)
(9.91024 -0.205411 -9.82386e-20)
(9.85121 -0.217524 0)
(9.78815 -0.228196 7.75705e-20)
(9.72152 -0.237348 -6.67508e-20)
(9.6518 -0.244933 -5.573e-20)
(9.5795 -0.250953 -4.46391e-20)
(9.50512 -0.255421 0)
(9.42918 -0.25843 -2.25801e-20)
(9.35215 -0.260067 0)
(9.27449 -0.260509 1.2678e-21)
(9.19654 -0.259904 0)
(9.11868 -0.258492 -1.87803e-20)
(9.0411 -0.256475 -2.82212e-20)
(8.964 -0.254081 3.72506e-20)
(8.88751 -0.251605 0)
(8.81162 -0.249259 0)
(8.73635 -0.247587 0)
(8.6614 -0.246646 0)
(8.58669 -0.247442 7.60276e-20)
(8.51155 -0.249705 0)
(8.43599 -0.255362 0)
(8.35852 -0.263436 0)
(8.28005 -0.278307 1.00942e-19)
(8.1975 -0.296423 0)
(8.11435 -0.329145 1.12162e-19)
(8.02658 -0.365246 0)
(7.94255 -0.430938 2.43878e-19)
(7.86344 -0.497331 0)
(10.0402 -0.00144777 0)
(10.0559 0.00439172 0)
(10.0754 0.0122956 0)
(10.0993 0.0181304 0)
(10.1249 0.019431 0)
(10.1488 0.0166004 0)
(10.169 0.0110889 0)
(10.185 0.00395308 0)
(10.1968 -0.00426408 0)
(10.2047 -0.013305 0)
(10.2089 -0.0229317 0)
(10.2096 -0.0329203 0)
(10.2071 -0.0429112 0)
(10.2008 -0.0544385 0)
(10.189 -0.0676434 0)
(10.1722 -0.0811731 0)
(10.15 -0.094884 0)
(10.1223 -0.108589 0)
(10.0891 -0.122126 0)
(10.0504 -0.135294 0)
(10.0063 -0.147874 0)
(9.95716 -0.159674 0)
(9.90316 -0.170546 0)
(9.84465 -0.180365 0)
(9.78208 -0.189049 0)
(9.71585 -0.196511 0)
(9.64645 -0.202744 0)
(9.57436 -0.207705 0)
(9.50005 -0.211456 0)
(9.42405 -0.214012 0)
(9.34677 -0.215499 0)
(9.26868 -0.215992 0)
(9.19011 -0.215675 0)
(9.1114 -0.214667 0)
(9.03275 -0.213208 0)
(8.95434 -0.21141 0)
(8.8763 -0.2096 0)
(8.79851 -0.207844 0)
(8.7211 -0.20676 0)
(8.6435 -0.20613 0)
(8.5659 -0.207243 0)
(8.48704 -0.20926 0)
(8.4075 -0.21474 0)
(8.32446 -0.221669 0)
(8.24036 -0.235723 0)
(8.14834 -0.251278 0)
(8.05678 -0.283523 0)
(7.95143 -0.315518 0)
(7.85486 -0.38731 0)
(7.74586 -0.452442 0)
(10.0427 -0.00780023 0)
(10.0579 -0.00380676 0)
(10.0757 0.00152901 0)
(10.0966 0.00539362 0)
(10.1189 0.00615592 0)
(10.1401 0.00407884 0)
(10.1583 0.000126664 0)
(10.1727 -0.00502086 0)
(10.1832 -0.0109447 0)
(10.1898 -0.0175326 1.57091e-19)
(10.1928 -0.0245943 0)
(10.1925 -0.0319525 0)
(10.1892 -0.0393669 0)
(10.182 -0.0478584 0)
(10.1694 -0.0575861 0)
(10.1518 -0.0676149 0)
(10.1288 -0.0778176 0)
(10.1004 -0.0880464 1.40185e-19)
(10.0665 -0.0981807 0)
(10.0271 -0.108078 1.27649e-19)
(9.98246 -0.117564 0)
(9.93268 -0.126519 0)
(9.87807 -0.134819 0)
(9.81891 -0.142372 0)
(9.75562 -0.149112 0)
(9.68855 -0.154954 7.18969e-20)
(9.61818 -0.159901 0)
(9.54493 -0.163888 -9.8364e-20)
(9.46926 -0.166991 0)
(9.39161 -0.169172 -5.1122e-20)
(9.3124 -0.17057 0)
(9.23203 -0.171175 0)
(9.15079 -0.17119 2.03005e-20)
(9.069 -0.170635 0)
(8.98685 -0.169753 6.68406e-20)
(8.90443 -0.168582 0)
(8.82196 -0.167423 0)
(8.73908 -0.166268 0)
(8.65622 -0.165728 0)
(8.57228 -0.165406 0)
(8.48808 -0.166762 0)
(8.40129 -0.168474 0)
(8.31376 -0.173646 0)
(8.22041 -0.179286 0)
(8.12657 -0.192121 0)
(8.01952 -0.204778 -3.03289e-19)
(7.91569 -0.235341 0)
(7.78515 -0.261757 0)
(7.67219 -0.337259 0)
(7.51983 -0.397902 0)
(10.0403 -0.0145137 -3.07333e-19)
(10.05 -0.0110204 0)
(10.0626 -0.00737441 0)
(10.0777 -0.00497026 0)
(10.0944 -0.00454868 0)
(10.1104 -0.00584838 0)
(10.124 -0.00826663 2.54082e-19)
(10.1342 -0.011343 0)
(10.1407 -0.0149523 0)
(10.1436 -0.0189873 -1.56489e-19)
(10.1431 -0.0233424 0)
(10.1394 -0.0278967 1.74536e-19)
(10.1329 -0.0325166 0)
(10.1223 -0.0378723 -1.47898e-19)
(10.106 -0.0439645 -1.46225e-19)
(10.0842 -0.0502425 0)
(10.0571 -0.056818 0)
(10.025 -0.063706 -2.64213e-19)
(9.9877 -0.0706851 0)
(9.94532 -0.0775553 -5.19791e-22)
(9.89785 -0.0841724 0)
(9.84534 -0.0904682 0)
(9.78794 -0.0963511 1.86566e-19)
(9.72584 -0.101769 0)
(9.65934 -0.106652 -1.4813e-19)
(9.58872 -0.110955 6.37972e-20)
(9.51433 -0.114654 0)
(9.43652 -0.117704 1.72752e-19)
(9.35568 -0.120133 0)
(9.27219 -0.121915 4.42365e-20)
(9.18646 -0.123128 -2.35969e-20)
(9.09882 -0.123766 0)
(9.00962 -0.123958 -1.71628e-20)
(8.91914 -0.123723 3.63212e-20)
(8.82768 -0.123223 -1.1084e-19)
(8.73525 -0.122515 -7.35141e-20)
(8.6423 -0.121781 0)
(8.54827 -0.121086 0)
(8.45393 -0.12083 0)
(8.35777 -0.12073 -1.40414e-19)
(8.26129 -0.122062 -1.55783e-19)
(8.16098 -0.123358 0)
(8.06047 -0.127991 0)
(7.95127 -0.13204 0)
(7.84364 -0.143286 -2.15119e-19)
(7.71541 -0.15206 4.59646e-19)
(7.59663 -0.179451 0)
(7.43064 -0.195569 0)
(7.30038 -0.271951 0)
(7.07315 -0.309356 0)
(9.85331 -0.0191151 3.17909e-19)
(9.82648 -0.0180837 0)
(9.80464 -0.0169308 0)
(9.78698 -0.0162178 0)
(9.77247 -0.0161739 0)
(9.75922 -0.0166954 0)
(9.74544 -0.017569 -2.47195e-19)
(9.72975 -0.018635 0)
(9.712 -0.0198625 0)
(9.6917 -0.0212225 0)
(9.66973 -0.0226782 0)
(9.64518 -0.0241987 -1.64814e-19)
(9.61991 -0.0257089 0)
(9.58746 -0.0274921 1.37715e-19)
(9.54752 -0.0295595 1.35141e-19)
(9.5021 -0.0316799 0)
(9.45058 -0.0339973 0)
(9.39244 -0.0366233 1.19359e-19)
(9.32755 -0.039393 0)
(9.256 -0.0421715 -1.05739e-19)
(9.17773 -0.044877 0)
(9.093 -0.0474765 0)
(9.00199 -0.0499335 -1.63322e-19)
(8.9052 -0.0522037 0)
(8.80298 -0.0542806 1.27935e-19)
(8.69593 -0.0560887 -1.09728e-19)
(8.5846 -0.0576378 0)
(8.46958 -0.0589226 -7.30667e-20)
(8.35151 -0.0599142 0)
(8.23098 -0.0606342 0)
(8.10866 -0.0610254 1.95684e-20)
(7.98508 -0.0611379 0)
(7.86085 -0.0610035 0)
(7.73627 -0.0606427 -2.95072e-20)
(7.61192 -0.0600989 4.45572e-20)
(7.48779 -0.0594774 5.89013e-20)
(7.36418 -0.0587323 0)
(7.24107 -0.0580766 0)
(7.11789 -0.0575811 0)
(6.99496 -0.0570235 1.09381e-19)
(6.87058 -0.0576654 1.2049e-19)
(6.74415 -0.0572785 0)
(6.61579 -0.0603012 0)
(6.47678 -0.0607189 0)
(6.33983 -0.0677195 1.61655e-19)
(6.17005 -0.0701604 -1.71936e-19)
(6.01459 -0.0873983 0)
(5.7731 -0.0898114 0)
(5.58812 -0.143605 0)
(5.16144 -0.143793 0)
(0.88057 -0.0861387 0)
(1.25237 -0.0657911 7.97012e-20)
(1.63619 -0.036643 0)
(2.13489 -0.00196261 5.16105e-18)
(2.54912 0.0389897 1.00373e-17)
(3.23643 0.0858307 4.64224e-18)
(3.62962 0.162309 0)
(4.54544 0.229496 3.36853e-18)
(4.73956 0.308472 -4.69444e-18)
(6.07398 0.357194 -2.01634e-18)
(1.96851 -0.208066 0)
(2.30075 -0.196723 7.37557e-18)
(2.65564 -0.177727 -3.61188e-18)
(3.08923 -0.14659 -1.08321e-17)
(3.50118 -0.100051 -2.02357e-19)
(4.08968 -0.0541784 -1.28823e-17)
(4.50753 0.0370957 0)
(5.28927 0.105909 -4.74899e-18)
(5.55013 0.209279 0)
(6.70688 0.213534 2.84127e-18)
(2.66331 -0.305213 0)
(2.96704 -0.303114 0)
(3.29317 -0.29411 4.98e-18)
(3.68952 -0.272039 4.89074e-18)
(4.07314 -0.235149 -4.72992e-18)
(4.60948 -0.194777 4.41343e-18)
(5.00581 -0.103373 0)
(5.7217 -0.0280038 0)
(5.97958 0.0755401 -3.81232e-18)
(7.03728 0.0780387 -1.72332e-18)
(3.174 -0.369926 0)
(3.45524 -0.374578 0)
(3.75782 -0.372773 6.47816e-18)
(4.12627 -0.354001 0)
(4.48482 -0.323314 -6.04001e-18)
(4.98731 -0.283265 5.60911e-18)
(5.36073 -0.194766 0)
(6.03583 -0.110248 -3.8767e-18)
(6.27616 -0.0130754 9.7129e-18)
(7.27203 -0.00219778 2.21127e-18)
(3.54582 -0.411366 0)
(3.80903 -0.420706 0)
(4.09327 -0.423474 -2.08552e-20)
(4.4435 -0.406709 0)
(4.7873 -0.381045 0)
(5.26452 -0.339599 0)
(5.62326 -0.254929 -5.79285e-18)
(6.26321 -0.161396 4.61071e-18)
(6.48548 -0.071497 -5.67574e-18)
(7.44096 -0.0519913 0)
(3.81037 -0.438024 0)
(4.05966 -0.450641 0)
(4.33415 -0.456868 -8.75062e-18)
(4.67398 -0.441382 0)
(5.00874 -0.419389 0)
(5.46703 -0.376495 0)
(5.81636 -0.294895 1.26775e-17)
(6.42389 -0.193812 4.81916e-18)
(6.6349 -0.11055 -2.9506e-18)
(7.561 -0.0839911 0)
(3.99547 -0.455456 0)
(4.23685 -0.470562 0)
(4.50672 -0.479336 0)
(4.83959 -0.46469 0)
(5.16693 -0.444953 9.05377e-18)
(5.61181 -0.401004 -8.28852e-18)
(5.95378 -0.321266 -7.06265e-18)
(6.53702 -0.214902 -1.78119e-20)
(6.74181 -0.136831 6.43306e-18)
(7.64495 -0.105121 0)
(4.19309 -0.473189 0)
(4.42785 -0.491126 0)
(4.69251 -0.502513 4.33077e-18)
(5.01719 -0.48862 0)
(5.33538 -0.47103 -7.99974e-18)
(5.76609 -0.426032 7.36963e-18)
(6.09952 -0.347946 0)
(6.65818 -0.236322 -9.58306e-18)
(6.85674 -0.163591 -1.32695e-20)
(7.73356 -0.126796 0)
(4.44798 -0.494436 -4.63886e-18)
(4.67356 -0.515812 0)
(4.92907 -0.530283 -9.25144e-18)
(5.2411 -0.517146 0)
(5.54564 -0.501909 4.23948e-18)
(5.9588 -0.455852 -3.91357e-18)
(6.28069 -0.379285 3.33903e-18)
(6.81219 -0.261574 5.20093e-18)
(7.00329 -0.194971 -3.20713e-18)
(7.84371 -0.15258 1.34381e-18)
(4.71549 -0.515102 2.37541e-18)
(4.9287 -0.539872 0)
(5.17198 -0.557372 4.7199e-18)
(5.46884 -0.544908 0)
(5.75806 -0.531944 -4.32951e-18)
(6.15362 -0.48505 7.99839e-18)
(6.46372 -0.409706 -6.84036e-18)
(6.97064 -0.286036 0)
(7.15459 -0.225225 -1.64267e-18)
(7.95577 -0.177466 -1.3788e-18)
(4.99117 -0.534836 2.42515e-18)
(5.1888 -0.563051 0)
(5.41737 -0.583586 2.39734e-18)
(5.69716 -0.571782 0)
(5.9703 -0.561131 -4.38669e-18)
(6.34847 -0.513661 -8.15304e-18)
(6.64728 -0.43936 3.50773e-18)
(7.13164 -0.309859 -2.7271e-18)
(7.30847 -0.254406 3.38294e-18)
(8.06988 -0.201617 0)
(5.26953 -0.553351 -2.46953e-18)
(5.44933 -0.585144 0)
(5.66156 -0.608787 -2.43888e-18)
(5.92325 -0.597708 0)
(6.18024 -0.589488 4.47958e-18)
(6.5415 -0.541757 4.16602e-18)
(6.82988 -0.468386 1.78138e-18)
(7.29302 -0.333194 5.6048e-18)
(7.46211 -0.282589 -1.7347e-18)
(8.18397 -0.225084 0)
(5.54548 -0.570487 2.50533e-18)
(5.70623 -0.606025 0)
(5.90139 -0.632906 1.23589e-18)
(6.14475 -0.622679 0)
(6.38599 -0.617078 0)
(6.73095 -0.569408 0)
(7.00938 -0.49691 -1.82899e-18)
(7.45181 -0.356084 -4.28676e-18)
(7.61151 -0.309865 8.74126e-19)
(8.29388 -0.247685 0)
(5.81474 -0.586189 0)
(5.95608 -0.625675 0)
(6.13423 -0.655968 -1.25516e-18)
(6.35967 -0.646753 0)
(6.58558 -0.643995 0)
(6.91453 -0.596667 1.07106e-18)
(7.18255 -0.524933 9.21076e-19)
(7.60389 -0.378432 2.16589e-18)
(7.75165 -0.336183 -4.45233e-19)
(8.396 -0.269256 1.82399e-19)
(6.07398 -0.600453 0)
(6.19623 -0.644169 0)
(6.35795 -0.678015 0)
(6.56609 -0.669994 0)
(6.77649 -0.670196 0)
(7.08923 -0.623643 -1.18783e-18)
(7.34551 -0.552156 -1.02008e-18)
(7.74501 -0.400182 -7.96182e-19)
(7.87828 -0.361055 -4.87033e-19)
(8.49013 -0.290364 -2.07275e-19)
(6.52823 -0.62364 0)
(6.61608 -0.675863 -1.38077e-18)
(6.74822 -0.716228 0)
(6.9248 -0.71085 0)
(7.10463 -0.716247 0)
(7.38688 -0.672999 -1.12373e-18)
(7.61871 -0.599591 0)
(7.97817 -0.43942 0)
(8.0835 -0.402585 0)
(8.6489 -0.330496 0)
(7.11406 -0.644689 2.86219e-18)
(7.15466 -0.711492 1.41389e-18)
(7.24128 -0.760891 2.77003e-18)
(7.3693 -0.760467 0)
(7.4975 -0.773066 2.47394e-18)
(7.73034 -0.738951 -1.1069e-18)
(7.9181 -0.658297 0)
(8.22721 -0.493641 0)
(8.30048 -0.453614 0)
(8.81704 -0.389835 0)
(7.56742 -0.650703 -2.89424e-18)
(7.56845 -0.734928 0)
(7.61361 -0.792819 -2.79737e-18)
(7.69629 -0.796884 0)
(7.77445 -0.81874 -7.44462e-18)
(7.96065 -0.794535 6.72504e-18)
(8.11293 -0.706697 0)
(8.38419 -0.540295 -2.97096e-18)
(8.43635 -0.499919 -1.943e-18)
(8.91161 -0.445406 0)
(7.79229 -0.644838 0)
(7.77535 -0.747253 0)
(7.80332 -0.811682 -5.68019e-18)
(7.86025 -0.819575 0)
(7.909 -0.853214 9.92436e-18)
(8.06961 -0.841119 -8.90668e-18)
(8.20791 -0.747605 0)
(8.44873 -0.579827 2.9964e-18)
(8.48691 -0.539789 1.96225e-18)
(8.92702 -0.495173 0)
(7.83783 -0.633904 0)
(7.82237 -0.75411 -6.12782e-18)
(7.85273 -0.821931 5.69761e-18)
(7.90023 -0.833138 0)
(7.93432 -0.879299 -9.93164e-18)
(8.08249 -0.880116 4.44979e-18)
(8.21689 -0.781629 0)
(8.42723 -0.612941 0)
(8.45654 -0.573035 3.85914e-18)
(8.85447 -0.538097 0)
(7.79396 -0.621538 0)
(7.78655 -0.758821 6.16174e-18)
(7.82225 -0.825161 0)
(7.8619 -0.840704 0)
(7.87958 -0.901224 -4.99678e-18)
(8.01205 -0.911142 8.78177e-18)
(8.13331 -0.80524 0)
(8.30431 -0.639316 -5.6288e-18)
(8.324 -0.597993 -7.76252e-18)
(8.6564 -0.569715 0)
(7.66374 -0.60713 0)
(7.66715 -0.759768 0)
(7.69976 -0.816014 0)
(7.72643 -0.835524 0)
(7.71687 -0.915772 1.00552e-17)
(7.81303 -0.929154 -8.84141e-18)
(7.88555 -0.801093 6.97518e-18)
(8.01265 -0.648129 5.66641e-18)
(8.0062 -0.605787 3.8881e-18)
(8.26132 -0.580276 3.23685e-18)
(7.41903 -0.586193 0)
(7.43251 -0.749501 0)
(7.44936 -0.792687 -1.73599e-17)
(7.46526 -0.813437 0)
(7.42078 -0.905294 -1.48196e-17)
(7.44386 -0.922571 -1.27713e-17)
(7.42527 -0.771338 -1.02212e-17)
(7.52311 -0.608034 0)
(7.45719 -0.565965 0)
(7.7177 -0.561748 -4.7021e-18)
(6.95963 -0.570948 0)
(6.98142 -0.733565 0)
(6.98528 -0.761386 1.25509e-17)
(7.00487 -0.780488 0)
(6.87893 -0.854353 1.07482e-17)
(6.74658 -0.866141 1.8504e-17)
(6.61039 -0.741483 7.19699e-18)
(6.73623 -0.600908 -1.1484e-17)
(6.65384 -0.541885 8.16748e-18)
(7.04935 -0.549578 0)
(4.9978 -0.376546 0)
(5.10613 -0.484112 -1.04265e-17)
(5.18519 -0.502514 0)
(5.2002 -0.565932 0)
(4.78133 -0.594284 -7.82372e-18)
(4.31511 -0.491303 -6.66228e-18)
(3.95568 -0.341513 -5.18008e-18)
(4.2726 -0.301531 8.27122e-18)
(4.4088 -0.299738 6.38178e-20)
(5.43291 -0.416287 0)
)
;

boundaryField
{
    inlet
    {
        type            fixedValue;
        value           uniform (10 0 0);
    }
    outlet
    {
        type            zeroGradient;
    }
    upperWall
    {
        type            noSlip;
    }
    lowerWall
    {
        type            noSlip;
    }
    frontAndBack
    {
        type            empty;
    }
}


// ************************************************************************* //
