/*--------------------------------*- C++ -*----------------------------------*\
| =========                 |                                                 |
| \\      /  F ield         | OpenFOAM: The Open Source CFD Toolbox           |
|  \\    /   O peration     | Version:  2112                                  |
|   \\  /    A nd           | Website:  www.openfoam.com                      |
|    \\/     M anipulation  |                                                 |
\*---------------------------------------------------------------------------*/
FoamFile
{
    version     2.0;
    format      ascii;
    arch        "LSB;label=32;scalar=64";
    class       volScalarField;
    location    "0.21";
    object      omega;
}
// * * * * * * * * * * * * * * * * * * * * * * * * * * * * * * * * * * * * * //

dimensions      [0 0 -1 0 0 0 0];

internalField   nonuniform List<scalar> 
1580
(
1082.35
1084.56
1089.96
1093.97
1104.29
1111.51
1130.91
1143.61
49.29
67.6065
87.3968
107.865
130.73
151.76
182.092
195.747
39.962
41.4928
44.3262
48.7148
55.341
63.1698
75.0883
85.9955
39.6343
39.7602
40.1267
40.9575
42.676
45.3862
49.9493
56.3853
39.6128
39.6201
39.6576
39.7868
40.1709
41.1174
43.0151
46.9722
39.6116
39.6145
39.6362
39.7224
39.9893
40.7679
42.3587
45.9883
39.6256
39.703
39.9334
40.5165
41.679
43.9818
47.5082
53.5235
39.938
41.3656
44.0389
48.4634
54.8643
64.2266
75.5477
91.6663
53.8037
80.5525
109.277
140.46
173.303
211.866
250.397
303.734
2209.83
2224.76
2244.25
2272.1
2308.22
2359.46
2424.87
2515.67
343.549
524.34
699.4
845.38
964.428
1064.42
1150.79
1226.48
1293.26
1352.2
1404.09
1449.63
1489.45
1529.35
1569.41
1605.34
1637.44
1666.04
1692.17
1715.1
1734.03
1749.26
1760.72
1768.09
1771.23
1771.44
1769.74
1764.95
1756.63
1745.97
1732.68
1717.39
1700.23
1681.53
1661.48
1640.31
1618.24
1595.49
1572.26
1548.73
1525.06
1501.39
1477.94
1455.14
1434.23
1417.58
1403.57
1390.11
1379.83
1350.15
373.368
492.708
643.081
743.166
807.183
849.215
878.131
898.175
912.697
923.883
933.155
941.258
948.511
955.953
963.618
971.134
978.974
988.151
1000.63
1014.36
1025.65
1035.17
1042.71
1047.84
1050.62
1051.81
1051.65
1049.33
1045.27
1039.63
1032.52
1024.11
1014.55
1003.97
992.505
980.155
967.131
953.647
939.825
925.768
911.563
897.281
883.018
868.868
855
841.766
829.196
817.389
806.575
796.3
386.931
451.715
570.412
641.515
684.262
712.735
733.525
750.878
768.468
787.445
807.251
827.115
846.441
867.323
890.021
912.273
934.049
955.697
977.043
996.532
1013.21
1027.18
1038.43
1046.91
1052.8
1056.08
1057.12
1055.9
1052.27
1046.48
1038.8
1029.43
1018.58
1006.43
993.182
979.074
964.317
949.055
933.418
917.526
901.471
885.347
869.272
853.339
837.636
822.318
807.575
793.348
780.352
767.368
385.621
422.428
524.328
583.313
618.386
643.621
666.308
691.182
721.255
755.511
790.133
822.929
852.504
883.826
918.262
952.109
984.71
1015.37
1043.42
1068.33
1089.59
1107.14
1121.12
1131.53
1138.54
1142.24
1142.96
1141.01
1135.97
1128.27
1118.37
1106.48
1092.84
1077.73
1061.39
1044.14
1026.19
1007.73
988.901
969.846
950.669
931.513
912.507
893.75
875.284
857.29
839.883
823.016
807.441
791.494
382.181
402.196
494.911
547.304
578.823
603.971
632.789
670.962
719.046
766.927
813.992
857.361
896.268
936.721
980.2
1021.69
1060.31
1095.47
1126.79
1153.91
1176.61
1194.88
1208.95
1218.82
1224.74
1226.88
1225.79
1221.52
1213.8
1203.37
1190.59
1175.73
1159.08
1140.93
1121.58
1101.45
1080.68
1059.43
1037.86
1016.14
994.377
972.79
951.442
930.441
909.8
889.764
870.287
851.488
833.878
816.002
377.151
388.489
475.501
524.183
554.601
582.732
622.013
675.301
739.333
803.631
863.82
915.716
959.68
1003.52
1050.5
1094.9
1135.98
1172.69
1204.6
1231.52
1253.46
1270.37
1282.67
1290.39
1293.93
1293.6
1289.98
1282.7
1272.25
1259.12
1243.68
1226.25
1207.1
1186.54
1164.89
1142.51
1119.53
1096.15
1072.52
1048.81
1025.18
1001.88
978.866
956.278
934.121
912.668
891.719
871.595
852.528
833.427
372.553
379.49
462.098
509.06
540.548
574.375
625.501
693.497
776.679
854.419
921.866
976.895
1021.66
1065.9
1114.3
1159.63
1200.97
1237.17
1267.87
1293.08
1313.01
1327.5
1337.21
1342.24
1343.13
1340.37
1333.99
1324.22
1311.48
1296.18
1278.72
1259.41
1238.53
1216.35
1193.2
1169.34
1144.96
1120.23
1095.32
1070.39
1045.58
1021.12
996.949
973.283
950.122
927.717
905.764
884.761
864.702
844.822
367.442
373.586
452.556
498.893
533.168
574.438
637.761
722.488
821.741
908.023
979.625
1035.74
1080.66
1124.84
1174.01
1219.46
1259.91
1294.57
1323.21
1346.1
1363.58
1375.42
1382.53
1384.96
1383.52
1378.37
1369.62
1357.77
1343.12
1326.06
1307.01
1286.26
1264.1
1240.77
1216.59
1191.77
1166.5
1140.96
1115.27
1089.6
1064.04
1038.75
1013.73
989.233
965.223
941.991
919.14
897.385
876.433
855.899
364.044
369.592
445.279
491.894
530.702
579.748
658.45
758.566
868.504
960.583
1035.54
1093.76
1140.32
1185.02
1234.09
1278.64
1317.26
1349.56
1375.47
1395.51
1410.16
1419.1
1423.47
1423.3
1419.48
1411.79
1400.82
1386.96
1370.47
1351.72
1331.2
1309.15
1285.85
1261.55
1236.56
1211.07
1185.26
1159.26
1133.19
1107.17
1081.3
1055.63
1030.19
1005.21
980.54
956.607
932.955
910.467
888.568
867.406
363.275
359.41
425.504
477.009
533.513
608.329
724.035
856.515
980.686
1079.79
1157.97
1217.85
1264.83
1307.96
1351.86
1389.41
1420.04
1444.1
1461.81
1474.09
1481.55
1483.6
1481.82
1476.24
1466.9
1454.5
1439.23
1421.59
1401.65
1379.86
1356.49
1331.96
1306.57
1280.55
1254.16
1227.57
1200.88
1174.19
1147.57
1121.12
1094.88
1068.9
1043.16
1017.83
992.71
968.23
943.936
920.676
897.843
875.808
353.936
344.915
415.579
505.6
631.589
808.509
996.764
1166.28
1284.56
1365.76
1420.91
1457.17
1484.1
1511.56
1533.87
1549.7
1560.29
1566.49
1568.23
1566.72
1562.11
1553.49
1542.03
1527.94
1511.37
1492.55
1471.48
1448.47
1423.89
1398.21
1371.69
1344.6
1317.17
1289.67
1262.19
1234.78
1207.49
1180.38
1153.49
1126.86
1100.53
1074.53
1048.8
1023.45
998.282
973.653
949.129
925.445
902.115
879.397
343.684
356.054
494.798
755.558
1063.22
1355.23
1542.6
1637.03
1676.08
1694.32
1699.51
1701.11
1701.17
1699.93
1695.16
1687.51
1677.63
1666.03
1652.69
1637.81
1621.44
1603.02
1582.81
1561.13
1537.86
1512.85
1486.5
1459.1
1431.36
1403.16
1374.67
1346.05
1317.48
1289.04
1260.84
1232.94
1205.37
1178.15
1151.3
1124.82
1098.71
1072.99
1047.57
1022.53
997.654
973.226
948.844
925.067
901.583
878.427
334.235
522.073
1020.6
1602.89
1959.95
2093.43
2108.39
2089.09
2046.94
2000.93
1958.49
1923.44
1892.95
1862.47
1831.71
1802.15
1773.26
1745.34
1718.07
1691.03
1663.95
1636.3
1608.04
1579.24
1549.6
1519.51
1489.37
1459
1428.52
1398.13
1367.97
1338.16
1308.77
1279.82
1251.32
1223.32
1195.8
1168.78
1142.23
1116.15
1090.48
1065.22
1040.28
1015.7
991.269
967.198
943.132
919.453
896.002
872.62
349.816
1338.49
2314.09
2629.45
2644.32
2600.72
2509.33
2416.26
2328.77
2248.08
2176.16
2112.86
2057.23
2002.3
1948.1
1898.04
1852.28
1809.96
1770.08
1731.83
1694.77
1658.32
1622.38
1586.88
1552.05
1517.84
1484.09
1450.86
1418.17
1386.12
1354.74
1324.08
1294.15
1264.9
1236.32
1208.39
1181.1
1154.42
1128.3
1102.7
1077.56
1052.84
1028.44
1004.38
980.449
956.778
933.087
909.567
886.213
862.677
577.384
2858.63
3224.12
3162.83
3017.09
2872.67
2735.86
2611.96
2500.93
2401.59
2313.65
2235.98
2167.61
2098.37
2030.18
1967.58
1910.36
1857.32
1807.47
1760.03
1714.58
1670.56
1628.77
1588.55
1549.55
1511.67
1474.94
1439.31
1404.74
1371.22
1338.72
1307.24
1276.7
1247.1
1218.38
1190.49
1163.37
1136.95
1111.18
1085.99
1061.31
1037.09
1013.2
989.619
966.177
942.888
919.57
896.203
872.97
849.312
1524.53
1856.06
2094.44
2253.51
2342.87
2377.27
2375.81
2355.43
2321.01
2279.94
2236.36
2192.32
2149.5
2102.2
2049.47
1994.91
1939.24
1883.42
1828.23
1774.15
1721.55
1670.83
1621.9
1574.86
1529.78
1486.62
1445.38
1406
1368.38
1332.48
1298.11
1265.27
1233.72
1203.53
1174.65
1146.9
1120.15
1094.34
1069.33
1045.12
1021.57
998.572
975.987
953.684
931.541
909.338
887.141
864.419
841.917
818.574
259.432
332.184
427.142
512.057
600.195
693.4
780.853
858.817
925.216
980.129
1024.3
1059.13
1085.85
1108.93
1126.5
1139.87
1150.63
1157.04
1161.57
1161.38
1159.75
1156.21
1149.76
1141.35
1131.23
1119.85
1107.31
1093.91
1079.86
1065.31
1050.42
1035.25
1019.96
1004.5
988.839
973.178
957.498
941.921
926.367
910.977
895.699
880.355
864.991
849.247
833.43
816.596
799.782
781.017
762.913
741.935
99.4572
123.698
142.947
178.507
213.748
249.211
284.065
317.833
349.687
379.311
405.534
428.186
448.007
467.81
487.974
506.066
522.813
537.856
551.509
563.438
573.97
583.4
591.66
598.943
605.298
610.889
615.853
620.258
624.319
628.018
631.625
635.13
638.686
642.262
645.766
649.13
652.261
655.107
657.482
659.349
660.184
659.861
658.833
656.518
653.367
647.507
641.724
631.434
622.868
605.527
62.1744
71.5778
78.207
90.5968
103.455
116.185
128.552
140.419
151.678
162.213
172.725
183.368
193.535
204.486
216.086
227.19
237.701
247.573
256.767
265.287
273.12
280.362
287.036
293.25
299.048
304.54
309.783
314.887
319.896
324.933
329.995
335.25
340.632
346.333
352.216
358.429
364.803
371.416
378.124
384.822
391.51
398.1
404.353
409.985
414.86
418.383
420.645
420.311
418.33
409.042
50.9508
56.2471
60.6826
66.0808
71.9259
77.8695
83.7288
89.3882
94.8007
99.9094
104.941
110.028
114.948
120.376
126.387
132.365
138.233
143.965
149.509
154.878
160.036
165.034
169.839
174.536
179.077
183.582
187.966
192.395
196.724
201.181
205.534
210.097
214.53
219.253
223.793
228.704
233.349
238.445
243.162
248.405
253.13
258.465
263.188
268.602
273.239
278.507
282.596
287.046
290.157
293.256
50.1551
54.6915
58.9588
63.2624
67.6216
71.9488
76.1911
80.2868
84.2214
87.9661
91.5415
94.9736
98.2784
101.936
106.076
110.324
114.661
119.084
123.569
128.129
132.733
137.413
142.123
146.923
151.736
156.66
161.574
166.627
171.629
176.807
181.872
187.159
192.245
197.62
202.675
208.116
213.085
218.578
223.404
228.955
233.597
239.246
243.697
249.567
253.883
260.217
264.569
271.844
276.801
288.777
60.0007
66.0232
71.7485
77.1836
82.414
87.42
92.2489
96.8565
101.293
105.538
109.618
113.514
117.264
121.39
126.092
130.955
136.011
141.255
146.709
152.376
158.269
164.396
170.75
177.347
184.156
191.206
198.428
205.877
213.428
221.185
228.946
236.899
244.73
252.76
260.521
268.537
276.108
284.066
291.362
299.286
306.28
314.307
321.072
329.545
336.341
346.057
353.614
366.504
376.996
408.984
105.792
118.293
130.273
141.494
152.159
162.128
171.617
180.509
188.997
196.943
204.558
211.69
218.57
225.961
234.452
243.201
252.366
261.785
271.669
281.851
292.535
303.496
314.932
326.571
338.607
350.721
363.112
375.384
387.82
399.958
412.168
423.911
435.678
446.865
458.125
468.735
479.511
489.577
499.903
509.512
519.494
528.913
538.845
548.73
559.252
571.216
583.684
602.029
619.736
682.484
336.949
372.149
409.041
443.706
476.363
505.77
533.112
557.668
580.543
601.202
620.521
638.113
654.589
672.009
691.072
709.785
728.17
746.621
766.308
785.818
806.073
825.556
845.336
863.86
882.208
898.939
914.995
928.957
942.36
953.618
964.593
973.388
982.309
989.276
997.13
1003.03
1010.5
1015.58
1022.84
1027.05
1034.29
1037.99
1045.77
1050.2
1060.16
1067.25
1083.24
1099.79
1129.04
1229.48
2591.92
2639.31
2678.88
2710.27
2736.82
2757.78
2775.81
2789.85
2802.09
2811.35
2819.56
2825.5
2830.85
2834.99
2839.18
2841.3
2843.12
2842.77
2841.19
2837.32
2832.21
2824.67
2815.89
2804.53
2792
2776.71
2759.06
2739.99
2719.77
2698.01
2674.53
2648.37
2620.84
2591.44
2560.93
2528.69
2495.69
2461.11
2426.19
2389.78
2353.47
2315.71
2278.45
2239.66
2201.63
2161.97
2122.64
2082.2
2039.44
1998.02
1418.18
1490.47
1558.63
1624.44
1692.47
1764.44
1837.32
1936.22
2024.3
2182.02
791.507
791.754
799.158
801.778
814.38
813.878
832.429
828.493
859.477
857.419
757.772
748.98
745.581
739.342
737.728
730.622
729.582
720.786
724.164
711.499
778.994
764.674
755.727
742.672
736.609
723.327
717.828
702.57
698.453
678.144
801.119
783.213
771.09
754.311
745.977
728.188
720.057
700.427
693.161
667.693
816.707
796.441
782.393
763.531
753.908
733.292
723.693
701.01
692.062
663.375
826.811
805.048
789.832
769.772
759.306
736.842
726.398
701.662
691.78
661.014
836.635
813.453
797.128
775.898
764.496
740.255
728.986
702.143
691.493
658.66
846.732
821.992
804.288
781.521
768.696
742.76
730.611
701.901
690.487
655.415
853.581
827.203
807.811
783.854
769.845
742.963
730.036
700.05
688.03
651.186
856.074
828.474
807.731
782.585
767.27
739.771
726.287
695.81
683.381
645.485
854.136
825.345
803.134
777.045
760.575
732.817
718.976
688.565
675.955
637.942
847.616
817.916
794.431
767.626
750.073
722.248
708.044
678.024
665.404
628.168
837.203
806.882
782.309
754.972
736.312
708.486
693.635
664.261
651.644
615.758
823.565
792.888
767.38
739.647
719.81
691.993
676.152
647.575
634.874
600.636
792.748
761.835
734.79
706.464
684.83
657.375
640.322
613.285
600.779
569.181
719.958
692.558
666.161
639.657
618.166
594.327
578.05
555.775
544.904
518.031
594.098
577.509
557.898
539.578
522.47
507.572
495.678
483.763
477.52
461.577
412.293
410.084
404.935
400.597
395.825
394.615
393.384
394.166
394.071
391.779
298.647
302.983
308.492
314.438
319.708
326.344
331.35
340.226
344.507
356.588
292.568
297.378
307.148
314.261
325.04
334.312
345.041
358.186
365.658
385.959
407.652
411.793
427.67
435.656
454.312
462.489
481.598
491.807
505.298
524.035
663.677
668.058
687.161
695.472
716.681
723.244
747.027
751.84
772.766
788.434
1190.6
1183.1
1184.08
1182.5
1191.82
1193.73
1222.95
1221.6
1261.54
1268.51
1981.92
2009.51
2047.6
2110.55
2177.57
2270.39
2379.58
2517.21
2683.12
2938.03
)
;

boundaryField
{
    inlet
    {
        type            inletOutlet;
        inletValue      uniform 39.6133;
        value           uniform 39.6133;
    }
    outlet
    {
        type            zeroGradient;
    }
    upperWall
    {
        blending        binomial2;
        n               2;
        beta1           0.075;
        type            omegaWallFunction;
        value           nonuniform List<scalar> 
68
(
2209.83
2224.76
2244.25
2272.1
2308.22
2359.46
2424.87
2515.67
2591.92
2639.31
2678.88
2710.27
2736.82
2757.78
2775.81
2789.85
2802.09
2811.35
2819.56
2825.5
2830.85
2834.99
2839.18
2841.3
2843.12
2842.77
2841.19
2837.32
2832.21
2824.67
2815.89
2804.53
2792
2776.71
2759.06
2739.99
2719.77
2698.01
2674.53
2648.37
2620.84
2591.44
2560.93
2528.69
2495.69
2461.11
2426.19
2389.78
2353.47
2315.71
2278.45
2239.66
2201.63
2161.97
2122.64
2082.2
2039.44
1998.02
1981.92
2009.51
2047.6
2110.55
2177.57
2270.39
2379.58
2517.21
2683.12
2938.03
)
;
    }
    lowerWall
    {
        blending        binomial2;
        n               2;
        beta1           0.075;
        type            omegaWallFunction;
        value           nonuniform List<scalar> 
83
(
1082.35
1084.56
1089.96
1093.97
1104.29
1111.51
1130.91
1143.61
343.549
373.368
386.931
385.621
382.181
377.151
372.553
367.442
364.044
363.275
353.936
343.684
334.235
349.816
577.384
343.549
524.34
699.4
845.38
964.428
1064.42
1150.79
1226.48
1293.26
1352.2
1404.09
1449.63
1489.45
1529.35
1569.41
1605.34
1637.44
1666.04
1692.17
1715.1
1734.03
1749.26
1760.72
1768.09
1771.23
1771.44
1769.74
1764.95
1756.63
1745.97
1732.68
1717.39
1700.23
1681.53
1661.48
1640.31
1618.24
1595.49
1572.26
1548.73
1525.06
1501.39
1477.94
1455.14
1434.23
1417.58
1403.57
1390.11
1379.83
1350.15
1418.18
1490.47
1558.63
1624.44
1692.47
1764.44
1837.32
1936.22
2024.3
2182.02
)
;
    }
    frontAndBack
    {
        type            empty;
    }
}


// ************************************************************************* //
