/*--------------------------------*- C++ -*----------------------------------*\
| =========                 |                                                 |
| \\      /  F ield         | OpenFOAM: The Open Source CFD Toolbox           |
|  \\    /   O peration     | Version:  2112                                  |
|   \\  /    A nd           | Website:  www.openfoam.com                      |
|    \\/     M anipulation  |                                                 |
\*---------------------------------------------------------------------------*/
FoamFile
{
    version     2.0;
    format      ascii;
    arch        "LSB;label=32;scalar=64";
    class       volScalarField;
    location    "0.044";
    object      s;
}
// * * * * * * * * * * * * * * * * * * * * * * * * * * * * * * * * * * * * * //

dimensions      [0 0 0 0 0 0 0];

internalField   nonuniform List<scalar> 
12225
(
1
1
1
1
1
1
1
1
1
1
1
1
1
1
1
1
1
1
1
1
1
1
1
1
1
1
1
1
1
1
1
1
1
1
1
1
1
1
1
1
1
1
1
1
1
1
1
1
1
1
1
1
1
1
1
1
1
1
1
1
1
1
1
1
1
1
1
1
1
1
1
1
1
1
1
1
1
1
1
1
1
1
1
1
1
1
1
1
1
1
1
1
1
1
1
1
1
1
1
1
1
1
1
1
1
1
1
1
1
1
1
1
1
1
1
1
1
1
1
1
1
1
1
1
1
1
1
1
1
1
1
1
1
1
1
1
1
1
1
1
1
1
1
1
1
1
1
1
1
1
1
1
1
1
1
1
1
1
1
1
1
1
1
1
1
1
1
1
1
1
1
1
1
1
1
1
1
1
1
1
1
1
1
1
1
1
1
1
1
1
1
1
1
1
1
1
1
1
1
1
1
1
1
1
1
1
1
1
1
1
1
1
1
1
1
1
1
1
1
1
1
1
1
1
1
1
1
1
1
1
1
1
1
1
1
1
1
1
1
1
1
1
1
1
1
1
1
1
1
1
1
1
1
1
1
1
1
1
1
1
1
1
1
1
1
1
1
1
1
1
1
1
1
1
1
1
1
1
1
1
1
1
1
1
1
1
1
1
1
1
1
1
1
1
1
1
1
1
1
1
1
1
1
1
1
1
1
1
1
1
1
1
1
1
1
1
1
1
1
1
1
1
1
1
1
1
1
1
1
1
1
1
1
1
1
1
1
1
1
1
1
1
1
1
1
1
1
1
1
1
1
1
1
1
1
1
1
1
1
1
1
1
1
1
1
1
1
1
1
1
1
1
1
1
1
1
1
1
1
1
1
1
1
1
1
1
1
1
1
1
1
1
1
1
1
1
1
1
1
1
1
1
1
1
1
1
1
1
1
1
1
1
1
1
1
1
1
1
1
1
1
1
1
1
1
1
1
1
1
1
1
1
1
1
1
1
1
1
1
1
1
1
1
1
1
1
1
1
1
1
1
1
1
1
1
1
1
1
1
1
1
1
1
1
1
1
1
1
1
1
1
1
1
1
1
1
1
1
1
1
1
1
1
1
1
1
1
1
1
1
1
1
1
1
1
1
1
1
1
1
1
1
1
1
1
1
1
1
1
1
1
1
1
1
1
1
1
1
1
1
1
1
1
1
1
1
1
1
1
1
1
1
1
1
1
1
1
1
1
1
0.48443
0.583215
0.627844
0.646486
0.664117
0.694164
0.707854
0.729569
0.738907
0.74341
0.744539
0.744291
0.743469
0.742029
0.739692
0.735889
0.731246
0.726455
0.72095
0.715723
0.71022
0.704006
0.699351
0.692435
0.686047
0.68109
0.673817
0.668816
0.661404
0.652833
0.645379
0.628752
0.565905
0.456612
0.42594
0.444165
0.4769
0.497556
0.50725
0.516862
0.533787
0.548069
0.579204
0.615592
0.631317
0.636653
0.639738
0.638168
0.607722
0.565584
0.585507
0.768515
0.887875
0.898153
0.89946
0.899609
0.89951
0.899079
0.8981
0.896339
0.893628
0.889941
0.885431
0.880429
0.875324
0.870305
0.865193
0.859677
0.853784
0.848002
0.842842
0.838455
0.83467
0.831261
0.829465
0.828708
0.828529
0.829223
0.832137
0.836417
0.840996
0.84666
0.853363
0.860873
0.867442
0.871446
0.875351
0.878879
0.880779
0.882123
0.884097
0.885337
0.886308
0.888354
0.889261
0.891237
0.892429
0.893734
0.89467
0.895276
0.895663
0.89587
0.895973
0.895998
0.89586
0.895792
0.89579
0.895896
0.895997
0.896393
0.896907
0.897588
0.89843
0.899458
0.900729
0.902266
0.904106
0.906304
0.908871
0.911747
0.914598
0.916594
0.91815
0.919325
0.920064
0.920346
0.920232
0.919471
0.91791
0.915957
0.913492
0.910044
0.9052
0.899175
0.892611
0.886397
0.881769
0.878898
0.876222
0.872739
0.868555
0.86444
0.861139
0.858981
0.857842
0.857281
0.85671
0.85556
0.852413
0.841445
0.820352
0.802576
0.78283
0.748792
0.68816
0.595952
0.478554
0.352019
0.235293
0.142373
0.0780512
0.0389739
0.0178819
0.00760551
0.0029984
0.00106829
0.000339926
0.000154739
8.73253e-05
4.7119e-05
2.47898e-05
1.2727e-05
6.37601e-06
3.11511e-06
1.48347e-06
6.86649e-07
3.08399e-07
1.33262e-07
5.52786e-08
-7.85904e-06
0.461271
0.51572
0.530981
0.529831
0.600969
0.678772
0.733692
0.759472
0.769313
0.772488
0.773175
0.773065
0.772618
0.771392
0.76853
0.765297
0.760179
0.754198
0.748006
0.742106
0.735329
0.729396
0.722332
0.716317
0.710453
0.702242
0.69638
0.687693
0.680816
0.673133
0.662613
0.654574
0.638649
0.607313
0.542542
0.482133
0.459089
0.435789
0.41139
0.412334
0.443559
0.475556
0.536343
0.610689
0.663035
0.674393
0.671315
0.651498
0.650454
0.761642
0.838628
0.880481
0.896208
0.897429
0.897262
0.894848
0.891404
0.886475
0.8792
0.869937
0.860698
0.8551
0.851026
0.845294
0.837866
0.828235
0.815821
0.801972
0.790084
0.783849
0.780473
0.776922
0.7736
0.772235
0.771162
0.76888
0.767184
0.765268
0.761761
0.758656
0.757173
0.756468
0.756946
0.762051
0.770208
0.78054
0.794909
0.809428
0.820117
0.826153
0.832869
0.838187
0.841
0.843897
0.845158
0.845608
0.845761
0.846507
0.847181
0.848279
0.849253
0.850514
0.852786
0.854501
0.856659
0.858917
0.861061
0.863432
0.865748
0.868065
0.870336
0.872154
0.873541
0.874468
0.875036
0.875509
0.875844
0.87609
0.876605
0.877845
0.880564
0.886694
0.895311
0.905423
0.916078
0.925713
0.932691
0.93786
0.94198
0.945316
0.948118
0.950488
0.952302
0.953314
0.953484
0.952851
0.948943
0.934276
0.9148
0.900668
0.892486
0.889137
0.888519
0.888851
0.889807
0.889899
0.889387
0.886948
0.879603
0.872049
0.8675
0.865985
0.865989
0.867825
0.872357
0.872458
0.870128
0.862709
0.846651
0.809127
0.746731
0.690967
0.658497
0.647447
0.64405
0.637279
0.615648
0.540591
0.419178
0.313585
0.226944
0.158591
0.106125
0.0682838
0.0417336
0.0245202
0.0135541
0.00714502
0.0036326
0.00134778
0.443365
0.447022
0.455768
0.506466
0.632631
0.721002
0.759263
0.770968
0.773102
0.772416
0.770338
0.766765
0.763217
0.755832
0.747685
0.742412
0.731138
0.719886
0.709763
0.69366
0.680679
0.667374
0.650909
0.640882
0.630122
0.621916
0.621239
0.622578
0.627926
0.633322
0.639277
0.640759
0.637962
0.6315
0.619724
0.592959
0.564051
0.507628
0.452552
0.434194
0.434736
0.455774
0.521219
0.615717
0.678055
0.691115
0.678252
0.698264
0.816585
0.867901
0.886275
0.892998
0.894506
0.891886
0.886184
0.876102
0.862234
0.847503
0.838607
0.831531
0.828363
0.825553
0.822039
0.81667
0.808103
0.796767
0.786677
0.783652
0.782849
0.782865
0.784226
0.788121
0.794333
0.79797
0.799241
0.799483
0.797372
0.790043
0.779896
0.768995
0.757548
0.748395
0.741308
0.737385
0.73593
0.735494
0.736527
0.742777
0.756139
0.775602
0.796183
0.816792
0.830924
0.839257
0.849449
0.85413
0.859791
0.862547
0.863961
0.865153
0.865807
0.867977
0.871916
0.876357
0.880793
0.885515
0.889752
0.893534
0.896727
0.899327
0.901811
0.904424
0.907053
0.909371
0.910901
0.911003
0.909172
0.904594
0.896933
0.886008
0.873525
0.862776
0.857434
0.856113
0.857852
0.865875
0.880252
0.896403
0.912482
0.926163
0.936156
0.94374
0.94999
0.955463
0.960136
0.963431
0.964922
0.965024
0.963641
0.955823
0.931919
0.911558
0.901393
0.898589
0.898862
0.903132
0.915974
0.923926
0.926166
0.926118
0.923782
0.911727
0.894608
0.886124
0.883542
0.883518
0.885363
0.894581
0.912669
0.925141
0.931032
0.933088
0.934607
0.936613
0.938251
0.938744
0.937902
0.933305
0.927642
0.918315
0.89762
0.846545
0.701606
0.513457
0.351456
0.231956
0.144766
0.0867878
0.0496307
0.0240852
0.390659
0.457016
0.612582
0.723476
0.767309
0.778965
0.778241
0.775271
0.76837
0.754363
0.740211
0.725683
0.709701
0.696423
0.685496
0.669983
0.653801
0.638689
0.62284
0.608528
0.594202
0.578374
0.565866
0.551418
0.538247
0.529894
0.520071
0.51545
0.516269
0.52078
0.533853
0.549859
0.579006
0.603098
0.608362
0.605043
0.597416
0.586108
0.56249
0.529227
0.526108
0.536585
0.566062
0.64642
0.697867
0.697902
0.722987
0.830709
0.873053
0.885449
0.888863
0.889812
0.883382
0.869006
0.843729
0.826549
0.818345
0.815267
0.814571
0.816869
0.817933
0.817565
0.816029
0.812309
0.805296
0.794982
0.789635
0.78899
0.791008
0.798371
0.811658
0.824166
0.828116
0.829387
0.829736
0.829658
0.828395
0.824639
0.817631
0.807098
0.793226
0.777081
0.760418
0.745795
0.737152
0.733022
0.729755
0.72434
0.721414
0.720794
0.722773
0.736178
0.759724
0.789522
0.820245
0.84947
0.870187
0.887914
0.898444
0.906993
0.910718
0.913269
0.915272
0.91597
0.915578
0.91385
0.911134
0.907963
0.905165
0.903655
0.903527
0.905836
0.910172
0.916059
0.922833
0.929662
0.936253
0.941995
0.946437
0.949226
0.948928
0.940192
0.916181
0.888976
0.86593
0.853718
0.850972
0.852692
0.862055
0.878014
0.896953
0.915696
0.930709
0.941177
0.94968
0.957703
0.964655
0.969204
0.970941
0.970918
0.968775
0.957363
0.929446
0.91134
0.904488
0.903889
0.906015
0.917014
0.936099
0.947762
0.95187
0.951959
0.948939
0.932838
0.907582
0.894254
0.890411
0.890692
0.895025
0.911228
0.92825
0.941124
0.951859
0.961504
0.969987
0.976719
0.981246
0.983626
0.9844
0.98442
0.983849
0.981326
0.973151
0.950066
0.880361
0.684629
0.467711
0.299702
0.183963
0.0974299
0.606729
0.728648
0.779127
0.791788
0.79012
0.784606
0.773739
0.753538
0.732125
0.714198
0.6987
0.684335
0.671478
0.659268
0.647024
0.635202
0.622552
0.610913
0.599669
0.588916
0.575682
0.562171
0.552455
0.541165
0.52531
0.515199
0.506128
0.49609
0.490992
0.484546
0.483173
0.484603
0.490494
0.505574
0.537355
0.572657
0.586054
0.585312
0.582228
0.572746
0.566327
0.568397
0.58239
0.649532
0.70251
0.724051
0.825487
0.871276
0.882932
0.885014
0.883277
0.871945
0.841789
0.818069
0.806653
0.802185
0.801161
0.80282
0.808135
0.814633
0.817343
0.817559
0.816757
0.81403
0.808246
0.799334
0.795915
0.795937
0.79778
0.802744
0.810714
0.819969
0.82758
0.83054
0.831366
0.831281
0.830153
0.827143
0.821557
0.812535
0.799703
0.784064
0.766924
0.750959
0.74401
0.74143
0.740246
0.738533
0.734525
0.72229
0.714472
0.710185
0.709305
0.711864
0.718606
0.734471
0.759691
0.796264
0.831266
0.860466
0.874948
0.880287
0.881525
0.879103
0.868559
0.852636
0.834846
0.818285
0.804868
0.7973
0.79422
0.798763
0.810628
0.830298
0.855519
0.879852
0.901288
0.920335
0.936275
0.948921
0.959306
0.966701
0.970347
0.97058
0.963615
0.935329
0.900866
0.876706
0.86619
0.865216
0.869525
0.884957
0.903699
0.922559
0.938002
0.948918
0.957764
0.965673
0.971493
0.974222
0.974581
0.973438
0.966193
0.940555
0.917388
0.906485
0.903768
0.904696
0.911577
0.932155
0.949839
0.959312
0.961732
0.960908
0.953613
0.927125
0.904122
0.89406
0.891957
0.8931
0.901442
0.923504
0.941704
0.955052
0.965141
0.973144
0.979799
0.985367
0.989585
0.992188
0.993258
0.993387
0.993047
0.991028
0.982915
0.955097
0.863129
0.630582
0.427785
0.249333
0.803263
0.804845
0.805272
0.80156
0.790468
0.775437
0.756246
0.735842
0.719101
0.703542
0.689044
0.674971
0.662867
0.651203
0.639364
0.628446
0.616975
0.608285
0.59851
0.589058
0.579737
0.569581
0.559907
0.550461
0.540629
0.531417
0.522631
0.512144
0.503071
0.493175
0.488515
0.482653
0.473054
0.472604
0.477259
0.492345
0.53267
0.566299
0.576474
0.57582
0.575025
0.57641
0.592295
0.665349
0.715273
0.794703
0.86252
0.878967
0.881736
0.877508
0.858044
0.825872
0.808612
0.801352
0.799505
0.79947
0.802283
0.807723
0.81695
0.825127
0.827552
0.827776
0.826946
0.823914
0.818438
0.811061
0.805538
0.804243
0.804425
0.805951
0.808725
0.812125
0.817051
0.822359
0.823676
0.822768
0.818819
0.812048
0.80414
0.793917
0.779579
0.763901
0.746615
0.729603
0.724552
0.724919
0.729518
0.73823
0.743915
0.745749
0.744241
0.735272
0.721758
0.71259
0.706842
0.705509
0.705729
0.709159
0.71495
0.726056
0.739529
0.745483
0.747384
0.746093
0.738006
0.728126
0.719815
0.714105
0.710766
0.709706
0.71069
0.714289
0.721676
0.73483
0.758209
0.793359
0.830578
0.866449
0.897751
0.922129
0.93995
0.955093
0.967888
0.977269
0.982402
0.984044
0.983129
0.975257
0.949868
0.922586
0.903982
0.896076
0.895762
0.901577
0.920895
0.938976
0.952259
0.961923
0.96948
0.974777
0.977196
0.977484
0.976369
0.969348
0.943529
0.918768
0.906743
0.902568
0.902432
0.90531
0.920183
0.944634
0.9592
0.964476
0.964538
0.96006
0.93785
0.909912
0.896362
0.89234
0.892563
0.897385
0.917094
0.94015
0.95612
0.967363
0.97569
0.982159
0.987304
0.991255
0.993956
0.995378
0.995777
0.995703
0.994804
0.990425
0.973247
0.911622
0.730888
0.471306
0.804973
0.810886
0.812919
0.806583
0.793438
0.77427
0.752941
0.733313
0.718511
0.704313
0.69103
0.678533
0.669021
0.658686
0.648146
0.639594
0.629991
0.618005
0.606901
0.596541
0.587791
0.580327
0.572693
0.56607
0.559803
0.554238
0.54849
0.541216
0.533008
0.525629
0.519783
0.510755
0.490938
0.471201
0.463872
0.465241
0.475819
0.516552
0.557721
0.571101
0.573878
0.579163
0.613179
0.686939
0.746971
0.841001
0.872873
0.877857
0.874422
0.850473
0.81964
0.806215
0.801668
0.800877
0.802806
0.811031
0.821916
0.832009
0.840352
0.846081
0.850636
0.854979
0.856419
0.856147
0.854164
0.850969
0.847329
0.843894
0.840701
0.837064
0.832857
0.829164
0.825624
0.819846
0.811557
0.798468
0.780114
0.761062
0.746813
0.732938
0.718813
0.707623
0.697708
0.687581
0.681906
0.680469
0.683185
0.694569
0.718323
0.739073
0.748139
0.751471
0.752435
0.751064
0.744346
0.734678
0.722588
0.712667
0.706736
0.704122
0.70301
0.703061
0.702756
0.701876
0.700528
0.698853
0.69752
0.696821
0.696851
0.697405
0.699039
0.702316
0.707299
0.714902
0.728209
0.755549
0.797766
0.84145
0.881101
0.912782
0.934849
0.948674
0.95886
0.968136
0.977606
0.985259
0.989896
0.991938
0.992308
0.991532
0.987016
0.970325
0.946285
0.930794
0.925928
0.927071
0.937743
0.955655
0.967678
0.975168
0.979161
0.980477
0.980429
0.978703
0.969775
0.94192
0.91815
0.906674
0.902899
0.902658
0.904784
0.916813
0.943815
0.960792
0.967136
0.967424
0.963266
0.941611
0.912366
0.897848
0.893224
0.893107
0.896492
0.913134
0.939279
0.958023
0.970785
0.979484
0.985626
0.990133
0.993406
0.99557
0.996707
0.997041
0.996993
0.996306
0.992772
0.978151
0.926988
0.735221
0.811813
0.840479
0.851144
0.845202
0.823189
0.793482
0.771448
0.761806
0.756099
0.745749
0.733999
0.722347
0.711989
0.696884
0.678992
0.656863
0.632849
0.610891
0.586384
0.563921
0.547899
0.539794
0.531838
0.532158
0.53333
0.534962
0.536409
0.538537
0.539439
0.538469
0.534945
0.526522
0.501484
0.46879
0.452533
0.450026
0.453861
0.471164
0.5206
0.556047
0.567144
0.587068
0.647606
0.706385
0.796855
0.861127
0.872574
0.872554
0.851596
0.819588
0.806601
0.803035
0.80261
0.807216
0.81857
0.825725
0.829577
0.832113
0.833973
0.831949
0.827491
0.823216
0.818591
0.814906
0.813358
0.813113
0.814686
0.815161
0.813229
0.808876
0.800089
0.783557
0.770423
0.755984
0.742866
0.731501
0.723237
0.717668
0.713708
0.708737
0.70231
0.69571
0.688908
0.681554
0.674625
0.670755
0.669554
0.670398
0.675968
0.690353
0.716934
0.736827
0.749563
0.756038
0.76038
0.762976
0.763987
0.760892
0.752146
0.739966
0.728041
0.717515
0.710185
0.706027
0.703022
0.700681
0.69903
0.698183
0.698015
0.698375
0.699677
0.702385
0.706809
0.71315
0.722883
0.740803
0.774739
0.820456
0.866234
0.90548
0.934198
0.951199
0.960338
0.967012
0.973367
0.979876
0.986272
0.991483
0.994672
0.99623
0.996669
0.996536
0.9951
0.987563
0.964863
0.949691
0.945857
0.947435
0.958676
0.972564
0.979975
0.983057
0.983679
0.983255
0.979915
0.964851
0.9367
0.917135
0.907392
0.904723
0.904973
0.908483
0.925291
0.951767
0.966791
0.971667
0.971521
0.966113
0.941615
0.913609
0.900196
0.896258
0.896282
0.899256
0.913743
0.940606
0.960727
0.974342
0.983249
0.989079
0.992953
0.995505
0.997046
0.997772
0.997941
0.997857
0.997097
0.993337
0.97826
0.908909
0.83113
0.893074
0.901985
0.885323
0.854578
0.841067
0.840869
0.841913
0.838127
0.826816
0.813829
0.79536
0.772577
0.745658
0.715868
0.680607
0.64443
0.608328
0.57134
0.529787
0.486187
0.450519
0.421547
0.416923
0.419013
0.4242
0.436151
0.454548
0.475981
0.491167
0.49582
0.493252
0.473944
0.445356
0.431171
0.428595
0.42928
0.448798
0.512868
0.546903
0.567622
0.613019
0.669726
0.745538
0.833089
0.865207
0.869779
0.856575
0.822427
0.807978
0.803948
0.804251
0.810809
0.818557
0.82168
0.823026
0.818117
0.802889
0.773839
0.730012
0.700968
0.683277
0.674194
0.670968
0.670957
0.675738
0.678531
0.679799
0.680618
0.679897
0.685027
0.693067
0.701197
0.706894
0.711896
0.715069
0.717996
0.719621
0.720261
0.719409
0.716765
0.712404
0.706548
0.699292
0.691324
0.682793
0.676233
0.672651
0.671722
0.6752
0.683047
0.694649
0.711636
0.731279
0.748628
0.760733
0.767658
0.772053
0.774821
0.775021
0.772918
0.768152
0.76022
0.750063
0.740709
0.731885
0.723532
0.717718
0.714408
0.71313
0.713028
0.713816
0.716765
0.721364
0.727635
0.739787
0.767356
0.813513
0.860913
0.901793
0.934418
0.957811
0.970688
0.975242
0.977258
0.980227
0.984284
0.988676
0.992757
0.995775
0.997511
0.998223
0.998299
0.997905
0.995086
0.981369
0.964563
0.958961
0.959267
0.965762
0.97771
0.984022
0.986224
0.986385
0.985177
0.978147
0.953967
0.92943
0.915186
0.909353
0.908511
0.910125
0.919527
0.94534
0.965573
0.975523
0.977967
0.977173
0.970014
0.943417
0.919301
0.908613
0.905972
0.906445
0.910478
0.926148
0.949385
0.96701
0.979177
0.987116
0.99214
0.995266
0.997144
0.998149
0.998541
0.998588
0.998437
0.997408
0.992729
0.967843
0.864126
0.931916
0.929709
0.909188
0.908654
0.924248
0.936048
0.940874
0.943115
0.943704
0.940155
0.931001
0.91496
0.887361
0.847977
0.797463
0.733466
0.666726
0.60066
0.53566
0.478458
0.428043
0.387569
0.364029
0.342342
0.313286
0.299634
0.300584
0.30711
0.325751
0.35013
0.366683
0.377826
0.381324
0.382876
0.386922
0.404027
0.455626
0.517946
0.548403
0.588595
0.642305
0.705183
0.791516
0.851366
0.864365
0.861888
0.8282
0.809363
0.803649
0.804594
0.810371
0.817032
0.818417
0.816254
0.802121
0.761828
0.677082
0.623574
0.596357
0.584968
0.581785
0.59903
0.60839
0.633263
0.64942
0.663025
0.682967
0.69244
0.708883
0.719243
0.730089
0.742142
0.753745
0.765072
0.776187
0.786647
0.795082
0.799424
0.800601
0.797874
0.79095
0.781419
0.769525
0.755024
0.739328
0.722998
0.708245
0.696307
0.687937
0.685022
0.687586
0.69436
0.704366
0.717954
0.736017
0.754274
0.767826
0.775943
0.780668
0.782797
0.783237
0.782714
0.78062
0.777239
0.77328
0.767437
0.757829
0.748331
0.742904
0.741036
0.740966
0.7418
0.745278
0.750226
0.757015
0.771962
0.813413
0.862804
0.903552
0.935213
0.959325
0.975858
0.984788
0.987671
0.9877
0.987572
0.988496
0.991509
0.99445
0.99679
0.998244
0.998854
0.998919
0.998575
0.996098
0.984442
0.971159
0.967021
0.967533
0.973505
0.983023
0.987594
0.988738
0.988414
0.985054
0.969048
0.942135
0.925124
0.917634
0.91614
0.917001
0.92351
0.945008
0.965748
0.9783
0.983682
0.984581
0.983574
0.977196
0.957657
0.942076
0.935189
0.933522
0.933821
0.936672
0.947281
0.963246
0.975894
0.984926
0.99092
0.994693
0.99696
0.998234
0.998843
0.999025
0.999012
0.998733
0.997208
0.988202
0.889607
0.948787
0.952862
0.956885
0.96631
0.973363
0.976491
0.979169
0.981373
0.982848
0.983497
0.983661
0.981841
0.977135
0.96773
0.949961
0.917523
0.8568
0.767236
0.655714
0.552164
0.462601
0.400011
0.361204
0.329507
0.289129
0.26877
0.261286
0.261822
0.265993
0.280507
0.298736
0.313706
0.32877
0.34673
0.371593
0.414355
0.484626
0.52715
0.571982
0.630085
0.681937
0.753999
0.825421
0.855191
0.86087
0.839922
0.810888
0.80302
0.803408
0.808461
0.815216
0.816728
0.813254
0.793151
0.736199
0.612911
0.550123
0.522695
0.512197
0.510387
0.537703
0.575945
0.613782
0.657623
0.696661
0.739147
0.775234
0.802394
0.829691
0.847928
0.865604
0.882501
0.898069
0.911925
0.923221
0.932073
0.937669
0.94036
0.940423
0.937415
0.930328
0.919168
0.903444
0.88302
0.858091
0.829964
0.801104
0.775739
0.753425
0.734059
0.71938
0.710946
0.708961
0.713444
0.725139
0.740668
0.75768
0.772457
0.782002
0.787013
0.789209
0.789993
0.79006
0.789107
0.787048
0.78562
0.783587
0.779315
0.7732
0.769465
0.768684
0.768922
0.770115
0.773581
0.781371
0.798773
0.841656
0.889528
0.926052
0.950236
0.966672
0.979148
0.988089
0.992953
0.994546
0.994568
0.993809
0.993422
0.993907
0.995949
0.997788
0.998834
0.999196
0.999183
0.998625
0.995189
0.983149
0.974575
0.972659
0.973869
0.980752
0.987727
0.990367
0.990602
0.989228
0.980621
0.956782
0.940093
0.933268
0.932037
0.932628
0.936436
0.950456
0.967858
0.980092
0.987164
0.989982
0.99037
0.989835
0.987192
0.980369
0.973646
0.968487
0.965453
0.964472
0.96486
0.967619
0.976116
0.984553
0.990478
0.994372
0.996792
0.998211
0.998963
0.999273
0.999327
0.99926
0.998753
0.995411
0.90343
0.960474
0.968777
0.975063
0.980362
0.982263
0.98343
0.984801
0.985639
0.987202
0.988901
0.990704
0.992313
0.992863
0.992967
0.990577
0.984748
0.971754
0.945378
0.892226
0.779923
0.628364
0.500858
0.404941
0.342427
0.290394
0.266383
0.257431
0.256241
0.257997
0.26474
0.27877
0.297245
0.320225
0.346102
0.386511
0.465061
0.508492
0.55806
0.630837
0.675969
0.730897
0.797102
0.841625
0.854363
0.851712
0.817373
0.80293
0.799225
0.804849
0.813139
0.815433
0.813668
0.796147
0.734146
0.586021
0.503588
0.466599
0.452389
0.449744
0.474434
0.538376
0.598544
0.681174
0.774291
0.835529
0.890987
0.917531
0.932276
0.943753
0.953384
0.961747
0.96846
0.973925
0.978523
0.982235
0.985138
0.986998
0.988078
0.988533
0.988281
0.987152
0.985078
0.981683
0.976321
0.968092
0.955608
0.936661
0.909762
0.878688
0.847128
0.81709
0.791466
0.770648
0.755486
0.748077
0.748573
0.758766
0.772697
0.785648
0.794826
0.799543
0.801171
0.801356
0.800883
0.798655
0.796102
0.794889
0.794097
0.791935
0.789151
0.788254
0.788402
0.789397
0.792501
0.801074
0.827266
0.882406
0.927751
0.959039
0.976989
0.985378
0.989483
0.992715
0.995584
0.997335
0.997855
0.997832
0.997359
0.996738
0.996703
0.997295
0.998585
0.999238
0.999376
0.999246
0.998106
0.992024
0.981834
0.977572
0.977274
0.979776
0.987091
0.991283
0.992354
0.992013
0.98849
0.973738
0.959382
0.953931
0.953214
0.953765
0.956185
0.963575
0.973631
0.982254
0.988654
0.992595
0.994401
0.994823
0.994762
0.994409
0.993621
0.991718
0.987456
0.984011
0.982433
0.982217
0.982853
0.986062
0.991125
0.994661
0.996918
0.998284
0.999054
0.999422
0.999533
0.999527
0.999361
0.998094
0.916625
0.969319
0.97629
0.978574
0.979357
0.979254
0.976811
0.974276
0.973246
0.97319
0.977585
0.982352
0.989163
0.993062
0.995365
0.996508
0.996888
0.995189
0.990182
0.977754
0.948846
0.882531
0.727997
0.551694
0.429786
0.342642
0.288561
0.266756
0.260112
0.261758
0.268727
0.281859
0.301427
0.328321
0.372191
0.457643
0.504069
0.550694
0.639156
0.684508
0.723039
0.776171
0.823294
0.84474
0.851116
0.829657
0.803794
0.796468
0.798763
0.809112
0.814739
0.814641
0.803662
0.75315
0.620808
0.487028
0.429839
0.404828
0.397354
0.406142
0.465798
0.557715
0.666605
0.794648
0.886644
0.937518
0.960361
0.971506
0.977789
0.982619
0.986255
0.989029
0.991082
0.992643
0.993885
0.994858
0.995665
0.996343
0.99692
0.997376
0.997676
0.997808
0.997732
0.997383
0.996654
0.9954
0.993371
0.990045
0.984848
0.976444
0.963989
0.946075
0.923102
0.896709
0.870026
0.844476
0.823204
0.809994
0.806301
0.808997
0.815982
0.820297
0.822225
0.822769
0.822902
0.822864
0.821514
0.817537
0.81355
0.810689
0.810117
0.810263
0.810939
0.813054
0.818724
0.833512
0.87397
0.926626
0.962886
0.981562
0.990197
0.994406
0.996506
0.997612
0.998359
0.99891
0.999197
0.999248
0.999209
0.998935
0.998502
0.998412
0.998571
0.999175
0.999465
0.999459
0.999042
0.996483
0.98804
0.982249
0.980882
0.981571
0.986225
0.991602
0.993708
0.993911
0.992916
0.986732
0.977046
0.973224
0.972865
0.973559
0.975802
0.977823
0.980855
0.985211
0.989705
0.993262
0.995597
0.996943
0.997642
0.997925
0.997966
0.997856
0.99717
0.994639
0.99218
0.991224
0.991141
0.991458
0.993105
0.995657
0.997412
0.998526
0.999188
0.999537
0.999673
0.99969
0.99964
0.999156
0.924854
0.972726
0.976091
0.976391
0.970841
0.956975
0.940052
0.932285
0.928807
0.927992
0.93279
0.94193
0.958865
0.976203
0.988456
0.995131
0.997695
0.998422
0.998562
0.996849
0.991363
0.975948
0.933539
0.818091
0.610078
0.463113
0.353254
0.298967
0.276903
0.271004
0.278034
0.292748
0.321009
0.375894
0.45988
0.52247
0.544531
0.64062
0.701823
0.724119
0.76417
0.806413
0.83385
0.844048
0.842662
0.809246
0.794216
0.790663
0.799044
0.811919
0.815147
0.812718
0.787951
0.695912
0.528531
0.418052
0.373267
0.354819
0.350409
0.371283
0.449162
0.559399
0.707236
0.860859
0.939087
0.96747
0.978961
0.98432
0.987402
0.98991
0.991551
0.992827
0.993782
0.994481
0.995037
0.995528
0.996051
0.996637
0.997267
0.997881
0.998419
0.99884
0.999138
0.999333
0.999445
0.999441
0.999308
0.998972
0.998381
0.99726
0.995489
0.992313
0.987667
0.980557
0.971448
0.960056
0.946862
0.931212
0.914633
0.899743
0.886765
0.875364
0.866396
0.86033
0.856605
0.855378
0.855786
0.856553
0.85563
0.851756
0.850315
0.850446
0.851508
0.855025
0.864607
0.892569
0.942706
0.971729
0.986008
0.992799
0.996069
0.997724
0.998609
0.999098
0.999387
0.999582
0.999704
0.999747
0.999747
0.999719
0.999565
0.999334
0.999278
0.999345
0.999552
0.999583
0.999426
0.998275
0.99291
0.986572
0.98432
0.984312
0.986475
0.991732
0.994584
0.995352
0.995182
0.993254
0.98863
0.986782
0.986686
0.987154
0.988192
0.988785
0.989169
0.989693
0.990932
0.993603
0.99592
0.997507
0.998483
0.999021
0.999246
0.999275
0.999176
0.998532
0.99685
0.99584
0.995575
0.995617
0.996013
0.997227
0.998293
0.99899
0.999424
0.999672
0.999783
0.999807
0.999793
0.999607
0.931193
0.972705
0.974732
0.968574
0.945462
0.923723
0.914974
0.911001
0.909304
0.908969
0.908731
0.908731
0.909685
0.920769
0.953378
0.980715
0.993168
0.9979
0.999258
0.999536
0.999121
0.996994
0.989389
0.963695
0.885279
0.674153
0.495131
0.376622
0.318694
0.297476
0.300617
0.323953
0.378645
0.457351
0.525962
0.555999
0.633654
0.711798
0.739298
0.75677
0.793426
0.821358
0.83535
0.841669
0.823523
0.797118
0.787557
0.787898
0.799302
0.812489
0.81526
0.80889
0.763866
0.642319
0.468554
0.378522
0.33559
0.315075
0.309798
0.331336
0.410523
0.535231
0.71452
0.896144
0.956903
0.975665
0.982633
0.986023
0.988536
0.990414
0.991259
0.991375
0.991002
0.990324
0.989779
0.989531
0.989891
0.990936
0.992505
0.99433
0.996083
0.997518
0.998538
0.999172
0.999521
0.999707
0.999801
0.999847
0.999848
0.999785
0.999645
0.999331
0.998838
0.99782
0.996291
0.993976
0.991345
0.988098
0.98445
0.980125
0.974482
0.965068
0.950889
0.935618
0.922813
0.913799
0.909354
0.908646
0.909766
0.912151
0.914282
0.916083
0.918776
0.924618
0.940505
0.965322
0.981597
0.990647
0.995268
0.997526
0.998624
0.999182
0.999489
0.999665
0.999769
0.999837
0.999884
0.999909
0.999913
0.99991
0.999893
0.999808
0.999703
0.999682
0.999705
0.999714
0.999645
0.999101
0.996186
0.990352
0.987571
0.987169
0.987995
0.991859
0.995155
0.996417
0.996569
0.99615
0.994633
0.99401
0.994029
0.994383
0.994753
0.994765
0.994429
0.994133
0.994143
0.994561
0.996106
0.997694
0.998712
0.999305
0.999594
0.999682
0.999674
0.999529
0.998865
0.99816
0.997909
0.997897
0.998006
0.99848
0.999049
0.999425
0.999662
0.999803
0.999871
0.99989
0.999886
0.999815
0.930848
0.971943
0.971768
0.956789
0.929258
0.918254
0.915387
0.914723
0.917531
0.919422
0.917415
0.910631
0.901866
0.898435
0.903778
0.933031
0.974722
0.991984
0.998012
0.999585
0.99985
0.999828
0.999221
0.996175
0.982463
0.929153
0.740586
0.531913
0.409124
0.353995
0.333304
0.371173
0.434573
0.503896
0.557649
0.574435
0.676331
0.753746
0.760324
0.780307
0.808615
0.825329
0.834833
0.833388
0.805799
0.785821
0.77961
0.78341
0.798434
0.812074
0.815058
0.80559
0.754103
0.61515
0.437773
0.342769
0.300266
0.280783
0.272943
0.282315
0.341422
0.462516
0.678708
0.892705
0.959809
0.976735
0.982616
0.985289
0.986021
0.98562
0.98366
0.980633
0.97707
0.973483
0.970553
0.968955
0.968872
0.971186
0.975372
0.980728
0.986289
0.991133
0.994777
0.997176
0.998583
0.99933
0.999693
0.999853
0.999922
0.999951
0.999963
0.999959
0.999934
0.999862
0.999735
0.999488
0.999216
0.998773
0.99812
0.997301
0.996474
0.994974
0.991961
0.987889
0.983495
0.979261
0.976102
0.974668
0.974539
0.974862
0.976163
0.977553
0.978918
0.981734
0.987056
0.992027
0.995537
0.997632
0.998759
0.999331
0.999616
0.999763
0.999845
0.999894
0.999924
0.999944
0.999957
0.999966
0.999968
0.999967
0.999965
0.999953
0.999909
0.99987
0.999859
0.999848
0.999803
0.999535
0.998113
0.993615
0.990586
0.989853
0.990144
0.992415
0.995613
0.99717
0.997633
0.997629
0.997402
0.99731
0.99736
0.997601
0.997759
0.997738
0.997392
0.996843
0.996652
0.996659
0.996936
0.997924
0.998838
0.999396
0.999694
0.999816
0.999837
0.999809
0.999615
0.99926
0.999107
0.999089
0.999124
0.999303
0.999562
0.999734
0.999841
0.999905
0.999936
0.999945
0.999944
0.999916
0.928567
0.970958
0.969913
0.951967
0.927132
0.918779
0.919182
0.92845
0.934379
0.93533
0.936926
0.936544
0.927718
0.90406
0.894362
0.900892
0.93412
0.977134
0.993596
0.998579
0.999761
0.999961
0.999984
0.999912
0.999165
0.993435
0.959852
0.789859
0.549597
0.43283
0.38558
0.383116
0.432504
0.50507
0.560278
0.576559
0.673005
0.762053
0.773617
0.79253
0.812371
0.825318
0.832411
0.82396
0.794411
0.778109
0.774744
0.779216
0.795963
0.810815
0.814154
0.805883
0.75847
0.623271
0.443376
0.342649
0.286973
0.25858
0.247643
0.247923
0.273201
0.347783
0.565377
0.85517
0.95457
0.975529
0.979605
0.979968
0.976924
0.97132
0.964326
0.955666
0.945887
0.936133
0.926909
0.921545
0.919363
0.922903
0.932024
0.944834
0.959014
0.972622
0.983377
0.990806
0.995311
0.997764
0.998994
0.99957
0.999824
0.999929
0.99997
0.999985
0.999991
0.999993
0.999991
0.99998
0.999966
0.999947
0.999899
0.999813
0.999727
0.999591
0.999279
0.99868
0.997941
0.997171
0.996519
0.996123
0.995981
0.995972
0.996
0.996092
0.996295
0.996764
0.997695
0.998549
0.999161
0.999539
0.999749
0.999858
0.999915
0.999945
0.999962
0.999972
0.999979
0.999983
0.999986
0.999987
0.999987
0.999986
0.999985
0.999982
0.999971
0.999952
0.999942
0.999932
0.999904
0.99977
0.999071
0.996159
0.993192
0.992231
0.992284
0.993462
0.996134
0.997676
0.998333
0.998541
0.998606
0.998696
0.998838
0.998976
0.999036
0.999025
0.99885
0.998429
0.998209
0.998163
0.9982
0.998461
0.999064
0.999497
0.999751
0.999873
0.99991
0.99991
0.999867
0.999732
0.999658
0.999647
0.999658
0.999723
0.999826
0.999895
0.999937
0.999961
0.999973
0.999976
0.999975
0.999964
0.924317
0.967528
0.967945
0.954364
0.929796
0.920456
0.920487
0.924697
0.92963
0.931723
0.936851
0.940392
0.939164
0.924514
0.898692
0.897469
0.918029
0.965806
0.989329
0.99729
0.999423
0.999897
0.999986
0.999998
0.999991
0.999812
0.997163
0.973104
0.812517
0.550193
0.435282
0.405055
0.421266
0.491489
0.555444
0.573776
0.654004
0.7574
0.776246
0.794298
0.812104
0.824375
0.826029
0.812913
0.787026
0.772302
0.76962
0.773285
0.791033
0.808206
0.812296
0.806606
0.769091
0.64683
0.463172
0.350948
0.289317
0.256741
0.23918
0.234384
0.241728
0.275429
0.412382
0.754697
0.929168
0.971935
0.974841
0.969697
0.959834
0.948483
0.933495
0.9146
0.895508
0.880942
0.872049
0.866934
0.864156
0.862926
0.865206
0.87585
0.899068
0.930246
0.955797
0.974853
0.987012
0.993789
0.997202
0.998798
0.999504
0.999802
0.999924
0.999972
0.999989
0.999995
0.999998
0.999999
0.999999
0.999998
0.999996
0.999991
0.999984
0.999975
0.999956
0.999912
0.999825
0.99972
0.99962
0.999544
0.999494
0.999466
0.999457
0.999458
0.999469
0.999511
0.999632
0.999763
0.999858
0.999918
0.999953
0.999972
0.999982
0.999988
0.999991
0.999993
0.999994
0.999994
0.999994
0.999994
0.999993
0.999992
0.999991
0.999988
0.999982
0.999976
0.999972
0.999967
0.999953
0.999887
0.999538
0.99784
0.995239
0.994179
0.994109
0.99469
0.996673
0.998093
0.998772
0.999074
0.999234
0.999356
0.999462
0.999536
0.999567
0.999564
0.999493
0.999268
0.999112
0.999058
0.999059
0.999119
0.999371
0.999653
0.999826
0.999917
0.999952
0.999958
0.999951
0.999913
0.999883
0.999878
0.999882
0.999904
0.99994
0.999964
0.999978
0.999986
0.99999
0.999991
0.99999
0.999986
0.920418
0.960501
0.965939
0.959912
0.937807
0.924841
0.922613
0.923481
0.924599
0.926725
0.933951
0.941026
0.940115
0.927916
0.901271
0.89867
0.915468
0.962967
0.988218
0.996927
0.999328
0.999874
0.99998
0.999997
1
0.999995
0.999847
0.997364
0.972893
0.806172
0.545299
0.437244
0.423062
0.456007
0.540333
0.564943
0.614216
0.736907
0.773569
0.793268
0.810811
0.821385
0.821108
0.809047
0.780245
0.766067
0.763762
0.766462
0.782997
0.804061
0.810751
0.807955
0.78449
0.694657
0.500891
0.371857
0.2987
0.259835
0.239653
0.231365
0.232065
0.244726
0.310588
0.577334
0.859548
0.95792
0.969398
0.956443
0.941174
0.920241
0.895477
0.877488
0.867549
0.86227
0.859212
0.856853
0.854483
0.851556
0.847917
0.844271
0.843371
0.858777
0.902053
0.941426
0.968783
0.9849
0.993212
0.997119
0.99883
0.99954
0.999824
0.999934
0.999976
0.999991
0.999997
0.999999
0.999999
1
1
1
0.999999
0.999999
0.999998
0.999996
0.99999
0.999979
0.999968
0.999959
0.99995
0.999942
0.999936
0.999934
0.999934
0.999937
0.999947
0.999964
0.999977
0.999986
0.999991
0.999995
0.999996
0.999997
0.999998
0.999998
0.999998
0.999998
0.999997
0.999996
0.999995
0.999994
0.999992
0.999988
0.999984
0.999981
0.99998
0.999978
0.999972
0.99994
0.999762
0.998849
0.996737
0.995687
0.995534
0.995827
0.997184
0.998439
0.999081
0.999398
0.999567
0.999672
0.999741
0.999782
0.999798
0.999798
0.999771
0.99967
0.999584
0.999546
0.99954
0.999554
0.99964
0.999794
0.999895
0.999951
0.999975
0.999982
0.999982
0.999974
0.999965
0.999963
0.999964
0.999971
0.999982
0.999989
0.999993
0.999996
0.999997
0.999997
0.999997
0.999995
0.915726
0.947265
0.962
0.960263
0.952979
0.93696
0.928902
0.927869
0.928842
0.933402
0.942811
0.943579
0.93939
0.915854
0.898676
0.900877
0.929539
0.973696
0.992497
0.998172
0.999602
0.99992
0.999985
0.999997
1
1
0.999992
0.999748
0.995966
0.96245
0.765061
0.527071
0.441948
0.441282
0.501753
0.548919
0.583589
0.693676
0.762899
0.789648
0.808138
0.817358
0.817404
0.80838
0.78058
0.762113
0.758739
0.760327
0.772264
0.798094
0.808165
0.807523
0.794818
0.738751
0.573825
0.413343
0.318888
0.268891
0.243092
0.232019
0.230427
0.234314
0.261655
0.392757
0.731013
0.920131
0.959152
0.949312
0.923659
0.89743
0.878818
0.868932
0.864174
0.86145
0.860876
0.86188
0.862759
0.860507
0.853856
0.84483
0.836484
0.831097
0.839141
0.886195
0.935696
0.967903
0.985358
0.993765
0.997487
0.99903
0.999638
0.999868
0.999952
0.999983
0.999994
0.999998
0.999999
1
1
1
1
1
1
1
1
0.999999
0.999998
0.999997
0.999996
0.999995
0.999994
0.999993
0.999992
0.999992
0.999993
0.999994
0.999996
0.999997
0.999998
0.999999
0.999999
0.999999
0.999999
0.999999
0.999999
0.999998
0.999997
0.999996
0.999995
0.999994
0.999991
0.999987
0.999983
0.999981
0.999981
0.999981
0.999979
0.999964
0.999871
0.999377
0.997822
0.996824
0.996622
0.996771
0.997671
0.998732
0.999305
0.999596
0.999746
0.999827
0.999871
0.999894
0.999902
0.999903
0.999893
0.999851
0.99981
0.999789
0.999784
0.999787
0.999814
0.999887
0.999942
0.999973
0.999987
0.999992
0.999993
0.999992
0.99999
0.99999
0.99999
0.999992
0.999995
0.999997
0.999998
0.999999
0.999999
0.999999
0.999999
0.999998
0.904291
0.928208
0.953236
0.958018
0.956207
0.951651
0.943976
0.942536
0.943603
0.946345
0.946384
0.94343
0.9261
0.899879
0.897806
0.911025
0.957847
0.988919
0.99732
0.999404
0.999879
0.999977
0.999996
0.999999
1
1
1
0.999976
0.999406
0.992307
0.938359
0.703849
0.502945
0.45107
0.462488
0.522163
0.556334
0.625713
0.737196
0.781054
0.803299
0.813192
0.813973
0.80809
0.782742
0.761057
0.754096
0.75423
0.761149
0.786111
0.804166
0.806307
0.800733
0.769478
0.652705
0.474682
0.357954
0.287895
0.251823
0.235067
0.230916
0.232042
0.243279
0.300151
0.534827
0.837496
0.937983
0.942854
0.918614
0.889556
0.876023
0.869344
0.865904
0.866911
0.87403
0.881846
0.885449
0.885536
0.881275
0.86763
0.845409
0.830384
0.824035
0.832899
0.887777
0.940921
0.972295
0.988023
0.995145
0.998132
0.99931
0.999753
0.999914
0.99997
0.99999
0.999997
0.999999
1
1
1
1
1
1
1
1
1
1
1
1
1
0.999999
0.999999
0.999999
0.999999
0.999999
0.999999
0.999999
0.999999
1
1
1
1
1
0.999999
0.999999
0.999998
0.999996
0.999993
0.999992
0.99999
0.999985
0.99998
0.999978
0.999978
0.999978
0.99998
0.99998
0.999973
0.999924
0.999648
0.998571
0.997667
0.997442
0.997515
0.998099
0.99897
0.999463
0.999716
0.999841
0.999902
0.999932
0.999946
0.999951
0.999951
0.999948
0.999931
0.999913
0.999903
0.9999
0.9999
0.999909
0.999941
0.999969
0.999985
0.999993
0.999997
0.999998
0.999998
0.999998
0.999998
0.999998
0.999998
0.999999
0.999999
1
1
1
1
1
0.999999
0.849839
0.882375
0.932398
0.949627
0.953381
0.95231
0.949563
0.948493
0.948331
0.947448
0.943299
0.926788
0.89829
0.894945
0.905469
0.948372
0.985195
0.996141
0.999081
0.9998
0.99996
0.999993
0.999999
1
1
1
1
0.999998
0.99991
0.998412
0.983915
0.891179
0.631466
0.484825
0.463803
0.486509
0.534922
0.578747
0.686775
0.762845
0.795952
0.808692
0.810739
0.807524
0.787147
0.762145
0.75099
0.750275
0.753742
0.7732
0.796964
0.803687
0.801328
0.785477
0.721598
0.55967
0.41542
0.321368
0.268836
0.242691
0.233284
0.232983
0.237638
0.262504
0.367368
0.687817
0.889504
0.930572
0.920702
0.89195
0.877501
0.870894
0.870372
0.875619
0.885828
0.889984
0.891211
0.891312
0.890613
0.887479
0.872677
0.839741
0.82291
0.819712
0.838534
0.904936
0.953738
0.97951
0.991572
0.996737
0.998798
0.999574
0.999853
0.999951
0.999984
0.999995
0.999998
0.999999
1
1
1
1
1
1
1
1
1
1
1
1
1
1
1
1
1
1
1
1
1
1
1
1
0.999999
0.999999
0.999998
0.999997
0.999992
0.999985
0.999982
0.999978
0.999969
0.999964
0.999964
0.999964
0.999969
0.999977
0.999979
0.999976
0.99995
0.999791
0.999066
0.998284
0.998054
0.998086
0.998459
0.999159
0.999575
0.999788
0.999892
0.99994
0.999962
0.999971
0.999974
0.999975
0.999974
0.999968
0.99996
0.999956
0.999954
0.999954
0.999957
0.99997
0.999984
0.999993
0.999997
0.999998
0.999999
0.999999
0.999999
0.999999
1
1
1
1
1
1
1
1
1
1
0.815043
0.835431
0.885004
0.92616
0.941098
0.94603
0.94579
0.945119
0.943146
0.936587
0.914859
0.891113
0.890792
0.903238
0.949299
0.984808
0.995849
0.998965
0.999766
0.999951
0.999991
0.999998
1
1
1
1
1
1
0.999986
0.999666
0.995699
0.966024
0.806979
0.567542
0.478718
0.476799
0.506746
0.542584
0.616748
0.728741
0.782943
0.803722
0.808099
0.806635
0.794608
0.765451
0.750557
0.746436
0.747582
0.757942
0.786272
0.799871
0.800131
0.793185
0.759783
0.64711
0.482479
0.373331
0.302994
0.258893
0.239906
0.236109
0.238601
0.250493
0.297309
0.491087
0.791322
0.902967
0.914497
0.900653
0.881492
0.874603
0.874889
0.880298
0.887614
0.890665
0.89165
0.891731
0.891369
0.889657
0.884033
0.858861
0.826129
0.815288
0.818555
0.864857
0.931152
0.968563
0.986783
0.99481
0.998075
0.999319
0.999768
0.999923
0.999975
0.999992
0.999997
0.999999
1
1
1
1
1
1
1
1
1
1
1
1
1
1
1
1
1
1
1
1
1
1
1
1
0.999999
0.999998
0.999995
0.999991
0.999976
0.99996
0.999955
0.999946
0.999932
0.999929
0.99993
0.999933
0.999945
0.999965
0.999975
0.999975
0.999962
0.999867
0.999387
0.998735
0.998518
0.998528
0.998768
0.999319
0.999661
0.999838
0.999922
0.99996
0.999977
0.999984
0.999986
0.999987
0.999986
0.999984
0.999982
0.99998
0.999979
0.999979
0.999981
0.999986
0.999993
0.999996
0.999998
0.999999
1
1
1
1
1
1
1
1
1
1
1
1
1
1
0.815686
0.821321
0.841139
0.878611
0.904484
0.921704
0.924114
0.921472
0.912397
0.885456
0.878085
0.884206
0.907698
0.964229
0.988843
0.996818
0.999175
0.999807
0.999959
0.999992
0.999998
1
1
1
1
1
1
1
0.999998
0.999928
0.998847
0.988804
0.929028
0.70152
0.523904
0.482181
0.488556
0.519351
0.567722
0.674049
0.756422
0.793778
0.804554
0.804894
0.79872
0.77248
0.751801
0.744192
0.744265
0.749226
0.772746
0.793174
0.797593
0.79454
0.778108
0.718486
0.56908
0.438049
0.346716
0.286786
0.253881
0.244306
0.244469
0.251387
0.274028
0.355292
0.627011
0.840803
0.899744
0.901362
0.890736
0.879753
0.878904
0.881045
0.886602
0.889819
0.891337
0.891578
0.891309
0.88981
0.884971
0.868435
0.830506
0.812889
0.811443
0.834428
0.907308
0.956219
0.981116
0.992443
0.997161
0.998989
0.999656
0.999887
0.999964
0.999989
0.999996
0.999999
1
1
1
1
1
1
1
1
1
1
1
1
1
1
1
1
1
1
1
1
1
1
1
0.999999
0.999997
0.999993
0.999986
0.999972
0.999929
0.999898
0.999888
0.999868
0.999854
0.999855
0.999859
0.99987
0.999897
0.99994
0.999965
0.999971
0.999964
0.999908
0.999592
0.999066
0.998873
0.998873
0.999033
0.999457
0.999734
0.999876
0.999943
0.999972
0.999985
0.99999
0.999992
0.999993
0.999993
0.999992
0.999991
0.999991
0.999991
0.999991
0.999991
0.999994
0.999997
0.999998
0.999999
1
1
1
1
1
1
1
1
1
1
1
1
1
1
1
0.816126
0.818401
0.825476
0.841865
0.853575
0.863814
0.862597
0.854411
0.853911
0.862615
0.88776
0.945558
0.980889
0.99397
0.998253
0.999541
0.999892
0.999977
0.999995
0.999999
1
1
1
1
1
1
1
1
1
0.999985
0.999685
0.996309
0.97303
0.848606
0.608006
0.501852
0.489384
0.501141
0.534098
0.607076
0.720219
0.778796
0.799489
0.802783
0.800087
0.782823
0.75518
0.743494
0.740896
0.742875
0.756143
0.783148
0.793292
0.793255
0.786181
0.755557
0.656605
0.507417
0.402276
0.330139
0.282157
0.26026
0.256904
0.258382
0.269508
0.305757
0.445523
0.725435
0.860166
0.893826
0.893952
0.887954
0.883544
0.8836
0.885364
0.888641
0.890555
0.890921
0.890524
0.888701
0.884001
0.869763
0.831919
0.809388
0.806208
0.818322
0.884076
0.9438
0.975118
0.989826
0.996114
0.9986
0.99952
0.999842
0.99995
0.999984
0.999995
0.999999
1
1
1
1
1
1
1
1
1
1
1
1
1
1
1
1
1
1
1
1
1
1
0.999999
0.999997
0.999992
0.999981
0.99996
0.999912
0.999799
0.999748
0.999714
0.999689
0.999691
0.999701
0.999722
0.999754
0.999817
0.999891
0.999943
0.999962
0.99996
0.999927
0.99972
0.999308
0.999146
0.999142
0.999252
0.999575
0.999793
0.999905
0.999957
0.99998
0.99999
0.999994
0.999996
0.999996
0.999996
0.999996
0.999996
0.999996
0.999996
0.999996
0.999996
0.999998
0.999999
0.999999
1
1
1
1
1
1
1
1
1
1
1
1
1
1
1
1
0.819575
0.827212
0.828745
0.837738
0.841462
0.848506
0.864243
0.886009
0.921679
0.961488
0.983862
0.994117
0.998079
0.999432
0.999849
0.999964
0.999992
0.999998
1
1
1
1
1
1
1
1
1
1
1
0.999997
0.999913
0.998787
0.98947
0.936391
0.730342
0.547199
0.49576
0.49606
0.512496
0.558687
0.6634
0.753621
0.790753
0.800261
0.79957
0.790491
0.762494
0.744559
0.738964
0.739503
0.746184
0.770924
0.787685
0.790693
0.787679
0.772777
0.721313
0.590788
0.46974
0.38027
0.316583
0.280801
0.270451
0.270817
0.275112
0.292405
0.350677
0.554748
0.77669
0.865841
0.888126
0.889441
0.888434
0.887474
0.887688
0.888792
0.890064
0.889945
0.888792
0.88505
0.878751
0.866583
0.831188
0.804501
0.799506
0.808023
0.865092
0.932502
0.969389
0.987222
0.995033
0.998185
0.999372
0.999792
0.999934
0.99998
0.999994
0.999998
0.999999
1
1
1
1
1
1
1
1
1
1
1
1
1
1
1
1
1
1
1
1
0.999999
0.999998
0.999992
0.999979
0.999948
0.999888
0.999725
0.999512
0.999372
0.999292
0.9993
0.999335
0.999411
0.999464
0.999521
0.999646
0.999792
0.999896
0.999944
0.999951
0.999933
0.999799
0.999482
0.999349
0.999344
0.999423
0.999669
0.99984
0.999927
0.999968
0.999985
0.999993
0.999996
0.999997
0.999998
0.999998
0.999998
0.999998
0.999998
0.999998
0.999998
0.999998
0.999999
0.999999
1
1
1
1
1
1
1
1
1
1
1
1
1
1
1
1
1
0.867818
0.92029
0.953121
0.96875
0.977072
0.983035
0.988344
0.992926
0.996286
0.998315
0.999335
0.999769
0.999929
0.999981
0.999995
0.999999
1
1
1
1
1
1
1
1
1
1
1
1
1
0.999999
0.999975
0.999598
0.995945
0.972471
0.850249
0.623566
0.515984
0.498336
0.503841
0.530042
0.607955
0.712023
0.774169
0.795489
0.798246
0.794326
0.772835
0.747592
0.73765
0.735997
0.738828
0.754457
0.778665
0.786953
0.786591
0.780095
0.753882
0.672298
0.541521
0.440648
0.365146
0.315525
0.291973
0.28696
0.287892
0.295842
0.321855
0.410132
0.643236
0.803081
0.865459
0.883516
0.887452
0.888752
0.889041
0.889516
0.889246
0.888131
0.884929
0.87751
0.869606
0.855933
0.823856
0.798536
0.792777
0.799628
0.850793
0.923115
0.96437
0.984849
0.994016
0.997784
0.999224
0.999741
0.999917
0.999974
0.999992
0.999998
0.999999
1
1
1
1
1
1
1
1
1
1
1
1
1
1
1
1
1
1
1
1
0.999998
0.999994
0.99998
0.999944
0.999864
0.999695
0.999278
0.99888
0.998472
0.998398
0.998454
0.99861
0.998812
0.999001
0.999192
0.999418
0.999637
0.999809
0.999906
0.999934
0.999927
0.999845
0.999609
0.9995
0.999495
0.999553
0.999742
0.999876
0.999944
0.999975
0.999989
0.999995
0.999997
0.999998
0.999999
0.999999
0.999999
0.999999
0.999999
0.999999
0.999999
0.999999
1
1
1
1
1
1
1
1
1
1
1
1
1
1
1
1
1
1
1
0.999876
0.999993
1
1
1
1
1
1
1
1
1
1
1
1
1
1
1
1
1
1
1
1
1
1
1
1
1
1
1
1
0.999993
0.999863
0.998437
0.988053
0.93101
0.726698
0.557466
0.506238
0.503752
0.514273
0.557178
0.663898
0.74678
0.786013
0.795794
0.794444
0.783534
0.754213
0.738467
0.733985
0.73458
0.741793
0.766894
0.781398
0.783989
0.781324
0.768968
0.727923
0.61841
0.507337
0.422945
0.359943
0.3199
0.304395
0.303271
0.305408
0.317844
0.355584
0.48355
0.687086
0.808386
0.858951
0.877884
0.884123
0.886684
0.88647
0.885201
0.882086
0.874946
0.864271
0.855576
0.839198
0.809914
0.789934
0.785644
0.792247
0.840893
0.915791
0.960185
0.982778
0.993096
0.997409
0.999082
0.99969
0.9999
0.999969
0.999991
0.999997
0.999999
1
1
1
1
1
1
1
1
1
1
1
1
1
1
1
1
1
1
1
0.999999
0.999996
0.999984
0.999946
0.999852
0.999642
0.99913
0.998304
0.997424
0.996619
0.996566
0.996696
0.997081
0.99765
0.998026
0.998445
0.998937
0.999363
0.999667
0.999841
0.999906
0.99991
0.999868
0.999708
0.999622
0.999617
0.999659
0.999801
0.999905
0.999957
0.999981
0.999992
0.999996
0.999998
0.999999
0.999999
0.999999
0.999999
0.999999
0.999999
0.999999
1
1
1
1
1
1
1
1
1
1
1
1
1
1
1
1
1
1
1
1
1
1
1
1
1
1
1
1
1
1
1
1
1
1
1
1
1
1
1
1
1
1
1
1
1
1
1
1
1
1
1
0.999998
0.999954
0.999417
0.995012
0.968689
0.841048
0.628144
0.526822
0.506218
0.508535
0.528873
0.602472
0.71125
0.769442
0.790849
0.793361
0.788903
0.765709
0.741628
0.732042
0.731449
0.734183
0.747114
0.772834
0.780581
0.780181
0.775335
0.756426
0.703237
0.585738
0.488002
0.412466
0.359261
0.329784
0.32155
0.32201
0.326985
0.345449
0.393146
0.533904
0.695819
0.793886
0.842118
0.862696
0.872142
0.872564
0.87046
0.865132
0.854054
0.84176
0.832689
0.816281
0.793625
0.779713
0.777478
0.784892
0.836178
0.911371
0.957133
0.981124
0.992333
0.997091
0.998959
0.999646
0.999885
0.999964
0.999989
0.999997
0.999999
1
1
1
0.999999
0.999999
0.999999
0.999999
0.999999
0.999999
1
1
1
1
1
1
1
1
1
0.999999
0.999997
0.999988
0.999956
0.999856
0.999616
0.999047
0.997691
0.996243
0.994583
0.993432
0.993412
0.993651
0.994282
0.995306
0.996375
0.997237
0.998006
0.998745
0.999333
0.999691
0.999849
0.999883
0.999868
0.999777
0.999713
0.999709
0.999741
0.999849
0.999928
0.999968
0.999986
0.999994
0.999997
0.999998
0.999999
0.999999
0.999999
0.999999
0.999999
1
1
1
1
1
1
1
1
1
1
1
1
1
1
1
1
1
1
1
1
1
1
1
1
1
1
1
1
1
1
1
1
1
1
1
1
1
1
1
1
1
1
1
1
1
1
1
1
1
1
1
1
1
0.999999
0.999986
0.999799
0.998104
0.986793
0.928215
0.733855
0.572194
0.5165
0.510055
0.516655
0.551227
0.651677
0.739954
0.780308
0.790527
0.78914
0.778754
0.749391
0.733441
0.727437
0.728155
0.733642
0.754068
0.773187
0.777308
0.775284
0.767669
0.743973
0.68117
0.573377
0.482152
0.410497
0.366422
0.348278
0.346096
0.34799
0.356368
0.379238
0.429223
0.552816
0.675427
0.757805
0.802663
0.8272
0.835162
0.83328
0.827221
0.816478
0.806329
0.798534
0.785476
0.774619
0.769959
0.770634
0.781358
0.834806
0.909432
0.955719
0.980303
0.991928
0.996916
0.998891
0.999621
0.999876
0.999961
0.999988
0.999996
0.999999
0.999999
0.999999
0.999999
0.999997
0.999996
0.999996
0.999996
0.999997
0.999998
0.999999
0.999999
1
1
1
1
1
1
0.999999
0.999998
0.999993
0.999969
0.999883
0.999631
0.999061
0.997432
0.995045
0.992876
0.990347
0.989263
0.989356
0.989817
0.990987
0.992107
0.993437
0.995046
0.996596
0.997949
0.998899
0.999473
0.999753
0.999847
0.999852
0.999819
0.999782
0.999781
0.999805
0.999885
0.999945
0.999975
0.999989
0.999995
0.999998
0.999999
0.999999
0.999999
0.999999
1
1
1
1
1
1
1
1
1
1
1
1
1
1
1
1
1
1
1
1
1
1
1
1
1
1
1
1
1
1
1
1
1
1
1
1
1
1
1
1
1
1
1
1
1
1
1
1
1
1
1
1
1
1
1
1
0.999996
0.999935
0.999329
0.994912
0.969781
0.854982
0.65319
0.544828
0.515666
0.515268
0.527232
0.577567
0.691712
0.758807
0.783733
0.787644
0.784217
0.76673
0.738701
0.727706
0.724229
0.725601
0.733645
0.75676
0.770797
0.772949
0.770031
0.760571
0.734082
0.672403
0.576326
0.48724
0.417019
0.383052
0.376623
0.377665
0.382299
0.394443
0.417722
0.459008
0.546482
0.633387
0.69912
0.739458
0.761312
0.763017
0.760623
0.756195
0.756565
0.759012
0.761829
0.762718
0.764032
0.767718
0.78069
0.835199
0.908993
0.955278
0.980024
0.991782
0.99685
0.998864
0.999611
0.999873
0.99996
0.999988
0.999996
0.999999
0.999999
0.999999
0.999997
0.999991
0.999989
0.999989
0.999989
0.999992
0.999995
0.999997
0.999998
0.999999
0.999999
1
1
1
0.999999
0.999999
0.999996
0.99998
0.99992
0.999708
0.999114
0.997907
0.994376
0.991326
0.988296
0.984948
0.984289
0.984632
0.98566
0.987479
0.989222
0.990324
0.992082
0.994465
0.996423
0.997934
0.998946
0.999507
0.999749
0.999823
0.999827
0.999823
0.999825
0.999846
0.999912
0.999958
0.999981
0.999991
0.999996
0.999998
0.999999
0.999999
0.999999
1
1
1
1
1
1
1
1
1
1
1
1
1
1
1
1
1
1
1
1
1
1
1
1
1
1
1
1
1
1
1
1
1
1
1
1
1
1
1
1
1
1
1
1
1
1
1
1
1
1
1
1
1
1
1
1
1
0.999999
0.99998
0.99977
0.998136
0.988001
0.939231
0.773398
0.605668
0.533606
0.517962
0.520394
0.540572
0.615464
0.718543
0.768146
0.783412
0.783406
0.777273
0.752006
0.731036
0.721748
0.720454
0.722642
0.731734
0.754977
0.766584
0.767271
0.763729
0.753663
0.728776
0.675367
0.588291
0.505256
0.442738
0.416644
0.415105
0.417658
0.42492
0.441036
0.458282
0.484212
0.529544
0.581481
0.62735
0.65052
0.659191
0.671692
0.697498
0.724709
0.744394
0.754703
0.759017
0.761933
0.767177
0.782535
0.840886
0.911514
0.956085
0.980238
0.991828
0.996859
0.998865
0.999611
0.999873
0.99996
0.999988
0.999996
0.999998
0.999998
0.999997
0.999991
0.999974
0.999968
0.999968
0.999971
0.999981
0.999989
0.999994
0.999996
0.999998
0.999999
0.999999
0.999999
0.999999
0.999999
0.999997
0.999989
0.999949
0.999802
0.999329
0.997972
0.995768
0.989996
0.986
0.982261
0.977959
0.977357
0.977988
0.980044
0.983829
0.986527
0.987969
0.989113
0.991383
0.994582
0.996977
0.998461
0.999276
0.99965
0.999786
0.999822
0.999832
0.999848
0.99989
0.999937
0.999968
0.999985
0.999993
0.999996
0.999998
0.999999
0.999999
0.999999
1
1
1
1
1
1
1
1
1
1
1
1
1
1
1
1
1
1
1
1
1
1
1
1
1
1
1
1
1
1
1
1
1
1
1
1
1
1
1
1
1
1
1
1
1
1
1
1
1
1
1
1
1
1
1
1
1
1
0.999994
0.999922
0.999289
0.995204
0.973828
0.883642
0.706595
0.579079
0.530494
0.522832
0.527942
0.556951
0.645891
0.736234
0.772194
0.78076
0.77944
0.770392
0.74222
0.724598
0.7167
0.716152
0.718597
0.727252
0.748802
0.759453
0.759709
0.755605
0.74572
0.724509
0.679363
0.607389
0.540185
0.491875
0.467375
0.465482
0.468161
0.47624
0.489629
0.500292
0.511961
0.53551
0.555679
0.56789
0.591794
0.634819
0.680605
0.717468
0.741113
0.753113
0.758115
0.761459
0.767885
0.787471
0.853086
0.919527
0.960314
0.982143
0.992597
0.997148
0.998969
0.999648
0.999885
0.999964
0.999989
0.999996
0.999997
0.999997
0.999993
0.999974
0.999927
0.999912
0.999913
0.999923
0.999951
0.999972
0.999985
0.999992
0.999996
0.999998
0.999998
0.999999
0.999999
0.999998
0.999994
0.999971
0.999872
0.999537
0.998581
0.995725
0.991892
0.984142
0.978675
0.97512
0.969733
0.968403
0.969083
0.971383
0.977624
0.983309
0.985972
0.987043
0.988466
0.991603
0.994962
0.997354
0.998737
0.999424
0.999707
0.999801
0.999835
0.99987
0.999914
0.999951
0.999975
0.999988
0.999994
0.999997
0.999998
0.999999
0.999999
0.999999
1
1
1
1
1
1
1
1
1
1
1
1
1
1
1
1
1
1
1
1
1
1
1
1
1
1
1
1
1
1
1
1
1
1
1
1
1
1
1
1
1
1
1
1
1
1
1
1
1
1
1
1
1
1
1
1
1
1
0.999999
0.999981
0.999788
0.998367
0.990193
0.951787
0.818937
0.662724
0.565449
0.532225
0.529701
0.536676
0.570219
0.667171
0.744611
0.772273
0.777659
0.77553
0.765259
0.736333
0.719703
0.712447
0.710986
0.713225
0.720622
0.73812
0.746987
0.748246
0.744173
0.734839
0.717444
0.680805
0.633412
0.586403
0.552435
0.530272
0.521178
0.521629
0.524196
0.52997
0.533872
0.537958
0.543288
0.552353
0.576786
0.629026
0.679246
0.717461
0.741272
0.753193
0.758122
0.762066
0.770411
0.796667
0.868426
0.928979
0.965633
0.984808
0.993793
0.997637
0.999154
0.999714
0.999908
0.999972
0.999991
0.999995
0.999995
0.999993
0.999982
0.999928
0.999805
0.999769
0.999773
0.999804
0.99988
0.999935
0.999967
0.999983
0.999992
0.999996
0.999997
0.999998
0.999997
0.999996
0.999986
0.999928
0.999696
0.998984
0.997076
0.991627
0.984959
0.97793
0.97217
0.968901
0.962919
0.959979
0.960298
0.962172
0.967854
0.977785
0.983378
0.985565
0.986815
0.989355
0.993151
0.996287
0.998226
0.999197
0.999611
0.999764
0.999831
0.999883
0.999927
0.999959
0.999979
0.999989
0.999995
0.999997
0.999998
0.999999
0.999999
0.999999
0.999999
1
1
1
1
1
1
1
1
1
1
1
1
1
1
1
1
1
1
1
1
1
1
1
1
1
1
1
1
1
1
1
1
1
1
1
1
1
1
1
1
1
1
1
1
1
1
1
1
1
1
1
1
1
1
1
1
1
1
0.999996
0.99995
0.999544
0.996955
0.983472
0.925855
0.775364
0.640404
0.561574
0.536395
0.536018
0.544166
0.579801
0.679029
0.747398
0.77023
0.773846
0.771451
0.761052
0.732382
0.715697
0.709131
0.705681
0.706983
0.711925
0.723177
0.730337
0.731794
0.72955
0.722431
0.706256
0.685508
0.660639
0.632911
0.605981
0.583556
0.566759
0.555896
0.55076
0.549664
0.5498
0.550908
0.55632
0.579192
0.638388
0.690502
0.725839
0.746016
0.75552
0.759825
0.764972
0.776586
0.814749
0.887069
0.940045
0.971311
0.987412
0.994888
0.998061
0.999307
0.999766
0.999925
0.999977
0.999991
0.999994
0.999992
0.999984
0.999953
0.99981
0.999512
0.999427
0.999439
0.999523
0.999718
0.999853
0.999928
0.999966
0.999983
0.999992
0.999995
0.999996
0.999995
0.999992
0.999965
0.999824
0.999319
0.997895
0.994026
0.985055
0.979083
0.973821
0.969052
0.964392
0.957376
0.953248
0.953306
0.954677
0.958616
0.969483
0.979342
0.98345
0.98488
0.987039
0.991107
0.994827
0.997306
0.998699
0.999375
0.999673
0.99981
0.999885
0.999933
0.999964
0.999981
0.99999
0.999995
0.999997
0.999998
0.999998
0.999999
0.999999
0.999999
1
1
1
1
1
1
1
1
1
1
1
1
1
1
1
1
1
1
1
1
1
1
1
1
1
1
1
1
1
1
1
1
1
1
1
1
1
1
1
1
1
1
1
1
1
1
1
1
1
1
1
1
1
1
1
1
1
1
0.999999
0.99999
0.999885
0.999126
0.994835
0.97489
0.894961
0.746126
0.630565
0.563274
0.542168
0.542819
0.551717
0.586348
0.681286
0.745186
0.766243
0.769539
0.767268
0.757923
0.731211
0.713437
0.706433
0.701647
0.7015
0.703639
0.70845
0.714699
0.716704
0.715809
0.709719
0.699426
0.690168
0.680175
0.659694
0.631971
0.603611
0.579739
0.564078
0.557751
0.557265
0.559977
0.573881
0.621566
0.684069
0.725584
0.747728
0.757299
0.761775
0.765259
0.772066
0.789052
0.842632
0.909961
0.954374
0.978975
0.991037
0.996444
0.998667
0.999522
0.999836
0.999948
0.999983
0.999991
0.999991
0.999985
0.99996
0.999884
0.999545
0.998871
0.99868
0.998707
0.998902
0.999362
0.999679
0.999849
0.999931
0.999968
0.999985
0.999991
0.999993
0.999992
0.999983
0.999913
0.999586
0.998564
0.995834
0.987854
0.979979
0.976298
0.971694
0.965673
0.957643
0.948244
0.944928
0.945467
0.947527
0.951617
0.961356
0.973977
0.98091
0.983426
0.985379
0.989211
0.993352
0.996468
0.998312
0.999218
0.999616
0.999793
0.999883
0.999936
0.999966
0.999983
0.999991
0.999995
0.999996
0.999997
0.999997
0.999998
0.999999
0.999999
0.999999
0.999999
0.999999
0.999999
0.999999
0.999999
0.999999
0.999999
0.999999
0.999999
0.999999
1
1
1
1
1
1
1
1
1
1
1
1
1
1
1
1
1
1
1
1
1
1
1
1
1
1
1
1
1
1
1
1
1
1
1
1
1
1
1
1
1
1
1
1
1
1
1
1
0.999998
0.999976
0.999784
0.998571
0.992405
0.966736
0.874089
0.730097
0.627891
0.569101
0.549915
0.550942
0.559278
0.590102
0.673223
0.737979
0.760539
0.765035
0.763438
0.756454
0.734858
0.714588
0.703861
0.700209
0.696277
0.696106
0.697104
0.699069
0.702977
0.702857
0.699095
0.693849
0.688432
0.67842
0.652765
0.618445
0.588888
0.571644
0.566811
0.567713
0.577291
0.620585
0.693866
0.734154
0.753113
0.762577
0.767493
0.770077
0.774633
0.784757
0.812004
0.877909
0.932554
0.967026
0.985437
0.994047
0.997691
0.999151
0.999704
0.999902
0.999968
0.999987
0.99999
0.999986
0.999966
0.999901
0.999723
0.99902
0.997651
0.997236
0.997285
0.997661
0.998634
0.999327
0.999695
0.999866
0.999941
0.999973
0.999985
0.999988
0.999986
0.999963
0.999784
0.999069
0.997162
0.992014
0.982712
0.977619
0.974657
0.968726
0.958561
0.94772
0.937596
0.934973
0.935836
0.939242
0.944243
0.954075
0.968864
0.978247
0.98194
0.983912
0.987594
0.99206
0.995653
0.99786
0.998991
0.999517
0.999759
0.999876
0.999935
0.999967
0.999983
0.999991
0.999994
0.999995
0.999996
0.999996
0.999997
0.999998
0.999998
0.999999
0.999999
0.999999
0.999999
0.999999
0.999999
0.999998
0.999998
0.999998
0.999998
0.999999
0.999999
0.999999
0.999999
0.999999
0.999999
1
1
1
1
1
1
1
1
1
1
1
1
1
1
1
1
1
1
1
1
1
1
1
1
1
1
1
1
1
1
1
1
1
1
1
1
1
1
1
1
1
1
1
1
0.999996
0.999954
0.999651
0.997945
0.990182
0.961374
0.867193
0.730777
0.631476
0.577435
0.558908
0.559827
0.566821
0.591934
0.659267
0.727314
0.753589
0.760668
0.759996
0.755471
0.742494
0.717546
0.705272
0.697794
0.693955
0.690305
0.687253
0.686782
0.687512
0.688094
0.686722
0.682764
0.67434
0.652219
0.617159
0.590618
0.579444
0.578564
0.58387
0.617009
0.690532
0.734448
0.755205
0.763448
0.767557
0.772335
0.777648
0.786528
0.805427
0.853602
0.912588
0.953456
0.977373
0.989784
0.995689
0.998305
0.999374
0.999783
0.999929
0.999976
0.999987
0.999986
0.999974
0.999917
0.999747
0.999361
0.99813
0.995736
0.994894
0.994941
0.995503
0.997259
0.998666
0.999409
0.99975
0.999895
0.999954
0.999976
0.99998
0.999975
0.999915
0.999467
0.998033
0.994814
0.987104
0.980212
0.976618
0.972537
0.963957
0.950993
0.939827
0.931168
0.928338
0.928865
0.931558
0.937064
0.947933
0.963317
0.975045
0.980103
0.982353
0.98625
0.991054
0.994973
0.997445
0.998771
0.999419
0.999722
0.999865
0.999934
0.999967
0.999983
0.99999
0.999992
0.999993
0.999994
0.999995
0.999996
0.999997
0.999998
0.999998
0.999998
0.999998
0.999998
0.999998
0.999997
0.999997
0.999997
0.999997
0.999997
0.999997
0.999998
0.999998
0.999998
0.999998
0.999999
0.999999
0.999999
1
1
1
1
1
1
1
1
1
1
1
1
1
1
1
1
1
1
1
1
1
1
1
1
1
1
1
1
1
1
1
1
1
1
1
1
1
1
1
1
1
1
0.999999
0.999991
0.999921
0.999473
0.997215
0.987902
0.955892
0.857323
0.734895
0.638635
0.586087
0.567809
0.568353
0.574225
0.594241
0.647941
0.717779
0.747216
0.756756
0.756839
0.754848
0.747301
0.727712
0.7085
0.697841
0.691359
0.686799
0.681227
0.675415
0.669901
0.665613
0.661653
0.655666
0.63708
0.608331
0.593027
0.590396
0.593539
0.613647
0.679766
0.729319
0.754823
0.765403
0.768603
0.771392
0.778745
0.788549
0.804894
0.841283
0.897889
0.942382
0.970917
0.986542
0.994108
0.997524
0.999009
0.999624
0.999865
0.999955
0.999981
0.999985
0.999978
0.999942
0.999797
0.999328
0.998604
0.996874
0.99352
0.991997
0.99196
0.992553
0.99502
0.99757
0.998937
0.999561
0.999822
0.999926
0.999963
0.999969
0.999955
0.999805
0.998725
0.996278
0.991237
0.984272
0.979143
0.975795
0.970306
0.95934
0.945618
0.934106
0.926836
0.924798
0.925196
0.927141
0.931864
0.942851
0.959951
0.972671
0.978322
0.981247
0.985349
0.990253
0.994394
0.99711
0.99861
0.999352
0.999699
0.999859
0.999933
0.999967
0.999982
0.999988
0.999991
0.999992
0.999992
0.999993
0.999994
0.999995
0.999996
0.999996
0.999996
0.999996
0.999996
0.999996
0.999995
0.999995
0.999995
0.999995
0.999994
0.999995
0.999995
0.999995
0.999996
0.999997
0.999998
0.999998
0.999999
0.999999
0.999999
0.999999
0.999999
0.999999
0.999999
0.999999
1
1
1
1
1
1
1
1
1
1
1
1
1
1
1
1
1
1
1
1
1
1
1
1
1
1
1
1
1
1
1
1
1
1
1
1
0.999998
0.999985
0.999883
0.999306
0.996674
0.986634
0.954508
0.857566
0.738192
0.650927
0.598436
0.578481
0.577773
0.58223
0.59765
0.636058
0.704316
0.738559
0.751521
0.754214
0.753751
0.75055
0.742031
0.721875
0.703887
0.692921
0.684002
0.674073
0.665235
0.659947
0.655437
0.64525
0.623706
0.609359
0.606802
0.609724
0.627092
0.687915
0.734903
0.758905
0.768886
0.771944
0.774176
0.778759
0.79154
0.808461
0.839323
0.889847
0.933844
0.964441
0.982378
0.991762
0.996336
0.998467
0.9994
0.999779
0.999922
0.999971
0.999982
0.99998
0.999958
0.999865
0.999518
0.99823
0.997086
0.995244
0.991632
0.989306
0.988996
0.989437
0.991999
0.995984
0.998247
0.99929
0.999721
0.999889
0.999946
0.999952
0.999915
0.999554
0.997203
0.993744
0.988583
0.98297
0.978776
0.974753
0.968009
0.955737
0.941278
0.93008
0.923996
0.922422
0.922773
0.924495
0.928784
0.93885
0.956396
0.970549
0.977201
0.980263
0.984519
0.989757
0.994134
0.996976
0.998543
0.999321
0.999686
0.999853
0.99993
0.999965
0.99998
0.999986
0.999987
0.999988
0.999988
0.99999
0.999991
0.999992
0.999993
0.999993
0.999993
0.999993
0.999993
0.999993
0.999992
0.999991
0.99999
0.99999
0.999989
0.999989
0.999989
0.999989
0.999991
0.999993
0.999995
0.999997
0.999998
0.999998
0.999998
0.999998
0.999998
0.999998
0.999998
0.999999
1
1
1
1
1
1
1
1
1
1
1
1
1
1
1
1
1
1
1
1
1
1
1
1
1
1
1
1
1
1
1
1
1
1
1
1
1
0.999998
0.999981
0.99987
0.9993
0.996912
0.988531
0.963341
0.89434
0.764592
0.669073
0.615926
0.592852
0.589099
0.59225
0.60198
0.623641
0.671944
0.718288
0.740211
0.749485
0.751386
0.750914
0.748211
0.741567
0.729666
0.707202
0.686692
0.673555
0.666823
0.657854
0.643751
0.635328
0.635151
0.640524
0.668713
0.717836
0.749526
0.767028
0.774719
0.777157
0.778759
0.781965
0.79063
0.811692
0.844901
0.892748
0.935314
0.964023
0.980808
0.990022
0.995077
0.997741
0.999046
0.999628
0.999864
0.999952
0.999977
0.999979
0.999967
0.9999
0.99966
0.998926
0.996359
0.994305
0.992959
0.990065
0.987191
0.986383
0.986608
0.988553
0.99387
0.997305
0.998923
0.999589
0.999843
0.999923
0.999926
0.999822
0.998934
0.994742
0.990843
0.986987
0.982458
0.978661
0.974079
0.966322
0.953767
0.939146
0.928173
0.922747
0.921387
0.921567
0.922941
0.926973
0.937878
0.956178
0.969913
0.975939
0.979413
0.984394
0.989822
0.99421
0.997026
0.998568
0.999333
0.999691
0.999855
0.99993
0.999963
0.999977
0.999983
0.999984
0.999984
0.999985
0.999986
0.999987
0.999987
0.999987
0.999986
0.999986
0.999986
0.999986
0.999986
0.999986
0.999985
0.999984
0.999981
0.999979
0.999979
0.999979
0.999979
0.999981
0.999986
0.99999
0.999993
0.999995
0.999996
0.999997
0.999997
0.999997
0.999997
0.999997
0.999997
1
1
1
1
1
1
1
1
1
1
1
1
1
1
1
1
1
1
1
1
1
1
1
1
1
1
1
1
1
1
1
1
1
1
1
1
1
1
0.999998
0.999983
0.999896
0.999482
0.99786
0.992556
0.976825
0.938363
0.836845
0.718969
0.650217
0.617289
0.605288
0.606316
0.611435
0.624034
0.64482
0.67068
0.701278
0.726387
0.739896
0.745147
0.745616
0.744865
0.742041
0.734442
0.719052
0.702251
0.69195
0.690532
0.693035
0.703536
0.730376
0.753892
0.769992
0.77947
0.783182
0.784254
0.785417
0.788011
0.794762
0.813785
0.852728
0.903925
0.943147
0.967058
0.981406
0.989778
0.994777
0.997523
0.998908
0.999551
0.999825
0.999931
0.999968
0.999977
0.99997
0.999922
0.999719
0.999054
0.997526
0.99428
0.991373
0.98999
0.988027
0.985352
0.984208
0.984268
0.985601
0.991272
0.996176
0.998486
0.999435
0.999791
0.999891
0.999879
0.999573
0.997322
0.991455
0.989026
0.986303
0.982388
0.978901
0.973803
0.965639
0.95301
0.938392
0.927519
0.922335
0.921101
0.921458
0.923129
0.927479
0.939245
0.95738
0.970185
0.975327
0.979393
0.984647
0.990188
0.994502
0.997199
0.998655
0.999371
0.999706
0.999859
0.999929
0.99996
0.999972
0.999976
0.999976
0.999976
0.999977
0.999978
0.999978
0.999978
0.999977
0.999975
0.999973
0.999973
0.999973
0.999974
0.999974
0.999974
0.999972
0.999966
0.999961
0.999959
0.999959
0.999959
0.999962
0.999971
0.99998
0.999986
0.99999
0.999992
0.999993
0.999994
0.999994
0.999994
0.999995
0.999995
1
1
1
1
1
1
1
1
1
1
1
1
1
1
1
1
1
1
1
1
1
1
1
1
1
1
1
1
1
1
1
1
1
1
1
1
1
1
1
0.999999
0.99999
0.999942
0.999729
0.998931
0.996324
0.988787
0.968517
0.917679
0.828428
0.734191
0.677839
0.646692
0.633454
0.633741
0.637123
0.645002
0.654122
0.662581
0.679877
0.703103
0.720435
0.731358
0.740485
0.746425
0.747516
0.747547
0.748314
0.751538
0.760689
0.771536
0.78084
0.788075
0.791706
0.792923
0.793818
0.79539
0.798846
0.807711
0.827194
0.875591
0.924208
0.955169
0.973612
0.984666
0.991307
0.995263
0.997577
0.998843
0.999487
0.999785
0.999909
0.999955
0.999971
0.999969
0.999936
0.999763
0.999093
0.997134
0.994204
0.992351
0.989592
0.986642
0.984359
0.982582
0.982067
0.982213
0.983386
0.988979
0.995089
0.998081
0.99931
0.99975
0.999846
0.999775
0.998852
0.993689
0.989172
0.988203
0.986166
0.983632
0.980515
0.974227
0.965743
0.954599
0.940772
0.929481
0.923643
0.921893
0.922313
0.92442
0.92976
0.943327
0.960779
0.970908
0.975473
0.979779
0.985469
0.991093
0.995164
0.997582
0.998845
0.999455
0.999737
0.999868
0.999929
0.999956
0.999965
0.999967
0.999967
0.999967
0.999966
0.999965
0.999964
0.99996
0.999954
0.99995
0.999949
0.999949
0.999952
0.999956
0.999956
0.999956
0.999952
0.999941
0.999931
0.999926
0.999925
0.999925
0.999928
0.999941
0.999956
0.999968
0.999977
0.999982
0.999985
0.999987
0.999988
0.999989
0.99999
0.999989
1
1
1
1
1
1
1
1
1
1
1
1
1
1
1
1
1
1
1
1
1
1
1
1
1
1
1
1
1
1
1
1
1
1
1
1
1
1
1
1
0.999999
0.999996
0.999977
0.999898
0.999606
0.998648
0.995809
0.988049
0.968273
0.930152
0.88252
0.832272
0.786576
0.740933
0.704915
0.682099
0.671664
0.670907
0.673172
0.679958
0.698474
0.719373
0.736683
0.748869
0.758585
0.766859
0.773458
0.779958
0.786814
0.792563
0.796839
0.800793
0.804105
0.808563
0.81512
0.82396
0.83992
0.876494
0.920371
0.950951
0.970482
0.982463
0.989654
0.993982
0.996581
0.99813
0.999039
0.999532
0.999781
0.999898
0.999943
0.999963
0.999963
0.999943
0.999807
0.999169
0.996839
0.993982
0.991813
0.989658
0.985243
0.98043
0.978214
0.978304
0.978984
0.979906
0.981844
0.988668
0.99497
0.998023
0.99928
0.999714
0.999767
0.999467
0.99652
0.989304
0.987956
0.988101
0.987842
0.985706
0.982289
0.976629
0.969009
0.959792
0.947934
0.93623
0.928758
0.925492
0.925552
0.928579
0.936515
0.953465
0.966409
0.972287
0.976081
0.981001
0.987337
0.992709
0.996201
0.998134
0.999099
0.999558
0.999776
0.99988
0.999928
0.999946
0.999951
0.999951
0.99995
0.999947
0.999945
0.999943
0.999937
0.999922
0.999909
0.999903
0.999903
0.999904
0.999915
0.999925
0.999927
0.999927
0.999921
0.999902
0.999885
0.999874
0.999869
0.999868
0.999869
0.999877
0.999902
0.999929
0.999949
0.999962
0.999969
0.999974
0.999977
0.999979
0.99998
0.999978
1
1
1
1
1
1
1
1
1
1
1
1
1
1
1
1
1
1
1
1
1
1
1
1
1
1
1
1
1
1
1
1
1
1
1
1
1
1
1
1
1
1
0.999999
0.999994
0.999972
0.999894
0.999636
0.998856
0.996632
0.990748
0.981732
0.965918
0.951314
0.931164
0.895699
0.858679
0.817971
0.769481
0.737098
0.728306
0.729398
0.736108
0.751032
0.765627
0.777055
0.785283
0.792679
0.800358
0.806856
0.811581
0.819145
0.835387
0.852236
0.867939
0.891272
0.920279
0.944804
0.963572
0.976897
0.985776
0.991417
0.994888
0.99697
0.998228
0.998984
0.999428
0.999687
0.999831
0.9999
0.999937
0.999951
0.99995
0.999936
0.999843
0.999269
0.996827
0.993733
0.992284
0.989866
0.983633
0.977868
0.975033
0.974487
0.974737
0.975715
0.977877
0.982594
0.990328
0.995741
0.998358
0.999419
0.999699
0.999627
0.998306
0.990727
0.986278
0.98748
0.990564
0.990453
0.98845
0.985927
0.980247
0.972746
0.96531
0.957287
0.94855
0.941562
0.938369
0.938051
0.943454
0.954181
0.963965
0.969933
0.97369
0.97778
0.984268
0.990608
0.994922
0.997415
0.998706
0.999343
0.999657
0.999812
0.999887
0.99992
0.999929
0.99993
0.999928
0.999922
0.999917
0.999913
0.999904
0.999879
0.999844
0.999821
0.999815
0.999815
0.999824
0.999855
0.999875
0.999881
0.99988
0.999871
0.999843
0.999814
0.999793
0.999777
0.999768
0.999765
0.999768
0.999785
0.999839
0.999888
0.999919
0.999936
0.999948
0.999955
0.99996
0.999961
0.999957
1
1
1
1
1
1
1
1
1
1
1
1
1
1
1
1
1
1
1
1
1
1
1
1
1
1
1
1
1
1
1
1
1
1
1
1
1
1
1
1
1
1
1
1
0.999999
0.999995
0.99998
0.999932
0.999783
0.999382
0.998365
0.996636
0.994472
0.9889
0.981985
0.972124
0.956076
0.936946
0.915834
0.895728
0.876198
0.862747
0.859451
0.859993
0.862136
0.866713
0.872484
0.880859
0.892975
0.90932
0.92807
0.945323
0.959565
0.970872
0.979572
0.986069
0.990788
0.994094
0.996324
0.997761
0.998654
0.99919
0.999501
0.999684
0.999793
0.999846
0.99988
0.999913
0.99993
0.999931
0.999924
0.999902
0.999839
0.999424
0.996842
0.99348
0.992624
0.990918
0.985366
0.978567
0.974997
0.973588
0.973432
0.974525
0.976586
0.98005
0.987532
0.993966
0.997498
0.999073
0.99956
0.999574
0.998821
0.992342
0.983422
0.983331
0.989355
0.993565
0.993334
0.991883
0.990325
0.987021
0.980836
0.973676
0.967424
0.962063
0.957915
0.9561
0.956432
0.959747
0.964696
0.969033
0.972832
0.976893
0.98343
0.989989
0.994378
0.997001
0.998419
0.999156
0.99954
0.999739
0.999838
0.999883
0.999897
0.999897
0.999891
0.999876
0.999866
0.999859
0.99985
0.999829
0.999771
0.999699
0.99966
0.999652
0.999657
0.999686
0.999752
0.999788
0.999797
0.999796
0.999782
0.99974
0.999697
0.999655
0.999614
0.999583
0.999571
0.999571
0.999586
0.999657
0.999765
0.999831
0.999868
0.999892
0.999908
0.999917
0.999919
0.99991
1
1
1
1
1
1
1
1
1
1
1
1
1
1
1
1
1
1
1
1
1
1
1
1
1
1
1
1
1
1
1
1
1
1
1
1
1
1
1
1
1
1
1
1
1
1
0.999999
0.999997
0.999989
0.999968
0.999911
0.999788
0.999557
0.999022
0.997643
0.996334
0.993916
0.989486
0.984368
0.979477
0.973816
0.968168
0.965146
0.964814
0.965241
0.966539
0.96949
0.974692
0.980216
0.985332
0.989616
0.992935
0.995353
0.997031
0.99815
0.998876
0.999331
0.999602
0.999759
0.999837
0.999871
0.999886
0.999888
0.999885
0.99988
0.999874
0.999867
0.999863
0.999853
0.999826
0.999786
0.999739
0.999573
0.997933
0.993139
0.992542
0.99245
0.990544
0.983628
0.977656
0.974912
0.974596
0.975413
0.977404
0.981303
0.987742
0.993667
0.99713
0.998836
0.999418
0.99948
0.998879
0.993336
0.979615
0.976834
0.981779
0.992285
0.995314
0.995469
0.99404
0.992364
0.990699
0.987364
0.981667
0.975633
0.970726
0.967441
0.966076
0.965849
0.967686
0.97061
0.974243
0.978718
0.98492
0.990651
0.994505
0.996894
0.998261
0.999021
0.999443
0.999673
0.999788
0.99984
0.999856
0.999853
0.999834
0.9998
0.999772
0.999755
0.999744
0.999727
0.999687
0.999568
0.999418
0.999337
0.999321
0.999333
0.999408
0.999535
0.999595
0.999607
0.999603
0.999578
0.999522
0.999461
0.999385
0.999303
0.999239
0.999212
0.999211
0.999236
0.999361
0.999549
0.999665
0.999729
0.999773
0.999804
0.999823
0.999829
0.99981
1
1
1
1
1
1
1
1
1
1
1
1
1
1
1
1
1
1
1
1
1
1
1
1
1
1
1
1
1
1
1
1
1
1
1
1
1
1
1
1
1
1
1
1
1
1
1
1
0.999999
0.999998
0.999995
0.999987
0.999969
0.999925
0.999772
0.999563
0.999302
0.998687
0.997964
0.997143
0.995933
0.994762
0.99429
0.994303
0.994476
0.994944
0.995966
0.996995
0.997877
0.998571
0.999079
0.999428
0.999659
0.999799
0.999885
0.999927
0.999942
0.999941
0.999926
0.999894
0.999837
0.999729
0.999652
0.999552
0.999486
0.999464
0.999474
0.999501
0.999521
0.999525
0.999514
0.999476
0.999058
0.994726
0.991965
0.993099
0.994516
0.992197
0.987055
0.983277
0.980914
0.980161
0.981916
0.985563
0.990211
0.994211
0.997126
0.99869
0.999296
0.9994
0.999003
0.995091
0.978131
0.969054
0.970772
0.984171
0.993678
0.996077
0.996597
0.996551
0.995724
0.994497
0.992807
0.990262
0.986051
0.981659
0.978292
0.976545
0.975869
0.97719
0.979707
0.98331
0.987661
0.991857
0.994924
0.996943
0.998188
0.998933
0.999371
0.999616
0.99974
0.999796
0.999812
0.999804
0.999765
0.999693
0.99963
0.999586
0.999559
0.99954
0.99951
0.999441
0.999231
0.998935
0.998758
0.99871
0.998721
0.998817
0.999014
0.9991
0.999114
0.999107
0.999073
0.999027
0.998952
0.998841
0.998721
0.998638
0.99861
0.998616
0.998675
0.998922
0.999207
0.999374
0.999474
0.999546
0.999605
0.99963
0.999657
0.999627
1
1
1
1
1
1
1
1
1
1
1
1
1
1
1
1
1
1
1
1
1
1
1
1
1
1
1
1
1
1
1
1
1
1
1
1
1
1
1
1
1
1
1
1
1
1
1
1
1
1
1
0.999999
0.999998
0.999995
0.999984
0.999963
0.99993
0.999885
0.999835
0.999729
0.999566
0.999451
0.99943
0.999443
0.999486
0.999591
0.999708
0.999802
0.999873
0.999922
0.999953
0.999973
0.999984
0.999985
0.999981
0.99996
0.999911
0.999815
0.999569
0.999329
0.998932
0.998538
0.998299
0.997941
0.997951
0.998047
0.99826
0.998547
0.998739
0.998931
0.999089
0.999092
0.998032
0.992175
0.991527
0.993997
0.995633
0.995572
0.993916
0.991161
0.989584
0.988984
0.990584
0.993093
0.995448
0.997495
0.998657
0.99917
0.999302
0.998989
0.995671
0.97662
0.956135
0.954453
0.966501
0.986604
0.994262
0.996422
0.997108
0.997348
0.996926
0.996068
0.994898
0.993728
0.992015
0.989737
0.987569
0.986299
0.985758
0.98665
0.988438
0.990935
0.993508
0.995662
0.997212
0.998257
0.998931
0.999346
0.999581
0.999698
0.99975
0.999764
0.999747
0.999675
0.999542
0.999412
0.999305
0.999227
0.999179
0.999144
0.999088
0.998959
0.998585
0.998064
0.997706
0.99756
0.997547
0.997591
0.997776
0.997918
0.997954
0.997955
0.997947
0.997934
0.997895
0.997776
0.997644
0.997577
0.997569
0.9976
0.997771
0.998255
0.998634
0.998871
0.999026
0.99914
0.999243
0.999286
0.999374
0.999329
1
1
1
1
1
1
1
1
1
1
1
1
1
1
1
1
1
1
1
1
1
1
1
1
1
1
1
1
1
1
1
1
1
1
1
1
1
1
1
1
1
1
1
1
1
1
1
1
1
1
1
1
1
1
0.999999
0.999998
0.999995
0.999993
0.99999
0.999983
0.999973
0.999969
0.99997
0.999972
0.999977
0.999984
0.999989
0.999993
0.999996
0.999997
0.999997
0.999996
0.999988
0.999962
0.999882
0.999601
0.999246
0.998593
0.997479
0.996543
0.995428
0.994914
0.993903
0.993283
0.993481
0.994082
0.995287
0.996595
0.997449
0.997957
0.998492
0.998553
0.996365
0.990438
0.991239
0.994519
0.995986
0.996446
0.996195
0.995428
0.994798
0.994654
0.995655
0.9969
0.997967
0.998705
0.999052
0.999174
0.998944
0.996282
0.97875
0.938683
0.926925
0.934696
0.967477
0.987608
0.994321
0.996296
0.997113
0.997594
0.99788
0.997905
0.997472
0.996394
0.995331
0.994253
0.993224
0.99261
0.992352
0.992917
0.99394
0.995298
0.996599
0.997675
0.998474
0.999023
0.999371
0.999566
0.999661
0.999704
0.999711
0.999677
0.999547
0.999312
0.999062
0.998824
0.998617
0.998463
0.998367
0.99829
0.998151
0.997802
0.997093
0.996385
0.995868
0.995602
0.995527
0.995529
0.995574
0.995737
0.995903
0.995997
0.996037
0.996045
0.996036
0.995972
0.995844
0.995782
0.995801
0.995968
0.996565
0.997334
0.997798
0.998144
0.998307
0.998516
0.998715
0.998802
0.998989
0.99875
1
1
1
1
1
1
1
1
1
1
1
1
1
1
1
1
1
1
1
1
1
1
1
1
1
1
1
1
1
1
1
1
1
1
1
1
1
1
1
1
1
1
1
1
1
1
1
1
1
1
1
1
1
1
1
1
1
1
1
0.999999
0.999999
0.999999
0.999999
0.999999
1
1
1
1
0.999999
0.999997
0.999989
0.99996
0.99987
0.99961
0.998928
0.997174
0.995667
0.992605
0.990811
0.989316
0.98868
0.987438
0.984503
0.98313
0.98361
0.985267
0.98888
0.992434
0.994786
0.996758
0.998059
0.998074
0.994112
0.9889
0.990936
0.99465
0.996099
0.996798
0.997113
0.997278
0.997309
0.997433
0.997922
0.998369
0.99873
0.998922
0.999005
0.998778
0.99667
0.982431
0.926562
0.883108
0.885111
0.929951
0.970577
0.986965
0.992636
0.994765
0.996152
0.997195
0.997875
0.998192
0.998325
0.998178
0.997669
0.996991
0.996456
0.996171
0.996072
0.996412
0.996939
0.997626
0.998268
0.998797
0.999181
0.999425
0.999559
0.999624
0.999653
0.999647
0.999568
0.999325
0.998906
0.998415
0.997882
0.997358
0.996924
0.996624
0.996394
0.996074
0.995511
0.994694
0.99378
0.992962
0.992362
0.992016
0.991878
0.991856
0.99188
0.992028
0.99253
0.992964
0.993134
0.99315
0.993145
0.993148
0.993188
0.993362
0.993898
0.994962
0.995894
0.996579
0.996913
0.997432
0.997752
0.998105
0.998402
0.998471
0.998309
0.995802
1
1
1
1
1
1
1
1
1
1
1
1
1
1
1
1
1
1
1
1
1
1
1
1
1
1
1
1
1
1
1
1
1
1
1
1
1
1
1
1
1
1
1
1
1
1
1
1
1
1
1
1
1
1
1
1
1
1
1
1
1
1
1
1
1
0.999999
0.999999
0.999996
0.999987
0.999959
0.999866
0.999576
0.998857
0.997005
0.992577
0.987581
0.983498
0.984218
0.98636
0.986798
0.985396
0.981585
0.978876
0.978075
0.978391
0.980172
0.985038
0.99018
0.993948
0.996589
0.997659
0.997342
0.992094
0.98715
0.989535
0.99435
0.996069
0.996868
0.997344
0.997799
0.998067
0.998226
0.998492
0.998637
0.998736
0.998779
0.998437
0.996397
0.985168
0.934869
0.844126
0.81727
0.863136
0.931992
0.966166
0.980764
0.986819
0.989724
0.992301
0.994676
0.996675
0.997885
0.998418
0.998612
0.998681
0.998556
0.998343
0.998199
0.998153
0.998323
0.998564
0.998868
0.999136
0.999339
0.999465
0.999536
0.999574
0.999581
0.999524
0.999317
0.998783
0.99792
0.996863
0.995645
0.994346
0.993161
0.992247
0.991572
0.99092
0.990052
0.988868
0.987478
0.986154
0.985187
0.984684
0.984554
0.984603
0.985065
0.986553
0.987911
0.988803
0.98939
0.989793
0.990044
0.990233
0.990622
0.991619
0.99287
0.993867
0.994822
0.995732
0.996286
0.996599
0.997296
0.997724
0.997733
0.997026
0.995663
0.992098
0.972776
1
1
1
1
1
1
1
1
1
1
1
1
1
1
1
1
1
1
1
1
1
1
1
1
1
1
1
1
1
1
1
1
1
1
1
1
1
1
1
1
1
1
1
1
1
1
1
1
1
1
1
1
1
1
1
1
1
1
1
1
0.999999
0.999996
0.999994
0.999993
0.999991
0.999988
0.999977
0.999938
0.999826
0.999557
0.998776
0.996577
0.992404
0.981312
0.976313
0.977056
0.979174
0.98565
0.9886
0.987425
0.984241
0.980543
0.978527
0.978454
0.979446
0.981756
0.986587
0.991137
0.994604
0.996963
0.997532
0.996778
0.99049
0.985075
0.986663
0.992817
0.995592
0.996697
0.997304
0.997802
0.998064
0.998237
0.998386
0.998431
0.99834
0.997713
0.994963
0.982748
0.929769
0.811301
0.748517
0.743352
0.80681
0.885526
0.938921
0.962276
0.97193
0.976428
0.980988
0.985832
0.990896
0.994886
0.99721
0.998343
0.998801
0.998977
0.999043
0.99907
0.999081
0.999139
0.999216
0.999304
0.999376
0.999424
0.999453
0.99943
0.999303
0.998958
0.998168
0.996609
0.994097
0.990822
0.987099
0.983436
0.98034
0.977853
0.975833
0.974166
0.972896
0.972164
0.971971
0.972214
0.973939
0.976916
0.979082
0.980396
0.981018
0.981286
0.98163
0.98253
0.984244
0.986189
0.988104
0.989806
0.991135
0.992153
0.993069
0.99396
0.994656
0.995339
0.996122
0.996641
0.99664
0.996259
0.993949
0.989335
0.971878
0.955533
0.929783
0.835224
1
1
1
1
1
1
1
1
1
1
1
1
1
1
1
1
1
1
1
1
1
1
1
1
1
1
1
1
1
1
1
1
1
1
1
1
1
1
1
1
1
1
1
1
1
1
1
1
1
1
1
1
1
1
1
1
1
1
0.999999
0.99999
0.999963
0.99992
0.999897
0.999893
0.999888
0.999861
0.999741
0.999294
0.998154
0.99645
0.991053
0.978152
0.959177
0.961294
0.972758
0.983496
0.987765
0.989826
0.991263
0.990341
0.988784
0.986144
0.984116
0.983302
0.984047
0.986627
0.990337
0.993691
0.996321
0.997386
0.997308
0.995871
0.988795
0.983232
0.983288
0.989112
0.993754
0.995695
0.99663
0.997198
0.997492
0.997632
0.997661
0.997251
0.995995
0.991951
0.978021
0.927339
0.828796
0.730325
0.664427
0.641143
0.650528
0.742454
0.867906
0.920371
0.937873
0.944436
0.951266
0.95954
0.970488
0.981241
0.98927
0.994379
0.996986
0.998201
0.998722
0.998925
0.998991
0.999012
0.999013
0.998955
0.998795
0.998441
0.997729
0.99636
0.993815
0.989505
0.98405
0.978368
0.973446
0.969961
0.967991
0.967194
0.966998
0.967158
0.967903
0.969068
0.970645
0.97254
0.974565
0.976521
0.978261
0.979787
0.981182
0.982589
0.984183
0.98594
0.987616
0.989131
0.990568
0.991908
0.993118
0.994083
0.994923
0.995858
0.996762
0.997278
0.997386
0.996934
0.992875
0.985639
0.970649
0.950361
0.890833
0.829265
0.688093
0.622437
0.541703
0.336224
1
1
1
1
1
1
1
1
1
1
1
1
1
1
1
1
1
1
1
1
1
1
1
1
1
1
1
1
1
1
1
1
1
1
1
1
1
1
1
1
1
1
1
1
1
1
1
1
1
1
1
1
1
1
1
1
1
1
0.999973
0.999831
0.999491
0.999142
0.999047
0.999062
0.999068
0.998962
0.997475
0.99219
0.984773
0.979708
0.954836
0.922074
0.941174
0.969468
0.971995
0.978943
0.986337
0.989941
0.991829
0.992837
0.993243
0.992958
0.992033
0.991518
0.991938
0.993482
0.994933
0.996451
0.997127
0.997233
0.996502
0.994001
0.986903
0.981474
0.980419
0.983194
0.989016
0.992463
0.994196
0.995018
0.995314
0.995067
0.993746
0.990703
0.983663
0.966687
0.931559
0.887601
0.826273
0.749573
0.684969
0.635067
0.604585
0.613175
0.718191
0.836517
0.867765
0.874168
0.87982
0.888688
0.906489
0.929404
0.951517
0.970125
0.982662
0.989861
0.993417
0.994913
0.995397
0.995405
0.99499
0.99415
0.992761
0.99061
0.98757
0.983681
0.979452
0.975957
0.973517
0.97227
0.972103
0.972684
0.974103
0.975813
0.977627
0.979555
0.98158
0.983725
0.985977
0.988406
0.990843
0.99269
0.993424
0.99401
0.99462
0.995221
0.99579
0.996568
0.996007
0.994328
0.993122
0.991253
0.986327
0.97825
0.969568
0.963742
0.961056
0.957447
0.944784
0.907837
0.7881
0.555037
0.3515
0.211278
0.118126
0.0630706
0.0300886
0.0133437
0.00634659
-0.0268802
1
1
1
1
1
1
1
1
1
1
1
1
1
1
1
1
1
1
1
1
1
1
1
1
1
1
1
1
1
1
1
1
1
1
1
1
1
1
1
1
1
1
1
1
1
1
1
1
1
1
1
1
1
1
1
1
1
0.999996
0.999609
0.997933
0.996119
0.995063
0.994843
0.995035
0.995943
0.995466
0.974845
0.94919
0.949377
0.9605
0.956015
0.942008
0.916617
0.936974
0.959446
0.96273
0.978669
0.987662
0.991414
0.992974
0.994026
0.994676
0.995159
0.995487
0.995734
0.996281
0.99659
0.99683
0.996917
0.995728
0.992754
0.98877
0.982811
0.979159
0.979064
0.979686
0.979233
0.981718
0.983926
0.985096
0.985489
0.983314
0.978473
0.970039
0.95625
0.937143
0.920798
0.901892
0.884601
0.872144
0.851512
0.826016
0.750202
0.621253
0.610721
0.695783
0.745548
0.742331
0.730861
0.7222
0.72913
0.754213
0.791354
0.835971
0.879228
0.916992
0.945506
0.962135
0.969845
0.969995
0.968513
0.965754
0.961777
0.956595
0.950574
0.944009
0.937015
0.92888
0.918785
0.905893
0.88929
0.868987
0.844488
0.815677
0.782976
0.746081
0.704285
0.657985
0.608314
0.556095
0.501797
0.446335
0.391723
0.337207
0.281726
0.227217
0.172205
0.118283
0.0738945
0.0420492
0.021823
0.0102914
0.00439024
0.00190533
0.0012618
0.000852137
0.000569827
0.00037602
0.00024497
0.000157145
9.81504e-05
5.90933e-05
3.4108e-05
1.88817e-05
9.92699e-06
4.96064e-06
2.2941e-06
9.95064e-07
3.75379e-07
-1.3211e-07
1
1
1
1
1
1
1
1
1
1
1
1
1
1
1
1
1
1
1
1
1
1
1
1
1
1
1
1
1
1
1
1
1
1
1
1
1
1
1
1
1
1
1
1
1
1
1
1
1
1
1
1
1
1
1
1
1
0.99997
0.997473
0.991269
0.992081
0.992524
0.99282
0.992958
0.99149
0.985266
0.974485
0.968303
0.953602
0.95225
0.951695
0.945954
0.916708
0.91346
0.923329
0.932376
0.956323
0.981643
0.989781
0.991786
0.992891
0.993726
0.994283
0.994636
0.994945
0.995098
0.995137
0.994822
0.993033
0.986493
0.976165
0.973811
0.972774
0.973181
0.977476
0.978874
0.975106
0.968329
0.962145
0.955877
0.949352
0.94201
0.934156
0.925339
0.916857
0.911313
0.903855
0.895094
0.884923
0.86826
0.830482
0.718461
0.58645
0.547331
0.563872
0.650046
0.687713
0.680385
0.643701
0.595758
0.552722
0.522453
0.50218
0.494371
0.49235
0.49207
0.49386
0.499122
0.502792
0.50513
0.496885
0.478474
0.453504
0.421008
0.383547
0.342159
0.298746
0.254352
0.211372
0.171756
0.135296
0.104243
0.0786411
0.0582534
0.0424615
0.03052
0.0217664
0.015618
0.0113585
0.00810555
0.00561603
0.00377456
0.0024317
0.00148134
0.00087141
0.000503803
0.000227253
7.41651e-05
2.16556e-05
6.1476e-06
1.76188e-06
5.30307e-07
1.8012e-07
7.85463e-08
4.45195e-08
2.7837e-08
1.77107e-08
1.11825e-08
6.9476e-09
4.2224e-09
2.49372e-09
1.42464e-09
7.84092e-10
4.14381e-10
2.08685e-10
9.95684e-11
4.42531e-11
1.83153e-11
-3.75363e-11
7.67691e-10
3.93596e-05
3.74009e-05
2.85581e-05
1.52664e-05
7.08012e-06
3.07856e-06
1.27397e-06
5.02752e-07
1.895e-07
6.83506e-08
2.36411e-08
7.82902e-09
2.48844e-09
7.56574e-10
2.21514e-10
6.17337e-11
1.66977e-11
4.25266e-12
1.07433e-12
2.26194e-13
6.43089e-14
1.92969e-14
5.94867e-15
1.60679e-15
5.06988e-16
0.00126817
0.00105509
0.00068812
0.000403742
0.000217916
0.000110162
5.27862e-05
2.40919e-05
1.05025e-05
4.38015e-06
1.74968e-06
6.69662e-07
2.45769e-07
8.65189e-08
2.92571e-08
9.50217e-09
2.97224e-09
8.94289e-10
2.60134e-10
7.28547e-11
1.98471e-11
5.20217e-12
1.34245e-12
3.33923e-13
7.20115e-14
0.016833
0.0108675
0.00660332
0.00379361
0.00206356
0.00106759
0.000527778
0.000249948
0.000113549
4.95161e-05
2.07343e-05
8.33735e-06
3.22028e-06
1.19505e-06
4.26416e-07
1.46348e-07
4.8383e-08
1.54123e-08
4.74242e-09
1.40892e-09
4.05974e-10
1.13174e-10
3.07868e-11
8.19378e-12
1.81093e-12
0.0662066
0.0425792
0.0260018
0.0151406
0.00840948
0.00446345
0.00226978
0.00110779
0.000519277
0.000233808
0.00010111
4.1984e-05
1.67395e-05
6.4094e-06
2.35801e-06
8.33883e-07
2.83826e-07
9.30296e-08
2.94263e-08
8.98366e-09
2.65707e-09
7.60333e-10
2.11933e-10
5.78992e-11
1.30243e-11
0.170109
0.111036
0.069132
0.0412094
0.0235303
0.0128772
0.00676299
0.00341194
0.00165378
0.000769824
0.00034396
0.000147421
6.06005e-05
2.38922e-05
9.03872e-06
3.28281e-06
1.1461e-06
3.84903e-07
1.24604e-07
3.89e-08
1.17527e-08
3.43366e-09
9.75939e-10
2.72054e-10
6.21507e-11
0.33601
0.229028
0.148343
0.0916777
0.0541934
0.0306901
0.0166739
0.00869892
0.00435814
0.00209543
0.000966113
0.000426809
0.000180616
7.32123e-05
2.84393e-05
1.0593e-05
3.78825e-06
1.30183e-06
4.30794e-07
1.37359e-07
4.23449e-08
1.26155e-08
3.65254e-09
1.03757e-09
2.4046e-10
0.544115
0.387712
0.263307
0.170521
0.105432
0.0622948
0.0352107
0.0190571
0.00988027
0.00490566
0.00233136
0.00105989
0.000460868
0.000191687
7.63066e-05
2.90936e-05
1.06387e-05
3.7348e-06
1.26137e-06
4.10176e-07
1.28851e-07
3.90973e-08
1.15175e-08
3.33022e-09
7.82511e-10
0.767805
0.574142
0.407312
0.275322
0.17762
0.109454
0.0644558
0.0362822
0.0195199
0.0100323
0.0049229
0.00230543
0.00103039
0.000439664
0.000179257
6.9902e-05
2.61112e-05
9.35423e-06
3.22094e-06
1.06706e-06
3.41231e-07
1.05349e-07
3.15483e-08
9.27671e-09
2.20818e-09
0.91689
0.766342
0.569251
0.401099
0.269142
0.172303
0.105313
0.0614618
0.0342405
0.0181968
0.00921823
0.00444895
0.00204548
0.000896221
0.000374555
0.000149476
5.70557e-05
2.08594e-05
7.32112e-06
2.46977e-06
8.03463e-07
2.52185e-07
7.67037e-08
2.29123e-08
5.52169e-09
0.968712
0.908667
0.736067
0.540695
0.377096
0.250388
0.158511
0.095693
0.0550674
0.0301842
0.0157472
0.00781513
0.00368952
0.00165764
0.00070945
0.000289582
0.000112922
4.21288e-05
1.50725e-05
5.17822e-06
1.71388e-06
5.4689e-07
1.68925e-07
5.12504e-08
1.24998e-08
0.987605
0.963828
0.881525
0.686262
0.497671
0.342457
0.224267
0.139856
0.0830152
0.0468624
0.0251374
0.0128062
0.00619643
0.00284923
0.00124642
0.00051943
0.000206587
7.85395e-05
2.86092e-05
9.99988e-06
3.3647e-06
1.09084e-06
3.42021e-07
1.05338e-07
2.59974e-08
0.994908
0.984999
0.951586
0.832406
0.628447
0.448057
0.303395
0.195294
0.119458
0.0693725
0.0382141
0.0199574
0.00988306
0.00464389
0.00207316
0.000880623
0.000356618
0.000137922
5.10671e-05
1.81313e-05
6.19285e-06
2.0371e-06
6.47561e-07
2.02258e-07
5.04722e-08
0.997855
0.993691
0.979663
0.929779
0.769394
0.567715
0.397515
0.264045
0.166328
0.0992751
0.056096
0.0299954
0.0151819
0.00727984
0.00331188
0.0014319
0.000589589
0.000231638
8.70555e-05
3.13524e-05
1.0855e-05
3.61775e-06
1.16436e-06
3.68265e-07
9.28202e-08
0.999085
0.997359
0.991519
0.970969
0.895523
0.701776
0.508472
0.348536
0.225989
0.138519
0.0802068
0.0438608
0.0226627
0.0110759
0.00512869
0.00225426
0.000942655
0.000375788
0.000143191
5.22505e-05
1.83177e-05
6.17875e-06
2.01127e-06
6.43486e-07
1.6367e-07
0.99961
0.998912
0.996531
0.988189
0.957843
0.845347
0.636883
0.450459
0.300529
0.18905
0.112077
0.0626196
0.0329973
0.0164208
0.00773186
0.00345178
0.0014646
0.000591922
0.000228486
8.44073e-05
2.99386e-05
1.02125e-05
3.35956e-06
1.08636e-06
2.78649e-07
0.999837
0.999561
0.998609
0.995266
0.983078
0.937586
0.782088
0.569936
0.391128
0.252431
0.153149
0.0873723
0.0469233
0.023761
0.0113694
0.00515218
0.00221689
0.000907848
0.000354822
0.000132638
4.75765e-05
1.6405e-05
5.45153e-06
1.78098e-06
4.60517e-07
0.999934
0.999826
0.999449
0.998112
0.993202
0.974614
0.903913
0.705192
0.497632
0.32952
0.204543
0.119105
0.0651561
0.0335523
0.0163039
0.00749476
0.00326817
0.00135525
0.000535979
0.000202618
7.34536e-05
2.55873e-05
8.5844e-06
2.83165e-06
7.37754e-07
0.999974
0.999932
0.999783
0.999246
0.997246
0.989528
0.959537
0.844388
0.618696
0.42043
0.266964
0.158621
0.0883518
0.0462441
0.0228079
0.0106295
0.00469461
0.00197019
0.000787984
0.000301076
0.000110251
3.87781e-05
1.31275e-05
4.36987e-06
1.14666e-06
0.99999
0.999974
0.999914
0.999696
0.998867
0.995598
0.982505
0.930959
0.754155
0.524775
0.340811
0.206595
0.117133
0.0622904
0.0311675
0.0147184
0.00658037
0.00279321
0.00112913
0.000435786
0.0001611
5.71787e-05
1.95205e-05
6.55346e-06
1.73108e-06
0.999996
0.99999
0.999965
0.999875
0.999525
0.998109
0.992258
0.96838
0.873883
0.640357
0.425881
0.26338
0.151967
0.0820853
0.0416542
0.019925
0.00901429
0.00386872
0.00158004
0.000615748
0.000229705
8.22375e-05
2.83017e-05
9.57862e-06
2.54614e-06
0.999999
0.999996
0.999986
0.999948
0.999796
0.999164
0.996464
0.984982
0.938008
0.765539
0.520442
0.328124
0.192608
0.105642
0.0543524
0.0263283
0.0120499
0.00522746
0.00215648
0.000848346
0.000319283
0.000115272
3.99798e-05
1.36371e-05
3.64703e-06
0.999999
0.999998
0.999994
0.999978
0.99991
0.999617
0.998313
0.99252
0.967763
0.867206
0.619214
0.398616
0.238023
0.132526
0.069112
0.0338939
0.0156901
0.006879
0.0028659
0.00113793
0.000432003
0.000157259
5.49597e-05
1.88908e-05
5.08221e-06
1
0.999999
0.999998
0.99999
0.999959
0.999815
0.999148
0.996045
0.98216
0.923877
0.720965
0.471742
0.286289
0.161749
0.0854717
0.042426
0.01986
0.0087981
0.00370115
0.00148304
0.000567858
0.000208401
7.33828e-05
2.54142e-05
6.87766e-06
1
1
0.999999
0.999995
0.99998
0.999905
0.99954
0.997756
0.989412
0.953075
0.806299
0.543085
0.335083
0.191999
0.102755
0.0516045
0.0244193
0.0109279
0.0046408
0.00187622
0.00072445
0.000267996
9.50671e-05
3.31692e-05
9.02879e-06
1
1
1
0.999998
0.99999
0.999948
0.999732
0.998628
0.993251
0.968974
0.867708
0.609382
0.381989
0.221881
0.120198
0.0610421
0.029187
0.0131893
0.00565263
0.00230512
0.000897325
0.000334528
0.000119525
4.20053e-05
1.14996e-05
1
1
1
0.999999
0.999994
0.999969
0.999831
0.999096
0.995378
0.978045
0.904216
0.670601
0.425003
0.249907
0.136925
0.0702732
0.033934
0.0154777
0.00669183
0.00275168
0.0010796
0.000405502
0.000145897
5.16344e-05
1.42149e-05
1
1
1
0.999999
0.999996
0.99998
0.999885
0.999357
0.996601
0.9834
0.92605
0.720296
0.462362
0.274845
0.152157
0.0788585
0.0384344
0.0176854
0.0077105
0.00319584
0.00126333
0.000477933
0.000173115
6.16837e-05
1.70739e-05
1
1
1
1
0.999998
0.999986
0.999917
0.999519
0.997382
0.986894
0.94047
0.760569
0.495466
0.297653
0.16645
0.0871077
0.0428525
0.019895
0.00874785
0.00365528
0.00145609
0.000554916
0.000202386
7.26152e-05
2.02122e-05
1
1
1
1
0.999998
0.999989
0.999935
0.999614
0.997852
0.989041
0.949496
0.78991
0.522047
0.316823
0.178924
0.0945585
0.046968
0.0220103
0.00976525
0.00411563
0.00165297
0.000634909
0.000233277
8.43253e-05
2.36146e-05
1
1
1
1
0.999999
0.999991
0.999943
0.999656
0.998058
0.989992
0.953517
0.804295
0.536976
0.32867
0.187233
0.099839
0.0500378
0.0236563
0.0105855
0.00449805
0.00182079
0.000704644
0.000260741
9.49322e-05
2.67419e-05
1
1
1
1
0.999999
0.999991
0.999944
0.999663
0.9981
0.990207
0.954507
0.808284
0.542761
0.334532
0.192083
0.103282
0.0522019
0.0248851
0.0112251
0.00480667
0.00196006
0.00076389
0.000284544
0.000104296
2.95425e-05
1
1
1
1
0.999998
0.99999
0.999941
0.999651
0.998047
0.989989
0.95374
0.806269
0.543295
0.336835
0.194777
0.105535
0.0537566
0.0258223
0.0117335
0.0050596
0.00207694
0.000814578
0.000305237
0.000112558
3.20413e-05
1
1
1
1
0.999998
0.999989
0.999936
0.999625
0.997934
0.989554
0.952263
0.802335
0.542641
0.338647
0.197309
0.107736
0.0552902
0.0267473
0.012234
0.00530789
0.00219135
0.000864084
0.000325413
0.000120607
3.44746e-05
1
1
1
1
0.999998
0.999988
0.99993
0.999603
0.997861
0.989357
0.95195
0.803005
0.547091
0.344455
0.202464
0.111447
0.0576054
0.0280425
0.0128971
0.00562299
0.00233165
0.000923141
0.000348935
0.000129806
3.7214e-05
1
1
1
1
0.999998
0.999988
0.99993
0.999611
0.997942
0.989952
0.955349
0.817754
0.565695
0.36074
0.214319
0.118988
0.0619131
0.0302937
0.0139877
0.00611792
0.00254347
0.00100928
0.000382222
0.000142462
4.08982e-05
1
1
1
1
0.999998
0.99999
0.99994
0.999672
0.998311
0.991943
0.964709
0.856397
0.609965
0.39562
0.237924
0.133216
0.0697036
0.0342258
0.0158367
0.0069351
0.00288494
0.00114512
0.000433655
0.000161627
4.6384e-05
1
1
1
1
0.999999
0.999994
0.999964
0.999799
0.998959
0.995025
0.978072
0.910202
0.696569
0.458446
0.27909
0.15747
0.0827467
0.0407117
0.0188479
0.00825096
0.00342913
0.00135949
0.000514065
0.000191297
5.48048e-05
1
1
1
1
0.999999
0.999997
0.999984
0.999907
0.999512
0.997623
0.989242
0.954476
0.816703
0.554562
0.341914
0.194282
0.102468
0.0504911
0.0233789
0.0102277
0.0042456
0.0016807
0.000634424
0.000235647
6.73775e-05
1
1
1
1
1
0.999999
0.999994
0.999962
0.999794
0.998954
0.995023
0.977702
0.905789
0.672795
0.420034
0.241147
0.128055
0.0633747
0.0294242
0.012893
0.00535637
0.00212101
0.000800504
0.000297201
8.49142e-05
0.999999
1
1
1
1
0.999999
0.999997
0.999983
0.999904
0.999483
0.997373
0.987467
0.944349
0.772593
0.495476
0.288702
0.155075
0.0774531
0.0362298
0.0159714
0.00666826
0.00265113
0.00100391
0.000373787
0.000107017
0.999998
0.999999
0.999999
1
1
0.999999
0.999998
0.99999
0.999941
0.999663
0.998196
0.990974
0.958434
0.822759
0.542803
0.321997
0.175691
0.0890114
0.0421691
0.0187988
0.0079264
0.00317846
0.00121267
0.000454606
0.000130874
0.999996
0.999998
0.999998
0.999999
0.999999
0.999999
0.999998
0.999992
0.999951
0.999718
0.998443
0.992023
0.962649
0.839374
0.560958
0.335655
0.184857
0.0946216
0.0453268
0.0204395
0.00871882
0.00353619
0.00136413
0.000517064
0.000150266
0.999992
0.999994
0.999996
0.999997
0.999998
0.999998
0.999997
0.999991
0.999952
0.999724
0.998471
0.992144
0.963173
0.841666
0.564276
0.338603
0.187111
0.0961482
0.0462641
0.0209671
0.00899392
0.00366985
0.00142493
0.000544058
0.000159232
0.999982
0.999986
0.999989
0.999993
0.999995
0.999995
0.999995
0.999989
0.99995
0.999713
0.998412
0.991872
0.9621
0.837803
0.560819
0.336864
0.186392
0.0959168
0.0462212
0.02098
0.0090146
0.00368509
0.00143381
0.000548809
0.000161036
0.999962
0.999968
0.999976
0.999984
0.999989
0.999991
0.999991
0.999986
0.999946
0.999704
0.998379
0.991764
0.961803
0.837084
0.560115
0.336299
0.185958
0.0956193
0.0460421
0.0208838
0.0089678
0.00366429
0.0014253
0.00054548
0.000160091
0.999924
0.999934
0.999948
0.999964
0.999978
0.999984
0.999985
0.999981
0.999944
0.999721
0.998504
0.992446
0.964917
0.849823
0.573401
0.343777
0.189621
0.0971941
0.0466464
0.0210912
0.00903064
0.00368026
0.00142818
0.000545421
0.000159801
0.999843
0.999869
0.999899
0.999932
0.999959
0.999974
0.999977
0.999975
0.999949
0.999784
0.998879
0.994277
0.972743
0.880422
0.614138
0.367426
0.202088
0.103087
0.0491891
0.0221048
0.00940737
0.00381158
0.00147114
0.000558873
0.000163007
0.999702
0.999766
0.999831
0.99989
0.999932
0.999955
0.999962
0.999961
0.999941
0.999809
0.999072
0.995234
0.976798
0.896332
0.642009
0.385516
0.21283
0.108887
0.0520627
0.0234241
0.00997273
0.00403921
0.00155755
0.000590747
0.000171981
0.999492
0.999617
0.999728
0.99982
0.99988
0.999909
0.999916
0.999914
0.999886
0.999733
0.998945
0.99498
0.976187
0.894495
0.638831
0.383595
0.211784
0.108382
0.0518457
0.0233427
0.0099468
0.00403292
0.00155699
0.000591317
0.000172425
0.999066
0.99929
0.999478
0.999615
0.999681
0.999698
0.999697
0.999665
0.999552
0.999193
0.997894
0.992457
0.968743
0.868873
0.598725
0.359359
0.198224
0.101432
0.0485368
0.0218639
0.00932132
0.00378115
0.00146053
0.000554858
0.000162048
0.996926
0.997592
0.998092
0.998322
0.998361
0.998322
0.99806
0.997617
0.997009
0.995584
0.991851
0.979873
0.934413
0.760175
0.494203
0.292844
0.160083
0.0813972
0.0387606
0.017394
0.00739083
0.00298962
0.00115192
0.000436484
0.000127664
0.981368
0.985754
0.988485
0.98917
0.989111
0.988519
0.986263
0.982148
0.978454
0.971816
0.954107
0.896708
0.708663
0.469452
0.284502
0.159259
0.0830489
0.0406321
0.0187437
0.008193
0.00340391
0.00135082
0.000512027
0.000191019
5.56372e-05
0.890442
0.918068
0.932651
0.934336
0.932941
0.925185
0.911639
0.896334
0.863536
0.775869
0.604472
0.420411
0.265443
0.154896
0.0843954
0.0432219
0.0208906
0.00955913
0.00414922
0.00171367
0.000674539
0.00025422
9.1769e-05
3.25502e-05
9.26558e-06
0.495016
0.595025
0.637243
0.633356
0.616684
0.580276
0.521452
0.435748
0.330312
0.226331
0.142913
0.0839502
0.0461119
0.0238106
0.0116048
0.0053498
0.00233722
0.000968426
0.000381291
0.00014285
5.10573e-05
1.74748e-05
5.752e-06
1.85182e-06
5.16095e-07
0.0600386
0.14439
0.181299
0.178575
0.167971
0.145049
0.111291
0.0770396
0.0479948
0.0271197
0.0140839
0.00680931
0.00309748
0.0013324
0.000544049
0.00021054
7.74756e-05
2.696e-05
8.94279e-06
2.79799e-06
8.41033e-07
2.39428e-07
6.73721e-08
1.83887e-08
6.29526e-09
0.0059331
0.0251622
0.0308285
0.0288115
0.0241619
0.0164202
0.00954175
0.00477735
0.00208411
0.000802678
0.000284304
9.48351e-05
2.98191e-05
8.83325e-06
2.49505e-06
5.97154e-07
1.76897e-07
6.34649e-08
2.27609e-08
7.32784e-09
2.40988e-09
7.14109e-10
2.2791e-10
7.00705e-11
3.739e-11
0.000520964
0.00245586
0.00221293
0.00149287
0.000698123
0.000237873
5.43009e-05
9.82541e-06
1.45764e-06
3.55552e-07
8.34917e-08
1.90775e-08
4.28646e-09
9.52849e-10
2.0993e-10
4.48534e-11
1.23052e-11
2.95463e-12
2.65161e-12
4.89667e-13
4.56306e-13
7.15691e-14
7.66493e-14
2.02181e-14
6.19963e-14
)
;

boundaryField
{
    inlet
    {
        type            fixedValue;
        value           uniform 1;
    }
    outlet
    {
        type            inletOutlet;
        inletValue      uniform 0;
        value           nonuniform List<scalar> 
57
(
5.06988e-16
7.20115e-14
1.81093e-12
1.30243e-11
6.21507e-11
2.4046e-10
7.82511e-10
2.20818e-09
5.52169e-09
1.24998e-08
2.59974e-08
5.04722e-08
9.28202e-08
1.6367e-07
2.78649e-07
4.60517e-07
7.37754e-07
1.14666e-06
1.73108e-06
2.54614e-06
3.64703e-06
5.08221e-06
6.87766e-06
9.02879e-06
1.14996e-05
1.42149e-05
1.70739e-05
2.02122e-05
2.36146e-05
2.67419e-05
2.95425e-05
3.20413e-05
3.44746e-05
3.7214e-05
4.08982e-05
4.6384e-05
5.48048e-05
6.73775e-05
8.49142e-05
0.000107017
0.000130874
0.000150266
0.000159232
0.000161036
0.000160091
0.000159801
0.000163007
0.000171981
0.000172425
0.000162048
0.000127664
5.56372e-05
9.26558e-06
5.16095e-07
6.29526e-09
3.739e-11
6.19963e-14
)
;
    }
    upperWall
    {
        type            zeroGradient;
    }
    lowerWall
    {
        type            zeroGradient;
    }
    frontAndBack
    {
        type            empty;
    }
}


// ************************************************************************* //
