/*--------------------------------*- C++ -*----------------------------------*\
| =========                 |                                                 |
| \\      /  F ield         | OpenFOAM: The Open Source CFD Toolbox           |
|  \\    /   O peration     | Version:  2112                                  |
|   \\  /    A nd           | Website:  www.openfoam.com                      |
|    \\/     M anipulation  |                                                 |
\*---------------------------------------------------------------------------*/
FoamFile
{
    version     2.0;
    format      ascii;
    arch        "LSB;label=32;scalar=64";
    class       volScalarField;
    location    "0.044";
    object      s_0;
}
// * * * * * * * * * * * * * * * * * * * * * * * * * * * * * * * * * * * * * //

dimensions      [0 0 0 0 0 0 0];

internalField   nonuniform List<scalar> 
12225
(
1
1
1
1
1
1
1
1
1
1
1
1
1
1
1
1
1
1
1
1
1
1
1
1
1
1
1
1
1
1
1
1
1
1
1
1
1
1
1
1
1
1
1
1
1
1
1
1
1
1
1
1
1
1
1
1
1
1
1
1
1
1
1
1
1
1
1
1
1
1
1
1
1
1
1
1
1
1
1
1
1
1
1
1
1
1
1
1
1
1
1
1
1
1
1
1
1
1
1
1
1
1
1
1
1
1
1
1
1
1
1
1
1
1
1
1
1
1
1
1
1
1
1
1
1
1
1
1
1
1
1
1
1
1
1
1
1
1
1
1
1
1
1
1
1
1
1
1
1
1
1
1
1
1
1
1
1
1
1
1
1
1
1
1
1
1
1
1
1
1
1
1
1
1
1
1
1
1
1
1
1
1
1
1
1
1
1
1
1
1
1
1
1
1
1
1
1
1
1
1
1
1
1
1
1
1
1
1
1
1
1
1
1
1
1
1
1
1
1
1
1
1
1
1
1
1
1
1
1
1
1
1
1
1
1
1
1
1
1
1
1
1
1
1
1
1
1
1
1
1
1
1
1
1
1
1
1
1
1
1
1
1
1
1
1
1
1
1
1
1
1
1
1
1
1
1
1
1
1
1
1
1
1
1
1
1
1
1
1
1
1
1
1
1
1
1
1
1
1
1
1
1
1
1
1
1
1
1
1
1
1
1
1
1
1
1
1
1
1
1
1
1
1
1
1
1
1
1
1
1
1
1
1
1
1
1
1
1
1
1
1
1
1
1
1
1
1
1
1
1
1
1
1
1
1
1
1
1
1
1
1
1
1
1
1
1
1
1
1
1
1
1
1
1
1
1
1
1
1
1
1
1
1
1
1
1
1
1
1
1
1
1
1
1
1
1
1
1
1
1
1
1
1
1
1
1
1
1
1
1
1
1
1
1
1
1
1
1
1
1
1
1
1
1
1
1
1
1
1
1
1
1
1
1
1
1
1
1
1
1
1
1
1
1
1
1
1
1
1
1
1
1
1
1
1
1
1
1
1
1
1
1
1
1
1
1
1
1
1
1
1
1
1
1
1
1
1
1
1
1
1
1
1
1
1
1
1
1
1
1
1
1
1
1
1
1
1
1
1
1
1
1
1
1
1
1
1
1
1
1
1
1
1
1
1
1
1
1
1
1
1
1
1
1
1
1
1
1
1
1
1
1
1
1
1
1
1
1
1
1
0.483819
0.582175
0.627237
0.645995
0.663618
0.693827
0.707518
0.729295
0.738596
0.743053
0.744167
0.743911
0.743071
0.741615
0.739203
0.735309
0.730633
0.725814
0.7203
0.715084
0.709548
0.703398
0.698723
0.691727
0.685459
0.680481
0.673234
0.668275
0.660776
0.652284
0.644797
0.627798
0.563616
0.45566
0.425826
0.443919
0.476515
0.497284
0.507016
0.516602
0.533904
0.548449
0.579752
0.616056
0.631449
0.636748
0.639798
0.638065
0.60639
0.564902
0.586609
0.773047
0.888511
0.89812
0.899451
0.899611
0.899526
0.899127
0.898204
0.896526
0.893919
0.890341
0.885925
0.880985
0.875913
0.870926
0.865878
0.860448
0.85461
0.848806
0.843564
0.839081
0.835222
0.831747
0.829808
0.828994
0.828781
0.829353
0.83212
0.836388
0.840968
0.84654
0.853163
0.860652
0.867319
0.871354
0.875248
0.878822
0.880778
0.882112
0.884079
0.885345
0.886311
0.888382
0.889293
0.891263
0.892469
0.893778
0.894725
0.895335
0.895726
0.895932
0.896034
0.896059
0.895921
0.895849
0.895847
0.895953
0.896053
0.896449
0.896964
0.897648
0.898495
0.899532
0.900814
0.902363
0.904219
0.906433
0.909015
0.9119
0.914715
0.916668
0.918206
0.919361
0.92008
0.920343
0.920211
0.919411
0.917837
0.915867
0.913377
0.909889
0.905001
0.898948
0.892382
0.886205
0.881644
0.878809
0.876124
0.872621
0.868432
0.864334
0.861064
0.858936
0.85782
0.857267
0.85669
0.855518
0.852291
0.841025
0.819921
0.80217
0.782262
0.747815
0.686621
0.593896
0.476228
0.349771
0.233422
0.141022
0.0771984
0.0384978
0.0176434
0.00749639
0.00295199
0.00104993
0.000333766
0.000153512
8.64432e-05
4.66032e-05
2.45082e-05
1.25773e-05
6.2985e-06
3.07602e-06
1.46428e-06
6.77496e-07
3.04166e-07
1.3138e-07
5.44755e-08
-7.73444e-06
0.460923
0.515004
0.530194
0.529455
0.601565
0.679411
0.734256
0.759781
0.769476
0.772604
0.773229
0.773107
0.772626
0.771303
0.768344
0.764983
0.759719
0.753667
0.747456
0.741513
0.734706
0.728726
0.721626
0.71568
0.709722
0.701548
0.695703
0.687
0.680244
0.672443
0.661993
0.653937
0.637755
0.606307
0.541116
0.481302
0.458343
0.435009
0.410835
0.412357
0.443917
0.476458
0.537882
0.611944
0.663619
0.674493
0.671296
0.651174
0.650954
0.76456
0.839387
0.881088
0.896235
0.897401
0.897263
0.894902
0.891504
0.886692
0.879563
0.870439
0.861088
0.855252
0.851218
0.845715
0.838544
0.829241
0.81714
0.803349
0.79103
0.784251
0.780763
0.777335
0.773909
0.772388
0.771331
0.769047
0.767281
0.76547
0.762065
0.758861
0.757319
0.756596
0.756978
0.761899
0.769999
0.780233
0.794511
0.809102
0.819923
0.826033
0.83272
0.838091
0.840904
0.843821
0.845106
0.845562
0.845717
0.846451
0.847121
0.848218
0.849193
0.850437
0.852704
0.85442
0.85657
0.858826
0.860966
0.863332
0.865621
0.867913
0.870168
0.871975
0.873358
0.87429
0.874879
0.875383
0.875724
0.875992
0.876548
0.877856
0.880726
0.887037
0.895746
0.905906
0.916556
0.926082
0.932935
0.938046
0.942124
0.945431
0.948212
0.950563
0.952352
0.95333
0.953477
0.95279
0.948664
0.933543
0.914213
0.900297
0.892315
0.889099
0.888537
0.8889
0.889852
0.889924
0.889383
0.886838
0.879366
0.871898
0.86745
0.866003
0.86603
0.867985
0.872503
0.872568
0.870172
0.862633
0.846352
0.808187
0.745662
0.690288
0.658351
0.647607
0.644203
0.637248
0.614936
0.538025
0.416639
0.311477
0.22526
0.157291
0.105169
0.0676112
0.041288
0.0242382
0.0133875
0.00705184
0.00358241
0.00132827
0.443234
0.446817
0.455615
0.507089
0.634271
0.722053
0.759748
0.771162
0.773253
0.772567
0.7705
0.766991
0.763364
0.755783
0.747698
0.742311
0.730755
0.719564
0.709191
0.692869
0.679894
0.666302
0.649836
0.639846
0.628966
0.620978
0.620427
0.621816
0.627335
0.632724
0.638791
0.640228
0.637404
0.630931
0.619101
0.59224
0.563309
0.506251
0.451682
0.433986
0.434798
0.456602
0.523322
0.617339
0.678869
0.691271
0.6781
0.699877
0.818211
0.868467
0.886409
0.893012
0.894476
0.891849
0.886201
0.876212
0.862454
0.847704
0.838795
0.831573
0.828357
0.825634
0.822306
0.817273
0.80911
0.798156
0.787289
0.783776
0.782825
0.782773
0.783916
0.78749
0.793539
0.797487
0.798852
0.799162
0.797375
0.790415
0.780384
0.76953
0.758051
0.748772
0.741627
0.737522
0.735988
0.735519
0.736442
0.742547
0.755811
0.775239
0.795855
0.816494
0.830731
0.839054
0.849282
0.853961
0.859563
0.86231
0.863712
0.864893
0.865538
0.867681
0.871612
0.876068
0.88052
0.885266
0.889533
0.893348
0.896599
0.899245
0.901762
0.904383
0.906991
0.909253
0.910685
0.910668
0.9087
0.903973
0.896158
0.88511
0.872684
0.862202
0.857158
0.85601
0.857957
0.866391
0.880906
0.897099
0.913128
0.926654
0.936505
0.944011
0.950214
0.955653
0.960284
0.963519
0.96495
0.965021
0.963532
0.955288
0.930998
0.911035
0.901185
0.898556
0.898895
0.903439
0.916396
0.924108
0.926227
0.926143
0.923663
0.911189
0.894246
0.885979
0.883519
0.883528
0.885483
0.895066
0.913127
0.925443
0.931214
0.93323
0.934752
0.936751
0.938357
0.938819
0.937911
0.93321
0.927532
0.918039
0.896952
0.844657
0.697188
0.509411
0.348337
0.22972
0.143259
0.0858194
0.0490375
0.0237823
0.390555
0.456564
0.612767
0.723821
0.767416
0.778936
0.778229
0.775296
0.768472
0.754582
0.740548
0.72598
0.709978
0.696748
0.685659
0.669854
0.653476
0.638212
0.622209
0.607807
0.593324
0.577462
0.564913
0.550372
0.537337
0.528993
0.519178
0.51477
0.515643
0.520234
0.533431
0.549568
0.578951
0.602929
0.607943
0.604612
0.597008
0.585647
0.561738
0.528923
0.526271
0.537079
0.567328
0.648658
0.69844
0.697996
0.724105
0.831971
0.873437
0.88551
0.888809
0.889742
0.883239
0.868881
0.843631
0.826262
0.817936
0.814811
0.814103
0.816458
0.817841
0.817582
0.816241
0.812839
0.806231
0.796115
0.789934
0.789025
0.790625
0.797318
0.809981
0.823339
0.827834
0.829281
0.829705
0.82968
0.828592
0.825086
0.818325
0.808009
0.794289
0.778182
0.761416
0.746526
0.73746
0.733117
0.729845
0.724415
0.721388
0.720737
0.722598
0.735884
0.759448
0.789321
0.820121
0.849416
0.870066
0.887869
0.898422
0.907014
0.910757
0.913309
0.915335
0.916069
0.915719
0.914056
0.911411
0.908311
0.905587
0.904123
0.904052
0.906397
0.910749
0.916617
0.92333
0.930084
0.936593
0.942241
0.946582
0.949252
0.948665
0.93913
0.914605
0.887518
0.864886
0.853289
0.850843
0.8528
0.862615
0.878711
0.897742
0.916407
0.93123
0.941555
0.950002
0.957989
0.964869
0.969319
0.970971
0.970912
0.968622
0.956589
0.928594
0.910926
0.904375
0.903881
0.906148
0.917604
0.936602
0.948021
0.951945
0.951976
0.948769
0.932086
0.907035
0.894017
0.890364
0.890707
0.895254
0.911776
0.928662
0.941452
0.952143
0.961757
0.970199
0.976876
0.981345
0.983676
0.98442
0.984431
0.983836
0.98124
0.972865
0.949231
0.877619
0.679223
0.463455
0.296664
0.181919
0.0962853
0.604626
0.728119
0.77899
0.791612
0.78995
0.78445
0.773624
0.753559
0.732179
0.714212
0.698675
0.684288
0.671378
0.659097
0.646785
0.634861
0.622121
0.610378
0.599075
0.588195
0.574821
0.561383
0.551712
0.540187
0.524369
0.514484
0.50539
0.495463
0.490441
0.484035
0.482742
0.484216
0.490198
0.505463
0.537784
0.572825
0.585923
0.585148
0.582051
0.572447
0.566382
0.56861
0.583289
0.651885
0.703189
0.724648
0.826431
0.871565
0.882972
0.885014
0.883092
0.871626
0.841432
0.817795
0.806375
0.80187
0.800827
0.802358
0.807543
0.814092
0.817283
0.817593
0.816948
0.814503
0.809107
0.800306
0.796119
0.795995
0.797562
0.80216
0.809859
0.81906
0.827079
0.830433
0.831418
0.831401
0.830429
0.827642
0.822312
0.813559
0.800957
0.785432
0.768298
0.751979
0.744472
0.741708
0.74043
0.738683
0.734666
0.722381
0.714413
0.710083
0.709178
0.711701
0.718494
0.734434
0.759845
0.796543
0.831711
0.861032
0.875617
0.880984
0.882229
0.879872
0.869484
0.853695
0.835999
0.819501
0.806136
0.798624
0.795619
0.800292
0.812325
0.832137
0.857305
0.881341
0.902563
0.92137
0.93707
0.949522
0.959783
0.966953
0.970424
0.970467
0.962777
0.933379
0.899321
0.875767
0.865876
0.865147
0.869854
0.885714
0.904452
0.923275
0.938545
0.949308
0.95809
0.965935
0.971651
0.974277
0.974586
0.973355
0.965712
0.939537
0.916826
0.906259
0.903719
0.904748
0.911966
0.932826
0.950262
0.959498
0.961774
0.960867
0.953206
0.926257
0.903664
0.893892
0.891925
0.893158
0.901864
0.924092
0.942119
0.955361
0.965379
0.973336
0.97996
0.985495
0.989675
0.992237
0.993275
0.993392
0.993036
0.990948
0.9826
0.954047
0.859506
0.625261
0.423738
0.246683
0.803222
0.804625
0.804912
0.801147
0.790155
0.775258
0.756196
0.735776
0.718955
0.703353
0.688837
0.674742
0.662598
0.650889
0.639007
0.628026
0.616456
0.607761
0.597972
0.588515
0.579121
0.568892
0.559216
0.549752
0.539935
0.530808
0.522061
0.511632
0.502601
0.492848
0.488276
0.482075
0.472524
0.472203
0.477032
0.49254
0.533724
0.566713
0.576481
0.575787
0.575083
0.5766
0.593591
0.667798
0.716176
0.796121
0.862876
0.878961
0.881692
0.877274
0.857296
0.825391
0.8084
0.801199
0.799364
0.799322
0.802079
0.807529
0.81675
0.825351
0.82812
0.828391
0.827634
0.824733
0.819397
0.812149
0.806101
0.804468
0.80452
0.805856
0.808493
0.811829
0.816593
0.822163
0.82384
0.823202
0.819656
0.813237
0.805572
0.795692
0.781746
0.766148
0.748907
0.731292
0.725594
0.725761
0.730023
0.738324
0.744007
0.745835
0.744303
0.735222
0.721574
0.712369
0.706623
0.705314
0.705587
0.709051
0.714973
0.726266
0.740024
0.746126
0.748082
0.746803
0.738647
0.728654
0.72024
0.714458
0.711076
0.710007
0.711014
0.714688
0.722226
0.735709
0.759646
0.795142
0.832285
0.867967
0.898955
0.922991
0.940645
0.955756
0.968429
0.97763
0.982555
0.98406
0.982976
0.974454
0.94834
0.921441
0.903307
0.895845
0.895723
0.902049
0.92175
0.939612
0.952723
0.962258
0.969727
0.974922
0.977246
0.97749
0.976291
0.968894
0.942482
0.91818
0.906479
0.902493
0.90242
0.905481
0.920912
0.945216
0.959502
0.964558
0.964544
0.959805
0.936952
0.909349
0.896122
0.892282
0.892573
0.897638
0.917791
0.940662
0.956477
0.96762
0.975883
0.98231
0.987422
0.991341
0.994009
0.995402
0.995784
0.995701
0.994766
0.990249
0.972584
0.90926
0.725431
0.467145
0.804843
0.810354
0.812245
0.805978
0.793055
0.774146
0.752877
0.733121
0.718184
0.703909
0.690559
0.67798
0.668399
0.658081
0.647595
0.639168
0.629758
0.617912
0.606913
0.596645
0.587929
0.580399
0.572695
0.565968
0.559616
0.553979
0.548133
0.540798
0.532652
0.525472
0.519671
0.510347
0.489943
0.470252
0.46333
0.464863
0.475958
0.518001
0.558342
0.571262
0.574016
0.579608
0.615825
0.688742
0.748647
0.841866
0.872895
0.877777
0.874151
0.849684
0.819224
0.806017
0.801577
0.800808
0.80281
0.811244
0.822099
0.832056
0.840309
0.846012
0.850589
0.855133
0.856898
0.856756
0.854936
0.851819
0.848208
0.844667
0.84134
0.837581
0.833213
0.829411
0.826047
0.820561
0.812687
0.800335
0.782491
0.763484
0.749037
0.734933
0.720325
0.708765
0.698629
0.688301
0.682401
0.680901
0.683576
0.69498
0.718622
0.739359
0.748274
0.751552
0.752474
0.750986
0.744011
0.73423
0.72209
0.712234
0.706475
0.703914
0.702864
0.702982
0.702716
0.701851
0.700508
0.698833
0.697502
0.696809
0.696844
0.697415
0.699079
0.70239
0.707438
0.715184
0.728874
0.757008
0.799598
0.843238
0.882594
0.913842
0.935497
0.949101
0.959234
0.968551
0.978028
0.985561
0.99005
0.99199
0.992302
0.991437
0.986597
0.969184
0.945357
0.930308
0.925807
0.927166
0.938475
0.956247
0.968057
0.975388
0.979262
0.980503
0.980427
0.978588
0.969217
0.940911
0.917595
0.906439
0.902834
0.902651
0.904916
0.917522
0.944496
0.961142
0.967236
0.967436
0.963033
0.94071
0.911779
0.897594
0.893159
0.893103
0.896675
0.913832
0.939867
0.958435
0.971065
0.979677
0.985764
0.990234
0.993475
0.995612
0.996726
0.997046
0.996992
0.996277
0.99263
0.977583
0.925082
0.730074
0.811363
0.839168
0.849982
0.844402
0.822989
0.793435
0.770878
0.76072
0.754822
0.744472
0.732659
0.720983
0.710796
0.695978
0.678376
0.656606
0.632867
0.611159
0.587061
0.565148
0.549578
0.541589
0.533648
0.533447
0.534365
0.535688
0.536857
0.538735
0.539476
0.538393
0.53465
0.525794
0.499546
0.467225
0.451587
0.449447
0.453562
0.471703
0.522377
0.55658
0.567637
0.58863
0.650286
0.708404
0.798744
0.86148
0.872526
0.872254
0.850665
0.819117
0.806412
0.802982
0.802603
0.807429
0.818726
0.825725
0.829532
0.831885
0.833526
0.831158
0.826296
0.82167
0.816924
0.813196
0.811661
0.811683
0.813578
0.814508
0.812914
0.808933
0.800716
0.784729
0.771845
0.757583
0.744434
0.732616
0.723816
0.717851
0.713803
0.708814
0.702353
0.695715
0.6889
0.681537
0.674586
0.670666
0.669464
0.670302
0.675962
0.69062
0.71754
0.737396
0.749834
0.756205
0.760449
0.762983
0.763871
0.76056
0.75152
0.73929
0.727358
0.7169
0.709744
0.705675
0.702721
0.700425
0.698823
0.698018
0.697877
0.698266
0.699616
0.702377
0.706859
0.713286
0.723223
0.741639
0.776369
0.822326
0.867992
0.9069
0.935068
0.951594
0.960569
0.967237
0.973631
0.980165
0.986557
0.991684
0.994781
0.996275
0.996676
0.996519
0.994966
0.986896
0.963877
0.949281
0.945776
0.947578
0.959329
0.972973
0.980176
0.983128
0.983695
0.983229
0.979704
0.963993
0.935929
0.916676
0.90721
0.904692
0.904993
0.908701
0.926113
0.952399
0.967092
0.971746
0.971521
0.965821
0.940706
0.913065
0.899976
0.896214
0.896286
0.899416
0.914409
0.941224
0.961168
0.974635
0.983439
0.989204
0.993036
0.995557
0.997075
0.997784
0.997944
0.997854
0.997065
0.993186
0.977681
0.9067
0.830125
0.891744
0.901361
0.885494
0.85502
0.839953
0.839055
0.839811
0.835974
0.824404
0.811186
0.792813
0.770441
0.74368
0.714211
0.679362
0.643712
0.608172
0.571551
0.530196
0.48691
0.451766
0.423217
0.419221
0.421382
0.426609
0.438453
0.456416
0.477107
0.491299
0.495312
0.492121
0.471402
0.443328
0.429935
0.427602
0.428532
0.450298
0.515141
0.547724
0.568837
0.61568
0.672174
0.748273
0.834404
0.865181
0.869552
0.855522
0.821726
0.807724
0.803859
0.804255
0.81105
0.818635
0.821615
0.822885
0.817606
0.801671
0.771547
0.7269
0.697442
0.679882
0.671154
0.668221
0.668694
0.673832
0.677047
0.678676
0.679958
0.679469
0.684683
0.692608
0.700714
0.70637
0.711294
0.714349
0.717132
0.718629
0.719138
0.718184
0.715493
0.711149
0.705351
0.698183
0.690344
0.681978
0.675614
0.67219
0.671407
0.675011
0.682972
0.694909
0.712315
0.732048
0.74925
0.761027
0.767811
0.772116
0.774791
0.774865
0.772625
0.767692
0.759511
0.749258
0.739877
0.731032
0.72277
0.717115
0.713924
0.712728
0.712665
0.713521
0.716576
0.721214
0.727646
0.740241
0.76874
0.815323
0.862643
0.903275
0.935578
0.958533
0.970926
0.975235
0.977289
0.980356
0.984471
0.988876
0.992929
0.995886
0.997567
0.998241
0.9983
0.997867
0.994839
0.980525
0.964098
0.958854
0.959302
0.966238
0.978056
0.984184
0.986271
0.986394
0.985098
0.97771
0.953015
0.928816
0.914883
0.909267
0.908519
0.91024
0.920089
0.946139
0.966031
0.975714
0.978014
0.977143
0.969651
0.942584
0.918874
0.908468
0.905966
0.906492
0.91069
0.926771
0.949926
0.967399
0.979437
0.987282
0.992245
0.99533
0.99718
0.998167
0.998547
0.99859
0.998431
0.997366
0.992545
0.967014
0.86284
0.931641
0.930273
0.909103
0.907622
0.922291
0.934333
0.939201
0.941366
0.941828
0.938139
0.928584
0.911975
0.884085
0.84434
0.793651
0.730042
0.664366
0.598937
0.534879
0.478191
0.428076
0.387598
0.364189
0.342761
0.313995
0.300452
0.301443
0.307969
0.326513
0.350072
0.365868
0.376562
0.38006
0.381831
0.386329
0.40476
0.458448
0.519756
0.549637
0.591551
0.645078
0.708256
0.794001
0.851869
0.864246
0.861249
0.827214
0.808968
0.803475
0.804567
0.810536
0.817109
0.818453
0.81603
0.801411
0.760134
0.673648
0.620271
0.593515
0.582295
0.57927
0.597095
0.60681
0.631834
0.648489
0.662127
0.682359
0.691954
0.70822
0.718452
0.728986
0.740706
0.751963
0.762857
0.773434
0.783429
0.791524
0.795697
0.796786
0.794098
0.787412
0.77824
0.766504
0.752235
0.736833
0.720863
0.706505
0.694935
0.68694
0.684402
0.68726
0.694261
0.704451
0.718363
0.736723
0.754911
0.768237
0.776122
0.780697
0.782718
0.783096
0.78251
0.780306
0.776846
0.772788
0.76672
0.756907
0.747486
0.742224
0.740472
0.740435
0.741339
0.744948
0.749916
0.756899
0.772566
0.815234
0.864394
0.904853
0.936289
0.960159
0.97636
0.984979
0.987636
0.987623
0.987529
0.988582
0.991667
0.994576
0.99688
0.998291
0.998869
0.998921
0.998543
0.99589
0.983771
0.97081
0.966955
0.967587
0.973901
0.983288
0.987702
0.988765
0.988397
0.984841
0.968199
0.94145
0.924771
0.917536
0.916157
0.917093
0.923922
0.945779
0.966253
0.978573
0.983783
0.984609
0.983537
0.9769
0.957146
0.941844
0.935138
0.933553
0.933885
0.936844
0.947704
0.963625
0.976178
0.98512
0.991045
0.99477
0.997005
0.998258
0.998853
0.999027
0.999012
0.998721
0.997146
0.987892
0.888709
0.948715
0.952788
0.956571
0.965711
0.972936
0.97613
0.978785
0.981005
0.982497
0.983131
0.983228
0.981289
0.976382
0.966616
0.948237
0.914684
0.852328
0.762035
0.650542
0.548748
0.460412
0.398748
0.360845
0.329505
0.289128
0.268801
0.261376
0.261958
0.266236
0.280844
0.298765
0.313505
0.328598
0.346849
0.372275
0.416625
0.487262
0.528716
0.575305
0.633173
0.685066
0.757178
0.826944
0.85518
0.860545
0.838479
0.810234
0.802629
0.803321
0.808626
0.815289
0.816754
0.813078
0.792296
0.733788
0.609827
0.547224
0.51997
0.509632
0.507912
0.535369
0.573755
0.611967
0.656288
0.695692
0.738368
0.774461
0.801402
0.8285
0.846523
0.863824
0.88037
0.895625
0.909289
0.92056
0.929424
0.935001
0.937686
0.937586
0.934334
0.926822
0.915135
0.899151
0.878495
0.853451
0.82545
0.797159
0.77243
0.750549
0.73169
0.717571
0.709689
0.70818
0.713202
0.725248
0.741009
0.758098
0.772794
0.782163
0.787007
0.789105
0.789839
0.789874
0.788822
0.786752
0.785285
0.783144
0.778664
0.772509
0.768881
0.768172
0.768436
0.769704
0.773326
0.781355
0.799308
0.843018
0.890626
0.926758
0.950701
0.967091
0.979538
0.988355
0.993054
0.994538
0.994524
0.993734
0.993402
0.993957
0.996062
0.997855
0.998866
0.999204
0.999182
0.998576
0.994908
0.98263
0.974378
0.972638
0.973974
0.981099
0.987908
0.990424
0.990614
0.989141
0.980091
0.956084
0.939789
0.933218
0.932089
0.932726
0.936705
0.951052
0.968312
0.980384
0.987315
0.990038
0.99039
0.989826
0.987098
0.980215
0.973531
0.968416
0.965433
0.964491
0.964911
0.967769
0.976377
0.98474
0.990605
0.994452
0.99684
0.998238
0.998977
0.999277
0.999328
0.999257
0.998732
0.995292
0.902764
0.960385
0.968675
0.974799
0.980198
0.982136
0.983297
0.984685
0.985566
0.987155
0.988865
0.990639
0.992256
0.992826
0.992816
0.990288
0.984198
0.970748
0.943416
0.888515
0.773692
0.621823
0.496752
0.402821
0.341566
0.28997
0.266165
0.257321
0.256208
0.258009
0.26486
0.278906
0.297436
0.320526
0.346636
0.388486
0.468218
0.51059
0.561561
0.634417
0.678914
0.73408
0.799383
0.842129
0.854223
0.850678
0.816263
0.802469
0.799007
0.804891
0.813267
0.815469
0.813559
0.795504
0.731928
0.582593
0.500884
0.463997
0.449824
0.447196
0.471702
0.535596
0.596285
0.679148
0.772723
0.834304
0.890028
0.916965
0.931734
0.943135
0.952693
0.961019
0.967721
0.973191
0.977814
0.981567
0.984521
0.986408
0.987491
0.98793
0.987623
0.986395
0.984168
0.980545
0.974846
0.966116
0.952893
0.932884
0.905133
0.873798
0.842347
0.81286
0.788055
0.767777
0.753271
0.746593
0.747738
0.75879
0.772849
0.785797
0.794809
0.799365
0.800895
0.801044
0.800509
0.798167
0.795654
0.794491
0.793678
0.791392
0.788609
0.787759
0.787925
0.788966
0.792187
0.801095
0.82857
0.883778
0.928675
0.959541
0.977141
0.985365
0.989482
0.992779
0.995657
0.997365
0.997848
0.997813
0.997308
0.996715
0.996702
0.997354
0.99863
0.999255
0.999379
0.999235
0.998013
0.991611
0.981555
0.977497
0.977287
0.979985
0.987339
0.991382
0.992381
0.991998
0.988279
0.973198
0.959153
0.953927
0.953285
0.953867
0.956369
0.963908
0.973926
0.982483
0.98881
0.992683
0.99444
0.994839
0.994772
0.99441
0.99361
0.991652
0.987366
0.983962
0.982427
0.982232
0.982899
0.986198
0.991237
0.994735
0.996964
0.998311
0.999068
0.999428
0.999535
0.999527
0.999354
0.998048
0.916116
0.969223
0.976227
0.978516
0.979304
0.979252
0.976952
0.974468
0.973472
0.973527
0.977837
0.9826
0.98933
0.993184
0.99538
0.996474
0.99685
0.995035
0.989778
0.976849
0.946801
0.878106
0.720433
0.546437
0.426644
0.340881
0.287701
0.266332
0.25989
0.261668
0.268707
0.281936
0.301645
0.328873
0.374109
0.461077
0.505944
0.553978
0.64314
0.68707
0.725746
0.778674
0.824472
0.844723
0.850738
0.828052
0.802991
0.795949
0.798656
0.809273
0.814819
0.814645
0.803299
0.751607
0.617792
0.484332
0.42736
0.402382
0.39488
0.403388
0.462545
0.554444
0.663463
0.791961
0.884912
0.936793
0.95998
0.971259
0.977594
0.982439
0.986092
0.988887
0.990959
0.99254
0.993804
0.994797
0.995619
0.996303
0.996878
0.997324
0.997608
0.997717
0.997608
0.99721
0.99641
0.995052
0.992865
0.989294
0.983723
0.974757
0.961523
0.942647
0.918781
0.892164
0.865521
0.840318
0.819769
0.807651
0.804649
0.808078
0.815297
0.81967
0.821622
0.822187
0.822336
0.822268
0.820721
0.816629
0.812676
0.809908
0.809381
0.809533
0.810232
0.812423
0.818288
0.833601
0.875215
0.927679
0.963494
0.981828
0.990319
0.994461
0.996527
0.997622
0.99837
0.998919
0.999198
0.999244
0.9992
0.998909
0.998488
0.99841
0.998588
0.999201
0.999472
0.999458
0.999006
0.996282
0.987703
0.982124
0.980871
0.981643
0.986476
0.991742
0.993755
0.993924
0.992863
0.986447
0.976905
0.973242
0.972932
0.973662
0.975922
0.977927
0.980982
0.985351
0.989827
0.99335
0.995653
0.996976
0.997661
0.997936
0.997972
0.997855
0.997142
0.994565
0.992144
0.99122
0.991148
0.991481
0.993175
0.995713
0.997449
0.998548
0.999201
0.999543
0.999675
0.999691
0.999638
0.999138
0.92439
0.972623
0.976034
0.976358
0.970922
0.95726
0.940389
0.932638
0.929155
0.928336
0.933275
0.942483
0.959657
0.976963
0.98878
0.995283
0.99775
0.998426
0.998514
0.996693
0.990929
0.974798
0.930629
0.810031
0.601892
0.459031
0.351151
0.297875
0.27634
0.270687
0.277861
0.292726
0.32135
0.377477
0.462466
0.524191
0.54682
0.644294
0.704153
0.726045
0.766357
0.807889
0.834168
0.843919
0.841492
0.808017
0.793571
0.790287
0.798989
0.812006
0.815182
0.812654
0.787259
0.693888
0.525873
0.415878
0.371097
0.352585
0.348101
0.36845
0.445668
0.555657
0.703347
0.857904
0.938136
0.9671
0.978782
0.984218
0.987329
0.989853
0.991512
0.992801
0.993773
0.994493
0.995072
0.995586
0.996124
0.996717
0.997342
0.997943
0.998462
0.998866
0.99915
0.999336
0.999435
0.999414
0.999256
0.998883
0.998236
0.997018
0.995096
0.99168
0.986703
0.979163
0.969582
0.957684
0.943932
0.927732
0.911164
0.896485
0.883838
0.872922
0.86459
0.858848
0.855397
0.85436
0.854865
0.855545
0.854374
0.850344
0.849005
0.849155
0.850273
0.853945
0.863912
0.893046
0.943331
0.972094
0.986186
0.99288
0.996107
0.997744
0.99862
0.999104
0.999392
0.999586
0.999706
0.999746
0.999745
0.999715
0.999552
0.999327
0.999278
0.999352
0.999559
0.999584
0.999413
0.998185
0.992623
0.986419
0.984292
0.984329
0.986652
0.991891
0.994654
0.995373
0.995181
0.993151
0.988569
0.986808
0.986734
0.987224
0.988244
0.988819
0.989197
0.989726
0.990997
0.993679
0.995978
0.997545
0.998506
0.999034
0.999251
0.999277
0.999172
0.998501
0.996815
0.995829
0.995577
0.995623
0.996035
0.997263
0.998316
0.999005
0.999433
0.999676
0.999785
0.999808
0.999792
0.9996
0.930786
0.972601
0.974669
0.96858
0.945585
0.923832
0.915099
0.911108
0.909358
0.908946
0.908616
0.908644
0.909964
0.921546
0.954504
0.981358
0.993469
0.997998
0.999273
0.999536
0.99907
0.996804
0.988758
0.961685
0.879388
0.664395
0.490224
0.374287
0.317503
0.296658
0.300256
0.323761
0.379078
0.458402
0.527224
0.556884
0.636146
0.713947
0.740607
0.758295
0.794826
0.82198
0.835348
0.841319
0.821935
0.796138
0.786951
0.787607
0.799349
0.812523
0.81527
0.808671
0.76287
0.640048
0.466217
0.376523
0.333705
0.313167
0.307798
0.328696
0.40687
0.531064
0.710096
0.89413
0.956336
0.975467
0.982532
0.985959
0.988482
0.990372
0.991258
0.991412
0.991095
0.990492
0.990025
0.989851
0.990278
0.991349
0.992901
0.99467
0.996342
0.997694
0.998642
0.999225
0.999546
0.999717
0.999805
0.999846
0.99984
0.999765
0.99961
0.999265
0.998723
0.997619
0.995974
0.993521
0.990749
0.987349
0.983546
0.979016
0.973002
0.962979
0.94822
0.932953
0.920358
0.911673
0.907562
0.907023
0.908289
0.910587
0.912603
0.914351
0.917105
0.923198
0.939951
0.965313
0.981692
0.990722
0.995309
0.997545
0.998632
0.999187
0.999492
0.999667
0.99977
0.999838
0.999885
0.999909
0.999913
0.99991
0.999891
0.999803
0.999701
0.999682
0.999707
0.999715
0.99964
0.999059
0.99598
0.990198
0.987527
0.987178
0.988076
0.992032
0.99524
0.996448
0.99658
0.996134
0.994615
0.99403
0.994057
0.994421
0.994773
0.994776
0.994423
0.994136
0.994151
0.99459
0.996163
0.997732
0.998735
0.999318
0.9996
0.999683
0.999674
0.999522
0.998844
0.99815
0.997909
0.9979
0.998013
0.998498
0.999062
0.999433
0.999667
0.999806
0.999872
0.99989
0.999886
0.999812
0.930438
0.97183
0.971733
0.956845
0.929322
0.918317
0.915475
0.914799
0.917421
0.919225
0.917012
0.910163
0.901499
0.898152
0.904153
0.934825
0.975817
0.9924
0.99814
0.999609
0.999854
0.999816
0.999158
0.995888
0.981274
0.925052
0.730365
0.526544
0.406715
0.35289
0.33265
0.370972
0.434763
0.504382
0.558162
0.574839
0.677547
0.754793
0.761107
0.781367
0.809263
0.825481
0.834745
0.832476
0.804372
0.784938
0.779062
0.783149
0.798502
0.812099
0.815036
0.805261
0.752934
0.612931
0.435956
0.341302
0.298652
0.279201
0.271423
0.280425
0.338497
0.45839
0.674335
0.89097
0.959405
0.976597
0.982536
0.985253
0.98601
0.985632
0.983728
0.980784
0.977351
0.973934
0.971254
0.969811
0.969971
0.972406
0.976595
0.981836
0.987188
0.991779
0.995192
0.997416
0.998709
0.99939
0.999719
0.999863
0.999925
0.999952
0.999962
0.999956
0.999927
0.999847
0.999707
0.999441
0.999149
0.998671
0.997977
0.997119
0.996235
0.994598
0.991377
0.987111
0.98256
0.978225
0.975056
0.973677
0.973582
0.97396
0.975383
0.976803
0.978253
0.98131
0.986882
0.99198
0.995534
0.997639
0.998764
0.999333
0.999617
0.999764
0.999846
0.999895
0.999925
0.999944
0.999958
0.999966
0.999968
0.999967
0.999965
0.999952
0.999906
0.99987
0.999859
0.999847
0.9998
0.999516
0.998009
0.993452
0.990531
0.989855
0.990182
0.992552
0.995702
0.99721
0.997648
0.997636
0.997407
0.997323
0.997376
0.997619
0.997769
0.997743
0.997379
0.996837
0.996655
0.996665
0.996957
0.997959
0.99886
0.999408
0.9997
0.999818
0.999837
0.999808
0.999606
0.999254
0.999106
0.99909
0.999127
0.999311
0.999568
0.999737
0.999843
0.999906
0.999936
0.999945
0.999944
0.999915
0.928137
0.97083
0.969731
0.951835
0.927139
0.918839
0.919299
0.92855
0.934395
0.935306
0.936922
0.936305
0.926691
0.902968
0.894192
0.901239
0.936406
0.978207
0.99397
0.998679
0.99978
0.999963
0.999983
0.999901
0.999077
0.992851
0.95697
0.779218
0.543633
0.430678
0.38473
0.383003
0.432795
0.5055
0.560606
0.576812
0.673936
0.762621
0.774103
0.793083
0.812623
0.825395
0.832055
0.822806
0.793175
0.777368
0.774289
0.778975
0.796049
0.810836
0.814038
0.80556
0.757375
0.621084
0.441645
0.341287
0.285889
0.257618
0.24672
0.24695
0.27169
0.345348
0.561671
0.853322
0.954194
0.975436
0.979559
0.979918
0.976888
0.971321
0.964409
0.955911
0.946389
0.937039
0.928367
0.923484
0.921748
0.92582
0.935199
0.947618
0.961552
0.974514
0.984657
0.991572
0.995724
0.997969
0.999089
0.999612
0.999841
0.999936
0.999972
0.999986
0.999992
0.999993
0.99999
0.999977
0.999963
0.999942
0.999888
0.999796
0.999705
0.999555
0.999208
0.998569
0.997794
0.996996
0.996333
0.995941
0.995807
0.995802
0.995835
0.995938
0.996159
0.996677
0.997655
0.998534
0.999157
0.999538
0.999749
0.999858
0.999915
0.999945
0.999962
0.999972
0.999979
0.999983
0.999986
0.999987
0.999986
0.999986
0.999985
0.999982
0.999971
0.999952
0.999942
0.999932
0.999903
0.99976
0.999021
0.996027
0.993133
0.992229
0.992303
0.993559
0.996215
0.997718
0.998352
0.998551
0.998615
0.998706
0.998848
0.998983
0.999041
0.999027
0.998842
0.998423
0.998209
0.998166
0.998205
0.998478
0.999081
0.999507
0.999756
0.999875
0.999911
0.99991
0.999865
0.999729
0.999658
0.999647
0.999659
0.999726
0.999829
0.999896
0.999938
0.999962
0.999973
0.999976
0.999975
0.999964
0.923856
0.967369
0.967728
0.954185
0.929776
0.920511
0.920577
0.924781
0.929677
0.931901
0.937078
0.940385
0.938942
0.923233
0.897992
0.89741
0.919596
0.967152
0.989852
0.997447
0.999461
0.999905
0.999988
0.999998
0.99999
0.999784
0.996828
0.970762
0.801665
0.543998
0.433377
0.404714
0.421528
0.492134
0.555801
0.574033
0.654577
0.75788
0.776572
0.794624
0.812304
0.824328
0.825456
0.811614
0.78586
0.771517
0.769076
0.772925
0.791109
0.808206
0.812195
0.806323
0.768167
0.644715
0.461528
0.349684
0.288316
0.256015
0.238679
0.233945
0.241174
0.274617
0.411294
0.753436
0.928717
0.971857
0.974804
0.969617
0.959742
0.948398
0.933528
0.914924
0.896125
0.881714
0.872848
0.867794
0.86513
0.864252
0.867498
0.880055
0.904503
0.934543
0.959043
0.97691
0.988157
0.994362
0.997468
0.998914
0.999552
0.999822
0.999931
0.999974
0.99999
0.999996
0.999998
0.999999
0.999999
0.999998
0.999996
0.99999
0.999982
0.999972
0.999952
0.999902
0.999809
0.999699
0.999596
0.999518
0.999468
0.99944
0.999431
0.999433
0.999446
0.999494
0.999625
0.999759
0.999856
0.999918
0.999953
0.999972
0.999982
0.999988
0.999991
0.999993
0.999994
0.999994
0.999994
0.999994
0.999993
0.999992
0.999991
0.999988
0.999982
0.999975
0.999972
0.999966
0.999952
0.999882
0.999513
0.997744
0.995182
0.994172
0.994121
0.994745
0.99675
0.998132
0.998792
0.999085
0.999242
0.999363
0.999467
0.99954
0.999569
0.999565
0.99949
0.999263
0.999111
0.999059
0.999061
0.999124
0.999382
0.99966
0.99983
0.999918
0.999953
0.999958
0.999951
0.999912
0.999883
0.999879
0.999882
0.999905
0.999941
0.999964
0.999978
0.999986
0.99999
0.999991
0.99999
0.999986
0.919967
0.960277
0.965714
0.959679
0.937714
0.924872
0.922696
0.923562
0.924691
0.926917
0.934402
0.941128
0.93999
0.926756
0.900478
0.89845
0.916646
0.964427
0.988758
0.997094
0.999369
0.999883
0.999981
0.999997
1
0.999994
0.999824
0.997047
0.970381
0.795097
0.539461
0.43575
0.42295
0.456805
0.540949
0.565275
0.614396
0.737238
0.773859
0.793554
0.810979
0.821136
0.820664
0.808012
0.779126
0.765276
0.763183
0.76604
0.783039
0.804113
0.81067
0.807771
0.783861
0.692611
0.499154
0.370675
0.297794
0.259148
0.239198
0.231144
0.231859
0.244583
0.310777
0.578392
0.859784
0.957936
0.969278
0.956287
0.940926
0.919994
0.895369
0.877526
0.867694
0.862426
0.859309
0.856879
0.854406
0.851413
0.847886
0.844377
0.844906
0.86462
0.908774
0.945926
0.971469
0.986294
0.993868
0.997405
0.998947
0.999586
0.999841
0.99994
0.999978
0.999992
0.999997
0.999999
1
1
1
1
0.999999
0.999999
0.999998
0.999995
0.999989
0.999977
0.999966
0.999956
0.999947
0.999938
0.999933
0.999931
0.999931
0.999934
0.999945
0.999963
0.999977
0.999986
0.999991
0.999995
0.999996
0.999997
0.999998
0.999998
0.999998
0.999998
0.999997
0.999996
0.999995
0.999994
0.999992
0.999988
0.999984
0.999981
0.99998
0.999978
0.999972
0.999938
0.99975
0.998786
0.996685
0.995677
0.995543
0.995858
0.997247
0.998474
0.999099
0.999408
0.999574
0.999677
0.999744
0.999784
0.999799
0.999798
0.99977
0.999667
0.999583
0.999547
0.999542
0.999556
0.999645
0.999798
0.999897
0.999952
0.999976
0.999982
0.999982
0.999974
0.999965
0.999963
0.999964
0.999971
0.999982
0.999989
0.999993
0.999996
0.999997
0.999997
0.999997
0.999995
0.915189
0.946943
0.961756
0.960029
0.95281
0.937014
0.929021
0.928089
0.929123
0.934033
0.943069
0.943625
0.939058
0.914587
0.898043
0.900679
0.93094
0.974497
0.992761
0.998242
0.999619
0.999924
0.999986
0.999998
1
1
0.99999
0.999711
0.9955
0.959119
0.754191
0.522146
0.441013
0.441217
0.502747
0.549307
0.58386
0.693897
0.763141
0.789886
0.808251
0.817115
0.817026
0.807543
0.779448
0.761367
0.758148
0.759827
0.772212
0.798043
0.808045
0.807348
0.794371
0.737416
0.572169
0.412035
0.31803
0.268261
0.242686
0.231814
0.230353
0.23433
0.262101
0.395162
0.73379
0.920855
0.959071
0.948961
0.923228
0.897005
0.878649
0.868926
0.864226
0.861479
0.860766
0.861456
0.861804
0.8591
0.852487
0.843812
0.836102
0.831508
0.843511
0.894069
0.940854
0.970769
0.986754
0.994387
0.997745
0.999131
0.999676
0.999881
0.999957
0.999985
0.999995
0.999998
0.999999
1
1
1
1
1
1
1
1
0.999999
0.999998
0.999997
0.999996
0.999994
0.999993
0.999992
0.999992
0.999992
0.999993
0.999994
0.999996
0.999997
0.999998
0.999999
0.999999
0.999999
0.999999
0.999999
0.999999
0.999998
0.999997
0.999996
0.999995
0.999994
0.999991
0.999986
0.999983
0.999981
0.999981
0.999981
0.999979
0.999963
0.999864
0.999344
0.997772
0.996812
0.996628
0.996791
0.997719
0.998762
0.999322
0.999605
0.999751
0.99983
0.999873
0.999895
0.999903
0.999903
0.999893
0.99985
0.999809
0.999789
0.999784
0.999788
0.999816
0.99989
0.999943
0.999973
0.999988
0.999993
0.999993
0.999992
0.99999
0.99999
0.99999
0.999992
0.999995
0.999997
0.999998
0.999999
0.999999
0.999999
0.999999
0.999998
0.903475
0.927631
0.952897
0.957763
0.95598
0.951475
0.944091
0.942849
0.943986
0.946493
0.946451
0.943177
0.924722
0.899021
0.897341
0.911222
0.959213
0.989366
0.997433
0.99943
0.999885
0.999978
0.999996
0.999999
1
1
0.999999
0.999972
0.999325
0.991484
0.933259
0.694131
0.499367
0.450564
0.462767
0.523148
0.557048
0.625849
0.737389
0.78125
0.803387
0.81297
0.81362
0.807443
0.781626
0.76024
0.753471
0.753677
0.760873
0.786163
0.80408
0.80612
0.800394
0.768605
0.650195
0.47369
0.357405
0.287345
0.251464
0.234879
0.230868
0.232103
0.243712
0.301916
0.540514
0.840091
0.938416
0.942602
0.917801
0.8891
0.875869
0.869334
0.865961
0.866947
0.873804
0.881265
0.884764
0.88453
0.879209
0.864358
0.84311
0.82971
0.824504
0.837233
0.895613
0.945882
0.974845
0.989195
0.995641
0.998328
0.999384
0.99978
0.999923
0.999973
0.999991
0.999997
0.999999
1
1
1
1
1
1
1
1
1
1
1
1
1
0.999999
0.999999
0.999999
0.999999
0.999999
0.999999
0.999999
0.999999
1
1
1
1
0.999999
0.999999
0.999999
0.999998
0.999996
0.999993
0.999992
0.99999
0.999985
0.99998
0.999978
0.999978
0.999978
0.99998
0.99998
0.999973
0.999921
0.999629
0.99853
0.997654
0.997445
0.997527
0.998136
0.998995
0.999477
0.999723
0.999844
0.999904
0.999933
0.999946
0.999951
0.999952
0.999948
0.999931
0.999913
0.999904
0.9999
0.999901
0.99991
0.999942
0.99997
0.999986
0.999994
0.999997
0.999998
0.999998
0.999998
0.999998
0.999998
0.999998
0.999999
0.999999
1
1
1
1
1
0.999999
0.848998
0.881112
0.931755
0.949218
0.953097
0.952046
0.949406
0.948481
0.948306
0.947343
0.942923
0.925212
0.897214
0.894375
0.905391
0.9496
0.985655
0.996276
0.999116
0.999809
0.999962
0.999993
0.999999
1
1
1
1
0.999997
0.999896
0.998215
0.982361
0.882911
0.623603
0.482627
0.463527
0.487472
0.535583
0.579075
0.686841
0.763001
0.796046
0.808547
0.810446
0.807034
0.786164
0.761316
0.750416
0.749771
0.753347
0.773232
0.796818
0.803452
0.801007
0.784853
0.720124
0.557951
0.414016
0.320821
0.268574
0.242549
0.233289
0.233097
0.238033
0.263764
0.371895
0.694998
0.891569
0.930621
0.92009
0.891363
0.87732
0.870892
0.870486
0.875893
0.885929
0.889983
0.891164
0.891231
0.89039
0.886671
0.868642
0.837148
0.822444
0.820684
0.845681
0.91233
0.957769
0.981446
0.992416
0.997078
0.998927
0.999621
0.99987
0.999956
0.999985
0.999995
0.999998
0.999999
1
1
1
1
1
1
1
1
1
1
1
1
1
1
1
1
1
1
1
1
1
1
1
1
0.999999
0.999999
0.999998
0.999997
0.999992
0.999985
0.999982
0.999978
0.999968
0.999964
0.999963
0.999964
0.999969
0.999977
0.999979
0.999976
0.999948
0.99978
0.999035
0.998271
0.998056
0.998094
0.998487
0.999179
0.999586
0.999794
0.999895
0.999941
0.999962
0.999971
0.999974
0.999975
0.999974
0.999967
0.99996
0.999956
0.999955
0.999955
0.999958
0.999971
0.999985
0.999993
0.999997
0.999998
0.999999
0.999999
0.999999
0.999999
1
1
1
1
1
1
1
1
1
1
0.815034
0.834976
0.883673
0.92518
0.940455
0.945532
0.945435
0.944805
0.942741
0.935733
0.91297
0.890144
0.890112
0.903324
0.950611
0.985254
0.995982
0.999001
0.999774
0.999953
0.999991
0.999998
1
1
1
1
1
1
0.999984
0.999619
0.995218
0.963096
0.796845
0.562239
0.477614
0.476594
0.507721
0.543321
0.617016
0.729054
0.783074
0.803627
0.80784
0.806275
0.793815
0.764534
0.74988
0.745895
0.747123
0.757768
0.7864
0.799633
0.799794
0.792663
0.758756
0.644463
0.48119
0.373093
0.302872
0.258726
0.239971
0.236371
0.239068
0.251526
0.300115
0.500505
0.796485
0.904177
0.91421
0.899872
0.881179
0.874638
0.875037
0.88071
0.887844
0.890765
0.891681
0.891738
0.891335
0.889458
0.883178
0.854631
0.824573
0.815628
0.820858
0.873552
0.936727
0.971389
0.988064
0.995342
0.998281
0.999394
0.999794
0.999932
0.999978
0.999993
0.999998
0.999999
1
1
1
1
1
1
1
1
1
1
1
1
1
1
1
1
1
1
1
1
1
1
1
1
0.999999
0.999998
0.999995
0.999991
0.999976
0.99996
0.999955
0.999946
0.999931
0.999928
0.999929
0.999933
0.999946
0.999966
0.999975
0.999975
0.999961
0.999861
0.999364
0.998725
0.998519
0.998534
0.998788
0.999336
0.999671
0.999843
0.999924
0.999961
0.999977
0.999984
0.999986
0.999987
0.999986
0.999984
0.999982
0.99998
0.99998
0.99998
0.999981
0.999986
0.999993
0.999997
0.999998
0.999999
1
1
1
1
1
1
1
1
1
1
1
1
1
1
0.815665
0.821179
0.840476
0.877333
0.902985
0.920625
0.922958
0.920162
0.91072
0.88354
0.877302
0.883844
0.908173
0.965271
0.989147
0.996906
0.999199
0.999813
0.99996
0.999992
0.999999
1
1
1
1
1
1
1
0.999997
0.999917
0.998703
0.987697
0.923499
0.692115
0.520685
0.481682
0.488749
0.520512
0.568476
0.674057
0.756459
0.79372
0.804351
0.804614
0.798175
0.771595
0.751094
0.743699
0.743799
0.748922
0.772805
0.792922
0.797217
0.794085
0.777383
0.716953
0.567298
0.436791
0.346011
0.286684
0.254207
0.245081
0.245291
0.252484
0.275962
0.360712
0.637951
0.844857
0.900462
0.901427
0.890045
0.879656
0.879
0.881368
0.886933
0.890032
0.891428
0.891622
0.89132
0.889703
0.884509
0.865858
0.828459
0.812885
0.812508
0.841371
0.914345
0.959927
0.982867
0.993193
0.997458
0.999099
0.999694
0.9999
0.999968
0.99999
0.999997
0.999999
1
1
1
1
1
1
1
1
1
1
1
1
1
1
1
1
1
1
1
1
1
1
1
0.999999
0.999997
0.999993
0.999986
0.999971
0.999927
0.999897
0.999888
0.999867
0.999853
0.999853
0.999858
0.999869
0.999897
0.999941
0.999965
0.999971
0.999964
0.999904
0.999574
0.999057
0.998874
0.998878
0.999047
0.999472
0.999741
0.999879
0.999944
0.999973
0.999985
0.99999
0.999992
0.999993
0.999993
0.999992
0.999991
0.999991
0.999991
0.999991
0.999991
0.999994
0.999997
0.999999
0.999999
1
1
1
1
1
1
1
1
1
1
1
1
1
1
1
0.816085
0.818293
0.825159
0.841079
0.852574
0.862368
0.861139
0.853188
0.853149
0.862587
0.888593
0.947447
0.981529
0.994156
0.998306
0.999555
0.999895
0.999977
0.999995
0.999999
1
1
1
1
1
1
1
1
1
0.999982
0.999642
0.9959
0.970684
0.839091
0.601973
0.500212
0.489151
0.50173
0.535025
0.607458
0.720559
0.778931
0.799379
0.802561
0.799754
0.781932
0.754433
0.742862
0.740388
0.74247
0.756195
0.782998
0.792937
0.792823
0.785567
0.754486
0.654008
0.505881
0.401841
0.330009
0.282324
0.260846
0.257852
0.25947
0.270993
0.308902
0.457052
0.733752
0.863128
0.894278
0.894002
0.887518
0.8835
0.883656
0.885632
0.888863
0.890697
0.891018
0.890616
0.888786
0.883883
0.867915
0.829659
0.80928
0.807147
0.822633
0.892319
0.948285
0.977313
0.990798
0.99651
0.99875
0.999574
0.99986
0.999956
0.999986
0.999996
0.999999
1
1
1
1
1
1
1
1
1
1
1
1
1
1
1
1
1
1
1
1
1
1
0.999999
0.999997
0.999992
0.99998
0.999959
0.99991
0.999796
0.999747
0.999713
0.999687
0.999689
0.999699
0.99972
0.999753
0.999818
0.999893
0.999943
0.999962
0.99996
0.999925
0.999708
0.999301
0.999146
0.999145
0.999263
0.999586
0.999799
0.999908
0.999958
0.999981
0.99999
0.999994
0.999996
0.999996
0.999996
0.999996
0.999996
0.999996
0.999996
0.999996
0.999996
0.999998
0.999999
0.999999
1
1
1
1
1
1
1
1
1
1
1
1
1
1
1
1
0.819469
0.8272
0.828742
0.837686
0.841526
0.848792
0.864869
0.886842
0.923141
0.962409
0.984304
0.994286
0.998135
0.999449
0.999854
0.999965
0.999993
0.999998
1
1
1
1
1
1
1
1
1
1
1
0.999996
0.9999
0.998639
0.988437
0.931411
0.720788
0.5435
0.495086
0.495968
0.513287
0.559846
0.663937
0.753779
0.790703
0.800072
0.799281
0.789924
0.761686
0.743884
0.738454
0.739034
0.745925
0.770913
0.787362
0.790269
0.787177
0.772025
0.719803
0.588901
0.468671
0.379568
0.316436
0.281433
0.271562
0.271986
0.276521
0.294613
0.35621
0.568289
0.784029
0.868213
0.888594
0.889531
0.888346
0.887446
0.88769
0.888919
0.890182
0.890071
0.888945
0.885363
0.87913
0.865917
0.828909
0.804271
0.800529
0.811226
0.873435
0.937555
0.971957
0.988395
0.995523
0.998375
0.99944
0.999816
0.999942
0.999982
0.999995
0.999998
1
1
1
1
1
1
1
1
1
1
1
1
1
1
1
1
1
1
1
1
1
0.999999
0.999998
0.999992
0.999978
0.999947
0.999886
0.999718
0.999508
0.99937
0.99929
0.999299
0.999333
0.999409
0.999461
0.99952
0.999649
0.999795
0.999898
0.999944
0.999951
0.999931
0.999791
0.999476
0.99935
0.999346
0.999431
0.999678
0.999845
0.999929
0.999969
0.999986
0.999993
0.999996
0.999997
0.999998
0.999998
0.999998
0.999998
0.999998
0.999998
0.999998
0.999998
0.999999
0.999999
1
1
1
1
1
1
1
1
1
1
1
1
1
1
1
1
1
0.869248
0.921115
0.953579
0.969067
0.977356
0.983208
0.988491
0.993035
0.996355
0.998351
0.999351
0.999775
0.999931
0.999981
0.999996
0.999999
1
1
1
1
1
1
1
1
1
1
1
1
1
0.999999
0.999971
0.999545
0.995508
0.970082
0.840847
0.617523
0.514234
0.498173
0.504218
0.531001
0.609055
0.71226
0.774131
0.795348
0.798003
0.793949
0.771935
0.746856
0.737005
0.735447
0.738369
0.754316
0.778438
0.786544
0.786116
0.779454
0.752823
0.669904
0.539846
0.439731
0.365006
0.316016
0.292882
0.288102
0.289134
0.297602
0.325024
0.420311
0.656213
0.809209
0.867696
0.884214
0.887694
0.888842
0.889114
0.889623
0.889381
0.888335
0.885256
0.878235
0.870427
0.856254
0.822788
0.798493
0.793792
0.802355
0.858916
0.928505
0.967216
0.986184
0.994587
0.998009
0.999307
0.99977
0.999927
0.999977
0.999993
0.999998
0.999999
1
1
1
1
1
1
1
1
1
1
1
1
1
1
1
1
1
1
1
1
0.999998
0.999994
0.999979
0.999942
0.999861
0.999689
0.999265
0.998871
0.998469
0.998398
0.998454
0.998609
0.998809
0.998998
0.999192
0.999421
0.999641
0.999813
0.999907
0.999934
0.999926
0.99984
0.999604
0.999501
0.999497
0.999559
0.999749
0.99988
0.999946
0.999976
0.999989
0.999995
0.999997
0.999998
0.999999
0.999999
0.999999
0.999999
0.999999
0.999999
0.999999
0.999999
1
1
1
1
1
1
1
1
1
1
1
1
1
1
1
1
1
1
1
1
1
1
1
1
1
1
1
1
1
1
1
1
1
1
1
1
1
1
1
1
1
1
1
1
1
1
1
1
1
0.999991
0.999844
0.998257
0.98692
0.925665
0.717367
0.553833
0.505555
0.503667
0.514708
0.558244
0.664883
0.747209
0.786025
0.795614
0.794189
0.782969
0.75338
0.737776
0.733424
0.734064
0.741435
0.766716
0.781065
0.783554
0.78082
0.768235
0.726524
0.616213
0.506031
0.42216
0.359498
0.32011
0.305324
0.30443
0.30674
0.320036
0.360506
0.49763
0.698498
0.814327
0.861599
0.879056
0.884712
0.887068
0.886857
0.885647
0.882679
0.875791
0.865762
0.857112
0.840051
0.809954
0.790386
0.786768
0.794831
0.84855
0.921314
0.963217
0.984234
0.993732
0.997665
0.999178
0.999724
0.999911
0.999973
0.999992
0.999998
0.999999
1
1
1
1
1
1
1
1
1
1
1
1
1
1
1
1
1
1
1
0.999999
0.999996
0.999983
0.999945
0.999848
0.999634
0.999112
0.998282
0.997403
0.996613
0.996567
0.996698
0.997087
0.997647
0.998021
0.998447
0.998943
0.99937
0.999672
0.999843
0.999906
0.999909
0.999865
0.999704
0.999622
0.999619
0.999663
0.999807
0.999908
0.999959
0.999982
0.999992
0.999996
0.999998
0.999999
0.999999
0.999999
0.999999
0.999999
0.999999
0.999999
1
1
1
1
1
1
1
1
1
1
1
1
1
1
1
1
1
1
1
1
1
1
1
1
1
1
1
1
1
1
1
1
1
1
1
1
1
1
1
1
1
1
1
1
1
1
1
1
1
1
1
0.999997
0.999948
0.999345
0.994499
0.966035
0.831603
0.622268
0.524987
0.505947
0.508628
0.529653
0.604269
0.711928
0.769596
0.790744
0.793109
0.788479
0.764687
0.740858
0.73136
0.730829
0.733632
0.746815
0.772499
0.780154
0.779703
0.774741
0.755496
0.701592
0.58367
0.486629
0.411376
0.358723
0.330211
0.322717
0.323361
0.328941
0.34865
0.399858
0.548827
0.70714
0.800672
0.845917
0.865044
0.873697
0.873959
0.871916
0.866783
0.856079
0.844446
0.835443
0.818236
0.794432
0.780495
0.778677
0.78748
0.843569
0.916766
0.960205
0.982654
0.993014
0.997369
0.999064
0.999683
0.999897
0.999968
0.99999
0.999997
0.999999
1
1
1
0.999999
0.999999
0.999999
0.999999
0.999999
0.999999
1
1
1
1
1
1
1
1
1
0.999999
0.999997
0.999988
0.999954
0.999852
0.999606
0.999025
0.997652
0.996204
0.994549
0.993427
0.993414
0.993658
0.994295
0.995315
0.996378
0.997239
0.998015
0.998758
0.999344
0.999698
0.999851
0.999883
0.999866
0.999775
0.999713
0.99971
0.999744
0.999853
0.99993
0.999969
0.999986
0.999994
0.999997
0.999998
0.999999
0.999999
0.999999
0.999999
0.999999
1
1
1
1
1
1
1
1
1
1
1
1
1
1
1
1
1
1
1
1
1
1
1
1
1
1
1
1
1
1
1
1
1
1
1
1
1
1
1
1
1
1
1
1
1
1
1
1
1
1
1
1
1
0.999999
0.999984
0.999773
0.997895
0.985566
0.922672
0.724707
0.568367
0.515654
0.510102
0.517039
0.552287
0.653017
0.740636
0.780409
0.790318
0.788862
0.778177
0.748552
0.732715
0.7268
0.727538
0.733114
0.753744
0.772778
0.776844
0.774773
0.766999
0.742857
0.678844
0.571461
0.480435
0.4092
0.366163
0.349254
0.34761
0.349742
0.358966
0.383261
0.437359
0.566361
0.686799
0.766073
0.808624
0.831717
0.838775
0.836875
0.831037
0.820726
0.810723
0.802999
0.788785
0.776388
0.771016
0.771604
0.783764
0.842007
0.91475
0.958777
0.981838
0.992621
0.997202
0.999
0.99966
0.999889
0.999965
0.999989
0.999997
0.999999
0.999999
0.999999
0.999999
0.999997
0.999996
0.999996
0.999996
0.999997
0.999998
0.999999
0.999999
1
1
1
1
1
1
0.999999
0.999998
0.999992
0.999968
0.999878
0.99962
0.999037
0.99737
0.994994
0.992819
0.990312
0.989272
0.989372
0.989837
0.991012
0.992115
0.993444
0.995062
0.996621
0.997972
0.998916
0.999482
0.999757
0.999848
0.999852
0.999817
0.999782
0.999781
0.999807
0.999888
0.999947
0.999976
0.999989
0.999995
0.999998
0.999999
0.999999
0.999999
0.999999
1
1
1
1
1
1
1
1
1
1
1
1
1
1
1
1
1
1
1
1
1
1
1
1
1
1
1
1
1
1
1
1
1
1
1
1
1
1
1
1
1
1
1
1
1
1
1
1
1
1
1
1
1
1
1
1
0.999995
0.999926
0.999249
0.994396
0.967216
0.845774
0.647004
0.542678
0.515303
0.515186
0.527743
0.579598
0.693015
0.759266
0.783681
0.7874
0.783883
0.765793
0.7379
0.726947
0.723564
0.724964
0.733105
0.756381
0.770349
0.772421
0.769428
0.759739
0.732701
0.670074
0.57377
0.484717
0.415735
0.383742
0.3783
0.379567
0.384534
0.39762
0.421641
0.466589
0.557531
0.644804
0.708947
0.747638
0.768239
0.769776
0.767859
0.7638
0.762753
0.763176
0.763839
0.763751
0.764829
0.768506
0.783003
0.842206
0.914227
0.958308
0.981552
0.992473
0.997137
0.998974
0.999651
0.999886
0.999964
0.999989
0.999997
0.999999
0.999999
0.999999
0.999997
0.999991
0.999989
0.999989
0.99999
0.999993
0.999996
0.999998
0.999999
0.999999
0.999999
1
1
1
0.999999
0.999999
0.999995
0.999979
0.999917
0.999697
0.999088
0.997856
0.994269
0.991277
0.988225
0.984936
0.984332
0.984682
0.985718
0.987529
0.98924
0.990328
0.992105
0.994496
0.996456
0.997962
0.998964
0.999517
0.999753
0.999824
0.999827
0.999824
0.999825
0.999848
0.999914
0.999959
0.999981
0.999991
0.999996
0.999998
0.999999
0.999999
0.999999
1
1
1
1
1
1
1
1
1
1
1
1
1
1
1
1
1
1
1
1
1
1
1
1
1
1
1
1
1
1
1
1
1
1
1
1
1
1
1
1
1
1
1
1
1
1
1
1
1
1
1
1
1
1
1
1
1
0.999999
0.999977
0.999741
0.997934
0.98688
0.934466
0.764021
0.600983
0.532224
0.517789
0.520532
0.541585
0.618202
0.719512
0.768448
0.783289
0.783166
0.776761
0.750944
0.73017
0.720957
0.719778
0.722003
0.731179
0.754513
0.766021
0.766604
0.762945
0.752611
0.727199
0.672559
0.584855
0.502564
0.441967
0.418068
0.417085
0.419867
0.427482
0.443908
0.461144
0.489038
0.536928
0.591145
0.637158
0.659967
0.668704
0.680975
0.704622
0.729479
0.7471
0.756002
0.759688
0.762526
0.767954
0.784936
0.847357
0.916242
0.95889
0.981688
0.992497
0.997139
0.998974
0.99965
0.999886
0.999964
0.999989
0.999996
0.999998
0.999998
0.999997
0.999991
0.999975
0.999969
0.999969
0.999973
0.999982
0.999989
0.999994
0.999997
0.999998
0.999999
0.999999
0.999999
0.999999
0.999999
0.999997
0.999988
0.999947
0.999795
0.999304
0.997924
0.995683
0.989848
0.985978
0.982181
0.977958
0.977432
0.97808
0.980193
0.983939
0.986573
0.987974
0.989121
0.991421
0.994636
0.997019
0.998488
0.99929
0.999656
0.999788
0.999822
0.999832
0.999849
0.999892
0.999938
0.999969
0.999985
0.999993
0.999997
0.999998
0.999999
0.999999
0.999999
1
1
1
1
1
1
1
1
1
1
1
1
1
1
1
1
1
1
1
1
1
1
1
1
1
1
1
1
1
1
1
1
1
1
1
1
1
1
1
1
1
1
1
1
1
1
1
1
1
1
1
1
1
1
1
1
1
1
0.999994
0.999911
0.999205
0.994721
0.971549
0.875278
0.699726
0.575878
0.529733
0.522925
0.528338
0.558213
0.648642
0.737317
0.772416
0.780674
0.779262
0.769903
0.741333
0.723777
0.715941
0.715482
0.717943
0.726673
0.748237
0.758665
0.758805
0.754513
0.744323
0.722609
0.676089
0.603894
0.538073
0.491333
0.468583
0.467289
0.470105
0.478462
0.49146
0.501692
0.514265
0.538635
0.559342
0.572746
0.599006
0.642148
0.686577
0.721499
0.743354
0.754137
0.758615
0.761983
0.768743
0.790346
0.859242
0.923641
0.962683
0.983357
0.993159
0.997386
0.999062
0.999681
0.999897
0.999968
0.99999
0.999996
0.999997
0.999997
0.999993
0.999973
0.999928
0.999915
0.999917
0.999928
0.999955
0.999974
0.999986
0.999993
0.999996
0.999998
0.999999
0.999999
0.999999
0.999998
0.999994
0.99997
0.999867
0.999521
0.998536
0.995641
0.991772
0.983977
0.978662
0.975022
0.969671
0.968467
0.969179
0.971546
0.977889
0.983433
0.985998
0.987044
0.98849
0.991669
0.995023
0.997397
0.998762
0.999436
0.999712
0.999803
0.999836
0.999872
0.999915
0.999952
0.999975
0.999988
0.999994
0.999997
0.999998
0.999999
0.999999
0.999999
1
1
1
1
1
1
1
1
1
1
1
1
1
1
1
1
1
1
1
1
1
1
1
1
1
1
1
1
1
1
1
1
1
1
1
1
1
1
1
1
1
1
1
1
1
1
1
1
1
1
1
1
1
1
1
1
1
1
0.999999
0.999978
0.99976
0.998187
0.989264
0.947744
0.809995
0.657105
0.563262
0.531809
0.529857
0.537109
0.571528
0.67002
0.745651
0.772523
0.777542
0.77531
0.764696
0.735391
0.718891
0.711669
0.710348
0.712623
0.720069
0.737335
0.745623
0.746809
0.74266
0.733219
0.715184
0.678014
0.630881
0.584795
0.551788
0.530279
0.521848
0.522366
0.524977
0.530451
0.534076
0.538465
0.544206
0.554289
0.582947
0.635888
0.684792
0.721151
0.743294
0.754095
0.758558
0.762541
0.771353
0.800311
0.873986
0.932637
0.96771
0.985845
0.994262
0.997831
0.99923
0.999741
0.999918
0.999975
0.999992
0.999996
0.999996
0.999993
0.999981
0.999923
0.999809
0.999778
0.999783
0.999816
0.999889
0.99994
0.999969
0.999984
0.999992
0.999996
0.999997
0.999998
0.999997
0.999996
0.999985
0.999925
0.999684
0.998952
0.996998
0.991478
0.984858
0.977754
0.972066
0.968756
0.962743
0.959969
0.960335
0.962284
0.968193
0.97803
0.983472
0.985583
0.986834
0.989415
0.993231
0.996348
0.998261
0.999213
0.999618
0.999767
0.999832
0.999885
0.999928
0.99996
0.999979
0.99999
0.999995
0.999997
0.999998
0.999999
0.999999
0.999999
0.999999
1
1
1
1
1
1
1
1
1
1
1
1
1
1
1
1
1
1
1
1
1
1
1
1
1
1
1
1
1
1
1
1
1
1
1
1
1
1
1
1
1
1
1
1
1
1
1
1
1
1
1
1
1
1
1
1
1
1
0.999996
0.999943
0.999489
0.996641
0.982
0.919645
0.767404
0.635678
0.559826
0.536035
0.535983
0.544718
0.581306
0.681993
0.748458
0.770413
0.773681
0.771174
0.760351
0.731298
0.714853
0.708359
0.705052
0.706399
0.711357
0.722564
0.729142
0.730304
0.728021
0.72078
0.704294
0.683972
0.659158
0.631255
0.60419
0.581774
0.565187
0.554789
0.550175
0.549351
0.549537
0.550875
0.557261
0.58448
0.644409
0.694529
0.728139
0.747138
0.75594
0.760026
0.76534
0.777662
0.819198
0.891431
0.942973
0.972955
0.988233
0.99526
0.998216
0.999367
0.999788
0.999933
0.999979
0.999992
0.999994
0.999992
0.999983
0.999952
0.999798
0.999519
0.999448
0.999462
0.999551
0.999738
0.999864
0.999933
0.999968
0.999985
0.999992
0.999995
0.999996
0.999995
0.999992
0.999963
0.999816
0.999294
0.997834
0.993882
0.984901
0.97895
0.973651
0.968879
0.964193
0.957167
0.953196
0.953292
0.954728
0.958801
0.9699
0.979535
0.983491
0.984893
0.987097
0.991195
0.994899
0.997351
0.998723
0.999386
0.999678
0.999813
0.999887
0.999935
0.999965
0.999982
0.999991
0.999995
0.999997
0.999998
0.999998
0.999999
0.999999
0.999999
1
1
1
1
1
1
1
1
1
1
1
1
1
1
1
1
1
1
1
1
1
1
1
1
1
1
1
1
1
1
1
1
1
1
1
1
1
1
1
1
1
1
1
1
1
1
1
1
1
1
1
1
1
1
1
1
1
1
0.999999
0.999988
0.99987
0.999027
0.994324
0.972752
0.88701
0.739412
0.626596
0.5619
0.542021
0.542953
0.55242
0.587966
0.684369
0.74627
0.766425
0.769345
0.766978
0.75724
0.730066
0.712556
0.705751
0.701051
0.700958
0.70311
0.707917
0.713994
0.715726
0.714653
0.708257
0.698318
0.689432
0.678807
0.656855
0.628271
0.599884
0.576797
0.562385
0.557103
0.556952
0.560316
0.576107
0.627173
0.687467
0.727035
0.747944
0.75719
0.761557
0.765146
0.772275
0.790494
0.847244
0.91363
0.956582
0.980118
0.991574
0.996675
0.99876
0.999558
0.99985
0.999952
0.999985
0.999992
0.999991
0.999985
0.999959
0.999879
0.999514
0.998881
0.998721
0.998754
0.998964
0.999407
0.999703
0.99986
0.999936
0.99997
0.999986
0.999992
0.999993
0.999992
0.999982
0.999909
0.999569
0.998518
0.995728
0.987645
0.979854
0.976168
0.971492
0.965476
0.957395
0.948095
0.944945
0.945513
0.947603
0.951753
0.96174
0.974268
0.981024
0.983461
0.985435
0.989302
0.993439
0.99653
0.998347
0.999234
0.999624
0.999796
0.999885
0.999937
0.999967
0.999983
0.999991
0.999995
0.999996
0.999997
0.999997
0.999998
0.999999
0.999999
0.999999
0.999999
0.999999
0.999999
0.999999
0.999999
0.999999
0.999999
0.999999
0.999999
0.999999
1
1
1
1
1
1
1
1
1
1
1
1
1
1
1
1
1
1
1
1
1
1
1
1
1
1
1
1
1
1
1
1
1
1
1
1
1
1
1
1
1
1
1
1
1
1
1
1
0.999998
0.999973
0.999757
0.998416
0.991683
0.964062
0.865689
0.723679
0.624415
0.567967
0.54991
0.551191
0.560044
0.59173
0.67631
0.739204
0.760862
0.764919
0.763254
0.756039
0.733725
0.713691
0.703186
0.699597
0.695677
0.695542
0.696539
0.698569
0.702409
0.702058
0.698137
0.693083
0.68732
0.676035
0.647781
0.613543
0.58534
0.56995
0.566253
0.567678
0.579098
0.628136
0.698599
0.7362
0.753938
0.762917
0.767267
0.769766
0.774445
0.785032
0.814532
0.881732
0.935351
0.968737
0.98632
0.994447
0.997861
0.999219
0.999729
0.999911
0.999971
0.999988
0.99999
0.999986
0.999965
0.999897
0.99971
0.998949
0.997651
0.997303
0.997366
0.997777
0.998729
0.999376
0.999717
0.999875
0.999945
0.999975
0.999986
0.999988
0.999986
0.999961
0.999774
0.999033
0.997082
0.991813
0.982538
0.977484
0.974511
0.968457
0.958302
0.947434
0.937443
0.935015
0.935919
0.93938
0.944407
0.954448
0.969217
0.978406
0.981982
0.983958
0.987688
0.992162
0.995728
0.997903
0.999012
0.999526
0.999764
0.999878
0.999937
0.999968
0.999983
0.999991
0.999994
0.999995
0.999996
0.999997
0.999997
0.999998
0.999998
0.999999
0.999999
0.999999
0.999999
0.999999
0.999999
0.999998
0.999998
0.999998
0.999998
0.999999
0.999999
0.999999
0.999999
0.999999
0.999999
1
1
1
1
1
1
1
1
1
1
1
1
1
1
1
1
1
1
1
1
1
1
1
1
1
1
1
1
1
1
1
1
1
1
1
1
1
1
1
1
1
1
1
1
0.999995
0.999948
0.999609
0.99773
0.98928
0.958405
0.858951
0.724258
0.627923
0.576287
0.558956
0.560135
0.567548
0.593445
0.662504
0.72893
0.754168
0.760697
0.759945
0.755173
0.741462
0.71668
0.704533
0.69715
0.693301
0.689562
0.686599
0.68612
0.68689
0.687241
0.685712
0.681303
0.671978
0.64709
0.612308
0.587753
0.57847
0.578247
0.58505
0.625109
0.696639
0.7374
0.75626
0.763747
0.767816
0.772502
0.777721
0.786804
0.806366
0.85669
0.915366
0.955301
0.978449
0.99036
0.995974
0.998432
0.999426
0.999803
0.999936
0.999978
0.999988
0.999986
0.999973
0.999913
0.999737
0.999336
0.997993
0.995694
0.994975
0.995051
0.995678
0.997445
0.998761
0.999452
0.999767
0.999902
0.999957
0.999977
0.999981
0.999975
0.999911
0.999442
0.997966
0.994697
0.986913
0.98005
0.976472
0.972337
0.963631
0.950667
0.939556
0.930992
0.92833
0.928902
0.93169
0.937252
0.948314
0.963714
0.975259
0.980156
0.982406
0.986356
0.991167
0.995055
0.997493
0.998796
0.999431
0.999728
0.999868
0.999935
0.999968
0.999983
0.99999
0.999992
0.999993
0.999994
0.999995
0.999996
0.999997
0.999998
0.999998
0.999998
0.999998
0.999998
0.999998
0.999997
0.999997
0.999997
0.999997
0.999997
0.999997
0.999998
0.999998
0.999998
0.999998
0.999999
0.999999
0.999999
1
1
1
1
1
1
1
1
1
1
1
1
1
1
1
1
1
1
1
1
1
1
1
1
1
1
1
1
1
1
1
1
1
1
1
1
1
1
1
1
1
1
0.999999
0.99999
0.99991
0.999413
0.996932
0.98681
0.952379
0.849252
0.728676
0.634946
0.584905
0.567872
0.568751
0.574963
0.595693
0.651488
0.719779
0.747998
0.756908
0.756907
0.754716
0.746805
0.72649
0.707555
0.697018
0.690629
0.685968
0.680149
0.674163
0.668622
0.664339
0.660293
0.653671
0.632324
0.604857
0.591666
0.590026
0.594168
0.61929
0.687478
0.733289
0.756519
0.765855
0.76865
0.771568
0.779226
0.788942
0.805715
0.843653
0.900442
0.944346
0.97213
0.987174
0.994406
0.997659
0.999069
0.999649
0.999876
0.999959
0.999982
0.999985
0.999978
0.999939
0.999783
0.999307
0.998563
0.996674
0.993386
0.992051
0.992064
0.992749
0.995328
0.997737
0.999013
0.999592
0.999834
0.999931
0.999964
0.999969
0.999954
0.999796
0.998663
0.996183
0.991095
0.984104
0.978985
0.975641
0.970047
0.958985
0.945274
0.93387
0.926721
0.924793
0.925217
0.927219
0.932034
0.943261
0.960369
0.972897
0.978398
0.981316
0.985458
0.99037
0.994484
0.997166
0.998639
0.999367
0.999706
0.999862
0.999934
0.999967
0.999982
0.999989
0.999991
0.999992
0.999992
0.999993
0.999994
0.999995
0.999996
0.999996
0.999996
0.999996
0.999996
0.999996
0.999995
0.999995
0.999995
0.999995
0.999995
0.999995
0.999995
0.999995
0.999996
0.999997
0.999998
0.999998
0.999999
0.999999
0.999999
0.999999
0.999999
0.999999
0.999999
0.999999
1
1
1
1
1
1
1
1
1
1
1
1
1
1
1
1
1
1
1
1
1
1
1
1
1
1
1
1
1
1
1
1
1
1
1
1
0.999998
0.999982
0.999868
0.99923
0.996345
0.985439
0.950933
0.849135
0.732269
0.64741
0.597168
0.578449
0.578195
0.583015
0.599168
0.63964
0.706947
0.739647
0.751952
0.754363
0.753837
0.750407
0.741496
0.720426
0.702869
0.691925
0.6827
0.672517
0.664022
0.659064
0.654268
0.642286
0.620767
0.6081
0.606514
0.610294
0.632195
0.69561
0.738712
0.760526
0.76928
0.771952
0.774231
0.779166
0.792626
0.809535
0.841247
0.89211
0.935772
0.965759
0.983184
0.992197
0.996553
0.998567
0.999443
0.999796
0.999929
0.999973
0.999983
0.99998
0.999957
0.999858
0.999479
0.998171
0.99705
0.995044
0.991392
0.989269
0.989063
0.989586
0.992397
0.996242
0.998368
0.999339
0.999739
0.999896
0.999948
0.999953
0.999913
0.999531
0.997096
0.993652
0.988451
0.982811
0.978617
0.974583
0.967745
0.955358
0.940925
0.929854
0.923896
0.922414
0.922789
0.924561
0.928936
0.939247
0.956838
0.970813
0.977289
0.98033
0.984639
0.989886
0.99423
0.997035
0.998574
0.999336
0.999693
0.999856
0.999931
0.999965
0.99998
0.999986
0.999987
0.999988
0.999989
0.99999
0.999991
0.999992
0.999993
0.999993
0.999993
0.999993
0.999993
0.999993
0.999992
0.999991
0.99999
0.99999
0.999989
0.999989
0.999989
0.999989
0.999991
0.999993
0.999995
0.999997
0.999998
0.999998
0.999998
0.999998
0.999998
0.999998
0.999998
0.999999
1
1
1
1
1
1
1
1
1
1
1
1
1
1
1
1
1
1
1
1
1
1
1
1
1
1
1
1
1
1
1
1
1
1
1
1
1
0.999997
0.999978
0.999855
0.999225
0.996619
0.987539
0.960727
0.886393
0.757145
0.664962
0.614338
0.592562
0.589615
0.592954
0.603249
0.62577
0.675247
0.720025
0.741091
0.749905
0.751562
0.750995
0.748084
0.741164
0.728353
0.705047
0.68484
0.672488
0.665848
0.65598
0.641947
0.634914
0.635317
0.642172
0.675555
0.722866
0.752276
0.768281
0.775005
0.777103
0.778723
0.782136
0.791976
0.813811
0.847456
0.895348
0.93726
0.965214
0.981518
0.990431
0.995314
0.997867
0.999107
0.999654
0.999875
0.999955
0.999978
0.999979
0.999966
0.999896
0.999643
0.998847
0.996182
0.994286
0.992848
0.989787
0.987047
0.986389
0.98668
0.988935
0.994238
0.99748
0.998994
0.999615
0.999852
0.999925
0.999926
0.999815
0.998882
0.994599
0.990768
0.986872
0.98231
0.978502
0.973888
0.966044
0.953381
0.938789
0.927957
0.922661
0.921372
0.921573
0.922994
0.92712
0.938295
0.956607
0.970157
0.976013
0.979504
0.984527
0.989953
0.994307
0.997084
0.998599
0.999348
0.999698
0.999858
0.999931
0.999964
0.999978
0.999983
0.999984
0.999984
0.999985
0.999986
0.999987
0.999987
0.999987
0.999986
0.999986
0.999986
0.999986
0.999986
0.999986
0.999985
0.999984
0.999981
0.999979
0.999979
0.999979
0.999979
0.999981
0.999986
0.99999
0.999993
0.999995
0.999996
0.999997
0.999997
0.999997
0.999997
0.999997
0.999997
1
1
1
1
1
1
1
1
1
1
1
1
1
1
1
1
1
1
1
1
1
1
1
1
1
1
1
1
1
1
1
1
1
1
1
1
1
1
0.999997
0.999981
0.999884
0.999429
0.997664
0.991947
0.975078
0.9342
0.827676
0.713145
0.647754
0.616455
0.605644
0.607002
0.612441
0.625434
0.646399
0.67218
0.702993
0.727495
0.740558
0.74539
0.745744
0.744897
0.741771
0.733467
0.717537
0.701032
0.692011
0.691313
0.694434
0.70717
0.734169
0.756491
0.771523
0.780068
0.783167
0.78409
0.785286
0.788045
0.79556
0.816593
0.856496
0.907235
0.945098
0.968146
0.982044
0.990173
0.995013
0.997651
0.998972
0.999581
0.999837
0.999936
0.99997
0.999977
0.99997
0.999918
0.999706
0.999012
0.997393
0.994044
0.991262
0.989948
0.987845
0.985177
0.984164
0.984277
0.985839
0.991768
0.996412
0.998582
0.99947
0.999803
0.999893
0.999878
0.999553
0.997191
0.991342
0.988976
0.9862
0.982247
0.978729
0.973603
0.965358
0.952624
0.938035
0.927307
0.922254
0.921086
0.921469
0.923188
0.927638
0.939673
0.957795
0.970377
0.975406
0.979494
0.984787
0.990321
0.994597
0.997255
0.998684
0.999385
0.999713
0.999862
0.99993
0.99996
0.999972
0.999976
0.999976
0.999976
0.999977
0.999978
0.999978
0.999978
0.999977
0.999975
0.999973
0.999973
0.999974
0.999974
0.999974
0.999974
0.999972
0.999966
0.999961
0.999959
0.999959
0.999959
0.999963
0.999972
0.99998
0.999986
0.99999
0.999992
0.999993
0.999994
0.999994
0.999994
0.999995
0.999995
1
1
1
1
1
1
1
1
1
1
1
1
1
1
1
1
1
1
1
1
1
1
1
1
1
1
1
1
1
1
1
1
1
1
1
1
1
1
1
0.999998
0.999989
0.999936
0.999702
0.998834
0.996021
0.987908
0.966355
0.912099
0.822287
0.730052
0.676318
0.64622
0.633968
0.634446
0.637918
0.645902
0.654668
0.663439
0.681718
0.705023
0.721817
0.732595
0.741795
0.747223
0.748068
0.748182
0.749198
0.753127
0.762725
0.77321
0.782073
0.788741
0.791795
0.792782
0.793621
0.795197
0.798884
0.808478
0.830113
0.880341
0.927278
0.956857
0.974541
0.985194
0.991618
0.995451
0.997687
0.998904
0.999518
0.999798
0.999915
0.999958
0.999972
0.999969
0.999934
0.999752
0.999057
0.997004
0.994115
0.992213
0.989417
0.986554
0.984282
0.982508
0.982036
0.982207
0.983549
0.989502
0.99537
0.998197
0.999351
0.999762
0.999848
0.999769
0.998795
0.99351
0.989115
0.988164
0.986075
0.9835
0.980333
0.97401
0.965491
0.95425
0.940409
0.929246
0.923542
0.921871
0.922331
0.924493
0.92996
0.943767
0.961149
0.971045
0.975551
0.979897
0.985622
0.991227
0.995253
0.997632
0.99887
0.999466
0.999743
0.999871
0.99993
0.999956
0.999965
0.999967
0.999967
0.999967
0.999966
0.999965
0.999964
0.99996
0.999954
0.99995
0.999949
0.999949
0.999952
0.999956
0.999956
0.999956
0.999952
0.99994
0.999931
0.999926
0.999925
0.999925
0.999929
0.999941
0.999957
0.999969
0.999977
0.999982
0.999986
0.999987
0.999988
0.999989
0.99999
0.999989
1
1
1
1
1
1
1
1
1
1
1
1
1
1
1
1
1
1
1
1
1
1
1
1
1
1
1
1
1
1
1
1
1
1
1
1
1
1
1
1
0.999999
0.999995
0.999975
0.999888
0.999571
0.998534
0.995481
0.987211
0.966092
0.927505
0.880016
0.830469
0.784825
0.739086
0.703499
0.68118
0.671582
0.671207
0.673849
0.681743
0.70171
0.722376
0.739049
0.75082
0.760359
0.768394
0.774826
0.781277
0.787945
0.793367
0.797402
0.801139
0.804314
0.808811
0.815374
0.824557
0.841674
0.880534
0.923403
0.952903
0.971647
0.983128
0.990028
0.994197
0.996708
0.998207
0.999084
0.999557
0.999794
0.999904
0.999946
0.999964
0.999963
0.999942
0.999798
0.999134
0.996722
0.993859
0.991712
0.989555
0.985093
0.980357
0.978267
0.978378
0.979043
0.979953
0.982044
0.989146
0.995216
0.998124
0.999317
0.999724
0.999767
0.999445
0.996345
0.989194
0.987948
0.988085
0.987778
0.985561
0.982117
0.976421
0.968783
0.959514
0.947602
0.935963
0.928625
0.925432
0.925583
0.92869
0.936838
0.953881
0.966617
0.972369
0.976166
0.981147
0.987503
0.992832
0.996276
0.998173
0.999118
0.999567
0.99978
0.999882
0.999928
0.999946
0.999951
0.999951
0.99995
0.999947
0.999945
0.999943
0.999936
0.999921
0.999909
0.999903
0.999903
0.999905
0.999915
0.999925
0.999927
0.999927
0.999921
0.999902
0.999884
0.999874
0.999869
0.999868
0.99987
0.999878
0.999903
0.99993
0.999949
0.999962
0.99997
0.999974
0.999978
0.999979
0.99998
0.999978
1
1
1
1
1
1
1
1
1
1
1
1
1
1
1
1
1
1
1
1
1
1
1
1
1
1
1
1
1
1
1
1
1
1
1
1
1
1
1
1
1
1
0.999999
0.999993
0.99997
0.999884
0.999605
0.998768
0.996358
0.990244
0.981023
0.965208
0.950556
0.929169
0.89288
0.855782
0.814194
0.766049
0.736142
0.729253
0.730839
0.738689
0.753842
0.768132
0.778987
0.786851
0.794155
0.801666
0.807788
0.812456
0.82082
0.837456
0.853754
0.869608
0.893757
0.922628
0.946622
0.964891
0.977787
0.986337
0.991752
0.995081
0.997081
0.998294
0.999023
0.999452
0.999701
0.999839
0.999905
0.99994
0.999952
0.999951
0.999936
0.999837
0.999235
0.996701
0.993633
0.992204
0.989726
0.983411
0.977738
0.974987
0.974504
0.974772
0.975788
0.97801
0.982947
0.990709
0.995938
0.998438
0.999445
0.999704
0.999621
0.998223
0.990503
0.986238
0.987535
0.990564
0.990396
0.988328
0.98577
0.980039
0.972537
0.965103
0.957048
0.948322
0.941432
0.93829
0.938126
0.943655
0.954478
0.964152
0.97002
0.973764
0.977902
0.984462
0.990759
0.995016
0.997466
0.998732
0.999355
0.999663
0.999815
0.999888
0.99992
0.999929
0.99993
0.999928
0.999922
0.999917
0.999913
0.999904
0.999878
0.999843
0.999821
0.999815
0.999816
0.999825
0.999855
0.999876
0.999881
0.99988
0.999871
0.999842
0.999813
0.999792
0.999777
0.999768
0.999766
0.999768
0.999786
0.999841
0.99989
0.999919
0.999937
0.999948
0.999955
0.99996
0.999961
0.999957
1
1
1
1
1
1
1
1
1
1
1
1
1
1
1
1
1
1
1
1
1
1
1
1
1
1
1
1
1
1
1
1
1
1
1
1
1
1
1
1
1
1
1
1
0.999999
0.999994
0.999978
0.999927
0.999766
0.999342
0.99827
0.99656
0.994281
0.988325
0.981355
0.971005
0.954496
0.935254
0.914389
0.894541
0.875593
0.863277
0.860677
0.861324
0.863602
0.868173
0.87403
0.882696
0.895209
0.911842
0.930397
0.947143
0.960917
0.971846
0.980258
0.986546
0.991115
0.994312
0.996464
0.997848
0.998706
0.99922
0.99952
0.999696
0.999801
0.99985
0.999884
0.999916
0.999931
0.999932
0.999924
0.999901
0.999835
0.999393
0.996692
0.993407
0.992549
0.99078
0.985096
0.978365
0.974887
0.973548
0.973426
0.974567
0.976664
0.980263
0.987879
0.994166
0.997593
0.999107
0.999567
0.999571
0.998774
0.992073
0.983325
0.983344
0.989501
0.993577
0.993288
0.991807
0.990236
0.986877
0.980657
0.97351
0.96727
0.961924
0.957824
0.956029
0.956468
0.959838
0.964792
0.969111
0.972914
0.977013
0.98364
0.990143
0.994477
0.997056
0.998447
0.99917
0.999547
0.999743
0.99984
0.999884
0.999897
0.999897
0.999891
0.999876
0.999865
0.999858
0.999849
0.999828
0.999769
0.999698
0.99966
0.999652
0.999657
0.999687
0.999754
0.999789
0.999797
0.999796
0.999782
0.999739
0.999696
0.999654
0.999613
0.999583
0.999571
0.999572
0.999587
0.99966
0.999767
0.999833
0.999869
0.999892
0.999908
0.999917
0.99992
0.99991
1
1
1
1
1
1
1
1
1
1
1
1
1
1
1
1
1
1
1
1
1
1
1
1
1
1
1
1
1
1
1
1
1
1
1
1
1
1
1
1
1
1
1
1
1
1
0.999999
0.999997
0.999989
0.999965
0.999906
0.999778
0.999534
0.998941
0.997524
0.996189
0.993612
0.989073
0.984008
0.979148
0.973496
0.968073
0.965411
0.965222
0.965701
0.967091
0.970255
0.975489
0.98093
0.985911
0.990049
0.993239
0.995554
0.997158
0.998228
0.998923
0.999359
0.999619
0.999769
0.999843
0.999875
0.99989
0.999892
0.999888
0.999883
0.999876
0.999869
0.999864
0.999854
0.999825
0.999786
0.999738
0.999561
0.997788
0.993026
0.992506
0.992383
0.990354
0.983316
0.977451
0.974802
0.974538
0.975398
0.977444
0.981465
0.988004
0.993819
0.997212
0.998869
0.999425
0.999478
0.998843
0.993061
0.979409
0.97681
0.981957
0.992381
0.995325
0.995448
0.993977
0.992297
0.990614
0.987238
0.981524
0.975514
0.970644
0.967387
0.966046
0.965877
0.967745
0.970693
0.974349
0.978869
0.98512
0.990789
0.994594
0.996945
0.998289
0.999036
0.999451
0.999677
0.99979
0.999841
0.999855
0.999852
0.999833
0.999798
0.999771
0.999755
0.999743
0.999726
0.999685
0.999563
0.999414
0.999336
0.999321
0.999334
0.999411
0.999538
0.999596
0.999607
0.999603
0.999577
0.999521
0.999459
0.999383
0.999301
0.999238
0.999212
0.999212
0.999238
0.999367
0.999553
0.999667
0.999731
0.999775
0.999805
0.999824
0.999829
0.99981
1
1
1
1
1
1
1
1
1
1
1
1
1
1
1
1
1
1
1
1
1
1
1
1
1
1
1
1
1
1
1
1
1
1
1
1
1
1
1
1
1
1
1
1
1
1
1
1
0.999999
0.999998
0.999995
0.999986
0.999967
0.999919
0.999753
0.999545
0.999268
0.99863
0.997913
0.997069
0.995849
0.994744
0.994352
0.994382
0.994576
0.995085
0.996117
0.99712
0.997973
0.998639
0.999124
0.999457
0.999676
0.999809
0.999891
0.99993
0.999944
0.999943
0.999927
0.999897
0.999839
0.999734
0.999659
0.99956
0.999494
0.999471
0.999481
0.999506
0.999525
0.999527
0.999516
0.999475
0.999017
0.994526
0.991929
0.993132
0.99444
0.991942
0.986733
0.983015
0.980725
0.980042
0.98186
0.985607
0.990314
0.99431
0.997184
0.998719
0.999303
0.999399
0.998981
0.994912
0.97774
0.968945
0.970827
0.984403
0.99375
0.996087
0.996586
0.996527
0.995682
0.994443
0.992742
0.990169
0.985949
0.981579
0.978252
0.976549
0.975901
0.977265
0.979813
0.983444
0.987798
0.991968
0.994997
0.996988
0.998214
0.998948
0.99938
0.999621
0.999742
0.999796
0.999811
0.999803
0.999763
0.999691
0.999628
0.999584
0.999557
0.999539
0.999508
0.999438
0.999223
0.998929
0.998755
0.998709
0.998722
0.998822
0.999017
0.999101
0.999115
0.999107
0.999072
0.999026
0.99895
0.998838
0.998719
0.998637
0.998611
0.998618
0.998679
0.998931
0.999213
0.999378
0.999477
0.999549
0.999607
0.999631
0.999658
0.999628
1
1
1
1
1
1
1
1
1
1
1
1
1
1
1
1
1
1
1
1
1
1
1
1
1
1
1
1
1
1
1
1
1
1
1
1
1
1
1
1
1
1
1
1
1
1
1
1
1
1
1
0.999999
0.999998
0.999995
0.999982
0.999961
0.999927
0.999882
0.999829
0.999717
0.999556
0.999452
0.999438
0.999453
0.999499
0.999609
0.999722
0.999812
0.99988
0.999926
0.999956
0.999975
0.999984
0.999985
0.999981
0.99996
0.999911
0.999817
0.999573
0.999342
0.99895
0.998567
0.99833
0.997974
0.997983
0.998076
0.998285
0.998563
0.99875
0.998942
0.999095
0.999093
0.997925
0.992012
0.991531
0.994049
0.995616
0.995496
0.993752
0.990973
0.98944
0.988877
0.990536
0.993103
0.995483
0.997525
0.998674
0.999176
0.999302
0.998971
0.995536
0.976078
0.955879
0.954385
0.966769
0.986764
0.994313
0.996435
0.99711
0.99734
0.9969
0.996028
0.994853
0.993681
0.991959
0.989685
0.987539
0.986303
0.985783
0.986709
0.988517
0.991019
0.993582
0.995715
0.997248
0.99828
0.998945
0.999354
0.999585
0.9997
0.999751
0.999764
0.999746
0.999671
0.999537
0.999408
0.999301
0.999224
0.999177
0.999142
0.999085
0.998953
0.99857
0.998051
0.997699
0.997559
0.997547
0.997593
0.997782
0.997921
0.997955
0.997955
0.997948
0.997934
0.997894
0.997773
0.997643
0.997578
0.997571
0.997603
0.99778
0.998268
0.998643
0.998877
0.999031
0.999144
0.999246
0.999288
0.999376
0.999332
1
1
1
1
1
1
1
1
1
1
1
1
1
1
1
1
1
1
1
1
1
1
1
1
1
1
1
1
1
1
1
1
1
1
1
1
1
1
1
1
1
1
1
1
1
1
1
1
1
1
1
1
1
1
0.999999
0.999997
0.999995
0.999993
0.99999
0.999982
0.999972
0.999969
0.99997
0.999972
0.999978
0.999985
0.99999
0.999994
0.999996
0.999997
0.999997
0.999996
0.999988
0.999961
0.99988
0.999598
0.999254
0.998607
0.99751
0.99662
0.995508
0.994995
0.993971
0.993358
0.993556
0.994152
0.995347
0.99664
0.997468
0.997976
0.998507
0.99855
0.996164
0.990355
0.991296
0.994564
0.995984
0.996417
0.996133
0.995339
0.994715
0.994595
0.995628
0.996899
0.997978
0.998711
0.999054
0.999174
0.99893
0.99619
0.978232
0.938145
0.926714
0.934796
0.967799
0.987731
0.994361
0.996311
0.997121
0.997597
0.997879
0.997895
0.997446
0.996359
0.995299
0.994224
0.993204
0.992609
0.992365
0.992949
0.993981
0.995339
0.996634
0.9977
0.998491
0.999034
0.999377
0.999569
0.999662
0.999704
0.999711
0.999675
0.999541
0.999304
0.999054
0.998816
0.99861
0.998458
0.998363
0.998285
0.998143
0.997786
0.997072
0.996368
0.995857
0.995598
0.995526
0.99553
0.995576
0.995743
0.995908
0.996
0.996039
0.996047
0.996037
0.99597
0.995844
0.995784
0.995805
0.995978
0.996587
0.99735
0.99781
0.998152
0.998313
0.998522
0.998719
0.998806
0.998993
0.998754
1
1
1
1
1
1
1
1
1
1
1
1
1
1
1
1
1
1
1
1
1
1
1
1
1
1
1
1
1
1
1
1
1
1
1
1
1
1
1
1
1
1
1
1
1
1
1
1
1
1
1
1
1
1
1
1
1
1
1
0.999999
0.999999
0.999999
0.999999
0.999999
1
1
1
1
0.999999
0.999997
0.999989
0.999959
0.999867
0.999603
0.998917
0.997166
0.995708
0.992725
0.990919
0.989415
0.988789
0.987524
0.984503
0.983192
0.983691
0.985375
0.989009
0.992527
0.994861
0.996831
0.998083
0.99806
0.993868
0.988856
0.991039
0.994687
0.996103
0.996789
0.99709
0.997246
0.997277
0.99741
0.99791
0.998367
0.998729
0.998921
0.999004
0.99877
0.996619
0.982075
0.925639
0.882644
0.884992
0.930256
0.97076
0.987042
0.992673
0.994794
0.996176
0.997212
0.997881
0.998192
0.998322
0.998167
0.997648
0.996973
0.996445
0.996168
0.996077
0.996426
0.996958
0.997645
0.998284
0.998809
0.999189
0.99943
0.999561
0.999624
0.999653
0.999645
0.999564
0.999314
0.998892
0.998398
0.997864
0.997341
0.99691
0.996613
0.996383
0.996059
0.995489
0.994667
0.993755
0.992943
0.99235
0.99201
0.991876
0.991857
0.991882
0.992037
0.992546
0.992973
0.993138
0.993153
0.993147
0.99315
0.993192
0.993371
0.993921
0.994988
0.995914
0.996593
0.996924
0.997442
0.997761
0.998113
0.998408
0.998475
0.998312
0.9958
1
1
1
1
1
1
1
1
1
1
1
1
1
1
1
1
1
1
1
1
1
1
1
1
1
1
1
1
1
1
1
1
1
1
1
1
1
1
1
1
1
1
1
1
1
1
1
1
1
1
1
1
1
1
1
1
1
1
1
1
1
1
1
1
1
0.999999
0.999998
0.999996
0.999986
0.999957
0.999862
0.999565
0.998835
0.99696
0.992525
0.987607
0.983594
0.984338
0.986448
0.986801
0.985338
0.981484
0.978819
0.978058
0.978402
0.980231
0.985168
0.990289
0.99404
0.996648
0.99767
0.997301
0.991848
0.98711
0.989682
0.994413
0.99608
0.996866
0.997336
0.997789
0.99806
0.998219
0.998486
0.998635
0.998734
0.998777
0.998432
0.996378
0.984999
0.934052
0.843287
0.816772
0.863044
0.932071
0.966248
0.980823
0.986868
0.98978
0.992362
0.994731
0.99671
0.997901
0.998423
0.998612
0.998679
0.99855
0.998337
0.998197
0.998155
0.998329
0.998572
0.998875
0.999142
0.999343
0.999467
0.999537
0.999574
0.99958
0.99952
0.999307
0.998762
0.99789
0.996826
0.995604
0.994305
0.993124
0.992217
0.991546
0.990893
0.990019
0.988829
0.987439
0.986122
0.985167
0.984676
0.984553
0.984607
0.985089
0.986599
0.987942
0.988824
0.989404
0.989803
0.99005
0.990241
0.990637
0.991649
0.992897
0.993891
0.994845
0.995749
0.996296
0.996611
0.99731
0.997732
0.997738
0.99702
0.995653
0.992081
0.972745
1
1
1
1
1
1
1
1
1
1
1
1
1
1
1
1
1
1
1
1
1
1
1
1
1
1
1
1
1
1
1
1
1
1
1
1
1
1
1
1
1
1
1
1
1
1
1
1
1
1
1
1
1
1
1
1
1
1
1
1
0.999998
0.999996
0.999994
0.999993
0.999991
0.999988
0.999976
0.999936
0.999821
0.999545
0.998747
0.99649
0.992303
0.981152
0.976293
0.97706
0.979213
0.985656
0.988502
0.987328
0.984115
0.980437
0.978462
0.978429
0.979453
0.981821
0.986699
0.991234
0.994687
0.997006
0.997532
0.996713
0.99023
0.985015
0.986815
0.992956
0.995629
0.996706
0.997303
0.997799
0.998061
0.998232
0.998383
0.998429
0.998339
0.997715
0.994971
0.982701
0.928935
0.810299
0.747586
0.742642
0.80646
0.885605
0.939056
0.96237
0.972012
0.976534
0.981121
0.985971
0.99101
0.994958
0.997246
0.998358
0.998806
0.998978
0.999043
0.99907
0.999081
0.99914
0.999218
0.999305
0.999377
0.999424
0.999453
0.999428
0.999296
0.998942
0.998135
0.996548
0.994007
0.99071
0.986975
0.983323
0.980246
0.977777
0.97577
0.974116
0.972861
0.972145
0.971964
0.972226
0.97401
0.976979
0.979125
0.98042
0.981029
0.981293
0.981643
0.982562
0.984287
0.986233
0.988145
0.98984
0.991161
0.992174
0.993088
0.993976
0.99467
0.995355
0.996137
0.99665
0.996647
0.99626
0.993921
0.989272
0.971721
0.955404
0.929678
0.835138
1
1
1
1
1
1
1
1
1
1
1
1
1
1
1
1
1
1
1
1
1
1
1
1
1
1
1
1
1
1
1
1
1
1
1
1
1
1
1
1
1
1
1
1
1
1
1
1
1
1
1
1
1
1
1
1
1
1
0.999999
0.99999
0.999962
0.999919
0.999896
0.999892
0.999887
0.999859
0.999735
0.999274
0.998119
0.996375
0.990875
0.977556
0.959076
0.961414
0.972789
0.983456
0.987744
0.989808
0.99122
0.990212
0.988625
0.985994
0.984029
0.983241
0.98405
0.986685
0.990406
0.993764
0.996373
0.997394
0.997297
0.995768
0.988528
0.983149
0.983378
0.989343
0.993852
0.995735
0.996649
0.997208
0.997497
0.997636
0.997664
0.99726
0.996017
0.992006
0.978131
0.927307
0.828952
0.730333
0.664101
0.640753
0.650272
0.742944
0.868332
0.920572
0.938015
0.944619
0.951521
0.959846
0.970785
0.981477
0.989425
0.99446
0.997024
0.998216
0.998727
0.998926
0.998989
0.999011
0.99901
0.998951
0.998785
0.998424
0.997697
0.996302
0.993711
0.98935
0.983874
0.978198
0.973309
0.969868
0.967942
0.96717
0.966987
0.96716
0.967922
0.969094
0.97068
0.972581
0.974607
0.976561
0.978295
0.979817
0.98121
0.98262
0.984218
0.985975
0.987648
0.98916
0.990595
0.991933
0.99314
0.994102
0.994942
0.995879
0.996779
0.997289
0.997393
0.996927
0.992787
0.985535
0.970506
0.950087
0.890188
0.828266
0.687218
0.622128
0.541541
0.336155
1
1
1
1
1
1
1
1
1
1
1
1
1
1
1
1
1
1
1
1
1
1
1
1
1
1
1
1
1
1
1
1
1
1
1
1
1
1
1
1
1
1
1
1
1
1
1
1
1
1
1
1
1
1
1
1
1
1
0.999971
0.999826
0.999479
0.999132
0.999043
0.99906
0.999064
0.998952
0.997403
0.99195
0.984682
0.979375
0.953696
0.921898
0.941613
0.969617
0.972044
0.979122
0.986379
0.989936
0.991804
0.9928
0.993198
0.992898
0.99198
0.991464
0.991925
0.993502
0.994964
0.996471
0.997138
0.997225
0.996464
0.993851
0.986657
0.981361
0.980441
0.983409
0.989204
0.99258
0.994271
0.995071
0.99536
0.995112
0.993807
0.990794
0.983803
0.966884
0.931788
0.888009
0.826788
0.750183
0.685265
0.634881
0.604455
0.613262
0.719185
0.836983
0.867976
0.874425
0.880219
0.889238
0.907131
0.930034
0.952038
0.970489
0.982879
0.989967
0.993457
0.994919
0.99539
0.995385
0.99496
0.994105
0.992696
0.99052
0.987452
0.983543
0.979319
0.975858
0.973451
0.97224
0.972098
0.972703
0.97414
0.97585
0.977666
0.979595
0.98162
0.983766
0.98602
0.988449
0.990879
0.992711
0.993432
0.99402
0.994631
0.995231
0.995799
0.996576
0.996
0.994332
0.993143
0.991261
0.9863
0.978207
0.969556
0.96379
0.961138
0.957471
0.944624
0.907135
0.78551
0.552209
0.349409
0.20992
0.117307
0.0625981
0.0298451
0.0132289
0.00628036
-0.0267684
1
1
1
1
1
1
1
1
1
1
1
1
1
1
1
1
1
1
1
1
1
1
1
1
1
1
1
1
1
1
1
1
1
1
1
1
1
1
1
1
1
1
1
1
1
1
1
1
1
1
1
1
1
1
1
1
1
0.999995
0.999583
0.997881
0.996063
0.995026
0.994828
0.99503
0.995953
0.995373
0.973652
0.948906
0.949305
0.96062
0.955815
0.941315
0.916225
0.937723
0.959723
0.963017
0.978894
0.98772
0.991411
0.992951
0.994003
0.994654
0.995137
0.995468
0.995718
0.996275
0.996594
0.996828
0.996916
0.995698
0.992663
0.988568
0.982608
0.97908
0.979071
0.979729
0.979398
0.98195
0.984156
0.985311
0.985698
0.983515
0.978674
0.970271
0.956503
0.937357
0.920997
0.902234
0.885235
0.873009
0.852467
0.826613
0.749181
0.620461
0.610779
0.696582
0.745771
0.742496
0.7312
0.722784
0.730005
0.755326
0.792553
0.837111
0.880222
0.917779
0.94602
0.962339
0.969846
0.969925
0.968408
0.965614
0.961605
0.956398
0.950366
0.943803
0.936811
0.928662
0.918539
0.905605
0.888957
0.868618
0.844081
0.815235
0.782501
0.745568
0.703732
0.6574
0.607709
0.555482
0.501185
0.445739
0.391147
0.336638
0.281164
0.226663
0.17166
0.117799
0.0735217
0.0417965
0.0216701
0.0102081
0.00435046
0.00189365
0.00125583
0.00084836
0.000567234
0.000374238
0.000243757
0.000156319
9.75895e-05
5.87262e-05
3.38799e-05
1.87468e-05
9.85159e-06
4.92063e-06
2.27449e-06
9.86037e-07
3.71747e-07
-1.31957e-07
1
1
1
1
1
1
1
1
1
1
1
1
1
1
1
1
1
1
1
1
1
1
1
1
1
1
1
1
1
1
1
1
1
1
1
1
1
1
1
1
1
1
1
1
1
1
1
1
1
1
1
1
1
1
1
1
1
0.999966
0.997291
0.991206
0.992071
0.992515
0.992807
0.992949
0.991453
0.985006
0.974241
0.967941
0.953292
0.952216
0.9516
0.945601
0.916017
0.913429
0.923623
0.93262
0.95675
0.981849
0.989794
0.991754
0.992849
0.993684
0.99425
0.99461
0.994921
0.995079
0.995122
0.994819
0.993044
0.986502
0.976086
0.973704
0.972708
0.973185
0.977596
0.978892
0.975025
0.96834
0.962228
0.956017
0.949543
0.942241
0.934397
0.925529
0.916969
0.911392
0.903946
0.895166
0.885007
0.868292
0.830312
0.717704
0.585883
0.547179
0.56408
0.650634
0.687842
0.68029
0.643415
0.595587
0.552667
0.522511
0.502266
0.494412
0.492355
0.492051
0.493779
0.499014
0.502691
0.50473
0.496255
0.477653
0.452527
0.41993
0.382412
0.341029
0.297649
0.253343
0.210478
0.170991
0.134671
0.103758
0.0782768
0.0579882
0.0422735
0.0303902
0.02168
0.0155632
0.011322
0.0080798
0.0055989
0.00376402
0.0024256
0.00147818
0.000869857
0.000502475
0.00022631
7.36498e-05
2.1476e-05
6.09254e-06
1.74528e-06
5.25196e-07
1.78507e-07
7.80065e-08
4.42653e-08
2.76843e-08
1.76115e-08
1.11173e-08
6.90513e-09
4.1951e-09
2.47658e-09
1.41425e-09
7.78048e-10
4.11014e-10
2.06901e-10
9.86736e-11
4.3836e-11
1.81356e-11
-3.72911e-11
7.63295e-10
3.87499e-05
3.68126e-05
2.81012e-05
1.50096e-05
6.95755e-06
3.02377e-06
1.25065e-06
4.93285e-07
1.85825e-07
6.69855e-08
2.31549e-08
7.66324e-09
2.43423e-09
7.39636e-10
2.16423e-10
6.0279e-11
1.62948e-11
4.14772e-12
1.04721e-12
2.20285e-13
6.26943e-14
1.88099e-14
5.79484e-15
1.56437e-15
4.93519e-16
0.0012497
0.00103953
0.000677615
0.000397359
0.000214351
0.000108299
5.18652e-05
2.36585e-05
1.03078e-05
4.29652e-06
1.71528e-06
6.56112e-07
2.40654e-07
8.46681e-08
2.86145e-08
9.28809e-09
2.90362e-09
8.73154e-10
2.53846e-10
7.10554e-11
1.93466e-11
5.06836e-12
1.30725e-12
3.25007e-13
7.00682e-14
0.016611
0.0107177
0.0065084
0.00373689
0.00203154
0.00105042
0.000519002
0.000245654
0.000111536
4.86107e-05
2.03434e-05
8.17537e-06
3.15584e-06
1.17044e-06
4.17386e-07
1.43164e-07
4.73027e-08
1.50595e-08
4.63121e-09
1.37511e-09
3.96013e-10
1.10337e-10
2.99992e-11
7.97993e-12
1.76294e-12
0.0653904
0.0420295
0.025651
0.0149277
0.00828656
0.00439574
0.00223411
0.00108977
0.000510539
0.00022974
9.92918e-05
4.12039e-05
1.64183e-05
6.28251e-06
2.30989e-06
8.16364e-07
2.77693e-07
9.09645e-08
2.8756e-08
8.77391e-09
2.59354e-09
7.41736e-10
2.06635e-10
5.64209e-11
1.26861e-11
0.168177
0.109704
0.0682618
0.0406675
0.023208
0.0126938
0.00666294
0.00335956
0.00162744
0.000757107
0.000338067
0.000144803
5.94855e-05
2.34372e-05
8.86083e-06
3.21612e-06
1.1221e-06
3.76606e-07
1.21843e-07
3.80151e-08
1.14786e-08
3.35161e-09
9.52076e-10
2.65252e-10
6.0569e-11
0.332737
0.226606
0.146659
0.0905726
0.0535053
0.0302818
0.0164423
0.00857296
0.00429241
0.00206252
0.000950319
0.00041955
0.000177424
7.1869e-05
2.78986e-05
1.03845e-05
3.71126e-06
1.27455e-06
4.21496e-07
1.3431e-07
4.13799e-08
1.23207e-08
3.56511e-09
1.01215e-09
2.34456e-10
0.539534
0.38414
0.260673
0.168684
0.104218
0.0615338
0.0347566
0.0187985
0.00973959
0.00483247
0.00229497
0.00104261
0.000453026
0.000188291
7.49018e-05
2.85381e-05
1.04285e-05
3.65855e-06
1.23481e-06
4.01283e-07
1.25979e-07
3.82026e-08
1.12473e-08
3.25016e-09
7.63327e-10
0.762818
0.569602
0.403716
0.272665
0.175769
0.108232
0.0636891
0.0358242
0.0192592
0.00989089
0.00484979
0.00226945
0.00101353
0.000432145
0.000176061
6.86058e-05
2.56089e-05
9.16797e-06
3.1547e-06
1.04443e-06
3.33782e-07
1.02986e-07
3.0822e-08
9.0577e-09
2.15498e-09
0.914658
0.761418
0.56488
0.397644
0.266598
0.170538
0.104153
0.0607383
0.0338111
0.0179544
0.00908816
0.00438264
0.00201337
0.000881455
0.000368097
0.000146787
5.59882e-05
2.04545e-05
7.17403e-06
2.41852e-06
7.86279e-07
2.46635e-07
7.49697e-08
2.23806e-08
5.39081e-09
0.967866
0.906062
0.731161
0.536577
0.373876
0.248037
0.156895
0.0946405
0.0544174
0.0298032
0.0155355
0.0077036
0.00363385
0.00163129
0.000697613
0.000284528
0.000110867
4.13318e-05
1.47768e-05
5.07312e-06
1.67797e-06
5.35083e-07
1.65174e-07
5.00811e-08
1.22082e-08
0.987265
0.962816
0.878045
0.681664
0.493865
0.339521
0.222151
0.138418
0.0820921
0.0463014
0.0248149
0.0126308
0.00610632
0.00280542
0.00122625
0.000510614
0.000202923
7.70887e-05
2.80604e-05
9.80114e-06
3.29558e-06
1.06772e-06
3.34561e-07
1.02974e-07
2.54005e-08
0.994768
0.984577
0.950202
0.828155
0.624194
0.444568
0.300755
0.193422
0.118207
0.0685841
0.0377455
0.0196949
0.00974433
0.0045747
0.00204054
0.000866056
0.000350441
0.000135429
5.01073e-05
1.77778e-05
6.06792e-06
1.99467e-06
6.33665e-07
1.9779e-07
4.93304e-08
0.997797
0.993513
0.979085
0.927759
0.764793
0.563723
0.394342
0.26169
0.164689
0.0982039
0.055438
0.0296157
0.0149759
0.00717456
0.00326114
0.00140878
0.000579598
0.000227535
8.54495e-05
3.07517e-05
1.06396e-05
3.54356e-06
1.13974e-06
3.60242e-07
9.07482e-08
0.999062
0.997285
0.991279
0.970147
0.892534
0.697277
0.504778
0.345653
0.223897
0.1371
0.0793063
0.0433259
0.0223648
0.0109202
0.00505207
0.00221868
0.000927007
0.000369257
0.000140595
5.12656e-05
1.79596e-05
6.05384e-06
1.96931e-06
6.29644e-07
1.60061e-07
0.999601
0.998882
0.996433
0.987855
0.956656
0.841371
0.632743
0.447021
0.29792
0.187212
0.110872
0.0618835
0.0325771
0.0161962
0.0076191
0.00339845
0.00144075
0.000581816
0.000224411
8.28403e-05
2.93617e-05
1.00088e-05
3.29035e-06
1.06327e-06
2.72573e-07
0.999833
0.999549
0.998569
0.995132
0.982602
0.935839
0.777611
0.565934
0.387953
0.250106
0.151573
0.0863821
0.046344
0.0234446
0.0112074
0.00507425
0.00218148
0.000892616
0.000348595
0.000130212
4.66724e-05
1.6082e-05
5.3406e-06
1.74356e-06
4.50585e-07
0.999933
0.999821
0.999433
0.998059
0.99301
0.973903
0.901242
0.700538
0.493869
0.326652
0.202532
0.117804
0.0643761
0.0331172
0.016077
0.00738368
0.00321693
0.00133289
0.000526715
0.000198964
7.20761e-05
2.50897e-05
8.41174e-06
2.7728e-06
7.22007e-07
0.999974
0.99993
0.999777
0.999225
0.997168
0.989232
0.958411
0.84035
0.614436
0.416982
0.264458
0.156952
0.0873264
0.0456599
0.0224976
0.010475
0.0046223
0.0019382
0.000774565
0.00029572
0.000108209
3.80327e-05
1.28664e-05
4.27998e-06
1.12242e-06
0.99999
0.999973
0.999911
0.999687
0.998835
0.995472
0.982011
0.929052
0.749393
0.520717
0.337762
0.204502
0.115815
0.0615235
0.0307527
0.0145087
0.00648074
0.00274856
0.00111017
0.000428133
0.000158152
5.60918e-05
1.91362e-05
6.41996e-06
1.69483e-06
0.999996
0.999989
0.999964
0.999871
0.999511
0.998054
0.992037
0.967498
0.870437
0.635647
0.422263
0.260815
0.15031
0.0811007
0.041112
0.0196465
0.00888011
0.0038078
0.00155387
0.000605069
0.00022555
8.06909e-05
2.77501e-05
9.3853e-06
2.49329e-06
0.999999
0.999996
0.999985
0.999946
0.99979
0.99914
0.996361
0.984555
0.9363
0.760706
0.516239
0.325051
0.190574
0.104408
0.0536605
0.0259673
0.0118736
0.00514638
0.00212124
0.000833814
0.000313572
0.000113126
3.92081e-05
1.33644e-05
3.57196e-06
0.999999
0.999998
0.999994
0.999977
0.999907
0.999605
0.998263
0.992303
0.966862
0.863607
0.614395
0.395043
0.235589
0.131018
0.0682516
0.033438
0.0154643
0.0067739
0.0028197
0.00111867
0.000424363
0.000154363
5.39091e-05
1.85163e-05
4.97847e-06
1
0.999999
0.999997
0.99999
0.999957
0.99981
0.999122
0.995928
0.981652
0.921795
0.71585
0.467667
0.283455
0.159957
0.084431
0.0418662
0.0195789
0.00866568
0.00364229
0.00145825
0.000557927
0.000204602
7.19933e-05
2.49149e-05
6.73842e-06
1
1
0.999999
0.999995
0.999979
0.999903
0.999526
0.997688
0.989105
0.951779
0.801677
0.538666
0.331874
0.189926
0.101531
0.0509363
0.0240795
0.0107658
0.00456797
0.00184524
0.00071192
0.000263161
9.3284e-05
3.25231e-05
8.8475e-06
1
1
0.999999
0.999998
0.999989
0.999946
0.999724
0.998586
0.993052
0.968105
0.864165
0.604438
0.378451
0.219547
0.118796
0.0602661
0.0287873
0.0129965
0.00556507
0.00226751
0.000881973
0.000328552
0.000117304
4.11941e-05
1.12705e-05
1
1
1
0.999999
0.999994
0.999968
0.999826
0.999067
0.995239
0.977422
0.901639
0.66539
0.421164
0.24734
0.135361
0.0693955
0.0334765
0.0152545
0.00658947
0.00270729
0.00106132
0.000398328
0.00014321
5.06456e-05
1.3934e-05
1
1
1
0.999999
0.999996
0.999979
0.999881
0.999336
0.996498
0.982925
0.924051
0.715162
0.4583
0.272084
0.150452
0.07789
0.0379239
0.0174339
0.00759399
0.00314485
0.00124216
0.000469557
0.000169955
6.0512e-05
1.67391e-05
1
1
1
1
0.999998
0.999986
0.999914
0.999504
0.997302
0.986515
0.938853
0.755638
0.491247
0.294728
0.16462
0.0860558
0.0422918
0.0196158
0.00861729
0.00359762
0.00143194
0.000545284
0.000198724
7.12473e-05
1.98189e-05
1
1
1
1
0.999998
0.999989
0.999933
0.999602
0.997785
0.988722
0.948119
0.785203
0.517741
0.313776
0.176994
0.0934363
0.0463631
0.0217059
0.00962142
0.00405149
0.00162586
0.000624003
0.000229097
8.27511e-05
2.3159e-05
1
1
1
1
0.999998
0.999991
0.999941
0.999645
0.997998
0.9897
0.95225
0.799735
0.532654
0.325568
0.185248
0.098673
0.049403
0.0233337
0.0104315
0.00442877
0.00179125
0.000692661
0.000256113
9.31754e-05
2.62303e-05
1
1
1
1
0.999998
0.999991
0.999942
0.999652
0.998041
0.989921
0.953269
0.803789
0.538464
0.331427
0.190079
0.102094
0.0515488
0.0245501
0.0110637
0.00473344
0.00192859
0.000751021
0.000279538
0.000102382
2.89817e-05
1
1
1
1
0.999998
0.99999
0.999939
0.99964
0.997986
0.989698
0.952486
0.801793
0.539043
0.333751
0.192774
0.104337
0.0530927
0.0254787
0.0115667
0.00498328
0.0020439
0.000800972
0.000299909
0.000110507
3.14373e-05
1
1
1
1
0.999998
0.999989
0.999934
0.999613
0.99787
0.989254
0.950978
0.797871
0.538445
0.335593
0.195309
0.106529
0.0546154
0.0263951
0.0120618
0.00522851
0.00215675
0.000849755
0.000319771
0.000118423
3.38285e-05
1
1
1
1
0.999998
0.999988
0.999928
0.999591
0.997796
0.989054
0.950666
0.798603
0.542942
0.341404
0.200443
0.110215
0.0569099
0.0276766
0.0127169
0.00553947
0.00229506
0.000907916
0.000342916
0.000127467
3.65196e-05
1
1
1
1
0.999998
0.999988
0.999928
0.999599
0.99788
0.989669
0.954169
0.813545
0.561554
0.357621
0.212217
0.11769
0.0611721
0.029901
0.0137933
0.00602742
0.0025037
0.000992685
0.000375647
0.000139901
4.01368e-05
1
1
1
1
0.999998
0.999989
0.999938
0.999662
0.998262
0.99172
0.963786
0.852776
0.605637
0.392304
0.235632
0.131778
0.0688748
0.0337838
0.015617
0.00683263
0.00283985
0.0011263
0.000426196
0.000158722
4.55206e-05
1
1
1
1
0.999999
0.999994
0.999962
0.999792
0.998929
0.994888
0.977497
0.90794
0.691799
0.454704
0.27645
0.155786
0.081767
0.0401868
0.0185864
0.00812894
0.00337547
0.0013371
0.000505209
0.000187853
5.37829e-05
1
1
1
1
0.999999
0.999997
0.999983
0.999905
0.999498
0.997557
0.988956
0.953313
0.812436
0.550282
0.338742
0.192223
0.10126
0.0498409
0.0230545
0.0100763
0.00417906
0.00165298
0.000623473
0.000231396
6.61187e-05
1
1
1
1
1
0.999999
0.999993
0.999961
0.999788
0.998925
0.994887
0.977116
0.903392
0.667687
0.416231
0.238636
0.126561
0.062564
0.0290176
0.0127026
0.00527255
0.00208605
0.00078669
0.000291839
8.3327e-05
0.999999
1
1
1
1
0.999999
0.999997
0.999983
0.999901
0.999468
0.997299
0.987129
0.942913
0.76781
0.491214
0.285777
0.153302
0.0764774
0.035735
0.0157378
0.00656467
0.00260769
0.00098667
0.000367069
0.000105023
0.999998
0.999999
0.999999
1
1
0.999999
0.999998
0.99999
0.999939
0.999653
0.998144
0.990725
0.95735
0.818413
0.538405
0.318851
0.173739
0.0879167
0.0416047
0.0185284
0.00780502
0.00312702
0.00119206
0.000446507
0.000128454
0.999996
0.999998
0.999998
0.999999
0.999999
0.999999
0.999998
0.999991
0.99995
0.999709
0.998397
0.991801
0.96167
0.835343
0.556414
0.332439
0.182842
0.0934796
0.0447312
0.0201507
0.00858758
0.00347988
0.00134129
0.000507981
0.000147524
0.999992
0.999994
0.999996
0.999997
0.999998
0.999998
0.999997
0.999991
0.999951
0.999716
0.998426
0.991925
0.962207
0.837696
0.559715
0.33538
0.185086
0.0949964
0.0456611
0.0206733
0.00885972
0.00361194
0.0014013
0.000534592
0.000156355
0.999982
0.999986
0.99999
0.999993
0.999995
0.999996
0.999995
0.999989
0.999948
0.999705
0.998366
0.991646
0.961109
0.833748
0.556333
0.333666
0.184381
0.094771
0.0456204
0.0206869
0.0088805
0.00362712
0.00141012
0.000539295
0.000158138
0.999962
0.999968
0.999976
0.999984
0.999989
0.999991
0.999991
0.999985
0.999944
0.999695
0.998332
0.991536
0.960807
0.833016
0.555634
0.333102
0.183948
0.0944758
0.0454431
0.0205918
0.00883434
0.00360665
0.00140175
0.000536028
0.000157212
0.999924
0.999934
0.999949
0.999965
0.999978
0.999984
0.999985
0.999981
0.999943
0.999712
0.99846
0.992237
0.963999
0.846058
0.568681
0.340492
0.18756
0.0960252
0.0460365
0.0207951
0.00889575
0.00362219
0.00140452
0.00053595
0.000156921
0.999844
0.999869
0.9999
0.999933
0.999959
0.999974
0.999977
0.999975
0.999948
0.999778
0.998847
0.994116
0.972017
0.877385
0.608995
0.363893
0.199877
0.101836
0.0485401
0.0217917
0.0092657
0.00375098
0.0014466
0.000549111
0.000160054
0.999703
0.999768
0.999833
0.999891
0.999933
0.999956
0.999963
0.999961
0.99994
0.999804
0.999046
0.995099
0.976173
0.893686
0.636773
0.38184
0.210519
0.107574
0.0513784
0.0230931
0.0098227
0.003975
0.00153154
0.000580412
0.000168859
0.999494
0.999619
0.99973
0.999821
0.999881
0.999909
0.999916
0.999913
0.999885
0.999728
0.998917
0.994842
0.975552
0.891811
0.633613
0.379942
0.209487
0.107076
0.0511654
0.0230135
0.00979749
0.00396895
0.00153106
0.000580997
0.000169302
0.99907
0.999293
0.999481
0.999616
0.999681
0.999698
0.999696
0.999663
0.999547
0.999181
0.997849
0.992271
0.967954
0.865613
0.593777
0.35595
0.196079
0.100214
0.0479021
0.0215566
0.00918184
0.00372136
0.00143627
0.0005452
0.000159121
0.996925
0.997593
0.998091
0.99832
0.998357
0.998316
0.998049
0.997603
0.996986
0.995536
0.99173
0.979483
0.93293
0.755603
0.490168
0.290029
0.158341
0.0804181
0.0382539
0.0171499
0.00728047
0.00294245
0.00113284
0.000428909
0.000125366
0.98134
0.985731
0.98846
0.989136
0.989074
0.98847
0.986174
0.98205
0.978336
0.971585
0.953533
0.894883
0.704324
0.465786
0.281886
0.157598
0.0820911
0.0401229
0.0184914
0.00807566
0.00335238
0.00132932
0.000503499
0.000187695
5.46357e-05
0.890293
0.917918
0.932466
0.934118
0.932689
0.924825
0.911249
0.895791
0.862475
0.773319
0.601259
0.417447
0.263196
0.153402
0.0834946
0.0427201
0.0206297
0.0094317
0.00409054
0.00168808
0.000663955
0.000250045
9.01974e-05
3.19696e-05
9.09536e-06
0.494485
0.594017
0.636095
0.632176
0.615448
0.578936
0.519838
0.433853
0.32838
0.224706
0.141741
0.0831793
0.0456458
0.0235493
0.0114677
0.00528228
0.00230585
0.00095466
0.000375575
0.000140601
5.02156e-05
1.71742e-05
5.64916e-06
1.81744e-06
5.06318e-07
0.0598273
0.144024
0.180744
0.177999
0.167371
0.144405
0.110677
0.07652
0.0476118
0.026873
0.0139424
0.00673535
0.00306155
0.001316
0.000536955
0.000207638
7.63484e-05
2.65467e-05
8.79873e-06
2.75076e-06
8.26194e-07
2.3503e-07
6.60882e-08
1.80263e-08
6.17336e-09
0.0059071
0.0250821
0.0306977
0.0286812
0.0240341
0.0163143
0.00946742
0.00473353
0.00206233
0.000793452
0.000280846
9.36201e-05
2.94175e-05
8.70837e-06
2.45817e-06
5.87553e-07
1.74356e-07
6.25009e-08
2.23921e-08
7.2024e-09
2.3664e-09
7.00711e-10
2.23493e-10
6.86716e-11
3.66593e-11
0.000518653
0.00244445
0.00220123
0.00148304
0.000692887
0.00023575
5.37072e-05
9.70726e-06
1.43914e-06
3.50856e-07
8.23511e-08
1.88098e-08
4.22496e-09
9.38866e-10
2.06761e-10
4.41496e-11
1.21552e-11
2.90874e-12
2.60917e-12
4.80821e-13
4.47748e-13
7.0165e-14
7.51373e-14
1.98388e-14
6.0824e-14
)
;

boundaryField
{
    inlet
    {
        type            fixedValue;
        value           uniform 1;
    }
    outlet
    {
        type            inletOutlet;
        inletValue      uniform 0;
        value           nonuniform List<scalar> 
57
(
4.93519e-16
7.00682e-14
1.76294e-12
1.26861e-11
6.0569e-11
2.34456e-10
7.63327e-10
2.15498e-09
5.39081e-09
1.22082e-08
2.54005e-08
4.93304e-08
9.07482e-08
1.60061e-07
2.72573e-07
4.50585e-07
7.22007e-07
1.12242e-06
1.69483e-06
2.49329e-06
3.57196e-06
4.97847e-06
6.73842e-06
8.8475e-06
1.12705e-05
1.3934e-05
1.67391e-05
1.98189e-05
2.3159e-05
2.62303e-05
2.89817e-05
3.14373e-05
3.38285e-05
3.65196e-05
4.01368e-05
4.55206e-05
5.37829e-05
6.61187e-05
8.3327e-05
0.000105023
0.000128454
0.000147524
0.000156355
0.000158138
0.000157212
0.000156921
0.000160054
0.000168859
0.000169302
0.000159121
0.000125366
5.46357e-05
9.09536e-06
5.06318e-07
6.17336e-09
3.66593e-11
6.0824e-14
)
;
    }
    upperWall
    {
        type            zeroGradient;
    }
    lowerWall
    {
        type            zeroGradient;
    }
    frontAndBack
    {
        type            empty;
    }
}


// ************************************************************************* //
