/*--------------------------------*- C++ -*----------------------------------*\
| =========                 |                                                 |
| \\      /  F ield         | OpenFOAM: The Open Source CFD Toolbox           |
|  \\    /   O peration     | Version:  2112                                  |
|   \\  /    A nd           | Website:  www.openfoam.com                      |
|    \\/     M anipulation  |                                                 |
\*---------------------------------------------------------------------------*/
FoamFile
{
    version     2.0;
    format      ascii;
    arch        "LSB;label=32;scalar=64";
    class       volScalarField;
    location    "0.2";
    object      nut;
}
// * * * * * * * * * * * * * * * * * * * * * * * * * * * * * * * * * * * * * //

dimensions      [0 2 -1 0 0 0 0];

internalField   nonuniform List<scalar> 
12225
(
2.18324e-08
0
0
0
0
0
0
0
0
0
0
0
0
0
0
0
0
0
2.39381e-08
0
0
0
0
0
0
0
0
0
0
0
0
0
0
0
0
0
1.53677e-08
0
0
0
0
0
0
0
0
0
0
0
0
0
0
0
0
0
0
4.91533e-07
0
0
0
0
0
1.35672e-08
3.43404e-10
0
0
0
0
0
0
0
0
1.27039e-08
6.03192e-06
9.56452e-06
0
0
0
5.39885e-06
1.4742e-05
1.50311e-05
5.59937e-06
1.52411e-06
7.7035e-07
7.17412e-07
7.40623e-07
4.4118e-07
2.58614e-07
1.45528e-07
1.80556e-07
8.11458e-08
4.0552e-05
4.46322e-06
0
0
0
7.4048e-06
1.12295e-05
1.17205e-05
1.51844e-05
2.19691e-05
1.45231e-05
7.44085e-06
5.74506e-06
7.05901e-06
9.46493e-06
9.75085e-06
8.87598e-06
7.93029e-06
5.83783e-05
6.13905e-06
0
0
2.7739e-06
5.90582e-06
2.08387e-06
0
0
5.36994e-06
2.37594e-05
1.37925e-05
9.13109e-06
1.73001e-05
3.11841e-05
3.86022e-05
2.88122e-05
1.86106e-05
7.12962e-05
0
0
0
4.42253e-06
0
0
0
0
0
4.02871e-05
2.48663e-05
1.95516e-05
2.34798e-05
2.9302e-05
2.71285e-05
1.22744e-05
0
5.85873e-05
0
0
0
1.42106e-05
0
0
0
0
0
3.852e-05
4.8415e-05
4.43651e-05
2.7409e-05
1.1801e-05
1.51382e-06
0
0
0
0
0
0
4.41344e-05
6.69355e-05
1.39031e-05
0
0
0
0
0
0
0
0
0
0
0
0
0
0
0
5.45588e-05
4.44186e-05
1.00233e-05
4.67429e-07
0
0
0
0
0
0
0
0
0
0
0
0
0
0
1.64397e-05
2.77404e-05
1.21801e-05
2.73946e-05
2.76166e-05
0
0
0
0
0
0
0
0
0
0
0
0
0
0
0
0
0
0
0
0
0
0
0
0
0
0
0
0.000127948
9.79057e-05
0
0
0
0
0
0
0
0
0
1.21029e-06
4.60195e-06
4.97999e-06
1.08945e-06
0
0
0
0.000113721
8.4878e-05
0
0
0
0
0
0
0
0
1.90965e-05
4.11507e-05
3.3789e-05
2.05918e-05
8.87546e-06
2.95878e-06
0
0
4.72043e-05
1.32468e-08
0
0
0
0
0
0
0
0
0
2.945e-05
6.50052e-05
5.20568e-05
3.48881e-05
2.57443e-05
1.72682e-05
5.62652e-07
0
0
0
2.35596e-06
1.31996e-05
0
0
0
0
0
4.52432e-06
3.26579e-05
5.20213e-05
7.71233e-05
9.11858e-05
8.02998e-05
5.41885e-05
2.29081e-05
0
1.6877e-05
0
0
3.26323e-05
2.58579e-06
0
0
0
4.23114e-05
4.11374e-05
3.61563e-05
4.88993e-05
6.98487e-05
8.50878e-05
8.074e-05
6.27967e-05
4.22259e-05
0
0
0
0
1.88689e-05
0.0001164
6.99587e-05
5.08605e-05
0.000132877
0.000183049
0.000119768
6.31281e-05
2.91208e-05
2.33113e-05
2.80657e-05
3.00922e-05
2.73248e-05
2.38063e-05
2.16245e-05
1.99736e-05
1.92003e-05
9.5278e-05
0.000158287
0.000110793
6.60671e-05
4.0854e-05
3.58604e-05
8.80654e-05
0.000110693
5.36739e-05
0
0
0
0
0
0
0
0
0
2.34816e-05
4.87739e-05
5.24971e-05
6.2704e-05
7.01735e-05
7.90725e-05
5.98954e-05
3.68281e-05
8.2804e-06
0
0
0
0
0
0
0
0
0
0
0
3.90823e-06
3.27315e-05
5.76093e-05
6.01819e-05
3.27692e-05
4.57765e-06
0
0
0
0
0
0
0
0
0
0
0
0
0
2.77166e-05
1.36352e-06
0
3.71127e-06
2.70589e-05
1.09141e-05
0
0
0
0
0
0
0
0
0
0
0
0
5.08273e-05
2.73149e-05
5.50047e-06
2.71342e-05
3.99099e-05
2.86935e-05
0
0
0
0
0
0
0
5.1943e-05
4.65405e-05
6.73776e-06
0
1.44087e-05
7.03992e-05
2.54381e-05
9.21204e-06
3.27107e-05
4.38214e-05
4.26451e-05
2.76282e-05
0
0
0
0
0
0.000137669
0.000116131
0.000106345
8.03082e-05
0
0
0
0
0
2.40399e-05
2.58311e-05
2.00986e-05
1.51443e-05
3.93935e-06
0
0
0
0
7.12719e-06
7.85396e-06
1.14312e-06
1.99436e-06
3.96608e-06
3.64745e-06
1.74849e-06
1.54098e-07
0
0
0
0
0
0
0
0
0
0
0
0
0
0
7.6483e-09
2.35224e-08
1.48207e-08
0
0
0
0
0
0
0
0
0
0
0
0
0
0
0
0
0
0
0
0
0
0
0
0
0
0
0
0
0
0
0
0
0
0
0
0
0
0
0
0
0
0
0
0
0
0
0
5.61799e-06
4.7143e-06
2.38751e-06
2.05605e-06
1.38779e-06
6.92281e-07
1.1048e-07
0
0
0
0
0
0
0
0
0
0
0
0
0
0
0
0
0
0
0
0
0
6.54231e-08
4.04374e-07
7.24021e-07
9.29515e-07
9.79192e-07
5.97556e-07
1.57202e-08
4.84199e-07
4.11187e-06
1.47386e-05
6.41008e-06
1.05383e-05
2.72938e-05
8.20176e-05
0.000136692
0.00015203
0.000104602
5.27552e-05
2.15446e-05
8.64544e-06
2.71135e-06
4.31953e-07
0
0
0
0
0
0
1.88146e-07
3.83976e-07
5.58612e-07
7.0216e-07
8.12215e-07
8.88514e-07
9.35789e-07
9.5523e-07
9.52648e-07
9.29408e-07
8.8883e-07
8.32747e-07
7.62616e-07
6.81939e-07
5.9231e-07
4.96023e-07
3.95183e-07
2.90675e-07
1.82571e-07
6.98376e-08
0
0
0
0
0
0
0
0
0
0
0
0
0
0
0
0
0
0
0
0
0
0
0
0
0
0
0
0
0
0
0
0
0
0
0
6.17948e-08
0
0
0
0
0
0
0
1.2165e-06
2.35458e-06
2.79747e-06
2.82287e-06
2.40917e-06
1.6125e-06
8.65403e-07
5.72209e-07
6.07865e-07
4.17771e-07
0
0
0
7.63984e-07
3.61316e-07
0
0
0
0
0
2.00666e-06
3.35238e-06
3.88006e-06
3.1726e-06
1.73919e-06
2.03099e-06
8.8528e-06
4.67355e-05
0.000134716
9.51133e-05
1.64905e-05
2.68475e-06
8.21741e-07
4.84157e-07
3.17708e-07
1.6391e-07
7.72072e-09
0
0
0
0
0
0
0
0
0
0
0
0
0
0
0
0
0
0
0
0
0
0
0
0
5.0379e-06
5.09068e-06
4.40786e-06
3.82096e-06
2.6437e-06
1.18748e-06
0
0
0
0
0
0
0
0
2.03993e-06
2.30766e-06
1.73477e-06
8.19785e-07
0
0
0
0
0
0
0
0
0
0
0
3.06875e-07
5.85639e-07
6.32858e-07
5.00249e-07
1.17395e-07
2.3368e-07
2.81704e-06
6.97766e-06
5.72225e-06
1.65982e-06
0
0
0
0
1.94426e-06
1.55467e-05
1.77847e-05
1.24725e-05
8.16854e-06
5.46818e-06
3.91607e-06
2.64908e-06
1.88259e-06
1.36338e-06
1.09098e-06
9.41358e-07
8.83602e-07
8.87764e-07
9.26988e-07
9.82387e-07
1.03355e-06
1.07097e-06
1.08954e-06
1.09037e-06
1.07308e-06
1.04214e-06
9.9789e-07
9.43096e-07
8.77736e-07
8.02698e-07
7.19893e-07
6.2902e-07
5.30619e-07
4.2656e-07
3.16539e-07
2.00783e-07
7.80821e-08
0
0
0
0
0
0
0
0
0
0
0
0
0
0
0
0
0
0
0
0
0
0
0
0
0
0
0
0
0
0
0
0
0
0
0
0
0
0
0
0
0
0
0
0
8.65162e-08
8.55058e-07
1.68969e-06
2.20342e-06
1.96495e-06
1.40992e-06
1.26877e-06
1.35915e-06
7.6758e-07
0
0
0
9.27351e-08
3.27689e-07
0
0
0
0
0
1.30251e-06
2.72022e-06
3.40967e-06
3.13388e-06
2.91176e-06
6.82612e-06
2.88412e-05
8.43429e-05
8.96059e-05
5.36249e-05
1.88248e-05
4.98148e-06
1.79042e-06
1.01572e-06
6.21427e-07
3.18709e-07
5.52299e-08
0
0
0
0
0
0
0
0
0
0
0
0
0
0
0
0
0
0
0
0
0
0
0
0
3.57538e-06
4.10948e-06
4.62141e-06
5.17468e-06
5.06826e-06
4.36012e-06
2.06737e-06
0
0
0
0
0
0
0
0
0
8.85527e-06
1.5009e-05
1.54311e-05
1.26593e-05
9.5592e-06
7.63883e-06
6.41583e-06
5.07879e-06
3.82347e-06
2.63355e-06
1.1999e-06
0
0
0
0
0
0
0
0
0
0
0
0
0
0
0
1.88421e-06
1.03718e-06
9.19701e-06
1.1859e-05
9.09524e-06
7.82611e-06
7.50133e-06
7.57963e-06
7.26046e-06
7.0553e-06
6.71889e-06
6.34024e-06
5.77651e-06
5.14165e-06
4.45215e-06
3.83588e-06
3.28385e-06
2.86369e-06
2.50474e-06
2.22278e-06
1.96908e-06
1.75784e-06
1.5531e-06
1.36798e-06
1.18581e-06
1.01047e-06
8.42423e-07
6.83293e-07
5.37211e-07
4.05994e-07
2.97216e-07
2.0409e-07
1.2438e-07
5.44519e-08
0
0
0
0
0
0
0
0
0
0
0
0
0
0
0
0
0
0
0
0
0
0
0
0
0
0
0
0
0
0
0
0
0
0
0
0
0
0
0
0
0
0
0
0
0
0
0
0
8.54335e-07
1.34225e-06
1.81786e-06
1.86325e-06
0
0
0
0
0
0
0
0
0
0
0
3.08318e-06
8.94421e-06
1.20808e-05
1.15826e-05
8.72082e-06
7.76826e-06
1.2937e-05
2.17683e-05
2.56595e-05
2.0933e-05
1.52522e-05
9.8138e-06
6.46932e-06
4.10848e-06
2.39342e-06
1.20236e-06
3.30705e-07
0
0
0
0
0
0
0
0
0
0
0
0
0
0
0
0
0
0
0
0
0
0
0
0
2.566e-06
2.93122e-06
5.6054e-06
7.12998e-06
8.1201e-06
8.28874e-06
6.53208e-06
3.42212e-06
0
0
0
0
0
0
0
0
0
7.35428e-06
1.73944e-05
1.57796e-05
1.2563e-05
1.14129e-05
1.05392e-05
8.91473e-06
6.66301e-06
3.53349e-06
1.0145e-06
1.95735e-06
3.33532e-06
2.36554e-06
0
0
0
0
0
0
0
0
0
0
0
0
2.83893e-06
2.46644e-06
9.5705e-06
1.1912e-05
1.23729e-05
1.30554e-05
1.27439e-05
1.09563e-05
8.60909e-06
6.49069e-06
4.67935e-06
3.26345e-06
2.05688e-06
1.09002e-06
2.82532e-07
0
0
0
0
0
0
0
0
0
0
0
0
0
1.03709e-06
2.81192e-06
5.51984e-06
9.64766e-06
1.46798e-05
4.78502e-06
0
0
0
0
0
0
0
0
0
0
0
0
0
0
0
0
0
0
0
0
0
0
0
0
0
0
0
0
0
0
0
0
0
0
0
0
0
0
0
0
0
0
0
0
0
0
0
0
0
0
0
0
0
0
0
0
7.63697e-06
6.58817e-06
0
0
0
0
7.54589e-06
8.81076e-06
8.8964e-06
1.05652e-05
8.46266e-06
8.94539e-07
0
0
3.33187e-06
8.11784e-06
1.17603e-05
1.43471e-05
1.38358e-05
1.1564e-05
6.97488e-06
0
0
0
4.3747e-06
1.89971e-06
0
0
0
0
0
0
0
0
0
0
0
0
0
0
0
0
0
0
0
0
0
0
3.03582e-07
2.07348e-06
9.7185e-06
1.48879e-05
1.62691e-05
1.54651e-05
1.32794e-05
9.96538e-06
5.61429e-06
5.25576e-07
0
0
0
0
9.23504e-06
1.88298e-05
2.15477e-05
1.53093e-05
6.9958e-06
6.22779e-06
1.05833e-05
1.05589e-05
9.40018e-06
7.23983e-06
2.67963e-06
0
6.08081e-06
1.96621e-05
1.87904e-05
1.2779e-05
5.74501e-06
0
0
0
0
0
0
0
0
0
0
0
2.46127e-07
5.94555e-06
1.2151e-05
1.02835e-05
7.47489e-06
4.50852e-06
2.53418e-06
8.77903e-07
0
0
0
0
0
0
0
0
0
0
0
0
0
0
0
0
0
1.9475e-07
1.53941e-06
3.18881e-06
5.28267e-06
7.95818e-06
1.12183e-05
1.35624e-05
7.70387e-06
0
0
0
0
0
0
0
0
0
0
0
0
0
0
0
0
0
0
0
0
0
0
0
0
0
0
0
0
0
0
0
0
0
0
0
0
0
0
0
0
0
0
0
0
0
0
0
0
0
0
0
0
0
0
0
0
0
1.86027e-05
2.91978e-06
2.08613e-06
5.2777e-07
7.05098e-06
1.22413e-05
9.17496e-06
8.74738e-06
9.84715e-06
1.22891e-05
1.02243e-05
4.92298e-06
1.63322e-06
2.07841e-06
4.70377e-06
8.10812e-06
1.2634e-05
1.06391e-05
3.90311e-06
0
0
0
0
0
1.51762e-05
1.10464e-05
4.10898e-06
0
0
0
0
0
0
0
0
0
0
0
0
0
0
0
0
0
0
0
0
0
0
1.49766e-06
1.00992e-05
1.75776e-05
2.13385e-05
2.16523e-05
1.98598e-05
1.69543e-05
1.28776e-05
7.1923e-06
0
0
2.50526e-06
2.95857e-05
3.76805e-05
2.67652e-05
1.56054e-05
7.14462e-06
3.99619e-07
0
0
1.56891e-06
2.10432e-07
0
0
2.53865e-05
4.96013e-05
3.85004e-05
2.86979e-05
1.9666e-05
1.05018e-05
2.28826e-06
0
0
0
0
0
0
0
0
0
0
6.41581e-06
1.31619e-05
9.26408e-06
5.59403e-06
3.37607e-06
1.53317e-06
1.59738e-07
0
0
0
0
0
0
0
0
0
0
0
0
0
0
0
7.33599e-08
1.06035e-06
1.88742e-06
2.62219e-06
3.36697e-06
4.23165e-06
5.2074e-06
5.92035e-06
5.26161e-06
1.88271e-06
0
0
0
0
0
0
0
0
0
0
0
0
0
0
0
0
0
0
0
0
0
0
0
0
0
0
0
0
0
0
0
0
0
0
0
0
0
0
0
0
0
0
0
0
0
0
0
0
0
0
0
0
0
0
0
0
0
0
0
0
6.39471e-06
9.33444e-06
1.78268e-05
1.12071e-05
1.02337e-05
1.0483e-05
1.2183e-05
1.5213e-05
1.44179e-05
1.14227e-05
9.48776e-06
9.74451e-06
1.0754e-05
1.30407e-05
1.03224e-05
1.56079e-06
0
0
0
0
0
0
2.30492e-05
1.61359e-05
7.02997e-06
1.04668e-06
0
0
0
0
0
0
0
0
0
0
0
0
0
0
0
0
0
0
0
0
0
1.47789e-06
6.2627e-06
1.28331e-05
1.66694e-05
1.33109e-05
7.09556e-06
0
0
0
0
0
2.81948e-05
2.13089e-05
1.07941e-05
2.85974e-06
0
0
0
0
0
6.15722e-07
0
0
1.26003e-05
4.23964e-05
4.59744e-05
3.94332e-05
3.19919e-05
2.36246e-05
1.26403e-05
1.51143e-06
0
0
0
0
0
0
0
0
0
0
0
1.47432e-05
8.80272e-06
4.11611e-06
1.35828e-06
0
0
0
0
0
0
0
0
0
0
0
0
0
0
0
5.23369e-07
1.20762e-06
1.47097e-06
1.46336e-06
1.38994e-06
1.44884e-06
1.7635e-06
2.31855e-06
2.80908e-06
2.50043e-06
8.35785e-07
0
0
0
0
0
0
0
0
0
0
0
0
0
1.30911e-07
8.60992e-07
1.42969e-06
1.56892e-06
1.14273e-06
1.11672e-07
0
0
0
0
0
0
0
0
0
0
0
0
0
0
0
0
0
0
0
0
0
0
0
0
0
0
0
0
0
0
0
0
0
0
0
0
1.16176e-06
0
1.71116e-06
1.94187e-06
8.1603e-06
6.99846e-06
1.18683e-05
2.1817e-05
1.47123e-05
9.67723e-06
1.02533e-05
1.12743e-05
1.31249e-05
1.63566e-05
1.66632e-05
1.48621e-05
1.36026e-05
1.34719e-05
1.35413e-05
1.15982e-05
3.17151e-06
0
0
0
0
0
0
0
2.43738e-05
1.88941e-05
9.19406e-06
2.36815e-06
0
0
0
0
0
0
0
0
0
0
0
0
0
0
0
0
0
0
0
0
1.03401e-06
2.66328e-06
5.98484e-06
9.20727e-06
0
0
0
0
0
0
0
2.43702e-05
1.86139e-05
1.19217e-05
4.75182e-06
0
0
0
0
0
5.9774e-07
0
0
4.71656e-06
2.14691e-05
3.85163e-05
4.50542e-05
4.39266e-05
4.01942e-05
3.14619e-05
1.39185e-05
0
0
0
0
0
0
0
0
0
0
0
0
1.14821e-05
6.7833e-06
1.65033e-06
0
0
0
0
0
0
0
0
0
0
0
0
0
0
4.15756e-07
1.02053e-06
1.10477e-06
9.12117e-07
6.78208e-07
5.81747e-07
7.68771e-07
1.34162e-06
2.22814e-06
2.99079e-06
2.85704e-06
1.47716e-06
0
0
0
0
0
0
0
0
0
0
0
0
0
0
0
0
1.88596e-07
1.66189e-06
2.16966e-06
1.62065e-06
4.37486e-07
0
0
0
0
0
0
0
0
0
0
0
0
0
0
0
0
0
0
0
0
0
0
0
0
0
0
0
0
0
0
0
0
0
0
1.33814e-07
5.13756e-06
8.26071e-06
3.55939e-06
1.95154e-05
1.56046e-05
9.24956e-06
1.91185e-05
2.53296e-05
9.01026e-06
7.60095e-06
9.24568e-06
1.08431e-05
1.28978e-05
1.57175e-05
1.64408e-05
1.49088e-05
1.33571e-05
1.25462e-05
1.15894e-05
7.85861e-06
0
0
0
0
0
0
0
0
2.44779e-05
2.17832e-05
1.22203e-05
4.46369e-06
0
0
0
0
0
0
0
0
0
0
0
0
0
0
0
0
0
0
0
0
1.56989e-07
5.54601e-07
2.2e-06
0
0
0
0
0
3.2349e-05
5.91502e-05
5.44806e-05
3.67907e-05
1.94079e-05
9.07e-06
2.40127e-06
0
0
0
0
0
0
0
2.59761e-07
9.43334e-06
2.56641e-05
4.25263e-05
5.24938e-05
5.6236e-05
5.67919e-05
3.46399e-05
0
0
1.73483e-06
0
0
0
0
0
0
0
0
0
0
1.15394e-06
0
0
0
0
0
0
0
0
0
0
0
0
0
0
0
8.32638e-07
1.07242e-06
9.20713e-07
7.19997e-07
6.03657e-07
6.49927e-07
9.49145e-07
1.53785e-06
2.25764e-06
2.60249e-06
1.98307e-06
4.15458e-07
0
0
0
0
0
0
0
0
0
0
0
0
0
0
0
0
0
0
0
1.19204e-06
1.74959e-06
1.45968e-06
7.1592e-07
0
0
0
0
0
0
0
0
0
0
0
0
0
0
0
0
0
0
0
0
0
0
0
0
0
0
0
0
0
0
0
0
0
0
4.60173e-06
8.82051e-06
4.79719e-06
2.78724e-05
1.19019e-05
8.16194e-06
2.64653e-05
1.64826e-05
5.17147e-06
5.6569e-06
7.80351e-06
9.77762e-06
1.21677e-05
1.43077e-05
1.50903e-05
1.34863e-05
1.15407e-05
1.05417e-05
9.474e-06
5.71662e-06
0
0
0
0
0
0
0
2.09835e-06
2.39705e-05
2.33947e-05
1.52767e-05
6.77394e-06
7.59495e-07
0
0
0
0
0
0
0
0
0
0
0
0
0
0
0
0
0
0
0
0
0
0
6.22027e-06
2.14808e-05
3.32057e-05
4.68852e-05
5.75286e-05
6.03342e-05
5.85855e-05
5.57271e-05
4.73246e-05
2.79042e-05
8.00358e-06
0
0
0
0
0
0
0
0
1.65552e-06
1.14018e-05
2.44018e-05
3.51585e-05
3.6998e-05
2.46989e-05
0
0
0
0
0
0
0
0
1.69476e-06
2.4166e-06
1.74796e-06
4.71568e-07
0
0
0
0
0
0
0
0
0
0
0
0
0
0
0
0
0
0
9.85995e-07
1.17949e-06
8.00209e-07
4.43394e-07
2.80734e-07
3.3683e-07
6.16045e-07
1.05539e-06
1.42227e-06
1.34141e-06
5.84016e-07
0
0
0
0
0
0
0
0
4.14004e-07
1.25657e-06
1.70551e-06
1.81751e-06
1.64125e-06
1.12564e-06
2.16151e-07
0
0
0
0
0
0
2.58359e-07
1.49663e-06
1.8655e-06
1.61036e-06
9.70033e-07
0
0
0
0
0
0
0
0
0
0
0
0
0
0
0
0
0
0
0
0
0
0
0
0
0
0
0
0
0
0
0
0
0
0
8.89454e-07
5.84095e-06
2.74879e-05
8.62425e-06
6.5731e-06
2.9039e-05
7.65824e-06
2.22771e-06
3.67475e-06
6.0268e-06
8.42912e-06
1.11932e-05
1.26614e-05
1.33856e-05
1.18076e-05
9.75149e-06
8.82568e-06
8.00038e-06
4.49216e-06
0
0
0
0
0
0
0
5.49505e-06
2.45976e-05
2.41602e-05
1.76275e-05
9.15421e-06
2.24102e-06
0
0
0
0
0
0
0
0
0
0
0
0
0
0
0
0
0
0
0
0
0
0
6.07621e-06
1.2592e-05
1.86337e-05
2.74158e-05
3.80441e-05
4.77938e-05
5.61102e-05
6.14319e-05
6.36559e-05
4.71914e-05
1.00682e-05
0
0
0
0
0
0
0
0
0
2.45756e-06
8.85711e-06
1.28891e-05
1.04064e-05
2.79529e-06
0
0
4.31302e-07
3.17082e-06
4.26192e-06
5.05329e-06
5.75371e-06
5.54094e-06
4.73717e-06
3.8784e-06
2.76913e-06
1.34175e-06
0
0
0
0
0
0
0
0
0
0
0
0
0
0
0
0
0
4.66303e-07
9.55997e-07
5.23057e-07
0
0
0
1.55745e-07
6.28139e-07
8.88394e-07
6.60121e-07
0
0
0
0
0
0
0
0
0
0
0
4.91643e-07
7.87367e-07
1.04851e-06
1.43173e-06
1.83244e-06
2.00268e-06
1.74573e-06
7.37692e-07
0
0
0
0
1.26729e-07
1.36641e-06
1.70988e-06
1.49911e-06
1.24474e-06
8.50351e-07
1.16733e-07
0
0
0
0
0
0
0
0
0
0
0
0
0
0
0
0
0
0
0
0
0
0
0
0
0
0
0
0
0
0
0
0
0
5.47668e-06
2.54125e-05
6.84516e-06
5.58273e-06
2.06613e-05
1.11126e-06
0
1.64035e-06
3.98214e-06
6.85316e-06
9.98228e-06
1.08758e-05
1.15157e-05
1.00944e-05
8.17352e-06
7.37966e-06
6.75883e-06
3.5575e-06
0
0
0
0
0
0
0
9.84335e-06
2.67253e-05
2.53184e-05
1.94773e-05
1.12096e-05
3.71173e-06
0
0
0
0
0
0
0
0
0
0
0
0
0
0
0
0
0
0
0
0
0
0
3.32949e-06
6.75336e-06
9.11108e-06
1.26923e-05
1.70138e-05
1.95566e-05
1.99985e-05
1.9883e-05
1.89554e-05
1.39848e-05
0
0
3.35692e-06
3.98005e-06
0
0
0
0
0
0
0
0
0
4.41404e-07
1.8032e-06
3.6403e-06
6.02853e-06
7.96807e-06
8.97482e-06
9.27395e-06
9.07724e-06
8.43626e-06
7.38796e-06
6.16655e-06
4.99292e-06
3.46936e-06
5.53435e-07
0
0
0
0
0
0
0
0
0
0
0
0
0
0
0
0
0
0
0
0
0
0
0
5.36823e-08
1.39758e-07
0
0
0
0
0
0
0
0
0
0
0
0
0
0
0
0
0
0
1.3642e-07
6.7183e-07
6.10278e-07
0
0
0
0
8.40483e-07
1.85827e-06
1.79372e-06
1.08837e-06
4.39188e-07
0
0
0
0
0
0
0
0
0
0
0
0
0
0
0
0
0
0
0
0
0
0
0
0
0
0
0
0
0
0
0
0
0
0
0
1.45326e-06
2.36957e-05
6.01308e-06
4.92334e-06
5.29753e-06
0
0
0
1.74398e-06
5.01627e-06
8.40741e-06
8.9286e-06
9.51684e-06
8.29075e-06
6.64504e-06
6.01329e-06
5.57809e-06
2.69486e-06
0
0
0
0
0
0
0
1.33011e-05
2.81512e-05
2.60099e-05
2.06873e-05
1.28282e-05
5.06676e-06
1.71038e-08
0
0
0
0
0
0
0
0
0
0
0
0
0
0
0
0
0
0
0
0
0
0
0
0
0
0
0
0
0
0
0
0
0
6.8581e-06
1.3222e-05
8.83409e-06
3.18196e-06
0
0
0
0
0
0
0
0
1.69468e-07
2.70271e-06
4.84583e-06
6.32797e-06
7.09469e-06
7.43746e-06
7.49499e-06
7.35121e-06
6.93594e-06
6.31974e-06
5.24817e-06
5.94573e-07
0
0
0
3.57779e-06
3.07373e-06
1.70887e-06
5.15049e-07
0
0
0
0
0
0
0
0
0
0
0
0
0
0
0
0
0
3.13696e-07
0
0
0
0
0
0
0
0
0
0
0
0
0
0
0
0
0
0
0
0
0
0
0
0
0
7.474e-07
2.31481e-06
2.89347e-06
2.35336e-06
1.40135e-06
3.32841e-07
0
0
0
0
0
0
0
0
0
0
0
0
0
0
0
0
0
0
0
0
0
0
0
0
0
0
0
0
0
0
0
0
0
0
0
0
1.97925e-05
4.93922e-06
1.69726e-06
0
0
0
0
0
3.01669e-06
6.34443e-06
6.82654e-06
7.41219e-06
6.36675e-06
5.02635e-06
4.65091e-06
4.51464e-06
1.94422e-06
0
0
0
0
0
0
0
1.44867e-05
2.7276e-05
2.57564e-05
2.10853e-05
1.39316e-05
6.40559e-06
1.23955e-06
0
0
0
0
0
0
0
0
0
0
0
0
0
0
0
0
0
0
0
0
0
0
0
0
0
0
0
0
0
0
0
0
0
0
1.03676e-06
8.57661e-06
1.46935e-05
2.01366e-05
1.01758e-05
0
0
0
0
0
0
0
0
1.15247e-06
2.71702e-06
3.65479e-06
4.17577e-06
4.47449e-06
4.66881e-06
4.69256e-06
4.27436e-06
1.96856e-06
0
0
0
0
0
0
0
0
3.56929e-07
6.27719e-07
7.20914e-07
7.62397e-07
8.64029e-07
1.04803e-06
1.2416e-06
1.34907e-06
1.19438e-06
4.50205e-07
0
0
0
0
0
0
0
0
0
0
0
0
0
0
0
0
0
0
0
0
0
0
0
0
0
0
0
0
0
0
0
0
5.1439e-07
2.70348e-06
3.9691e-06
3.51377e-06
2.22799e-06
1.01039e-06
2.16981e-07
0
0
0
0
0
0
0
0
0
0
0
0
0
0
0
0
0
0
0
0
0
0
0
0
0
0
0
0
0
0
0
0
0
0
0
0
3.51986e-06
7.20587e-07
0
0
0
0
0
0
1.366e-06
3.91969e-06
4.61227e-06
5.19945e-06
4.34036e-06
3.25132e-06
3.22295e-06
3.49995e-06
1.36618e-06
0
0
0
0
0
0
0
1.36702e-05
2.41698e-05
2.39424e-05
2.05802e-05
1.46159e-05
7.71699e-06
2.46591e-06
0
0
0
0
0
0
0
0
0
0
0
0
0
0
0
0
8.37749e-06
0
0
0
0
0
0
0
0
0
0
0
0
0
0
0
0
0
0
2.26075e-07
1.94944e-06
2.88691e-06
3.84208e-06
6.03992e-06
5.16315e-06
0
0
0
0
0
0
0
0
0
2.6959e-09
0
0
0
0
0
0
0
0
0
0
0
0
2.59183e-07
5.86525e-07
7.26296e-07
7.25185e-07
7.67265e-07
1.01642e-06
1.46428e-06
1.93889e-06
2.2642e-06
2.2363e-06
1.45695e-06
0
0
0
0
0
0
0
0
0
0
0
0
0
0
0
0
0
0
0
0
0
0
0
0
0
0
0
0
0
0
3.08284e-07
1.25493e-06
3.73187e-06
5.91325e-06
5.23698e-06
3.62404e-06
2.23478e-06
9.94688e-07
8.95486e-08
0
0
0
0
0
0
0
0
0
0
0
0
0
0
0
0
0
0
0
0
0
0
0
0
0
0
0
0
0
0
0
0
0
0
0
0
0
0
0
0
0
0
0
0
9.30089e-07
1.64421e-06
2.3861e-06
2.90869e-06
2.23517e-06
1.32939e-06
1.61366e-06
2.33028e-06
8.48022e-07
0
0
0
0
0
0
0
1.12337e-05
1.99623e-05
2.09292e-05
1.94135e-05
1.49556e-05
8.7079e-06
3.50345e-06
7.37759e-07
0
0
0
0
0
0
0
0
0
0
0
0
0
0
0
7.12593e-06
1.20049e-05
0
0
0
0
0
0
0
0
0
0
0
0
0
0
0
0
0
0
0
0
0
0
0
0
0
0
0
0
0
0
0
0
0
0
0
0
0
0
0
0
0
0
0
0
0
0
0
0
0
0
1.38955e-07
7.45266e-07
1.46688e-06
2.14202e-06
2.53403e-06
2.34716e-06
1.18811e-06
0
0
0
0
0
0
0
0
0
0
0
0
0
0
0
0
0
0
0
0
0
0
0
0
0
0
5.06094e-07
1.17218e-06
2.09794e-06
4.0027e-06
7.79521e-06
1.00728e-05
7.47089e-06
4.78268e-06
3.0168e-06
1.9176e-06
1.20267e-06
7.30075e-07
4.63688e-07
0
0
0
0
0
0
0
0
0
0
0
0
0
0
0
0
0
0
0
0
0
0
0
0
0
0
0
0
0
0
0
0
0
0
0
0
0
0
0
0
0
2.81299e-07
1.61909e-06
1.36443e-06
0
2.9532e-07
6.11937e-07
5.18358e-08
0
0
7.57014e-07
1.2815e-07
0
0
0
0
0
0
0
8.62019e-06
1.55665e-05
1.73688e-05
1.81947e-05
1.51435e-05
9.16307e-06
4.26394e-06
2.05879e-06
8.21948e-07
0
0
0
0
0
0
0
0
0
0
0
0
0
0
5.41828e-06
1.94185e-05
0
0
0
0
0
0
0
0
0
0
0
0
0
0
0
0
0
0
0
0
0
0
0
0
0
0
0
0
0
0
0
0
0
0
0
0
0
0
0
0
0
0
0
0
0
0
0
0
0
0
0
0
0
0
0
0
3.31431e-06
5.44945e-06
5.35141e-06
4.00761e-06
2.64414e-06
1.5746e-06
8.42601e-07
4.63405e-07
2.4796e-07
1.8265e-08
0
0
0
0
0
0
0
0
0
0
0
0
0
0
7.86152e-07
1.51955e-06
2.27128e-06
3.3325e-06
5.21824e-06
8.98229e-06
1.40691e-05
1.35279e-05
8.4899e-06
5.13435e-06
3.52285e-06
2.51236e-06
1.72978e-06
1.27754e-06
1.13019e-06
1.16411e-06
1.12444e-06
4.59131e-07
0
0
0
0
0
0
0
0
0
0
0
0
0
0
0
0
0
0
0
0
0
0
0
0
0
0
0
0
0
0
0
0
0
0
0
0
0
0
0
2.37911e-06
3.22528e-06
6.11046e-07
0
0
0
0
0
0
0
0
0
0
2.15155e-06
2.90872e-06
0
0
0
7.32079e-06
1.05154e-05
1.29511e-05
1.6704e-05
1.46747e-05
8.65973e-06
4.62604e-06
3.52364e-06
2.3879e-06
1.1721e-07
0
0
0
0
0
0
0
0
0
8.53775e-07
2.74848e-06
1.75388e-06
0
5.13741e-06
1.87554e-05
0
0
0
0
0
0
0
0
0
0
0
0
1.54994e-06
1.30258e-06
1.92571e-06
2.71151e-06
1.78773e-06
0
0
0
0
0
0
0
0
0
0
0
0
0
0
0
0
2.46343e-07
4.38191e-07
5.75689e-07
7.01157e-07
8.09704e-07
8.69167e-07
8.74349e-07
8.45644e-07
7.96542e-07
7.11353e-07
5.90559e-07
4.68195e-07
3.67917e-07
2.49714e-07
3.86156e-08
0
0
0
0
0
0
0
0
0
0
0
0
7.52884e-08
7.73479e-07
1.15221e-06
1.32095e-06
1.348e-06
1.21361e-06
8.57793e-07
3.58598e-07
0
0
0
0
0
0
0
0
0
0
0
2.37728e-06
4.1961e-06
6.06355e-06
8.74111e-06
1.27531e-05
1.72275e-05
1.70435e-05
1.17448e-05
7.39549e-06
5.02009e-06
3.85554e-06
3.18573e-06
2.52884e-06
1.84389e-06
1.52758e-06
1.48859e-06
1.54632e-06
1.51559e-06
1.03878e-06
0
0
0
0
0
0
0
0
0
0
0
0
0
0
0
0
0
0
0
8.61308e-08
0
0
0
0
0
8.35997e-07
0
0
0
0
0
0
0
0
0
0
0
0
1.25488e-06
3.44071e-06
3.16571e-06
0
0
0
0
0
0
0
0
0
0
2.7413e-06
1.04835e-05
2.04825e-05
2.4928e-05
2.18628e-05
1.57951e-05
8.27228e-06
3.86379e-06
7.8955e-06
1.55296e-05
1.34971e-05
7.01539e-06
4.67509e-06
5.24205e-06
4.08699e-06
1.25704e-06
0
0
0
0
0
0
0
0
1.43488e-07
2.16468e-06
5.22306e-06
5.18077e-06
3.70055e-06
4.18247e-06
8.71704e-06
0
0
0
0
0
0
0
0
4.67796e-07
1.44535e-06
2.66195e-06
4.94167e-06
6.49329e-06
4.91014e-06
4.45503e-06
4.53796e-06
3.9382e-06
2.27939e-06
1.1747e-06
7.35222e-07
0
0
0
0
0
0
0
0
0
0
0
0
0
0
0
2.38049e-07
5.05608e-07
7.10029e-07
8.23339e-07
8.6338e-07
8.70589e-07
8.81523e-07
8.94894e-07
9.05689e-07
9.13727e-07
9.24389e-07
9.29948e-07
8.96009e-07
7.6882e-07
5.71339e-07
3.65651e-07
1.82615e-07
7.78169e-09
0
0
0
0
0
0
0
0
0
0
0
0
0
0
0
0
0
0
0
0
0
0
0
0
0
0
1.24761e-05
1.9365e-05
2.3149e-05
2.37149e-05
1.92013e-05
1.31032e-05
8.91872e-06
6.62628e-06
5.37508e-06
4.63002e-06
4.14083e-06
3.5422e-06
2.86556e-06
2.31586e-06
1.98668e-06
1.71947e-06
1.55998e-06
1.436e-06
9.12887e-07
0
0
0
0
0
0
0
0
0
0
0
0
0
0
0
1.86242e-07
3.25386e-07
2.66603e-07
4.30355e-07
9.6212e-07
8.69724e-07
0
0
0
0
1.21582e-06
1.56968e-06
0
0
0
5.72961e-06
0
0
0
0
0
0
0
2.03279e-06
3.34476e-06
2.01477e-06
0
0
0
0
0
0
0
0
0
0
5.53869e-06
1.83293e-05
3.67528e-05
5.98006e-05
7.3668e-05
5.78541e-05
1.49605e-05
0
2.14531e-06
1.42492e-05
1.01482e-05
3.35286e-06
4.34701e-06
7.3053e-06
5.86252e-06
2.38824e-06
2.52196e-07
0
0
0
0
0
0
4.24717e-07
1.35339e-06
3.20306e-06
6.56417e-06
6.97117e-06
5.68708e-06
3.22436e-06
1.61179e-06
0
0
0
0
0
0
0
0
1.58835e-06
2.9452e-06
4.09923e-06
5.15124e-06
5.17242e-06
4.04042e-06
4.07841e-06
4.24268e-06
3.73165e-06
2.34784e-06
6.13922e-07
2.53374e-07
1.17856e-06
1.17115e-06
2.07827e-07
0
0
0
0
0
0
0
0
0
0
0
0
0
1.78334e-08
3.71819e-07
5.64658e-07
6.07133e-07
5.72301e-07
5.44881e-07
5.58561e-07
6.18317e-07
7.0972e-07
8.19586e-07
9.41881e-07
1.06592e-06
1.15937e-06
1.2433e-06
1.37939e-06
1.64142e-06
2.12401e-06
2.94426e-06
4.28725e-06
6.47438e-06
8.2074e-06
0
0
0
0
0
0
0
0
0
0
0
0
0
0
0
0
0
0
0
0
0
2.65993e-06
1.67517e-05
1.99367e-05
1.73664e-05
1.4044e-05
1.13874e-05
9.44782e-06
8.04262e-06
6.97818e-06
6.0662e-06
5.12894e-06
4.30437e-06
3.8168e-06
3.61425e-06
3.28494e-06
2.62312e-06
1.88474e-06
1.44277e-06
1.25884e-06
7.39153e-07
4.15328e-09
0
0
0
0
0
0
0
0
0
0
0
0
0
0
9.81542e-07
1.25545e-06
1.14128e-06
1.20627e-06
1.77307e-06
2.12212e-06
1.45542e-06
5.11262e-07
0
1.65701e-07
1.02548e-06
9.80616e-07
0
0
0
6.41827e-06
0
0
0
0
0
0
0
2.13406e-06
2.56567e-06
6.5729e-07
0
0
0
0
0
0
0
0
0
0
5.5684e-06
2.33084e-05
4.75981e-05
8.48678e-05
0.00013321
0.000154936
4.81348e-05
0
0
1.09257e-05
1.72383e-06
0
3.72914e-06
9.74599e-06
7.5443e-06
3.501e-06
1.66832e-06
6.1414e-07
0
0
0
0
0
1.06076e-06
2.5178e-06
4.29588e-06
7.33243e-06
7.79736e-06
6.5891e-06
2.4638e-06
0
0
0
0
0
0
0
0
0
1.85145e-06
3.00274e-06
3.45629e-06
3.52528e-06
3.06405e-06
1.92998e-06
1.96337e-06
2.32202e-06
2.10372e-06
1.55579e-06
4.68708e-07
0
0
0
5.31297e-08
2.96765e-07
3.94582e-07
4.90503e-07
1.61693e-07
0
0
0
0
0
0
0
0
0
0
0
2.42604e-07
4.01164e-07
3.80988e-07
3.00678e-07
2.59769e-07
2.98378e-07
4.05761e-07
5.63457e-07
7.65386e-07
1.0063e-06
1.29098e-06
1.65519e-06
2.1833e-06
2.97765e-06
4.16707e-06
5.85275e-06
7.94446e-06
9.51266e-06
7.91774e-06
3.5475e-06
1.62339e-06
9.89118e-07
3.59834e-07
0
0
0
0
0
0
0
0
0
0
0
0
0
0
0
0
0
4.81411e-06
1.48827e-05
1.78499e-05
1.62436e-05
1.35971e-05
1.12559e-05
9.4394e-06
7.9874e-06
6.7334e-06
5.66064e-06
4.87242e-06
4.5404e-06
4.55126e-06
4.52149e-06
4.19222e-06
3.37378e-06
2.30182e-06
1.59025e-06
1.3035e-06
7.3831e-07
1.16319e-07
1.4111e-07
0
0
0
0
0
0
0
0
0
0
0
0
0
1.8234e-06
2.34892e-06
2.17092e-06
2.12071e-06
2.54839e-06
3.22621e-06
2.91093e-06
2.02318e-06
1.47743e-06
1.90145e-06
1.70335e-06
0
9.10133e-07
0
0
5.72133e-07
0
0
0
0
0
0
0
1.70019e-06
1.47083e-06
0
0
0
0
0
0
0
0
0
0
0
2.03987e-06
2.30481e-05
5.05741e-05
8.90656e-05
0.000151044
0.000244889
0.000209147
0
0
0
0
0
3.00586e-06
1.25126e-05
8.80076e-06
4.59824e-06
3.15712e-06
1.55734e-06
0
0
0
0
0
1.44453e-06
3.44969e-06
5.46109e-06
8.04746e-06
8.21906e-06
7.00907e-06
1.95425e-06
0
0
0
0
0
0
0
0
0
0
9.71654e-07
1.53054e-06
1.39227e-06
6.93926e-07
0
0
3.88215e-08
5.52652e-07
9.32999e-07
7.73639e-07
0
0
0
0
0
0
0
0
0
0
0
0
0
0
0
0
0
0
0
0
1.4775e-07
2.52834e-07
2.03873e-07
1.41828e-07
1.64899e-07
2.87301e-07
4.97885e-07
8.03335e-07
1.19225e-06
1.704e-06
2.3872e-06
3.29311e-06
4.33352e-06
5.20115e-06
5.56802e-06
5.3879e-06
4.72192e-06
3.74085e-06
2.64896e-06
1.59388e-06
4.70261e-07
0
0
0
0
0
0
0
0
0
0
0
0
0
0
0
0
0
0
3.54198e-06
1.82886e-05
1.9754e-05
1.58165e-05
1.23097e-05
9.98028e-06
8.50133e-06
7.48041e-06
6.67494e-06
6.01634e-06
5.54654e-06
5.24968e-06
5.11572e-06
4.9818e-06
4.73663e-06
4.15338e-06
3.15072e-06
2.19193e-06
1.67163e-06
1.05937e-06
4.44584e-07
1.37473e-06
1.49611e-06
0
0
0
0
0
0
0
0
0
0
0
0
2.64939e-06
3.49417e-06
3.30586e-06
3.15794e-06
3.32525e-06
4.11947e-06
4.25677e-06
3.38744e-06
2.77152e-06
3.30984e-06
3.22546e-06
0
0
2.83038e-06
0
0
0
0
0
0
0
0
0
8.56163e-07
1.85169e-07
0
0
0
0
0
0
0
0
0
0
0
0
1.69754e-05
4.5081e-05
7.79213e-05
0.000121642
0.000181742
0.000241942
0
0
0
0
0
2.43467e-06
1.50558e-05
9.00546e-06
5.75877e-06
4.66435e-06
2.16509e-06
0
0
0
0
0
1.67163e-06
4.05487e-06
6.47262e-06
9.08331e-06
9.06169e-06
7.49511e-06
1.69628e-06
0
0
0
0
0
0
0
0
0
0
0
3.55404e-07
9.72813e-07
9.09846e-07
0
0
0
0
0
2.92655e-07
3.14412e-08
0
0
0
0
7.01207e-07
1.99859e-06
2.02226e-06
3.72214e-07
0
0
0
0
0
0
0
0
0
0
0
0
4.37183e-08
7.55948e-08
4.82992e-08
9.36027e-08
2.64408e-07
5.60511e-07
1.00531e-06
1.5925e-06
2.34373e-06
3.23653e-06
4.07285e-06
4.54722e-06
4.53543e-06
4.17872e-06
3.61345e-06
2.69171e-06
1.04206e-06
0
0
7.02106e-08
6.08716e-07
5.05813e-07
1.19893e-07
0
0
0
0
0
0
0
0
0
0
0
0
0
0
0
0
1.78446e-05
1.32086e-05
1.07674e-05
9.70863e-06
9.16095e-06
8.73021e-06
8.19368e-06
7.57858e-06
6.93632e-06
6.39976e-06
6.00855e-06
5.69233e-06
5.43575e-06
5.23718e-06
4.87657e-06
4.08283e-06
2.95755e-06
2.12727e-06
1.46106e-06
9.14145e-07
2.18827e-06
3.31199e-06
2.58048e-06
0
0
0
0
0
0
0
0
0
0
0
3.4855e-06
4.61955e-06
4.47952e-06
4.27998e-06
4.16017e-06
4.79682e-06
5.39216e-06
4.72981e-06
3.80421e-06
4.21869e-06
4.83986e-06
3.87013e-07
0
3.22237e-06
1.10565e-06
0
0
0
0
0
0
0
0
0
0
0
0
0
0
0
0
0
0
0
0
0
0
6.98292e-06
3.28155e-05
5.92528e-05
8.43475e-05
0.000105182
0.000105733
2.25949e-05
0
0
0
0
1.61168e-06
1.56036e-05
7.19453e-06
7.17967e-06
6.13124e-06
2.37676e-06
0
0
0
0
0
1.86935e-06
4.44766e-06
7.22748e-06
1.02557e-05
1.07876e-05
8.99994e-06
2.10731e-06
0
0
0
0
0
0
0
0
0
0
0
0
0
9.07667e-07
0
0
0
0
0
0
0
0
0
0
1.36632e-06
4.17101e-06
5.33138e-06
4.366e-06
2.61503e-06
6.22276e-07
0
0
0
0
0
0
0
0
0
0
0
0
0
0
0
1.57902e-07
5.40797e-07
1.11374e-06
1.87347e-06
2.75671e-06
3.61081e-06
4.16374e-06
4.32383e-06
4.12489e-06
3.58017e-06
2.49884e-06
1.04788e-07
0
0
4.16608e-06
1.22948e-05
9.52172e-06
6.93874e-06
4.75594e-06
2.62195e-06
7.10395e-07
0
0
0
0
0
0
0
0
0
0
0
0
0
0
7.65217e-06
7.99254e-06
8.28518e-06
8.59777e-06
8.9007e-06
9.06291e-06
8.99046e-06
8.54946e-06
7.93011e-06
7.38334e-06
6.9578e-06
6.52183e-06
6.03333e-06
5.65744e-06
5.40286e-06
4.91698e-06
3.84533e-06
2.63332e-06
1.73786e-06
1.24034e-06
2.66206e-06
4.09177e-06
3.91164e-06
1.00048e-06
0
0
0
0
0
0
0
0
0
0
4.37447e-06
5.70234e-06
5.62224e-06
5.43224e-06
5.09845e-06
5.33311e-06
6.19607e-06
6.02766e-06
4.84893e-06
4.77568e-06
5.92532e-06
2.04282e-06
0
1.46734e-06
3.39209e-06
1.26193e-06
0
0
0
0
4.88877e-07
0
0
0
0
0
0
0
0
0
0
0
0
0
0
0
0
0
1.75322e-05
3.84481e-05
5.36651e-05
5.94194e-05
4.79524e-05
7.24156e-06
0
0
0
0
0
6.91513e-06
3.32014e-06
9.25084e-06
7.6546e-06
2.0499e-06
0
0
0
0
0
2.11354e-06
4.80775e-06
7.80895e-06
1.13066e-05
1.27507e-05
1.16819e-05
4.97486e-06
7.57928e-08
0
0
0
0
0
0
0
0
0
0
0
0
1.68506e-06
8.41955e-06
2.18562e-06
0
0
0
0
0
0
0
0
2.94911e-06
5.69536e-06
5.99563e-06
5.16474e-06
3.18667e-06
4.08234e-07
0
0
0
0
0
0
0
0
0
0
0
0
0
0
0
8.63464e-09
4.53197e-07
1.12099e-06
2.00543e-06
2.95901e-06
3.76538e-06
4.24428e-06
4.38167e-06
4.10596e-06
3.13621e-06
6.90796e-07
0
0
0
3.26475e-05
3.62214e-05
2.41356e-05
1.60812e-05
1.0929e-05
7.00648e-06
3.78549e-06
1.10212e-06
0
0
0
0
0
0
0
0
0
0
0
0
3.04078e-06
6.88101e-06
6.77694e-06
7.11855e-06
7.84868e-06
8.71251e-06
9.40718e-06
9.74051e-06
9.66553e-06
9.16657e-06
8.48274e-06
7.96027e-06
7.48206e-06
6.82038e-06
6.08935e-06
5.74262e-06
5.59822e-06
4.88676e-06
3.45931e-06
2.12107e-06
1.46239e-06
2.81909e-06
4.29226e-06
4.09328e-06
1.51094e-06
0
0
0
0
0
0
0
0
0
0
5.33065e-06
6.73431e-06
6.69407e-06
6.53909e-06
6.13923e-06
5.85282e-06
6.65034e-06
7.10285e-06
6.00265e-06
5.25912e-06
6.37022e-06
3.90733e-06
0
0
3.4891e-06
3.36816e-06
0
0
0
0
1.77717e-06
0
0
0
0
0
0
0
0
0
0
0
0
0
0
0
0
0
3.30108e-06
1.93281e-05
2.98719e-05
3.15301e-05
2.1233e-05
0
0
0
0
0
0
0
2.0523e-06
1.22251e-05
9.46767e-06
7.18793e-07
0
0
0
0
0
2.42446e-06
5.25486e-06
8.3405e-06
1.21404e-05
1.42911e-05
1.39637e-05
9.24741e-06
3.34245e-06
0
0
0
0
0
0
0
0
0
0
2.69226e-07
1.69052e-06
3.24375e-06
3.32413e-06
8.02176e-07
0
0
0
0
0
0
0
0
2.37101e-06
4.82828e-06
5.42043e-06
4.29965e-06
5.32071e-07
4.00855e-06
4.50648e-06
1.47406e-06
0
0
0
0
0
0
0
0
0
0
0
0
0
0
4.18928e-07
1.14572e-06
2.10632e-06
3.10427e-06
3.9084e-06
4.40895e-06
4.56604e-06
4.1206e-06
2.32685e-06
0
0
0
7.0434e-06
2.72333e-05
4.86295e-05
3.96365e-05
2.59566e-05
1.7589e-05
1.19005e-05
7.45849e-06
3.69283e-06
5.34066e-07
0
0
0
0
0
0
0
0
0
0
0
4.95038e-06
7.5966e-06
7.1225e-06
6.42631e-06
6.4695e-06
7.59079e-06
8.96212e-06
9.88194e-06
1.01426e-05
9.88439e-06
9.3852e-06
8.82211e-06
8.4e-06
7.78683e-06
6.76893e-06
6.00434e-06
5.97296e-06
5.7504e-06
4.4608e-06
2.72049e-06
1.69619e-06
2.69151e-06
3.92571e-06
3.58927e-06
8.14555e-07
0
0
0
0
0
0
0
0
0
0
6.26478e-06
7.61671e-06
7.59971e-06
7.48056e-06
7.14823e-06
6.38735e-06
6.78659e-06
7.70568e-06
7.08193e-06
5.81898e-06
6.32345e-06
5.3803e-06
8.58081e-07
0
2.56956e-06
3.7204e-06
0
0
0
0
1.74896e-06
0
0
0
0
0
0
0
0
0
0
0
0
0
0
0
0
0
0
4.35753e-06
1.24272e-05
1.36302e-05
7.91876e-06
0
0
0
0
0
0
0
7.1549e-06
1.55026e-05
1.19125e-05
0
0
0
0
0
0
2.75738e-06
5.73285e-06
8.8089e-06
1.27199e-05
1.49954e-05
1.48069e-05
1.16064e-05
5.5735e-06
0
0
0
0
0
0
0
0
0
3.8753e-07
8.20344e-07
1.07627e-06
1.3519e-06
1.08595e-06
2.84712e-07
0
0
0
0
0
0
0
0
1.29988e-06
3.507e-06
3.78949e-06
1.03704e-06
1.65537e-06
1.37926e-05
1.15464e-05
5.94117e-06
1.31575e-06
0
0
0
0
0
0
0
0
6.62085e-08
3.78436e-08
0
0
0
4.15492e-07
1.13422e-06
2.09139e-06
3.07499e-06
3.8678e-06
4.38623e-06
4.52083e-06
3.74838e-06
9.06679e-07
0
0
0
8.69482e-06
2.0235e-05
4.44579e-05
4.68138e-05
3.30976e-05
2.32564e-05
1.64952e-05
1.12256e-05
6.67525e-06
2.65728e-06
0
0
0
0
0
0
0
0
0
0
0
4.32157e-06
7.19265e-06
7.36942e-06
6.89979e-06
5.99333e-06
6.21204e-06
7.67605e-06
9.14522e-06
9.86126e-06
9.8407e-06
9.48905e-06
9.06302e-06
8.72779e-06
8.30588e-06
7.31083e-06
6.07178e-06
5.75285e-06
5.94399e-06
5.15023e-06
3.40781e-06
2.04797e-06
2.49309e-06
3.18588e-06
2.58647e-06
1.05332e-08
0
0
0
0
9.12282e-06
7.58694e-07
0
0
0
5.26568e-07
6.93286e-06
8.10276e-06
8.09639e-06
8.02263e-06
7.80521e-06
6.76209e-06
6.58465e-06
7.58154e-06
7.63763e-06
6.30894e-06
5.97882e-06
5.95744e-06
1.92608e-06
0
9.7587e-07
3.35827e-06
0
0
0
0
0
0
0
0
0
0
0
0
0
0
0
0
0
0
0
0
0
0
0
0
1.00594e-06
3.08425e-06
2.19861e-06
0
1.55534e-07
0
0
0
0
0
1.31051e-05
1.81427e-05
1.52995e-05
0
0
0
0
0
0
2.87167e-06
5.89159e-06
8.86767e-06
1.27525e-05
1.48432e-05
1.42693e-05
1.19751e-05
7.22849e-06
0
0
0
0
0
0
0
0
0
8.39241e-07
1.17021e-06
1.01196e-06
6.93305e-07
3.39711e-07
6.13938e-08
0
0
0
0
0
0
0
0
8.1964e-07
2.27025e-06
1.97419e-06
8.11715e-07
5.90768e-06
1.2762e-05
1.20297e-05
7.31714e-06
2.72827e-06
0
0
0
0
0
0
0
0
1.30243e-07
2.20101e-07
4.26514e-08
0
0
3.6305e-07
1.0078e-06
1.89586e-06
2.81783e-06
3.56887e-06
4.05527e-06
4.06807e-06
2.87192e-06
0
0
0
2.71164e-07
8.19288e-06
1.76593e-05
3.73398e-05
4.28931e-05
3.45772e-05
2.63941e-05
1.99513e-05
1.45545e-05
9.6e-06
4.97011e-06
9.68206e-07
0
0
0
0
0
0
0
0
0
0
4.04208e-06
6.653e-06
7.3725e-06
7.11544e-06
6.58136e-06
6.13665e-06
6.87363e-06
8.31042e-06
9.33973e-06
9.55475e-06
9.19736e-06
8.7141e-06
8.52723e-06
8.44416e-06
7.75468e-06
6.37454e-06
5.44242e-06
5.65884e-06
5.44436e-06
4.10391e-06
2.70164e-06
2.63898e-06
2.76506e-06
1.73641e-06
4.76505e-07
6.81929e-07
0
0
1.24505e-06
2.20695e-05
8.94456e-06
0
0
0
2.4712e-06
7.6839e-06
8.69911e-06
8.73278e-06
8.70014e-06
8.57311e-06
7.40626e-06
6.64136e-06
7.32376e-06
7.98681e-06
7.04429e-06
6.03452e-06
6.01013e-06
3.02575e-06
0
0
2.7446e-06
1.96143e-06
0
0
0
0
0
0
0
0
0
0
0
0
0
0
0
0
0
0
0
0
0
0
0
0
0
5.02586e-07
1.97118e-06
4.72981e-06
3.99736e-08
0
0
0
5.28987e-06
1.7051e-05
2.04764e-05
1.26772e-05
0
0
0
0
0
1.36554e-07
2.17876e-06
5.05565e-06
8.68059e-06
1.34031e-05
1.57489e-05
1.49864e-05
1.31825e-05
9.03632e-06
0
0
0
0
0
0
0
1.97061e-08
4.5438e-07
8.1698e-07
7.3127e-07
5.1449e-07
3.84029e-08
0
0
0
0
0
0
0
0
0
0
8.12308e-07
1.47938e-06
1.24996e-06
2.03479e-06
6.35597e-06
1.05965e-05
1.04555e-05
6.85886e-06
2.79624e-06
4.73222e-07
0
0
0
0
0
0
0
2.04775e-08
2.83713e-07
1.71058e-07
0
0
2.20695e-07
7.45691e-07
1.51501e-06
2.32992e-06
2.9874e-06
3.37782e-06
3.21233e-06
1.71778e-06
0
0
0
2.31398e-07
8.41842e-06
1.93225e-05
3.29991e-05
3.56977e-05
3.1498e-05
2.63793e-05
2.14465e-05
1.66258e-05
1.17104e-05
6.82103e-06
2.43669e-06
0
0
0
0
0
0
0
0
0
1.27102e-06
4.10524e-06
6.17705e-06
6.92392e-06
6.88118e-06
6.33928e-06
5.88265e-06
6.14939e-06
7.16749e-06
8.31714e-06
8.82627e-06
8.52285e-06
7.80168e-06
7.49248e-06
7.76117e-06
7.59628e-06
6.55942e-06
5.25715e-06
4.96385e-06
5.06702e-06
4.38794e-06
3.3968e-06
3.1046e-06
2.84806e-06
1.75001e-06
2.8759e-06
3.31431e-06
1.6216e-06
8.03517e-07
3.72943e-06
2.40153e-05
1.44149e-05
4.0443e-07
0
0
4.69272e-06
8.22971e-06
8.93573e-06
8.98914e-06
8.98314e-06
8.86531e-06
7.72666e-06
6.54995e-06
6.62734e-06
7.54849e-06
7.27743e-06
6.0973e-06
5.54887e-06
3.80987e-06
4.72337e-08
0
1.64184e-06
3.40884e-06
0
0
0
0
0
0
0
0
0
0
0
0
0
0
0
0
0
0
0
0
0
0
0
0
0
0
2.5039e-06
3.46716e-06
0
0
0
0
1.27762e-05
1.76315e-05
1.73967e-05
0
0
0
0
1.99475e-06
4.82334e-06
1.28729e-06
0
0
4.45613e-06
1.1984e-05
1.54144e-05
1.51089e-05
1.3594e-05
9.71668e-06
0
0
0
0
0
0
1.05858e-07
1.26569e-07
1.12742e-08
0
0
0
0
0
0
0
1.13704e-07
7.7756e-07
1.09118e-06
7.40452e-07
1.05268e-07
0
1.39628e-07
9.98248e-07
1.29654e-06
1.29592e-06
2.58797e-06
5.99933e-06
8.99961e-06
8.61477e-06
5.67414e-06
2.40883e-06
6.41967e-07
5.38715e-08
0
0
0
0
0
0
0
2.14273e-07
2.20196e-07
1.07842e-08
0
3.26608e-09
3.73188e-07
9.8982e-07
1.66443e-06
2.1904e-06
2.45618e-06
2.18088e-06
6.52867e-07
0
0
0
0
9.53579e-06
2.23984e-05
2.98565e-05
2.98274e-05
2.76343e-05
2.49988e-05
2.16534e-05
1.74976e-05
1.27359e-05
7.75632e-06
3.28785e-06
0
0
0
0
0
0
0
0
8.52883e-07
2.47491e-06
4.30779e-06
5.77555e-06
6.35472e-06
6.29135e-06
5.8618e-06
5.24463e-06
5.05573e-06
5.9349e-06
7.15578e-06
8.02939e-06
8.04963e-06
7.33609e-06
6.54712e-06
6.67459e-06
6.95083e-06
6.4804e-06
5.36528e-06
4.55303e-06
4.4862e-06
4.39934e-06
3.95495e-06
3.66179e-06
3.2686e-06
2.40794e-06
5.14982e-06
4.86108e-06
3.26228e-06
2.72757e-06
6.46821e-06
1.83125e-05
1.53546e-05
4.09349e-06
0
0
6.77831e-06
8.89377e-06
9.37404e-06
9.38465e-06
9.35388e-06
9.15298e-06
8.07169e-06
6.73406e-06
6.22502e-06
6.91412e-06
7.26539e-06
6.39257e-06
5.32258e-06
4.24767e-06
1.11314e-06
0
3.85962e-08
3.53915e-06
2.22791e-06
0
0
0
0
0
0
0
0
0
0
0
0
0
0
0
0
0
0
0
0
0
0
0
0
0
8.80332e-07
0
0
0
0
8.64056e-06
1.53208e-05
1.60663e-05
7.06003e-06
0
0
0
9.22806e-06
3.20505e-05
3.09239e-05
2.93748e-06
0
0
0
6.34372e-06
1.40696e-05
1.53236e-05
1.39476e-05
9.96589e-06
2.42773e-08
0
0
0
7.96635e-08
2.14825e-07
3.35743e-07
8.80818e-08
0
0
0
0
0
0
0
0
5.72514e-07
1.22569e-06
1.45068e-06
7.4147e-07
2.01678e-07
0
3.98338e-07
1.13968e-06
1.47049e-06
1.61675e-06
3.09262e-06
6.39758e-06
8.99295e-06
7.28445e-06
3.73632e-06
1.76888e-06
9.94552e-07
5.94606e-07
3.81861e-07
1.97226e-07
0
0
0
0
0
0
1.4087e-07
0
0
0
0
4.19743e-07
9.52943e-07
1.33618e-06
1.49553e-06
1.23437e-06
0
0
0
0
0
9.15734e-06
2.2249e-05
2.63115e-05
2.5717e-05
2.46849e-05
2.36084e-05
2.14489e-05
1.75937e-05
1.26868e-05
7.56505e-06
3.26092e-06
4.25222e-07
0
0
0
0
0
0
6.80273e-07
1.92806e-06
3.2689e-06
4.50052e-06
5.4829e-06
5.79503e-06
5.63433e-06
5.23401e-06
4.77147e-06
4.40156e-06
4.70278e-06
5.8936e-06
6.96354e-06
7.38363e-06
7.02609e-06
6.1012e-06
5.59863e-06
5.85471e-06
5.87553e-06
5.23615e-06
4.37677e-06
4.01263e-06
4.16871e-06
4.17997e-06
3.9021e-06
3.42517e-06
3.10761e-06
5.95603e-06
5.30172e-06
4.08372e-06
4.18582e-06
7.6654e-06
1.19676e-05
1.34158e-05
5.36165e-06
0
3.89338e-06
8.2645e-06
9.48468e-06
9.89239e-06
9.85551e-06
9.74211e-06
9.35751e-06
8.26818e-06
6.95464e-06
6.16045e-06
6.30925e-06
6.88109e-06
6.54215e-06
5.36305e-06
4.33001e-06
2.18625e-06
0
0
2.11205e-06
3.68426e-06
0
0
0
0
0
0
0
0
0
0
0
0
0
0
0
0
0
0
0
0
0
0
0
0
0
0
0
0
0
5.09156e-06
1.28114e-05
1.5335e-05
1.21983e-05
0
0
0
0
7.61766e-06
8.07473e-05
0.000124953
0
0
0
0
0
1.01459e-05
1.449e-05
1.36357e-05
9.67425e-06
7.89182e-08
1.3747e-07
3.28127e-07
2.83669e-07
2.03398e-07
2.96754e-07
2.32225e-07
0
0
0
0
0
0
2.17318e-07
1.85373e-07
3.7731e-07
9.38564e-07
6.5543e-07
6.81172e-07
1.87746e-07
0
0
0
2.36511e-07
8.35983e-07
1.26678e-06
2.80807e-06
6.20873e-06
9.30967e-06
5.87707e-06
1.88343e-06
1.98544e-06
1.80554e-06
1.12957e-06
6.46653e-07
4.44328e-07
1.97173e-07
0
0
0
0
0
0
0
0
0
0
0
2.7201e-07
5.09799e-07
5.83308e-07
4.06669e-07
0
0
0
0
0
6.2594e-06
1.74124e-05
2.20017e-05
2.26843e-05
2.25731e-05
2.23647e-05
2.07631e-05
1.69604e-05
1.15081e-05
6.15121e-06
2.41358e-06
5.20299e-07
0
0
0
2.07721e-07
5.15245e-07
9.16196e-07
1.54204e-06
2.50319e-06
3.59801e-06
4.53673e-06
5.20223e-06
5.33345e-06
5.12695e-06
4.75646e-06
4.42116e-06
4.17304e-06
4.12748e-06
4.70791e-06
5.63989e-06
6.24142e-06
6.22438e-06
5.62009e-06
4.82672e-06
4.66542e-06
4.87822e-06
4.73533e-06
4.19462e-06
3.78817e-06
3.90587e-06
4.09349e-06
3.85883e-06
3.36616e-06
3.8212e-06
6.18542e-06
5.16957e-06
4.16318e-06
4.60024e-06
6.37075e-06
7.44232e-06
1.04005e-05
9.01238e-07
1.13693e-06
7.0213e-06
8.98203e-06
9.95723e-06
1.03136e-05
1.0242e-05
1.00906e-05
9.56906e-06
8.31632e-06
6.96494e-06
6.23035e-06
6.01031e-06
6.29532e-06
6.33386e-06
5.44497e-06
4.28237e-06
2.92047e-06
2.4717e-08
0
0
2.78811e-06
2.2101e-06
0
0
0
0
0
0
0
0
0
0
0
0
0
0
0
0
0
0
0
0
0
0
0
0
0
0
0
8.32364e-07
1.07566e-05
1.38399e-05
1.39475e-05
6.54693e-06
0
0
0
0
0
2.92782e-05
0.000148563
0
0
0
0
0
4.36975e-06
1.24119e-05
1.27034e-05
8.96954e-06
6.19721e-06
5.10474e-06
3.5637e-06
1.71225e-06
0
0
0
0
0
0
0
1.54758e-07
1.28962e-06
1.85217e-06
4.21776e-07
2.47548e-07
5.708e-07
8.37001e-07
3.64749e-07
0
0
0
0
0
0
2.0975e-09
1.55321e-06
5.02467e-06
9.37234e-06
3.70025e-06
2.69979e-06
2.90079e-06
2.23069e-06
1.45025e-06
8.11203e-07
4.08135e-07
2.28075e-07
0
0
0
0
0
0
0
0
0
0
0
0
0
0
0
0
0
0
0
0
3.33398e-06
1.13852e-05
1.69615e-05
1.92679e-05
2.00037e-05
2.03111e-05
1.90817e-05
1.52699e-05
9.07512e-06
3.77524e-06
1.25303e-06
6.59469e-07
7.23215e-07
8.66535e-07
1.01926e-06
1.21791e-06
1.47978e-06
1.82443e-06
2.20908e-06
2.80805e-06
3.60458e-06
4.34785e-06
4.83977e-06
4.94921e-06
4.78887e-06
4.51085e-06
4.23279e-06
4.02708e-06
3.90365e-06
4.04366e-06
4.55533e-06
5.01706e-06
5.12415e-06
4.78873e-06
4.17871e-06
3.77905e-06
3.90708e-06
4.1001e-06
3.97462e-06
3.75477e-06
3.77611e-06
3.92332e-06
3.76392e-06
3.48891e-06
4.49188e-06
6.27451e-06
5.15834e-06
3.89357e-06
3.89839e-06
4.0902e-06
4.34784e-06
6.06035e-06
1.38795e-06
5.76232e-06
7.88235e-06
9.18143e-06
1.03841e-05
1.06214e-05
1.04815e-05
1.03288e-05
9.81947e-06
8.33544e-06
6.68923e-06
6.10105e-06
5.96415e-06
5.91146e-06
5.84953e-06
5.33705e-06
4.24257e-06
3.15151e-06
1.24035e-06
0
0
0
2.10627e-06
4.67501e-08
0
0
0
0
0
0
0
0
0
0
0
0
0
0
0
0
0
0
0
0
0
0
0
0
0
0
8.56133e-06
1.23514e-05
1.34035e-05
1.15108e-05
2.11437e-06
0
0
0
0
0
1.0709e-05
0
0
0
0
0
0
0
9.8819e-06
1.15014e-05
7.90371e-06
1.15464e-05
7.48197e-06
3.84441e-06
7.89895e-07
0
0
0
0
0
0
0
0
2.18914e-07
0
0
3.88924e-08
2.97683e-07
8.48587e-07
5.02625e-07
0
0
0
0
0
0
0
0
7.01024e-07
2.72466e-07
1.7746e-06
3.05566e-06
2.45414e-06
1.78963e-06
1.40139e-06
9.85772e-07
5.17895e-07
2.5069e-07
0
0
0
0
0
0
0
0
0
0
0
0
0
0
0
0
0
0
0
0
2.08647e-06
7.35354e-06
1.22154e-05
1.51434e-05
1.66681e-05
1.76505e-05
1.66707e-05
1.20398e-05
5.2788e-06
1.32102e-06
6.79005e-07
1.21033e-06
1.64917e-06
1.81292e-06
1.8763e-06
1.97085e-06
2.17771e-06
2.49428e-06
2.71554e-06
2.99552e-06
3.47603e-06
4.02809e-06
4.42704e-06
4.60398e-06
4.56368e-06
4.38926e-06
4.14346e-06
3.9004e-06
3.70752e-06
3.60196e-06
3.74352e-06
3.94263e-06
4.02987e-06
3.91946e-06
3.61668e-06
3.28142e-06
3.28753e-06
3.57631e-06
3.77073e-06
3.78836e-06
3.79464e-06
3.83324e-06
3.77848e-06
3.82564e-06
4.84144e-06
6.00191e-06
5.28398e-06
3.68206e-06
2.76845e-06
2.23212e-06
1.98031e-06
8.30867e-07
4.5167e-06
6.34226e-06
7.56532e-06
9.49625e-06
1.06544e-05
1.07885e-05
1.05557e-05
1.04117e-05
1.00131e-05
8.48282e-06
6.30773e-06
5.56062e-06
5.73484e-06
5.82685e-06
5.42811e-06
4.97164e-06
4.11495e-06
3.03981e-06
1.8063e-06
0
0
0
0
6.50571e-07
0
0
0
0
0
0
0
0
0
0
0
0
0
0
0
0
0
0
0
0
0
0
0
0
0
5.75876e-06
1.09847e-05
1.19324e-05
1.24795e-05
8.42513e-06
9.15088e-07
1.42193e-06
4.6031e-06
4.79462e-06
3.59112e-07
0
0
0
0
0
0
0
0
0
7.71504e-06
1.02586e-05
6.42603e-06
0
0
0
0
0
0
0
0
0
0
0
0
1.50655e-06
9.06962e-07
0
0
0
4.60762e-07
4.22046e-07
0
0
0
0
0
0
0
0
0
0
9.21606e-07
1.6917e-06
1.63192e-06
1.23319e-06
1.04903e-06
9.88922e-07
6.1979e-07
1.56382e-07
0
0
0
0
0
0
0
0
0
0
0
0
0
0
0
0
0
0
0
8.05147e-07
3.35179e-06
6.86158e-06
1.05225e-05
1.2906e-05
1.43065e-05
1.50653e-05
1.27752e-05
6.43863e-06
1.19592e-06
3.4387e-07
1.29602e-06
2.16231e-06
2.50728e-06
2.53858e-06
2.493e-06
2.49012e-06
2.64148e-06
2.92153e-06
3.04555e-06
3.10866e-06
3.3259e-06
3.66456e-06
3.9892e-06
4.26079e-06
4.37825e-06
4.28653e-06
4.03689e-06
3.73811e-06
3.45282e-06
3.19917e-06
3.03403e-06
3.03612e-06
3.10019e-06
3.19726e-06
3.23869e-06
3.12974e-06
3.06451e-06
3.25525e-06
3.574e-06
3.77017e-06
3.84602e-06
3.83919e-06
3.87173e-06
4.1185e-06
4.76854e-06
5.32472e-06
4.88016e-06
3.48978e-06
2.18264e-06
1.91431e-06
1.10891e-06
3.38152e-06
5.29807e-06
6.05339e-06
7.47872e-06
9.62941e-06
1.07231e-05
1.07811e-05
1.04453e-05
1.02782e-05
1.00044e-05
8.73593e-06
6.16518e-06
4.77166e-06
5.02585e-06
5.56859e-06
5.27637e-06
4.52154e-06
3.77393e-06
2.81925e-06
1.65486e-06
1.10031e-07
0
0
0
0
0
0
0
0
0
0
0
0
0
0
0
0
0
0
0
0
0
0
0
0
0
0
0
0
3.50839e-06
9.17168e-06
1.05361e-05
1.11393e-05
1.12167e-05
5.49504e-06
2.00625e-06
5.19486e-06
8.76285e-06
9.3176e-06
4.04711e-06
0
0
0
0
0
0
0
0
0
6.07059e-06
8.81832e-06
4.42987e-06
0
0
0
0
0
0
0
0
0
0
0
0
9.93305e-07
0
0
0
0
0
0
0
0
0
0
0
0
0
0
0
0
4.02268e-07
7.67732e-07
9.50557e-07
8.19684e-07
6.2425e-07
6.90744e-07
4.97043e-07
0
0
0
0
0
0
0
0
0
0
0
0
0
0
0
0
0
0
7.85293e-07
2.71675e-06
4.64924e-06
6.76045e-06
9.49854e-06
1.22181e-05
1.34538e-05
1.3413e-05
1.12729e-05
5.14421e-06
7.16184e-08
1.14198e-07
1.6638e-06
2.70691e-06
3.1249e-06
3.12619e-06
2.99312e-06
2.86824e-06
2.80659e-06
2.92592e-06
3.14406e-06
3.20274e-06
3.1451e-06
3.19075e-06
3.35323e-06
3.63056e-06
3.94829e-06
4.12612e-06
4.09787e-06
3.87599e-06
3.50317e-06
3.13446e-06
2.7934e-06
2.52285e-06
2.41474e-06
2.49739e-06
2.72384e-06
3.00157e-06
3.1198e-06
3.07779e-06
3.1107e-06
3.34418e-06
3.61408e-06
3.76556e-06
3.81618e-06
3.89285e-06
4.1425e-06
4.455e-06
4.48121e-06
3.96208e-06
3.19503e-06
2.861e-06
3.86012e-06
3.12709e-06
5.19231e-06
5.68916e-06
6.01133e-06
7.66138e-06
9.71112e-06
1.0686e-05
1.06459e-05
1.02246e-05
1.00414e-05
9.82656e-06
8.92555e-06
6.41265e-06
4.19257e-06
4.00664e-06
4.78194e-06
5.04077e-06
4.17545e-06
3.30591e-06
2.50252e-06
1.39726e-06
0
0
0
0
0
0
0
0
0
0
0
0
0
0
0
0
0
0
0
0
0
0
0
0
0
0
0
0
2.75032e-06
6.99121e-06
9.0771e-06
9.45061e-06
1.07081e-05
9.43147e-06
3.67592e-06
3.80749e-06
8.00949e-06
1.2616e-05
1.25551e-05
6.04017e-06
0
0
0
0
0
0
0
0
0
4.89692e-06
7.00685e-06
1.86365e-06
0
0
0
0
0
0
0
0
0
0
0
0
8.21809e-07
1.8886e-06
0
0
0
0
0
0
0
0
0
0
0
0
0
0
5.06977e-08
2.24765e-07
3.82683e-07
6.13609e-07
6.23073e-07
3.77319e-07
2.66496e-07
2.22776e-07
0
0
0
0
0
0
0
0
0
0
0
0
0
0
0
0
0
0
1.62915e-07
2.571e-06
5.76243e-06
9.18884e-06
1.29174e-05
1.62326e-05
1.68038e-05
1.09316e-05
0
0
6.52345e-08
2.78177e-06
3.80784e-06
3.9367e-06
3.75316e-06
3.45788e-06
3.22798e-06
3.07215e-06
3.00566e-06
3.13299e-06
3.27585e-06
3.28568e-06
3.18695e-06
3.14341e-06
3.20074e-06
3.42912e-06
3.76005e-06
3.96593e-06
3.90492e-06
3.64584e-06
3.27209e-06
2.8433e-06
2.4711e-06
2.19604e-06
2.08411e-06
2.16139e-06
2.4111e-06
2.76354e-06
3.02805e-06
3.10698e-06
3.07421e-06
3.10709e-06
3.29337e-06
3.48486e-06
3.61472e-06
3.7242e-06
3.89949e-06
4.06912e-06
3.97191e-06
3.50365e-06
3.17237e-06
3.3723e-06
2.75816e-06
1.95931e-06
5.4908e-06
6.13253e-06
6.45377e-06
8.23345e-06
9.98255e-06
1.07117e-05
1.04976e-05
9.97321e-06
9.77447e-06
9.60704e-06
9.01832e-06
6.8781e-06
4.16615e-06
3.16643e-06
3.63022e-06
4.37166e-06
3.85747e-06
2.89212e-06
2.1206e-06
1.24986e-06
0
0
0
0
0
0
0
0
0
0
0
0
0
0
0
0
0
0
0
0
0
0
0
0
0
0
0
2.01501e-06
4.95072e-06
7.27161e-06
8.19922e-06
8.83425e-06
1.0326e-05
6.92909e-06
2.87927e-06
5.78353e-06
1.0487e-05
1.6116e-05
1.5554e-05
8.24908e-06
0
0
0
0
0
0
0
0
0
3.71432e-06
4.47346e-06
0
1.76092e-07
2.42933e-06
3.1823e-06
3.7545e-06
4.03038e-06
4.00108e-06
3.55066e-06
2.20774e-06
0
0
0
1.27803e-06
7.29235e-06
1.2208e-05
0
0
0
0
0
0
0
0
1.96886e-09
2.25782e-07
3.93013e-07
3.82564e-07
2.0287e-07
1.19225e-07
4.01341e-07
6.33586e-07
6.88057e-07
8.13482e-07
7.42957e-07
2.68574e-07
0
0
0
0
0
0
0
0
0
0
0
0
0
0
0
0
0
0
0
0
0
4.86092e-07
2.54244e-06
5.37587e-06
8.20676e-06
9.68767e-06
4.37856e-06
0
0
3.62715e-07
4.02077e-06
5.1893e-06
5.02398e-06
4.52386e-06
4.02264e-06
3.64717e-06
3.42084e-06
3.28566e-06
3.28823e-06
3.43054e-06
3.51262e-06
3.50077e-06
3.40742e-06
3.30945e-06
3.32376e-06
3.51479e-06
3.83274e-06
4.05591e-06
3.98529e-06
3.64689e-06
3.18823e-06
2.68301e-06
2.26328e-06
1.95701e-06
1.79196e-06
1.81271e-06
2.03374e-06
2.39791e-06
2.77077e-06
3.03407e-06
3.09752e-06
3.01705e-06
2.98162e-06
3.10519e-06
3.28222e-06
3.4708e-06
3.63783e-06
3.82191e-06
3.96472e-06
3.93804e-06
3.83079e-06
3.62784e-06
2.90238e-06
3.11259e-06
5.78067e-06
6.95508e-06
7.63898e-06
9.24904e-06
1.04045e-05
1.07874e-05
1.0373e-05
9.77303e-06
9.59579e-06
9.47307e-06
9.11321e-06
7.42298e-06
4.68996e-06
2.93388e-06
2.65406e-06
3.31952e-06
3.36619e-06
2.5544e-06
1.81732e-06
1.153e-06
0
0
0
0
0
0
0
0
0
0
0
0
0
0
0
0
0
0
0
0
0
0
0
0
0
0
4.89226e-07
3.01978e-06
5.09676e-06
6.97277e-06
7.60003e-06
8.80886e-06
9.30072e-06
4.22948e-06
2.86282e-06
7.51503e-06
1.32127e-05
1.90606e-05
1.83408e-05
1.10774e-05
0
0
0
0
0
0
0
0
0
1.9972e-06
1.08998e-06
0
0
0
0
0
0
0
0
0
0
0
0
2.38406e-06
4.23468e-06
0
0
0
0
0
0
0
0
2.0577e-07
9.51738e-07
1.57321e-06
1.7511e-06
1.43886e-06
7.90779e-07
1.77919e-07
2.19595e-07
7.1016e-07
8.96119e-07
8.88661e-07
6.22489e-07
4.87298e-08
0
0
0
0
0
0
0
0
0
0
0
0
0
0
0
0
0
0
0
0
0
0
0
0
0
0
0
0
1.02746e-06
3.58546e-06
5.03426e-06
5.10978e-06
4.58143e-06
4.00058e-06
3.54328e-06
3.28312e-06
3.14383e-06
3.09698e-06
3.20978e-06
3.30947e-06
3.33998e-06
3.30853e-06
3.21594e-06
3.10693e-06
3.13996e-06
3.32541e-06
3.62109e-06
3.8534e-06
3.79113e-06
3.43146e-06
2.91025e-06
2.35306e-06
1.89619e-06
1.5359e-06
1.25996e-06
1.14472e-06
1.26187e-06
1.58937e-06
2.03856e-06
2.46461e-06
2.71654e-06
2.73416e-06
2.60618e-06
2.55129e-06
2.6947e-06
2.97044e-06
3.21729e-06
3.46096e-06
3.76064e-06
4.00435e-06
4.08756e-06
4.04672e-06
4.05909e-06
4.90991e-06
6.61507e-06
7.64247e-06
8.41292e-06
9.39818e-06
1.00564e-05
1.02356e-05
9.74235e-06
9.17765e-06
9.07513e-06
9.00799e-06
8.82247e-06
7.55319e-06
5.15989e-06
3.09627e-06
2.13848e-06
2.14667e-06
2.47818e-06
2.02784e-06
1.46526e-06
1.00172e-06
2.33682e-07
0
0
0
0
0
0
0
0
0
0
0
0
0
0
0
0
0
0
0
0
0
0
0
0
0
1.05222e-06
3.01141e-06
5.29147e-06
6.7981e-06
7.42917e-06
8.77059e-06
6.82012e-06
1.63724e-06
3.83074e-06
8.90024e-06
1.58504e-05
2.12849e-05
2.08195e-05
1.41882e-05
5.42993e-07
0
0
0
0
0
0
0
0
0
0
0
0
0
0
0
0
0
0
0
0
0
0
0
0
1.40154e-06
4.94215e-06
5.75761e-06
3.81465e-06
5.43282e-08
0
0
0
0
2.21121e-07
2.76851e-06
3.92389e-06
3.64024e-06
2.31282e-06
5.57872e-07
0
0
0
0
0
0
0
0
0
0
0
0
0
0
0
0
0
0
0
0
0
0
0
0
0
0
0
0
0
0
0
2.26829e-07
1.60235e-06
2.30796e-06
3.0067e-06
3.87421e-06
4.19963e-06
3.8744e-06
3.29168e-06
2.73137e-06
2.3757e-06
2.20815e-06
2.15993e-06
2.22032e-06
2.32146e-06
2.34957e-06
2.32556e-06
2.26713e-06
2.16462e-06
2.11359e-06
2.20504e-06
2.43393e-06
2.75268e-06
3.0055e-06
2.96903e-06
2.6074e-06
2.05583e-06
1.50138e-06
1.08651e-06
7.44793e-07
4.13574e-07
1.74719e-07
1.5377e-07
3.9002e-07
8.29133e-07
1.34941e-06
1.79531e-06
2.03237e-06
2.01282e-06
1.85941e-06
1.84754e-06
2.09735e-06
2.40061e-06
2.68033e-06
2.98919e-06
3.33073e-06
3.64327e-06
3.93202e-06
4.37265e-06
5.30657e-06
6.57013e-06
7.4574e-06
8.07736e-06
8.72632e-06
9.21327e-06
9.34959e-06
8.85871e-06
8.36269e-06
8.35715e-06
8.3847e-06
8.33962e-06
7.35208e-06
5.31729e-06
3.2993e-06
1.9556e-06
1.23458e-06
1.20596e-06
1.16694e-06
8.8756e-07
6.53963e-07
2.53186e-07
0
0
0
0
0
0
0
0
0
0
0
0
0
0
0
0
0
0
0
0
0
0
0
0
0
1.44433e-06
3.60099e-06
5.82513e-06
6.83335e-06
7.5802e-06
7.91942e-06
3.30156e-06
0
5.35474e-06
1.00262e-05
1.81121e-05
2.31214e-05
2.31069e-05
1.7571e-05
5.53806e-06
0
0
0
0
0
0
0
0
0
0
0
0
0
0
0
0
0
0
0
0
0
0
0
0
0
1.71775e-06
2.80598e-06
0
0
0
0
0
0
0
6.10659e-06
9.42427e-06
9.47932e-06
7.49292e-06
4.4149e-06
1.24387e-06
0
0
0
0
0
0
0
0
0
0
0
0
0
0
1.71212e-07
4.17781e-07
5.55301e-07
7.06698e-07
9.28036e-07
1.2807e-06
1.64456e-06
1.99762e-06
2.34124e-06
2.61216e-06
2.77601e-06
2.8528e-06
2.89044e-06
2.81302e-06
2.38525e-06
1.98343e-06
2.35096e-06
2.74123e-06
2.48141e-06
2.11916e-06
1.96474e-06
1.74591e-06
1.31113e-06
7.67123e-07
3.07338e-07
5.02429e-08
0
0
0
0
0
0
0
0
0
1.28844e-07
4.10279e-07
7.86985e-07
1.10278e-06
1.15629e-06
8.89591e-07
4.55818e-07
1.09072e-07
0
0
0
0
0
0
0
0
3.28822e-07
7.226e-07
8.63096e-07
7.44259e-07
5.74737e-07
6.09373e-07
8.04259e-07
1.05117e-06
1.38049e-06
1.82707e-06
2.36323e-06
2.94765e-06
3.58638e-06
4.36553e-06
5.17247e-06
5.76141e-06
6.26789e-06
6.85494e-06
7.31978e-06
7.47766e-06
7.06001e-06
6.64691e-06
6.74631e-06
6.91715e-06
7.03278e-06
6.33266e-06
4.75426e-06
3.13429e-06
1.72428e-06
4.53105e-07
0
0
0
0
0
0
0
0
0
0
0
0
0
0
0
0
0
0
0
0
0
0
0
0
0
0
0
0
0
1.25861e-07
2.20997e-06
4.36994e-06
5.92567e-06
6.75227e-06
7.52957e-06
5.31867e-06
0
1.02003e-07
6.30487e-06
1.11494e-05
1.97365e-05
2.44509e-05
2.4946e-05
2.07611e-05
1.17572e-05
0
0
0
0
0
1.19786e-07
4.82644e-06
0
0
0
0
0
0
0
0
0
0
0
0
0
0
0
0
0
0
0
0
0
0
0
0
0
8.10355e-07
8.86466e-06
1.59958e-05
2.00448e-05
1.91049e-05
1.46085e-05
7.88585e-06
2.11044e-07
0
1.07451e-06
0
0
0
0
0
0
0
0
0
0
1.72012e-07
1.24997e-06
1.86858e-06
2.19539e-06
2.4787e-06
2.77005e-06
3.0156e-06
3.26159e-06
3.58352e-06
4.07309e-06
4.60025e-06
5.06971e-06
5.36686e-06
5.45398e-06
5.29983e-06
4.80615e-06
3.94268e-06
3.05275e-06
2.37891e-06
1.49888e-06
3.99683e-07
0
0
0
0
0
0
0
0
0
0
0
0
0
0
0
0
0
0
0
0
0
0
0
0
0
0
0
0
0
0
0
0
0
0
0
0
0
0
0
0
0
0
5.3395e-07
1.28583e-06
2.04291e-06
2.83013e-06
3.45598e-06
3.838e-06
4.27922e-06
4.89313e-06
5.41053e-06
5.52207e-06
5.10632e-06
4.75499e-06
4.92086e-06
5.18112e-06
5.33866e-06
4.78616e-06
3.62627e-06
2.60603e-06
1.47077e-06
0
0
0
0
0
0
0
0
0
0
0
0
0
0
0
0
0
0
0
0
0
0
0
0
0
0
0
0
0
0
7.04866e-07
2.92796e-06
4.75653e-06
5.65379e-06
7.06739e-06
6.67579e-06
6.96678e-07
0
2.4975e-06
6.63958e-06
1.26119e-05
2.0877e-05
2.55884e-05
2.65065e-05
2.39708e-05
1.87431e-05
8.20638e-06
0
0
0
0
3.14816e-05
1.84817e-06
0
0
0
0
0
0
0
0
4.46362e-06
1.15461e-05
1.29539e-05
1.01806e-05
4.91789e-06
0
0
0
0
0
0
0
0
0
0
0
0
0
6.93832e-06
1.6744e-05
2.2353e-05
2.22428e-05
1.65247e-05
3.3955e-06
0
0
3.38107e-05
2.42707e-05
2.12822e-07
0
0
0
1.18307e-07
0
5.33866e-08
1.49787e-06
3.76105e-06
5.91713e-06
7.33592e-06
7.97487e-06
7.95299e-06
7.63705e-06
7.26958e-06
6.9026e-06
6.70108e-06
6.75521e-06
6.79676e-06
6.80051e-06
6.78453e-06
6.68995e-06
6.41405e-06
5.86035e-06
5.03204e-06
4.10668e-06
3.18366e-06
1.9928e-06
5.15413e-07
0
0
0
0
0
0
0
0
0
0
0
0
0
0
0
0
0
0
0
0
0
0
0
0
0
0
0
0
0
0
0
0
0
0
0
0
0
0
0
0
0
0
0
0
0
0
8.38406e-07
1.38143e-06
1.59288e-06
1.87944e-06
2.45771e-06
3.04717e-06
3.20372e-06
2.933e-06
2.86054e-06
3.2463e-06
3.73346e-06
3.94528e-06
3.37506e-06
2.37277e-06
1.77925e-06
1.01128e-06
0
0
0
0
0
0
0
0
0
0
0
0
0
0
0
0
0
0
0
0
0
0
0
0
0
0
0
0
0
0
9.80763e-07
3.56688e-06
4.65478e-06
5.75682e-06
7.49385e-06
3.5833e-06
0
0
2.94445e-06
6.35865e-06
1.33981e-05
2.08845e-05
2.56386e-05
2.70025e-05
2.62145e-05
2.42249e-05
1.95284e-05
6.7064e-06
0
0
6.39359e-06
1.90575e-05
0
0
0
0
0
0
0
0
7.90557e-06
2.24631e-05
3.28022e-05
3.62043e-05
3.25188e-05
2.24146e-05
7.42982e-06
0
0
0
0
0
0
0
0
0
0
0
0
2.85207e-06
9.83213e-06
1.36096e-05
1.52394e-05
1.54749e-05
1.44743e-05
1.19372e-05
7.91123e-06
2.58746e-06
0
0
0
0
0
0
1.89143e-06
5.65327e-06
9.10196e-06
1.17919e-05
1.35554e-05
1.45348e-05
1.50676e-05
1.54913e-05
1.59439e-05
1.63647e-05
1.64109e-05
1.60503e-05
1.51487e-05
1.38597e-05
1.25824e-05
1.15179e-05
1.06311e-05
9.68695e-06
8.52424e-06
7.24366e-06
5.97883e-06
4.70772e-06
2.98547e-06
1.05549e-06
0
0
0
0
0
0
0
0
0
0
0
0
0
0
0
0
0
0
0
0
0
0
0
0
0
0
0
0
0
0
0
0
0
0
0
0
0
0
0
0
0
0
0
0
0
0
0
0
0
0
0
2.91633e-07
1.50272e-07
0
9.68627e-08
6.38896e-07
1.28555e-06
1.80451e-06
1.6642e-06
1.18174e-06
1.12812e-06
7.91885e-07
0
0
0
0
0
0
0
0
0
0
0
0
0
0
0
0
0
0
0
0
0
0
0
0
0
0
0
0
0
0
1.61445e-06
4.05425e-06
4.48957e-06
6.53202e-06
5.90127e-06
0
0
0
1.59868e-06
5.53215e-06
1.29834e-05
2.02799e-05
2.53517e-05
2.7204e-05
2.76996e-05
2.74384e-05
2.60823e-05
1.87497e-05
6.01591e-06
0
5.99973e-06
0
0
0
0
0
0
1.93277e-05
7.67954e-06
4.13794e-06
5.75067e-06
9.72373e-06
1.40204e-05
1.75227e-05
1.93688e-05
1.87422e-05
1.47794e-05
7.19734e-06
0
0
0
0
0
0
0
0
0
0
0
2.46458e-06
1.17337e-05
1.74217e-05
2.0687e-05
2.24917e-05
2.36623e-05
2.42034e-05
2.38107e-05
2.1857e-05
1.80922e-05
1.31691e-05
8.43714e-06
5.17193e-06
4.17988e-06
5.77856e-06
9.30301e-06
1.34894e-05
1.7273e-05
2.01829e-05
2.21601e-05
2.34448e-05
2.43255e-05
2.48878e-05
2.51844e-05
2.52489e-05
2.51664e-05
2.50354e-05
2.47982e-05
2.43425e-05
2.33874e-05
2.1807e-05
1.98488e-05
1.75481e-05
1.502e-05
1.24757e-05
9.94135e-06
7.14574e-06
4.00183e-06
9.17754e-07
0
0
0
0
0
0
0
0
0
0
0
0
0
0
0
0
0
0
0
0
0
0
5.47494e-06
6.58272e-06
6.14663e-06
4.92377e-06
3.06159e-06
8.99282e-07
0
0
0
0
0
0
0
0
0
0
0
0
0
0
0
0
0
0
0
0
0
0
0
0
0
0
0
0
8.49975e-08
5.83703e-07
5.65595e-07
4.89006e-07
8.84896e-07
7.20082e-07
0
0
0
0
0
0
0
0
0
0
0
0
0
0
0
0
0
0
0
0
0
0
0
0
0
0
0
0
0
0
2.34265e-06
3.67486e-06
4.32108e-06
5.71358e-06
1.72674e-06
0
0
0
0
3.39506e-06
1.05459e-05
1.8955e-05
2.5069e-05
2.74818e-05
2.8579e-05
2.89339e-05
2.87049e-05
2.34604e-05
1.39263e-05
5.57272e-06
0
0
0
0
0
0
0
1.82198e-05
1.59499e-05
1.2802e-05
9.05817e-06
4.50562e-06
0
0
0
7.9807e-06
7.53915e-06
0
0
0
0
0
0
0
0
0
0
0
0
0
2.87059e-06
8.21341e-06
1.35428e-05
1.85739e-05
2.28917e-05
2.62189e-05
2.84832e-05
2.97786e-05
3.02766e-05
3.01336e-05
2.93779e-05
2.81722e-05
2.67615e-05
2.52609e-05
2.38027e-05
2.26119e-05
2.19722e-05
2.20448e-05
2.27496e-05
2.37787e-05
2.46996e-05
2.52639e-05
2.56748e-05
2.66774e-05
2.80861e-05
2.89325e-05
2.91975e-05
2.89263e-05
2.81416e-05
2.68723e-05
2.51525e-05
2.29746e-05
2.03567e-05
1.73228e-05
1.35152e-05
8.89384e-06
4.21015e-06
0
0
0
0
0
0
0
0
0
0
0
0
0
0
0
0
0
0
0
0
0
0
0
9.91733e-07
6.34238e-06
8.82512e-06
8.14727e-06
6.38686e-06
3.59547e-06
2.03305e-07
0
0
0
0
0
0
0
0
0
0
0
0
0
0
0
0
0
0
0
0
0
0
0
0
0
0
0
0
0
1.47402e-08
2.37731e-07
1.08823e-06
0
0
0
0
0
0
0
0
0
0
0
0
0
0
0
0
0
0
0
0
0
0
0
0
0
0
0
0
0
0
0
1.78927e-06
2.45181e-06
3.54339e-06
2.52603e-06
0
0
0
0
0
0
6.62634e-06
1.79323e-05
2.55709e-05
2.83786e-05
2.94178e-05
2.97057e-05
2.94988e-05
2.47512e-05
1.60991e-05
6.87401e-06
0
0
0
0
0
0
0
0
0
0
7.55442e-06
1.29801e-05
1.12281e-05
5.62826e-06
2.15711e-06
4.93093e-06
1.19932e-05
2.06045e-05
2.76421e-05
3.04875e-05
2.84952e-05
2.27626e-05
1.57016e-05
9.80669e-06
6.46064e-06
5.59921e-06
6.38404e-06
7.7648e-06
8.76755e-06
8.66201e-06
7.46291e-06
6.37504e-06
7.00479e-06
9.69506e-06
1.34977e-05
1.7171e-05
1.99155e-05
2.15181e-05
2.21832e-05
2.23916e-05
2.23332e-05
2.21633e-05
2.19549e-05
2.15181e-05
2.02982e-05
1.88474e-05
1.76125e-05
1.66979e-05
1.61635e-05
1.60014e-05
1.61302e-05
1.64123e-05
1.67477e-05
1.72151e-05
1.8412e-05
2.01644e-05
2.13862e-05
2.19431e-05
2.1822e-05
2.10784e-05
1.97933e-05
1.80953e-05
1.60282e-05
1.34615e-05
1.02418e-05
6.5529e-06
2.89508e-06
0
0
0
0
0
0
0
0
0
0
0
0
0
0
0
0
0
0
0
0
0
0
0
0
1.77486e-06
3.77843e-06
4.37278e-06
4.59998e-06
3.61852e-06
4.0879e-07
0
3.37422e-06
6.47804e-06
6.73868e-06
5.38802e-06
3.41546e-06
2.32331e-06
2.48324e-06
3.75427e-06
6.16262e-06
1.85863e-06
0
0
0
1.43039e-06
3.2901e-06
3.26454e-06
2.20583e-06
9.49465e-07
1.74241e-07
3.12621e-07
1.12722e-06
1.60017e-06
1.36345e-06
6.741e-07
2.55179e-07
1.35711e-06
3.2193e-06
2.70591e-06
1.85923e-06
2.76407e-06
3.74125e-06
0
0
0
0
0
0
0
0
0
0
0
0
0
0
0
0
0
0
0
0
0
0
0
0
0
0
0
0
0
0
0
0
1.05487e-06
2.34782e-06
4.32381e-08
0
0
0
0
0
0
2.45541e-06
1.70844e-05
2.45008e-05
2.71901e-05
2.81538e-05
2.85235e-05
2.84622e-05
2.43615e-05
1.65302e-05
7.54769e-06
0
0
0
0
0
0
0
0
0
1.17171e-05
2.10084e-05
2.4176e-05
2.2932e-05
1.95671e-05
1.61939e-05
1.41561e-05
1.37363e-05
1.40636e-05
1.32208e-05
1.06548e-05
6.9252e-06
3.67992e-06
3.16397e-06
6.49328e-06
1.18312e-05
1.61518e-05
1.7677e-05
1.54064e-05
8.79989e-06
0
0
0
0
0
0
0
6.81589e-06
1.13453e-05
1.38145e-05
1.48293e-05
1.51779e-05
1.56173e-05
1.61033e-05
1.6779e-05
1.74915e-05
1.76509e-05
1.7076e-05
1.59252e-05
1.44977e-05
1.31709e-05
1.22356e-05
1.18559e-05
1.20993e-05
1.27121e-05
1.35035e-05
1.42589e-05
1.48324e-05
1.5148e-05
1.5148e-05
1.47921e-05
1.40922e-05
1.31201e-05
1.18749e-05
1.02504e-05
8.33767e-06
6.46148e-06
4.7015e-06
2.98823e-06
1.31453e-06
0
0
0
0
0
0
0
0
0
0
0
0
0
0
0
0
0
0
0
0
0
0
0
1.1123e-08
4.19451e-07
0
0
0
0
0
5.96056e-07
5.16246e-06
5.07194e-06
3.31292e-06
2.01742e-06
1.72971e-06
3.19475e-06
5.2737e-06
5.55531e-06
2.85355e-06
0
5.17681e-06
1.18914e-05
1.36048e-05
1.1933e-05
8.54223e-06
5.2712e-06
3.23082e-06
2.33805e-06
2.06715e-06
1.80741e-06
1.14955e-06
0
0
0
1.02975e-06
3.02652e-06
3.356e-06
1.0997e-06
0
0
0
0
0
0
0
0
0
0
0
0
0
0
0
0
0
0
0
0
0
0
0
0
0
0
0
0
0
0
0
0
0
1.89385e-06
2.17999e-06
1.55917e-06
3.43152e-06
3.09619e-06
0
0
0
0
1.11228e-07
1.50683e-05
2.207e-05
2.53948e-05
2.68267e-05
2.77149e-05
2.80423e-05
2.45045e-05
1.74217e-05
8.63957e-06
0
0
0
0
0
0
0
0
0
0
9.68813e-07
1.28141e-05
1.69305e-05
1.44366e-05
7.60849e-06
0
0
0
0
0
0
6.01813e-06
1.52516e-05
2.34355e-05
2.91885e-05
3.19229e-05
3.13843e-05
2.71335e-05
1.94554e-05
8.23042e-06
0
0
0
0
0
0
0
3.69327e-06
8.29536e-06
8.76185e-06
7.62714e-06
6.10892e-06
5.00489e-06
5.13777e-06
6.23671e-06
7.52375e-06
8.18618e-06
7.79727e-06
6.69201e-06
5.80612e-06
5.42559e-06
5.68068e-06
6.55441e-06
7.7687e-06
8.98739e-06
9.94199e-06
1.05283e-05
1.07716e-05
1.07037e-05
1.03553e-05
9.80285e-06
9.1113e-06
8.32522e-06
7.52342e-06
6.76074e-06
5.98121e-06
5.03751e-06
3.8026e-06
2.20885e-06
3.5335e-07
0
0
0
0
0
0
0
0
0
0
0
0
0
0
2.41401e-07
6.43221e-07
3.83614e-07
0
0
0
0
0
2.67506e-07
8.24884e-08
0
0
0
0
0
0
0
0
5.85196e-07
6.33069e-07
1.14215e-06
2.59704e-06
2.81086e-06
2.73306e-07
0
0
0
6.51679e-07
7.11651e-06
1.00363e-05
9.33056e-06
7.04564e-06
5.04637e-06
3.76338e-06
2.9261e-06
2.33868e-06
1.55106e-06
0
0
0
0
0
0
0
0
0
1.62932e-06
0
0
0
0
0
0
0
0
0
0
0
0
0
0
0
0
0
0
0
0
0
0
0
0
0
0
0
0
0
0
3.96361e-06
3.35395e-06
4.74126e-06
5.9946e-06
6.76038e-06
1.18914e-06
0
0
0
3.66078e-09
9.94828e-06
1.71068e-05
2.19751e-05
2.43977e-05
2.59981e-05
2.64685e-05
2.33741e-05
1.76361e-05
9.74217e-06
0
0
0
0
0
0
0
0
0
0
0
0
0
0
0
0
0
0
0
5.87144e-06
1.93658e-05
3.09379e-05
3.8923e-05
4.17281e-05
3.87263e-05
3.20335e-05
2.31434e-05
1.02274e-05
0
0
0
0
0
0
0
0
0
0
0
4.20836e-06
3.42898e-06
0
0
0
0
0
1.36166e-06
3.1776e-06
4.23168e-06
4.38589e-06
3.9115e-06
3.43057e-06
3.47507e-06
4.23342e-06
5.45317e-06
6.62813e-06
7.46416e-06
7.76853e-06
7.53629e-06
6.95122e-06
6.31204e-06
5.73671e-06
5.25735e-06
4.85996e-06
4.41025e-06
3.77713e-06
2.92184e-06
1.91247e-06
1.18689e-06
1.73607e-06
3.57277e-06
4.5797e-06
3.8787e-06
2.55762e-06
1.41423e-06
5.80132e-07
0
0
1.28277e-07
7.37766e-07
1.26754e-06
1.28113e-06
1.30753e-06
1.49559e-06
2.20561e-06
3.54768e-06
3.83295e-06
6.94693e-07
0
0
0
1.79307e-06
4.57128e-06
3.70485e-06
0
0
0
0
0
0
0
0
0
2.29204e-08
7.59214e-07
6.31513e-07
0
0
0
0
0
0
0
2.18055e-06
3.07643e-06
2.59505e-06
1.98871e-06
1.46904e-06
9.17776e-07
3.29582e-07
0
0
0
9.4356e-07
1.64241e-06
1.02977e-06
0
0
0
3.17472e-07
9.92626e-07
8.45448e-07
4.04757e-07
3.14299e-07
0
0
0
0
0
0
0
0
0
0
0
0
0
0
0
0
0
0
0
0
0
0
0
0
0
0
1.62381e-06
2.61636e-06
3.21733e-06
4.75393e-06
8.91948e-06
9.19017e-06
3.4035e-06
0
0
0
2.7589e-07
5.61109e-06
1.19477e-05
1.79116e-05
2.15793e-05
2.36187e-05
2.35301e-05
2.09026e-05
1.71078e-05
1.03196e-05
0
0
0
0
0
0
7.21352e-07
0
0
0
0
0
0
0
0
0
0
0
0
0
0
1.94334e-06
1.42028e-05
1.851e-05
1.44061e-05
2.20697e-06
0
0
0
0
0
0
0
0
0
0
0
0
0
0
0
0
0
0
0
0
0
0
0
0
0
0
0
0
0
5.7665e-07
2.01158e-06
2.75058e-06
2.79363e-06
2.47545e-06
2.12331e-06
1.86061e-06
1.65018e-06
1.30528e-06
6.10618e-07
0
0
0
0
0
4.49897e-06
6.90802e-06
6.45433e-06
5.39355e-06
4.35571e-06
3.37959e-06
2.49747e-06
1.91942e-06
1.48491e-06
1.8682e-06
2.21006e-06
1.98231e-06
2.17559e-06
8.28451e-07
9.54179e-07
3.2211e-06
3.26085e-06
1.23648e-06
2.15634e-08
2.06028e-07
2.57734e-06
5.81276e-06
1.107e-05
7.7029e-06
9.07098e-07
0
0
0
0
0
0
0
0
0
0
0
0
0
0
0
0
0
0
0
0
0
0
0
0
0
0
0
0
6.85625e-07
6.21714e-07
1.31534e-07
0
0
0
0
5.73615e-08
1.01085e-07
1.68523e-07
2.57431e-07
4.91303e-08
0
0
0
0
0
0
0
0
0
0
0
0
0
0
0
0
0
0
0
0
0
0
0
0
0
5.03673e-07
8.69664e-07
1.48141e-06
4.19376e-06
1.02626e-05
1.05781e-05
5.47676e-06
0
0
0
3.88572e-07
3.15271e-06
7.98634e-06
1.40657e-05
1.87207e-05
2.06501e-05
1.97111e-05
1.83777e-05
1.6121e-05
1.04367e-05
0
0
0
0
0
0
4.2938e-07
0
0
0
0
0
0
0
0
0
0
0
0
0
0
0
0
0
0
0
0
0
0
0
0
0
0
0
0
0
0
0
0
0
0
0
0
0
0
0
0
0
0
0
0
0
0
0
0
0
0
0
0
0
0
0
0
0
0
0
0
0
7.58026e-08
0
0
0
2.66337e-07
6.04932e-07
7.02431e-07
5.4105e-07
4.71112e-07
3.86144e-07
1.58073e-07
7.43106e-07
8.10884e-07
6.41583e-07
5.76489e-07
0
5.91563e-07
2.48377e-06
2.19488e-06
1.42064e-06
0
0
3.10027e-06
8.82245e-06
1.28459e-05
8.9687e-06
2.87721e-06
0
0
0
0
0
0
0
0
0
0
0
0
0
0
0
0
0
0
0
0
0
0
0
0
0
0
0
4.32198e-07
4.96847e-07
2.41764e-07
0
0
0
0
0
0
0
1.77724e-07
3.03905e-07
2.77946e-07
1.79799e-07
1.35013e-07
1.345e-07
1.1213e-07
5.48363e-08
0
0
0
0
0
0
0
0
0
0
0
0
0
0
0
0
0
1.45159e-07
2.01185e-08
0
1.7095e-07
2.37832e-07
4.51816e-07
3.24473e-06
9.08906e-06
1.09442e-05
6.69237e-06
1.59775e-06
0
0
4.96897e-07
1.92853e-06
5.2886e-06
1.099e-05
1.5762e-05
1.70982e-05
1.63409e-05
1.5925e-05
1.46371e-05
1.00884e-05
0
0
0
0
0
0
0
0
0
0
0
0
0
0
0
0
0
0
0
0
0
0
0
0
0
0
0
0
0
0
0
0
0
0
0
0
0
0
0
0
0
0
0
0
0
0
0
0
0
0
0
0
0
0
0
0
0
0
0
0
0
0
0
0
0
0
0
0
6.69747e-08
5.01146e-08
0
0
0
0
7.24354e-08
9.48393e-08
1.94749e-07
0
0
8.84407e-07
7.12712e-07
5.43064e-07
1.89153e-09
0
1.09906e-06
2.49522e-06
1.24177e-06
1.93277e-07
0
0
0
6.04661e-06
1.19466e-05
1.11094e-05
7.07237e-06
2.09074e-06
0
0
0
1.231e-06
1.10299e-06
0
0
0
0
0
0
0
0
0
6.36371e-07
4.79474e-07
0
0
0
0
0
0
0
0
0
0
0
0
0
0
0
0
0
0
4.67452e-08
1.40849e-07
2.16272e-07
2.34289e-07
1.95827e-07
1.41515e-07
1.01721e-07
7.49811e-08
4.9866e-08
2.58931e-08
3.55928e-09
0
0
0
0
0
0
0
0
0
0
0
0
1.5409e-08
0
0
1.06248e-07
9.30047e-08
0
0
0
0
0
1.54039e-06
6.50809e-06
9.46577e-06
7.44701e-06
4.3603e-06
0
0
6.01996e-07
1.22894e-06
3.3603e-06
8.46909e-06
1.24962e-05
1.39935e-05
1.41559e-05
1.3888e-05
1.33388e-05
9.29353e-06
0
0
0
0
0
0
0
0
0
0
0
0
0
5.86119e-09
2.09999e-08
3.1486e-08
3.67695e-08
3.66854e-08
3.14842e-08
2.11211e-08
4.71545e-09
0
0
0
0
0
0
0
0
0
1.02716e-08
5.24256e-08
7.4994e-08
7.53003e-08
5.32352e-08
1.95765e-08
0
0
0
0
0
0
0
0
0
0
0
0
0
0
0
1.89447e-09
4.42353e-09
4.35122e-12
0
0
0
0
0
0
0
0
0
3.64119e-10
1.12006e-07
1.93318e-07
1.04474e-07
0
0
0
2.49281e-08
0
0
0
0
0
0
0
3.27724e-07
1.93984e-06
1.79934e-06
1.29607e-06
0
0
2.14537e-07
2.29721e-06
0
0
0
0
0
1.16801e-07
1.47447e-05
2.15924e-05
2.03892e-05
1.25832e-05
1.60718e-06
0
0
1.76444e-06
0
0
0
0
8.34696e-08
4.35526e-07
1.32525e-07
0
0
9.41051e-08
9.40329e-07
0
0
0
0
0
0
0
0
0
0
0
0
0
0
0
0
0
5.38772e-08
1.08759e-07
1.49339e-07
1.73981e-07
1.80098e-07
1.69449e-07
1.51599e-07
1.38257e-07
1.3491e-07
1.38101e-07
1.42826e-07
1.49251e-07
1.55583e-07
1.58566e-07
1.61542e-07
1.65407e-07
1.63005e-07
1.5768e-07
1.57306e-07
1.43851e-07
1.16082e-07
1.03251e-07
8.76728e-08
5.89063e-08
3.39763e-08
0
0
0
0
0
0
0
0
0
0
4.6987e-08
3.52661e-06
7.32839e-06
9.28706e-06
8.50778e-06
3.5732e-06
0
4.90733e-07
3.36245e-07
1.84336e-06
7.75737e-06
1.03188e-05
9.86058e-06
9.15688e-06
8.00848e-06
5.04865e-06
1.19129e-06
0
0
0
0
0
0
0
0
0
0
0
0
0
0
0
9.79918e-09
1.82488e-08
2.10973e-08
1.80229e-08
9.03976e-09
0
0
0
0
0
0
0
0
0
0
1.94958e-08
3.61954e-08
4.363e-08
4.20212e-08
3.21639e-08
1.63707e-08
0
0
0
0
0
0
0
0
0
0
0
0
0
0
0
1.52176e-09
1.1595e-08
2.23436e-08
3.14989e-08
3.73949e-08
3.66697e-08
3.07308e-08
7.30368e-09
0
0
6.1915e-08
1.96811e-07
3.06558e-07
6.45279e-07
8.9592e-07
6.35006e-07
5.30599e-08
0
0
0
0
0
0
0
0
0
0
4.27008e-07
3.09316e-06
3.62378e-06
2.91387e-06
6.51036e-08
0
0
8.14833e-07
0
0
0
0
0
0
4.30621e-05
4.70806e-05
3.05002e-05
1.92825e-05
7.77648e-06
1.7765e-06
0
0
0
0
0
2.34472e-07
4.41522e-06
3.82364e-06
2.72601e-06
1.4554e-06
0
0
0
0
0
0
0
0
0
0
0
0
0
0
0
0
0
4.17656e-08
1.21145e-07
1.5875e-07
1.75487e-07
1.81306e-07
1.83236e-07
1.86509e-07
1.90869e-07
1.94743e-07
1.97666e-07
2.01223e-07
2.06492e-07
2.11548e-07
2.14842e-07
2.16452e-07
2.1611e-07
2.11272e-07
2.01987e-07
1.89242e-07
1.71367e-07
1.55897e-07
1.47004e-07
1.30345e-07
1.081e-07
9.31475e-08
8.12448e-08
5.46132e-08
0
0
0
0
0
0
0
0
0
0
0
0
5.59948e-07
4.81465e-07
1.12932e-06
2.81687e-06
4.43613e-06
2.08231e-06
0
0
0
1.50582e-06
8.00693e-06
9.3059e-06
2.7258e-06
3.79224e-07
1.98531e-08
0
3.53725e-09
0
0
0
0
0
0
0
0
0
0
0
0
0
0
0
0
0
0
0
0
0
0
0
0
0
0
0
0
0
0
1.00265e-08
1.71131e-08
1.83441e-08
1.28307e-08
1.79968e-09
0
0
0
0
0
0
0
0
0
0
0
0
0
0
0
0
0
0
0
0
4.6968e-09
1.77742e-08
2.41313e-08
3.88253e-08
7.25517e-08
2.27556e-07
4.6345e-07
7.54163e-07
1.42051e-06
2.17724e-06
2.17052e-06
9.65442e-07
0
0
0
0
4.45965e-07
9.07086e-07
9.48439e-07
5.7787e-07
0
0
0
1.08261e-06
3.85501e-06
4.55636e-06
1.18129e-06
0
0
0
0
0
0
0
0
0
1.53184e-05
6.13313e-05
3.70956e-05
7.81157e-06
1.05272e-06
3.55354e-08
0
1.57308e-07
5.19225e-07
3.91306e-07
0
0
2.28876e-07
3.84042e-07
3.32679e-07
1.38123e-07
0
0
0
0
0
0
0
0
0
0
0
0
0
0
0
9.48018e-08
1.95237e-07
2.55756e-07
2.55221e-07
2.28181e-07
2.04667e-07
1.93504e-07
1.93746e-07
2.00655e-07
2.08204e-07
2.12563e-07
2.12301e-07
2.08247e-07
2.02381e-07
1.95802e-07
1.88856e-07
1.81953e-07
1.74391e-07
1.64887e-07
1.5414e-07
1.41949e-07
1.27141e-07
1.15339e-07
1.08698e-07
9.72685e-08
8.14831e-08
6.75113e-08
5.83367e-08
3.55223e-08
0
0
0
0
0
0
0
0
0
0
0
3.3532e-07
2.74222e-07
1.14459e-07
1.52483e-07
4.48382e-07
8.66817e-07
5.90466e-07
0
0
1.5704e-09
4.39641e-07
2.40894e-06
1.41249e-05
2.42714e-06
7.31814e-08
0
0
8.15037e-09
0
0
0
0
0
0
0
0
0
0
0
0
0
0
0
0
0
0
0
0
0
0
0
0
0
0
0
0
0
0
0
0
0
0
0
0
0
0
0
0
0
0
0
0
0
0
0
0
0
0
0
0
0
0
0
0
0
0
3.77901e-08
1.08139e-07
3.08001e-07
6.51075e-07
1.22583e-06
2.92846e-06
8.02992e-06
9.18944e-06
6.02109e-06
3.29434e-06
4.80088e-07
0
0
1.72321e-06
4.66379e-06
6.33396e-06
5.37332e-06
1.02401e-06
0
0
0
0
5.44064e-06
6.78755e-06
0
0
0
2.86524e-06
8.74129e-06
0
0
0
0
6.85314e-06
3.99401e-05
3.34403e-05
3.30828e-06
2.67362e-08
0
0
3.03366e-07
7.76349e-07
8.73966e-07
0
0
0
0
0
0
0
0
0
0
0
0
0
0
0
0
0
0
1.63597e-07
3.78727e-07
4.24284e-07
3.29409e-07
3.04411e-07
2.87825e-07
2.43234e-07
1.98278e-07
1.74666e-07
1.73191e-07
1.8516e-07
1.99919e-07
2.10141e-07
2.127e-07
2.08356e-07
1.99906e-07
1.90482e-07
1.81195e-07
1.72253e-07
1.64612e-07
1.58089e-07
1.52368e-07
1.45761e-07
1.35559e-07
1.21663e-07
1.10776e-07
1.04672e-07
9.27995e-08
7.52518e-08
5.71163e-08
4.40868e-08
1.91953e-08
0
0
0
0
0
0
0
0
3.43707e-07
2.17379e-07
2.73048e-07
4.24746e-07
2.83284e-07
9.46748e-08
3.56012e-08
1.8095e-07
4.79028e-07
4.20476e-07
0
0
9.83265e-09
3.08752e-07
1.41468e-06
9.84731e-06
1.91861e-06
0
0
0
9.34356e-09
1.94499e-08
0
0
0
0
0
9.66251e-07
0
0
0
0
0
0
0
0
0
0
0
1.7905e-07
4.69444e-07
0
0
6.49522e-07
4.22845e-06
1.55357e-05
2.20781e-05
1.41649e-06
0
0
0
0
7.96249e-07
0
0
0
0
0
0
0
0
0
0
0
0
5.47121e-08
0
0
1.68556e-06
7.71304e-06
3.24646e-05
6.00484e-05
4.07444e-06
5.74451e-08
0
0
0
0
0
0
0
0
0
0
0
0
0
5.8379e-07
2.43481e-06
0
0
0
0
8.23454e-06
3.29376e-05
7.73624e-05
7.46989e-05
1.93676e-05
1.64395e-06
0
0
0
0
0
0
0
0
0
0
0
0
0
4.16024e-06
8.38015e-07
0
0
0
0
5.67793e-05
7.96783e-05
7.82795e-05
7.88838e-05
7.0298e-05
4.02656e-05
0
0
0
0
0
0
0
0
0
0
0
0
0
0
0
0
0
0
1.61091e-05
2.74662e-05
7.55094e-05
7.76476e-05
8.13786e-05
6.39224e-05
1.89476e-06
0
0
0
0
0
0
0
0
0
0
0
0
0
0
0
0
0
3.91577e-06
2.27271e-05
3.50643e-05
7.14499e-05
7.54284e-05
7.72518e-05
3.70552e-05
0
4.65013e-05
0
0
0
0
0
0
0
0
0
0
0
0
0
0
0
0
1.41337e-05
3.19857e-05
4.21757e-05
6.3308e-05
6.95392e-05
6.21723e-05
3.91013e-06
0
7.98157e-05
0
0
0
0
0
0
0
0
0
0
0
0
0
0
0
6.56745e-06
2.77278e-05
4.35271e-05
4.53383e-05
5.66646e-05
5.95339e-05
4.14472e-05
0
2.52714e-06
9.77691e-05
0
0
0
0
0
0
0
0
0
0
0
0
0
0
0
1.91449e-05
4.28396e-05
5.38324e-05
4.84614e-05
5.18536e-05
4.78936e-05
2.25421e-05
0
7.43242e-06
0.000106409
0
0
0
0
0
0
0
0
0
0
0
0
0
0
0
3.6347e-05
5.72282e-05
6.09765e-05
5.0806e-05
4.71357e-05
3.65396e-05
8.56098e-06
0
1.17053e-05
0.000107339
8.08443e-06
0
0
0
0
0
0
0
0
0
0
0
0
0
0
4.61473e-05
6.85038e-05
6.47772e-05
5.10174e-05
4.16547e-05
2.64494e-05
0
0
1.48345e-05
0.000103753
2.48492e-05
0
0
0
0
0
0
0
0
0
0
0
0
0
0
2.72466e-05
7.47917e-05
6.59203e-05
4.86601e-05
3.44089e-05
1.79962e-05
0
0
1.67484e-05
9.83655e-05
3.80377e-05
0
0
0
0
0
0
0
0
0
0
0
0
0
0
0
7.33432e-05
6.48582e-05
4.37088e-05
2.48499e-05
1.13853e-05
0
0
1.78541e-05
9.18893e-05
4.70572e-05
0
0
0
0
0
0
0
0
0
0
0
0
0
0
0
6.19648e-05
6.20557e-05
3.64118e-05
1.23261e-05
6.63532e-06
0
0
1.85268e-05
8.50042e-05
5.1823e-05
0
1.03089e-05
9.04866e-06
5.16748e-06
0
0
0
0
0
0
0
0
0
0
0
3.92292e-05
5.73221e-05
2.73043e-05
0
3.56632e-06
0
1.21608e-06
1.89527e-05
7.8129e-05
5.30866e-05
0
1.29852e-05
9.82559e-06
3.8623e-06
0
0
0
0
0
0
0
0
0
0
0
6.17013e-06
5.0423e-05
1.67425e-05
0
1.65075e-06
1.3656e-06
7.01136e-06
1.9286e-05
7.11729e-05
5.12044e-05
2.40751e-06
1.80081e-05
7.78237e-06
0
0
0
0
0
0
0
0
0
0
0
0
0
4.06742e-05
4.91277e-06
0
8.71851e-08
5.6209e-06
1.30771e-05
1.98089e-05
6.40409e-05
4.65294e-05
9.07263e-06
8.93587e-06
0
0
0
0
0
0
0
0
0
0
0
0
0
0
2.74355e-05
0
0
0
9.23853e-06
1.95533e-05
2.08976e-05
5.6617e-05
3.94443e-05
1.45489e-05
0
0
0
0
0
0
0
0
0
0
0
0
0
0
0
9.59215e-06
0
0
0
1.14391e-05
2.63336e-05
2.28616e-05
4.85708e-05
3.01487e-05
1.94111e-05
0
0
0
0
0
0
0
0
0
0
0
0
0
0
0
0
0
0
0
1.19617e-05
3.30224e-05
2.59327e-05
3.93477e-05
1.88683e-05
2.44436e-05
0
0
0
0
0
0
0
0
0
0
0
0
2.36255e-06
0
0
0
0
0
0
1.13463e-05
3.88287e-05
3.02711e-05
2.79359e-05
5.8567e-06
3.06459e-05
0
0
0
0
0
0
0
0
0
0
0
0
2.25368e-05
0
0
0
0
0
0
1.04531e-05
4.30557e-05
3.60573e-05
1.25018e-05
0
3.89129e-05
0
0
0
0
0
0
0
0
0
0
0
0
3.84605e-05
0
0
0
0
0
2.17351e-07
1.00143e-05
4.54309e-05
4.34839e-05
0
0
5.00552e-05
9.96158e-07
0
0
0
0
0
0
0
0
0
0
0
5.08291e-05
0
0
0
0
0
7.78132e-06
1.03384e-05
4.65579e-05
5.34269e-05
0
0
6.44441e-05
7.98945e-07
0
0
0
0
0
0
0
0
0
0
7.90764e-07
6.03383e-05
0
0
0
0
0
2.32457e-05
1.14353e-05
4.70948e-05
6.87903e-05
0
0
8.17204e-05
8.76033e-07
0
0
0
0
0
0
0
0
0
0
0
6.6757e-05
0
0
0
0
0
5.80448e-05
1.31576e-05
4.7568e-05
9.93577e-05
0
0
0.000100914
1.50002e-06
0
0
0
0
0
0
0
0
1.45167e-08
0
0
6.72652e-05
5.45463e-06
0
0.00023969
0
0
0.000140652
1.5065e-05
4.62687e-05
0.000170056
0
0
0.000118372
2.66385e-06
0
0
0
0
0
0
0
1.26629e-05
3.63418e-05
0
0
6.42428e-05
3.17613e-05
0
0.000329772
2.55044e-05
0
0.000224243
1.83043e-05
3.81707e-05
0.000187628
0
4.49743e-06
0.000140868
3.62724e-06
1.9941e-07
0
0
0
0
0
0
8.75996e-05
0.000154086
0
0
4.68951e-05
4.74978e-05
0
0.000208343
3.68907e-05
7.77027e-06
0.000114439
9.42137e-06
0
4.21366e-05
0
2.81109e-05
0.000147486
4.32071e-06
3.43287e-07
0
0
0
0
0
3.18196e-05
0.000177917
0.000351829
0
0
2.27667e-05
5.05832e-05
6.49086e-05
0.000116407
2.10139e-05
1.66869e-06
3.80193e-05
0
0
0
0
4.36961e-05
0.000147567
4.5275e-06
0
0
0
0
0
0
5.72904e-05
0.000187474
0.000197993
0
0
2.39902e-06
4.22397e-05
6.77682e-05
5.85079e-05
3.23264e-06
0
8.69917e-06
0
0
0
0
5.0493e-05
0.000142093
4.06602e-06
0
0
0
0
0
0
5.81476e-05
0.000131433
8.34041e-05
0
0
0
2.94275e-05
4.85703e-05
2.15085e-05
0
0
0
0
0
0
0
5.11264e-05
0.000134282
2.91257e-06
0
0
0
0
0
1.88401e-06
4.2623e-05
7.67197e-05
3.83972e-05
0
0
1.21869e-06
1.86021e-05
2.93663e-05
0
0
0
0
0
0
0
0
4.8699e-05
0.000126431
1.16528e-06
0
0
0
0
0
1.57547e-06
2.28552e-05
3.80797e-05
1.70382e-05
0
0
1.29776e-05
1.15413e-05
1.32756e-05
0
0
0
0
0
0
0
0
4.53267e-05
0.000119847
0
0
0
0
0
0
0
4.10293e-06
1.08463e-05
5.0178e-06
8.34628e-06
3.38873e-05
2.52037e-05
6.97099e-06
1.53544e-08
0
0
0
0
0
0
0
0
4.20647e-05
0.000114839
0
0
0
0
2.30809e-06
1.79152e-06
0
0
0
0
3.08059e-05
6.05148e-05
3.45275e-05
2.87487e-06
0
0
0
0
0
0
0
0
0
3.93673e-05
0.000110852
0
0
0
0
6.98413e-06
4.70099e-06
0
0
0
0
5.5447e-05
8.2063e-05
3.90109e-05
0
0
0
0
0
0
0
0
0
0
3.68555e-05
0.000106167
0
0
0
8.53592e-07
1.11455e-05
7.97551e-06
0
0
0
0
8.4133e-05
9.84784e-05
3.79308e-05
0
0
0
0
0
0
0
0
0
0
3.3934e-05
9.59544e-05
0
0
0
4.70986e-06
1.49064e-05
1.23537e-05
0
0
0
0
0.000115585
0.000107862
3.1232e-05
0
0
0
0
0
0
0
0
0
0
2.93623e-05
6.62216e-05
0
0
0
7.99177e-06
1.85592e-05
1.79275e-05
9.48456e-07
0
0
0
0.000147194
0.000107182
1.97524e-05
0
0
0
0
0
0
0
0
0
0
2.00158e-05
2.10805e-06
0
0
0
1.0274e-05
2.19564e-05
2.406e-05
9.32705e-06
0
0
0
0.000175713
9.50749e-05
5.23127e-06
0
0
0
0
0
0
0
0
0
0
2.06256e-06
0
0
0
8.84543e-07
1.15591e-05
2.46222e-05
3.06028e-05
2.01502e-05
0
0
0
0.000191748
7.10666e-05
0
0
0
0
0
0
0
0
0
0
0
8.12466e-06
6.16029e-06
0
3.20887e-06
5.34087e-06
1.17114e-05
2.49677e-05
3.52091e-05
3.08415e-05
0
0
0
0.000178466
4.03471e-05
0
0
0
0
0
0
0
0
0
0
0
3.0677e-05
1.25438e-05
3.11004e-07
1.02098e-05
1.13775e-05
1.28037e-05
2.40205e-05
3.74552e-05
3.9673e-05
1.81445e-05
0
0
0.00013801
1.4222e-05
0
0
0
0
0
0
0
0
0
0
0
2.37544e-05
1.42163e-05
6.33402e-06
1.8734e-05
1.87325e-05
1.58265e-05
2.27061e-05
3.73121e-05
4.49437e-05
3.39182e-05
0
0
8.76631e-05
0
0
0
0
0
0
0
0
0
0
0
0
1.70167e-05
1.04515e-05
1.36858e-05
2.72501e-05
2.54847e-05
2.03278e-05
2.23815e-05
3.55964e-05
4.65381e-05
4.30707e-05
1.02072e-05
0
4.67476e-05
0
0
0
0
0
0
0
0
0
0
0
0
1.26785e-05
0
2.1815e-05
3.22007e-05
2.83517e-05
2.42137e-05
2.38218e-05
3.37565e-05
4.55785e-05
4.61511e-05
2.6876e-05
0
1.75035e-05
0
0
0
0
0
0
0
0
0
0
0
0
5.72933e-06
0
2.40395e-05
2.69316e-05
2.10726e-05
1.80247e-05
2.45568e-05
3.32107e-05
4.3848e-05
4.5781e-05
3.44138e-05
0
0
0
0
0
0
0
0
0
0
0
0
0
0
0
0
4.4136e-06
7.92607e-06
2.92545e-06
0
2.7319e-06
3.38977e-05
4.25388e-05
4.44227e-05
3.63922e-05
1.05524e-06
0
0
0
0
0
0
0
0
0
0
0
0
7.37809e-07
0
0
3.91086e-07
0
0
0
0
1.28805e-05
4.20628e-05
4.34064e-05
3.65703e-05
8.06381e-06
0
0
0
0
0
0
0
0
0
0
0
0
0
0
0
3.99023e-07
0
0
0
0
3.60252e-06
2.8539e-05
4.23611e-05
3.76016e-05
1.38211e-05
0
0
0
0
0
0
0
0
0
0
0
0
0
1.50672e-07
0
7.66145e-08
0
0
0
0
2.43489e-06
9.70681e-06
3.51555e-05
3.91451e-05
2.2639e-05
0
0
0
0
0
0
0
0
0
0
0
0
0
1.55424e-07
0
0
0
0
0
0
3.31525e-06
4.72541e-06
9.23049e-06
2.5553e-05
2.86035e-05
0
0
0
0
0
0
0
0
0
0
0
0
2.43056e-08
1.19886e-07
0
0
0
0
0
1.00356e-06
6.03896e-06
4.77641e-06
2.89812e-06
1.50274e-06
6.36971e-07
3.62001e-07
0
0
0
0
0
0
0
0
0
0
0
0
7.91028e-08
0
0
0
0
0
2.76917e-06
1.23304e-05
1.07921e-05
2.91504e-06
2.15307e-07
3.31308e-08
6.63885e-08
1.43216e-07
1.23183e-07
0
0
0
0
0
0
0
0
0
0
2.47526e-08
0
1.41193e-07
6.42577e-08
0
0
2.89002e-07
4.91882e-06
2.39084e-05
4.95471e-06
5.18902e-08
0
4.52657e-08
1.15782e-07
1.44854e-07
9.07093e-08
0
0
0
0
0
0
0
0
0
0
0
3.62281e-07
2.41076e-07
0
0
0
2.01007e-06
2.36999e-05
5.77779e-06
0
0
4.56943e-08
1.29519e-07
1.53495e-07
1.31667e-07
0
0
1.13509e-07
3.094e-08
0
0
0
0
0
0
3.44963e-08
)
;

boundaryField
{
    inlet
    {
        type            calculated;
        value           nonuniform List<scalar> 
30
(
3.05707e-20
3.25439e-20
2.01857e-20
0
7.38789e-18
4.79265e-17
6.66957e-17
7.87193e-17
6.24906e-17
0
0
0
0
1.10061e-16
8.86316e-17
3.33206e-17
0
0
0
1.32564e-17
0
0
0
0
0
1.27867e-16
7.09711e-18
0
0
0
)
;
    }
    outlet
    {
        type            calculated;
        value           nonuniform List<scalar> 
57
(
0
0
0
0
0
0
0
0
0
0
0
0
0
0
0
1.34658e-18
5.07454e-18
8.13753e-18
1.08571e-17
1.36719e-17
1.7141e-17
2.17649e-17
2.79971e-17
3.60451e-17
4.57082e-17
5.64436e-17
6.6208e-17
7.19261e-17
7.5305e-17
7.53462e-17
7.25514e-17
6.85633e-17
6.45545e-17
6.11925e-17
5.86356e-17
5.65999e-17
5.42076e-17
4.89934e-17
3.38121e-17
1.07635e-18
0
3.14538e-18
6.69915e-18
7.9777e-18
6.1627e-18
0
0
0
0
0
0
0
0
0
0
0
3.68461e-20
)
;
    }
    upperWall
    {
        type            nutkWallFunction;
        blending        stepwise;
        Cmu             0.09;
        kappa           0.41;
        E               9.8;
        value           nonuniform List<scalar> 
223
(
0
0
0
0
0
0
0
0
0
0
0
0
0
0
0
0
0
0
0
0
0
0
0
0
0
0
0
0
0
0
0
0
0
0
0
0
0
0
0
0
0
0
0
0
0
0
0
0
0
0
0
0
0
0
0
0
0
0
0
0
0
0
0
0
0
0
0
0
0
0
0
0
0
0
0
0
2.39281e-06
2.09654e-06
0
0
0
0
0
0
0
0
0
0
0
0
0
3.63522e-07
5.45957e-07
1.78234e-07
0
0
0
0
0
0
0
0
2.961e-07
1.54377e-06
4.56019e-07
0
0
0
0
0
0
0
0
0
0
0
0
0
0
0
0
0
0
0
0
0
0
0
0
0
0
0
0
0
0
0
0
0
0
0
0
0
0
0
0
0
0
0
0
0
0
0
0
0
0
0
0
0
0
0
0
0
0
0
0
0
0
0
0
0
0
0
0
0
0
0
0
0
0
0
0
0
0
0
0
0
0
0
0
0
0
0
0
0
0
0
0
0
0
0
0
0
0
0
0
0
0
0
0
0
0
0
0
0
0
0
0
0
0
0
0
0
0
)
;
    }
    lowerWall
    {
        type            nutkWallFunction;
        blending        stepwise;
        Cmu             0.09;
        kappa           0.41;
        E               9.8;
        value           nonuniform List<scalar> 
250
(
0
0
0
0
0
0
0
0
0
0
0
0
0
0
0
0
0
0
0
0
0
0
0
0
0
0
0
0
0
0
0
0
0
0
0
0
0
0
0
0
0
0
0
0
0
0
0
0
0
0
0
0
0
0
0
0
0
0
0
0
0
0
0
0
0
0
0
0
0
0
0
0
0
0
0
0
0
0
0
0
0
0
0
0
0
2.53156e-06
4.15095e-06
5.2613e-06
5.21798e-06
4.48914e-06
3.05258e-06
1.42003e-06
9.9162e-07
8.23535e-07
7.61432e-07
7.32588e-07
6.55685e-07
5.42462e-07
4.69131e-07
4.48744e-07
4.47827e-07
4.82467e-07
4.97722e-07
4.99267e-07
4.67447e-07
4.06088e-07
3.19952e-07
2.20911e-07
9.09667e-08
0
0
0
0
0
0
0
0
0
0
0
0
0
0
0
0
0
0
0
0
0
0
0
0
0
0
0
0
0
0
0
0
0
0
0
0
0
0
0
0
0
0
0
0
0
0
1.45653e-06
2.27276e-06
3.91801e-06
5.54131e-06
5.93347e-06
5.55877e-06
4.26599e-06
3.48602e-06
3.20806e-06
3.1004e-06
2.98432e-06
2.85588e-06
2.681e-06
2.44829e-06
2.19708e-06
1.96549e-06
1.71622e-06
1.33777e-06
8.2272e-07
3.66572e-07
8.08509e-08
0
0
0
0
3.56412e-07
3.26694e-06
9.05603e-06
1.16687e-05
1.24633e-05
1.25562e-05
1.22338e-05
1.01376e-05
6.69643e-06
5.45388e-06
5.89137e-06
9.14416e-06
1.04288e-05
7.63233e-06
1.99277e-06
3.21098e-07
0
0
0
0
0
0
0
0
0
0
0
0
0
0
0
0
0
0
0
0
0
0
0
0
0
8.78081e-11
4.27946e-07
3.32475e-07
0
0
0
0
7.72793e-07
1.55766e-06
1.60386e-06
1.85722e-06
2.31922e-06
2.38605e-06
2.55758e-06
3.39076e-06
3.79791e-06
3.84365e-06
3.91949e-06
4.8384e-06
5.82837e-06
5.3197e-06
2.50924e-06
1.60135e-07
0
0
0
0
0
0
)
;
    }
    frontAndBack
    {
        type            empty;
    }
}


// ************************************************************************* //
