/*--------------------------------*- C++ -*----------------------------------*\
| =========                 |                                                 |
| \\      /  F ield         | OpenFOAM: The Open Source CFD Toolbox           |
|  \\    /   O peration     | Version:  2112                                  |
|   \\  /    A nd           | Website:  www.openfoam.com                      |
|    \\/     M anipulation  |                                                 |
\*---------------------------------------------------------------------------*/
FoamFile
{
    version     2.0;
    format      ascii;
    arch        "LSB;label=32;scalar=64";
    class       volScalarField;
    location    "0.41";
    object      nut;
}
// * * * * * * * * * * * * * * * * * * * * * * * * * * * * * * * * * * * * * //

dimensions      [0 2 -1 0 0 0 0];

internalField   nonuniform List<scalar> 
12225
(
0
0
0
0
0
0
0
0
0
0
0
0
0
0
0
0
6.75062e-07
2.87151e-06
0
0
0
0
0
0
0
0
0
0
0
0
0
0
0
1.39656e-08
8.89924e-07
2.88771e-06
0
0
0
0
0
0
0
2.84116e-09
4.48827e-09
0
0
0
0
0
0
1.21291e-07
7.17748e-07
2.11144e-06
1.50025e-06
2.18561e-06
0
0
0
0
2.15521e-08
4.51504e-08
2.34703e-08
0
0
0
0
0
5.30175e-08
1.42081e-07
2.41893e-07
8.23685e-07
2.64696e-05
0
2.10761e-06
3.40821e-05
2.18885e-05
3.83628e-05
5.98455e-05
2.48843e-05
6.43395e-06
1.89955e-05
2.25697e-05
1.44385e-05
7.01184e-06
3.34234e-06
1.78848e-06
9.2313e-07
3.9649e-07
1.74901e-07
7.97046e-05
0
0
1.30392e-05
1.75931e-05
8.68725e-06
2.40939e-05
4.8648e-05
4.65657e-05
2.75561e-05
2.55975e-05
2.14103e-05
1.4885e-05
9.04998e-06
4.85801e-06
2.55247e-06
1.34006e-06
6.72931e-07
4.01395e-05
0
0
0
1.92156e-05
3.24411e-06
1.20264e-05
3.65302e-05
9.0134e-05
5.64291e-05
2.87208e-05
1.66486e-05
1.00698e-05
6.09315e-06
3.41931e-06
1.68479e-06
5.69304e-07
1.78416e-07
0
0
0
0
5.2458e-06
3.71291e-06
1.76598e-05
3.185e-05
5.25603e-05
6.49668e-05
4.3256e-05
2.24728e-05
8.91636e-06
3.38732e-06
9.9537e-07
0
0
0
0
0
0
0
0
8.58141e-06
3.7335e-05
3.82161e-05
3.84338e-05
4.13036e-05
4.24337e-05
2.6514e-05
1.12763e-05
3.74291e-06
8.08238e-07
0
0
0
0
0
0
0
0
0
7.09603e-05
7.2694e-05
4.99269e-05
3.62541e-05
3.10238e-05
2.69854e-05
8.96752e-06
0
0
0
0
0
7.94919e-06
2.98522e-05
0
0
0
0
3.57541e-05
6.26452e-05
3.79046e-05
1.485e-05
1.21064e-05
1.31968e-05
1.03842e-05
3.83858e-06
0
0
0
0
0.000100596
4.26734e-05
2.62577e-05
3.04062e-05
0
0
0
0
0
0
5.50374e-06
7.25834e-06
5.118e-06
2.25576e-06
4.50392e-08
0
0
0
4.21612e-05
4.72003e-05
7.15767e-05
0.000111328
0
0
0
0
0
0
0
0
0
0
0
0
0
6.87117e-07
1.32697e-05
3.1037e-05
9.84466e-05
0.000111448
0
0
0
0
0
0
0
0
0
0
0
9.43158e-07
1.54156e-06
3.21095e-06
0
0
5.56462e-05
0
0
0
0
0
0
0
0
0
0
0
1.57124e-06
2.70216e-06
1.92816e-06
3.28365e-06
0
0
1.35138e-06
0
0
0
0
0
0
0
0
0
0
6.41742e-06
7.49466e-06
5.1605e-06
3.59922e-06
5.84377e-06
0
0
0
0
0
0
0
0
0
0
0
0
0
0
0
9.12435e-06
1.39151e-05
1.69138e-05
0
0
0
0
0
0
0
0
0
0
0
0
0
0
0
1.29778e-05
2.44492e-05
3.02587e-05
0
0
0
0
0
0
9.57601e-06
2.96811e-05
2.82786e-05
1.86211e-05
3.58158e-06
0
0
0
0
6.93183e-06
2.09905e-05
2.89126e-05
5.22915e-05
0
0
0
0
0
0
0
3.16315e-05
5.92569e-05
4.30043e-05
1.80312e-05
4.27832e-06
1.55824e-06
8.31258e-06
2.40001e-05
3.17198e-05
3.57805e-05
0.000195274
0.0001887
0
0
0
0
0
0
3.64516e-05
8.11735e-05
5.27296e-05
1.85855e-05
1.39347e-05
2.52884e-05
3.90754e-05
5.28072e-05
5.74967e-05
4.81039e-05
0.000124848
8.49616e-05
0
0
0
0
0
0
0
0
0
0
0
2.01637e-05
3.24336e-05
3.19625e-05
1.64311e-05
0
0
0
0
0
0
0
1.21397e-05
7.3465e-06
0
0
0
0
0
1.14559e-06
1.8736e-05
2.09853e-05
1.02335e-05
0
0
5.61079e-06
0
0
2.89889e-05
3.68096e-05
2.74176e-06
0
0
0
0
0
0
0
0
0
0
0
4.63657e-05
6.75819e-05
0
0
0
1.3035e-05
1.86038e-05
0
0
0
0
0
0
0
0
0
0
0
7.15954e-05
0
4.93939e-05
0
5.14918e-05
0.000194772
3.14983e-05
0
0
0
0
0
0
0
0
0
0
0
2.05669e-05
0
0
0
0
0
0
0
4.62298e-07
9.41821e-07
1.02332e-06
9.61662e-07
8.2152e-07
5.38191e-07
2.12807e-07
0
0
0
9.51124e-08
0
0
0
0
0
0
0
0
0
5.51992e-09
2.04528e-08
3.47626e-08
3.85729e-08
3.02328e-08
1.40457e-08
0
0
7.6736e-09
0
0
0
0
0
0
0
0
0
0
0
0
0
0
0
0
0
0
0
0
0
0
0
0
0
0
0
0
0
0
0
0
0
0
0
0
5.98891e-06
1.65953e-05
1.25437e-05
0
0
0
0
0
0
0
0
2.83093e-06
3.89837e-06
2.01166e-06
3.17713e-08
0
0
0
0
0
1.52933e-06
2.97246e-06
1.35009e-05
4.23537e-05
3.08475e-05
1.00247e-05
1.91541e-06
4.45822e-06
3.85597e-05
0.000110782
0.000145337
0.000123099
8.21532e-05
3.91887e-05
1.3073e-05
3.18051e-06
0
0
0
2.72335e-07
7.80428e-07
1.17286e-06
1.46532e-06
1.66989e-06
1.8015e-06
1.8741e-06
1.8908e-06
1.8608e-06
1.78742e-06
1.67144e-06
1.51223e-06
1.31843e-06
1.08953e-06
8.38934e-07
5.63933e-07
2.64622e-07
0
0
0
0
0
0
0
0
0
0
0
0
0
0
0
0
0
0
0
0
0
0
0
0
0
0
0
0
0
0
0
0
5.18957e-07
7.51369e-07
0
0
0
0
0
2.21914e-05
1.40376e-05
4.15908e-06
0
4.4077e-06
5.52998e-05
0.000155557
0.000202609
0.000103763
2.97952e-05
6.19673e-06
1.35839e-06
8.91405e-07
1.03658e-06
1.10768e-06
1.05373e-06
9.18181e-07
7.41588e-07
5.47569e-07
3.4996e-07
1.51227e-07
0
0
0
0
0
0
0
0
0
0
0
0
0
0
0
0
0
0
0
0
0
0
0
0
0
0
0
0
0
0
0
0
0
0
0
0
0
0
0
0
0
1.29626e-07
0
0
0
0
0
0
0
0
0
0
0
1.39521e-06
2.52384e-06
7.79458e-06
4.25299e-05
0.000116352
4.13767e-05
6.72178e-06
1.57403e-06
8.67441e-07
1.69288e-06
0
0
7.78784e-06
1.25335e-05
0
0
0
0
0
0
0
0
2.96378e-06
4.24513e-06
3.74176e-06
2.08966e-06
4.44002e-07
0
0
0
5.64739e-07
4.21097e-06
4.83125e-06
3.17135e-06
3.337e-06
1.68249e-06
0
0
1.36676e-05
2.70979e-05
2.79921e-05
2.01092e-05
1.38773e-05
1.24876e-05
1.06086e-05
6.6755e-06
3.08573e-06
1.06315e-06
2.53545e-07
2.76069e-07
6.23625e-07
1.01577e-06
1.34296e-06
1.60207e-06
1.79008e-06
1.91884e-06
1.98922e-06
2.01431e-06
1.99509e-06
1.93195e-06
1.82229e-06
1.66435e-06
1.46444e-06
1.22085e-06
9.44866e-07
6.36954e-07
3.00949e-07
0
0
0
0
0
0
0
0
0
0
0
0
0
0
0
0
0
0
0
1.294e-07
6.81333e-07
0
0
0
0
0
0
0
0
0
0
0
5.66833e-07
1.08167e-06
0
0
0
0
0
0
1.49053e-05
9.60081e-06
5.88068e-06
2.85279e-05
8.86743e-05
0.000111398
7.68193e-05
3.91249e-05
1.90272e-05
7.86885e-06
3.07283e-06
1.8942e-06
1.63934e-06
1.47556e-06
1.27336e-06
1.05266e-06
8.20218e-07
5.95887e-07
3.78765e-07
1.68981e-07
0
0
0
0
0
0
0
0
0
0
0
0
0
0
0
0
0
0
0
0
0
0
0
0
0
0
0
0
0
0
0
0
0
0
0
0
0
0
0
0
0
0
0
0
0
0
0
0
0
0
0
0
0
8.77258e-07
2.49032e-06
1.23714e-05
7.3903e-05
0.000105991
4.59219e-05
1.31011e-05
3.62455e-06
1.48974e-06
2.41122e-06
0
1.76376e-06
4.4865e-06
0
0
0
0
0
0
0
0
2.99924e-06
5.31413e-06
6.04653e-06
5.31695e-06
3.38863e-06
8.66358e-07
0
0
0
0
3.53831e-06
3.7915e-06
0
0
0
0
0
0
2.37656e-06
6.50315e-06
6.40254e-06
3.91903e-06
3.55882e-06
3.75576e-06
1.88857e-06
3.93346e-07
0
0
0
0
2.92648e-07
5.98733e-07
9.22323e-07
1.22791e-06
1.49887e-06
1.73199e-06
1.91567e-06
2.04172e-06
2.10581e-06
2.09348e-06
1.99538e-06
1.80142e-06
1.51618e-06
1.15696e-06
7.5709e-07
3.4139e-07
0
0
0
0
0
0
0
0
0
0
0
0
0
0
2.15763e-07
1.5667e-06
2.64755e-06
3.40059e-06
3.76125e-06
3.74718e-06
3.70021e-06
3.77803e-06
3.56293e-06
2.44503e-06
1.63266e-07
0
0
0
0
0
0
0
0
2.14741e-06
0
0
0
0
0
0
0
0
0
3.41628e-06
1.28931e-05
1.66791e-05
1.51109e-05
1.27393e-05
9.6918e-06
7.1651e-06
5.86721e-06
5.146e-06
4.4133e-06
3.60405e-06
2.81999e-06
2.12603e-06
1.5344e-06
1.04024e-06
6.36632e-07
3.10369e-07
1.38531e-09
0
0
0
0
0
0
0
0
0
0
0
0
0
0
0
0
0
0
0
0
0
0
0
0
0
0
0
0
0
0
0
0
0
0
0
0
0
0
0
0
0
0
0
0
0
0
0
0
0
0
0
0
1.40395e-06
7.434e-06
3.3556e-05
6.74501e-05
5.46186e-05
3.40021e-05
2.41728e-05
1.34909e-05
5.69936e-06
4.81168e-06
8.61289e-06
2.02709e-05
1.41241e-05
7.72586e-06
4.15522e-06
1.55851e-06
1.31477e-07
0
1.32571e-06
5.46763e-06
1.0769e-05
1.39572e-05
1.3459e-05
1.05774e-05
6.88672e-06
3.18709e-06
0
0
0
0
0
0
0
0
0
0
0
0
0
0
1.98652e-07
1.6123e-06
7.02538e-07
0
0
0
0
0
0
0
0
0
0
0
0
0
0
0
0
0
0
0
0
0
0
0
0
0
0
0
9.49269e-08
1.35361e-06
2.10246e-06
2.51425e-06
2.73962e-06
2.90114e-06
3.06335e-06
3.27211e-06
3.56315e-06
3.91236e-06
4.29789e-06
4.63631e-06
4.86339e-06
4.96301e-06
4.91523e-06
4.66981e-06
4.22916e-06
3.92976e-06
4.08598e-06
4.39304e-06
4.31376e-06
3.65171e-06
2.51776e-06
1.17734e-06
0
0
0
0
0
0
0
6.84478e-07
0
0
0
1.42351e-06
0
0
0
0
9.56831e-07
3.36791e-06
4.11118e-06
4.61169e-06
5.35077e-06
5.35861e-06
5.10848e-06
4.54281e-06
4.07932e-06
4.00845e-06
4.40416e-06
5.17172e-06
6.06369e-06
6.66966e-06
6.84246e-06
5.72572e-06
2.07292e-06
0
0
0
0
0
0
0
0
0
0
0
0
0
0
0
0
0
0
0
0
0
0
0
0
0
0
0
0
0
0
0
0
0
0
0
0
0
0
0
0
2.24968e-07
0
0
0
0
0
0
0
0
0
0
0
0
1.13872e-05
1.29294e-05
2.72908e-05
4.07615e-05
3.16164e-05
2.77767e-05
2.70124e-05
2.42284e-05
2.05992e-05
1.85607e-05
2.38823e-05
1.6644e-05
1.51195e-05
1.39425e-05
1.24201e-05
1.08376e-05
9.08423e-06
8.13029e-06
1.34772e-05
3.12316e-05
3.66762e-05
2.91843e-05
2.13085e-05
1.53189e-05
1.07816e-05
6.8292e-06
3.03899e-06
0
0
0
0
0
0
0
0
0
0
0
0
0
0
0
0
0
0
0
0
0
0
0
0
0
0
0
0
0
0
0
0
0
0
0
0
0
0
0
0
0
0
0
0
0
0
5.85857e-07
8.44415e-07
9.27537e-07
9.46189e-07
9.77672e-07
1.09198e-06
1.37718e-06
1.93096e-06
2.70666e-06
3.51066e-06
4.13767e-06
4.45078e-06
4.39824e-06
4.0059e-06
3.58097e-06
3.55862e-06
3.77276e-06
3.66176e-06
2.91588e-06
1.68285e-06
5.03622e-07
0
0
0
0
0
0
0
0
0
1.84785e-07
1.80156e-06
1.93187e-06
0
0
0
5.29812e-08
3.52437e-06
4.48377e-06
4.10747e-06
4.33047e-06
4.1781e-06
2.70358e-06
2.07433e-06
2.51641e-06
3.34692e-06
4.38954e-06
5.54637e-06
6.40582e-06
6.97562e-06
6.92295e-06
5.72463e-06
2.84278e-06
0
0
0
0
0
0
0
0
0
0
0
0
0
0
0
0
0
0
0
0
0
0
0
0
0
0
0
0
0
0
0
0
0
0
0
0
0
0
0
0
0
0
0
0
0
0
0
0
2.12358e-07
3.6228e-06
4.18222e-06
2.64671e-06
2.01121e-06
2.39898e-05
3.85612e-06
9.0539e-06
2.49362e-05
3.24785e-05
2.49554e-05
2.57072e-05
2.71452e-05
2.16065e-05
1.04496e-05
0
1.10728e-05
1.21185e-05
1.13589e-05
1.06908e-05
1.10138e-05
1.11379e-05
1.10098e-05
2.85971e-05
5.98638e-05
5.23546e-05
4.72344e-05
4.31666e-05
3.7529e-05
3.10195e-05
2.54821e-05
2.0323e-05
1.49185e-05
8.17352e-06
1.1854e-06
0
0
0
0
0
0
0
0
0
0
0
0
0
0
0
0
0
0
0
0
0
0
0
0
0
0
0
0
0
0
0
0
0
1.88302e-06
6.30449e-06
7.96599e-06
0
0
0
0
0
0
0
0
6.03588e-07
8.24705e-07
7.70952e-07
5.60225e-07
2.49385e-07
0
0
0
0
6.49328e-07
1.96626e-06
3.08333e-06
3.64372e-06
3.58738e-06
3.26898e-06
3.18049e-06
3.27065e-06
3.2333e-06
2.69025e-06
1.53772e-06
4.96608e-07
0
0
0
0
0
0
0
0
0
0
5.9244e-07
1.00827e-06
0
0
0
1.05219e-06
3.63347e-06
3.68887e-06
3.06734e-06
2.43742e-06
1.70807e-06
1.97809e-06
3.02253e-06
4.16779e-06
5.42881e-06
6.15742e-06
6.52711e-06
6.61832e-06
5.83924e-06
3.66933e-06
5.27528e-07
0
0
0
5.86628e-08
0
0
0
0
0
0
0
0
0
0
0
0
0
0
0
0
0
0
0
0
0
0
0
0
0
0
0
0
0
0
0
0
0
0
0
0
0
0
0
0
0
0
9.38966e-07
1.70981e-06
7.76108e-07
2.4258e-06
4.32021e-06
3.96742e-06
1.50411e-06
0
7.10544e-06
1.22032e-06
8.80153e-06
2.44375e-05
2.70201e-05
2.17237e-05
2.53784e-05
2.6682e-05
1.41963e-05
0
0
4.91268e-06
9.0772e-06
1.02327e-05
1.0439e-05
9.71597e-06
1.11579e-05
6.04163e-05
7.14875e-05
6.48344e-05
6.36539e-05
6.35029e-05
5.8626e-05
4.90801e-05
4.00301e-05
3.38572e-05
2.92834e-05
2.49096e-05
1.79621e-05
8.11571e-06
1.44518e-07
0
0
0
0
0
0
0
0
0
0
0
0
0
0
0
0
0
0
0
0
0
0
0
0
0
0
0
0
0
0
1.20322e-06
6.59591e-06
1.51818e-05
2.74222e-05
8.25642e-06
0
0
0
0
0
0
0
1.04451e-06
1.86279e-06
2.08886e-06
2.01795e-06
1.78352e-06
1.39817e-06
8.41646e-07
2.33625e-08
0
0
0
0
3.03174e-07
1.86269e-06
2.58668e-06
2.69686e-06
2.75522e-06
2.75215e-06
2.71203e-06
2.50127e-06
1.47767e-06
2.54648e-07
0
0
0
0
0
0
0
0
0
0
0
6.60496e-07
0
0
0
1.08181e-06
2.60919e-06
1.97262e-06
6.96127e-07
1.53452e-07
1.17068e-06
2.82915e-06
4.51637e-06
6.00926e-06
6.44244e-06
6.01032e-06
4.93929e-06
3.03975e-06
7.35428e-07
0
0
0
0
0
2.11241e-05
1.17811e-05
4.62525e-06
0
0
0
0
0
0
0
0
0
0
0
0
0
0
0
0
0
0
0
0
0
0
0
0
0
0
0
0
0
0
0
0
0
0
0
0
0
0
0
0
5.66719e-07
2.40492e-06
0
8.78506e-07
3.13238e-06
3.11408e-06
0
0
0
7.70622e-07
9.97027e-06
2.48423e-05
2.32039e-05
1.86542e-05
2.41892e-05
2.09384e-05
1.00581e-06
0
0
1.0433e-06
2.40834e-06
6.48672e-06
1.47438e-05
0
0
6.39038e-05
0.000108004
9.51964e-05
7.58707e-05
5.98893e-05
4.92501e-05
4.25499e-05
3.81903e-05
3.52107e-05
3.30586e-05
3.1143e-05
2.67555e-05
1.67159e-05
5.50121e-06
0
0
0
0
0
0
0
0
0
0
0
0
0
0
0
0
0
0
0
0
0
0
0
0
0
0
0
0
0
2.93609e-06
7.89489e-06
1.44926e-05
2.02326e-05
7.02291e-06
0
0
0
0
0
0
0
0
5.82264e-08
1.13745e-06
1.46835e-06
1.59507e-06
1.77836e-06
1.99294e-06
2.11625e-06
1.9644e-06
1.19511e-06
0
0
0
0
0
3.7582e-07
1.41131e-06
1.92629e-06
2.06302e-06
2.02771e-06
2.23824e-06
1.42387e-06
0
0
0
0
0
0
0
0
0
0
0
0
4.17777e-08
0
0
0
5.42369e-07
1.48483e-06
5.49666e-07
0
0
1.42732e-06
3.75903e-06
5.74077e-06
6.62568e-06
5.79213e-06
3.49174e-06
2.04438e-07
0
0
0
0
0
0
0
1.6981e-05
9.47913e-06
3.78442e-06
0
0
0
0
0
0
0
0
0
0
0
0
0
0
0
0
0
0
0
0
0
0
0
0
0
0
0
0
0
0
0
0
0
0
0
0
0
9.47976e-06
1.80356e-05
0
2.06835e-05
3.12366e-05
3.97781e-05
0
0
0
0
0
0
8.09922e-07
1.14689e-05
2.4931e-05
2.09173e-05
1.54936e-05
2.06149e-05
1.04399e-05
0
0
0
2.33566e-07
6.94025e-07
3.00926e-06
0
0
0
2.21713e-05
6.8786e-05
8.25878e-05
7.0848e-05
5.73701e-05
4.83368e-05
4.24762e-05
3.84761e-05
3.60121e-05
3.47343e-05
3.39097e-05
3.15735e-05
2.33697e-05
1.08562e-05
1.51428e-06
0
0
0
0
0
0
0
0
0
0
0
0
0
0
0
0
0
0
0
0
0
0
0
0
0
0
4.88623e-07
2.67153e-06
4.73255e-06
5.68545e-06
3.31402e-06
0
0
0
0
0
0
0
0
0
0
0
0
0
0
0
0
0
6.69064e-07
1.48154e-06
1.67146e-06
5.84905e-07
0
0
0
0
0
6.36181e-07
1.33122e-06
1.53879e-06
2.44646e-06
1.9959e-06
0
0
0
0
0
0
0
0
0
0
0
0
0
0
0
0
5.48098e-08
4.91444e-07
0
0
0
1.74888e-06
4.41634e-06
6.28511e-06
6.16393e-06
3.59787e-06
0
0
0
4.42198e-07
0
0
0
0
1.19537e-06
7.34784e-06
6.4051e-06
3.70362e-06
8.53172e-07
0
0
0
0
0
0
0
0
0
0
0
0
0
0
0
0
0
0
0
0
0
0
0
0
0
0
0
0
0
0
1.3658e-08
4.21962e-07
1.76187e-07
0
0
2.2291e-06
6.62073e-06
6.97719e-06
0
1.06196e-07
2.79634e-05
2.81939e-05
0
0
0
0
0
0
7.46639e-07
1.25308e-05
2.4222e-05
1.93552e-05
1.22635e-05
1.44341e-05
0
0
0
0
0
1.65241e-07
1.34803e-06
0
3.94733e-06
1.84386e-05
4.00218e-05
6.21583e-05
6.74909e-05
6.01423e-05
5.23288e-05
4.60435e-05
4.12925e-05
3.74179e-05
3.49608e-05
3.41718e-05
3.47907e-05
3.51184e-05
2.93315e-05
1.51839e-05
2.51649e-06
0
0
0
0
0
0
0
0
0
0
0
0
0
0
0
0
0
0
0
0
0
0
0
0
0
4.788e-07
1.19541e-06
1.13148e-06
0
0
0
0
0
0
0
0
0
0
0
0
0
0
0
0
0
0
0
0
0
0
0
9.02621e-07
3.30248e-07
0
0
0
0
0
2.75943e-07
1.50888e-06
3.88206e-06
3.88886e-06
9.21784e-07
0
0
0
0
0
0
0
0
0
0
0
0
0
0
0
0
0
0
0
0
1.94886e-06
4.73897e-06
6.16672e-06
4.88383e-06
9.85336e-08
0
0
0
1.4068e-06
0
0
0
0
3.49424e-06
7.16733e-06
7.8045e-06
6.26476e-06
3.82054e-06
1.2189e-06
0
0
0
0
0
0
0
0
0
0
0
0
0
0
0
0
0
0
0
0
0
0
0
0
0
0
0
0
1.18408e-07
9.49462e-07
1.71659e-06
2.41414e-06
2.69855e-06
3.01462e-06
4.67352e-06
4.64214e-06
2.96387e-06
3.58474e-06
0
0
0
0
0
0
0
0
0
3.41632e-07
1.28555e-05
2.27725e-05
1.73677e-05
8.71274e-06
6.63124e-06
0
0
0
0
0
0
0
5.3957e-06
1.08681e-05
1.83756e-05
2.87906e-05
3.89633e-05
4.32724e-05
4.30264e-05
4.1362e-05
3.87871e-05
3.62202e-05
3.44078e-05
3.3795e-05
3.47956e-05
3.76381e-05
4.14175e-05
3.63207e-05
1.5027e-05
0
0
0
0
0
0
0
0
0
0
0
0
0
0
7.23438e-07
1.19228e-06
7.74316e-07
2.43839e-07
0
0
0
0
0
2.41965e-07
6.81377e-07
1.10641e-06
1.20817e-06
6.14514e-07
0
0
0
0
0
0
0
0
0
0
0
0
0
0
0
0
0
0
0
0
0
0
0
0
0
1.52594e-07
0
0
0
0
0
0
4.65263e-07
5.86249e-06
6.51307e-06
2.10575e-06
0
1.34877e-06
4.62576e-06
0
0
0
0
0
0
0
0
0
0
0
0
0
0
0
0
0
1.90462e-06
4.76893e-06
5.65296e-06
2.944e-06
0
0
0
0
1.09452e-06
0
0
0
1.75278e-06
5.20425e-06
7.59881e-06
8.13522e-06
6.95143e-06
4.73219e-06
2.17779e-06
6.8656e-09
0
0
0
0
0
0
0
0
0
0
0
0
0
0
0
0
0
0
0
0
0
0
0
0
0
0
0
2.50329e-07
1.46319e-06
2.35839e-06
3.19633e-06
3.87432e-06
4.49278e-06
6.00712e-06
4.87607e-06
1.05656e-06
5.0163e-06
3.31585e-05
2.75366e-05
0
0
0
0
0
0
0
0
1.25362e-05
2.06333e-05
1.44438e-05
4.8656e-06
0
0
0
0
0
0
0
0
2.57618e-06
6.9612e-06
1.15768e-05
1.72431e-05
2.22879e-05
2.57867e-05
2.79694e-05
2.87431e-05
2.8777e-05
2.89868e-05
2.97177e-05
3.12676e-05
3.43955e-05
4.01992e-05
4.84209e-05
3.77381e-05
3.59912e-06
0
0
3.92993e-06
4.76013e-06
1.24772e-06
0
0
0
0
0
0
0
0
7.3842e-07
1.54818e-06
2.18083e-06
2.61152e-06
2.62121e-06
2.48343e-06
2.41502e-06
2.35808e-06
2.28543e-06
2.26939e-06
2.31283e-06
2.27398e-06
1.95824e-06
1.19177e-06
0
0
0
0
0
0
0
0
0
0
0
0
0
0
0
4.78954e-07
4.39025e-07
0
0
0
0
0
1.01301e-06
1.12741e-06
0
0
0
0
0
0
0
0
0
0
0
0
0
0
1.37841e-06
6.50361e-06
4.72269e-06
0
0
0
0
0
0
0
0
0
0
0
0
0
0
0
0
1.67922e-06
4.54042e-06
4.74424e-06
5.24664e-07
0
0
0
0
5.10239e-07
0
0
7.80054e-07
4.58325e-06
6.91732e-06
7.35997e-06
6.89383e-06
5.76047e-06
4.1703e-06
2.10414e-06
4.69304e-08
0
0
0
0
0
0
0
0
0
0
0
0
0
0
0
0
0
0
0
0
0
0
0
0
0
0
0
0
1.58265e-06
2.68011e-06
3.60006e-06
4.36701e-06
5.1429e-06
6.41054e-06
6.37918e-06
0
0
2.84833e-05
1.54769e-05
1.20366e-05
0
0
0
0
0
0
0
1.17045e-05
1.80922e-05
1.0681e-05
1.13646e-06
0
0
0
0
0
0
0
0
1.23148e-07
3.79022e-06
6.24003e-06
9.11478e-06
1.18637e-05
1.4176e-05
1.61274e-05
1.7679e-05
1.89414e-05
2.04802e-05
2.24673e-05
2.50564e-05
2.91353e-05
3.61671e-05
4.65094e-05
1.40767e-05
0
2.54955e-06
6.50588e-06
8.03677e-06
6.7164e-06
3.99123e-06
3.50949e-06
6.41181e-06
7.61497e-06
6.23745e-06
2.44364e-06
0
0
0
0
0
0
6.04437e-07
1.0631e-06
1.32185e-06
1.62468e-06
2.00253e-06
2.38678e-06
2.72396e-06
2.93441e-06
2.92156e-06
2.61657e-06
1.96518e-06
8.98367e-07
0
0
0
0
0
0
0
0
0
0
0
1.38694e-07
2.75718e-06
2.91676e-06
2.52521e-06
1.75896e-06
6.35281e-07
0
0
0
0
0
4.13966e-07
1.33063e-06
0
0
0
0
0
0
0
0
0
0
0
0
0
0
2.60055e-06
6.39144e-06
4.0436e-06
0
0
0
0
0
0
0
0
0
0
0
0
0
0
0
1.3508e-06
4.08041e-06
3.51482e-06
0
0
0
0
1.16714e-07
6.65001e-07
0
0
3.21998e-06
7.48257e-06
9.0101e-06
7.59712e-06
5.48948e-06
3.75537e-06
2.64097e-06
1.45978e-06
1.40242e-08
0
0
0
0
0
0
0
0
0
0
0
0
0
0
0
0
0
0
0
0
0
0
0
0
0
0
0
0
1.10992e-06
2.93895e-06
3.95993e-06
4.71787e-06
5.39701e-06
6.35787e-06
6.63007e-06
3.19699e-07
0
0
0
2.45602e-05
0
0
0
0
0
0
0
1.04028e-05
1.52798e-05
6.48273e-06
0
0
0
0
0
0
0
0
0
0
1.0076e-06
2.16652e-06
3.48536e-06
4.66137e-06
5.67743e-06
6.84792e-06
8.39978e-06
1.01418e-05
1.21314e-05
1.43316e-05
1.69208e-05
2.08677e-05
2.77031e-05
2.91107e-05
9.40858e-07
6.05014e-06
8.65546e-06
9.78034e-06
9.36996e-06
8.01333e-06
6.00953e-06
5.56054e-06
5.44739e-06
5.35053e-06
5.37455e-06
4.40104e-06
1.78003e-06
0
0
0
0
0
2.35467e-07
5.54134e-07
7.76013e-07
9.99201e-07
1.25633e-06
1.49795e-06
1.67602e-06
1.78855e-06
1.85927e-06
1.88493e-06
1.75934e-06
1.3394e-06
4.74344e-07
0
0
0
0
0
0
0
0
0
2.74063e-06
7.15462e-06
5.46195e-06
3.46786e-06
2.38399e-06
1.80392e-06
1.47047e-06
1.13427e-06
1.80131e-06
3.62142e-06
1.74895e-06
0
0
0
0
0
0
0
0
0
0
0
0
0
0
0
0
0
0
1.21941e-06
4.81347e-06
3.0014e-06
0
0
0
0
0
6.56686e-07
0
0
0
0
0
0
0
0
9.81589e-07
3.50541e-06
2.21853e-06
0
0
0
0
1.00144e-06
1.77359e-06
1.00517e-06
9.85915e-07
3.81728e-06
8.253e-06
9.44716e-06
7.0232e-06
3.44761e-06
7.84257e-07
0
0
0
0
0
0
0
0
0
0
0
0
0
0
0
0
0
0
0
0
0
0
0
0
0
0
0
0
0
0
0
0
2.88842e-06
4.26624e-06
4.83431e-06
5.13575e-06
5.48183e-06
5.13925e-06
2.45671e-07
0
0
0
8.69161e-06
3.35818e-06
0
0
0
0
0
0
8.52168e-06
1.21749e-05
2.35306e-06
0
0
0
0
0
0
0
0
0
0
0
0
0
0
2.42762e-08
7.92282e-07
1.9706e-06
3.43707e-06
5.08507e-06
6.98904e-06
9.38904e-06
1.30832e-05
1.93125e-05
7.2175e-06
8.14554e-06
9.71982e-06
1.06931e-05
1.11381e-05
1.07482e-05
9.59055e-06
8.9247e-06
8.21655e-06
6.64171e-06
5.31788e-06
4.81652e-06
4.3669e-06
3.24809e-06
1.60171e-06
4.29509e-07
1.11558e-07
1.40257e-07
2.29183e-07
4.23013e-07
7.02766e-07
9.98076e-07
1.29851e-06
1.60482e-06
1.8596e-06
1.97996e-06
1.96794e-06
1.88139e-06
1.72852e-06
1.43148e-06
8.7823e-07
0
0
0
0
0
0
0
0
0
0
1.14453e-05
6.98385e-06
3.10606e-06
1.36716e-06
1.30874e-06
2.18103e-06
3.41007e-06
2.23567e-06
5.2233e-06
7.50714e-06
4.4332e-06
0
0
0
0
0
0
0
0
0
0
0
0
0
0
0
0
0
0
0
0
2.86678e-06
3.11333e-06
2.13856e-07
0
0
0
3.20608e-06
1.56949e-05
6.32499e-06
5.71739e-07
0
0
0
0
0
5.3919e-07
3.09244e-06
1.52274e-06
0
0
0
0
3.5611e-06
4.99686e-06
4.87159e-06
4.16343e-06
4.79702e-06
7.91303e-06
8.6041e-06
5.63574e-06
1.09626e-06
0
0
0
0
0
0
0
0
0
0
0
0
0
0
0
0
0
0
0
0
0
0
0
0
0
0
0
0
0
0
0
0
0
2.11483e-06
4.29423e-06
4.88161e-06
4.8407e-06
4.55516e-06
3.42635e-06
0
0
0
0
5.28939e-06
3.22468e-06
0
0
0
0
0
0
6.03428e-06
8.75199e-06
0
0
0
0
0
0
0
0
0
0
0
0
0
0
0
0
0
6.82576e-07
1.95547e-06
3.3941e-06
5.15237e-06
7.59559e-06
1.17177e-05
9.32146e-06
5.12275e-06
7.0749e-06
8.52558e-06
9.90662e-06
1.06235e-05
1.02729e-05
9.694e-06
9.91679e-06
9.7397e-06
8.82547e-06
7.64787e-06
6.65848e-06
5.92512e-06
5.13052e-06
3.94067e-06
2.6849e-06
1.66493e-06
8.19597e-07
1.1003e-07
0
0
0
0
0
5.29711e-07
1.22503e-06
1.82562e-06
2.28094e-06
2.56107e-06
2.62157e-06
2.39834e-06
1.80207e-06
6.94648e-07
0
0
0
0
0
0
0
2.2623e-05
1.12772e-05
4.6941e-06
2.19589e-06
2.24437e-06
3.76364e-06
5.51949e-06
4.4681e-06
2.72362e-06
9.48603e-06
8.72565e-06
4.76954e-06
0
0
0
0
0
0
0
0
0
0
0
0
0
0
0
0
0
0
0
0
0
2.27313e-06
4.56499e-06
3.31477e-06
1.89368e-06
3.04375e-06
6.78828e-06
1.92854e-05
1.63656e-05
3.90194e-06
0
0
0
0
0
0
2.79312e-06
1.68098e-06
0
0
0
1.16025e-06
7.5464e-06
1.06919e-05
1.25602e-05
1.37495e-05
1.41908e-05
1.50169e-05
1.33566e-05
7.45737e-06
0
0
0
0
0
0
0
3.2784e-07
5.26338e-07
0
0
0
0
0
0
0
0
0
0
0
0
0
0
0
0
0
0
0
0
0
0
0
0
0
5.3417e-07
3.92257e-06
4.88455e-06
4.58311e-06
3.70248e-06
1.89198e-06
0
0
0
0
3.36951e-06
1.05869e-06
0
0
0
0
0
0
3.05378e-06
5.13125e-06
0
0
0
0
0
0
0
0
0
0
0
0
0
0
0
0
0
0
0
0
7.59036e-07
3.20724e-06
5.45007e-06
0
0
7.86305e-07
3.10553e-06
5.61789e-06
8.01087e-06
9.42206e-06
9.94258e-06
1.02433e-05
1.00448e-05
9.39572e-06
8.65865e-06
7.90841e-06
7.19006e-06
6.61241e-06
5.9551e-06
5.23922e-06
4.33477e-06
3.18284e-06
1.95669e-06
8.29643e-07
0
0
0
0
0
0
0
0
0
0
0
0
0
0
0
0
0
0
0
1.3831e-06
4.94567e-06
5.28577e-06
4.98109e-06
4.97231e-06
5.10453e-06
4.46182e-06
2.46673e-06
7.6703e-07
6.35691e-06
1.02663e-05
6.16719e-06
3.06039e-06
4.91039e-07
0
0
8.9551e-07
3.65168e-07
3.31572e-09
0
0
0
0
0
0
0
0
0
0
0
0
0
0
0
0
1.82575e-06
5.14472e-06
6.45252e-06
7.39342e-06
7.69711e-06
1.54465e-05
1.51199e-05
6.08812e-06
0
0
0
0
0
0
2.22967e-06
2.43943e-06
1.08693e-06
0
0
2.00347e-06
1.04216e-05
1.53702e-05
1.93621e-05
2.34553e-05
2.81722e-05
3.25214e-05
3.2993e-05
2.09304e-05
0
0
0
0
0
0
0
5.61717e-07
1.18843e-06
7.61898e-07
0
0
0
0
0
0
0
0
0
0
0
0
0
0
0
0
0
0
0
0
0
0
0
0
0
2.96465e-06
4.68544e-06
4.24891e-06
2.79967e-06
4.36347e-07
0
0
0
0
0
0
0
0
0
0
0
0
0
1.47354e-06
0
0
0
0
0
0
0
0
0
0
0
0
2.40914e-08
0
0
0
0
1.9176e-07
5.32109e-07
9.29503e-07
1.64733e-06
1.85054e-06
0
0
0
2.53822e-07
1.42877e-06
2.97407e-06
4.74608e-06
5.55387e-06
5.25443e-06
4.65955e-06
4.15545e-06
4.12231e-06
4.8339e-06
5.90502e-06
6.65118e-06
7.07164e-06
7.17111e-06
7.09747e-06
6.50771e-06
5.47731e-06
4.29103e-06
3.15938e-06
2.07476e-06
9.99291e-07
0
0
0
0
0
0
0
0
0
0
0
0
0
0
0
0
0
0
1.47154e-07
9.80033e-07
1.29244e-06
1.51866e-06
1.58778e-06
1.11778e-06
7.7426e-07
3.77622e-06
1.07327e-05
8.0458e-06
4.09413e-06
1.87935e-06
9.29388e-07
2.07962e-06
5.02504e-06
5.6294e-06
4.10347e-06
2.47823e-06
1.18584e-06
0
0
0
0
0
0
8.39684e-07
8.92167e-07
1.20395e-07
0
0
0
0
0
0
0
1.21198e-07
3.77385e-06
5.38511e-06
5.13656e-06
1.39172e-05
1.26702e-05
7.12465e-06
1.15662e-06
0
0
0
0
0
1.523e-06
3.03223e-06
5.06522e-06
6.30557e-06
2.52243e-06
4.08404e-06
1.1454e-05
1.73917e-05
2.24476e-05
2.76106e-05
3.47782e-05
4.54824e-05
6.25933e-05
6.03639e-05
0
0
0
0
0
0
0
5.9393e-07
1.70227e-06
1.59726e-06
4.61052e-07
0
0
0
0
0
0
0
0
0
0
0
0
0
0
0
0
1.9352e-07
1.03407e-07
0
1.68701e-08
0
0
0
0
1.78529e-06
4.34285e-06
4.01583e-06
2.02245e-06
0
0
0
0
0
0
0
0
0
0
0
0
0
0
0
0
0
0
0
0
0
0
0
0
0
0
3.39214e-07
3.01228e-06
4.80313e-06
5.8839e-06
6.5945e-06
7.20343e-06
8.04609e-06
9.68768e-06
1.29518e-05
1.57746e-05
0
0
1.62563e-06
2.2259e-06
1.51919e-06
0
0
0
0
0
0
0
0
0
0
0
1.32703e-07
4.18956e-06
6.43627e-06
7.07376e-06
6.46511e-06
5.4532e-06
4.47316e-06
3.5294e-06
2.61593e-06
1.78092e-06
9.78708e-07
1.42289e-07
0
0
0
0
0
0
0
0
0
0
0
0
0
0
0
0
0
1.59242e-07
8.2196e-07
1.60156e-06
2.27219e-06
4.20833e-06
9.74332e-06
9.24064e-06
5.70301e-06
2.99063e-06
1.24804e-06
8.59995e-07
2.50923e-06
3.7409e-06
4.28794e-06
3.79817e-06
2.60987e-06
1.47736e-06
0
0
0
0
0
0
2.14435e-06
2.85224e-06
2.79435e-06
9.54478e-07
2.49161e-07
9.3199e-07
0
0
0
0
0
0
0
0
1.31889e-05
9.97212e-06
7.32806e-06
3.40479e-06
0
0
8.41066e-06
3.59304e-06
1.62978e-07
6.21116e-07
2.43243e-06
5.96958e-06
1.098e-05
1.32144e-05
1.11952e-05
1.34761e-05
1.81608e-05
2.31675e-05
2.86468e-05
3.61995e-05
4.88394e-05
7.15107e-05
6.51755e-05
0
0
0
0
0
0
0
5.25486e-07
2.24031e-06
2.38103e-06
1.27555e-06
0
0
0
0
0
0
0
0
0
0
0
0
0
0
0
1.21388e-07
9.25175e-07
1.29262e-06
1.47442e-06
1.70217e-06
1.94176e-06
1.64986e-06
6.71759e-07
7.74245e-08
1.19254e-06
3.79266e-06
3.89783e-06
1.40209e-06
0
0
0
0
0
0
0
0
0
0
0
0
0
0
0
0
0
0
0
0
0
0
0
0
0
0
0
1.11561e-06
2.92662e-06
4.62813e-06
6.33574e-06
8.34372e-06
1.10098e-05
1.43077e-05
1.62762e-05
8.17677e-06
0
0
0
0
0
0
0
0
0
0
0
0
0
0
0
0
0
0
0
2.15075e-06
2.5572e-06
2.35464e-06
2.27281e-06
2.19477e-06
2.02812e-06
1.71691e-06
1.22659e-06
6.55373e-07
1.47652e-07
0
0
0
0
0
0
0
0
0
0
0
0
0
0
0
6.06908e-07
1.34567e-06
2.59012e-06
4.65134e-06
7.4129e-06
1.03563e-05
8.84235e-06
6.46265e-06
4.30699e-06
2.19754e-06
7.9556e-07
2.07162e-06
3.57975e-06
3.79412e-06
4.07929e-06
4.11953e-06
3.29466e-06
2.47847e-06
0
0
0
0
0
1.2776e-06
3.26322e-06
4.40874e-06
4.69675e-06
3.59949e-06
1.88861e-06
2.66405e-06
1.39653e-06
0
0
0
0
0
0
0
6.63772e-06
4.66026e-06
5.3562e-06
4.16706e-06
6.5827e-06
1.28507e-05
2.02454e-05
1.15446e-05
1.57293e-06
0
9.71513e-07
4.45619e-06
1.05038e-05
1.74311e-05
1.9953e-05
1.9732e-05
2.15104e-05
2.52183e-05
3.04191e-05
3.8091e-05
5.05468e-05
6.53148e-05
2.84771e-05
0
0
0
0
0
0
0
4.82637e-07
2.7431e-06
3.02289e-06
1.96605e-06
2.62304e-07
0
0
0
0
0
0
0
0
0
0
0
0
0
0
2.93653e-07
1.40154e-06
2.21612e-06
2.76322e-06
3.22556e-06
3.67828e-06
3.9438e-06
3.33708e-06
2.12853e-06
1.78256e-06
3.30424e-06
3.83785e-06
9.15085e-07
0
0
0
0
0
0
0
0
0
0
0
0
0
0
0
0
0
0
1.05127e-05
0
0
0
0
0
0
0
0
5.86112e-07
1.73249e-06
2.68477e-06
3.38029e-06
3.82558e-06
3.9886e-06
3.69001e-06
2.60193e-06
5.07439e-07
0
0
0
0
2.88547e-07
1.0204e-06
1.32179e-06
9.98577e-07
0
0
0
0
0
0
0
0
0
0
0
0
2.49245e-07
2.55088e-07
1.67389e-07
2.15131e-07
3.65149e-07
5.08078e-07
3.40903e-07
0
0
0
0
0
0
0
0
0
0
0
0
0
0
0
3.35065e-07
4.59586e-06
7.26367e-06
9.3233e-06
1.26536e-05
1.58605e-05
1.3387e-05
7.91987e-06
5.97811e-06
5.16181e-06
3.63275e-06
1.5134e-06
1.11711e-06
3.44111e-06
4.24685e-06
4.08984e-06
4.11326e-06
3.35961e-06
2.79006e-06
2.99549e-06
9.58073e-07
0
0
0
0
2.51859e-06
4.22013e-06
5.5587e-06
6.08467e-06
5.75252e-06
3.6119e-06
3.82196e-06
4.59545e-06
0
0
0
0
0
4.7619e-07
4.69839e-07
0
0
0
4.74527e-06
3.08891e-06
7.33215e-06
1.31797e-05
1.15977e-05
2.89501e-06
0
0
2.23999e-06
7.6864e-06
1.58206e-05
2.36679e-05
2.73837e-05
2.88169e-05
3.1428e-05
3.62563e-05
4.43158e-05
5.65042e-05
6.10975e-05
2.53465e-06
0
0
0
0
0
0
0
5.37377e-07
3.03716e-06
3.32889e-06
2.37449e-06
8.00074e-07
0
0
0
0
0
0
0
0
0
0
0
0
0
0
4.34563e-07
1.74026e-06
2.95242e-06
3.89124e-06
4.65596e-06
5.23591e-06
5.80177e-06
5.86063e-06
4.86572e-06
3.49512e-06
3.50474e-06
3.85067e-06
4.70751e-07
0
0
0
0
0
0
0
0
0
0
0
0
0
0
0
0
0
0
1.64209e-05
3.5882e-05
0
0
0
0
0
0
6.98421e-08
4.87077e-07
8.63457e-07
1.11247e-06
1.17087e-06
1.0311e-06
7.74439e-07
4.42025e-07
0
0
0
0
0
0
1.27433e-07
1.02966e-06
1.88874e-06
2.69325e-06
3.00846e-06
2.63345e-06
1.70456e-06
0
0
0
0
0
0
0
0
0
1.25027e-07
0
0
0
0
0
0
0
0
0
0
0
0
0
0
0
0
5.10256e-07
7.12447e-07
9.394e-07
2.29523e-06
4.398e-06
6.57966e-06
8.64908e-06
9.88754e-06
1.01435e-05
1.01074e-05
9.22602e-06
6.89329e-06
5.13514e-06
5.03415e-06
4.70172e-06
3.01777e-06
7.97443e-07
2.83881e-06
4.60401e-06
4.10176e-06
3.165e-06
2.68869e-06
2.09817e-06
2.51467e-06
3.34403e-06
2.23827e-06
0
0
0
0
3.58725e-06
5.01615e-06
6.38224e-06
7.17325e-06
7.3797e-06
5.28624e-06
4.5943e-06
6.08623e-06
5.04583e-06
0
0
7.65996e-07
5.69569e-06
1.17747e-05
2.46703e-05
0
0
1.25484e-05
0
0
2.64794e-06
7.89771e-06
9.38161e-06
3.84494e-06
0
0
4.62953e-07
4.64478e-06
1.18402e-05
2.12776e-05
3.02142e-05
3.62386e-05
4.08921e-05
4.71058e-05
5.76609e-05
7.34212e-05
7.09125e-05
0
0
0
0
0
0
0
0
5.15428e-07
2.94973e-06
3.16339e-06
2.3518e-06
1.14139e-06
0
0
0
0
0
0
0
0
0
0
0
0
0
0
5.16986e-07
2.01135e-06
3.58563e-06
4.91984e-06
5.99102e-06
6.76059e-06
7.3622e-06
7.96758e-06
7.69858e-06
6.20942e-06
4.82069e-06
4.26642e-06
0
0
0
0
0
0
0
0
6.0846e-07
9.60961e-07
0
0
0
0
0
0
0
0
0
9.50127e-06
6.76568e-05
6.70774e-05
0
0
0
0
0
0
0
0
1.14449e-09
0
0
0
0
0
0
0
0
0
0
0
0
0
5.75643e-07
1.09581e-06
1.12946e-06
1.04077e-06
9.59479e-07
0
0
0
0
0
0
2.07804e-06
2.00874e-06
1.215e-06
4.61773e-07
3.24676e-09
0
0
0
0
0
0
0
0
0
0
0
0
0
0
0
4.56361e-07
4.17254e-06
7.62662e-06
9.9488e-06
1.13344e-05
1.20676e-05
1.18263e-05
1.13867e-05
1.10614e-05
9.96086e-06
8.12489e-06
7.03185e-06
6.72944e-06
5.7203e-06
2.7096e-06
2.51527e-06
5.46277e-06
5.09076e-06
2.51903e-06
5.98385e-07
1.49999e-06
2.06048e-06
2.84813e-06
3.78278e-06
2.94991e-06
0
0
0
1.1392e-06
4.49447e-06
5.66266e-06
7.01183e-06
8.05124e-06
8.54286e-06
6.8186e-06
5.1703e-06
6.39902e-06
7.91415e-06
3.43857e-06
0
9.29256e-07
9.23851e-06
1.9514e-05
3.81862e-05
4.87977e-05
2.88237e-05
2.05642e-06
0
0
0
4.24871e-06
6.96263e-06
4.29391e-06
7.26412e-07
0
0
2.44831e-06
8.03354e-06
1.64181e-05
2.67999e-05
3.7495e-05
4.75364e-05
5.89907e-05
7.68275e-05
0.000106203
0.000115114
0
0
0
0
0
0
0
0
1.74393e-07
2.37451e-06
2.51801e-06
1.91606e-06
1.21097e-06
4.88644e-07
0
0
0
0
0
0
0
0
0
0
0
0
0
4.04604e-07
2.21868e-06
4.19439e-06
5.92453e-06
7.28413e-06
8.27027e-06
8.82683e-06
9.64756e-06
1.01325e-05
9.44662e-06
7.42297e-06
5.77416e-06
0
0
0
0
0
0
0
0
1.37729e-06
2.61031e-06
6.91336e-07
0
0
0
0
0
0
0
0
0
5.82665e-05
0.00016045
0.000105393
0
0
0
0
0
0
0
0
0
0
0
0
0
0
0
0
0
0
2.04637e-07
5.50195e-07
9.39669e-07
1.45093e-06
1.72601e-06
1.29341e-06
3.60816e-07
0
0
0
0
2.3898e-06
4.48552e-06
6.83384e-06
7.45455e-06
4.69223e-06
2.51596e-06
1.26187e-06
5.80904e-07
2.05117e-07
0
0
0
0
0
0
0
0
0
0
0
0
0
0
0
2.27577e-07
3.82897e-06
8.66135e-06
1.35802e-05
1.59095e-05
1.55242e-05
1.50957e-05
1.45567e-05
1.23263e-05
1.00983e-05
9.56477e-06
8.89372e-06
6.44216e-06
3.13853e-06
6.18239e-06
6.76268e-06
3.56506e-06
0
0
1.09738e-06
2.71838e-06
3.43604e-06
4.21268e-06
3.41553e-06
0
0
0
2.72556e-06
5.28513e-06
6.18864e-06
7.5354e-06
8.74313e-06
9.35257e-06
8.14882e-06
5.65899e-06
6.1653e-06
8.37531e-06
7.72017e-06
2.11255e-06
0
4.80476e-06
1.36369e-05
2.22733e-05
2.08584e-05
6.39781e-06
0
0
0
0
1.67687e-06
4.78251e-06
4.21232e-06
1.68239e-06
0
0
1.39843e-06
5.4072e-06
1.19908e-05
2.10882e-05
3.2164e-05
4.49344e-05
6.06977e-05
8.42058e-05
0.000128725
0.000174388
0
0
0
0
0
0
0
0
0
1.35947e-06
1.52898e-06
1.22213e-06
1.03987e-06
9.48427e-07
9.02002e-07
8.54833e-07
5.9596e-07
0
0
0
0
0
0
0
0
0
0
2.71162e-09
2.3337e-06
4.81568e-06
6.95543e-06
8.5867e-06
9.75844e-06
1.0302e-05
1.10624e-05
1.20284e-05
1.23698e-05
1.11554e-05
8.8948e-06
1.99554e-06
0
0
0
0
0
0
0
2.14792e-06
4.05513e-06
2.80237e-06
0
0
0
0
0
0
0
0
0
2.14617e-05
9.68593e-05
0.000129344
0
0
0
0
0
0
0
0
0
0
0
0
0
0
0
0
1.47305e-07
5.29718e-07
7.3461e-07
8.46146e-07
9.99308e-07
1.24114e-06
1.49437e-06
1.35656e-06
5.80574e-07
0
0
0
2.03915e-07
8.69405e-07
2.12561e-06
4.53827e-06
7.07218e-06
6.10444e-06
3.66472e-06
1.9952e-06
1.01517e-06
3.83637e-07
0
0
0
0
0
0
0
0
0
0
0
0
0
0
0
0
0
1.87969e-06
5.04307e-06
9.26019e-06
1.36573e-05
1.70772e-05
1.69388e-05
1.07282e-05
7.94533e-06
8.1558e-06
6.91404e-06
3.54762e-06
5.32043e-06
8.64186e-06
6.6685e-06
7.37352e-07
0
0
0
3.34229e-06
3.9238e-06
4.34589e-06
3.44167e-06
0
0
0
4.13474e-06
5.95078e-06
6.60907e-06
7.98023e-06
9.25721e-06
9.88878e-06
9.21667e-06
6.21501e-06
5.67509e-06
7.609e-06
9.11439e-06
6.57237e-06
2.04467e-06
9.28634e-07
4.00293e-06
6.63916e-06
3.40837e-06
0
0
0
0
0
0
2.87055e-06
3.64551e-06
2.35009e-06
9.43338e-07
4.67935e-07
1.35806e-06
4.05021e-06
8.82526e-06
1.59111e-05
2.48574e-05
3.5928e-05
4.9791e-05
6.86783e-05
9.13377e-05
7.15276e-05
0
0
1.1471e-05
1.41859e-05
1.15661e-06
0
0
0
0
1.64124e-07
3.83836e-07
3.666e-07
6.72999e-07
1.15734e-06
1.62369e-06
1.87551e-06
1.73229e-06
1.13447e-06
2.34493e-07
0
0
0
0
0
0
0
0
0
2.39267e-06
5.41525e-06
7.97134e-06
9.88968e-06
1.12083e-05
1.17455e-05
1.23066e-05
1.3417e-05
1.44818e-05
1.46406e-05
1.34057e-05
8.61821e-06
0
0
0
0
0
0
0
3.00407e-06
5.49089e-06
4.76037e-06
1.98466e-06
0
0
0
0
0
0
0
0
0
3.02233e-05
4.26915e-05
0
0
0
0
0
0
0
0
0
0
0
0
0
8.16787e-08
3.241e-07
6.03524e-07
9.91108e-07
1.27093e-06
1.47061e-06
1.67506e-06
1.82673e-06
2.09892e-06
2.64631e-06
2.7975e-06
2.0692e-06
9.32695e-07
4.24112e-07
2.23852e-07
1.02979e-07
3.39268e-07
1.1508e-06
3.1011e-06
6.60935e-06
7.30422e-06
4.34714e-06
2.4507e-06
1.29191e-06
4.65356e-07
0
0
0
0
0
0
0
0
0
0
0
0
0
0
0
0
0
6.96822e-08
9.58883e-07
2.35265e-06
4.19738e-06
6.41537e-06
9.3691e-06
1.39543e-05
1.1901e-05
9.07388e-06
5.80376e-06
3.62956e-06
8.88404e-06
1.01919e-05
6.16587e-06
0
0
0
0
3.00912e-06
3.87449e-06
3.98971e-06
2.88404e-06
0
0
1.34246e-06
5.242e-06
6.41118e-06
6.87296e-06
8.28963e-06
9.55817e-06
1.01427e-05
9.89514e-06
6.85457e-06
5.11702e-06
6.40349e-06
8.53607e-06
7.94465e-06
4.69834e-06
1.39543e-06
1.6141e-07
0
0
0
0
0
0
0
0
1.20584e-06
2.69538e-06
2.50189e-06
1.72749e-06
1.35116e-06
1.90775e-06
3.78443e-06
7.2531e-06
1.24424e-05
1.92285e-05
2.76438e-05
3.76735e-05
4.78286e-05
4.9935e-05
3.60559e-05
3.64655e-05
0.00011314
0.000210434
5.81709e-05
0
0
0
0
0
0
0
0
6.89156e-08
1.11224e-06
2.03976e-06
2.56792e-06
2.5357e-06
1.9134e-06
8.57949e-07
3.44337e-07
8.84948e-07
0
0
0
0
0
0
0
2.46557e-06
5.83362e-06
8.71865e-06
1.09516e-05
1.23979e-05
1.2942e-05
1.32636e-05
1.42703e-05
1.55381e-05
1.65078e-05
1.62543e-05
9.07369e-06
0
0
0
0
0
0
0
3.93038e-06
6.90076e-06
6.55801e-06
3.83185e-06
1.02678e-06
0
0
0
0
0
0
0
0
0
9.43849e-06
0
0
0
0
0
0
0
0
0
0
0
1.30318e-07
4.87266e-07
9.85377e-07
1.54033e-06
2.11275e-06
2.50467e-06
2.62611e-06
2.75661e-06
2.92257e-06
3.14061e-06
3.81774e-06
4.38106e-06
3.92032e-06
2.54606e-06
1.06127e-06
5.36806e-07
4.29721e-07
4.06369e-07
5.71031e-07
1.19519e-06
3.09486e-06
9.1834e-06
6.67739e-06
4.17979e-06
2.61078e-06
1.42022e-06
4.9736e-07
0
0
0
0
0
0
0
0
0
0
0
0
0
0
1.714e-09
3.73094e-07
4.95704e-07
6.13321e-07
8.20566e-07
1.2563e-06
1.68358e-06
1.91965e-06
2.18073e-06
3.22926e-06
7.33912e-06
1.31665e-05
7.87748e-06
7.45985e-06
1.12391e-05
1.02759e-05
4.92918e-06
0
0
0
0
1.93229e-06
3.33272e-06
3.48657e-06
2.00177e-06
0
0
3.30822e-06
5.85628e-06
6.54578e-06
6.87099e-06
8.29239e-06
9.4632e-06
9.90467e-06
9.92779e-06
7.29281e-06
4.49309e-06
5.01104e-06
6.86753e-06
7.34278e-06
5.22792e-06
2.05669e-06
0
0
0
0
0
0
0
0
0
0
1.52476e-06
2.08961e-06
2.00577e-06
1.96942e-06
2.49007e-06
3.91506e-06
6.48486e-06
1.0295e-05
1.52885e-05
2.13442e-05
2.77236e-05
3.13851e-05
2.91379e-05
2.76009e-05
4.23873e-05
9.09147e-05
0.00018318
0.000102701
0
0
0
0
0
0
0
0
0
7.26401e-07
2.16025e-06
2.91335e-06
2.92973e-06
2.23884e-06
1.05156e-06
5.28015e-07
1.36814e-06
8.05002e-07
0
0
0
0
0
0
2.49174e-06
5.81893e-06
8.83135e-06
1.12999e-05
1.28724e-05
1.34578e-05
1.35624e-05
1.42742e-05
1.53829e-05
1.62803e-05
1.60879e-05
9.97588e-06
0
0
0
0
0
0
0
4.72328e-06
7.95653e-06
7.86754e-06
5.30714e-06
2.68151e-06
0
0
0
0
0
0
0
0
0
0
0
0
0
0
0
0
0
0
0
0
0
0
4.22843e-07
1.19795e-06
1.93023e-06
2.47098e-06
2.78411e-06
3.11882e-06
3.44722e-06
3.84189e-06
4.63079e-06
5.47136e-06
5.20221e-06
3.64319e-06
1.73068e-06
6.98048e-07
4.87668e-07
6.1834e-07
7.93409e-07
1.02244e-06
1.72434e-06
6.10789e-06
7.70303e-06
5.36314e-06
3.925e-06
2.67136e-06
1.54845e-06
5.7753e-07
0
0
0
0
0
0
0
0
0
0
0
0
0
0
1.02637e-06
2.02523e-06
2.23187e-06
2.16887e-06
2.08964e-06
2.29832e-06
2.34729e-06
1.83978e-06
1.1699e-06
5.40225e-07
0
4.28314e-06
1.26835e-05
1.08901e-05
1.02876e-05
8.63131e-06
2.4883e-06
0
0
0
0
1.81292e-06
2.80206e-06
2.96465e-06
1.26901e-06
0
1.34025e-06
5.00898e-06
6.35769e-06
6.67765e-06
6.88078e-06
8.26748e-06
9.33855e-06
9.51583e-06
9.62671e-06
7.613e-06
4.07232e-06
3.63462e-06
5.01696e-06
5.99526e-06
4.7424e-06
2.08534e-06
0
0
0
0
0
0
0
0
0
0
3.98074e-07
1.35058e-06
1.80359e-06
2.16335e-06
2.82923e-06
4.09815e-06
6.1769e-06
9.15511e-06
1.2972e-05
1.73422e-05
2.09645e-05
2.19498e-05
2.19003e-05
2.65611e-05
4.19832e-05
7.28133e-05
0.00013229
0.000124415
0
0
0
0
2.87056e-07
0
0
0
0
0
2.03994e-06
3.26939e-06
3.33968e-06
2.50814e-06
1.13454e-06
5.51816e-07
1.61343e-06
1.64415e-06
0
0
0
0
0
0
2.43062e-06
5.81424e-06
9.14982e-06
1.19858e-05
1.39545e-05
1.47884e-05
1.46151e-05
1.48755e-05
1.56962e-05
1.62866e-05
1.56418e-05
1.12026e-05
0
0
0
0
0
0
0
5.46404e-06
8.88423e-06
9.14347e-06
7.00301e-06
4.40568e-06
1.37997e-06
0
0
0
0
0
0
0
0
0
2.27158e-07
0
0
0
0
0
0
0
0
0
0
0
0
0
5.01513e-07
1.23112e-06
2.12459e-06
3.20209e-06
3.84376e-06
5.20303e-06
7.05648e-06
6.47666e-06
4.38943e-06
2.44956e-06
1.18268e-06
5.32394e-07
4.34203e-07
6.98035e-07
1.04564e-06
1.59004e-06
4.07278e-06
7.26502e-06
5.6131e-06
4.78579e-06
3.7305e-06
2.67062e-06
1.75146e-06
8.33632e-07
0
0
0
0
0
0
0
0
0
0
0
0
0
0
7.06294e-08
1.55054e-06
2.77369e-06
3.54199e-06
3.96215e-06
4.56575e-06
4.35211e-06
3.17696e-06
1.8694e-06
6.41481e-08
0
0
5.36541e-06
6.96887e-06
6.7215e-06
5.12798e-06
0
0
0
0
0
2.3531e-06
2.73465e-06
2.62317e-06
1.02173e-06
3.58459e-07
4.19696e-06
6.06944e-06
6.4844e-06
6.51895e-06
6.60518e-06
7.83901e-06
8.80478e-06
8.63189e-06
8.69017e-06
7.4392e-06
3.76103e-06
2.19066e-06
2.95761e-06
3.94602e-06
3.57679e-06
1.61663e-06
0
0
0
0
0
0
0
0
0
0
0
4.69311e-07
1.19511e-06
1.84612e-06
2.66447e-06
3.86638e-06
5.60453e-06
7.91778e-06
1.06784e-05
1.34262e-05
1.5278e-05
1.64398e-05
1.89575e-05
2.56418e-05
3.81997e-05
5.8581e-05
0.000100081
9.27617e-05
0
0
0
0
3.67704e-06
9.78673e-07
0
0
0
0
6.40299e-07
3.12009e-06
3.5113e-06
2.57012e-06
9.75613e-07
1.68858e-07
1.27571e-06
2.14229e-06
5.85101e-07
0
0
0
0
0
1.23749e-06
4.84249e-06
8.65844e-06
1.19147e-05
1.44456e-05
1.56794e-05
1.5199e-05
1.48055e-05
1.50639e-05
1.52085e-05
1.43078e-05
1.07745e-05
2.11509e-06
0
0
0
0
0
0
4.58932e-06
8.07507e-06
9.20989e-06
8.09542e-06
5.70395e-06
2.92849e-06
0
0
0
0
0
0
0
0
0
2.80414e-07
0
0
0
0
0
0
0
0
0
0
0
0
0
7.42982e-07
2.09797e-06
3.66591e-06
3.66471e-06
2.93703e-06
6.47702e-06
6.67512e-06
4.77522e-06
2.99313e-06
1.82719e-06
1.04733e-06
5.91697e-07
5.41807e-07
8.93451e-07
1.67701e-06
4.30203e-06
6.81795e-06
4.98167e-06
4.83065e-06
4.26889e-06
3.39689e-06
2.5982e-06
1.86706e-06
1.01878e-06
0
0
0
0
0
0
0
0
0
0
0
0
0
0
0
3.92117e-07
8.119e-07
1.54102e-06
3.05108e-06
5.31374e-06
5.37217e-06
3.93617e-06
2.86144e-06
7.40112e-07
0
0
3.96211e-06
3.19512e-06
2.59826e-06
0
0
0
0
0
1.1269e-06
3.07794e-06
3.17936e-06
2.87256e-06
1.87227e-06
3.66659e-06
5.7638e-06
6.36779e-06
6.34072e-06
6.22575e-06
6.25336e-06
7.28403e-06
8.20319e-06
7.75993e-06
7.58024e-06
6.9624e-06
3.75541e-06
9.89884e-07
1.07349e-06
1.83027e-06
1.98598e-06
8.49101e-07
0
0
0
0
0
0
0
0
0
0
0
0
5.3313e-07
1.32077e-06
2.23283e-06
3.396e-06
4.89259e-06
6.69739e-06
8.64324e-06
1.04888e-05
1.22894e-05
1.46015e-05
1.83746e-05
2.51339e-05
3.48761e-05
4.95151e-05
7.94036e-05
0
0
0
0
6.63342e-06
7.53223e-06
2.56008e-06
0
0
0
0
0
1.36426e-06
3.23112e-06
2.49756e-06
5.73862e-07
0
0
1.68008e-06
1.60988e-06
0
0
0
0
0
0
3.29572e-06
8.01644e-06
1.21123e-05
1.55075e-05
1.72331e-05
1.64247e-05
1.52871e-05
1.47726e-05
1.43323e-05
1.30579e-05
1.01379e-05
4.07665e-06
0
0
0
0
0
0
1.88473e-06
5.66885e-06
8.27068e-06
8.9069e-06
7.03016e-06
4.69362e-06
2.43388e-06
0
0
0
0
0
0
0
0
1.46437e-08
0
0
0
0
0
0
0
0
0
0
0
0
0
3.55618e-07
1.14857e-06
3.74349e-07
2.76233e-06
5.92948e-06
5.98286e-06
4.7519e-06
3.54312e-06
2.56394e-06
1.76659e-06
1.18823e-06
9.72074e-07
1.25631e-06
2.51497e-06
7.20756e-06
7.14305e-06
4.72746e-06
4.47828e-06
4.23161e-06
3.70697e-06
3.16027e-06
2.60076e-06
1.93987e-06
1.06855e-06
0
0
0
0
0
0
0
0
0
0
0
0
0
4.49109e-07
1.00187e-06
2.75503e-07
0
0
5.84846e-07
4.45378e-06
3.45994e-06
2.5479e-06
3.53317e-06
2.5192e-06
0
0
8.49488e-06
2.53412e-06
0
0
0
0
0
0
2.27867e-06
3.75579e-06
3.76681e-06
3.4772e-06
3.2536e-06
4.92926e-06
5.86898e-06
6.06479e-06
5.98283e-06
5.82647e-06
5.84161e-06
6.65274e-06
7.53354e-06
7.00221e-06
6.37869e-06
6.12103e-06
3.87705e-06
2.89368e-07
0
0
1.43341e-07
0
0
0
0
0
0
0
0
0
0
0
0
0
2.9693e-08
7.83245e-07
1.66847e-06
2.74593e-06
4.06532e-06
5.61018e-06
7.33105e-06
9.30562e-06
1.16276e-05
1.44036e-05
1.85705e-05
2.43885e-05
3.1827e-05
4.26065e-05
5.34898e-05
0
0
0
8.58157e-06
1.30216e-05
9.81196e-06
1.77547e-06
0
0
0
0
0
0
8.27128e-07
1.83218e-06
0
0
0
0
1.77426e-06
0
0
0
0
0
0
1.73728e-06
7.41503e-06
1.2698e-05
1.71584e-05
1.92651e-05
1.80833e-05
1.60909e-05
1.46597e-05
1.35024e-05
1.18368e-05
9.14655e-06
4.78967e-06
0
0
0
0
0
0
1.16075e-06
2.36676e-06
5.73506e-06
8.43216e-06
8.15996e-06
6.29675e-06
3.79865e-06
0
0
0
0
0
0
0
0
0
0
0
0
0
0
0
0
0
0
0
0
0
0
0
0
0
1.41088e-06
4.31661e-06
4.90005e-06
4.43313e-06
3.50488e-06
2.59238e-06
2.09965e-06
2.20886e-06
3.28775e-06
6.81729e-06
1.04914e-05
6.89403e-06
5.03922e-06
4.31924e-06
3.79125e-06
3.53061e-06
3.36967e-06
3.06782e-06
2.59573e-06
1.97773e-06
1.07816e-06
0
0
0
0
0
0
0
0
0
0
0
0
0
1.84847e-06
2.56012e-06
4.76625e-07
0
0
0
4.09314e-06
4.01018e-06
4.50016e-06
4.38881e-06
1.58636e-06
3.79594e-06
1.23225e-05
7.70725e-06
2.47258e-06
0
0
0
0
0
0
3.11534e-06
4.25229e-06
4.26018e-06
4.05312e-06
4.14634e-06
5.07151e-06
5.5621e-06
5.6115e-06
5.54217e-06
5.33853e-06
5.32385e-06
5.97413e-06
6.76582e-06
6.34996e-06
5.2479e-06
4.93855e-06
3.78763e-06
2.8034e-07
0
0
0
0
0
0
0
0
0
0
0
0
0
0
0
0
1.49639e-07
8.21209e-07
1.65527e-06
2.70148e-06
4.01019e-06
5.59037e-06
7.4331e-06
9.52504e-06
1.1847e-05
1.48486e-05
1.87107e-05
2.33749e-05
2.87697e-05
3.46131e-05
1.44049e-05
0
0
6.94115e-06
2.06971e-05
1.61398e-05
4.15541e-06
0
0
0
0
0
0
0
0
0
0
0
0
0
2.36072e-06
0
0
0
0
0
0
9.26039e-07
7.25165e-06
1.38497e-05
1.94837e-05
2.16162e-05
1.99336e-05
1.70838e-05
1.4684e-05
1.27514e-05
1.06421e-05
8.02471e-06
4.82042e-06
5.59592e-07
0
0
0
0
0
4.63588e-06
1.43707e-06
3.30104e-06
6.84155e-06
8.76166e-06
8.11931e-06
5.42207e-06
9.49623e-07
0
0
0
0
0
0
0
0
0
0
0
0
0
0
0
0
0
0
0
0
0
0
0
0
1.82232e-06
4.43978e-06
4.90795e-06
4.42489e-06
4.05558e-06
4.44921e-06
5.84334e-06
7.8502e-06
8.71801e-06
7.13231e-06
5.52513e-06
5.03134e-06
4.21954e-06
3.39664e-06
3.17177e-06
3.23351e-06
3.19221e-06
2.95325e-06
2.60813e-06
2.11503e-06
1.26841e-06
0
0
0
0
0
0
0
0
0
0
0
0
0
8.75485e-07
1.67585e-06
4.91471e-07
0
0
0
4.74642e-06
5.68614e-06
3.47408e-06
0
0
4.94809e-06
6.91829e-06
1.72154e-06
9.12648e-07
0
0
0
0
0
0
3.56945e-06
4.54089e-06
4.60767e-06
4.51741e-06
4.63682e-06
5.14276e-06
5.37846e-06
5.27804e-06
5.09788e-06
4.78281e-06
4.70903e-06
5.29741e-06
5.93552e-06
5.72648e-06
4.41367e-06
3.60096e-06
3.2065e-06
7.13927e-07
0
0
0
0
0
0
0
0
0
0
0
0
0
0
0
4.20756e-07
9.72724e-07
1.62637e-06
2.44618e-06
3.47452e-06
4.74846e-06
6.29897e-06
8.06523e-06
1.00628e-05
1.25179e-05
1.54183e-05
1.86232e-05
2.19059e-05
2.45867e-05
2.13741e-05
0
0
0
4.49924e-05
2.76123e-05
1.09019e-05
6.67382e-06
5.1852e-06
0
0
1.56044e-06
3.35457e-06
3.25108e-06
8.82605e-07
0
0
0
6.00068e-06
9.89861e-06
1.28178e-05
1.60671e-05
1.52616e-05
0
0
0
0
0
9.0571e-07
6.7992e-06
1.44907e-05
2.15435e-05
2.40765e-05
2.19102e-05
1.79346e-05
1.45817e-05
1.19328e-05
9.41224e-06
7.01402e-06
4.56347e-06
9.47437e-07
0
0
0
0
0
2.71845e-07
5.51041e-07
2.19488e-06
5.57412e-06
9.26194e-06
1.0942e-05
9.82425e-06
0
0
0
0
0
0
0
0
0
0
0
0
0
0
0
0
0
0
0
0
0
0
0
0
0
3.72357e-07
3.4071e-06
4.78908e-06
5.01676e-06
4.5751e-06
3.99082e-06
3.61249e-06
3.47375e-06
3.25217e-06
3.69683e-06
4.31942e-06
4.1714e-06
3.41691e-06
2.90508e-06
2.80328e-06
2.87933e-06
2.92714e-06
2.93796e-06
2.84299e-06
2.56766e-06
1.94721e-06
6.87058e-07
0
0
0
0
0
0
0
0
0
0
0
0
7.04534e-07
1.28088e-06
8.46188e-07
5.23186e-07
2.42101e-07
0
0
0
0
0
0
0
0
0
0
0
0
0
0
0
5.93871e-07
3.8561e-06
4.63513e-06
4.92128e-06
4.93217e-06
4.92192e-06
5.09212e-06
5.08125e-06
4.85205e-06
4.53962e-06
4.21203e-06
4.1328e-06
4.70102e-06
5.15877e-06
5.04767e-06
3.88517e-06
2.49682e-06
2.107e-06
8.85298e-07
0
0
0
0
0
0
0
0
0
0
0
0
0
0
6.81633e-07
1.31919e-06
1.92633e-06
2.60202e-06
3.42514e-06
4.439e-06
5.71519e-06
7.26408e-06
9.02308e-06
1.10975e-05
1.34371e-05
1.57452e-05
1.78156e-05
1.90205e-05
1.72831e-05
7.34628e-06
0
0
5.23239e-05
6.03919e-05
1.60905e-05
1.31905e-05
1.07786e-05
6.2883e-06
0
0
6.97208e-08
4.49914e-06
5.49237e-06
5.36829e-06
5.65625e-06
8.56149e-06
2.21869e-05
1.73168e-05
1.49139e-05
1.4069e-05
1.35184e-05
9.12008e-06
0
0
0
0
0
0
1.75541e-06
1.0451e-05
2.07883e-05
2.54781e-05
2.33709e-05
1.86478e-05
1.44262e-05
1.11064e-05
8.33164e-06
6.12868e-06
3.97544e-06
6.84134e-07
0
0
0
0
0
0
0
9.08896e-07
4.82499e-06
9.85048e-06
1.39086e-05
1.52308e-05
5.1567e-06
0
0
0
0
0
0
0
0
0
0
0
0
0
0
0
0
0
0
0
0
0
0
0
0
1.13593e-07
9.60207e-07
1.37719e-06
1.58286e-06
1.85616e-06
2.52649e-06
3.16348e-06
3.68192e-06
3.94343e-06
3.69817e-06
3.08125e-06
2.44726e-06
2.05358e-06
1.90101e-06
1.99598e-06
2.30146e-06
2.67795e-06
2.96431e-06
3.1003e-06
3.00624e-06
2.48523e-06
1.09565e-06
0
0
0
0
0
0
2.1843e-07
1.62704e-06
1.71152e-07
0
0
0
7.28605e-07
1.34713e-06
9.77031e-07
4.73876e-07
0
0
0
0
0
0
0
0
0
0
0
0
0
0
0
0
2.52136e-06
4.10387e-06
4.69408e-06
5.13858e-06
5.17471e-06
5.03271e-06
4.84399e-06
4.61306e-06
4.29656e-06
3.97965e-06
3.7738e-06
3.73686e-06
4.20816e-06
4.49053e-06
4.28635e-06
3.40218e-06
1.88162e-06
9.09877e-07
3.62985e-07
0
0
0
0
0
0
0
0
0
0
0
0
0
1.69308e-07
1.02762e-06
1.81631e-06
2.57988e-06
3.40295e-06
4.35824e-06
5.48663e-06
6.83975e-06
8.40117e-06
1.01593e-05
1.20272e-05
1.37026e-05
1.48694e-05
1.52004e-05
1.35316e-05
8.89718e-06
2.84473e-06
0
0
7.24066e-06
4.7841e-06
1.37112e-05
1.34432e-05
8.47043e-06
1.54548e-06
0
0
0
1.93232e-06
2.02354e-06
1.16959e-06
1.88263e-06
1.14585e-05
1.7192e-05
1.22976e-05
1.1873e-05
1.13204e-05
9.70615e-06
4.10639e-06
0
0
0
1.01521e-05
8.33617e-06
0
0
0
1.28887e-05
2.39545e-05
2.36807e-05
1.83454e-05
1.35749e-05
1.00277e-05
7.26639e-06
5.16969e-06
3.17862e-06
2.04198e-07
0
0
0
0
0
0
0
0
4.39827e-06
9.87689e-06
1.56343e-05
1.69972e-05
7.59459e-06
0
0
0
0
0
0
0
0
0
0
0
0
0
0
0
1.20527e-08
0
0
0
0
0
0
0
1.41554e-07
5.4667e-07
8.77104e-07
1.18438e-06
1.75298e-06
2.45014e-06
3.16023e-06
3.7225e-06
3.80535e-06
3.1031e-06
1.97594e-06
1.24741e-06
1.00959e-06
1.01659e-06
1.21565e-06
1.65407e-06
2.21683e-06
2.77957e-06
3.245e-06
3.59573e-06
3.64666e-06
2.74353e-06
7.9988e-07
0
0
0
0
0
5.35703e-07
2.65886e-06
3.86057e-06
9.59658e-07
0
0
0
0
7.96415e-07
1.35819e-06
8.61468e-07
0
0
0
0
0
0
0
0
1.40609e-06
5.07328e-06
8.83888e-06
0
0
0
0
9.63491e-07
3.67552e-06
4.3031e-06
4.73194e-06
4.94182e-06
4.98767e-06
4.77732e-06
4.43276e-06
4.17478e-06
3.90293e-06
3.6462e-06
3.49125e-06
3.47094e-06
3.77321e-06
3.85298e-06
3.51352e-06
2.76647e-06
1.46947e-06
1.09839e-07
0
0
0
0
0
0
0
0
0
0
0
0
0
0
9.10918e-09
8.88865e-07
1.73254e-06
2.58403e-06
3.51526e-06
4.57341e-06
5.78189e-06
7.15324e-06
8.64057e-06
1.01771e-05
1.15e-05
1.20814e-05
1.17641e-05
1.05857e-05
8.11637e-06
4.91658e-06
5.08589e-07
0
0
0
6.25367e-06
1.2754e-05
9.81931e-06
2.73909e-06
0
0
0
8.39644e-07
3.89291e-07
0
0
0
0
3.22901e-06
8.81061e-06
9.83985e-06
9.07525e-06
6.61867e-06
1.97984e-06
0
0
9.44108e-06
4.33822e-05
2.85472e-06
0
0
0
0
1.75969e-05
2.20024e-05
1.75187e-05
1.25441e-05
8.90275e-06
6.20265e-06
4.21383e-06
2.37509e-06
0
0
0
0
0
0
0
0
5.3858e-07
5.90494e-06
1.11745e-05
1.63894e-05
1.59827e-05
6.79681e-06
7.50744e-07
0
0
0
0
0
0
0
0
0
2.99855e-07
6.26622e-07
7.63628e-07
7.5662e-07
6.65436e-07
5.34162e-07
4.35534e-07
3.80379e-07
3.58727e-07
3.57843e-07
3.80002e-07
4.2287e-07
4.22267e-07
3.42324e-07
2.39142e-07
1.57485e-07
1.97358e-07
5.16009e-07
1.12105e-06
1.85401e-06
2.35937e-06
2.18618e-06
1.46566e-06
9.2752e-07
6.80571e-07
6.74009e-07
8.84821e-07
1.38926e-06
2.22718e-06
3.21265e-06
4.19848e-06
4.96393e-06
4.99122e-06
3.78357e-06
1.85538e-06
3.30507e-07
0
0
0
3.74325e-07
1.73302e-06
3.42534e-06
4.07274e-06
3.65448e-06
2.05184e-06
0
0
0
0
0
1.3372e-06
1.68058e-06
0
0
0
0
0
0
0
2.00279e-06
6.19729e-06
1.83642e-05
1.17049e-05
0
0
0
0
3.09963e-06
4.01986e-06
4.4962e-06
4.56639e-06
4.49024e-06
4.38073e-06
4.08873e-06
3.86277e-06
3.74605e-06
3.58987e-06
3.35497e-06
3.17102e-06
3.16726e-06
3.3122e-06
3.15264e-06
2.76145e-06
2.06571e-06
9.93184e-07
0
0
0
0
0
0
0
0
0
0
0
0
0
0
0
0
8.18172e-07
1.72267e-06
2.59258e-06
3.49555e-06
4.50567e-06
5.62582e-06
6.83293e-06
8.04836e-06
9.0371e-06
9.46679e-06
9.19095e-06
8.46335e-06
7.10241e-06
4.47697e-06
2.76558e-07
0
0
0
0
8.82652e-06
9.7449e-06
3.90788e-06
0
0
0
0
8.8004e-07
0
0
0
0
0
0
7.0741e-06
9.08201e-06
7.64754e-06
5.0497e-06
2.23749e-06
7.62624e-07
2.00593e-06
1.22736e-05
2.40398e-05
0
0
0
0
0
8.42736e-06
1.82079e-05
1.51516e-05
1.05882e-05
7.3433e-06
5.01123e-06
3.32116e-06
1.27576e-06
0
0
0
0
0
0
0
0
1.93485e-06
8.31894e-06
1.34969e-05
1.80883e-05
1.95837e-05
8.88011e-06
8.76946e-07
0
0
0
0
0
0
0
6.85883e-07
8.36958e-07
1.05263e-06
1.2821e-06
1.40597e-06
1.41194e-06
1.31452e-06
1.16908e-06
1.01931e-06
8.66045e-07
6.99264e-07
5.16437e-07
3.04929e-07
7.3473e-08
0
0
0
0
0
0
1.2941e-06
2.60999e-06
2.8509e-06
2.25955e-06
1.43781e-06
7.73086e-07
4.65567e-07
5.77221e-07
1.09538e-06
2.04776e-06
3.32156e-06
4.50331e-06
5.1132e-06
4.76574e-06
3.64572e-06
2.39141e-06
1.34033e-06
5.59356e-07
0
0
0
6.65188e-08
1.03739e-06
2.4845e-06
1.78529e-06
4.15509e-07
1.1864e-07
0
0
0
0
0
4.2902e-07
2.15881e-06
1.25059e-06
3.96872e-07
0
0
0
0
7.96554e-09
2.56004e-06
8.45107e-06
1.47902e-05
4.06317e-06
0
0
0
2.49766e-06
3.71858e-06
4.35199e-06
4.5093e-06
4.46136e-06
4.34818e-06
4.08104e-06
3.70613e-06
3.46588e-06
3.37865e-06
3.25766e-06
3.00542e-06
2.78855e-06
2.81617e-06
2.84721e-06
2.5073e-06
2.09084e-06
1.51211e-06
5.8199e-07
0
0
0
0
0
0
0
0
0
0
0
0
0
0
0
0
2.19195e-07
1.63951e-06
2.8959e-06
4.05907e-06
5.20474e-06
6.33608e-06
7.39983e-06
8.21056e-06
8.48015e-06
8.07885e-06
7.18214e-06
5.43694e-06
1.92611e-06
0
0
0
0
0
5.28927e-06
8.34041e-06
5.22264e-06
0
0
3.09976e-06
8.11261e-07
0
0
0
0
0
0
0
3.78705e-07
7.83769e-06
9.15925e-06
7.23668e-06
5.10481e-06
4.0334e-06
3.16003e-06
2.94229e-06
3.62144e-06
0
0
0
0
0
0
3.6124e-07
1.32944e-05
1.19511e-05
8.36087e-06
5.69465e-06
3.85371e-06
2.32543e-06
0
0
0
0
0
0
0
0
0
3.81179e-06
1.15952e-05
1.67005e-05
1.9568e-05
2.07333e-05
1.42476e-05
2.33607e-06
0
0
0
0
0
0
8.23953e-07
1.45759e-06
1.40535e-06
1.39759e-06
1.43324e-06
1.42766e-06
1.38406e-06
1.33774e-06
1.30915e-06
1.28957e-06
1.24572e-06
1.16564e-06
1.03772e-06
8.55569e-07
6.96729e-07
7.126e-07
8.04371e-07
7.50986e-07
8.22976e-07
1.28076e-06
1.87485e-06
2.15796e-06
1.91607e-06
1.39196e-06
7.7872e-07
2.53028e-07
0
1.29108e-07
7.08737e-07
1.62401e-06
2.78686e-06
4.0547e-06
5.03641e-06
5.38781e-06
4.98193e-06
4.02783e-06
2.84928e-06
1.63367e-06
6.36389e-07
0
0
0
0
0
0
1.13634e-06
7.50204e-08
0
0
0
0
0
0
8.68694e-07
2.6385e-06
2.15069e-06
1.78641e-06
7.22567e-07
9.76685e-07
9.31025e-07
5.68637e-07
4.61916e-07
1.95054e-06
7.40158e-06
6.0612e-06
2.92166e-07
0
0
1.93708e-06
3.32862e-06
3.98791e-06
4.19057e-06
4.13318e-06
3.96933e-06
3.75156e-06
3.4376e-06
3.17614e-06
3.01e-06
2.92021e-06
2.77313e-06
2.4866e-06
2.24116e-06
2.25558e-06
2.21208e-06
1.82651e-06
1.38909e-06
9.6913e-07
2.69343e-07
0
0
0
0
0
0
0
0
0
0
0
0
0
0
0
0
0
0
1.67744e-07
1.86157e-06
3.37423e-06
4.6307e-06
5.4785e-06
5.72018e-06
5.0423e-06
3.34814e-06
6.93354e-07
0
0
0
0
0
0
4.43986e-06
6.90185e-06
5.80363e-06
1.50165e-07
0
4.48868e-06
7.3884e-06
8.11518e-06
0
0
0
0
0
0
1.9634e-06
5.97845e-06
9.87837e-06
9.43275e-06
7.41041e-06
6.36789e-06
6.03928e-06
4.33314e-06
1.32042e-06
0
0
0
0
0
0
0
0
8.70589e-06
8.16934e-06
5.58018e-06
3.74698e-06
2.55181e-06
1.00559e-06
0
0
0
0
0
0
0
0
0
5.90192e-06
1.62453e-05
2.14841e-05
2.24574e-05
2.08388e-05
1.67681e-05
5.8213e-06
0
0
0
0
0
0
2.32837e-06
3.04048e-06
2.92168e-06
2.60566e-06
2.14306e-06
1.55772e-06
1.01538e-06
6.78855e-07
6.35151e-07
8.86169e-07
1.34093e-06
1.87548e-06
2.34855e-06
2.62081e-06
2.68683e-06
2.63763e-06
2.41821e-06
2.0183e-06
1.57461e-06
1.17006e-06
7.78729e-07
3.95812e-07
2.67074e-08
0
0
0
8.15259e-07
2.18762e-06
3.83797e-06
5.37458e-06
6.49225e-06
7.15831e-06
7.07815e-06
6.0664e-06
4.35623e-06
2.40047e-06
7.54974e-07
0
0
0
0
0
0
0
0
1.64462e-06
6.61422e-07
3.77371e-07
5.8758e-07
6.60199e-07
1.68028e-07
0
0
5.36252e-07
1.91643e-06
1.88191e-06
1.24906e-06
5.78762e-07
1.02416e-06
1.3273e-06
8.86645e-07
3.51201e-07
1.06494e-06
4.86903e-06
3.53141e-06
0
0
1.70664e-06
3.10837e-06
3.53143e-06
3.6175e-06
3.38114e-06
2.98276e-06
2.61713e-06
2.2972e-06
2.06582e-06
1.95458e-06
1.91032e-06
1.85582e-06
1.71311e-06
1.48461e-06
1.309e-06
1.30067e-06
1.23136e-06
8.79619e-07
4.37193e-07
1.03709e-07
0
0
0
0
0
0
0
0
0
0
0
0
0
0
0
0
0
0
0
0
0
0
0
0
0
0
0
0
0
0
0
1.54506e-06
3.70546e-06
5.18511e-06
6.07283e-06
5.59787e-06
2.38967e-06
0
3.55339e-06
6.595e-06
7.21818e-06
6.0095e-06
0
0
0
0
0
0
1.4208e-06
7.63488e-06
1.08223e-05
9.69585e-06
8.10478e-06
8.29787e-06
7.64997e-06
4.71511e-06
0
0
0
0
0
0
0
0
0
5.20337e-06
4.39509e-06
2.73473e-06
1.84274e-06
1.14285e-06
0
0
0
0
0
0
0
0
0
0
3.36872e-06
1.88131e-05
2.81931e-05
2.77801e-05
2.25583e-05
1.66205e-05
8.88513e-06
3.55388e-08
0
0
0
0
0
4.81052e-06
5.88379e-06
6.11762e-06
6.06592e-06
5.78027e-06
5.31784e-06
4.81367e-06
4.20212e-06
3.66258e-06
3.32879e-06
3.19803e-06
3.14267e-06
3.03453e-06
2.8831e-06
2.76431e-06
2.53718e-06
2.11191e-06
1.64405e-06
1.17916e-06
7.17361e-07
2.94108e-07
0
0
0
0
0
0
1.18029e-08
1.35345e-06
2.98937e-06
4.5338e-06
5.51143e-06
5.26648e-06
2.92639e-06
0
0
0
0
0
0
0
0
9.03596e-07
1.54714e-06
1.53062e-06
2.39189e-06
2.26198e-06
1.87517e-06
1.0199e-06
0
0
0
0
0
2.25763e-07
1.34598e-06
1.28751e-06
3.75968e-07
0
0
0
0
0
3.72993e-07
9.12237e-07
0
2.04284e-06
2.20406e-06
1.83995e-06
1.49915e-06
1.19065e-06
9.1226e-07
6.50721e-07
3.68518e-07
1.12154e-07
0
0
0
0
0
0
0
0
0
0
0
0
0
0
0
0
0
0
0
0
0
0
0
0
0
0
0
0
0
0
0
0
0
0
0
0
0
0
0
0
0
2.01745e-06
4.25443e-06
5.40522e-06
5.41751e-06
5.0199e-06
4.40267e-06
3.14524e-06
1.80396e-06
2.62962e-06
4.37383e-06
4.89525e-06
3.17859e-06
0
1.0549e-06
2.7499e-06
4.49214e-06
3.15871e-06
0
0
0
5.9038e-06
9.99354e-06
9.41155e-06
9.03754e-06
9.80027e-06
8.49421e-06
4.68976e-06
0
0
0
0
0
0
0
0
0
2.17279e-06
6.43286e-07
0
0
0
0
0
0
0
0
0
0
0
2.91849e-05
4.29051e-05
0
0
2.56258e-05
3.24172e-05
2.53964e-05
1.67081e-05
9.45255e-06
1.70323e-06
0
0
0
0
0
4.77351e-06
6.21549e-06
6.99798e-06
7.65435e-06
8.21334e-06
8.64144e-06
9.12914e-06
9.86921e-06
1.02713e-05
1.00606e-05
9.039e-06
7.25608e-06
5.15151e-06
3.36502e-06
2.22335e-06
1.57402e-06
1.27817e-06
1.23124e-06
1.16265e-06
8.57073e-07
3.01117e-07
0
0
0
0
0
0
0
0
3.45642e-06
7.69037e-06
9.55966e-06
5.21823e-06
0
0
0
0
0
0
0
0
0
0
1.70128e-06
7.06598e-06
1.187e-05
7.84262e-06
4.17721e-06
5.46342e-07
0
0
0
0
0
0
0
0
0
0
0
0
0
0
0
0
0
0
0
0
0
0
0
0
0
0
0
0
0
0
0
0
0
0
0
0
0
0
0
0
0
0
0
0
0
0
0
0
0
0
0
0
0
0
0
0
0
0
0
0
0
0
0
7.38139e-07
2.29551e-06
3.49259e-06
4.05139e-06
4.40111e-06
4.54676e-06
4.24059e-06
3.62348e-06
3.13939e-06
3.16212e-06
3.60934e-06
3.31431e-06
2.8113e-06
2.52532e-06
1.00957e-06
0
0
2.21801e-06
4.81516e-06
0
0
0
0
0
3.18666e-06
7.97184e-06
8.31011e-06
9.39038e-06
1.03733e-05
8.57175e-06
4.63174e-06
0
0
0
0
0
0
0
0
7.24796e-07
0
0
0
0
0
0
0
0
0
0
0
0
1.83625e-05
4.00521e-05
3.06163e-05
0
0
4.65348e-06
2.6389e-05
2.43431e-05
1.55676e-05
8.3245e-06
1.81306e-06
0
0
0
0
0
8.64784e-06
1.10429e-05
1.29371e-05
1.47256e-05
1.63685e-05
1.77759e-05
1.88861e-05
1.95732e-05
1.96637e-05
1.89716e-05
1.73729e-05
1.49041e-05
1.17739e-05
8.28145e-06
4.87427e-06
2.03285e-06
7.63861e-08
0
0
0
0
0
0
0
0
0
0
0
4.14906e-06
1.39036e-05
2.25768e-05
2.49486e-05
1.75994e-05
4.00071e-06
0
0
0
0
0
0
0
0
1.19654e-06
1.05473e-05
2.23323e-05
2.90483e-05
2.77595e-05
2.39874e-05
2.12077e-05
1.96157e-05
1.62262e-05
1.09548e-05
5.83816e-06
2.0378e-06
0
0
0
0
0
0
0
0
0
0
0
0
0
0
0
0
0
0
0
0
0
0
0
0
0
0
0
0
0
0
0
0
0
0
0
0
0
0
0
0
0
1.06289e-07
1.23479e-07
0
0
0
0
0
0
6.44904e-08
4.62626e-07
8.48584e-07
1.1811e-06
1.44826e-06
1.60352e-06
1.66657e-06
1.64156e-06
1.62948e-06
2.13767e-06
2.9182e-06
3.23888e-06
3.06933e-06
2.8399e-06
2.72128e-06
2.6263e-06
2.74706e-06
3.43944e-06
4.43065e-06
4.25967e-06
2.41136e-06
5.45543e-07
0
0
0
0
2.88809e-06
1.187e-06
0
0
0
0
0
0
4.51576e-06
5.8158e-06
8.12838e-06
9.25016e-06
7.78419e-06
4.85444e-06
0
0
0
0
0
0
3.13129e-06
6.25177e-06
0
0
0
0
0
0
0
0
0
0
0
0
3.19337e-06
1.6745e-05
2.101e-05
1.35277e-05
7.82705e-07
0
0
1.36052e-05
1.65507e-05
1.07721e-05
4.91132e-06
0
0
0
0
0
0
1.71816e-05
1.93416e-05
2.12229e-05
2.32969e-05
2.4838e-05
2.55656e-05
2.53671e-05
2.4239e-05
2.23168e-05
1.99667e-05
1.77377e-05
1.61938e-05
1.56522e-05
1.58727e-05
1.58037e-05
1.50907e-05
1.34503e-05
1.06761e-05
7.00673e-06
2.97366e-06
0
0
0
0
0
0
0
0
0
0
1.28563e-06
4.73253e-06
3.52695e-06
0
0
0
0
0
0
0
0
0
8.08935e-06
2.01126e-05
3.13542e-05
3.58088e-05
3.19791e-05
2.37255e-05
1.57573e-05
1.10767e-05
1.06389e-05
1.33287e-05
1.58154e-05
1.47818e-05
1.00032e-05
3.78783e-06
0
0
0
0
0
0
0
0
0
0
0
0
0
0
0
0
0
0
0
0
0
0
0
0
0
0
0
0
0
0
0
0
0
0
0
0
3.16383e-07
1.30806e-06
2.36924e-06
3.21978e-06
3.72054e-06
3.88017e-06
3.78708e-06
3.5505e-06
3.26906e-06
3.03095e-06
2.83406e-06
2.67218e-06
2.55414e-06
2.4554e-06
2.32528e-06
2.16863e-06
1.96905e-06
1.78206e-06
1.75957e-06
1.95639e-06
2.20041e-06
2.24868e-06
2.09521e-06
1.9684e-06
2.13721e-06
2.5366e-06
2.78996e-06
3.05013e-06
3.53263e-06
3.63599e-06
2.05099e-06
0
0
0
0
0
6.45122e-07
4.00779e-06
0
0
0
0
0
0
0
0
1.5376e-06
5.33953e-06
6.77725e-06
7.03058e-06
5.76711e-06
6.88739e-07
0
0
0
0
1.20448e-05
2.43043e-05
8.11012e-06
0
0
0
0
0
0
0
0
0
0
0
0
2.32694e-06
6.60449e-06
7.77016e-06
7.91442e-06
6.90518e-06
5.10033e-06
4.48178e-06
6.68287e-06
6.74864e-06
3.09435e-06
0
0
0
0
0
0
0
2.85464e-05
2.9667e-05
2.86665e-05
2.7039e-05
2.48775e-05
2.17941e-05
1.8191e-05
1.48167e-05
1.18391e-05
1.02223e-05
1.0452e-05
1.23702e-05
1.53108e-05
1.80174e-05
1.96838e-05
1.97896e-05
1.76192e-05
1.28316e-05
6.03907e-06
0
0
0
0
0
0
0
0
0
0
0
0
0
0
0
0
4.88387e-06
3.55156e-05
5.76314e-05
6.51192e-05
6.47651e-05
6.70006e-05
7.57543e-05
8.5892e-05
8.97168e-05
8.12267e-05
6.09558e-05
3.87231e-05
2.0639e-05
6.0878e-06
0
0
0
0
0
0
0
0
0
0
0
0
0
0
0
0
0
0
0
0
0
0
0
0
0
0
0
0
0
0
0
0
0
0
0
0
0
0
0
0
5.33317e-07
1.30681e-06
2.03261e-06
2.87299e-06
3.99121e-06
5.35064e-06
6.62854e-06
7.56301e-06
8.04252e-06
8.11907e-06
7.93247e-06
7.61485e-06
7.26373e-06
6.9353e-06
6.65874e-06
6.31816e-06
5.87735e-06
5.34215e-06
4.78182e-06
4.22339e-06
3.76432e-06
3.57008e-06
3.55448e-06
3.2896e-06
2.77806e-06
2.50446e-06
2.54596e-06
2.70958e-06
2.57016e-06
1.88706e-06
1.61576e-06
2.26168e-06
2.38609e-06
0
0
0
0
0
0
4.96595e-06
6.69785e-06
3.01367e-07
0
0
0
0
0
0
0
0
2.58673e-06
4.88075e-06
6.96753e-06
7.64711e-06
4.10789e-06
0
0
0
0
5.20016e-05
2.27379e-05
2.01813e-06
0
0
0
0
0
0
0
0
0
1.83939e-06
8.8839e-07
0
0
0
2.63954e-07
6.48209e-06
1.11849e-05
1.14884e-05
7.88882e-06
3.18983e-06
0
0
0
0
0
0
0
0
0
2.71492e-05
2.7671e-05
2.56529e-05
2.30137e-05
2.04013e-05
1.82484e-05
1.60408e-05
1.32108e-05
9.91475e-06
6.60019e-06
3.79466e-06
1.76037e-06
3.6283e-07
0
0
0
0
0
0
0
0
6.29936e-07
6.0208e-06
1.15141e-05
1.46862e-05
1.37815e-05
8.54918e-06
0
0
0
0
0
0
0
0
0
5.05322e-06
2.52723e-05
4.21463e-05
4.83824e-05
4.12633e-05
3.21529e-05
2.65538e-05
2.4136e-05
2.52676e-05
2.93735e-05
2.91872e-05
1.89072e-05
5.80114e-06
0
0
0
0
0
0
0
0
0
0
0
0
0
0
0
0
0
0
0
0
0
0
0
0
0
0
0
0
0
0
0
0
0
0
0
0
0
0
0
0
0
9.92855e-07
2.30389e-06
3.59165e-06
5.01261e-06
6.61488e-06
8.20876e-06
9.45016e-06
1.01363e-05
1.03138e-05
1.01468e-05
9.79333e-06
9.41737e-06
9.02608e-06
8.62204e-06
8.22233e-06
7.76619e-06
7.13769e-06
6.3418e-06
5.40143e-06
4.64608e-06
4.23379e-06
3.94318e-06
3.41661e-06
2.65433e-06
2.21913e-06
1.9827e-06
1.7608e-06
1.2636e-06
5.21069e-07
1.34477e-06
3.32139e-06
2.76308e-06
0
0
0
0
0
3.63396e-06
9.87149e-06
1.20363e-05
7.7066e-06
5.96298e-08
0
0
0
0
0
0
0
6.32741e-07
4.71677e-06
9.05878e-06
1.15764e-05
1.0199e-05
0
0
0
2.39293e-05
3.07679e-05
6.52886e-06
0
0
0
0
0
0
0
0
0
2.97217e-06
6.3083e-06
5.91027e-06
0
0
0
0
8.64354e-06
1.65884e-05
1.60582e-05
8.64942e-06
0
0
0
0
0
0
0
0
0
0
3.10608e-05
2.97327e-05
2.6315e-05
2.15248e-05
1.55267e-05
8.57567e-06
1.19187e-06
0
0
0
0
0
0
0
0
0
0
0
2.12734e-08
5.29873e-06
9.79615e-06
1.38379e-05
1.74039e-05
2.04824e-05
2.37907e-05
2.35011e-05
1.72604e-05
5.39215e-06
0
0
0
0
0
0
0
0
0
8.14629e-06
1.41992e-05
2.18866e-05
3.32183e-05
4.46038e-05
4.98999e-05
4.96766e-05
4.83728e-05
4.76877e-05
4.43609e-05
3.61318e-05
2.54381e-05
1.61156e-05
1.05393e-05
7.82753e-06
4.37102e-06
0
0
0
0
0
0
0
0
0
0
0
0
0
0
0
0
0
0
0
0
0
0
0
0
0
0
0
0
0
0
0
0
0
0
0
0
0
4.89617e-07
1.89284e-06
2.98659e-06
3.93177e-06
4.94228e-06
5.89066e-06
6.48915e-06
6.65257e-06
6.50001e-06
6.1886e-06
5.80949e-06
5.43341e-06
5.16134e-06
4.99421e-06
4.83246e-06
4.50946e-06
4.10453e-06
3.40013e-06
2.40949e-06
1.96093e-06
2.21706e-06
2.67919e-06
2.45864e-06
1.63823e-06
1.61667e-06
1.74047e-06
1.90368e-06
1.74134e-06
1.2088e-06
2.68181e-06
3.62587e-06
9.56352e-07
0
0
0
0
4.54347e-07
4.76908e-06
1.06104e-05
1.3848e-05
1.40514e-05
1.19088e-05
5.50938e-06
0
0
0
0
0
0
0
6.98098e-06
1.3389e-05
1.693e-05
1.62974e-05
9.97278e-06
0
0
7.87479e-06
3.02812e-06
0
0
0
0
0
0
0
0
0
1.50311e-06
4.78699e-06
1.02526e-05
1.24154e-05
2.20372e-06
0
0
0
1.16632e-05
2.19725e-05
1.83364e-05
6.17626e-06
0
0
0
0
0
0
0
0
0
0
3.2963e-05
2.27407e-05
1.27034e-05
1.97424e-06
0
0
0
0
0
0
0
0
0
0
0
0
0
0
0
0
1.49347e-06
4.36231e-06
1.01363e-05
2.2458e-05
4.09031e-05
6.30461e-05
8.27534e-05
8.90991e-05
7.1441e-05
3.46764e-05
0
0
0
0
0
2.00016e-05
2.3997e-05
1.96479e-05
1.56119e-05
1.4922e-05
1.73518e-05
2.05273e-05
2.20509e-05
2.11896e-05
1.85687e-05
1.49483e-05
1.13479e-05
1.08149e-05
1.54304e-05
2.24226e-05
2.59712e-05
2.3544e-05
1.76504e-05
1.06342e-05
3.70205e-06
0
0
0
0
0
0
0
0
0
0
0
0
0
0
0
0
0
0
0
0
0
0
0
0
3.75061e-07
1.35312e-06
1.12658e-06
0
0
0
0
0
0
0
0
5.30424e-07
1.4725e-06
1.81462e-06
2.0643e-06
2.44615e-06
2.69379e-06
2.56094e-06
2.1567e-06
1.71931e-06
1.32014e-06
9.60246e-07
6.09414e-07
3.14379e-07
2.57524e-07
2.67144e-07
1.9845e-07
1.65213e-07
0
0
0
2.81644e-07
2.06717e-06
1.70606e-06
1.0561e-06
2.43902e-06
2.95169e-06
2.74616e-06
2.19516e-06
1.18388e-06
1.89636e-06
1.70091e-06
0
0
0
0
0
0
3.68661e-06
1.0175e-05
1.47118e-05
1.87862e-05
2.00802e-05
1.58096e-05
1.27965e-05
1.10443e-05
0
0
0
0
1.43713e-06
1.255e-05
1.94129e-05
2.23772e-05
2.16826e-05
1.64706e-05
6.34266e-06
0
0
0
0
0
0
0
0
0
0
0
0
3.63526e-06
2.16713e-06
1.13033e-05
1.96589e-05
1.04324e-05
0
0
0
1.35062e-05
2.68669e-05
1.86376e-05
1.19872e-06
0
0
0
0
0
0
0
0
0
0
0
0
0
0
0
0
0
0
0
0
0
0
0
0
0
0
0
0
0
0
0
5.57522e-07
1.72432e-05
4.05668e-05
7.52736e-05
9.52705e-05
8.34884e-05
5.7523e-05
3.33119e-05
1.44188e-05
6.77441e-07
0
0
8.66248e-06
3.31932e-05
5.38629e-05
4.15798e-05
2.24759e-05
1.36282e-05
1.20919e-05
1.49426e-05
1.96079e-05
2.27805e-05
2.4103e-05
2.41792e-05
2.26652e-05
1.81622e-05
1.1651e-05
6.31857e-06
4.57438e-06
3.73649e-06
1.95591e-06
0
0
0
0
0
0
0
6.59346e-07
2.9741e-06
5.61784e-06
8.62581e-06
1.0282e-05
1.04205e-05
9.6831e-06
8.62284e-06
7.48364e-06
6.18395e-06
5.01487e-06
3.88403e-06
2.20296e-06
5.66279e-07
0
0
0
0
0
0
6.74433e-07
1.55042e-06
2.39316e-06
2.41755e-06
7.15577e-07
0
0
0
0
0
0
0
0
0
0
0
0
0
0
0
0
0
0
0
0
0
0
0
0
0
0
0
2.35702e-06
1.21579e-06
1.09393e-06
3.3598e-06
3.27935e-06
2.05482e-06
7.61241e-07
0
1.12001e-06
1.40689e-06
0
0
0
0
0
0
4.58668e-06
1.21029e-05
1.74696e-05
2.16558e-05
2.10304e-05
1.52641e-05
1.03594e-05
3.8902e-06
0
0
0
0
7.44391e-06
1.83363e-05
2.33101e-05
2.4965e-05
2.37907e-05
1.92201e-05
1.06665e-05
0
0
0
0
0
0
0
0
0
0
0
0
8.73203e-06
0
7.57407e-06
2.27548e-05
2.25185e-05
0
0
0
1.36235e-05
2.98595e-05
1.53698e-05
0
0
0
0
0
0
0
0
0
0
0
0
0
0
0
0
0
0
0.000139709
0.000140319
9.17251e-05
4.51262e-05
1.30103e-05
0
0
0
0
0
0
0
0
0
0
0
0
3.73997e-06
1.65696e-05
2.38777e-05
2.21463e-05
1.60285e-05
9.26908e-06
3.74306e-06
3.39739e-07
0
1.33313e-06
5.09239e-06
7.88789e-06
3.79243e-06
0
0
0
0
2.76836e-06
5.89589e-06
8.77233e-06
1.11875e-05
1.23027e-05
1.27052e-05
1.199e-05
5.56161e-06
0
0
0
0
0
0
0
2.25086e-06
5.3086e-06
6.8988e-06
7.36485e-06
8.09743e-06
9.34873e-06
1.07772e-05
1.17766e-05
1.11887e-05
9.48179e-06
7.58507e-06
6.29488e-06
5.56434e-06
4.71757e-06
3.67504e-06
2.35244e-06
1.32298e-06
1.15973e-06
1.3778e-06
1.29728e-06
8.58575e-07
3.96787e-07
3.19859e-07
8.09787e-07
1.57862e-06
2.08563e-06
2.67019e-06
4.26088e-06
5.37175e-06
4.33316e-06
6.95044e-07
0
0
0
0
0
0
0
0
0
0
0
0
0
0
0
0
0
0
0
0
0
0
0
1.68004e-06
4.45143e-06
1.97455e-06
2.00315e-06
3.78184e-06
2.63398e-06
1.23083e-06
8.13912e-08
0
3.0253e-06
3.34693e-06
6.90251e-07
0
0
0
0
0
7.34359e-06
1.45072e-05
2.06262e-05
2.36983e-05
2.07753e-05
1.35919e-05
7.22199e-06
1.94557e-07
0
0
0
0
1.39325e-05
2.23025e-05
2.55944e-05
2.63874e-05
2.48226e-05
2.04931e-05
1.27451e-05
1.04189e-06
0
0
0
0
0
0
0
0
0
0
0
6.18166e-06
0
3.6717e-06
2.17304e-05
2.92263e-05
1.46203e-05
0
0
1.21794e-05
2.96875e-05
7.70775e-06
0
0
0
0
0
0
0
0
0
0
0
0
0
0
0
5.99661e-05
9.71697e-05
4.25232e-05
0
0
0
0
7.10484e-06
1.70801e-05
1.16669e-05
0
0
0
0
0
3.66376e-05
4.86525e-05
2.49157e-05
6.45982e-06
0
0
4.98736e-06
1.03714e-05
1.2972e-05
1.26296e-05
1.07223e-05
8.9882e-06
8.51183e-06
9.43139e-06
1.08759e-05
1.1323e-05
9.59926e-06
5.7339e-06
1.07037e-06
0
0
0
0
0
0
2.42665e-06
6.01551e-06
9.14761e-06
1.32327e-05
1.97878e-05
0
0
0
0
0
0
0
5.1755e-06
1.18749e-05
1.62289e-05
1.69674e-05
1.586e-05
1.56632e-05
1.69227e-05
1.81292e-05
1.78077e-05
1.57651e-05
1.2671e-05
1.01605e-05
8.68448e-06
7.03162e-06
4.76042e-06
2.90995e-06
1.81908e-06
1.4617e-06
1.49092e-06
1.39661e-06
9.70197e-07
5.63188e-07
7.36677e-07
1.68774e-06
2.60951e-06
2.43135e-06
1.82071e-06
2.49891e-06
4.44344e-06
3.86471e-06
0
0
0
0
0
0
0
0
0
0
0
0
0
0
0
0
0
0
0
0
0
0
0
0
5.23805e-06
5.85176e-06
1.38178e-06
2.73602e-06
4.0564e-06
1.74753e-06
1.18606e-06
1.3861e-06
1.15707e-06
3.39372e-06
6.03982e-06
3.39595e-06
0
0
0
0
2.2139e-06
7.60621e-06
1.53345e-05
2.1341e-05
2.38359e-05
2.12364e-05
1.41477e-05
7.14265e-06
0
0
0
0
1.78738e-06
1.67987e-05
2.33634e-05
2.62369e-05
2.71095e-05
2.57165e-05
2.16552e-05
1.42385e-05
1.83383e-06
0
0
0
0
0
0
0
0
0
0
0
0
0
2.77972e-06
2.02058e-05
2.98432e-05
2.86295e-05
4.67074e-07
0
9.41812e-06
2.50788e-05
0
0
0
0
0
0
0
0
0
0
0
0
0
0
0
1.79031e-05
4.07278e-05
4.2482e-05
7.17285e-06
0
0
0
0
0
0
0
0
0
0
0
0
2.08607e-05
4.3358e-05
3.91914e-05
2.37816e-05
1.09522e-05
4.19947e-06
2.18242e-06
2.38427e-06
3.17344e-06
4.37744e-06
6.35298e-06
9.30245e-06
1.31358e-05
1.7655e-05
2.17892e-05
2.5402e-05
2.86618e-05
3.23108e-05
3.7773e-05
3.52488e-05
2.25006e-05
1.05962e-05
2.72833e-06
2.49224e-07
8.06635e-07
1.79476e-06
1.67505e-06
3.91457e-07
0
0
2.94579e-07
7.60473e-07
7.93221e-07
2.73601e-07
0
0
5.77917e-08
3.49329e-07
5.23866e-07
4.78629e-07
2.72355e-07
0
0
0
0
9.6513e-08
1.81587e-07
1.8412e-07
1.60983e-07
1.98639e-07
3.17404e-07
4.72474e-07
5.67479e-07
5.62067e-07
5.42989e-07
4.83218e-07
3.42822e-07
1.72813e-07
3.10799e-08
0
0
0
0
0
0
0
0
0
0
0
0
0
0
0
0
0
0
0
0
0
0
0
0
0
0
0
0
0
0
0
0
2.11235e-07
1.02527e-06
0
7.76809e-07
1.50173e-06
7.85787e-07
6.40151e-07
1.76814e-07
2.30183e-07
3.67435e-06
9.62118e-06
4.62992e-06
4.47846e-07
2.19508e-06
2.79856e-06
1.11743e-06
2.34358e-06
1.08031e-05
1.58831e-05
1.91753e-05
2.12997e-05
2.08358e-05
1.61412e-05
9.46972e-06
4.37286e-07
0
0
0
3.7862e-06
1.44949e-05
2.08114e-05
2.44945e-05
2.62737e-05
2.5853e-05
2.28017e-05
1.6123e-05
2.84081e-06
0
0
0
0
0
0
0
0
0
0
0
0
0
3.86373e-06
1.94958e-05
2.64306e-05
3.18573e-05
1.91799e-05
0
5.38147e-06
1.50407e-05
0
0
0
0
0
0
0
0
0
0
0
0
0
0
0
0
0
0
0
0
0
0
0
0
0
0
0
0
0
0
0
0
0
0
0
0
0
0
9.53773e-08
5.4299e-07
1.20278e-06
2.09758e-06
3.23674e-06
4.51535e-06
5.68595e-06
6.45635e-06
6.63645e-06
6.15861e-06
5.02264e-06
3.56542e-06
2.14012e-06
9.78491e-07
2.62452e-07
0
0
0
0
0
0
0
0
0
1.72078e-07
2.51897e-07
1.55001e-07
3.35391e-08
1.26114e-09
6.91401e-08
1.47568e-07
1.6729e-07
1.29362e-07
8.08601e-08
3.98741e-08
3.66925e-09
0
0
0
0
0
6.06147e-09
5.42887e-08
1.00115e-07
1.40263e-07
1.65148e-07
1.70985e-07
1.72491e-07
1.68952e-07
1.39481e-07
9.65378e-08
4.88025e-08
3.47373e-09
0
0
0
0
0
0
0
0
0
0
0
0
0
0
0
0
0
0
0
0
0
0
0
0
0
0
0
0
3.63485e-07
1.94033e-07
4.46618e-08
2.80325e-07
8.53342e-08
0
4.12572e-07
1.04926e-06
5.12998e-07
2.20687e-07
0
0
3.20917e-06
9.19073e-06
4.11818e-06
7.80379e-07
7.55774e-06
4.4249e-06
0
1.40915e-07
3.3706e-06
9.87465e-06
1.50881e-05
1.58314e-05
1.55588e-05
1.44434e-05
1.07448e-05
3.13498e-06
0
0
0
3.57348e-06
1.06689e-05
1.58215e-05
1.96143e-05
2.24053e-05
2.37588e-05
2.3251e-05
1.95632e-05
6.05679e-06
0
0
0
0
0
0
0
0
0
0
0
0
0
5.86212e-06
1.90632e-05
2.34768e-05
2.56002e-05
2.99416e-05
3.81906e-06
1.76162e-07
0
0
0
0
0
0
0
0
0
0
6.43407e-07
0
0
0
0
0
0
0
0
0
0
0
0
0
0
0
0
0
0
0
0
0
0
0
0
0
0
0
0
5.51461e-09
1.40972e-08
2.04017e-08
2.62927e-08
3.33242e-08
4.24801e-08
5.36734e-08
6.56573e-08
7.75216e-08
8.84799e-08
9.58866e-08
9.47025e-08
8.45868e-08
7.53473e-08
6.83604e-08
7.5137e-08
8.95929e-08
1.00224e-07
1.31861e-07
1.13945e-07
1.14927e-07
2.56959e-07
3.24027e-07
8.4862e-08
0
0
0
1.84236e-08
1.20745e-07
2.04675e-07
2.17639e-07
1.57716e-07
7.09897e-08
2.66425e-08
2.8891e-08
5.67374e-08
7.9993e-08
8.26241e-08
5.42206e-08
8.47174e-09
0
0
0
0
0
0
0
0
0
0
0
0
0
0
0
0
0
0
0
0
0
1.07206e-08
2.67241e-08
4.02743e-08
4.06974e-08
4.7452e-08
8.50404e-08
1.15991e-07
1.64477e-07
2.35432e-07
2.10925e-07
1.66851e-07
2.12739e-07
1.37418e-07
5.29043e-08
2.03093e-07
3.09124e-08
0
2.02191e-07
4.66478e-07
0
0
0
0
2.54469e-07
1.35948e-08
0
4.16072e-07
1.40285e-06
3.95341e-07
0
0
0
6.79147e-07
6.74857e-06
2.899e-06
3.53504e-06
4.8916e-06
0
2.79683e-08
3.03717e-06
5.06757e-06
7.75129e-06
1.05151e-05
1.12555e-05
9.86257e-06
7.37736e-06
4.26852e-06
8.39975e-07
0
0
0
1.04749e-07
2.04428e-06
4.7219e-06
7.60355e-06
1.03268e-05
1.27042e-05
1.38072e-05
1.25666e-05
6.39184e-06
0
0
0
0
0
0
0
0
0
0
0
0
0
8.43082e-06
2.15121e-05
2.59642e-05
1.98174e-05
1.88205e-05
1.86467e-05
1.77617e-06
0
0
0
0
0
0
0
0
0
4.48494e-08
5.00011e-07
3.60801e-08
0
0
0
0
0
0
0
0
0
0
0
0
0
0
0
0
0
0
0
0
0
0
0
0
0
0
4.90576e-09
0
0
0
0
0
0
0
0
0
0
0
0
0
0
0
1.84586e-08
9.6734e-08
2.17259e-07
3.88059e-07
4.98643e-07
7.40365e-07
1.3268e-06
1.64224e-06
9.89373e-07
3.78919e-08
0
0
0
0
0
1.18419e-08
3.02631e-08
3.90536e-09
1.43932e-08
4.92027e-08
7.82061e-08
8.97948e-08
9.13131e-08
5.95074e-08
6.08395e-11
0
0
0
0
0
0
0
0
0
0
0
0
0
0
0
0
3.19363e-08
7.42449e-08
1.21789e-07
1.68296e-07
2.08736e-07
2.39276e-07
2.67294e-07
2.92445e-07
3.02503e-07
3.21384e-07
3.44894e-07
3.29279e-07
3.15083e-07
3.11538e-07
2.55059e-07
2.18441e-07
2.44331e-07
1.74485e-07
1.30746e-07
2.18767e-07
4.5154e-08
0
3.45556e-07
7.06159e-07
0
0
0
0
0
0
0
0
7.12581e-07
0
0
0
0
0
4.02293e-06
9.22711e-07
0
0
0
2.75915e-06
9.89435e-06
1.48134e-05
2.01103e-05
2.3543e-05
1.63664e-05
8.17973e-06
2.5024e-06
2.57432e-07
0
0
0
0
0
4.91359e-08
3.364e-07
3.69403e-07
2.33032e-07
1.05751e-07
3.64804e-08
6.88972e-09
0
0
0
0
0
0
0
0
0
0
0
0
0
0
6.9929e-07
8.63576e-06
3.65808e-05
2.30833e-05
4.38079e-06
2.31885e-07
0
0
0
0
0
0
0
0
0
0
0
0
0
0
0
0
0
0
0
0
0
0
0
0
0
0
0
0
0
0
0
0
0
0
0
0
0
0
0
0
0
0
0
0
0
0
0
0
0
0
0
0
0
0
0
0
3.933e-08
2.10187e-07
4.61058e-07
7.25457e-07
1.27597e-06
2.4637e-06
3.66811e-06
3.51294e-06
1.52245e-06
0
0
0
0
0
0
0
0
0
1.56313e-08
0
0
0
0
0
0
0
0
0
0
0
0
0
0
0
0
0
0
1.88525e-08
9.38157e-08
1.61367e-07
2.21812e-07
2.73781e-07
3.14169e-07
3.43623e-07
3.60626e-07
3.66625e-07
3.71306e-07
3.68445e-07
3.51358e-07
3.38171e-07
3.22062e-07
2.86132e-07
2.62295e-07
2.48402e-07
2.06358e-07
1.86368e-07
1.97275e-07
1.36537e-07
1.13951e-07
1.56976e-07
7.98507e-10
0
2.90174e-07
8.11231e-07
0
0
0
0
0
0
0
0
0
0
0
0
0
0
5.10264e-07
0
0
0
0
3.04421e-07
2.12084e-06
3.76974e-06
6.66532e-06
1.51173e-05
3.50298e-05
1.51266e-05
1.56286e-06
0
0
0
0
0
0
0
0
0
0
0
0
0
0
0
0
0
0
0
0
0
0
0
0
0
0
6.92665e-09
2.53714e-07
1.35265e-06
1.35562e-05
3.85983e-05
1.99169e-06
0
0
0
0
0
0
0
0
0
0
0
0
0
0
0
0
0
0
0
0
0
0
0
0
0
0
0
0
0
0
0
0
0
0
0
0
0
0
0
0
0
0
0
0
0
0
0
0
0
0
0
0
0
0
0
0
0
0
1.00721e-07
3.38859e-07
6.68792e-07
1.4918e-06
4.11294e-06
1.02127e-05
1.09932e-05
7.61162e-06
4.723e-06
0
0
0
0
0
0
0
0
0
0
0
0
0
0
0
0
0
0
0
0
0
0
0
0
0
0
0
1.05663e-07
2.33305e-07
3.30133e-07
3.93842e-07
4.27822e-07
4.40013e-07
4.40771e-07
4.3478e-07
4.2426e-07
4.16593e-07
4.03484e-07
3.75882e-07
3.52294e-07
3.26094e-07
2.83573e-07
2.59004e-07
2.44628e-07
2.04579e-07
1.91614e-07
2.00112e-07
1.35164e-07
1.18677e-07
1.53883e-07
0
0
2.65152e-07
8.67657e-07
2.82141e-07
0
0
0
0
0
0
0
0
0
0
0
0
9.10599e-07
6.62274e-07
0
0
0
0
0
1.06481e-06
2.03982e-06
3.27294e-06
6.88554e-06
2.36414e-05
2.55378e-05
1.12625e-06
0
0
1.69604e-08
5.82378e-08
0
0
0
0
0
0
0
0
0
0
0
0
0
0
0
0
0
0
0
0
2.79249e-08
0
2.40605e-08
2.93634e-07
8.78618e-07
5.92187e-06
2.92942e-05
8.22727e-07
0
0
0
0
0
0
0
0
0
0
0
0
0
0
4.23205e-08
0
0
0
0
0
0
0
0
0
0
0
0
3.92967e-08
6.21278e-08
1.09047e-07
1.89056e-07
3.20206e-08
0
0
0
0
0
0
9.30692e-08
0
0
0
0
0
0
0
0
0
0
0
0
0
0
0
5.08999e-08
1.24642e-07
1.10997e-08
0
0
0
0
0
0
8.84355e-08
0
1.04106e-06
0
0
0
0
0
0
0
0
0
0
0
0
0
0
5.55464e-08
0
0
0
0
0
0
0
1.09726e-07
0
3.79805e-06
0
0
0
0
0
0
0
0
0
0
0
0
0
0
0
0
0
0
0
0
0
0
1.69465e-07
0
0
2.26481e-05
0
0
0
0
0
0
0
0
0
0
0
0
0
0
0
0
0
0
2.20342e-07
4.99953e-07
1.90605e-07
3.22154e-07
2.15699e-07
0
7.61109e-05
3.05687e-05
0
0
0
0
0
0
0
0
0
0
0
0
0
0
0
0
0
1.72065e-05
3.32626e-05
2.51634e-05
1.2479e-05
4.04988e-06
0
6.95354e-05
6.30585e-05
1.16047e-05
0
0
0
0
0
0
0
0
0
0
0
0
0
0
0
7.71473e-06
1.71547e-05
2.76002e-05
3.66485e-05
3.72438e-05
4.0602e-05
0
5.05871e-05
7.49949e-05
3.48958e-05
0
0
0
0
0
0
0
0
0
0
0
0
0
0
1.26303e-06
1.66027e-05
1.80945e-05
2.14142e-05
3.52325e-05
4.0703e-05
5.26145e-05
0
3.75982e-05
7.22319e-05
5.21808e-05
1.05239e-05
0
0
0
0
0
0
0
0
0
0
0
0
0
4.87141e-05
2.69714e-05
1.89911e-05
1.71059e-05
3.51364e-05
4.02129e-05
5.32531e-05
0
2.76014e-05
6.57359e-05
6.14014e-05
2.43034e-05
0
0
0
0
0
0
0
0
0
0
0
0
0
6.08639e-05
3.57137e-05
1.9182e-05
1.27553e-05
3.36349e-05
3.5943e-05
5.04698e-05
0
1.90837e-05
5.99729e-05
6.47435e-05
3.37881e-05
0
0
0
0
0
0
0
0
0
0
0
0
8.74532e-06
5.22609e-05
3.87834e-05
1.86313e-05
8.9722e-06
3.00993e-05
2.86597e-05
4.54035e-05
0
1.13906e-05
5.4011e-05
6.461e-05
3.89602e-05
5.43759e-06
0
0
0
0
0
0
0
0
0
0
0
1.572e-05
4.51414e-05
3.68712e-05
1.79712e-05
7.29994e-06
2.52413e-05
1.99657e-05
3.52654e-05
0
4.15511e-06
4.72018e-05
6.1182e-05
4.03997e-05
1.10302e-05
0
0
0
0
0
0
0
0
0
0
0
7.68729e-06
3.97894e-05
3.34152e-05
1.73823e-05
8.26264e-06
1.97938e-05
1.24303e-05
2.1362e-05
0
0
3.95524e-05
5.47638e-05
3.85481e-05
1.38542e-05
0
0
0
0
0
0
0
0
0
0
0
0
3.39606e-05
3.15331e-05
1.69557e-05
1.08139e-05
1.42936e-05
6.5652e-06
8.60355e-06
0
0
3.11107e-05
4.58706e-05
3.34038e-05
1.37742e-05
0
0
0
0
0
0
0
0
0
0
0
0
2.78691e-05
3.21846e-05
1.67063e-05
1.32124e-05
9.10979e-06
1.66154e-06
0
0
0
2.16591e-05
3.42927e-05
2.4915e-05
1.09472e-05
0
0
0
0
0
0
0
0
0
0
0
0
2.45849e-05
3.52703e-05
1.67269e-05
1.41584e-05
4.36859e-06
0
0
0
0
1.01773e-05
1.91434e-05
1.28625e-05
5.86063e-06
1.8925e-06
0
0
0
0
0
0
0
0
0
0
0
2.63461e-05
4.00174e-05
1.71279e-05
1.32211e-05
1.96884e-08
0
0
0
0
0
0
0
0
4.40062e-06
3.20485e-06
0
0
0
0
0
0
0
0
0
3.13728e-06
3.15787e-05
4.54238e-05
1.8114e-05
1.05666e-05
0
0
0
0
0
0
0
0
0
7.51073e-06
1.04233e-05
4.33444e-06
0
0
0
0
0
0
0
4.39898e-07
1.35125e-05
3.68843e-05
5.01947e-05
2.00405e-05
6.58105e-06
0
0
0
0
0
0
0
0
0
1.19203e-05
1.78753e-05
1.18021e-05
6.20517e-07
0
0
0
0
0
0
2.40768e-08
1.92601e-05
4.04784e-05
5.3173e-05
2.30788e-05
1.72151e-06
0
0
0
0
0
0
0
0
0
1.79471e-05
2.52805e-05
1.90894e-05
5.96611e-06
0
0
0
0
0
0
0
2.14917e-05
4.24715e-05
5.40455e-05
2.68358e-05
0
0
0
0
0
0
0
0
0
0
2.52349e-05
3.22403e-05
2.57951e-05
1.13335e-05
0
0
0
0
0
0
0
2.05854e-05
4.33983e-05
5.27643e-05
3.03503e-05
0
0
0
0
0
0
0
0
0
6.38155e-06
3.2825e-05
3.83391e-05
3.14557e-05
1.65033e-05
0
1.64832e-06
0
0
2.58502e-06
0
0
1.63133e-05
4.30352e-05
5.0304e-05
3.27716e-05
0
0
0
0
0
0
0
0
0
1.9296e-05
3.9581e-05
4.3196e-05
3.57467e-05
2.12009e-05
3.05104e-06
7.64769e-06
0
0
1.93668e-05
5.62878e-06
0
7.74527e-06
4.14902e-05
4.73105e-05
3.37438e-05
0
0
0
0
0
0
0
0
4.671e-06
3.05189e-05
4.46267e-05
4.64976e-05
3.82984e-05
2.50328e-05
7.35129e-06
1.19804e-05
0
8.67213e-06
4.24589e-05
2.05152e-05
0
0
3.86383e-05
4.41788e-05
3.34403e-05
0
0
0
0
0
0
0
1.90751e-06
2.08371e-05
3.7842e-05
4.73118e-05
4.78153e-05
3.89172e-05
2.76128e-05
1.18761e-05
9.90907e-06
0
1.76772e-05
7.40468e-05
4.06311e-05
0
0
3.42809e-05
4.04753e-05
3.19379e-05
0
0
0
0
0
0
5.46464e-06
1.70486e-05
2.90571e-05
4.0357e-05
4.69743e-05
4.64143e-05
3.73739e-05
2.82548e-05
1.51635e-05
0
0
2.5877e-05
0.000116595
6.74937e-05
0
0
2.76233e-05
3.58308e-05
2.91461e-05
0
0
0
0
0
4.37897e-06
1.32151e-05
2.38133e-05
3.34825e-05
4.25774e-05
4.81063e-05
4.60548e-05
3.73764e-05
2.98975e-05
1.61019e-05
0
0
3.77213e-05
0.000186111
0.000115149
0
0
1.9009e-05
3.31032e-05
2.78002e-05
0
0
0
0
0
3.74288e-06
1.30085e-05
2.2942e-05
3.16098e-05
3.94965e-05
4.38569e-05
4.02832e-05
3.33657e-05
2.8326e-05
1.25902e-05
0
0
3.67842e-05
0.000252845
0.000177684
0
0
9.55643e-06
2.71733e-05
2.30244e-05
0
0
0
0
0
1.37667e-06
1.00435e-05
1.94449e-05
2.81321e-05
3.58853e-05
3.89149e-05
3.53357e-05
3.03962e-05
2.73799e-05
1.20442e-05
0
0
2.94495e-05
0.000271423
0.000277331
0.000151352
0
2.93716e-06
2.07435e-05
1.69709e-05
0
0
0
0
0
0
6.50492e-06
1.52092e-05
2.41391e-05
3.17529e-05
3.2948e-05
3.08523e-05
2.78526e-05
2.63517e-05
1.34166e-05
0
6.20979e-06
2.06389e-05
0.000164242
0.000429577
0.000770766
0
1.81848e-06
1.3486e-05
9.83261e-06
0
0
0
0
0
0
3.2363e-06
1.12221e-05
2.0116e-05
2.63699e-05
2.68288e-05
2.70649e-05
2.59124e-05
2.51225e-05
1.50875e-05
0
1.31324e-05
1.44792e-05
2.19738e-05
0.00057324
0.000769462
2.11634e-05
6.42508e-06
5.58947e-06
2.05906e-06
0
0
0
0
0
0
5.68301e-07
7.73337e-06
1.57353e-05
1.99274e-05
2.13538e-05
2.40494e-05
2.41401e-05
2.35731e-05
1.66193e-05
6.29585e-06
1.97234e-05
1.29721e-05
0
0.000306088
0.000623675
7.89946e-05
1.24724e-05
0
0
0
0
0
0
0
0
0
4.40683e-06
1.05354e-05
1.41955e-05
1.69989e-05
2.18212e-05
2.23874e-05
2.18739e-05
1.81135e-05
1.3169e-05
2.57798e-05
1.56939e-05
0
0
0.000529862
0.000110724
1.56532e-05
0
0
0
0
0
0
0
0
0
1.24064e-06
6.30091e-06
9.86822e-06
1.44839e-05
1.96647e-05
2.03329e-05
2.0116e-05
1.97622e-05
1.89879e-05
3.11597e-05
2.09433e-05
0
0
0.000472658
0.000122856
1.46456e-05
0
0
0
0
0
0
0
0
0
0
3.33134e-06
7.4287e-06
1.30641e-05
1.758e-05
1.82161e-05
1.85481e-05
2.15228e-05
2.36993e-05
3.57043e-05
2.71608e-05
0
0
0.000434921
0.000121921
1.03531e-05
0
0
0
0
0
0
0
0
0
0
2.41344e-06
6.75584e-06
1.2234e-05
1.55702e-05
1.58322e-05
1.75058e-05
2.31423e-05
2.73219e-05
3.93624e-05
3.32995e-05
0
0
0.000403522
0.000112272
4.14268e-06
0
0
0
0
0
0
0
0
0
0
2.51885e-06
6.46938e-06
1.14774e-05
1.34413e-05
1.26088e-05
1.77122e-05
2.43987e-05
3.00075e-05
4.20737e-05
3.87105e-05
0
0
0.000368423
9.82994e-05
0
0
0
0
0
0
0
0
0
0
0
2.36635e-06
5.94334e-06
1.07518e-05
1.06215e-05
8.41391e-06
1.94623e-05
2.50037e-05
3.17572e-05
4.3939e-05
4.30951e-05
0
0
0.000320794
8.16021e-05
0
0
0
0
0
0
0
0
0
0
0
1.43349e-06
5.09805e-06
1.00182e-05
5.72989e-06
5.98329e-06
2.1294e-05
2.47355e-05
3.27186e-05
4.51226e-05
4.63545e-05
9.29736e-06
0
0.000260364
6.38549e-05
0
0
0
0
0
0
0
0
0
0
0
0
4.19845e-06
8.35282e-06
0
9.89287e-06
2.13735e-05
2.3626e-05
3.29164e-05
4.58952e-05
4.87477e-05
2.36726e-05
0
0.000192489
4.63849e-05
0
0
0
0
0
0
0
0
0
0
0
0
4.00953e-06
3.07956e-06
0
1.42915e-05
1.92313e-05
2.19463e-05
3.24938e-05
4.64387e-05
5.08113e-05
3.43152e-05
0
0.000123984
2.90944e-05
0
0
0
0
0
0
0
0
0
0
0
0
4.59904e-06
0
0
1.206e-05
1.45351e-05
1.87279e-05
2.99264e-05
4.47795e-05
5.07014e-05
4.04385e-05
0
6.17399e-05
1.05899e-05
0
0
0
0
0
0
0
0
3.9493e-06
9.44708e-06
0
0
2.07486e-06
0
2.02281e-06
6.66891e-06
9.21997e-06
1.46792e-05
2.67255e-05
4.28706e-05
5.00003e-05
4.41722e-05
1.82344e-05
1.85823e-05
0
0
0
0
0
0
0
0
0
1.55827e-06
1.59784e-05
0
0
0
0
4.0298e-06
2.78864e-06
4.44936e-06
9.97802e-06
2.29421e-05
4.03509e-05
4.86255e-05
4.57701e-05
2.98391e-05
3.04234e-06
0
0
0
0
0
0
0
0
0
0
0
0
2.07104e-06
0
5.47489e-06
3.46869e-06
8.30295e-07
7.93895e-07
5.65645e-06
1.95689e-05
3.67558e-05
4.65153e-05
4.58245e-05
3.50716e-05
3.3679e-06
0
0
0
0
0
0
0
0
0
1.51141e-06
2.45035e-06
2.57814e-06
2.42539e-06
3.11917e-06
4.11e-06
3.02177e-06
0
0
2.00225e-06
1.60476e-05
3.3266e-05
4.34484e-05
4.48685e-05
3.72467e-05
7.01701e-06
0
0
0
0
0
0
0
0
1.15472e-06
4.00605e-07
3.19355e-07
7.52693e-07
1.06157e-06
2.05367e-06
3.34356e-06
2.56886e-06
0
0
0
1.14136e-05
2.79781e-05
3.90636e-05
4.29193e-05
3.8062e-05
1.03077e-05
0
0
0
0
0
0
0
0
1.05796e-06
2.6094e-07
0
1.13761e-07
5.22528e-07
1.29406e-06
2.50103e-06
2.05649e-06
0
0
0
5.51603e-06
2.01184e-05
3.31241e-05
3.9809e-05
3.81177e-05
1.32302e-05
0
0
0
0
0
0
0
0
8.51006e-07
2.15708e-07
0
0
1.06055e-07
6.83971e-07
1.71614e-06
1.58032e-06
0
0
3.72437e-08
1.77938e-06
1.04997e-05
2.53068e-05
3.50663e-05
3.72588e-05
1.61242e-05
0
0
0
0
0
0
0
0
7.77095e-07
1.92431e-07
0
0
0
2.18742e-07
1.13111e-06
1.08493e-06
0
0
1.40642e-07
5.47648e-07
3.88754e-06
1.55131e-05
2.75352e-05
3.45073e-05
1.88698e-05
0
0
0
0
0
0
0
0
7.56378e-07
1.63986e-07
0
0
0
0
6.54552e-07
6.80514e-07
0
0
1.13728e-07
2.24637e-07
1.34625e-06
6.54991e-06
1.71145e-05
2.61386e-05
2.03669e-05
0
0
0
0
0
0
0
0
6.97009e-07
8.53757e-08
0
0
0
0
3.38453e-07
1.79303e-07
0
0
5.69974e-08
1.08714e-07
4.66316e-07
2.1716e-06
6.37335e-06
9.5443e-06
2.026e-06
0
0
0
0
0
0
0
2.18006e-08
5.33629e-07
2.96464e-09
0
0
0
8.6364e-09
4.38797e-08
0
0
0
0
0
4.0695e-08
4.63153e-07
1.54757e-06
1.81771e-06
1.04318e-07
0
0
0
0
0
2.28822e-08
0
1.59967e-08
3.64715e-07
2.41946e-07
2.54062e-07
6.70773e-08
0
0
0
0
0
0
0
0
0
0
0
2.7491e-07
1.76256e-07
0
0
0
0
0
9.39867e-09
0
0
4.29365e-07
4.91422e-07
3.06275e-07
6.19337e-08
0
0
0
0
0
0
0
0
0
0
0
0
6.0217e-07
0
9.16422e-08
7.80772e-08
1.72821e-08
0
0
0
0
6.54419e-07
6.35117e-07
3.58547e-07
5.73349e-08
0
0
0
0
0
0
0
0
0
0
0
0
2.43509e-06
0
3.29749e-07
1.48855e-07
2.46109e-08
0
0
0
0
)
;

boundaryField
{
    inlet
    {
        type            calculated;
        value           nonuniform List<scalar> 
30
(
0
0
0
1.90311e-18
3.24303e-17
9.43169e-17
4.58833e-17
0
0
0
7.91148e-18
1.05499e-16
4.00564e-17
1.14198e-17
0
0
0
0
0
3.20448e-17
1.28122e-16
8.78755e-17
0
0
4.01893e-17
6.6523e-17
2.04812e-17
1.01528e-19
8.77835e-21
0
)
;
    }
    outlet
    {
        type            calculated;
        value           nonuniform List<scalar> 
57
(
0
0
0
0
1.20645e-19
2.26519e-18
2.27097e-17
2.94285e-17
2.97857e-17
2.8229e-17
2.53952e-17
1.97248e-17
1.19483e-17
4.81217e-18
0
0
0
0
0
0
0
0
0
0
0
0
0
0
0
0
0
0
0
0
0
0
0
0
0
0
0
0
0
0
0
0
0
0
0
0
0
0
1.91021e-20
1.4728e-20
0
0
0
)
;
    }
    upperWall
    {
        type            fixedValue;
        value           uniform 0;
    }
    lowerWall
    {
        type            fixedValue;
        value           uniform 0;
    }
    frontAndBack
    {
        type            empty;
    }
}


// ************************************************************************* //
