/*--------------------------------*- C++ -*----------------------------------*\
| =========                 |                                                 |
| \\      /  F ield         | OpenFOAM: The Open Source CFD Toolbox           |
|  \\    /   O peration     | Version:  2112                                  |
|   \\  /    A nd           | Website:  www.openfoam.com                      |
|    \\/     M anipulation  |                                                 |
\*---------------------------------------------------------------------------*/
FoamFile
{
    version     2.0;
    format      ascii;
    arch        "LSB;label=32;scalar=64";
    class       volScalarField;
    location    "0.036";
    object      s_0;
}
// * * * * * * * * * * * * * * * * * * * * * * * * * * * * * * * * * * * * * //

dimensions      [0 0 0 0 0 0 0];

internalField   nonuniform List<scalar> 
12225
(
1
1
1
1
1
1
1
1
1
1
1
1
1
1
1
1
1
1
1
1
1
1
1
1
1
1
1
1
1
1
1
1
1
1
1
1
1
1
1
1
1
1
1
1
1
1
1
1
1
1
1
1
1
1
1
1
1
1
1
1
1
1
1
1
1
1
1
1
1
1
1
1
1
1
1
1
1
1
1
1
1
1
1
1
1
1
1
1
1
1
1
1
1
1
1
1
1
1
1
1
1
1
1
1
1
1
1
1
1
1
1
1
1
1
1
1
1
1
1
1
1
1
1
1
1
1
1
1
1
1
1
1
1
1
1
1
1
1
1
1
1
1
1
1
1
1
1
1
1
1
1
1
1
1
1
1
1
1
1
1
1
1
1
1
1
1
1
1
1
1
1
1
1
1
1
1
1
1
1
1
1
1
1
1
1
1
1
1
1
1
1
1
1
1
1
1
1
1
1
1
1
1
1
1
1
1
1
1
1
1
1
1
1
1
1
1
1
1
1
1
1
1
1
1
1
1
1
1
1
1
1
1
1
1
1
1
1
1
1
1
1
1
1
1
1
1
1
1
1
1
1
1
1
1
1
1
1
1
1
1
1
1
1
1
1
1
1
1
1
1
1
1
1
1
1
1
1
1
1
1
1
1
1
1
1
1
1
1
1
1
1
1
1
1
1
1
1
1
1
1
1
1
1
1
1
1
1
1
1
1
1
1
1
1
1
1
1
1
1
1
1
1
1
1
1
1
1
1
1
1
1
1
1
1
1
1
1
1
1
1
1
1
1
1
1
1
1
1
1
1
1
1
1
1
1
1
1
1
1
1
1
1
1
1
1
1
1
1
1
1
1
1
1
1
1
1
1
1
1
1
1
1
1
1
1
1
1
1
1
1
1
1
1
1
1
1
1
1
1
1
1
1
1
1
1
1
1
1
1
1
1
1
1
1
1
1
1
1
1
1
1
1
1
1
1
1
1
1
1
1
1
1
1
1
1
1
1
1
1
1
1
1
1
1
1
1
1
1
1
1
1
1
1
1
1
1
1
1
1
1
1
1
1
1
1
1
1
1
1
1
1
1
1
1
1
1
1
1
1
1
1
1
1
1
1
1
1
1
1
1
1
1
1
1
1
1
1
1
1
1
1
1
1
1
1
1
1
1
1
1
1
1
1
1
1
1
1
1
1
1
1
1
1
1
1
1
1
1
1
1
1
1
1
1
1
1
1
1
1
1
0.207714
0.280468
0.333573
0.359698
0.396008
0.434611
0.475884
0.510367
0.526338
0.559917
0.58137
0.59505
0.602065
0.608403
0.608621
0.607714
0.605029
0.601174
0.593273
0.586916
0.578428
0.569101
0.561487
0.549281
0.535043
0.512382
0.442601
0.21571
0.308152
0.356804
0.361658
0.357803
0.346814
0.341972
0.343507
0.375533
0.418781
0.449119
0.46169
0.462061
0.456919
0.410601
0.283865
0.239605
0.275833
0.609963
0.832461
0.839972
0.842285
0.84405
0.845027
0.84669
0.847494
0.847876
0.848585
0.850022
0.851829
0.852797
0.853198
0.853599
0.854464
0.855879
0.857306
0.857982
0.858357
0.859004
0.860146
0.861243
0.861761
0.862073
0.8626
0.863327
0.863945
0.864389
0.864839
0.865354
0.86591
0.866552
0.867239
0.867865
0.8684
0.86898
0.869731
0.870543
0.871287
0.871936
0.872563
0.873221
0.87385
0.874381
0.874717
0.874856
0.874753
0.874387
0.873678
0.87278
0.872043
0.871542
0.871251
0.870964
0.870624
0.8703
0.869937
0.869552
0.869225
0.868994
0.868893
0.868951
0.869229
0.869646
0.870089
0.870387
0.870337
0.869635
0.867333
0.864533
0.861891
0.859718
0.858204
0.857147
0.856367
0.85583
0.855465
0.855118
0.854544
0.853368
0.850518
0.842432
0.829983
0.816637
0.800905
0.781307
0.757712
0.730562
0.69905
0.660341
0.610739
0.547965
0.47294
0.390026
0.305769
0.226982
0.159031
0.104875
0.0649535
0.0377226
0.0205301
0.0104745
0.00501616
0.00225974
0.000961613
0.000388694
0.000147537
4.88265e-05
1.56211e-05
8.03055e-06
4.08506e-06
2.01837e-06
9.71157e-07
4.56424e-07
2.09809e-07
9.44105e-08
4.16182e-08
1.79845e-08
7.62256e-09
3.17008e-09
1.29401e-09
5.18534e-10
2.03993e-10
7.87746e-11
2.98541e-11
1.10969e-11
4.04355e-12
1.44225e-12
5.03092e-13
1.71021e-13
5.65772e-14
1.8045e-14
5.53805e-15
-6.55643e-14
0.191762
0.225501
0.246548
0.231018
0.27194
0.372466
0.474357
0.570245
0.638024
0.671432
0.687231
0.694707
0.698394
0.701109
0.702206
0.702304
0.702127
0.701505
0.699857
0.694974
0.688935
0.675735
0.664743
0.643063
0.623357
0.590336
0.551307
0.442644
0.349721
0.323406
0.294212
0.251653
0.247413
0.252499
0.264039
0.299761
0.388655
0.437089
0.48027
0.492208
0.479959
0.410798
0.4677
0.715835
0.759787
0.815279
0.839148
0.840959
0.842184
0.842909
0.843413
0.844295
0.844601
0.844778
0.845408
0.846974
0.849288
0.850808
0.851372
0.851834
0.852844
0.854646
0.855565
0.85586
0.856025
0.856247
0.85635
0.856243
0.855595
0.854197
0.85289
0.851895
0.85119
0.850411
0.84985
0.849561
0.849432
0.850024
0.851214
0.853118
0.854962
0.856676
0.859328
0.862808
0.866278
0.869892
0.873169
0.876728
0.880673
0.884988
0.889355
0.893408
0.897261
0.900837
0.903782
0.905975
0.907016
0.907059
0.905999
0.904327
0.902374
0.90049
0.898414
0.896046
0.893378
0.890366
0.886864
0.883523
0.880818
0.879181
0.878836
0.879727
0.88376
0.889992
0.896385
0.901666
0.905055
0.906427
0.906342
0.904129
0.897031
0.889432
0.883002
0.878221
0.875594
0.874896
0.875354
0.879188
0.893101
0.910064
0.924056
0.93431
0.941734
0.948458
0.954684
0.958675
0.959857
0.959762
0.958494
0.954505
0.943338
0.929292
0.917339
0.906393
0.88892
0.850753
0.758852
0.629505
0.492234
0.367283
0.26574
0.186629
0.126876
0.0833602
0.0528937
0.0324112
0.0191876
0.0109827
0.00608366
0.00326472
0.00169909
0.000858506
0.000421567
0.000201375
9.36516e-05
4.24352e-05
1.87438e-05
8.07496e-06
3.39308e-06
1.39119e-06
5.56198e-07
2.1695e-07
8.23989e-08
3.05135e-08
1.09625e-08
3.83534e-09
1.29065e-09
4.21346e-10
1.31507e-10
3.21931e-11
0.186755
0.19309
0.194707
0.227621
0.335979
0.505076
0.630425
0.683073
0.702219
0.706446
0.706871
0.706566
0.70563
0.705262
0.705102
0.705148
0.704908
0.70451
0.703899
0.701372
0.698593
0.693031
0.687874
0.677313
0.66951
0.654825
0.637458
0.608766
0.541006
0.446091
0.36847
0.306349
0.273336
0.261851
0.270599
0.311745
0.450803
0.498155
0.504237
0.519438
0.55717
0.672725
0.773062
0.812815
0.828031
0.836214
0.838371
0.838489
0.836951
0.834282
0.832341
0.831497
0.831213
0.831859
0.834085
0.834903
0.836087
0.837546
0.837915
0.838087
0.838162
0.837606
0.835095
0.830504
0.824295
0.816487
0.807092
0.796551
0.786291
0.777602
0.770981
0.765639
0.761711
0.759137
0.75804
0.75761
0.757442
0.75759
0.75922
0.762325
0.765117
0.767375
0.770698
0.775205
0.780635
0.787125
0.794124
0.802696
0.812591
0.824657
0.839092
0.855192
0.872527
0.888876
0.901619
0.910563
0.917936
0.923617
0.927814
0.931179
0.933255
0.934017
0.933506
0.932004
0.93067
0.92902
0.924972
0.918489
0.91077
0.900636
0.88958
0.881647
0.877849
0.877255
0.879023
0.888025
0.903078
0.917293
0.929393
0.938065
0.943575
0.946109
0.946303
0.943889
0.931305
0.906659
0.884645
0.868797
0.861509
0.860272
0.861567
0.870418
0.894424
0.914871
0.930114
0.941973
0.951294
0.958765
0.965415
0.972053
0.97863
0.984133
0.987479
0.988609
0.988616
0.987808
0.98424
0.977473
0.969321
0.953594
0.915982
0.802451
0.604189
0.429804
0.295056
0.196435
0.126726
0.0791976
0.0479527
0.028144
0.0160233
0.00885719
0.00475798
0.00248625
0.00126479
0.000626915
0.000302928
0.000142789
6.56592e-05
2.94705e-05
1.29022e-05
5.51436e-06
2.29583e-06
9.32901e-07
3.68002e-07
1.41592e-07
5.24707e-08
1.89259e-08
6.49106e-09
2.04583e-09
0.177983
0.180049
0.278143
0.490064
0.638618
0.697164
0.718959
0.718414
0.715235
0.707919
0.69473
0.685027
0.674993
0.670967
0.671075
0.669702
0.669323
0.668706
0.664884
0.663616
0.662972
0.660809
0.660157
0.658411
0.656436
0.651619
0.641968
0.629094
0.611298
0.573328
0.52432
0.46701
0.396101
0.3752
0.387353
0.486729
0.656156
0.648807
0.640167
0.688697
0.760849
0.801885
0.823428
0.831336
0.833944
0.834728
0.83248
0.825742
0.81895
0.816675
0.81631
0.817544
0.823079
0.825679
0.826164
0.826292
0.82639
0.826129
0.823801
0.818545
0.810881
0.800067
0.784482
0.763789
0.741537
0.725081
0.71963
0.717971
0.717643
0.718219
0.719904
0.722215
0.724668
0.727113
0.729505
0.731814
0.733812
0.735906
0.738527
0.740894
0.74289
0.744929
0.746769
0.748634
0.751152
0.753589
0.755807
0.758404
0.761245
0.765169
0.770706
0.777877
0.788095
0.805011
0.829249
0.855883
0.882046
0.905139
0.921303
0.931585
0.939198
0.944746
0.948632
0.951377
0.952181
0.951335
0.949405
0.947683
0.945201
0.94201
0.936009
0.922324
0.904196
0.888526
0.87941
0.876148
0.876107
0.879175
0.89265
0.915016
0.935418
0.951561
0.962665
0.969377
0.972338
0.972691
0.970616
0.957846
0.918837
0.884977
0.867148
0.86108
0.860762
0.864419
0.883376
0.911727
0.931791
0.945429
0.95479
0.961794
0.967783
0.973465
0.979032
0.984356
0.989089
0.992681
0.994711
0.995382
0.995398
0.995014
0.993331
0.988054
0.974114
0.936287
0.813095
0.593853
0.408785
0.270132
0.172458
0.106636
0.0639185
0.037177
0.0210014
0.0115331
0.00616167
0.0032049
0.00162358
0.000801483
0.000385529
0.000180773
8.25733e-05
3.67641e-05
1.59275e-05
6.72265e-06
2.75379e-06
1.09775e-06
4.22315e-07
1.57606e-07
5.6336e-08
1.87035e-08
0.164087
0.437112
0.638739
0.710614
0.735129
0.734589
0.729986
0.716735
0.688362
0.647081
0.609675
0.58381
0.570366
0.570615
0.574472
0.579935
0.578552
0.574481
0.569818
0.569882
0.569717
0.570098
0.572517
0.57955
0.588243
0.606507
0.618477
0.616819
0.609155
0.590928
0.56567
0.537599
0.486989
0.442417
0.452468
0.64276
0.727838
0.735078
0.760569
0.794828
0.816077
0.826123
0.830229
0.83127
0.831269
0.825606
0.813236
0.806345
0.804197
0.803839
0.804923
0.810186
0.815433
0.816485
0.816607
0.815777
0.812115
0.805241
0.793697
0.774594
0.747714
0.724227
0.71409
0.709131
0.707065
0.706598
0.707307
0.711694
0.721214
0.734323
0.745999
0.757049
0.76677
0.775259
0.783153
0.789759
0.793106
0.795949
0.799196
0.800468
0.801125
0.801722
0.801849
0.802168
0.802044
0.801372
0.798951
0.796339
0.792029
0.787013
0.782079
0.778619
0.777224
0.779425
0.787608
0.799171
0.813246
0.831425
0.855045
0.880662
0.90514
0.927072
0.943039
0.953298
0.960399
0.964856
0.96724
0.966299
0.961513
0.957092
0.954503
0.951404
0.945409
0.931099
0.911824
0.895063
0.884255
0.879694
0.87906
0.880435
0.888138
0.911027
0.936949
0.957613
0.971599
0.979629
0.982972
0.983403
0.981616
0.969732
0.92787
0.889023
0.86889
0.861939
0.861533
0.865542
0.886746
0.919272
0.941946
0.956628
0.965788
0.971678
0.976078
0.980101
0.984148
0.988105
0.991666
0.994503
0.996402
0.997308
0.997496
0.997395
0.996671
0.993754
0.983833
0.952243
0.844047
0.619192
0.424922
0.278323
0.175297
0.106726
0.0630374
0.0361709
0.0201781
0.0109506
0.0057833
0.00297323
0.00148779
0.00072472
0.000343447
0.000158374
7.09748e-05
3.09256e-05
1.3069e-05
5.36166e-06
2.12502e-06
8.14606e-07
3.00556e-07
1.03385e-07
0.607211
0.687643
0.737518
0.748742
0.746077
0.735314
0.704372
0.636509
0.564092
0.511718
0.485343
0.470302
0.465152
0.466095
0.470476
0.481476
0.497725
0.512185
0.521687
0.525866
0.526657
0.525131
0.524131
0.525439
0.52921
0.537909
0.559317
0.584886
0.591185
0.584292
0.564495
0.541716
0.488006
0.445891
0.604947
0.747288
0.772542
0.789879
0.806534
0.820223
0.826022
0.82834
0.829082
0.827367
0.820468
0.806155
0.7964
0.793566
0.793103
0.793471
0.795809
0.800414
0.80198
0.802102
0.799198
0.7901
0.775485
0.751652
0.726741
0.711885
0.704913
0.702142
0.702028
0.706052
0.715277
0.726183
0.739895
0.756775
0.772328
0.78114
0.787718
0.794723
0.799964
0.804129
0.810573
0.814842
0.816723
0.819097
0.822463
0.823864
0.824744
0.825945
0.826539
0.827132
0.827704
0.828233
0.829229
0.831256
0.833575
0.834583
0.834683
0.833354
0.830684
0.825829
0.818618
0.814429
0.81326
0.817094
0.826015
0.836988
0.848489
0.862957
0.884259
0.911129
0.93868
0.9585
0.969634
0.975523
0.978014
0.977283
0.971159
0.964327
0.960005
0.954764
0.944242
0.928598
0.911678
0.897854
0.889462
0.886168
0.88586
0.887501
0.896292
0.922267
0.948865
0.968209
0.980537
0.986803
0.988726
0.988504
0.984575
0.963443
0.915345
0.883431
0.868421
0.864321
0.864756
0.871373
0.899191
0.933
0.955936
0.970019
0.97787
0.982147
0.984898
0.987297
0.989815
0.992418
0.994791
0.996637
0.997796
0.99829
0.998359
0.99822
0.997331
0.99363
0.98012
0.933221
0.774391
0.550856
0.37269
0.241249
0.150078
0.0901165
0.0524132
0.0296035
0.0162607
0.00868814
0.00451416
0.00228041
0.00111938
0.00053382
0.000247094
0.000111006
4.83239e-05
2.0384e-05
8.3086e-06
3.27005e-06
1.24182e-06
4.41352e-07
0.716273
0.742295
0.755196
0.752577
0.73752
0.690617
0.588632
0.511441
0.475423
0.457503
0.446996
0.439543
0.432026
0.429404
0.429264
0.433608
0.448647
0.467804
0.484825
0.496382
0.503771
0.506679
0.507597
0.509025
0.512191
0.516942
0.527395
0.537808
0.558988
0.564351
0.554751
0.53392
0.468505
0.501318
0.731042
0.782631
0.798643
0.812524
0.819903
0.824268
0.825806
0.826227
0.822305
0.814287
0.800919
0.790928
0.786669
0.784422
0.782652
0.781636
0.781959
0.783738
0.784055
0.776752
0.757885
0.727453
0.70678
0.696968
0.691616
0.690144
0.691794
0.701384
0.708375
0.717155
0.737609
0.752036
0.757905
0.763412
0.765602
0.764532
0.760603
0.755679
0.750801
0.748939
0.750914
0.757117
0.761462
0.765302
0.776238
0.783909
0.788598
0.797494
0.80282
0.807444
0.812405
0.817062
0.822988
0.830001
0.836497
0.840852
0.843806
0.845747
0.846948
0.847996
0.849821
0.852299
0.855052
0.857247
0.856341
0.854064
0.85099
0.851136
0.857054
0.8669
0.882319
0.909524
0.942322
0.966811
0.978684
0.98372
0.985211
0.98371
0.976626
0.968939
0.961079
0.949967
0.935093
0.919197
0.905753
0.89693
0.892867
0.892037
0.892757
0.898181
0.919491
0.947848
0.968385
0.981781
0.989139
0.991924
0.992144
0.99043
0.979867
0.940867
0.901187
0.880321
0.872837
0.872068
0.874265
0.887735
0.922267
0.950521
0.969483
0.980895
0.987025
0.990089
0.991824
0.993247
0.994711
0.996182
0.997457
0.998343
0.998784
0.998887
0.998838
0.998404
0.996366
0.988343
0.958906
0.851995
0.627871
0.434728
0.287533
0.182633
0.111777
0.0660846
0.0378132
0.0209735
0.0112872
0.00589721
0.00299113
0.00147225
0.000702668
0.000325072
0.000145622
6.31353e-05
2.64516e-05
1.06941e-05
4.17791e-06
1.53371e-06
0.726328
0.755188
0.757173
0.7445
0.694442
0.572054
0.501059
0.469779
0.454866
0.446199
0.437978
0.430435
0.419428
0.413551
0.400279
0.394805
0.396365
0.403243
0.420451
0.447251
0.466732
0.476668
0.483144
0.487667
0.489112
0.490564
0.497471
0.521049
0.535506
0.540237
0.542701
0.504836
0.476643
0.664266
0.776085
0.801351
0.811973
0.819235
0.822247
0.823514
0.823534
0.819761
0.813422
0.8051
0.792921
0.780532
0.776471
0.775938
0.775789
0.775048
0.771927
0.763559
0.746942
0.72015
0.688657
0.675861
0.670919
0.669879
0.671136
0.68034
0.690979
0.698178
0.707876
0.716644
0.721929
0.722387
0.711058
0.684943
0.653919
0.627196
0.605897
0.585592
0.573271
0.569227
0.569443
0.580886
0.596366
0.605611
0.628019
0.64769
0.662312
0.690146
0.718228
0.740612
0.762049
0.78364
0.806576
0.826076
0.841094
0.852461
0.857394
0.858283
0.856639
0.855473
0.855156
0.856746
0.860719
0.866943
0.876046
0.886706
0.896213
0.897536
0.886858
0.875177
0.874314
0.883662
0.902193
0.929863
0.960201
0.978971
0.986721
0.989319
0.989423
0.987224
0.981105
0.970663
0.955731
0.9383
0.921669
0.908834
0.901137
0.898025
0.897623
0.898755
0.906147
0.930496
0.955667
0.973581
0.985215
0.991766
0.994473
0.994876
0.994092
0.988783
0.965224
0.925672
0.901478
0.891206
0.889268
0.89013
0.8961
0.919548
0.948739
0.969087
0.982
0.989449
0.993314
0.995149
0.996141
0.996941
0.997732
0.998442
0.998949
0.999202
0.999257
0.999217
0.998891
0.997338
0.991062
0.96739
0.880699
0.665621
0.466547
0.312611
0.201114
0.124621
0.0745432
0.0431052
0.0241167
0.0130601
0.00684619
0.00347442
0.00170685
0.000811688
0.000373576
0.000166297
7.15378e-05
2.96944e-05
1.19216e-05
4.51472e-06
0.731304
0.760156
0.755458
0.717014
0.602803
0.51266
0.476601
0.460394
0.451675
0.443715
0.433977
0.421792
0.404282
0.390071
0.369339
0.356306
0.355204
0.359383
0.368949
0.386284
0.419493
0.445908
0.461905
0.47114
0.474519
0.4782
0.485831
0.494553
0.516973
0.531475
0.516779
0.49973
0.53416
0.747593
0.796471
0.810196
0.816348
0.82009
0.821536
0.821736
0.819969
0.816431
0.810741
0.803533
0.793195
0.780556
0.771985
0.767388
0.764939
0.762299
0.756533
0.741174
0.710542
0.66951
0.651367
0.64662
0.646061
0.649214
0.66032
0.673938
0.681507
0.685247
0.687154
0.682742
0.656517
0.609885
0.548128
0.490823
0.448367
0.418039
0.403403
0.397493
0.397019
0.407756
0.428619
0.451014
0.47516
0.501261
0.529173
0.551582
0.57345
0.593081
0.617746
0.663865
0.712087
0.754146
0.789549
0.82165
0.850286
0.874797
0.893916
0.905207
0.908406
0.903435
0.893322
0.880395
0.870033
0.868087
0.872609
0.884063
0.900102
0.917676
0.931334
0.935277
0.922662
0.904659
0.901889
0.913539
0.93563
0.960206
0.979833
0.988958
0.99205
0.992577
0.991699
0.988385
0.978944
0.961846
0.943364
0.92722
0.916036
0.910301
0.908625
0.908777
0.911484
0.924908
0.949276
0.968061
0.981162
0.989595
0.99443
0.996586
0.997052
0.996813
0.994936
0.987069
0.962053
0.938031
0.925107
0.920699
0.920462
0.922122
0.930827
0.953434
0.971971
0.984062
0.991217
0.995083
0.996983
0.997883
0.998405
0.998827
0.999179
0.999412
0.99951
0.99952
0.99947
0.999137
0.997625
0.991537
0.968387
0.88299
0.670302
0.472371
0.318427
0.206121
0.128473
0.0772449
0.0448527
0.0251682
0.0136516
0.00715828
0.00362807
0.00177688
0.000840598
0.000383986
0.000169351
7.20665e-05
2.96881e-05
1.15776e-05
0.737001
0.762132
0.744705
0.671862
0.550125
0.494135
0.470952
0.459158
0.451245
0.440366
0.421484
0.393263
0.359996
0.320162
0.281783
0.265016
0.263288
0.275385
0.292734
0.312465
0.344794
0.384997
0.419654
0.439839
0.451415
0.455399
0.454405
0.479431
0.50859
0.5148
0.506238
0.517089
0.673429
0.781204
0.804824
0.813074
0.817151
0.819063
0.819297
0.8186
0.817394
0.814803
0.810443
0.804157
0.794842
0.783263
0.772965
0.766231
0.760485
0.752613
0.740165
0.718967
0.678383
0.635525
0.624663
0.623452
0.626332
0.635505
0.648496
0.65599
0.657133
0.648446
0.623423
0.570346
0.482535
0.405819
0.359263
0.326698
0.307182
0.298726
0.29603
0.302325
0.318275
0.332829
0.357205
0.38822
0.417862
0.45272
0.487147
0.517967
0.546741
0.56681
0.580933
0.597027
0.623239
0.666032
0.723046
0.780346
0.826839
0.86631
0.895302
0.914599
0.926972
0.935043
0.940395
0.942574
0.937309
0.920238
0.899919
0.888587
0.893199
0.910297
0.931592
0.95012
0.961272
0.962315
0.94922
0.935096
0.93532
0.949855
0.968089
0.983126
0.991352
0.994384
0.995007
0.994548
0.992263
0.984689
0.969476
0.953767
0.940913
0.932704
0.929048
0.928345
0.928924
0.933238
0.948903
0.966439
0.97922
0.987923
0.993407
0.996554
0.998066
0.998524
0.998513
0.998105
0.996455
0.991216
0.977092
0.964323
0.956802
0.953903
0.953736
0.955337
0.963631
0.977719
0.98741
0.993232
0.996409
0.998009
0.998783
0.999189
0.999441
0.999604
0.999687
0.999709
0.999702
0.999624
0.999218
0.997474
0.990558
0.964326
0.867278
0.650899
0.459051
0.309708
0.20069
0.125179
0.0752622
0.0436542
0.0244392
0.0132087
0.00689285
0.003473
0.00168961
0.000793504
0.000359727
0.000157224
6.64374e-05
2.66117e-05
0.740045
0.762513
0.727324
0.629941
0.531451
0.489526
0.470365
0.461691
0.448896
0.428845
0.399172
0.360193
0.313115
0.259803
0.226091
0.212751
0.205934
0.20242
0.220872
0.243633
0.273626
0.309762
0.344408
0.372496
0.39813
0.418009
0.443227
0.480606
0.501926
0.50735
0.512168
0.571249
0.746253
0.794432
0.807592
0.813191
0.816604
0.817354
0.816978
0.81606
0.815255
0.813435
0.810525
0.80614
0.799453
0.790693
0.779619
0.769026
0.761105
0.752001
0.736652
0.709947
0.665612
0.613878
0.59925
0.596958
0.596609
0.601781
0.614928
0.618074
0.602711
0.550251
0.482096
0.408241
0.342399
0.293074
0.2645
0.245763
0.236525
0.232645
0.232232
0.241122
0.253603
0.273448
0.300757
0.336147
0.378401
0.420817
0.461837
0.502577
0.53686
0.560989
0.574796
0.583466
0.590885
0.600676
0.619024
0.654806
0.712617
0.783828
0.845561
0.883633
0.906555
0.922762
0.936708
0.948504
0.957505
0.962868
0.963777
0.952965
0.929926
0.917984
0.92535
0.945707
0.963956
0.976066
0.980754
0.979024
0.968405
0.96213
0.965625
0.978083
0.988025
0.993911
0.996258
0.996725
0.996442
0.994785
0.98927
0.980644
0.971455
0.96303
0.956794
0.95352
0.952625
0.952861
0.955665
0.966544
0.978521
0.98706
0.992691
0.996101
0.998001
0.998955
0.999334
0.999401
0.999358
0.999104
0.998298
0.99597
0.989135
0.981832
0.977298
0.975674
0.97582
0.978047
0.985289
0.991645
0.995512
0.997659
0.998766
0.999316
0.999594
0.999738
0.999808
0.999832
0.999833
0.999814
0.999694
0.999149
0.996906
0.988152
0.955188
0.83431
0.616997
0.433058
0.291194
0.188083
0.116881
0.0699518
0.0403456
0.0224337
0.0120293
0.00622159
0.00310454
0.00149472
0.000694622
0.0003114
0.00013511
5.57552e-05
0.744225
0.761025
0.712264
0.61047
0.52587
0.489825
0.476065
0.462741
0.445933
0.424312
0.392505
0.350602
0.299985
0.244671
0.218015
0.208777
0.2064
0.207781
0.221065
0.240934
0.263647
0.291722
0.322616
0.353666
0.386331
0.416474
0.448775
0.48637
0.50255
0.510407
0.540357
0.687543
0.775838
0.799557
0.807408
0.812568
0.815226
0.815739
0.815559
0.814806
0.81409
0.812721
0.81062
0.807758
0.803768
0.798226
0.790714
0.780558
0.76789
0.754971
0.739022
0.71315
0.671647
0.614899
0.57808
0.570911
0.5765
0.580302
0.57803
0.554058
0.51229
0.456008
0.385703
0.315442
0.269506
0.239907
0.218737
0.209017
0.204828
0.204088
0.208674
0.218617
0.234577
0.258043
0.286697
0.322572
0.367646
0.413756
0.457189
0.499918
0.536539
0.562831
0.579143
0.58724
0.59128
0.59491
0.598788
0.604322
0.615738
0.642874
0.707375
0.7756
0.814921
0.840298
0.867984
0.899888
0.932022
0.956485
0.970377
0.976915
0.978444
0.970631
0.953108
0.949029
0.960489
0.975734
0.985634
0.990359
0.990907
0.988126
0.982144
0.981144
0.985964
0.992527
0.996191
0.997665
0.997916
0.997687
0.996258
0.992882
0.99016
0.987763
0.984503
0.980024
0.975695
0.973169
0.972562
0.973157
0.977803
0.986117
0.991945
0.995623
0.997754
0.998891
0.999454
0.999702
0.999782
0.999788
0.999761
0.999631
0.999169
0.997466
0.993001
0.989472
0.987884
0.987694
0.988479
0.991886
0.995432
0.997554
0.998733
0.99935
0.999659
0.99981
0.99988
0.999906
0.999911
0.999907
0.99987
0.99969
0.998922
0.995851
0.984044
0.939989
0.788326
0.574664
0.400395
0.267451
0.17155
0.105787
0.0627649
0.0358481
0.019719
0.0104505
0.0053386
0.00262969
0.00124982
0.000573019
0.000254293
0.000107585
0.74628
0.759101
0.70476
0.602221
0.527159
0.499417
0.481664
0.465486
0.450132
0.429824
0.401755
0.365486
0.323951
0.278001
0.246981
0.233355
0.227907
0.227097
0.235896
0.254793
0.27381
0.299966
0.329439
0.360605
0.39511
0.429514
0.470611
0.493429
0.50739
0.529611
0.616892
0.747256
0.787504
0.799803
0.80607
0.809892
0.81164
0.812208
0.813236
0.813281
0.812874
0.811891
0.810367
0.808265
0.805738
0.802439
0.797902
0.79141
0.782063
0.767808
0.748053
0.72256
0.685976
0.635272
0.582115
0.555573
0.541908
0.538601
0.535489
0.510412
0.454384
0.389198
0.329654
0.27299
0.238779
0.21833
0.203039
0.197298
0.195852
0.197684
0.204115
0.215161
0.23249
0.259315
0.293247
0.33107
0.37999
0.436905
0.489144
0.534379
0.571458
0.594923
0.60827
0.613622
0.613123
0.610126
0.604408
0.603101
0.605271
0.611444
0.625906
0.659562
0.684546
0.697913
0.715008
0.751473
0.812932
0.886022
0.938368
0.968689
0.982023
0.986781
0.987047
0.97978
0.972297
0.9751
0.985115
0.991876
0.995243
0.99604
0.995475
0.992756
0.991124
0.992251
0.995793
0.997848
0.998634
0.998752
0.998597
0.997665
0.996171
0.995329
0.9949
0.9943
0.992775
0.989182
0.986243
0.985038
0.985012
0.986441
0.99121
0.995066
0.997401
0.998714
0.999392
0.999719
0.999864
0.999918
0.999929
0.999925
0.999894
0.99974
0.999073
0.996887
0.994957
0.994186
0.994121
0.994492
0.996144
0.997857
0.998863
0.999417
0.999706
0.99985
0.999918
0.999947
0.999954
0.999954
0.999943
0.999883
0.999613
0.998512
0.994197
0.977824
0.917241
0.734316
0.529228
0.365313
0.241641
0.15337
0.093496
0.0547804
0.0308683
0.0167379
0.00873965
0.00439683
0.00213318
0.000998158
0.000452032
0.000195464
0.749015
0.758333
0.701383
0.601139
0.541902
0.515354
0.496488
0.481945
0.467844
0.453975
0.437595
0.415847
0.38494
0.351509
0.321782
0.299399
0.288138
0.283503
0.283142
0.295871
0.313188
0.335473
0.367206
0.397672
0.434831
0.466594
0.485856
0.504576
0.526911
0.583959
0.714284
0.77173
0.790667
0.798233
0.801508
0.801909
0.801813
0.8026
0.807024
0.809717
0.810141
0.809888
0.809138
0.807897
0.805975
0.803625
0.800685
0.796604
0.790685
0.781768
0.767406
0.744314
0.712923
0.672138
0.61637
0.565459
0.539851
0.521784
0.506362
0.484304
0.447505
0.392738
0.336034
0.281382
0.246
0.226294
0.211788
0.200963
0.200692
0.205233
0.216331
0.237958
0.265233
0.308352
0.362489
0.4134
0.469209
0.531441
0.583143
0.616547
0.632612
0.639881
0.642173
0.641714
0.63907
0.632485
0.62636
0.618589
0.613578
0.613059
0.617685
0.632195
0.644429
0.649926
0.653596
0.660416
0.67727
0.725787
0.825071
0.913491
0.961808
0.983436
0.990919
0.992989
0.99194
0.987632
0.987156
0.991481
0.995693
0.99771
0.998275
0.99815
0.99715
0.996203
0.996355
0.997797
0.998885
0.999262
0.999312
0.999234
0.998828
0.998377
0.998155
0.998029
0.997817
0.99727
0.995528
0.99357
0.992588
0.992412
0.992804
0.994902
0.997203
0.998557
0.999301
0.999681
0.99986
0.999938
0.999967
0.999975
0.999974
0.999959
0.999879
0.999492
0.998389
0.997635
0.997416
0.997441
0.997738
0.99857
0.9992
0.999572
0.999779
0.999888
0.999943
0.999968
0.999977
0.999978
0.999975
0.999955
0.999861
0.999465
0.997886
0.991794
0.968918
0.884678
0.67765
0.483625
0.329793
0.215313
0.134756
0.0809202
0.0466614
0.0258575
0.013783
0.00707258
0.00349772
0.00166772
0.00076939
0.000339309
0.750126
0.758063
0.701265
0.615208
0.569579
0.544638
0.519564
0.494608
0.477355
0.464976
0.453945
0.443672
0.433868
0.422471
0.409594
0.398271
0.391021
0.387619
0.386618
0.391091
0.402079
0.413774
0.432989
0.447755
0.47104
0.486746
0.508491
0.534109
0.586816
0.697101
0.755387
0.779823
0.789039
0.792567
0.790111
0.788747
0.788391
0.788542
0.792683
0.798683
0.801609
0.803358
0.804422
0.804803
0.804294
0.802839
0.800579
0.797384
0.793147
0.787583
0.779435
0.766317
0.744422
0.711994
0.673533
0.622416
0.565837
0.531218
0.508662
0.486083
0.455061
0.41297
0.3672
0.318421
0.277995
0.256149
0.241647
0.235572
0.239585
0.251142
0.273179
0.310897
0.356407
0.411996
0.474577
0.540229
0.595119
0.625948
0.642652
0.650591
0.653828
0.65444
0.653766
0.652161
0.648252
0.63989
0.635052
0.633328
0.631183
0.628879
0.628031
0.630882
0.6392
0.643638
0.645916
0.648788
0.654305
0.665936
0.696951
0.790954
0.89879
0.957554
0.983947
0.993291
0.995988
0.996433
0.99543
0.994644
0.995814
0.997995
0.998996
0.999259
0.999219
0.998849
0.998498
0.998506
0.999004
0.999482
0.999637
0.999654
0.999619
0.999493
0.999409
0.999368
0.999314
0.999193
0.998826
0.997911
0.997136
0.996699
0.99658
0.996681
0.997452
0.998599
0.999287
0.99966
0.999848
0.999935
0.999973
0.999987
0.99999
0.99999
0.99998
0.999924
0.999652
0.999225
0.999039
0.999018
0.999068
0.99931
0.9996
0.999776
0.999879
0.999936
0.999967
0.999982
0.999988
0.99999
0.999989
0.999983
0.99995
0.999809
0.999234
0.996975
0.98835
0.956188
0.838521
0.622654
0.437806
0.293953
0.188804
0.116134
0.0684833
0.0387544
0.0210702
0.0110175
0.00554822
0.00269245
0.00126373
0.000567446
0.751211
0.759354
0.711985
0.645495
0.604285
0.578534
0.553213
0.539408
0.524111
0.504096
0.490245
0.480569
0.470935
0.465232
0.460221
0.45503
0.45274
0.451702
0.451601
0.455088
0.459946
0.467975
0.480455
0.49325
0.513246
0.532339
0.571933
0.62212
0.695456
0.745272
0.768377
0.778285
0.782082
0.778406
0.775236
0.774118
0.773706
0.773688
0.776621
0.781393
0.785075
0.787645
0.78984
0.792023
0.794233
0.795425
0.795178
0.793876
0.791278
0.787363
0.781838
0.774852
0.764016
0.746351
0.717592
0.684601
0.647002
0.595985
0.549372
0.512535
0.480191
0.448341
0.414062
0.379402
0.344459
0.324944
0.309948
0.312665
0.32314
0.346118
0.38623
0.43433
0.491899
0.552155
0.600553
0.6352
0.654069
0.663584
0.667379
0.666753
0.664802
0.662517
0.660738
0.658186
0.65369
0.647207
0.64178
0.640242
0.640887
0.644036
0.648247
0.650302
0.652111
0.653955
0.65431
0.654701
0.656374
0.662018
0.675673
0.705996
0.795911
0.902364
0.960044
0.985749
0.995004
0.997723
0.998477
0.998507
0.99831
0.998486
0.99924
0.999619
0.9997
0.999679
0.999554
0.999474
0.999481
0.999634
0.999792
0.99984
0.999845
0.999833
0.99981
0.999799
0.999785
0.999754
0.999666
0.999395
0.999089
0.998859
0.998711
0.998658
0.998683
0.998933
0.999404
0.999699
0.999858
0.999938
0.999974
0.99999
0.999995
0.999996
0.999996
0.999988
0.999943
0.999804
0.999715
0.999698
0.999707
0.999766
0.999862
0.999921
0.999955
0.999975
0.999986
0.999993
0.999995
0.999996
0.999996
0.999994
0.999982
0.999932
0.999723
0.998888
0.995637
0.983293
0.937457
0.781402
0.566351
0.391116
0.257817
0.162419
0.0979168
0.0565625
0.0313518
0.0166965
0.00855685
0.00422374
0.00201555
0.000920764
0.751764
0.76092
0.724202
0.681724
0.655361
0.631988
0.614865
0.60116
0.589283
0.579419
0.569682
0.564271
0.561776
0.558626
0.555786
0.554987
0.554757
0.554829
0.5565
0.561057
0.56567
0.570546
0.579412
0.5932
0.613687
0.638427
0.675157
0.704611
0.741429
0.758875
0.767383
0.77106
0.769499
0.765013
0.762982
0.762122
0.761695
0.761902
0.763666
0.766993
0.770631
0.773669
0.775679
0.777081
0.778409
0.78
0.78049
0.780642
0.780522
0.779899
0.778216
0.77442
0.768295
0.759537
0.744251
0.722856
0.695153
0.665719
0.637293
0.601956
0.565479
0.534128
0.501327
0.477394
0.462981
0.452177
0.451544
0.457726
0.4741
0.507773
0.544003
0.58589
0.622281
0.649797
0.667455
0.677967
0.68204
0.682398
0.681771
0.680017
0.675198
0.671616
0.669596
0.665949
0.662157
0.660095
0.659447
0.658605
0.657639
0.658061
0.664444
0.680266
0.69465
0.700855
0.699163
0.695821
0.691626
0.688255
0.688259
0.698902
0.738257
0.833653
0.922011
0.968844
0.98921
0.996533
0.998738
0.999379
0.999561
0.999597
0.999648
0.9998
0.999871
0.99988
0.999869
0.99984
0.999834
0.999846
0.999895
0.999926
0.999933
0.999934
0.999931
0.999928
0.999924
0.999917
0.999895
0.999818
0.999719
0.999648
0.999593
0.999555
0.999544
0.999561
0.999667
0.999813
0.999904
0.999954
0.99998
0.999992
0.999997
0.999998
0.999999
0.999998
0.999991
0.999961
0.99993
0.999922
0.999923
0.999935
0.99996
0.999977
0.999986
0.999992
0.999995
0.999997
0.999998
0.999998
0.999998
0.999998
0.999994
0.999975
0.999898
0.999584
0.998339
0.99352
0.975295
0.907762
0.713053
0.506503
0.342837
0.221231
0.136334
0.0803661
0.0453937
0.0246076
0.0128262
0.00643525
0.0031197
0.00144876
0.751867
0.76174
0.73004
0.706455
0.693816
0.68216
0.676315
0.670944
0.668285
0.667322
0.66781
0.671048
0.672739
0.674989
0.677879
0.679728
0.680495
0.680675
0.679679
0.679238
0.679102
0.679932
0.683278
0.691141
0.702033
0.711345
0.725288
0.739612
0.753244
0.759579
0.763181
0.763651
0.761572
0.757123
0.755748
0.755078
0.754731
0.75492
0.756021
0.758027
0.760787
0.763833
0.766171
0.767595
0.768497
0.769656
0.769935
0.769918
0.769771
0.769335
0.768373
0.767787
0.76578
0.760996
0.752445
0.741757
0.722338
0.703823
0.681189
0.656816
0.637143
0.618786
0.600922
0.585261
0.567232
0.561544
0.563748
0.570833
0.585872
0.60396
0.6285
0.652298
0.671526
0.685642
0.69487
0.701228
0.704315
0.70502
0.705062
0.70443
0.701085
0.695003
0.690466
0.687491
0.684344
0.682922
0.684918
0.69191
0.693954
0.69326
0.691466
0.695225
0.714472
0.743479
0.765515
0.769656
0.768748
0.761158
0.749579
0.741855
0.74663
0.797385
0.886612
0.948727
0.9802
0.993298
0.997918
0.999329
0.999731
0.999864
0.999916
0.99994
0.999949
0.999949
0.999946
0.99994
0.99994
0.999946
0.999961
0.999968
0.99997
0.99997
0.999968
0.999968
0.999967
0.999966
0.999961
0.999942
0.999902
0.999875
0.999858
0.999845
0.99984
0.999841
0.999864
0.999916
0.999953
0.999976
0.999988
0.999995
0.999998
0.999999
0.999999
0.999999
0.999998
0.999993
0.999985
0.999982
0.999982
0.999984
0.99999
0.999994
0.999996
0.999998
0.999999
0.999999
0.999999
0.999999
0.999999
0.999999
0.999998
0.999991
0.999961
0.99984
0.999348
0.99741
0.989942
0.961782
0.857238
0.636491
0.443022
0.29291
0.184526
0.110992
0.0638739
0.0352371
0.0186741
0.00952032
0.00468684
0.00221184
0.750939
0.764412
0.735767
0.715817
0.705755
0.699371
0.697581
0.698611
0.705584
0.714019
0.729294
0.743533
0.751839
0.763491
0.76888
0.772248
0.77332
0.769919
0.76355
0.753394
0.748422
0.740215
0.736394
0.734748
0.736208
0.739845
0.742879
0.749107
0.755085
0.758388
0.759861
0.760431
0.758632
0.754195
0.752582
0.751817
0.751497
0.751586
0.752236
0.753569
0.755306
0.757735
0.760156
0.761877
0.762952
0.763938
0.764147
0.764142
0.764067
0.763818
0.763132
0.761953
0.760943
0.759214
0.755143
0.747277
0.734695
0.723648
0.704361
0.686611
0.671609
0.656066
0.64073
0.633115
0.625315
0.617728
0.617844
0.62039
0.627919
0.646986
0.667869
0.68199
0.694261
0.709483
0.729052
0.750024
0.766759
0.772949
0.77312
0.773143
0.772401
0.766278
0.752006
0.74512
0.741646
0.734241
0.730899
0.736832
0.745239
0.746075
0.742925
0.73267
0.731413
0.74918
0.795858
0.832405
0.845155
0.846257
0.83868
0.818486
0.806286
0.811945
0.871213
0.93729
0.972923
0.989727
0.996571
0.99895
0.99968
0.999891
0.999956
0.999975
0.999978
0.999977
0.999973
0.99997
0.99997
0.999975
0.999983
0.999985
0.999986
0.999985
0.999984
0.999984
0.999983
0.999983
0.999983
0.999979
0.999966
0.999952
0.999944
0.999939
0.999936
0.999936
0.999941
0.99996
0.999977
0.999988
0.999994
0.999997
0.999999
1
1
1
1
0.999999
0.999997
0.999996
0.999996
0.999997
0.999998
0.999999
0.999999
0.999999
1
1
1
1
1
1
0.999999
0.999996
0.999985
0.999936
0.999736
0.998932
0.99578
0.983673
0.938116
0.780163
0.557622
0.377777
0.243317
0.149321
0.0875292
0.0491209
0.0264553
0.0136973
0.00684345
0.00327988
0.748876
0.767496
0.742242
0.730028
0.72752
0.729702
0.746981
0.765818
0.782855
0.808106
0.833075
0.84654
0.864011
0.872145
0.879279
0.882808
0.884507
0.884949
0.881736
0.874
0.858362
0.838682
0.810624
0.77719
0.757483
0.748724
0.746314
0.748978
0.754103
0.756326
0.757596
0.757923
0.756664
0.752822
0.751013
0.750117
0.74977
0.749801
0.750212
0.751397
0.752686
0.754449
0.756626
0.758519
0.759883
0.760961
0.761393
0.761403
0.761375
0.761255
0.760914
0.759986
0.759004
0.757826
0.755767
0.750907
0.743338
0.735176
0.721712
0.708963
0.69652
0.684177
0.672925
0.662355
0.655682
0.655301
0.656929
0.662764
0.678016
0.686038
0.690911
0.698403
0.718625
0.761753
0.82004
0.869918
0.903361
0.916089
0.917774
0.917713
0.916535
0.911428
0.891042
0.868001
0.857403
0.839081
0.815804
0.809327
0.814268
0.817032
0.816413
0.806359
0.787723
0.784023
0.803826
0.865261
0.90476
0.917029
0.917456
0.906007
0.878358
0.867913
0.880174
0.933938
0.97041
0.987855
0.995493
0.998509
0.999548
0.999866
0.999958
0.999983
0.999988
0.999988
0.999984
0.999982
0.999982
0.999985
0.99999
0.999992
0.999993
0.999992
0.999991
0.999991
0.999991
0.999991
0.999991
0.999991
0.999988
0.999982
0.999978
0.999975
0.999974
0.999973
0.999975
0.999981
0.999988
0.999994
0.999997
0.999998
0.999999
1
1
1
1
1
0.999999
0.999999
0.999999
0.999999
1
1
1
1
1
1
1
1
1
1
1
0.999999
0.999994
0.999974
0.99989
0.999548
0.998181
0.992835
0.972336
0.895234
0.684762
0.475581
0.313292
0.196175
0.117118
0.0668466
0.0365763
0.0192254
0.00974384
0.00474042
0.74492
0.77491
0.766746
0.758515
0.761386
0.782242
0.804656
0.820031
0.845919
0.868643
0.880438
0.890399
0.896848
0.900568
0.902415
0.903372
0.903907
0.907667
0.912368
0.919614
0.92923
0.933918
0.935758
0.928154
0.884828
0.817321
0.762727
0.746877
0.750083
0.752447
0.753436
0.753165
0.750512
0.749425
0.748299
0.747652
0.747501
0.747601
0.748061
0.749411
0.750855
0.752442
0.754432
0.75637
0.757929
0.759143
0.759839
0.760042
0.760032
0.759966
0.759784
0.759337
0.758338
0.757226
0.756082
0.753197
0.749572
0.744634
0.735651
0.725828
0.718116
0.708651
0.700105
0.691171
0.687344
0.687494
0.689501
0.694844
0.694942
0.694946
0.698125
0.71833
0.788652
0.880152
0.925364
0.948767
0.962653
0.971614
0.97781
0.981935
0.983974
0.984398
0.98298
0.97676
0.972431
0.965278
0.943118
0.917626
0.909481
0.909002
0.908736
0.90514
0.882811
0.861077
0.859338
0.888517
0.944452
0.967327
0.971953
0.970645
0.958184
0.935186
0.926719
0.9393
0.970292
0.987349
0.995087
0.998242
0.999427
0.999827
0.999949
0.999984
0.999992
0.999993
0.999991
0.999988
0.999987
0.999989
0.999993
0.999995
0.999996
0.999996
0.999996
0.999995
0.999995
0.999996
0.999996
0.999996
0.999995
0.999993
0.999991
0.99999
0.999989
0.99999
0.99999
0.999993
0.999995
0.999997
0.999999
0.999999
1
1
1
1
1
1
1
1
1
1
1
1
1
1
1
1
1
1
1
1
1
0.999999
0.999997
0.999989
0.999953
0.999803
0.999193
0.996757
0.987226
0.950687
0.815281
0.584282
0.393662
0.251503
0.152909
0.088747
0.0493229
0.0263124
0.0135234
0.00667637
0.735559
0.779393
0.780655
0.774302
0.77763
0.80602
0.835532
0.854642
0.873542
0.884875
0.889428
0.891647
0.892391
0.88964
0.887221
0.886251
0.88699
0.884841
0.882127
0.88095
0.892112
0.913306
0.938625
0.962616
0.970704
0.971855
0.920421
0.803882
0.750374
0.747436
0.747646
0.747545
0.745921
0.740852
0.740115
0.741006
0.742552
0.743248
0.744027
0.745924
0.747933
0.749881
0.752036
0.754116
0.755855
0.757226
0.758123
0.758585
0.75876
0.758746
0.758674
0.758442
0.757784
0.756888
0.756032
0.754026
0.752266
0.749827
0.744486
0.738993
0.732418
0.724644
0.719637
0.713937
0.708195
0.705998
0.705865
0.704839
0.697329
0.695873
0.710459
0.79322
0.890871
0.926825
0.944478
0.95732
0.967532
0.975816
0.982546
0.987946
0.992031
0.99455
0.99552
0.995628
0.995281
0.994465
0.99244
0.98608
0.982166
0.98146
0.980899
0.979473
0.97421
0.95793
0.948454
0.947792
0.965069
0.984304
0.989126
0.989254
0.987482
0.981095
0.975053
0.972123
0.976713
0.988597
0.995155
0.998168
0.99937
0.999798
0.999939
0.999982
0.999993
0.999996
0.999995
0.999992
0.999991
0.999992
0.999994
0.999996
0.999997
0.999998
0.999998
0.999998
0.999998
0.999998
0.999998
0.999998
0.999998
0.999997
0.999996
0.999995
0.999995
0.999995
0.999996
0.999997
0.999998
0.999999
0.999999
1
1
1
1
1
1
1
1
1
1
1
1
1
1
1
1
1
1
1
1
1
1
1
0.999999
0.999995
0.999979
0.999912
0.999629
0.998475
0.993856
0.975757
0.906405
0.70064
0.482067
0.314248
0.194541
0.114793
0.0647867
0.0350698
0.0182731
0.00915209
0.724652
0.775093
0.788761
0.794806
0.798391
0.824976
0.854132
0.870361
0.881663
0.888369
0.890902
0.891482
0.890956
0.891125
0.897243
0.901144
0.901883
0.900067
0.891616
0.87776
0.870302
0.871707
0.882216
0.919121
0.962322
0.981388
0.989745
0.982643
0.886922
0.777343
0.75228
0.747997
0.745637
0.740012
0.733999
0.730606
0.731074
0.732299
0.734026
0.737271
0.74148
0.744791
0.747644
0.750139
0.752242
0.753893
0.755081
0.75591
0.756455
0.756701
0.756786
0.756749
0.756558
0.7561
0.75554
0.754042
0.752888
0.750918
0.748502
0.74492
0.739263
0.734824
0.72987
0.722671
0.717971
0.716103
0.71271
0.698148
0.69027
0.697359
0.770192
0.880837
0.915478
0.928684
0.936155
0.947298
0.960234
0.971835
0.980921
0.987528
0.992163
0.99526
0.997169
0.99818
0.998637
0.998746
0.998647
0.997882
0.997118
0.996944
0.99683
0.996587
0.995872
0.992985
0.989603
0.989367
0.990536
0.994309
0.995662
0.995591
0.994454
0.991798
0.990352
0.990326
0.991364
0.993813
0.996489
0.998396
0.999381
0.999788
0.999933
0.999979
0.999993
0.999997
0.999997
0.999996
0.999995
0.999995
0.999995
0.999997
0.999998
0.999998
0.999998
0.999998
0.999998
0.999999
0.999999
0.999999
0.999999
0.999999
0.999998
0.999998
0.999998
0.999998
0.999998
0.999999
0.999999
1
1
1
1
1
1
1
1
1
1
1
1
1
1
1
1
1
1
1
1
1
1
1
1
1
1
0.999998
0.999991
0.999959
0.999822
0.999247
0.996889
0.987426
0.950384
0.811226
0.574708
0.382096
0.240755
0.144381
0.0827204
0.0454212
0.0239856
0.0121837
0.704504
0.765169
0.779942
0.796392
0.803216
0.824075
0.854029
0.873876
0.885403
0.891513
0.892093
0.892067
0.890979
0.890948
0.894237
0.899848
0.903482
0.903925
0.901963
0.891576
0.873459
0.869978
0.874392
0.900747
0.947438
0.974205
0.987614
0.994093
0.99303
0.951381
0.819162
0.764934
0.750223
0.74172
0.734374
0.728532
0.723848
0.72186
0.722393
0.723859
0.726794
0.732191
0.736891
0.74078
0.744115
0.746597
0.74843
0.749953
0.751295
0.752173
0.75271
0.75317
0.753543
0.753684
0.753565
0.75304
0.752256
0.750669
0.748971
0.745932
0.742025
0.737509
0.73163
0.726608
0.723893
0.7199
0.705237
0.687416
0.687343
0.727977
0.854114
0.903743
0.9075
0.896953
0.894434
0.910763
0.937236
0.958518
0.974097
0.98448
0.991003
0.994925
0.997198
0.998495
0.999204
0.999534
0.999625
0.999615
0.999535
0.999507
0.999488
0.999448
0.999327
0.998744
0.997723
0.997485
0.997756
0.998257
0.99829
0.998087
0.997056
0.995693
0.995098
0.995156
0.996216
0.997541
0.998357
0.999011
0.999522
0.999809
0.999933
0.999978
0.999993
0.999997
0.999998
0.999998
0.999997
0.999997
0.999997
0.999998
0.999998
0.999999
0.999999
0.999999
0.999999
0.999999
0.999999
0.999999
0.999999
0.999999
0.999999
0.999999
0.999999
0.999999
0.999999
0.999999
1
1
1
1
1
1
1
1
1
1
1
1
1
1
1
1
1
1
1
1
1
1
1
1
1
1
1
0.999999
0.999996
0.99998
0.999909
0.999606
0.998324
0.993057
0.971978
0.889995
0.667005
0.451744
0.289594
0.176409
0.102549
0.0570914
0.0305407
0.0157257
0.684127
0.762269
0.770512
0.790715
0.801572
0.819083
0.849484
0.871548
0.884448
0.891286
0.894106
0.894056
0.892476
0.892094
0.893263
0.895543
0.901261
0.902984
0.901827
0.893254
0.874523
0.869544
0.873494
0.897806
0.945878
0.974887
0.987726
0.99451
0.996921
0.994418
0.961822
0.841398
0.775146
0.750665
0.73789
0.729648
0.723637
0.71869
0.715678
0.714768
0.71551
0.717639
0.721193
0.724345
0.727473
0.73034
0.732222
0.734537
0.736919
0.739108
0.741595
0.742983
0.74477
0.746585
0.747538
0.748409
0.748347
0.74792
0.746962
0.744939
0.741671
0.736878
0.731329
0.728006
0.724509
0.714284
0.690946
0.684877
0.697647
0.797618
0.886221
0.893064
0.871369
0.859491
0.85882
0.87279
0.912215
0.943908
0.966106
0.980492
0.989254
0.994301
0.997065
0.998537
0.999303
0.999674
0.999833
0.999888
0.999905
0.999907
0.999907
0.999902
0.999879
0.999744
0.999375
0.999235
0.999258
0.999287
0.99927
0.999097
0.998262
0.997456
0.997126
0.99716
0.997777
0.998627
0.999155
0.999492
0.999717
0.999863
0.999943
0.999979
0.999992
0.999997
0.999998
0.999998
0.999998
0.999998
0.999998
0.999998
0.999999
0.999999
0.999999
0.999999
0.999999
0.999999
0.999999
0.999999
1
1
1
0.999999
0.999999
0.999999
0.999999
1
1
1
1
1
1
1
1
1
1
1
1
1
1
1
1
1
1
1
1
1
1
1
1
1
1
1
1
1
0.999998
0.999989
0.999951
0.999779
0.999036
0.995905
0.983104
0.932403
0.755197
0.520495
0.33896
0.209557
0.123511
0.0696702
0.0377316
0.019681
0.646137
0.736053
0.760656
0.775773
0.794762
0.809419
0.83916
0.864875
0.880933
0.889708
0.893727
0.89552
0.895878
0.896143
0.896944
0.899347
0.90232
0.902151
0.898173
0.880915
0.868102
0.868076
0.877294
0.917884
0.965004
0.986166
0.994015
0.9971
0.998477
0.998457
0.993734
0.96152
0.848375
0.779187
0.749661
0.734603
0.725367
0.719113
0.714483
0.710717
0.709156
0.709084
0.709944
0.711638
0.71336
0.715073
0.716135
0.71719
0.718077
0.719049
0.720584
0.721776
0.724101
0.727007
0.729197
0.732389
0.735783
0.737452
0.737394
0.736809
0.735178
0.731133
0.727325
0.724185
0.717267
0.695293
0.682981
0.684005
0.72571
0.848761
0.882277
0.871006
0.855042
0.851321
0.851185
0.856223
0.891897
0.933271
0.960887
0.978101
0.98828
0.993996
0.997016
0.998554
0.999342
0.999716
0.999879
0.999944
0.99997
0.999978
0.99998
0.999979
0.999973
0.99993
0.999787
0.999716
0.9997
0.99969
0.999672
0.999581
0.999096
0.998498
0.998228
0.998221
0.998546
0.999101
0.999459
0.999684
0.999825
0.999911
0.999958
0.999982
0.999993
0.999997
0.999998
0.999998
0.999998
0.999998
0.999998
0.999998
0.999999
0.999999
0.999999
0.999999
0.999999
0.999999
0.999999
1
1
1
1
1
1
1
1
1
1
1
1
1
1
1
1
1
1
1
1
1
1
1
1
1
1
1
1
1
1
1
1
1
1
1
1
1
0.999999
0.999994
0.999971
0.999868
0.999405
0.99741
0.989084
0.95553
0.825531
0.584189
0.386422
0.242206
0.144606
0.0825816
0.0452463
0.0238884
0.481138
0.635937
0.703196
0.73358
0.760774
0.781529
0.811943
0.848089
0.871431
0.884758
0.891564
0.894791
0.896381
0.89721
0.898256
0.900687
0.900613
0.897971
0.885604
0.868168
0.866113
0.870295
0.89291
0.948805
0.97871
0.991188
0.996216
0.998124
0.99907
0.999264
0.998667
0.991732
0.956552
0.846097
0.778858
0.747871
0.731318
0.721526
0.715183
0.710726
0.707175
0.705064
0.704209
0.703954
0.704189
0.70468
0.704928
0.705006
0.704989
0.704821
0.704654
0.704818
0.705494
0.706743
0.7075
0.709232
0.713393
0.714911
0.714932
0.714771
0.714061
0.712126
0.710174
0.706401
0.693298
0.680092
0.677436
0.685699
0.76886
0.859414
0.871507
0.8601
0.85125
0.849045
0.848903
0.850545
0.866406
0.916615
0.953208
0.975124
0.987322
0.993759
0.996962
0.998577
0.99937
0.999739
0.999898
0.999961
0.999984
0.999992
0.999994
0.999994
0.999992
0.999975
0.999916
0.999882
0.999869
0.999862
0.99985
0.999823
0.999718
0.99944
0.999243
0.999183
0.999225
0.999421
0.99962
0.999763
0.999862
0.999926
0.999963
0.999983
0.999992
0.999997
0.999998
0.999998
0.999998
0.999998
0.999998
0.999998
0.999999
0.999999
0.999999
0.999999
0.999999
0.999999
0.999999
1
1
1
1
1
1
1
1
1
1
1
1
1
1
1
1
1
1
1
1
1
1
1
1
1
1
1
1
1
1
1
1
1
1
1
1
1
0.999999
0.999996
0.999982
0.999914
0.999605
0.99824
0.992438
0.968686
0.875043
0.640933
0.429783
0.272827
0.164831
0.0952128
0.0527345
0.0281565
0.968168
0.907564
0.84536
0.776477
0.761016
0.765557
0.776712
0.801087
0.83714
0.868455
0.883282
0.89041
0.894256
0.895662
0.89769
0.897512
0.894863
0.88332
0.865985
0.863804
0.867208
0.884422
0.935681
0.975547
0.990929
0.996535
0.998575
0.99932
0.999647
0.999744
0.999666
0.998363
0.988976
0.949517
0.840741
0.777116
0.746315
0.728641
0.718231
0.711789
0.707405
0.704278
0.70188
0.700231
0.699272
0.698738
0.698242
0.697754
0.696797
0.69582
0.694822
0.694262
0.69377
0.692917
0.692594
0.692902
0.694761
0.695298
0.695262
0.69498
0.694244
0.693185
0.691237
0.685239
0.67636
0.672593
0.673464
0.695354
0.801741
0.860757
0.865338
0.856425
0.850635
0.848547
0.847994
0.848741
0.856613
0.896786
0.942482
0.970441
0.985698
0.993437
0.997069
0.998701
0.999442
0.999772
0.999913
0.999969
0.999989
0.999996
0.999998
0.999998
0.999998
0.99999
0.999966
0.99995
0.999943
0.999939
0.999934
0.999924
0.999896
0.999799
0.999691
0.999626
0.999618
0.999646
0.999713
0.999798
0.999873
0.999928
0.999962
0.999981
0.999991
0.999996
0.999998
0.999998
0.999998
0.999998
0.999998
0.999998
0.999998
0.999999
0.999999
0.999999
0.999999
0.999999
0.999999
1
1
1
1
1
1
1
1
1
1
1
1
1
1
1
1
1
1
1
1
1
1
1
1
1
1
1
1
1
1
1
1
1
1
1
1
1
1
0.999998
0.999988
0.999942
0.999726
0.998751
0.99453
0.97698
0.906949
0.694689
0.470626
0.302332
0.184784
0.107949
0.060437
0.0326306
0.999001
0.995435
0.987325
0.967698
0.924054
0.879236
0.815268
0.803459
0.808559
0.822575
0.843365
0.860994
0.871811
0.879524
0.879389
0.876458
0.866668
0.859901
0.860292
0.866434
0.885418
0.936605
0.974096
0.989917
0.996143
0.998497
0.999375
0.9997
0.999838
0.999892
0.999886
0.99968
0.997657
0.986279
0.944572
0.83935
0.777069
0.745845
0.726974
0.715863
0.709084
0.704798
0.701863
0.699337
0.697323
0.695866
0.694636
0.693728
0.692387
0.691025
0.689403
0.688275
0.687079
0.685293
0.683527
0.68276
0.682747
0.682684
0.682422
0.681996
0.681332
0.679997
0.676612
0.671837
0.668786
0.668353
0.671947
0.713772
0.818627
0.858725
0.861664
0.855628
0.851427
0.848897
0.847616
0.847807
0.853115
0.887495
0.93651
0.967484
0.984636
0.9932
0.99712
0.998836
0.999547
0.999827
0.999935
0.999977
0.999992
0.999998
0.999999
0.999999
0.999999
0.999996
0.999987
0.99998
0.999977
0.999975
0.999973
0.999969
0.99996
0.999927
0.999867
0.999802
0.99976
0.999747
0.999754
0.999803
0.999873
0.999923
0.999956
0.999976
0.999988
0.999994
0.999997
0.999998
0.999998
0.999998
0.999998
0.999998
0.999998
0.999998
0.999998
0.999999
0.999999
0.999999
0.999999
1
1
1
1
1
1
1
1
1
1
1
1
1
1
1
1
1
1
1
1
1
1
1
1
1
1
1
1
1
1
1
1
1
1
1
1
1
1
0.999998
0.999992
0.999958
0.999796
0.999055
0.995798
0.982103
0.926983
0.73931
0.506795
0.329275
0.203566
0.120285
0.0680966
0.0371875
0.999968
0.999789
0.999155
0.997242
0.991961
0.982031
0.960299
0.915738
0.871717
0.842981
0.842854
0.844339
0.847197
0.849788
0.84897
0.849176
0.851497
0.858145
0.874043
0.90817
0.954032
0.979242
0.991293
0.996538
0.998655
0.999468
0.999776
0.999892
0.99994
0.999961
0.999962
0.999935
0.999586
0.997034
0.984881
0.945414
0.843488
0.780217
0.746636
0.727443
0.714996
0.707547
0.702952
0.699708
0.69732
0.695261
0.693519
0.692168
0.690727
0.689145
0.687411
0.68593
0.684235
0.682197
0.679962
0.678154
0.676873
0.675881
0.674941
0.673948
0.672623
0.670594
0.668073
0.666134
0.665509
0.665964
0.673351
0.734283
0.824827
0.856563
0.859734
0.857136
0.855523
0.851579
0.847759
0.847192
0.850737
0.880412
0.932583
0.965836
0.984059
0.993105
0.99712
0.99888
0.999591
0.999858
0.999952
0.999984
0.999995
0.999998
1
1
1
0.999999
0.999995
0.999993
0.999991
0.99999
0.999989
0.999987
0.999983
0.999967
0.999929
0.999877
0.999815
0.999778
0.999773
0.999789
0.999849
0.999904
0.999941
0.999966
0.999981
0.999991
0.999996
0.999998
0.999998
0.999998
0.999998
0.999998
0.999998
0.999998
0.999998
0.999998
0.999999
0.999999
0.999999
0.999999
1
1
1
1
1
1
1
1
1
1
1
1
1
1
1
1
1
1
1
1
1
1
1
1
1
1
1
1
1
1
1
1
1
1
1
1
1
0.999999
0.999993
0.999966
0.999832
0.999212
0.99646
0.984803
0.937632
0.767725
0.532032
0.348993
0.21791
0.130081
0.0743954
0.0410497
0.999999
0.999991
0.999953
0.999806
0.999317
0.998071
0.995074
0.988217
0.975116
0.954407
0.92532
0.904425
0.891047
0.886921
0.88881
0.895762
0.908422
0.934472
0.960105
0.978056
0.989
0.994928
0.997821
0.999111
0.999644
0.999855
0.999937
0.99997
0.999983
0.999989
0.99999
0.999986
0.999937
0.999483
0.996742
0.985272
0.950884
0.857728
0.787596
0.750348
0.728916
0.715984
0.707494
0.702014
0.698372
0.695708
0.693665
0.69209
0.690552
0.688905
0.68722
0.685648
0.683862
0.681666
0.679366
0.677351
0.675568
0.673688
0.671844
0.670005
0.668121
0.666312
0.664963
0.664367
0.664347
0.665438
0.676778
0.748299
0.826452
0.854364
0.859143
0.860553
0.861687
0.858428
0.848707
0.846364
0.848912
0.875497
0.929405
0.96472
0.983798
0.992905
0.997118
0.998914
0.999617
0.999873
0.99996
0.999988
0.999996
0.999999
1
1
1
1
0.999998
0.999997
0.999997
0.999996
0.999995
0.999994
0.99999
0.999977
0.999942
0.999904
0.999834
0.999783
0.999766
0.999767
0.999792
0.999858
0.999909
0.999945
0.999969
0.999985
0.999993
0.999996
0.999998
0.999998
0.999998
0.999997
0.999997
0.999997
0.999997
0.999998
0.999999
0.999999
0.999999
0.999999
1
1
1
1
1
1
1
1
1
1
1
1
1
1
1
1
1
1
1
1
1
1
1
1
1
1
1
1
1
1
1
1
1
1
1
1
1
0.999999
0.999994
0.999969
0.999848
0.999284
0.996769
0.986085
0.942794
0.783264
0.547597
0.362158
0.228123
0.137443
0.0793471
0.0441995
1
1
0.999998
0.999989
0.999954
0.999844
0.999536
0.998755
0.996826
0.993803
0.98745
0.981374
0.974501
0.973347
0.974586
0.978101
0.983553
0.98891
0.993242
0.996261
0.998106
0.999112
0.999609
0.999835
0.999932
0.999971
0.999987
0.999994
0.999996
0.999998
0.999998
0.999998
0.999992
0.999926
0.999438
0.996891
0.987315
0.959012
0.882484
0.801728
0.75841
0.733701
0.718551
0.708738
0.702559
0.698235
0.695167
0.69288
0.690992
0.689291
0.687824
0.686306
0.684449
0.682166
0.679857
0.67784
0.675936
0.673892
0.671638
0.669296
0.667173
0.66555
0.664628
0.664353
0.664441
0.666062
0.680588
0.755858
0.824855
0.851154
0.859494
0.863495
0.864144
0.860618
0.848627
0.844823
0.847472
0.873486
0.927583
0.96374
0.983509
0.993136
0.997355
0.999045
0.999675
0.999895
0.999968
0.99999
0.999997
0.999999
1
1
1
1
0.999999
0.999999
0.999999
0.999998
0.999997
0.999995
0.999991
0.999978
0.999937
0.999907
0.999843
0.999749
0.999706
0.999702
0.999711
0.999764
0.999848
0.999907
0.999948
0.999973
0.999988
0.999994
0.999997
0.999997
0.999997
0.999997
0.999996
0.999996
0.999996
0.999997
0.999998
0.999999
0.999999
0.999999
0.999999
0.999999
1
1
1
1
1
1
1
1
1
1
1
1
1
1
1
1
1
1
1
1
1
1
1
1
1
1
1
1
1
1
1
1
1
1
1
0.999999
0.999994
0.99997
0.999852
0.999305
0.996869
0.986535
0.944725
0.789802
0.55576
0.370219
0.235097
0.142882
0.0832239
0.0467777
1
1
1
1
0.999998
0.999991
0.999968
0.999904
0.999735
0.99941
0.998614
0.997842
0.996564
0.99654
0.996818
0.997495
0.998203
0.998809
0.999273
0.999593
0.999789
0.999898
0.999954
0.99998
0.999991
0.999996
0.999998
0.999999
1
1
1
1
0.999999
0.999991
0.999919
0.999467
0.997384
0.990087
0.968596
0.91605
0.827821
0.773656
0.742699
0.724042
0.712602
0.705131
0.699947
0.695933
0.693232
0.692103
0.69132
0.689579
0.686953
0.684113
0.682114
0.680723
0.678993
0.676461
0.673411
0.67043
0.668058
0.666678
0.66625
0.666272
0.66668
0.669169
0.686061
0.759445
0.820083
0.847572
0.859571
0.864094
0.86448
0.860844
0.846143
0.841758
0.8459
0.874383
0.930512
0.967013
0.986067
0.994618
0.998082
0.999363
0.9998
0.99994
0.999983
0.999995
0.999999
1
1
1
1
1
1
1
0.999999
0.999999
0.999997
0.999994
0.999987
0.999962
0.999895
0.999862
0.999809
0.999654
0.999559
0.999548
0.999559
0.999615
0.99974
0.999841
0.99991
0.999954
0.999979
0.999991
0.999995
0.999997
0.999997
0.999996
0.999995
0.999995
0.999995
0.999996
0.999997
0.999998
0.999998
0.999999
0.999999
0.999999
0.999999
1
1
1
1
1
1
1
1
1
1
1
1
1
1
1
1
1
1
1
1
1
1
1
1
1
1
1
1
1
1
1
1
1
1
0.999999
0.999994
0.999969
0.99985
0.999301
0.996872
0.986623
0.945327
0.792614
0.561129
0.376579
0.24113
0.147846
0.0868742
0.0492683
1
1
1
1
1
1
0.999998
0.999995
0.999985
0.999962
0.999904
0.999835
0.999734
0.999739
0.999777
0.999834
0.999883
0.999923
0.999953
0.999973
0.999986
0.999993
0.999997
0.999998
0.999999
1
1
1
1
1
1
1
1
0.999999
0.99999
0.999924
0.999561
0.998046
0.992966
0.978718
0.948115
0.876229
0.802768
0.760568
0.735676
0.720397
0.710097
0.703259
0.69986
0.697885
0.695644
0.693097
0.690658
0.688844
0.688096
0.687827
0.687383
0.686255
0.682154
0.678052
0.6764
0.67618
0.676344
0.677146
0.679287
0.684202
0.702084
0.764022
0.815146
0.843483
0.857972
0.862869
0.862616
0.855383
0.8393
0.837083
0.846165
0.891359
0.945367
0.975812
0.990406
0.996552
0.998842
0.999629
0.999886
0.999967
0.999991
0.999997
0.999999
1
1
1
1
1
1
1
0.999999
0.999998
0.999995
0.999988
0.999969
0.999897
0.999752
0.999695
0.999621
0.999408
0.999265
0.99925
0.999269
0.999356
0.99956
0.999729
0.999848
0.999922
0.999964
0.999984
0.999993
0.999995
0.999995
0.999995
0.999994
0.999993
0.999993
0.999994
0.999996
0.999997
0.999998
0.999998
0.999999
0.999999
0.999999
0.999999
1
1
1
1
1
1
1
1
1
1
1
1
1
1
1
1
1
1
1
1
1
1
1
1
1
1
1
1
1
1
1
1
1
0.999999
0.999993
0.999968
0.999847
0.999295
0.996883
0.986801
0.946469
0.797548
0.569173
0.385445
0.249175
0.154266
0.0914722
0.0523668
1
1
1
1
1
1
1
1
0.999999
0.999998
0.999996
0.999992
0.999988
0.999989
0.999991
0.999994
0.999996
0.999997
0.999998
0.999999
0.999999
1
1
1
1
1
1
1
1
1
1
1
1
1
0.999999
0.999991
0.999939
0.999685
0.99871
0.995601
0.98747
0.966813
0.930549
0.863853
0.799451
0.759853
0.735131
0.720809
0.71282
0.707531
0.702767
0.698
0.694623
0.693576
0.693508
0.6937
0.694526
0.694675
0.69425
0.693849
0.693826
0.694098
0.695793
0.69815
0.700431
0.70415
0.714334
0.75675
0.80431
0.836301
0.853511
0.857241
0.855116
0.840562
0.828847
0.832341
0.853752
0.916136
0.960288
0.983127
0.993465
0.997652
0.999208
0.999748
0.999924
0.999978
0.999994
0.999998
1
1
1
1
1
1
1
1
0.999999
0.999995
0.999986
0.999963
0.999906
0.99969
0.999373
0.999266
0.999125
0.998826
0.998697
0.9987
0.998747
0.998909
0.999254
0.999543
0.999745
0.999871
0.99994
0.999974
0.999988
0.999993
0.999994
0.999993
0.999991
0.999991
0.999991
0.999992
0.999994
0.999996
0.999997
0.999997
0.999998
0.999998
0.999999
0.999999
0.999999
1
1
1
1
1
1
1
1
1
1
1
1
1
1
1
1
1
1
1
1
1
1
1
1
1
1
1
1
1
1
1
1
0.999999
0.999993
0.999968
0.99985
0.999324
0.997065
0.987747
0.950857
0.813322
0.588269
0.403339
0.263861
0.165202
0.0989011
0.0571992
1
1
1
1
1
1
1
1
1
1
1
1
1
1
1
1
1
1
1
1
1
1
1
1
1
1
1
1
1
1
1
1
1
1
1
0.999999
0.999993
0.999958
0.999804
0.999253
0.997591
0.993176
0.983457
0.961464
0.929332
0.876168
0.814433
0.772336
0.747394
0.731732
0.7198
0.710305
0.704231
0.700631
0.69905
0.698864
0.698996
0.69955
0.700147
0.700547
0.70116
0.702983
0.705762
0.707767
0.709214
0.711163
0.715453
0.733432
0.781894
0.822142
0.840403
0.841457
0.833374
0.818215
0.820912
0.83415
0.883732
0.941749
0.97455
0.989805
0.996165
0.998639
0.999546
0.999857
0.999957
0.999988
0.999997
0.999999
1
1
1
1
1
1
1
0.999999
0.999996
0.999985
0.999956
0.999886
0.99971
0.99911
0.99847
0.998249
0.997933
0.99767
0.997667
0.997717
0.997848
0.998185
0.998764
0.999246
0.999581
0.999789
0.999903
0.999958
0.999982
0.99999
0.999991
0.99999
0.999988
0.999987
0.999987
0.999988
0.999991
0.999994
0.999995
0.999996
0.999997
0.999997
0.999998
0.999999
0.999999
0.999999
0.999999
0.999999
0.999999
0.999999
0.999999
0.999999
0.999999
0.999999
1
1
1
1
1
1
1
1
1
1
1
1
1
1
1
1
1
1
1
1
1
1
1
0.999999
0.999994
0.999971
0.999869
0.999422
0.997543
0.989936
0.960253
0.847971
0.627929
0.438079
0.290884
0.184499
0.111569
0.0652265
1
1
1
1
1
1
1
1
1
1
1
1
1
1
1
1
1
1
1
1
1
1
1
1
1
1
1
1
1
1
1
1
1
1
1
1
0.999999
0.999995
0.999975
0.999896
0.999627
0.998855
0.996932
0.99253
0.983757
0.965176
0.939791
0.903797
0.860609
0.813168
0.775815
0.75016
0.732798
0.720988
0.71404
0.710365
0.708075
0.706746
0.706446
0.706485
0.706662
0.707167
0.708975
0.711396
0.713061
0.714304
0.715997
0.719748
0.738763
0.782867
0.800963
0.800367
0.800941
0.80592
0.820599
0.864438
0.93368
0.972511
0.989074
0.995804
0.998451
0.999456
0.999819
0.999943
0.999983
0.999995
0.999999
1
1
1
1
1
1
1
0.999999
0.999996
0.999986
0.999952
0.999862
0.999642
0.999092
0.997653
0.996463
0.995781
0.995461
0.995536
0.995752
0.996054
0.996375
0.997073
0.997998
0.998778
0.999325
0.999661
0.999845
0.999934
0.999971
0.999984
0.999987
0.999987
0.999984
0.999983
0.999982
0.999983
0.999987
0.999991
0.999993
0.999994
0.999995
0.999996
0.999997
0.999998
0.999998
0.999999
0.999999
0.999999
0.999999
0.999999
0.999999
0.999999
0.999999
0.999999
0.999999
0.999999
1
1
1
1
1
1
1
1
1
1
1
1
1
1
1
1
1
1
1
1
1
0.999999
0.999995
0.999979
0.999905
0.999591
0.998302
0.993207
0.973686
0.900653
0.701691
0.499384
0.337395
0.217016
0.132541
0.0783069
1
1
1
1
1
1
1
1
1
1
1
1
1
1
1
1
1
1
1
1
1
1
1
1
1
1
1
1
1
1
1
1
1
1
1
1
1
1
0.999997
0.999988
0.999953
0.999844
0.999544
0.998808
0.997134
0.993548
0.987606
0.972142
0.955885
0.941034
0.90903
0.870319
0.832834
0.796663
0.769043
0.750701
0.738522
0.730779
0.7254
0.720857
0.7178
0.716823
0.716842
0.717224
0.718892
0.721909
0.724357
0.726105
0.729014
0.740536
0.761779
0.776384
0.790106
0.812975
0.866835
0.937891
0.973032
0.988689
0.995399
0.998191
0.999318
0.999756
0.999917
0.999974
0.999992
0.999998
0.999999
1
1
1
1
1
1
0.999999
0.999997
0.999988
0.999952
0.999843
0.99956
0.998855
0.997024
0.994591
0.992151
0.990879
0.990949
0.991403
0.992516
0.993328
0.994149
0.995435
0.996894
0.99812
0.998973
0.99949
0.999768
0.999901
0.999957
0.999977
0.999981
0.999981
0.999978
0.999976
0.999976
0.999977
0.999982
0.999987
0.99999
0.999992
0.999993
0.999994
0.999995
0.999996
0.999997
0.999997
0.999998
0.999998
0.999998
0.999998
0.999998
0.999998
0.999998
0.999998
0.999998
0.999999
0.999999
0.999999
0.999999
0.999999
0.999999
1
1
1
1
1
1
1
1
1
1
1
1
1
1
1
1
0.999999
0.999997
0.999988
0.999948
0.99978
0.999109
0.996518
0.986744
0.950249
0.817474
0.597173
0.410356
0.267418
0.164769
0.0982148
1
1
1
1
1
1
1
1
1
1
1
1
1
1
1
1
1
1
1
1
1
1
1
1
1
1
1
1
1
1
1
1
1
1
1
1
1
1
1
0.999999
0.999995
0.999982
0.999943
0.999839
0.999584
0.999022
0.997887
0.994748
0.990055
0.983277
0.975155
0.96652
0.948475
0.914438
0.883272
0.861763
0.842266
0.819311
0.797201
0.779102
0.763191
0.749417
0.740704
0.738122
0.738272
0.739887
0.747206
0.755596
0.76113
0.766398
0.777376
0.799638
0.836084
0.904632
0.952491
0.977458
0.989732
0.9955
0.998103
0.999233
0.999705
0.999893
0.999963
0.999988
0.999996
0.999999
1
1
1
1
1
1
1
0.999998
0.999991
0.99996
0.999846
0.999501
0.998644
0.996424
0.991968
0.988772
0.98461
0.983392
0.983678
0.984793
0.987351
0.989304
0.990936
0.992944
0.995147
0.997033
0.998369
0.999188
0.999631
0.999843
0.999933
0.999965
0.999973
0.999973
0.99997
0.999966
0.999966
0.999967
0.999973
0.999981
0.999985
0.999988
0.99999
0.999992
0.999993
0.999994
0.999995
0.999995
0.999996
0.999996
0.999997
0.999997
0.999997
0.999997
0.999997
0.999997
0.999997
0.999998
0.999998
0.999998
0.999999
0.999999
0.999999
0.999999
0.999999
1
1
1
1
1
1
1
1
1
1
1
1
1
1
1
0.999999
0.999995
0.999979
0.999913
0.999646
0.998611
0.994665
0.979698
0.922906
0.737092
0.512452
0.337385
0.209379
0.125608
1
1
1
1
1
1
1
1
1
1
1
1
1
1
1
1
1
1
1
1
1
1
1
1
1
1
1
1
1
1
1
1
1
1
1
1
1
1
1
1
1
0.999998
0.999994
0.999983
0.999952
0.999879
0.999716
0.999317
0.998309
0.996644
0.995141
0.993311
0.989291
0.97808
0.966746
0.953477
0.937699
0.925285
0.919128
0.915821
0.910837
0.894294
0.859144
0.828936
0.813139
0.810911
0.812881
0.819403
0.837043
0.86232
0.889123
0.923031
0.951827
0.972257
0.984984
0.992311
0.99627
0.998284
0.999251
0.99969
0.999879
0.999955
0.999985
0.999995
0.999999
1
1
1
1
1
1
1
0.999999
0.999995
0.999972
0.99987
0.999505
0.998443
0.995934
0.989355
0.983296
0.979414
0.974645
0.973653
0.974166
0.975865
0.97998
0.983424
0.986573
0.990143
0.993462
0.99608
0.997875
0.998955
0.999529
0.9998
0.999913
0.999952
0.999962
0.999962
0.999958
0.999954
0.999953
0.999954
0.999962
0.999972
0.999979
0.999983
0.999986
0.999987
0.999988
0.999989
0.99999
0.999992
0.999993
0.999994
0.999994
0.999994
0.999994
0.999994
0.999994
0.999994
0.999995
0.999995
0.999996
0.999997
0.999997
0.999998
0.999998
0.999999
0.999999
0.999999
0.999999
0.999999
0.999999
0.999999
0.999999
0.999999
1
1
1
1
1
1
1
1
1
0.999998
0.999992
0.999966
0.999859
0.999432
0.997749
0.991176
0.965668
0.867665
0.629487
0.419246
0.262229
0.158144
1
1
1
1
1
1
1
1
1
1
1
1
1
1
1
1
1
1
1
1
1
1
1
1
1
1
1
1
1
1
1
1
1
1
1
1
1
1
1
1
1
1
1
0.999999
0.999996
0.999989
0.999972
0.999931
0.999809
0.999571
0.99936
0.999079
0.998511
0.997303
0.994589
0.989512
0.984193
0.980612
0.97888
0.978232
0.978126
0.977985
0.977303
0.971875
0.951473
0.940057
0.93848
0.939705
0.944726
0.957543
0.970484
0.980813
0.98807
0.992835
0.99587
0.997746
0.998845
0.999446
0.999751
0.999895
0.999958
0.999985
0.999995
0.999998
0.999999
1
1
1
1
1
1
0.999999
0.999996
0.999982
0.999901
0.999549
0.99834
0.994961
0.987738
0.976524
0.970425
0.968045
0.963196
0.962071
0.962716
0.9648
0.970173
0.97694
0.981018
0.984841
0.989341
0.993457
0.996442
0.998263
0.999226
0.999675
0.999861
0.999927
0.999944
0.999945
0.999941
0.999935
0.999933
0.999935
0.999944
0.99996
0.99997
0.999976
0.999979
0.99998
0.999981
0.999981
0.999982
0.999985
0.999988
0.99999
0.999991
0.999991
0.999991
0.99999
0.99999
0.99999
0.99999
0.999991
0.999992
0.999994
0.999995
0.999996
0.999997
0.999998
0.999998
0.999999
0.999999
0.999999
0.999999
0.999999
0.999999
0.999999
0.999999
0.999999
1
1
1
1
1
1
1
0.999999
0.999997
0.999985
0.999933
0.999714
0.998804
0.995082
0.980134
0.921633
0.726751
0.491001
0.311203
0.188911
1
1
1
1
1
1
1
1
1
1
1
1
1
1
1
1
1
1
1
1
1
1
1
1
1
1
1
1
1
1
1
1
1
1
1
1
1
1
1
1
1
1
1
1
1
0.999999
0.999998
0.999995
0.999986
0.999966
0.999945
0.999915
0.999858
0.999744
0.999477
0.998476
0.99747
0.997113
0.99688
0.996659
0.996652
0.996684
0.996715
0.996652
0.995422
0.990652
0.988154
0.987838
0.98817
0.989954
0.993456
0.995966
0.997517
0.998463
0.999069
0.999465
0.999714
0.999859
0.999935
0.999972
0.999989
0.999996
0.999999
1
1
1
1
1
1
0.999999
0.999999
0.999997
0.999988
0.999932
0.999622
0.998322
0.994085
0.983056
0.969511
0.962536
0.959022
0.957056
0.951447
0.948857
0.949551
0.952268
0.958545
0.966372
0.974377
0.981203
0.987234
0.992277
0.995843
0.997989
0.999109
0.999621
0.99983
0.999902
0.99992
0.999921
0.999915
0.999906
0.999903
0.999905
0.999918
0.99994
0.999955
0.999963
0.999968
0.999969
0.999969
0.999969
0.999969
0.99997
0.999975
0.999981
0.999984
0.999985
0.999985
0.999984
0.999982
0.999981
0.999981
0.999982
0.999984
0.999987
0.99999
0.999992
0.999994
0.999995
0.999996
0.999997
0.999998
0.999998
0.999998
0.999998
0.999998
0.999998
0.999999
0.999999
0.999999
1
1
1
1
1
1
0.999999
0.999998
0.99999
0.999955
0.999798
0.999119
0.996244
0.984407
0.937257
0.766266
0.52288
0.334448
0.203447
1
1
1
1
1
1
1
1
1
1
1
1
1
1
1
1
1
1
1
1
1
1
1
1
1
1
1
1
1
1
1
1
1
1
1
1
1
1
1
1
1
1
1
1
1
1
1
1
0.999999
0.999998
0.999997
0.999995
0.999991
0.999984
0.999964
0.999866
0.999768
0.999743
0.999741
0.999727
0.999706
0.999703
0.999705
0.999705
0.999656
0.999207
0.998731
0.998602
0.998616
0.998745
0.999159
0.999473
0.999659
0.999773
0.999852
0.99991
0.99995
0.999975
0.999988
0.999995
0.999998
0.999999
1
1
1
1
1
1
0.999999
0.999998
0.999995
0.999989
0.999956
0.999724
0.99844
0.993345
0.978059
0.961578
0.956707
0.955057
0.952705
0.947795
0.935727
0.931036
0.931938
0.935699
0.946356
0.956802
0.965051
0.97386
0.982408
0.989445
0.99439
0.997343
0.998854
0.999527
0.999788
0.999871
0.999889
0.999889
0.999876
0.999861
0.999857
0.999859
0.999876
0.99991
0.999932
0.999943
0.999946
0.999947
0.999946
0.999944
0.999944
0.999945
0.999954
0.999967
0.999973
0.999975
0.999975
0.999972
0.999967
0.999965
0.999965
0.999965
0.999968
0.999975
0.99998
0.999984
0.999987
0.99999
0.999993
0.999994
0.999995
0.999996
0.999996
0.999996
0.999996
0.999997
0.999997
0.999998
0.999998
0.999999
0.999999
0.999999
1
1
1
0.999999
0.999998
0.999991
0.999959
0.999816
0.999186
0.996495
0.985382
0.941231
0.778489
0.533452
0.342334
0.208222
1
1
1
1
1
1
1
1
1
1
1
1
1
1
1
1
1
1
1
1
1
1
1
1
1
1
1
1
1
1
1
1
1
1
1
1
1
1
1
1
1
1
1
1
1
1
1
1
1
1
1
1
1
0.999999
0.999998
0.999993
0.999989
0.999988
0.999989
0.999988
0.999986
0.999986
0.999986
0.999986
0.999982
0.999952
0.999921
0.999912
0.999913
0.999919
0.999942
0.999961
0.999972
0.999979
0.999985
0.999991
0.999995
0.999997
0.999999
0.999999
1
1
1
1
1
0.999999
0.999999
0.999998
0.999997
0.999992
0.999983
0.999962
0.999826
0.998769
0.993131
0.972578
0.9505
0.951332
0.951712
0.950104
0.943377
0.927247
0.916414
0.913598
0.914384
0.918038
0.929656
0.947334
0.958686
0.96785
0.978084
0.987155
0.99341
0.996961
0.998688
0.999429
0.999712
0.9998
0.999816
0.999814
0.999797
0.99978
0.999776
0.99978
0.999813
0.999864
0.999894
0.999907
0.999909
0.999908
0.999901
0.999896
0.999895
0.999899
0.999918
0.999943
0.999955
0.999958
0.999957
0.999951
0.999941
0.999936
0.999935
0.999935
0.99994
0.999952
0.999961
0.999968
0.999974
0.999979
0.999984
0.999988
0.99999
0.999991
0.999992
0.999992
0.999993
0.999994
0.999994
0.999995
0.999996
0.999997
0.999998
0.999999
0.999999
0.999999
0.999999
0.999999
0.999998
0.999991
0.999959
0.999815
0.999179
0.996477
0.985405
0.941777
0.781293
0.536379
0.344756
0.209766
1
1
1
1
1
1
1
1
1
1
1
1
1
1
1
1
1
1
1
1
1
1
1
1
1
1
1
1
1
1
1
1
1
1
1
1
1
1
1
1
1
1
1
1
1
1
1
1
1
1
1
1
1
1
1
1
1
1
1
1
1
1
1
1
0.999999
0.999998
0.999997
0.999997
0.999997
0.999998
0.999998
0.999998
0.999999
0.999999
0.999999
1
1
1
1
1
1
1
0.999999
0.999999
0.999998
0.999996
0.999995
0.999992
0.999985
0.999967
0.999941
0.999869
0.999237
0.99409
0.968904
0.937073
0.939339
0.949482
0.950544
0.942826
0.924703
0.9138
0.908205
0.907057
0.907474
0.91017
0.920398
0.937831
0.952372
0.966024
0.978226
0.987609
0.993769
0.997161
0.998771
0.99944
0.999674
0.999735
0.999741
0.999731
0.999696
0.99967
0.99966
0.999663
0.999699
0.999777
0.999823
0.999839
0.99984
0.999834
0.999812
0.999802
0.999801
0.99981
0.999851
0.9999
0.999923
0.999927
0.999926
0.999912
0.999891
0.999881
0.999879
0.99988
0.999889
0.999907
0.999919
0.999929
0.99994
0.999952
0.999963
0.999972
0.999979
0.999983
0.999985
0.999985
0.999986
0.999987
0.999989
0.99999
0.999992
0.999993
0.999995
0.999996
0.999997
0.999998
0.999998
0.999998
0.999997
0.99999
0.999957
0.999807
0.999157
0.99642
0.98531
0.941868
0.78293
0.538466
0.346533
0.211234
1
1
1
1
1
1
1
1
1
1
1
1
1
1
1
1
1
1
1
1
1
1
1
1
1
1
1
1
1
1
1
1
1
1
1
1
1
1
1
1
1
1
1
1
1
1
1
1
1
1
1
1
1
1
1
1
1
1
1
1
1
1
1
1
1
1
1
1
1
1
1
1
1
1
1
1
1
1
1
0.999999
0.999998
0.999997
0.999994
0.999992
0.999985
0.999975
0.999968
0.999957
0.999926
0.99987
0.999796
0.999528
0.996236
0.972027
0.923199
0.924305
0.945027
0.959502
0.952356
0.93118
0.917891
0.910014
0.906221
0.90586
0.90809
0.913167
0.925184
0.940639
0.9549
0.96877
0.980832
0.989658
0.995056
0.997825
0.999019
0.999442
0.999553
0.999561
0.99954
0.999488
0.999443
0.999412
0.999404
0.999415
0.999493
0.999619
0.999685
0.999704
0.999702
0.999679
0.999628
0.999608
0.999608
0.999629
0.999722
0.999816
0.999858
0.999867
0.999863
0.999833
0.999791
0.999774
0.999771
0.999774
0.99979
0.999806
0.999816
0.99983
0.999852
0.999882
0.999912
0.999937
0.999954
0.999964
0.999968
0.99997
0.99997
0.999972
0.999975
0.999978
0.999981
0.999983
0.999986
0.999989
0.999993
0.999995
0.999996
0.999996
0.999995
0.999989
0.999956
0.999809
0.999181
0.996578
0.986169
0.945985
0.797938
0.552051
0.355845
0.217747
1
1
1
1
1
1
1
1
1
1
1
1
1
1
1
1
1
1
1
1
1
1
1
1
1
1
1
1
1
1
1
1
1
1
1
1
1
1
1
1
1
1
1
1
1
1
1
1
1
1
1
1
1
1
1
1
1
1
1
1
1
1
1
1
1
1
1
1
1
1
1
1
1
1
1
1
0.999999
0.999998
0.999996
0.999991
0.999984
0.999977
0.999956
0.999937
0.999899
0.999843
0.999812
0.999772
0.99966
0.999539
0.999365
0.998339
0.98292
0.916543
0.909268
0.937627
0.975194
0.972539
0.949918
0.929398
0.919046
0.914432
0.912399
0.912797
0.915894
0.923507
0.935137
0.94809
0.961945
0.975634
0.986534
0.99343
0.997013
0.998594
0.999167
0.999334
0.999341
0.999305
0.999246
0.999184
0.999114
0.999052
0.99902
0.999021
0.999077
0.999257
0.999366
0.999392
0.999386
0.99933
0.999233
0.999194
0.999195
0.99924
0.99943
0.999616
0.999699
0.999717
0.999711
0.999661
0.999587
0.999558
0.999555
0.99956
0.999579
0.999589
0.999595
0.999607
0.99964
0.99972
0.999799
0.99986
0.999899
0.999919
0.999927
0.999929
0.999931
0.999933
0.99994
0.999948
0.999954
0.999959
0.999966
0.999974
0.999983
0.999989
0.999992
0.999993
0.999993
0.999989
0.999966
0.999866
0.999435
0.997625
0.990188
0.960476
0.845677
0.595253
0.384389
0.235718
1
1
1
1
1
1
1
1
1
1
1
1
1
1
1
1
1
1
1
1
1
1
1
1
1
1
1
1
1
1
1
1
1
1
1
1
1
1
1
1
1
1
1
1
1
1
1
1
1
1
1
1
1
1
1
1
1
1
1
1
1
1
1
1
1
1
1
1
1
1
1
1
1
1
0.999999
0.999997
0.999993
0.999983
0.999965
0.999925
0.999885
0.999839
0.999715
0.999618
0.999414
0.999205
0.999088
0.998958
0.99884
0.998711
0.998444
0.994976
0.937502
0.889723
0.913185
0.968994
0.984016
0.976257
0.962319
0.948718
0.936369
0.928802
0.925645
0.925662
0.930027
0.937854
0.948586
0.961238
0.974579
0.985204
0.992404
0.996417
0.998225
0.998885
0.999089
0.99908
0.998963
0.998824
0.998748
0.998687
0.998587
0.99847
0.998397
0.998387
0.998437
0.998651
0.998796
0.998823
0.998809
0.998705
0.998526
0.998439
0.998428
0.998472
0.998725
0.999089
0.99927
0.999319
0.999317
0.999268
0.999183
0.99915
0.999147
0.999153
0.999172
0.99918
0.999189
0.999209
0.999274
0.999439
0.999599
0.999716
0.999786
0.99982
0.999831
0.999835
0.999839
0.999848
0.999868
0.999886
0.9999
0.999912
0.999928
0.999946
0.999964
0.999978
0.999986
0.99999
0.99999
0.999988
0.999977
0.999918
0.999645
0.998416
0.993057
0.970665
0.881594
0.638646
0.411196
0.249172
1
1
1
1
1
1
1
1
1
1
1
1
1
1
1
1
1
1
1
1
1
1
1
1
1
1
1
1
1
1
1
1
1
1
1
1
1
1
1
1
1
1
1
1
1
1
1
1
1
1
1
1
1
1
1
1
1
1
1
1
1
1
1
1
1
1
1
1
1
1
0.999999
0.999999
0.999997
0.999994
0.999987
0.999971
0.999933
0.999841
0.999696
0.999493
0.999342
0.999076
0.998518
0.998083
0.997135
0.996293
0.99626
0.996357
0.996597
0.996845
0.996701
0.985869
0.893695
0.875712
0.932453
0.975924
0.98663
0.98615
0.976465
0.965479
0.95688
0.950175
0.947114
0.946436
0.950476
0.957509
0.967109
0.977325
0.986259
0.992537
0.996224
0.997953
0.998589
0.998787
0.998717
0.998417
0.998178
0.99807
0.998022
0.997937
0.9977
0.997391
0.997193
0.997137
0.997176
0.997423
0.997631
0.997668
0.997647
0.997503
0.997224
0.997069
0.997035
0.997069
0.997321
0.997892
0.998232
0.99836
0.998383
0.998374
0.998342
0.998332
0.998332
0.998338
0.998356
0.998377
0.998413
0.998495
0.99871
0.998989
0.999239
0.999426
0.999539
0.999593
0.999612
0.999623
0.999643
0.999687
0.999732
0.999768
0.999798
0.999829
0.999865
0.999902
0.999936
0.999962
0.999978
0.999985
0.999986
0.999985
0.999976
0.999925
0.999674
0.998514
0.99337
0.971649
0.884623
0.642647
0.412846
0.24824
1
1
1
1
1
1
1
1
1
1
1
1
1
1
1
1
1
1
1
1
1
1
1
1
1
1
1
1
1
1
1
1
1
1
1
1
1
1
1
1
1
1
1
1
1
1
1
1
1
1
1
1
1
1
1
1
1
1
1
1
1
1
1
1
1
1
0.999999
0.999999
0.999998
0.999996
0.999992
0.999985
0.999972
0.999943
0.999879
0.999738
0.99941
0.998765
0.998071
0.997504
0.996966
0.995661
0.994208
0.99218
0.987504
0.98684
0.987516
0.989273
0.991851
0.994525
0.99454
0.969872
0.861268
0.859225
0.936316
0.977201
0.987253
0.988985
0.987374
0.981874
0.975461
0.970852
0.968661
0.9681
0.971215
0.976395
0.982867
0.988937
0.993546
0.996354
0.997745
0.998276
0.998445
0.998288
0.997847
0.997498
0.997263
0.997112
0.996909
0.99641
0.995592
0.994884
0.994446
0.994299
0.994345
0.994758
0.995199
0.9953
0.995286
0.995129
0.994822
0.994679
0.994666
0.994743
0.995182
0.99585
0.996264
0.99651
0.996661
0.996747
0.996785
0.996799
0.996808
0.996818
0.996835
0.996882
0.99702
0.997328
0.997732
0.99817
0.998561
0.998848
0.999021
0.999115
0.99918
0.999248
0.999321
0.999392
0.999462
0.999533
0.999611
0.999695
0.999778
0.99985
0.999905
0.999944
0.999966
0.999977
0.999979
0.999977
0.999963
0.999886
0.999525
0.997917
0.990976
0.962688
0.851874
0.597844
0.381401
0.221808
1
1
1
1
1
1
1
1
1
1
1
1
1
1
1
1
1
1
1
1
1
1
1
1
1
1
1
1
1
1
1
1
1
1
1
1
1
1
1
1
1
1
1
1
1
1
1
1
1
1
1
1
1
1
1
1
1
1
1
1
1
1
0.999999
0.999999
0.999998
0.999996
0.999991
0.999986
0.999973
0.999954
0.999916
0.999855
0.999754
0.999538
0.999047
0.99801
0.995648
0.992976
0.991494
0.990711
0.989063
0.985263
0.981628
0.973427
0.965829
0.965543
0.967496
0.973121
0.980383
0.988981
0.989907
0.95379
0.841634
0.83368
0.91427
0.973308
0.98709
0.98981
0.990698
0.989902
0.987718
0.985295
0.984159
0.984094
0.985888
0.988932
0.992151
0.99487
0.996629
0.99754
0.997943
0.998068
0.997805
0.997188
0.996592
0.996087
0.995679
0.995026
0.99328
0.990948
0.989249
0.988212
0.987629
0.987446
0.987668
0.989037
0.990181
0.990508
0.990524
0.990409
0.990276
0.990268
0.990358
0.990816
0.991577
0.992198
0.992772
0.993321
0.993785
0.994102
0.994273
0.994345
0.994369
0.994385
0.994417
0.994535
0.994962
0.995725
0.996464
0.997127
0.997667
0.998056
0.998295
0.998428
0.998527
0.998639
0.998786
0.99896
0.999142
0.999321
0.999491
0.999636
0.999749
0.999835
0.999896
0.999935
0.999953
0.999957
0.999954
0.99993
0.999832
0.999467
0.998112
0.993149
0.974523
0.909079
0.700531
0.463421
0.283762
0.15092
1
1
1
1
1
1
1
1
1
1
1
1
1
1
1
1
1
1
1
1
1
1
1
1
1
1
1
1
1
1
1
1
1
1
1
1
1
1
1
1
1
1
1
1
1
1
1
1
1
1
1
1
1
1
1
1
1
0.999999
0.999999
0.999998
0.999997
0.999995
0.999991
0.999983
0.999973
0.999949
0.999914
0.999867
0.999735
0.999607
0.999326
0.998941
0.998329
0.996959
0.993828
0.987049
0.977575
0.973215
0.973308
0.973814
0.973985
0.972852
0.967788
0.959733
0.95642
0.956538
0.958428
0.96358
0.976318
0.987241
0.985683
0.931226
0.835664
0.829012
0.877354
0.960967
0.984004
0.989608
0.991565
0.992413
0.992661
0.992511
0.992334
0.992625
0.993362
0.994765
0.995895
0.99677
0.99727
0.997541
0.997568
0.997089
0.996163
0.99521
0.99426
0.992655
0.988436
0.979824
0.974005
0.97148
0.970518
0.970246
0.970748
0.973809
0.977505
0.979656
0.980757
0.981218
0.981336
0.981356
0.981379
0.981492
0.981941
0.983354
0.985306
0.987108
0.988566
0.989613
0.990284
0.990636
0.99076
0.99078
0.990795
0.99087
0.991207
0.992254
0.993463
0.994552
0.995477
0.996183
0.996668
0.997003
0.997283
0.997564
0.997859
0.998174
0.998504
0.998828
0.999119
0.999369
0.999573
0.999711
0.999772
0.999793
0.999807
0.999813
0.999802
0.999727
0.999482
0.998885
0.997356
0.993215
0.981373
0.949859
0.854053
0.625113
0.394013
0.235855
0.123183
0.0520296
1
1
1
1
1
1
1
1
1
1
1
1
1
1
1
1
1
1
1
1
1
1
1
1
1
1
1
1
1
1
1
1
1
1
1
1
1
1
1
1
1
1
1
1
1
1
1
1
1
1
1
1
1
1
1
0.999998
0.999994
0.999983
0.999968
0.999957
0.999947
0.999923
0.999887
0.999818
0.999738
0.999533
0.999323
0.998935
0.998004
0.997333
0.995714
0.994104
0.991046
0.983579
0.966007
0.952927
0.95239
0.953317
0.957711
0.96446
0.970932
0.97106
0.96469
0.957103
0.955181
0.956447
0.959089
0.965242
0.97897
0.986923
0.980582
0.919542
0.845516
0.835635
0.859504
0.941526
0.974695
0.985548
0.990413
0.992643
0.993696
0.99447
0.994951
0.99527
0.995651
0.996134
0.996508
0.996756
0.996876
0.996572
0.995683
0.994206
0.992068
0.988116
0.978732
0.96245
0.949827
0.945799
0.945791
0.946789
0.949557
0.952596
0.956261
0.960067
0.962805
0.964083
0.964449
0.964671
0.965209
0.966778
0.970134
0.973817
0.977152
0.979673
0.981232
0.981984
0.982246
0.982335
0.982476
0.982906
0.98454
0.98738
0.98941
0.990673
0.991542
0.992305
0.993041
0.993727
0.994347
0.99492
0.995482
0.99608
0.996731
0.9974
0.998009
0.998507
0.99892
0.999278
0.999541
0.999649
0.999652
0.999476
0.998405
0.99695
0.996256
0.995994
0.995067
0.991335
0.982604
0.971922
0.948362
0.892304
0.732575
0.497231
0.299081
0.172997
0.0897379
0.0457602
0.0201062
0.00687037
1
1
1
1
1
1
1
1
1
1
1
1
1
1
1
1
1
1
1
1
1
1
1
1
1
1
1
1
1
1
1
1
1
1
1
1
1
1
1
1
1
1
1
1
1
1
1
1
1
1
1
1
1
0.999999
0.99999
0.999954
0.999846
0.999687
0.999547
0.999491
0.999395
0.999242
0.998957
0.998677
0.998089
0.996521
0.995219
0.99194
0.988475
0.985746
0.977876
0.972908
0.959271
0.940169
0.939111
0.94382
0.950615
0.953956
0.967803
0.973605
0.976523
0.977022
0.971187
0.963722
0.960648
0.960827
0.964578
0.974567
0.984882
0.986207
0.976514
0.916509
0.894752
0.865069
0.854675
0.912378
0.955014
0.971099
0.98133
0.98745
0.99065
0.992957
0.994091
0.994654
0.994919
0.995068
0.994905
0.994259
0.992763
0.989968
0.984587
0.975452
0.964758
0.955928
0.947675
0.927863
0.920532
0.921807
0.927286
0.937519
0.945581
0.951584
0.956093
0.959255
0.961296
0.962712
0.964008
0.965515
0.967383
0.969546
0.971761
0.97378
0.975557
0.977195
0.978766
0.980269
0.981677
0.983058
0.984568
0.986254
0.987967
0.989481
0.990728
0.991784
0.992756
0.993732
0.994718
0.995633
0.996486
0.997314
0.998035
0.998571
0.998981
0.999308
0.999511
0.999581
0.999565
0.999232
0.998835
0.997506
0.991184
0.96739
0.936425
0.915086
0.904335
0.895573
0.874573
0.815613
0.640071
0.427046
0.267115
0.15992
0.090706
0.0490872
0.0247745
0.0119706
0.00522826
0.0022038
0.000864421
2.67003e-05
1
1
1
1
1
1
1
1
1
1
1
1
1
1
1
1
1
1
1
1
1
1
1
1
1
1
1
1
1
1
1
1
1
1
1
1
1
1
1
1
1
1
1
1
1
1
1
1
1
1
1
1
1
0.999985
0.99977
0.999092
0.997486
0.996537
0.996009
0.995587
0.995266
0.994419
0.993742
0.992664
0.985834
0.97375
0.967474
0.953133
0.945829
0.94098
0.915869
0.869047
0.898928
0.931897
0.943272
0.947967
0.951359
0.961389
0.968017
0.973412
0.976901
0.978684
0.979215
0.978662
0.97695
0.976265
0.980138
0.984416
0.986315
0.984746
0.969574
0.943998
0.943938
0.898549
0.850496
0.883222
0.92191
0.939361
0.954283
0.964495
0.970629
0.976297
0.979422
0.981071
0.9817
0.980316
0.977523
0.973037
0.966997
0.961858
0.9579
0.950903
0.945889
0.936744
0.889912
0.84607
0.861127
0.926301
0.951715
0.956674
0.959216
0.961541
0.963876
0.966515
0.969728
0.97333
0.97675
0.979508
0.981521
0.982996
0.984207
0.985395
0.98663
0.987897
0.989261
0.990801
0.992467
0.994041
0.995179
0.995638
0.996025
0.9964
0.996745
0.997035
0.997259
0.997431
0.997578
0.997741
0.997968
0.998299
0.998725
0.999149
0.998937
0.998765
0.998899
0.994821
0.978228
0.919506
0.736546
0.515288
0.34005
0.214066
0.128836
0.0741377
0.0407816
0.0215007
0.0109158
0.00526583
0.00224934
0.000809847
0.000444583
0.000257214
0.000145842
8.05133e-05
4.27861e-05
2.19789e-05
1.06642e-05
5.02614e-06
2.13998e-06
-1.15813e-06
1
1
1
1
1
1
1
1
1
1
1
1
1
1
1
1
1
1
1
1
1
1
1
1
1
1
1
1
1
1
1
1
1
1
1
1
1
1
1
1
1
1
1
1
1
1
1
1
1
1
1
1
0.999999
0.999696
0.995547
0.986221
0.978604
0.977396
0.976266
0.97391
0.972656
0.972642
0.974824
0.973368
0.872556
0.850258
0.864296
0.886587
0.907298
0.92654
0.896205
0.845543
0.856395
0.896383
0.921634
0.931746
0.933746
0.939737
0.951488
0.95967
0.96813
0.97453
0.97949
0.982521
0.983852
0.984231
0.98492
0.985236
0.9853
0.981432
0.970218
0.965177
0.948927
0.88946
0.83381
0.851667
0.875163
0.891986
0.905749
0.917138
0.926276
0.936977
0.943602
0.947267
0.948186
0.946649
0.944404
0.940956
0.935601
0.926504
0.904508
0.850357
0.755598
0.663511
0.627486
0.691204
0.798926
0.903326
0.955441
0.955847
0.954421
0.950878
0.944022
0.933173
0.919152
0.904207
0.890427
0.878347
0.867042
0.854826
0.84031
0.822391
0.800597
0.774632
0.744275
0.709775
0.671272
0.628881
0.583558
0.536218
0.48706
0.436416
0.385108
0.334349
0.284947
0.236696
0.19028
0.146587
0.105362
0.0681189
0.0382723
0.0182619
0.00760802
0.00290834
0.0012319
0.000781488
0.000488638
0.000296714
0.000174901
0.000100183
5.5837e-05
3.03138e-05
1.60402e-05
8.27301e-06
4.15729e-06
2.03386e-06
9.67135e-07
4.45269e-07
1.97321e-07
8.48668e-08
3.64509e-08
1.57664e-08
6.87682e-09
3.02788e-09
1.33423e-09
5.87144e-10
2.51624e-10
1.06498e-10
4.06197e-11
1.29026e-11
1
1
1
1
1
1
1
1
1
1
1
1
1
1
1
1
1
1
1
1
1
1
1
1
1
1
1
1
1
1
1
1
1
1
1
1
1
1
1
1
1
1
1
1
1
1
1
1
1
1
1
1
0.999993
0.997122
0.956552
0.945207
0.94833
0.950329
0.952692
0.953746
0.954443
0.954913
0.955485
0.949111
0.908868
0.875334
0.853247
0.873244
0.884736
0.889307
0.857103
0.839297
0.84827
0.876252
0.887715
0.896918
0.905197
0.920637
0.933475
0.942328
0.950368
0.955945
0.959651
0.962424
0.964586
0.96647
0.967212
0.966135
0.962571
0.95423
0.936213
0.910515
0.855799
0.806901
0.809606
0.8326
0.832291
0.825905
0.821346
0.814941
0.804333
0.79333
0.782947
0.770041
0.752416
0.727415
0.691909
0.645142
0.584323
0.508677
0.426085
0.352967
0.314102
0.302856
0.302913
0.311699
0.326996
0.3477
0.372567
0.391372
0.366052
0.317959
0.259932
0.205375
0.162072
0.131935
0.112838
0.100571
0.0913029
0.0823579
0.0727103
0.0624174
0.0520611
0.04229
0.0336249
0.0263875
0.0206824
0.0164063
0.0129424
0.0100163
0.007566
0.00556225
0.00397631
0.00275617
0.00184748
0.00119341
0.000746559
0.000441519
0.000233291
0.000101734
3.41378e-05
8.1247e-06
1.21902e-06
1.89841e-07
4.64164e-08
1.8495e-08
9.52731e-09
5.28606e-09
2.94566e-09
1.61494e-09
8.66356e-10
4.5418e-10
2.32573e-10
1.16276e-10
5.67175e-11
2.69628e-11
1.24679e-11
5.59417e-12
2.43852e-12
1.04573e-12
4.47891e-13
1.92733e-13
8.34473e-14
3.63267e-14
1.57982e-14
6.82257e-15
2.86879e-15
1.16753e-15
4.26642e-16
-3.21679e-14
5.18807e-13
3.90207e-13
1.94336e-13
6.43173e-14
1.89446e-14
5.19467e-15
1.34863e-15
3.32498e-16
7.81393e-17
1.75646e-17
3.78731e-18
7.83569e-19
1.56162e-19
2.98583e-20
5.51741e-21
9.72776e-22
1.6704e-22
2.69399e-23
3.88907e-24
8.51142e-25
1.84053e-25
3.61623e-26
7.35781e-27
1.51276e-27
2.04829e-28
3.11984e-11
2.06344e-11
8.77667e-12
3.31313e-12
1.13763e-12
3.63666e-13
1.09726e-13
3.14508e-14
8.59838e-15
2.2486e-15
5.63772e-16
1.35753e-16
3.14517e-17
7.01748e-18
1.51065e-18
3.1385e-19
6.30985e-20
1.22617e-20
2.31428e-21
4.22411e-22
7.53216e-23
1.29963e-23
2.21231e-24
3.65974e-25
5.44794e-26
9.67124e-10
4.07388e-10
1.59073e-10
5.8159e-11
1.99614e-11
6.47634e-12
1.99904e-12
5.89355e-13
1.66359e-13
4.50366e-14
1.17108e-14
2.92891e-15
7.05535e-16
1.6386e-16
3.67429e-17
7.96173e-18
1.67002e-18
3.3926e-19
6.6915e-20
1.28108e-20
2.39074e-21
4.34078e-22
7.73004e-23
1.34659e-23
2.04811e-24
8.25352e-09
3.38313e-09
1.30061e-09
4.72937e-10
1.62828e-10
5.32466e-11
1.66061e-11
4.95423e-12
1.41664e-12
3.88791e-13
1.02536e-13
2.60181e-14
6.35984e-15
1.4991e-15
3.41183e-16
7.50473e-17
1.59788e-17
3.29568e-18
6.59904e-19
1.28302e-19
2.43086e-20
4.48348e-21
8.10239e-22
1.43361e-22
2.20336e-23
4.48438e-08
1.83655e-08
7.08241e-09
2.59122e-09
9.00771e-10
2.98042e-10
9.41302e-11
2.84497e-11
8.24329e-12
2.2927e-12
6.12779e-13
1.57575e-13
3.90302e-14
9.32163e-15
2.14933e-15
4.78923e-16
1.03281e-16
2.15748e-17
4.37431e-18
8.61235e-19
1.65186e-19
3.08447e-20
5.64194e-21
1.01069e-21
1.56864e-22
1.90389e-07
7.83824e-08
3.04765e-08
1.12596e-08
3.96036e-09
1.32776e-09
4.25156e-10
1.30299e-10
3.82845e-11
1.07975e-11
2.92627e-12
7.6292e-13
1.91564e-13
4.63729e-14
1.08359e-14
2.44658e-15
5.34529e-16
1.13113e-16
2.3228e-17
4.63162e-18
8.99461e-19
1.7006e-19
3.1477e-20
5.70748e-21
8.94162e-22
6.62801e-07
2.75226e-07
1.08196e-07
4.04535e-08
1.44156e-08
4.90099e-09
1.59203e-09
4.94988e-10
1.47533e-10
4.22043e-11
1.16e-11
3.06652e-12
7.80573e-13
1.91517e-13
4.5348e-14
1.03733e-14
2.2956e-15
4.91963e-16
1.02287e-16
2.06484e-17
4.05845e-18
7.76542e-19
1.4543e-19
2.66851e-20
4.22067e-21
1.96285e-06
8.23484e-07
3.2772e-07
1.24134e-07
4.48406e-08
1.54626e-08
5.09597e-09
1.60748e-09
4.86022e-10
1.41016e-10
3.93043e-11
1.05345e-11
2.71816e-12
6.75899e-13
1.62165e-13
3.75805e-14
8.42372e-15
1.82825e-15
3.84894e-16
7.86632e-17
1.56496e-17
3.03082e-18
5.74161e-19
1.06601e-19
1.70159e-20
5.07755e-06
2.15437e-06
8.68456e-07
3.33399e-07
1.221e-07
4.27024e-08
1.42758e-08
4.5678e-09
1.40067e-09
4.12083e-10
1.16442e-10
3.16339e-11
8.2715e-12
2.08385e-12
5.06428e-13
1.18851e-13
2.69726e-14
5.92579e-15
1.26251e-15
2.61081e-16
5.25418e-17
1.0292e-17
1.97167e-18
3.70213e-19
5.96363e-20
1.17772e-05
5.05254e-06
2.06229e-06
8.02102e-07
2.9769e-07
1.05532e-07
3.57665e-08
1.16014e-08
3.60586e-09
1.07511e-09
3.07818e-10
8.47162e-11
2.24357e-11
5.72368e-12
1.40828e-12
3.34546e-13
7.68382e-14
1.70818e-14
3.68197e-15
7.70245e-16
1.56772e-16
3.10577e-17
6.01388e-18
1.14172e-18
1.85511e-19
2.49748e-05
1.08467e-05
4.48347e-06
1.76599e-06
6.63737e-07
2.38285e-07
8.17872e-08
2.68657e-08
8.45515e-09
2.55229e-09
7.39735e-10
2.06058e-10
5.5225e-11
1.42552e-11
3.54824e-12
8.52588e-13
1.98033e-13
4.45142e-14
9.69966e-15
2.05092e-15
4.21826e-16
8.44332e-17
1.65164e-17
3.16767e-18
5.19005e-19
4.88163e-05
2.14901e-05
9.00842e-06
3.59851e-06
1.37119e-06
4.9886e-07
1.73444e-07
5.7686e-08
1.83739e-08
5.61117e-09
1.64477e-09
4.63253e-10
1.25508e-10
3.27445e-11
8.23647e-12
1.99971e-12
4.69255e-13
1.06554e-13
2.34517e-14
5.00827e-15
1.04022e-15
2.10267e-16
4.15173e-17
8.0396e-18
1.32732e-18
8.97785e-05
4.00145e-05
1.6988e-05
6.87377e-06
2.6531e-06
9.77679e-07
3.44261e-07
1.15936e-07
3.73796e-08
1.15504e-08
3.42437e-09
9.75088e-10
2.66977e-10
7.03653e-11
1.78746e-11
4.38149e-12
1.03781e-12
2.37821e-13
5.28131e-14
1.13783e-14
2.38374e-15
4.85946e-16
9.67596e-17
1.88948e-17
3.14119e-18
0.000157668
7.10949e-05
3.05403e-05
1.25038e-05
4.88277e-06
1.82016e-06
6.48244e-07
2.20771e-07
7.19704e-08
2.24818e-08
6.73655e-09
1.93835e-09
5.36153e-10
1.42721e-10
3.66068e-11
9.05766e-12
2.16497e-12
5.00499e-13
1.12098e-13
2.43526e-14
5.14315e-15
1.0569e-15
2.12035e-16
4.17254e-17
6.97901e-18
0.000266623
0.000121556
5.27974e-05
2.18555e-05
8.62787e-06
3.25072e-06
1.1699e-06
4.02536e-07
1.32546e-07
4.1811e-08
1.26487e-08
3.67368e-09
1.0255e-09
2.75446e-10
7.12744e-11
1.77886e-11
4.28805e-12
9.99595e-13
2.25708e-13
4.94255e-14
1.05192e-14
2.17793e-15
4.40139e-16
8.72365e-17
1.46769e-17
0.000437329
0.000201519
8.84662e-05
3.70097e-05
1.47632e-05
5.6194e-06
2.04269e-06
7.09742e-07
2.35941e-07
7.51214e-08
2.29324e-08
6.7194e-09
1.89189e-09
5.12433e-10
1.33686e-10
3.36333e-11
8.17115e-12
1.91943e-12
4.36667e-13
9.63283e-14
2.06497e-14
4.30614e-15
8.76157e-16
1.7486e-16
2.95806e-17
0.000695216
0.000323576
0.000143471
6.06161e-05
2.44158e-05
9.38246e-06
3.44249e-06
1.20703e-06
4.04827e-07
1.30009e-07
4.00219e-08
1.18227e-08
3.35523e-09
9.1582e-10
2.40722e-10
6.10056e-11
1.49269e-11
3.53083e-12
8.08708e-13
1.79586e-13
3.87459e-14
8.13067e-15
1.66444e-15
3.342e-16
5.68128e-17
0.00107183
0.000503621
0.00022541
9.61234e-05
3.90729e-05
1.51496e-05
5.60719e-06
1.98283e-06
6.70556e-07
2.17087e-07
6.73524e-08
2.00478e-08
5.7315e-09
1.57565e-09
4.17041e-10
1.06405e-10
2.62062e-11
6.23843e-12
1.43772e-12
3.21198e-13
6.97041e-14
1.47117e-14
3.02804e-15
6.1134e-16
1.04374e-16
0.00160417
0.000760502
0.000343392
0.000147708
6.05527e-05
2.36732e-05
8.83297e-06
3.14817e-06
1.07281e-06
3.49897e-07
1.09339e-07
3.27726e-08
9.43282e-09
2.61019e-09
6.95252e-10
1.78481e-10
4.42203e-11
1.05878e-11
2.45379e-12
5.51197e-13
1.20249e-13
2.55099e-14
5.27635e-15
1.07042e-15
1.83455e-16
0.00233908
0.00111835
0.000509192
0.00022082
9.12495e-05
3.59524e-05
1.35163e-05
4.85285e-06
1.66553e-06
5.46968e-07
1.72066e-07
5.19076e-08
1.50339e-08
4.18528e-09
1.12133e-09
2.89494e-10
7.21187e-11
1.73595e-11
4.04388e-12
9.12928e-13
2.00122e-13
4.26552e-14
8.86188e-15
1.80584e-15
3.10576e-16
0.0033225
0.00160153
0.000735022
0.000321248
0.000133763
5.3094e-05
2.01046e-05
7.26869e-06
2.51153e-06
8.30194e-07
2.62814e-07
7.97675e-08
2.3239e-08
6.50633e-09
1.75277e-09
4.54918e-10
1.13911e-10
2.75554e-11
6.44978e-12
1.46285e-12
3.22107e-13
6.89547e-14
1.43849e-14
2.94328e-15
5.07825e-16
0.00459261
0.00223142
0.00103209
0.000454513
0.000190653
7.62198e-05
2.90627e-05
1.05784e-05
3.67901e-06
1.22378e-06
3.89771e-07
1.18996e-07
3.48638e-08
9.81428e-09
2.65784e-09
6.93332e-10
1.7446e-10
4.24027e-11
9.97038e-12
2.27137e-12
5.0226e-13
1.07967e-13
2.26114e-14
4.64446e-15
8.03794e-16
0.00616449
0.0030188
0.00140702
0.000624276
0.000263775
0.0001062
4.07723e-05
1.49392e-05
5.22899e-06
1.75016e-06
5.60753e-07
1.72183e-07
5.07273e-08
1.43564e-08
3.90797e-09
1.02452e-09
2.59032e-10
6.32496e-11
1.49385e-11
3.41786e-12
7.58912e-13
1.63794e-13
3.44338e-14
7.09945e-15
1.23232e-15
0.00802234
0.00395952
0.00185963
0.000831247
0.000353773
0.000143437
5.5444e-05
2.0449e-05
7.20317e-06
2.42577e-06
7.81837e-07
2.41444e-07
7.15249e-08
2.03501e-08
5.56793e-09
1.46691e-09
3.72651e-10
9.14113e-11
2.16855e-11
4.9828e-12
1.11095e-12
2.40731e-13
5.07993e-14
1.05128e-14
1.83027e-15
0.0101223
0.00503496
0.00238268
0.00107292
0.000459905
0.000187766
7.30683e-05
2.71251e-05
9.61507e-06
3.25774e-06
1.05616e-06
3.28011e-07
9.77014e-08
2.79446e-08
7.68481e-09
2.03458e-09
5.19311e-10
1.27971e-10
3.04926e-11
7.03641e-12
1.57526e-12
3.42706e-13
7.25924e-14
1.50792e-14
2.63318e-15
0.0123858
0.0062085
0.00296012
0.00134268
0.00057962
0.00023827
9.33388e-05
3.48733e-05
1.24386e-05
4.23976e-06
1.38253e-06
4.31781e-07
1.29308e-07
3.71784e-08
1.02758e-08
2.73385e-09
7.01086e-10
1.73553e-10
4.15359e-11
9.62567e-12
2.16378e-12
4.72624e-13
1.00493e-13
2.09534e-14
3.67018e-15
0.0147154
0.00743245
0.00356995
0.00163095
0.000708976
0.000293415
0.000115693
4.3499e-05
1.56101e-05
5.35226e-06
1.75528e-06
5.51223e-07
1.65959e-07
4.79623e-08
1.33225e-08
3.5615e-09
9.17592e-10
2.28174e-10
5.48466e-11
1.27641e-11
2.88101e-12
6.31787e-13
1.34846e-13
2.82222e-14
4.95868e-15
0.0171983
0.00875656
0.00423885
0.00195119
0.000854391
0.000356095
0.000141366
5.35014e-05
1.93217e-05
6.66549e-06
2.1989e-06
6.94489e-07
2.10248e-07
6.10864e-08
1.70555e-08
4.58219e-09
1.18626e-09
2.96361e-10
7.15586e-11
1.67265e-11
3.79132e-12
8.34842e-13
1.78888e-13
3.75867e-14
6.62537e-15
0.0197833
0.0101629
0.00496239
0.00230344
0.00101682
0.000427106
0.000170836
6.51259e-05
2.36852e-05
8.22633e-06
2.73163e-06
8.68218e-07
2.64455e-07
7.72924e-08
2.17043e-08
5.86364e-09
1.5262e-09
3.83282e-10
9.30156e-11
2.18491e-11
4.97609e-12
1.10082e-12
2.3694e-13
5.00055e-14
8.8473e-15
0.0220395
0.0114223
0.00562521
0.00263277
0.00117148
0.000495859
0.000199807
7.67148e-05
2.80924e-05
9.82208e-06
3.28253e-06
1.04982e-06
3.217e-07
9.45731e-08
2.67073e-08
7.25491e-09
1.89839e-09
4.79222e-10
1.16884e-10
2.759e-11
6.31347e-12
1.40316e-12
3.03373e-13
6.43119e-14
1.14216e-14
0.0239423
0.0125147
0.00621427
0.00293166
0.00131447
0.000560482
0.000227446
8.79221e-05
3.24083e-05
1.1403e-05
3.83431e-06
1.23359e-06
3.80191e-07
1.12393e-07
3.19116e-08
8.71424e-09
2.29191e-09
5.81435e-10
1.42499e-10
3.3795e-11
7.76883e-12
1.73435e-12
3.7661e-13
8.01832e-14
1.4293e-14
0.02555
0.0134614
0.00673565
0.00320101
0.00144535
0.000620447
0.000253414
9.85723e-05
3.65529e-05
1.29363e-05
4.3744e-06
1.41504e-06
4.38432e-07
1.30278e-07
3.71753e-08
1.02011e-08
2.6957e-09
6.87034e-10
1.69139e-10
4.0289e-11
9.30144e-12
2.08521e-12
4.54654e-13
9.71953e-14
1.73864e-14
0.0271073
0.0143806
0.00724315
0.00346385
0.00157341
0.000679295
0.000278977
0.000109091
4.06611e-05
1.44617e-05
4.91383e-06
1.597e-06
4.9707e-07
1.4836e-07
4.25186e-08
1.17168e-08
3.10904e-09
7.95583e-10
1.96636e-10
4.70202e-11
1.08966e-11
2.45189e-12
5.3655e-13
1.15122e-13
2.06582e-14
0.0289764
0.0154532
0.00782189
0.0037581
0.00171466
0.000743428
0.00030657
0.000120359
4.5035e-05
1.60781e-05
5.48335e-06
1.78858e-06
5.58688e-07
1.67335e-07
4.81217e-08
1.33056e-08
3.54234e-09
9.09418e-10
2.25492e-10
5.40904e-11
1.2574e-11
2.83801e-12
6.22918e-13
1.3406e-13
2.41204e-14
0.0317562
0.0169841
0.00861874
0.0041507
0.00189803
0.000824729
0.000340832
0.000134099
5.02851e-05
1.79917e-05
6.14945e-06
2.01029e-06
6.29332e-07
1.88913e-07
5.44476e-08
1.50881e-08
4.02579e-09
1.03582e-09
2.57397e-10
6.18794e-11
1.4416e-11
3.26088e-12
7.17288e-13
1.54715e-13
2.78908e-14
0.0362365
0.0193822
0.00983359
0.00473422
0.00216418
0.000940161
0.000388495
0.000152856
5.73281e-05
2.05176e-05
7.01567e-06
2.29464e-06
7.18789e-07
2.15914e-07
6.22772e-08
1.7272e-08
4.61256e-09
1.1879e-09
2.95479e-10
7.11076e-11
1.65835e-11
3.75533e-12
8.26983e-13
1.78595e-13
3.223e-14
0.0434439
0.0231888
0.0117358
0.00563536
0.00256959
0.00111363
0.000459176
0.000180313
6.75074e-05
2.41235e-05
8.23745e-06
2.69105e-06
8.42086e-07
2.52723e-07
7.28377e-08
2.01876e-08
5.38817e-09
1.38702e-09
3.44879e-10
8.29729e-11
1.93466e-11
4.38059e-12
9.64618e-13
2.08333e-13
3.75981e-14
0.0544104
0.0289724
0.0146189
0.00699688
0.00317983
0.00137363
0.000564621
0.000221067
8.25358e-05
2.94171e-05
1.00205e-05
3.266e-06
1.01978e-06
3.05425e-07
8.7857e-08
2.4306e-08
6.47625e-09
1.66442e-09
4.13227e-10
9.92759e-11
2.31171e-11
5.22788e-12
1.14983e-12
2.4808e-13
4.47272e-14
0.0696649
0.0370861
0.0186915
0.00893086
0.00405058
0.00174596
0.000716041
0.000279712
0.000104194
3.70527e-05
1.25932e-05
4.09546e-06
1.27597e-06
3.81328e-07
1.09456e-07
3.02177e-08
8.03464e-09
2.06071e-09
5.10586e-10
1.22425e-10
2.84524e-11
6.42267e-12
1.41003e-12
3.03689e-13
5.46643e-14
0.088277
0.0472062
0.0238664
0.0114282
0.00519096
0.00223972
0.000919093
0.000359144
0.000133793
4.75728e-05
1.61639e-05
5.25427e-06
1.63601e-06
4.88569e-07
1.40119e-07
3.86458e-08
1.02649e-08
2.62979e-09
6.50813e-10
1.55855e-10
3.6175e-11
8.15497e-12
1.78784e-12
3.84554e-13
6.91247e-14
0.107061
0.0578952
0.029519
0.0142286
0.00649821
0.00281683
0.00116065
0.000455179
0.000170114
6.06582e-05
2.06604e-05
6.73005e-06
2.09927e-06
6.27844e-07
1.80281e-07
4.97701e-08
1.32292e-08
3.39092e-09
8.39443e-10
2.01057e-10
4.6666e-11
1.05189e-11
2.30552e-12
4.95724e-13
8.907e-14
0.117783
0.0650269
0.0338008
0.0165739
0.00768115
0.00337089
0.00140335
0.000555185
0.000209048
7.50286e-05
2.57033e-05
8.4164e-06
2.63772e-06
7.92295e-07
2.28405e-07
6.3286e-08
1.68781e-08
4.33939e-09
1.07721e-09
2.58649e-10
6.01689e-11
1.35893e-11
2.98384e-12
6.42671e-13
1.1562e-13
0.121398
0.0675699
0.0354538
0.0175706
0.00823908
0.00366123
0.00154408
0.000618869
0.000236025
8.57564e-05
2.97202e-05
9.837e-06
3.11364e-06
9.43763e-07
2.74323e-07
7.65786e-08
2.05625e-08
5.31957e-09
1.32807e-09
3.20548e-10
7.49282e-11
1.69988e-11
3.7481e-12
8.10416e-13
1.46307e-13
0.122507
0.0683265
0.0359384
0.0178631
0.00840504
0.00374985
0.00158869
0.000640055
0.000245518
8.97744e-05
3.13287e-05
1.04466e-05
3.33269e-06
1.01849e-06
2.98567e-07
8.40742e-08
2.27737e-08
5.94316e-09
1.49659e-09
3.64282e-10
8.58557e-11
1.96325e-11
4.36247e-12
9.50406e-13
1.72727e-13
0.123144
0.0685904
0.0360484
0.0179127
0.00842929
0.00376234
0.00159532
0.000643399
0.000247142
9.05212e-05
3.16518e-05
1.0578e-05
3.38299e-06
1.03666e-06
3.04773e-07
8.6084e-08
2.33942e-08
6.12645e-09
1.54847e-09
3.78391e-10
8.95522e-11
2.05675e-11
4.59148e-12
1.00517e-12
1.83592e-13
0.125907
0.0697156
0.0364765
0.0180597
0.00847282
0.00377286
0.00159696
0.000643326
0.000246914
9.03853e-05
3.15904e-05
1.05531e-05
3.37368e-06
1.03348e-06
3.03782e-07
8.58022e-08
2.33204e-08
6.10834e-09
1.5444e-09
3.7757e-10
8.94095e-11
2.0549e-11
4.59139e-12
1.00621e-12
1.83967e-13
0.13448
0.0734772
0.0380153
0.0186511
0.00868619
0.00384489
0.00161936
0.000649554
0.000248365
9.06129e-05
3.15761e-05
1.05215e-05
3.35628e-06
1.02621e-06
3.0114e-07
8.49272e-08
2.3051e-08
6.03083e-09
1.52327e-09
3.72065e-10
8.80364e-11
2.02189e-11
4.51454e-12
9.88734e-13
1.80718e-13
0.143618
0.0789196
0.0408719
0.0199999
0.00927517
0.00408605
0.0017125
0.000683588
0.00026017
9.45101e-05
3.28035e-05
1.08907e-05
3.46241e-06
1.05539e-06
3.08823e-07
8.68664e-08
2.35207e-08
6.1394e-09
1.54729e-09
3.77149e-10
8.90642e-11
2.04171e-11
4.55103e-12
9.95109e-13
1.81597e-13
0.14371
0.0792744
0.0412038
0.0202329
0.00941336
0.00415873
0.00174724
0.000698943
0.000266503
9.69597e-05
3.36953e-05
1.11973e-05
3.56233e-06
1.08632e-06
3.17937e-07
8.9428e-08
2.4209e-08
6.31715e-09
1.59143e-09
3.87705e-10
9.15029e-11
2.09615e-11
4.66881e-12
1.02002e-12
1.85996e-13
0.132942
0.0746955
0.0392349
0.0193864
0.00905483
0.00401057
0.00168794
0.000676082
0.000258038
9.39528e-05
3.26706e-05
1.08623e-05
3.45715e-06
1.05459e-06
3.08735e-07
8.68602e-08
2.35186e-08
6.13755e-09
1.5462e-09
3.76666e-10
8.8887e-11
2.03591e-11
4.53415e-12
9.90374e-13
1.80639e-13
0.0994646
0.0589199
0.0319352
0.0160717
0.00758821
0.00338279
0.00142935
0.000573913
0.000219383
7.99567e-05
2.78203e-05
9.25269e-06
2.94522e-06
8.98402e-07
2.62966e-07
7.39621e-08
2.0018e-08
5.22171e-09
1.3148e-09
3.20107e-10
7.54869e-11
1.72762e-11
3.84427e-12
8.38834e-13
1.53125e-13
0.0395377
0.026088
0.0152043
0.00799311
0.00387005
0.0017497
0.000744906
0.000300228
0.00011495
4.1909e-05
1.45751e-05
4.84262e-06
1.5393e-06
4.68745e-07
1.36935e-07
3.84316e-08
1.03769e-08
2.69978e-09
6.77826e-10
1.64519e-10
3.86652e-11
8.81855e-12
1.95569e-12
4.2518e-13
7.77564e-14
0.0072745
0.00627084
0.0040415
0.00215303
0.00103233
0.000456795
0.000189098
7.38112e-05
2.72918e-05
9.5886e-06
3.20858e-06
1.02477e-06
3.13028e-07
9.16213e-08
2.57409e-08
6.95276e-09
1.80818e-09
4.53426e-10
1.09845e-10
2.57447e-11
5.84713e-12
1.28938e-12
2.76688e-13
5.81754e-14
1.05079e-14
0.000855678
0.000845455
0.000684294
0.000366005
0.000169194
7.07923e-05
2.73873e-05
9.92226e-06
3.39169e-06
1.09908e-06
3.38779e-07
9.96034e-08
2.80048e-08
7.54454e-09
1.95133e-09
4.85066e-10
1.16078e-10
2.68082e-11
5.98887e-12
1.29498e-12
2.71588e-13
5.53002e-14
1.09654e-14
2.12412e-15
3.80333e-16
7.32496e-05
8.95747e-05
7.36826e-05
3.93195e-05
1.6302e-05
6.00671e-06
2.02531e-06
6.35738e-07
1.8763e-07
5.23639e-08
1.38667e-08
3.49195e-09
8.3849e-10
1.92069e-10
4.20713e-11
8.84522e-12
1.79362e-12
3.50992e-13
6.64081e-14
1.21514e-14
2.1561e-15
3.71112e-16
6.22235e-17
1.00538e-17
2.42606e-18
5.358e-06
6.77874e-06
5.09537e-06
2.15847e-06
7.2452e-07
2.07426e-07
5.26371e-08
1.21428e-08
2.58748e-09
5.12815e-10
9.56292e-11
1.7025e-11
2.8987e-12
4.72759e-13
7.4184e-14
9.94478e-15
2.2569e-15
4.97942e-16
1.06947e-16
2.237e-17
4.56554e-18
9.09578e-19
1.80058e-19
3.64586e-20
9.6764e-21
2.21038e-07
2.3203e-07
1.21905e-07
3.06883e-08
5.45641e-09
6.2582e-10
6.18073e-11
5.33524e-12
7.96625e-13
1.13895e-13
1.56824e-14
2.09242e-15
2.72112e-16
3.46912e-17
4.35824e-18
5.34383e-19
7.01475e-20
1.03278e-20
1.72817e-21
3.19339e-22
1.60511e-22
2.0155e-23
2.49694e-23
3.84e-24
9.29971e-24
)
;

boundaryField
{
    inlet
    {
        type            fixedValue;
        value           uniform 1;
    }
    outlet
    {
        type            inletOutlet;
        inletValue      uniform 0;
        value           nonuniform List<scalar> 
57
(
2.04829e-28
5.44794e-26
2.04811e-24
2.20336e-23
1.56864e-22
8.94162e-22
4.22067e-21
1.70159e-20
5.96363e-20
1.85511e-19
5.19005e-19
1.32732e-18
3.14119e-18
6.97901e-18
1.46769e-17
2.95806e-17
5.68128e-17
1.04374e-16
1.83455e-16
3.10576e-16
5.07825e-16
8.03794e-16
1.23232e-15
1.83027e-15
2.63318e-15
3.67018e-15
4.95868e-15
6.62537e-15
8.8473e-15
1.14216e-14
1.4293e-14
1.73864e-14
2.06582e-14
2.41204e-14
2.78908e-14
3.223e-14
3.75981e-14
4.47272e-14
5.46643e-14
6.91247e-14
8.907e-14
1.1562e-13
1.46307e-13
1.72727e-13
1.83592e-13
1.83967e-13
1.80718e-13
1.81597e-13
1.85996e-13
1.80639e-13
1.53125e-13
7.77564e-14
1.05079e-14
3.80333e-16
2.42606e-18
9.6764e-21
9.29971e-24
)
;
    }
    upperWall
    {
        type            zeroGradient;
    }
    lowerWall
    {
        type            zeroGradient;
    }
    frontAndBack
    {
        type            empty;
    }
}


// ************************************************************************* //
