/*--------------------------------*- C++ -*----------------------------------*\
| =========                 |                                                 |
| \\      /  F ield         | OpenFOAM: The Open Source CFD Toolbox           |
|  \\    /   O peration     | Version:  2112                                  |
|   \\  /    A nd           | Website:  www.openfoam.com                      |
|    \\/     M anipulation  |                                                 |
\*---------------------------------------------------------------------------*/
FoamFile
{
    version     2.0;
    format      ascii;
    arch        "LSB;label=32;scalar=64";
    class       volScalarField;
    location    "0.013";
    object      nut;
}
// * * * * * * * * * * * * * * * * * * * * * * * * * * * * * * * * * * * * * //

dimensions      [0 2 -1 0 0 0 0];

internalField   nonuniform List<scalar> 
12225
(
0
0
0
0
0
0
0
0
0
0
0
0
0
0
0
0
0
0
0
0
0
0
0
0
0
0
0
0
0
0
0
0
0
0
0
0
0
0
0
1.59784e-11
0
0
0
0
0
0
0
0
0
0
0
0
0
0
0
9.98432e-09
1.7697e-08
1.0587e-08
2.18124e-09
0
0
0
0
0
0
0
0
0
0
0
0
0
0
6.14876e-08
0
0
0
0
0
0
5.97697e-07
5.25496e-07
9.94648e-08
0
0
4.56222e-08
4.55763e-08
3.7088e-08
1.54932e-08
1.85389e-08
0
2.08553e-07
8.57296e-08
0
0
0
0
0
0
9.60665e-07
1.54116e-07
0
0
0
6.08326e-07
0
0
0
1.8049e-07
7.25075e-08
2.16477e-07
0
0
0
0
0
0
0
0
0
0
2.36261e-07
1.34264e-06
0
0
0
1.75229e-07
0
9.91755e-08
0
0
0
0
0
0
0
0
1.52079e-07
5.73135e-07
6.90096e-07
9.58121e-07
9.71035e-07
0
0
4.21235e-08
0
1.91171e-07
8.83939e-08
0
0
0
0
0
0
0
3.19881e-07
6.8195e-07
7.17678e-07
5.9388e-07
4.05984e-07
0
0
6.78783e-08
0
4.53612e-07
8.02996e-07
6.43026e-07
0
0
0
0
1.38484e-08
0
0
0
0
0
0
0
3.24812e-07
3.80096e-07
0
8.42199e-07
7.94987e-07
7.99946e-07
1.26851e-06
5.73487e-07
1.52111e-07
1.58302e-07
1.21499e-07
0
0
0
0
0
0
0
5.96117e-07
4.78735e-07
2.86662e-07
1.12067e-06
7.58342e-07
1.53728e-07
2.63212e-07
1.0681e-06
4.92728e-07
1.40297e-07
0
0
0
0
0
0
0
8.31329e-07
9.24776e-07
6.68314e-07
5.39123e-07
8.83824e-07
7.09277e-07
0
5.90604e-07
5.91142e-07
1.70347e-07
1.04566e-07
2.59151e-08
0
0
0
0
0
2.4561e-07
1.08423e-07
1.04063e-07
8.74659e-07
1.0524e-06
2.26677e-07
0
2.32407e-07
4.1733e-07
1.59731e-07
6.5028e-08
1.02918e-07
8.37918e-08
5.51052e-08
6.27177e-08
1.0475e-07
1.66391e-07
2.9901e-07
3.74067e-07
0
0
7.29177e-07
1.07253e-06
0
0
0
0
0
0
9.92146e-08
1.91499e-07
1.95486e-07
2.94898e-07
4.38372e-07
5.46358e-07
5.98208e-07
7.40096e-07
5.53198e-07
0
0
1.77019e-08
0
0
0
0
0
0
0
5.46412e-07
6.45124e-07
4.15073e-07
4.28698e-07
5.35256e-07
5.1406e-07
4.76927e-07
4.77611e-07
0
1.01932e-07
0
0
0
2.91827e-06
0
0
0
0
0
0
0
0
0
0
0
3.90773e-08
0
4.24414e-07
2.50278e-07
0
0
4.58075e-07
0
0
0
0
1.08669e-06
0
0
0
0
0
0
0
0
2.83192e-07
3.5021e-07
0
0
0
0
0
0
1.37584e-06
1.92217e-06
0
0
0
0
0
0
0
0
0
0
0
0
0
0
8.3943e-08
3.31707e-07
3.05506e-07
5.38802e-07
1.42945e-07
0
0
0
0
0
0
0
0
0
6.50496e-07
1.42465e-07
0
0
1.46167e-07
5.59683e-07
1.56627e-07
6.24234e-09
2.86924e-07
0
0
0
0
0
0
0
0
7.27381e-07
1.22096e-06
9.05576e-07
2.62009e-07
3.64375e-08
5.84233e-07
0
0
0
0
3.8709e-07
1.92449e-07
0
0
0
0
0
0
4.00553e-07
4.06766e-07
1.60855e-07
0
0
0
0
0
0
0
6.87679e-09
6.78074e-07
1.79467e-07
0
0
0
0
0
0
0
0
0
0
5.12846e-07
0
0
0
0
0
0
0
0
0
0
0
0
0
0
0
0
0
9.39264e-07
6.86374e-07
1.26768e-07
0
0
0
0
0
0
0
0
0
0
0
0
0
0
0
0
0
3.33057e-07
3.91469e-07
2.49818e-07
3.86377e-08
0
0
0
0
0
0
0
0
0
0
0
0
0
0
0
3.15216e-09
5.83541e-09
6.10587e-09
4.77419e-09
3.13977e-09
2.07992e-09
1.69222e-09
1.74573e-09
1.94179e-09
2.08072e-09
0
0
0
0
0
0
0
0
0
0
0
0
0
0
1.74297e-11
7.341e-11
1.37659e-10
1.75869e-09
0
0
0
0
0
0
0
0
0
0
0
0
0
0
0
0
0
2.94806e-09
3.03643e-11
0
0
0
0
0
0
0
0
0
0
0
0
0
0
0
0
0
0
0
0
0
0
0
0
1.54112e-06
5.47036e-06
8.52261e-06
9.67424e-06
9.28556e-06
8.06525e-06
6.50505e-06
4.89794e-06
3.42726e-06
2.20881e-06
1.28363e-06
6.36452e-07
2.2075e-07
0
0
0
0
9.48249e-09
9.52079e-08
1.67527e-07
2.18648e-07
2.43786e-07
2.46455e-07
2.30986e-07
2.0707e-07
1.74213e-07
1.40971e-07
1.1076e-07
8.09847e-08
6.08322e-08
4.07539e-08
2.64448e-08
1.54436e-08
6.35615e-09
0
0
0
0
0
0
0
0
0
0
0
0
0
0
0
0
0
0
0
0
0
0
0
0
0
0
0
0
0
0
0
0
0
0
0
0
0
0
0
0
0
0
0
0
0
0
0
0
0
0
0
0
0
0
0
0
0
0
0
0
0
0
0
0
0
0
0
0
0
0
0
0
0
0
0
0
0
0
0
0
0
0
0
0
0
0
0
0
0
0
0
0
0
0
0
0
0
0
0
0
0
0
0
0
0
0
0
0
0
0
0
0
0
0
0
0
0
0
0
0
0
0
0
0
0
0
0
0
0
0
0
0
0
0
0
0
0
0
0
0
0
7.50268e-08
3.68928e-07
6.36771e-07
8.77092e-07
1.10087e-06
1.303e-06
1.46959e-06
1.59631e-06
1.68438e-06
1.73264e-06
1.7402e-06
1.70024e-06
1.62566e-06
1.52738e-06
1.40379e-06
1.25422e-06
1.06703e-06
8.48815e-07
6.16563e-07
4.03363e-07
2.43222e-07
1.5009e-07
1.15681e-07
1.17459e-07
1.32252e-07
1.46535e-07
1.52064e-07
1.51827e-07
1.47593e-07
1.40173e-07
1.30221e-07
1.18947e-07
1.06215e-07
9.22779e-08
7.79938e-08
6.25695e-08
4.62826e-08
2.95951e-08
1.28813e-08
0
0
0
0
0
0
0
0
0
0
0
0
0
0
0
0
0
0
0
0
0
0
0
0
0
2.86976e-08
1.05619e-07
6.38531e-08
0
0
0
0
0
0
0
0
0
0
0
0
0
0
0
0
0
0
0
0
0
0
0
0
0
0
0
0
0
0
0
0
0
0
0
0
0
0
0
0
0
0
0
0
0
0
0
0
0
0
0
0
0
0
0
0
0
0
0
0
0
0
0
0
0
0
0
0
0
0
0
0
0
0
0
0
0
0
0
0
0
0
0
0
0
0
0
0
0
0
0
0
0
0
0
0
0
0
0
0
0
0
0
0
0
0
0
0
0
0
0
0
0
0
0
5.32069e-08
2.65413e-07
4.71201e-07
6.54917e-07
8.13023e-07
9.45793e-07
1.0529e-06
1.13208e-06
1.1829e-06
1.20549e-06
1.18679e-06
1.13956e-06
1.06381e-06
9.64436e-07
8.50477e-07
7.26498e-07
6.02054e-07
4.80168e-07
3.6353e-07
2.59143e-07
1.71942e-07
1.04712e-07
5.8158e-08
3.43689e-08
3.45072e-08
5.59022e-08
9.11951e-08
1.3328e-07
1.67753e-07
1.87836e-07
1.88158e-07
1.73017e-07
1.4678e-07
1.14564e-07
8.00874e-08
4.82026e-08
1.99308e-08
0
0
0
0
0
0
0
0
0
0
0
0
0
0
0
0
0
0
5.6961e-08
1.12128e-07
1.52292e-07
1.80659e-07
1.99918e-07
2.10518e-07
2.16671e-07
2.20959e-07
2.13885e-07
1.82776e-07
1.33369e-07
7.78189e-08
2.18252e-08
0
0
0
0
0
0
0
0
0
0
0
0
0
0
0
0
0
0
0
0
0
0
0
0
0
0
0
0
0
0
0
0
0
0
0
0
0
0
0
0
0
0
0
0
0
0
0
0
0
0
0
0
0
0
0
0
0
0
0
0
0
0
0
0
0
0
0
0
0
0
0
0
0
0
0
0
0
0
0
0
0
0
0
0
0
0
0
0
0
0
0
0
0
0
0
0
0
0
0
0
0
0
0
0
0
0
0
0
0
0
0
0
0
0
0
0
0
0
0
2.82321e-08
8.18215e-08
1.08055e-07
1.00445e-07
5.94546e-08
0
0
0
0
0
0
0
0
0
0
0
0
0
0
0
0
0
0
0
0
0
0
0
0
0
0
0
0
4.03388e-08
1.35168e-07
2.24085e-07
3.05276e-07
3.80397e-07
4.50899e-07
5.16858e-07
5.77087e-07
6.28172e-07
6.65667e-07
6.92944e-07
7.115e-07
7.11448e-07
6.85083e-07
6.48167e-07
5.84968e-07
5.20068e-07
4.53529e-07
3.93806e-07
3.41329e-07
2.97842e-07
2.6809e-07
2.49631e-07
2.30358e-07
2.04995e-07
1.78954e-07
1.55962e-07
1.34522e-07
1.14938e-07
9.80198e-08
8.32447e-08
7.04785e-08
5.94507e-08
4.98386e-08
4.14241e-08
3.39052e-08
2.7024e-08
2.05539e-08
1.43304e-08
8.34947e-09
2.61609e-09
0
0
0
0
0
0
0
0
0
0
0
0
0
0
0
0
0
0
0
0
0
0
0
5.29037e-11
9.00825e-11
1.02032e-10
9.9816e-11
9.05306e-11
7.846e-11
6.57941e-11
5.38414e-11
4.32902e-11
3.41142e-11
2.64195e-11
2.02334e-11
1.53992e-11
1.16537e-11
8.77342e-12
6.57341e-12
4.8982e-12
3.63447e-12
2.69883e-12
2.01755e-12
1.52136e-12
1.15301e-12
8.72739e-13
6.56728e-13
4.90933e-13
3.65474e-13
2.71769e-13
2.0213e-13
1.50224e-13
1.11312e-13
8.20595e-14
6.01406e-14
4.38572e-14
3.19031e-14
2.32343e-14
1.70165e-14
1.25955e-14
9.47189e-15
7.27337e-15
5.72764e-15
4.63809e-15
3.86325e-15
3.30597e-15
2.89491e-15
2.58412e-15
2.33478e-15
2.12994e-15
1.94499e-15
1.78171e-15
1.61273e-15
1.45669e-15
1.26763e-15
1.09068e-15
8.40526e-16
6.12171e-16
2.44781e-16
0
0
0
0
0
0
0
0
0
0
0
0
0
0
0
0
0
0
0
0
0
0
0
0
0
0
0
0
0
0
0
0
0
0
0
0
0
0
0
0
0
0
0
0
0
0
0
0
0
0
1.38056e-07
3.4588e-07
5.37235e-07
7.53251e-07
9.83011e-07
1.05765e-06
5.93834e-07
0
0
0
0
0
0
0
0
0
0
0
0
7.36276e-08
3.12959e-07
5.19343e-07
6.67728e-07
7.48586e-07
7.46708e-07
6.77322e-07
5.79116e-07
4.83881e-07
4.05363e-07
3.43545e-07
2.98713e-07
2.71384e-07
2.51227e-07
2.27097e-07
2.01482e-07
1.78782e-07
1.59913e-07
1.43186e-07
1.26646e-07
1.09343e-07
9.18421e-08
7.5649e-08
6.23309e-08
5.13945e-08
4.249e-08
3.51651e-08
2.90571e-08
2.39408e-08
1.97191e-08
1.6105e-08
1.28586e-08
9.8285e-09
7.03488e-09
4.5258e-09
2.31532e-09
4.01234e-10
0
0
0
0
0
0
0
0
0
0
0
0
0
0
0
0
0
0
0
0
0
0
0
0
0
0
0
0
0
0
0
0
0
0
0
0
0
4.82075e-12
9.11063e-12
9.9467e-12
9.14976e-12
7.73799e-12
6.23158e-12
4.86704e-12
3.72518e-12
2.81283e-12
2.10447e-12
1.56571e-12
1.16193e-12
8.63082e-13
6.44159e-13
4.84977e-13
3.69313e-13
2.8479e-13
2.22722e-13
1.76953e-13
1.43014e-13
1.17518e-13
9.80651e-14
8.30011e-14
7.11808e-14
6.17583e-14
5.41829e-14
4.79277e-14
4.27028e-14
3.81804e-14
3.42028e-14
3.05163e-14
2.7135e-14
2.37191e-14
2.04484e-14
1.69414e-14
1.3342e-14
9.57544e-15
5.3565e-15
1.96841e-15
0
0
0
1.15592e-14
1.70666e-14
2.20719e-13
5.71845e-13
5.1017e-12
1.07468e-11
9.00394e-11
1.01776e-11
1.26114e-10
0
0
0
0
0
0
0
0
0
0
0
0
0
0
0
0
0
0
0
0
0
0
0
0
0
0
0
0
0
0
0
0
0
3.60005e-07
5.88917e-07
5.99157e-07
4.87131e-07
3.74578e-07
3.56389e-07
4.85188e-07
7.3784e-07
9.15442e-07
5.73052e-07
0
0
0
0
0
0
0
0
0
0
0
0
0
0
0
2.36031e-07
5.63818e-07
7.55988e-07
8.00084e-07
7.03501e-07
5.55973e-07
4.33809e-07
3.52511e-07
3.04087e-07
2.76598e-07
2.49682e-07
2.17564e-07
1.88693e-07
1.68245e-07
1.53891e-07
1.41619e-07
1.29572e-07
1.17817e-07
1.05941e-07
9.26399e-08
7.72564e-08
6.17171e-08
4.86451e-08
3.83032e-08
3.02531e-08
2.4033e-08
1.91338e-08
1.51891e-08
1.19917e-08
9.4282e-09
7.24647e-09
5.23642e-09
3.3368e-09
1.58885e-09
2.96547e-11
0
0
0
0
0
0
0
0
0
0
0
0
0
0
0
0
0
0
0
0
0
0
0
0
0
0
0
0
0
0
0
0
0
0
0
0
0
0
0
0
0
0
0
0
0
0
0
0
0
0
0
0
0
0
0
0
0
0
0
0
0
0
0
0
0
0
0
0
3.35241e-13
8.73663e-13
1.23307e-12
1.49487e-12
1.83331e-12
2.27129e-12
3.10982e-12
4.29323e-12
6.6551e-12
9.80983e-12
1.634e-11
2.38749e-11
4.02727e-11
5.27789e-11
8.4189e-11
7.86224e-11
1.39578e-10
1.66811e-11
3.36265e-11
0
0
0
0
0
0
0
0
0
0
0
0
0
0
0
0
0
0
0
0
0
0
0
0
0
0
0
0
0
0
0
3.31699e-07
6.16009e-07
4.74447e-07
4.89516e-08
0
0
0
0
0
1.62947e-08
4.44287e-07
7.25011e-07
8.26095e-07
9.3026e-07
1.01671e-06
9.65914e-07
7.76339e-07
4.87799e-07
9.7317e-08
0
0
0
0
0
0
0
0
0
7.41735e-08
5.2131e-07
7.44273e-07
7.55537e-07
6.49398e-07
5.13134e-07
3.98423e-07
3.31836e-07
2.916e-07
2.51619e-07
2.11702e-07
1.78391e-07
1.52526e-07
1.33198e-07
1.21163e-07
1.14794e-07
1.09662e-07
1.02806e-07
9.42226e-08
8.48658e-08
7.41515e-08
6.10899e-08
4.73716e-08
3.5825e-08
2.68344e-08
2.00292e-08
1.49784e-08
1.12163e-08
8.32573e-09
6.03894e-09
4.21341e-09
2.7026e-09
1.33731e-09
4.527e-11
0
0
0
0
0
0
0
0
0
0
0
0
0
0
0
0
0
0
0
0
0
0
0
0
0
0
0
0
0
0
0
0
0
0
0
0
0
0
0
0
0
0
0
0
0
0
0
0
0
0
0
0
0
0
0
0
0
0
0
0
0
0
0
0
0
0
0
0
2.85735e-13
6.08627e-13
8.74076e-13
1.08537e-12
1.36522e-12
1.70008e-12
2.33515e-12
3.21407e-12
4.9639e-12
7.29474e-12
1.19774e-11
1.73068e-11
2.81463e-11
3.5839e-11
5.60077e-11
4.73835e-11
6.81469e-11
0
0
0
0
0
0
0
0
0
0
0
0
0
0
0
0
0
0
0
0
0
0
0
0
0
0
0
0
0
0
0
0
3.54545e-07
5.02872e-07
1.73353e-07
0
0
0
0
0
0
8.73878e-07
1.9473e-06
2.55204e-06
2.05933e-06
1.10257e-06
1.10995e-06
1.8208e-06
2.48078e-06
2.86935e-06
2.80836e-06
2.51768e-06
2.0379e-06
1.32014e-06
5.83964e-07
0
0
0
0
0
0
0
1.64782e-07
5.94588e-07
7.12502e-07
6.53704e-07
5.51711e-07
4.59681e-07
3.83078e-07
3.1674e-07
2.60132e-07
2.15375e-07
1.79289e-07
1.48741e-07
1.24183e-07
1.05915e-07
9.34087e-08
8.69734e-08
8.51808e-08
8.45971e-08
8.1118e-08
7.52636e-08
6.73482e-08
5.82516e-08
4.69112e-08
3.52365e-08
2.57184e-08
1.83957e-08
1.29824e-08
9.08662e-09
6.29543e-09
4.24128e-09
2.66494e-09
1.41629e-09
3.77955e-10
0
0
0
0
0
0
0
0
0
0
0
0
0
0
0
0
0
0
0
0
0
0
0
0
0
0
0
0
0
0
0
0
0
0
0
0
0
0
0
0
0
0
0
0
0
0
0
0
0
0
0
0
0
0
0
0
0
0
0
0
0
0
0
0
0
0
0
0
1.22993e-13
3.9772e-13
6.35347e-13
8.26651e-13
1.05862e-12
1.32208e-12
1.79006e-12
2.42975e-12
3.64898e-12
5.26762e-12
8.31295e-12
1.17138e-11
1.78825e-11
2.17427e-11
3.18658e-11
2.31036e-11
2.12335e-11
0
0
0
0
0
0
0
0
0
0
0
0
0
0
0
0
0
0
0
0
0
0
0
0
0
0
0
0
0
0
0
2.29184e-07
3.90592e-07
8.94734e-08
0
0
0
0
0
1.27158e-06
3.55849e-06
6.94365e-06
1.14616e-05
1.51872e-05
8.70579e-06
0
0
0
0
0
1.50895e-06
2.39609e-06
2.7293e-06
2.65635e-06
2.40595e-06
1.82327e-06
1.02515e-06
4.28533e-08
0
0
0
0
0
3.79134e-07
5.96547e-07
5.54803e-07
4.94934e-07
4.38619e-07
3.70399e-07
3.01522e-07
2.46212e-07
2.05827e-07
1.74387e-07
1.47389e-07
1.22726e-07
1.00736e-07
8.36177e-08
7.18866e-08
6.51389e-08
6.29507e-08
6.38213e-08
6.50854e-08
6.28846e-08
5.83829e-08
5.19897e-08
4.36705e-08
3.36635e-08
2.42916e-08
1.69367e-08
1.14441e-08
7.51362e-09
4.77776e-09
2.88094e-09
1.52904e-09
5.18391e-10
0
0
0
0
0
0
0
0
0
0
0
0
0
0
0
0
0
0
0
0
0
0
0
0
0
0
0
0
0
0
0
0
0
0
0
0
0
0
0
0
0
0
0
0
0
0
0
0
0
0
0
0
0
0
0
0
0
0
0
0
0
0
0
0
0
0
0
0
0
2.22255e-13
4.28376e-13
5.94851e-13
7.78294e-13
9.75149e-13
1.29585e-12
1.7247e-12
2.49627e-12
3.50704e-12
5.26213e-12
7.13289e-12
1.00411e-11
1.1502e-11
1.26125e-11
8.04725e-12
6.21711e-13
0
0
0
0
0
0
0
0
0
0
0
0
0
0
0
0
0
0
0
0
0
0
0
0
0
0
0
0
0
0
0
1.48496e-07
2.62373e-08
0
0
0
0
1.39792e-07
1.53057e-06
4.11456e-06
8.42396e-06
1.51859e-05
2.56045e-05
3.92681e-05
2.32818e-05
0
0
0
0
0
0
7.88675e-07
1.73725e-06
2.15727e-06
2.23622e-06
2.12717e-06
1.97346e-06
1.55553e-06
6.32481e-07
0
0
0
0
0
0
1.62124e-07
2.73058e-07
2.97339e-07
2.79715e-07
2.44705e-07
2.09426e-07
1.79653e-07
1.55365e-07
1.34867e-07
1.1686e-07
9.99073e-08
8.28927e-08
6.75529e-08
5.65576e-08
5.01634e-08
4.78374e-08
4.81395e-08
5.03287e-08
5.11085e-08
4.88852e-08
4.50205e-08
3.94469e-08
3.14059e-08
2.27616e-08
1.56634e-08
1.02912e-08
6.44187e-09
3.79928e-09
2.02892e-09
8.40314e-10
1.60395e-11
0
0
0
0
0
0
0
0
0
0
0
0
0
0
0
0
0
0
0
0
0
0
0
0
0
0
0
0
0
0
0
0
0
0
0
0
0
0
0
0
0
0
0
0
0
0
0
0
0
0
0
0
0
0
0
0
0
0
0
0
0
0
0
0
0
0
0
0
6.88134e-14
2.43126e-13
3.82845e-13
5.21481e-13
6.57411e-13
8.54773e-13
1.10559e-12
1.52662e-12
2.05442e-12
2.88301e-12
3.65356e-12
4.87006e-12
4.4773e-12
3.98363e-12
0
0
0
0
0
0
0
0
0
0
0
0
0
0
0
0
0
0
0
0
0
0
0
0
0
0
0
0
0
0
0
0
0
0
0
0
0
0
3.99892e-08
8.94678e-07
2.69284e-06
6.14581e-06
1.13346e-05
1.77287e-05
2.26799e-05
2.02015e-05
3.95983e-07
0
0
0
0
0
0
0
8.90585e-07
1.53708e-06
1.65182e-06
1.4998e-06
1.41316e-06
1.5217e-06
1.312e-06
1.70197e-07
0
0
0
0
0
0
0
6.88141e-08
1.507e-07
1.60153e-07
1.52962e-07
1.40259e-07
1.26336e-07
1.1284e-07
1.01425e-07
9.19922e-08
8.21223e-08
6.98711e-08
5.66479e-08
4.65755e-08
4.08048e-08
3.85073e-08
3.84717e-08
3.95444e-08
4.10963e-08
4.01777e-08
3.76263e-08
3.39847e-08
2.82e-08
2.05465e-08
1.39817e-08
8.96182e-09
5.36285e-09
2.92049e-09
1.32988e-09
3.14717e-10
0
0
0
0
0
0
0
0
0
0
0
0
0
0
0
0
0
0
0
0
0
0
0
0
0
0
0
0
0
0
0
0
0
0
0
0
0
0
0
0
0
0
0
0
0
0
0
0
0
0
0
0
0
0
0
0
0
0
0
0
0
0
0
0
0
0
0
0
0
6.94465e-14
1.84623e-13
2.86687e-13
3.73381e-13
4.78637e-13
5.94083e-13
7.68208e-13
9.5775e-13
1.2062e-12
1.39897e-12
1.31571e-12
7.49559e-13
0
0
0
0
0
0
0
0
0
0
0
0
0
0
0
0
0
0
0
0
0
0
0
0
0
0
0
0
0
0
0
0
0
0
0
0
0
0
0
3.82444e-08
4.59395e-07
1.53289e-06
3.40977e-06
5.59455e-06
6.91754e-06
5.49971e-06
4.04694e-08
0
0
0
0
0
0
0
0
0
0
6.01382e-07
8.74327e-07
4.82484e-07
0
3.495e-08
5.86531e-09
0
0
0
0
0
0
0
0
4.38456e-08
9.17647e-08
1.00688e-07
1.0158e-07
9.80299e-08
9.16391e-08
8.34858e-08
7.73107e-08
7.39175e-08
6.94402e-08
6.06178e-08
4.94078e-08
4.09439e-08
3.63745e-08
3.4346e-08
3.36454e-08
3.34136e-08
3.42197e-08
3.33272e-08
3.12204e-08
2.85328e-08
2.44135e-08
1.79279e-08
1.21044e-08
7.58525e-09
4.34111e-09
2.16501e-09
7.87244e-10
0
0
0
0
0
0
0
0
0
0
0
0
0
0
0
0
0
0
0
0
0
0
0
0
0
0
0
0
0
0
0
0
0
0
0
0
0
0
0
0
0
0
0
0
0
0
0
0
0
0
0
0
0
0
0
0
0
0
0
0
0
0
0
0
0
0
0
0
0
0
1.19644e-14
8.75424e-14
1.41253e-13
1.87725e-13
2.22478e-13
2.55342e-13
2.75639e-13
2.50429e-13
1.51002e-13
0
0
0
0
0
0
0
0
0
0
0
1.99268e-08
3.04808e-08
2.50489e-08
2.13908e-08
1.95864e-08
1.95197e-08
1.91555e-08
2.03535e-08
2.45656e-08
3.12041e-08
3.81742e-08
4.29856e-08
4.42556e-08
4.42917e-08
4.6433e-08
5.30354e-08
6.49622e-08
8.37025e-08
1.12824e-07
1.47995e-07
1.69018e-07
1.52751e-07
7.90321e-08
0
0
0
0
0
0
0
0
0
0
0
0
0
0
0
0
0
0
0
0
0
0
0
0
0
0
1.07749e-07
1.16411e-07
0
0
0
0
0
0
0
0
0
0
0
1.65442e-08
7.92653e-08
8.14312e-08
7.81264e-08
7.68963e-08
7.53455e-08
7.11794e-08
6.45079e-08
5.97157e-08
5.90463e-08
5.79779e-08
5.20022e-08
4.34328e-08
3.74812e-08
3.4429e-08
3.27138e-08
3.12056e-08
2.98669e-08
2.9645e-08
2.80544e-08
2.57149e-08
2.34179e-08
2.03368e-08
1.50532e-08
1.01079e-08
6.19717e-09
3.38359e-09
1.52285e-09
3.79612e-10
0
0
0
0
0
0
0
0
0
0
0
0
0
0
0
0
0
0
0
0
0
0
0
0
0
0
0
0
0
0
0
0
0
0
0
0
0
0
0
0
0
0
0
0
0
0
0
0
0
0
0
0
0
0
0
0
0
0
0
0
0
0
0
0
0
0
0
0
0
0
0
0
0
0
0
0
0
0
0
0
0
0
0
0
0
0
0
4.00733e-10
5.39846e-09
3.20502e-08
5.99333e-08
6.27325e-08
6.79884e-08
7.84943e-08
8.98612e-08
1.04712e-07
1.19562e-07
1.38327e-07
1.62475e-07
1.86422e-07
2.05308e-07
2.16123e-07
2.26232e-07
2.41966e-07
2.66391e-07
3.00946e-07
3.44495e-07
3.89753e-07
4.27265e-07
4.26732e-07
3.6551e-07
2.33871e-07
3.12271e-08
0
0
0
0
2.56327e-07
3.77797e-07
0
0
0
0
0
0
0
0
0
0
0
0
0
0
0
0
0
0
0
0
0
0
0
0
0
2.14667e-08
2.67599e-07
0
0
0
0
0
0
8.49679e-08
8.80715e-08
7.38592e-08
6.33302e-08
5.80808e-08
5.63283e-08
5.35533e-08
4.73005e-08
4.21757e-08
4.22741e-08
4.35141e-08
4.05997e-08
3.5513e-08
3.23994e-08
3.09765e-08
2.99677e-08
2.82664e-08
2.66188e-08
2.59908e-08
2.38193e-08
2.11058e-08
1.90402e-08
1.67735e-08
1.26005e-08
8.54215e-09
5.20809e-09
2.7866e-09
1.1985e-09
2.41828e-10
0
0
0
0
0
0
0
0
0
0
0
0
0
0
0
0
0
0
0
0
0
0
0
0
0
0
0
0
0
0
0
0
0
0
0
0
0
0
0
0
0
0
0
0
0
0
0
0
0
0
0
0
0
0
0
0
0
0
0
0
0
0
0
0
0
0
0
0
0
0
0
0
0
0
0
0
0
0
0
0
0
0
0
0
0
1.5893e-08
2.06313e-08
2.59048e-08
4.16213e-08
6.6578e-08
8.07998e-08
9.2402e-08
1.09883e-07
1.34983e-07
1.66526e-07
1.98094e-07
2.36167e-07
2.76605e-07
3.22707e-07
3.63499e-07
3.89887e-07
4.11414e-07
4.38146e-07
4.779e-07
5.33741e-07
6.09321e-07
6.8853e-07
7.47667e-07
7.47878e-07
6.58128e-07
4.70726e-07
2.04222e-07
0
0
0
2.65667e-07
7.06985e-07
1.13436e-06
1.16027e-06
1.0155e-07
0
0
0
0
0
0
0
0
0
6.55298e-06
1.02477e-05
8.20603e-06
4.79155e-06
2.01898e-06
9.93371e-07
2.1655e-07
0
0
0
0
0
0
0
0
2.46888e-07
2.33178e-07
0
0
0
0
0
0
2.74602e-08
3.82681e-08
3.60242e-08
3.17504e-08
3.06083e-08
3.30918e-08
3.36157e-08
2.81788e-08
2.29253e-08
2.37413e-08
2.6117e-08
2.41583e-08
2.02735e-08
1.89411e-08
2.09795e-08
2.37828e-08
2.37602e-08
2.26499e-08
2.19929e-08
1.98933e-08
1.74509e-08
1.60412e-08
1.46181e-08
1.136e-08
7.91258e-09
4.93199e-09
2.73471e-09
1.28986e-09
4.18052e-10
0
0
0
0
0
0
0
0
0
0
0
0
0
0
0
0
0
0
0
0
0
0
0
0
0
0
0
0
0
0
0
0
0
0
0
0
0
0
0
0
0
0
0
0
0
0
0
0
0
0
0
0
0
0
0
0
0
0
0
0
0
0
0
0
0
0
0
0
0
0
0
0
0
0
0
0
0
0
0
0
0
0
0
0
6.42662e-07
3.71482e-07
1.31663e-07
5.88143e-08
5.83142e-08
8.34001e-08
1.06395e-07
1.3306e-07
1.68831e-07
2.0111e-07
2.4517e-07
3.0058e-07
3.58169e-07
4.28121e-07
4.91579e-07
5.41143e-07
5.78231e-07
6.1565e-07
6.65273e-07
7.36211e-07
8.3345e-07
9.45779e-07
1.05224e-06
1.09656e-06
1.026e-06
8.34894e-07
5.34131e-07
1.91714e-07
0
0
3.22636e-07
9.13349e-07
1.56115e-06
2.17775e-06
2.19135e-06
1.03251e-06
0
0
0
0
0
0
0
2.99359e-05
5.00309e-05
3.33863e-05
1.90383e-05
9.79371e-06
3.98105e-06
1.28947e-06
2.54351e-07
0
0
0
0
0
0
0
0
0
7.96562e-08
0
0
0
0
0
0
0
0
0
1.22412e-09
4.95827e-09
1.06096e-08
1.8182e-08
2.03904e-08
1.5623e-08
1.21057e-08
1.314e-08
1.22136e-08
5.30182e-09
0
0
4.29542e-09
1.38774e-08
1.62058e-08
1.55751e-08
1.55e-08
1.53978e-08
1.47398e-08
1.42532e-08
1.29134e-08
9.80223e-09
6.55918e-09
3.88908e-09
2.03663e-09
8.86819e-10
2.27734e-10
0
0
0
0
0
0
0
0
0
0
0
0
0
0
0
0
0
0
0
0
0
0
0
0
0
0
0
0
0
0
0
0
0
0
0
0
0
0
0
0
0
0
0
0
0
0
0
0
0
0
0
0
0
0
0
0
0
0
0
0
0
0
0
0
0
0
0
0
0
0
0
0
0
0
0
0
0
0
0
0
0
0
0
5.81965e-06
1.64196e-06
4.33049e-07
1.2975e-07
5.21629e-08
6.01634e-08
1.06108e-07
1.30993e-07
1.56164e-07
1.94143e-07
2.40767e-07
2.74098e-07
3.31807e-07
4.0043e-07
4.85801e-07
5.55483e-07
6.07566e-07
6.50501e-07
6.96111e-07
7.64971e-07
8.48716e-07
9.73276e-07
1.10254e-06
1.1865e-06
1.23093e-06
1.12028e-06
8.94065e-07
5.84157e-07
2.55406e-07
4.22962e-08
9.06974e-08
4.6412e-07
1.08158e-06
1.7599e-06
2.52976e-06
2.60357e-06
2.10056e-06
4.53486e-07
0
0
0
0
0
8.14882e-06
1.74159e-05
1.71029e-05
1.14672e-05
5.89466e-06
2.16882e-06
4.77411e-07
0
0
0
0
0
0
0
0
0
0
0
0
0
0
0
0
0
0
0
0
2.25734e-09
5.03059e-09
5.70008e-09
1.08426e-08
1.66402e-08
1.67568e-08
1.36957e-08
1.28797e-08
1.18686e-08
4.24959e-09
0
0
0
0
7.48244e-10
3.90857e-09
3.68041e-09
5.72286e-09
8.88872e-09
9.53821e-09
8.30268e-09
5.95059e-09
3.31335e-09
1.24146e-09
0
0
0
0
0
0
0
0
0
0
0
0
0
0
0
0
0
0
0
0
0
0
0
0
0
0
0
0
0
0
0
0
0
0
0
0
0
0
0
0
0
0
0
0
0
0
0
0
0
0
0
0
0
0
0
0
0
0
0
0
0
0
0
0
0
0
0
0
0
0
0
0
0
0
0
0
0
0
0
0
0
0
0
0
0
0
1.0062e-05
4.18953e-06
1.48365e-06
4.53852e-07
1.44905e-07
6.43097e-08
1.21893e-07
1.36884e-07
1.41565e-07
1.58419e-07
1.93996e-07
2.29619e-07
2.75849e-07
3.24878e-07
3.86666e-07
4.78112e-07
5.45369e-07
5.93575e-07
6.30329e-07
6.88079e-07
7.40376e-07
8.43182e-07
9.64984e-07
1.0722e-06
1.15305e-06
1.17177e-06
1.09028e-06
9.01736e-07
6.5251e-07
3.82578e-07
1.69041e-07
1.21115e-07
3.05115e-07
6.80887e-07
1.24178e-06
1.67471e-06
2.02233e-06
1.89119e-06
1.23878e-06
3.06065e-07
0
0
3.2684e-08
1.47228e-06
2.87823e-06
3.54336e-06
3.03921e-06
1.68573e-06
5.36567e-07
8.94262e-08
0
0
1.23071e-07
2.70237e-07
0
0
0
0
0
0
0
0
0
0
0
0
1.78732e-08
3.91947e-08
4.66729e-08
4.71152e-08
4.34755e-08
3.49665e-08
2.54794e-08
2.08207e-08
2.11907e-08
2.15738e-08
1.97603e-08
1.89094e-08
1.88172e-08
1.39023e-08
1.6486e-09
0
0
0
0
0
0
0
6.5354e-10
4.67481e-09
3.08178e-09
0
0
0
0
0
0
0
0
0
0
0
0
0
0
0
0
0
0
0
0
0
0
0
0
0
0
0
0
0
0
0
0
0
0
0
0
0
0
0
0
0
0
0
0
0
0
0
0
0
0
0
0
0
0
0
0
0
0
0
0
0
0
0
0
0
0
0
0
0
0
0
0
0
0
0
0
0
0
0
0
0
0
0
0
0
0
0
0
0
7.01508e-06
9.36562e-06
3.79337e-06
1.32912e-06
4.17179e-07
2.10813e-07
2.01243e-07
1.11607e-07
1.10038e-07
1.19585e-07
1.32084e-07
1.60517e-07
1.86504e-07
2.27986e-07
2.68208e-07
3.14739e-07
3.96819e-07
4.54733e-07
4.94269e-07
5.31188e-07
5.69936e-07
6.29914e-07
7.03297e-07
8.10716e-07
8.91805e-07
9.56137e-07
9.52997e-07
9.08585e-07
7.91125e-07
6.20007e-07
4.23259e-07
2.29592e-07
9.0474e-08
5.43775e-08
1.39115e-07
3.09334e-07
5.35997e-07
6.62233e-07
6.58112e-07
4.24605e-07
1.27395e-07
0
0
0
0
1.27773e-07
3.01269e-07
1.42887e-07
1.15036e-07
3.8118e-07
8.15374e-10
0
3.01583e-07
3.17714e-07
0
0
0
0
0
0
0
0
1.01167e-08
7.09126e-08
1.38805e-07
1.22393e-07
8.97118e-08
8.00356e-08
7.42511e-08
6.32209e-08
5.05283e-08
3.98525e-08
3.1857e-08
2.83862e-08
2.74383e-08
2.65124e-08
2.46797e-08
2.38882e-08
2.4528e-08
2.2707e-08
1.38806e-08
2.34902e-09
0
0
0
0
0
0
0
3.13564e-09
3.66566e-09
0
0
0
0
0
0
0
0
0
0
0
0
0
0
0
0
0
0
0
0
0
0
0
0
0
0
0
0
0
0
0
0
0
0
0
0
0
0
0
0
0
0
0
0
0
0
0
0
0
0
0
0
0
0
0
0
0
0
0
0
0
0
0
0
0
0
0
0
0
0
0
0
0
0
0
0
0
0
0
0
0
0
0
0
0
0
0
0
0
3.49358e-06
7.94437e-06
3.66492e-06
8.03145e-07
9.64064e-08
4.99893e-08
3.0094e-08
1.59914e-08
7.10151e-08
8.47183e-08
9.57953e-08
1.05775e-07
1.2089e-07
1.51604e-07
1.78061e-07
2.05063e-07
2.43752e-07
2.90635e-07
3.45017e-07
3.6888e-07
3.95903e-07
4.14091e-07
4.57175e-07
4.98214e-07
5.48627e-07
6.12502e-07
6.43743e-07
6.51601e-07
6.2041e-07
5.63852e-07
4.73854e-07
3.57157e-07
2.21974e-07
7.94269e-08
0
0
0
0
0
0
0
0
0
0
0
0
1.89735e-08
0
1.23506e-08
3.32023e-07
0
0
3.53832e-07
1.86656e-07
0
0
0
0
0
4.956e-08
1.57515e-07
1.53052e-07
1.65951e-07
1.84941e-07
1.54872e-07
1.01794e-07
7.32152e-08
6.36212e-08
5.63136e-08
4.23816e-08
2.72108e-08
1.86481e-08
1.71968e-08
2.13845e-08
2.70849e-08
2.85103e-08
2.70723e-08
2.62888e-08
2.755e-08
2.77646e-08
2.28345e-08
1.31909e-08
6.57578e-09
2.91996e-11
0
0
0
0
0
5.52363e-09
9.16027e-09
2.83539e-09
0
0
0
0
0
0
0
0
0
0
0
0
0
0
0
0
0
0
0
0
0
0
0
0
0
0
0
0
0
0
0
0
0
0
0
0
0
0
0
0
0
0
0
0
0
0
0
0
0
0
0
0
0
0
0
0
0
0
0
0
0
0
0
0
0
0
0
0
0
0
0
0
0
0
0
0
0
0
0
0
0
0
0
0
0
0
0
0
1.06046e-06
3.23946e-06
2.09807e-06
0
0
0
0
0
2.45977e-08
4.45653e-08
5.22812e-08
5.8235e-08
6.27196e-08
7.15876e-08
8.58415e-08
1.05466e-07
1.19389e-07
1.36974e-07
1.67445e-07
1.84606e-07
2.04669e-07
2.1087e-07
2.24754e-07
2.38445e-07
2.59234e-07
2.7364e-07
2.99908e-07
3.20171e-07
3.22096e-07
3.08385e-07
2.76286e-07
2.31767e-07
1.76018e-07
1.09244e-07
2.95712e-08
0
0
0
0
0
0
0
0
0
0
3.19563e-08
2.04062e-08
0
0
0
0
1.54901e-06
6.53961e-07
1.71404e-07
0
0
0
0
0
2.166e-07
3.11917e-07
3.0082e-07
2.81717e-07
2.20655e-07
1.44367e-07
9.87719e-08
8.01608e-08
7.89201e-08
8.44342e-08
8.20177e-08
6.75509e-08
4.70892e-08
3.43513e-08
3.1114e-08
3.38295e-08
3.43119e-08
3.07788e-08
2.79373e-08
2.82365e-08
2.94106e-08
2.7314e-08
2.08661e-08
1.6007e-08
1.30629e-08
7.18253e-09
3.58792e-09
3.78125e-09
3.83717e-09
5.34873e-09
1.14904e-08
1.72471e-08
1.29527e-08
6.52871e-10
0
0
0
0
0
0
0
0
0
0
0
0
0
0
0
0
0
0
0
0
0
0
0
0
0
0
0
0
0
0
0
0
0
0
0
0
0
0
0
0
0
0
0
0
0
0
0
0
0
0
0
0
0
0
0
0
0
0
0
0
0
0
0
0
0
0
0
0
0
0
0
0
0
0
0
0
0
0
0
0
0
0
0
0
0
0
0
0
0
0
0
0
0
2.06916e-08
8.43702e-09
1.65905e-08
3.02529e-08
3.23166e-08
3.19851e-08
3.35502e-08
3.5839e-08
4.05923e-08
5.02062e-08
5.67644e-08
6.75806e-08
8.06785e-08
9.9492e-08
1.02697e-07
7.66368e-08
5.52583e-08
3.98276e-08
2.61186e-08
9.7816e-09
0
0
0
0
0
0
0
0
0
0
0
0
0
0
0
0
0
1.57218e-08
2.88095e-08
0
0
0
1.10155e-07
5.85149e-07
3.5096e-06
2.37817e-06
8.58232e-07
3.30069e-07
0
0
0
0
0
1.92672e-07
2.37227e-07
2.12006e-07
1.93595e-07
1.58984e-07
1.21429e-07
9.58445e-08
8.27578e-08
9.03074e-08
1.08533e-07
1.20616e-07
1.15319e-07
8.88505e-08
6.50586e-08
5.26361e-08
4.91612e-08
4.72892e-08
4.06479e-08
3.29316e-08
2.8863e-08
2.82356e-08
2.74436e-08
2.43589e-08
2.24558e-08
2.30105e-08
2.00742e-08
1.59047e-08
1.3963e-08
1.26555e-08
1.32995e-08
1.933e-08
2.63034e-08
2.44686e-08
1.26053e-08
0
0
0
0
0
0
0
0
0
0
0
0
0
0
0
0
0
0
0
0
0
0
0
0
0
0
0
0
0
0
0
0
0
0
0
0
0
0
0
0
0
0
0
0
0
0
0
0
0
0
0
0
0
0
0
0
0
0
0
0
0
0
0
0
0
0
0
0
0
0
0
0
0
0
0
0
0
0
0
0
0
0
0
0
0
0
0
0
0
0
0
0
1.57833e-07
8.90097e-08
3.33206e-09
0
0
0
0
0
0
0
0
0
0
2.00232e-09
3.2453e-08
4.12318e-08
0
0
0
0
0
0
0
0
0
0
0
0
0
0
0
0
7.86948e-09
0
0
0
7.65915e-08
1.55771e-07
4.53991e-08
0
0
0
0
8.25197e-08
8.84097e-07
2.3619e-06
1.94408e-06
8.66521e-07
5.97851e-07
8.47742e-07
8.06363e-07
3.88318e-08
0
0
2.8509e-07
2.61167e-07
2.11134e-07
1.82374e-07
1.53686e-07
1.22229e-07
1.0069e-07
9.6229e-08
1.10515e-07
1.25509e-07
1.30948e-07
1.21022e-07
8.56732e-08
5.57111e-08
4.38442e-08
4.50984e-08
5.11013e-08
5.04606e-08
4.18121e-08
3.24911e-08
2.71472e-08
2.49273e-08
2.38029e-08
2.53966e-08
3.06989e-08
3.12751e-08
2.74536e-08
2.40213e-08
2.14233e-08
2.11151e-08
2.68648e-08
3.51324e-08
3.55794e-08
2.54358e-08
1.09771e-08
0
0
0
0
0
0
0
0
0
0
0
0
0
0
0
0
0
0
0
0
0
0
0
0
0
0
0
0
0
0
0
0
0
0
0
0
0
0
0
0
0
0
0
0
0
0
0
0
0
0
0
0
0
0
0
0
0
0
0
0
0
0
0
0
0
0
0
0
0
0
0
0
0
0
0
0
0
0
0
0
0
0
0
0
0
0
0
0
0
0
0
0
0
0
0
0
0
0
0
0
0
0
0
0
0
8.14042e-08
2.23699e-07
1.03153e-07
0
0
0
0
0
0
0
0
0
0
0
0
0
0
0
0
8.89916e-08
1.62954e-07
2.07944e-07
2.47267e-07
3.3351e-08
0
0
0
2.40195e-07
0
0
4.20435e-07
1.50355e-06
1.41208e-06
8.57025e-07
1.00023e-06
3.48089e-06
1.85361e-06
5.83795e-07
0
1.18214e-07
3.36531e-07
2.71614e-07
2.23521e-07
1.97991e-07
1.69667e-07
1.42524e-07
1.29293e-07
1.28819e-07
1.41995e-07
1.53827e-07
1.57447e-07
1.47086e-07
1.05698e-07
6.21053e-08
3.86128e-08
3.49419e-08
4.32446e-08
5.12621e-08
4.87139e-08
3.83339e-08
2.76052e-08
2.18373e-08
2.04849e-08
2.43832e-08
3.50446e-08
4.07608e-08
3.80613e-08
3.33595e-08
2.94211e-08
2.81765e-08
3.31289e-08
4.28511e-08
4.54634e-08
3.75841e-08
2.44445e-08
1.07381e-08
9.77502e-10
0
0
0
0
0
0
0
0
0
0
0
0
0
0
0
0
0
0
0
0
0
0
0
0
0
0
0
0
0
0
0
0
0
0
0
0
0
0
0
0
0
0
0
0
0
0
0
0
0
0
0
0
0
0
0
0
0
0
0
0
0
0
0
0
0
0
0
0
0
0
0
0
0
0
0
0
0
0
0
0
0
0
0
0
6.56955e-07
3.4053e-07
0
0
0
0
0
0
0
0
0
0
0
0
0
0
0
0
7.36798e-09
1.01501e-07
5.85849e-07
1.21269e-07
0
0
0
0
0
0
0
0
0
0
0
0
0
0
0
2.9509e-07
5.60528e-07
4.45137e-07
3.54417e-07
0
0
0
0
2.64301e-07
3.54646e-07
0
0
4.37849e-07
1.34234e-06
1.11407e-06
9.5657e-07
1.84811e-06
4.94313e-06
2.20006e-06
7.34574e-07
0
4.13297e-07
4.13864e-07
3.05431e-07
2.31681e-07
1.95059e-07
1.73658e-07
1.5758e-07
1.46749e-07
1.43017e-07
1.52457e-07
1.62426e-07
1.6856e-07
1.6475e-07
1.34475e-07
9.29821e-08
6.28743e-08
4.83386e-08
4.76232e-08
5.23936e-08
5.29855e-08
4.37461e-08
2.97398e-08
1.9542e-08
1.63957e-08
2.069e-08
3.53742e-08
4.74286e-08
4.72271e-08
4.1834e-08
3.66138e-08
3.43988e-08
3.81367e-08
4.90152e-08
5.384e-08
4.84752e-08
3.76629e-08
2.46972e-08
1.19239e-08
4.24919e-09
8.87449e-10
0
0
0
0
0
0
0
0
0
0
0
0
0
0
0
0
0
0
0
0
0
0
0
0
0
0
0
0
0
0
0
0
0
0
0
0
0
0
0
0
0
0
0
0
0
0
0
0
0
0
0
0
0
0
0
0
0
0
0
0
0
0
0
0
0
0
0
0
0
0
0
0
0
0
0
0
0
0
0
0
0
0
9.87096e-07
6.20615e-07
3.928e-07
0
0
0
0
0
0
0
0
0
0
0
0
0
0
0
6.63203e-08
7.31054e-09
0
0
0
0
0
0
0
0
0
0
0
0
0
0
0
0
0
1.76059e-06
1.2058e-06
6.82897e-07
0
0
0
0
1.26137e-07
3.89531e-07
4.79567e-07
0
0
1.18905e-06
1.0912e-06
1.01618e-06
1.35782e-06
3.79565e-06
3.53895e-06
2.3131e-06
1.97938e-07
1.34778e-07
4.82976e-07
4.2167e-07
3.26248e-07
2.47474e-07
1.9573e-07
1.63233e-07
1.40927e-07
1.28398e-07
1.28669e-07
1.40716e-07
1.49424e-07
1.55146e-07
1.52683e-07
1.33185e-07
1.05593e-07
8.14576e-08
6.56276e-08
5.97316e-08
6.01215e-08
5.95901e-08
5.0451e-08
3.28911e-08
1.79588e-08
1.22572e-08
1.56378e-08
3.20902e-08
5.02771e-08
5.38356e-08
4.88566e-08
4.28505e-08
3.97292e-08
4.22335e-08
5.30607e-08
6.0034e-08
5.72366e-08
4.92399e-08
3.84491e-08
2.47915e-08
1.3476e-08
7.08864e-09
3.80269e-09
2.16147e-09
1.31083e-09
8.25678e-10
5.19246e-10
3.16216e-10
1.82935e-10
9.77924e-11
4.33703e-11
7.27102e-12
0
0
0
0
0
0
0
0
0
0
0
0
0
0
0
0
0
0
0
0
0
0
0
0
0
0
0
0
0
0
0
0
0
0
0
0
0
0
0
0
0
0
0
0
0
0
0
0
0
0
0
0
0
0
0
0
0
0
0
0
0
0
0
0
0
0
0
0
0
0
0
0
8.07098e-07
7.41207e-07
7.27949e-07
3.35882e-08
0
0
0
0
0
0
0
0
0
0
0
0
0
0
1.41254e-08
0
0
0
0
0
0
0
0
0
0
0
0
0
0
0
0
0
2.07041e-07
2.05607e-06
1.053e-06
2.81059e-07
0
0
1.31381e-07
1.72146e-07
2.35696e-07
4.30747e-07
6.52372e-07
5.97014e-07
4.69142e-07
7.60136e-07
6.11099e-07
1.03558e-06
2.44433e-06
3.67636e-06
2.16616e-06
1.71376e-06
0
3.87507e-07
3.90507e-07
3.28934e-07
2.83158e-07
2.38026e-07
1.94958e-07
1.59289e-07
1.33255e-07
1.18958e-07
1.16422e-07
1.26553e-07
1.36513e-07
1.42371e-07
1.38139e-07
1.21432e-07
1.03641e-07
8.73152e-08
7.47709e-08
6.81296e-08
6.65113e-08
6.55026e-08
5.72528e-08
3.66417e-08
1.64216e-08
7.95355e-09
9.62206e-09
2.54395e-08
4.77381e-08
5.60141e-08
5.28758e-08
4.70402e-08
4.33673e-08
4.45435e-08
5.3792e-08
6.21614e-08
6.17759e-08
5.68595e-08
4.91224e-08
3.69512e-08
2.31169e-08
1.39259e-08
8.3888e-09
5.12871e-09
3.18719e-09
1.99977e-09
1.25477e-09
7.82996e-10
4.88051e-10
3.08237e-10
2.00018e-10
1.33119e-10
8.90769e-11
5.83372e-11
3.63417e-11
2.0637e-11
9.49954e-12
1.56468e-12
0
0
0
0
0
0
0
0
0
0
0
0
0
0
0
0
0
0
0
0
0
0
0
0
0
0
0
0
0
0
0
0
0
0
0
0
0
0
0
0
0
0
0
0
0
0
0
0
0
0
0
0
0
0
0
0
0
0
0
0
0
0
0
0
0
0
5.05743e-08
7.73189e-08
1.14286e-07
0
0
0
0
0
0
0
0
0
0
0
0
0
0
0
0
0
0
0
1.1189e-08
3.29237e-08
0
0
0
0
0
0
0
0
0
0
0
0
1.05066e-06
1.38321e-06
7.00194e-07
0
0
5.65725e-07
6.72175e-07
5.7419e-07
4.74057e-07
5.48664e-07
1.02647e-06
9.73553e-07
9.57157e-07
4.87585e-07
3.42289e-07
1.13004e-06
2.85884e-06
1.53803e-06
1.0377e-06
4.26925e-07
3.17164e-07
3.75307e-07
3.32702e-07
2.82583e-07
2.41771e-07
2.0974e-07
1.80638e-07
1.54134e-07
1.33261e-07
1.20375e-07
1.14998e-07
1.17083e-07
1.22914e-07
1.27188e-07
1.25629e-07
1.15695e-07
1.0387e-07
9.2364e-08
8.26126e-08
7.62104e-08
7.32937e-08
7.16567e-08
6.42864e-08
4.18438e-08
1.60353e-08
4.24083e-09
3.825e-09
1.75481e-08
4.21758e-08
5.56443e-08
5.5616e-08
5.09558e-08
4.72233e-08
4.70752e-08
5.36132e-08
6.29161e-08
6.4996e-08
6.32302e-08
5.87038e-08
4.92305e-08
3.39967e-08
2.19203e-08
1.3879e-08
8.73347e-09
5.48405e-09
3.43778e-09
2.14916e-09
1.34081e-09
8.41103e-10
5.39898e-10
3.6243e-10
2.57108e-10
1.91004e-10
1.46012e-10
1.134e-10
8.89222e-11
7.01818e-11
5.55931e-11
4.40607e-11
3.47827e-11
2.71846e-11
2.08729e-11
1.56205e-11
1.12875e-11
7.79557e-12
5.04178e-12
2.93772e-12
1.36632e-12
1.93345e-13
0
0
0
0
0
0
0
0
0
0
0
0
0
0
0
0
0
0
0
0
0
0
0
0
0
0
0
0
0
0
0
0
0
0
0
0
0
0
0
0
0
0
0
0
0
0
0
0
0
0
0
0
0
0
0
4.87401e-09
0
0
0
0
1.63329e-10
0
0
0
0
0
0
0
0
0
0
0
0
0
0
0
0
6.59299e-08
1.1974e-07
8.30849e-08
0
0
0
0
0
0
0
0
0
0
3.40526e-07
1.54582e-06
1.16999e-06
7.67714e-07
3.70434e-07
8.85166e-07
1.15712e-06
1.14477e-06
9.79574e-07
7.4675e-07
9.12051e-07
4.98552e-07
4.61555e-07
4.02478e-07
2.40531e-07
1.84022e-07
6.95466e-07
7.97264e-07
2.05506e-07
0
1.58961e-07
3.01858e-07
2.90664e-07
2.67919e-07
2.41571e-07
2.09832e-07
1.79962e-07
1.57528e-07
1.40855e-07
1.27996e-07
1.18387e-07
1.11838e-07
1.08554e-07
1.072e-07
1.05614e-07
1.04135e-07
1.01815e-07
9.84532e-08
9.29852e-08
8.66185e-08
8.12697e-08
7.77352e-08
7.53057e-08
6.8667e-08
4.62585e-08
1.65229e-08
1.55958e-09
0
9.97795e-09
3.43379e-08
5.16364e-08
5.51707e-08
5.25213e-08
4.94162e-08
4.84384e-08
5.19549e-08
6.09134e-08
6.51734e-08
6.66483e-08
6.53884e-08
5.919e-08
4.47929e-08
3.01521e-08
1.96904e-08
1.26121e-08
7.97369e-09
4.9973e-09
3.11476e-09
1.9373e-09
1.21109e-09
7.72999e-10
5.16e-10
3.67477e-10
2.7884e-10
2.21136e-10
1.79859e-10
1.48538e-10
1.24061e-10
1.04525e-10
8.85496e-11
7.51853e-11
6.38418e-11
5.41345e-11
4.57581e-11
3.84807e-11
3.2111e-11
2.65598e-11
2.18036e-11
1.77899e-11
1.44282e-11
1.16987e-11
9.49786e-12
7.64115e-12
6.00349e-12
4.63977e-12
3.61378e-12
2.72921e-12
1.99091e-12
1.39103e-12
9.32016e-13
5.54042e-13
2.7684e-13
4.37669e-14
0
0
0
0
0
0
0
0
0
0
0
0
0
0
0
0
0
0
0
0
0
0
0
0
0
0
0
0
0
0
0
0
0
0
0
0
0
0
0
0
0
0
0
0
0
0
2.70825e-09
5.54788e-09
5.15782e-09
6.19011e-09
4.76677e-09
0
0
0
0
0
0
0
0
0
0
0
0
0
4.92655e-08
9.64571e-08
8.24247e-08
0
0
0
0
0
0
2.4853e-08
1.76801e-08
0
0
6.44071e-07
1.475e-06
1.79103e-06
1.55003e-06
1.11233e-06
1.40005e-06
1.45339e-06
1.29588e-06
9.60938e-07
7.4085e-07
2.90451e-07
2.474e-07
2.68609e-07
2.22911e-07
1.28196e-07
8.64021e-08
2.15285e-07
4.53416e-08
0
0
1.71988e-07
2.09137e-07
2.04004e-07
1.95293e-07
1.84736e-07
1.68743e-07
1.51255e-07
1.37724e-07
1.28572e-07
1.21788e-07
1.15164e-07
1.08368e-07
1.03482e-07
9.87332e-08
9.44111e-08
9.09315e-08
8.90389e-08
8.92186e-08
8.86111e-08
8.59278e-08
8.22763e-08
7.90755e-08
7.6338e-08
7.03997e-08
5.01606e-08
1.90165e-08
1.11383e-09
0
4.92237e-09
2.70638e-08
4.68439e-08
5.36974e-08
5.34097e-08
5.15029e-08
5.03804e-08
5.1863e-08
5.95461e-08
6.57816e-08
7.01908e-08
7.1729e-08
6.83934e-08
5.59442e-08
3.90682e-08
2.6106e-08
1.69436e-08
1.0773e-08
6.75693e-09
4.20596e-09
2.61165e-09
1.62815e-09
1.03184e-09
6.7951e-10
4.76964e-10
3.60601e-10
2.8945e-10
2.40675e-10
2.03631e-10
1.73946e-10
1.49745e-10
1.29818e-10
1.13123e-10
9.87841e-11
8.623e-11
7.51727e-11
6.54449e-11
5.68493e-11
4.92366e-11
4.24876e-11
3.65427e-11
3.13583e-11
2.68382e-11
2.28367e-11
1.92614e-11
1.61322e-11
1.34724e-11
1.11978e-11
9.14805e-12
7.39585e-12
5.99996e-12
4.88812e-12
3.91102e-12
3.09743e-12
2.40507e-12
1.81037e-12
1.29906e-12
8.736e-13
5.26479e-13
2.40895e-13
0
0
0
0
0
0
0
0
0
0
0
0
0
0
0
0
0
0
0
0
0
0
0
0
0
0
0
0
0
0
0
0
0
0
0
0
0
0
0
0
6.80958e-10
4.77929e-09
8.20299e-09
7.54065e-09
7.4211e-09
6.03275e-09
2.36021e-09
0
0
0
0
0
0
0
0
0
0
0
0
5.30392e-08
6.22589e-08
4.9378e-08
0
0
0
0
0
2.41692e-09
3.08985e-08
0
0
8.17722e-08
8.23409e-07
1.93353e-06
2.42571e-06
1.35801e-06
1.33456e-06
1.48134e-06
1.46343e-06
1.12973e-06
9.14144e-07
3.93137e-07
2.46398e-07
1.69911e-07
1.98146e-07
1.92507e-07
1.24378e-07
8.8884e-08
9.45322e-08
0
0
7.77098e-08
1.30594e-07
1.45243e-07
1.49426e-07
1.50757e-07
1.48408e-07
1.37933e-07
1.27723e-07
1.22662e-07
1.20639e-07
1.18163e-07
1.1343e-07
1.06897e-07
9.86316e-08
9.18744e-08
8.61979e-08
8.18594e-08
8.1132e-08
8.30045e-08
8.39588e-08
8.24783e-08
7.95012e-08
7.65294e-08
7.36678e-08
6.82992e-08
5.18785e-08
2.33061e-08
3.42633e-09
0
3.05275e-09
2.14524e-08
4.12503e-08
5.07886e-08
5.3028e-08
5.28337e-08
5.22671e-08
5.26181e-08
5.8747e-08
6.69139e-08
7.39439e-08
7.78288e-08
7.67403e-08
6.67969e-08
4.83125e-08
3.29191e-08
2.15968e-08
1.37976e-08
8.66358e-09
5.39063e-09
3.34562e-09
2.08323e-09
1.31348e-09
8.53737e-10
5.87238e-10
4.3616e-10
3.48561e-10
2.92746e-10
2.5217e-10
2.19509e-10
1.91953e-10
1.68487e-10
1.4856e-10
1.31581e-10
1.16857e-10
1.03787e-10
9.2023e-11
8.14702e-11
7.20691e-11
6.36858e-11
5.61782e-11
4.94041e-11
4.32275e-11
3.76078e-11
3.25469e-11
2.80185e-11
2.39426e-11
2.02953e-11
1.71013e-11
1.44069e-11
1.2151e-11
1.01901e-11
8.43483e-12
6.94409e-12
5.70265e-12
4.64625e-12
3.73995e-12
2.98066e-12
2.3344e-12
1.76348e-12
1.25759e-12
8.10882e-13
4.18532e-13
7.45766e-14
0
0
0
0
0
0
0
0
0
0
0
0
0
0
0
0
0
0
0
0
0
0
0
0
0
0
0
0
0
0
0
0
0
2.00257e-08
8.86761e-09
1.68545e-08
5.84608e-08
9.96635e-08
1.09332e-07
8.71228e-08
4.58675e-08
1.90999e-08
1.92656e-08
2.04849e-08
7.8171e-09
0
0
0
0
0
0
0
0
0
2.14062e-08
7.13924e-08
5.368e-08
1.55916e-08
0
0
0
0
0
0
0
0
0
1.56714e-07
6.03291e-07
1.36899e-06
1.3151e-06
9.17192e-07
9.70073e-07
1.16643e-06
1.08785e-06
9.70606e-07
3.1763e-07
2.46054e-07
1.86342e-07
1.44936e-07
1.35135e-07
1.47634e-07
1.24147e-07
1.16663e-07
1.21346e-07
8.54319e-08
1.13596e-07
1.1293e-07
1.10976e-07
1.14085e-07
1.18595e-07
1.23578e-07
1.24032e-07
1.18726e-07
1.13699e-07
1.12839e-07
1.15453e-07
1.14505e-07
1.10315e-07
1.03744e-07
9.26405e-08
8.32529e-08
7.62992e-08
7.17849e-08
7.32228e-08
7.84164e-08
8.02965e-08
7.84685e-08
7.48266e-08
7.11678e-08
6.74722e-08
6.19829e-08
4.98208e-08
2.75981e-08
8.63195e-09
1.53416e-09
4.30962e-09
1.82763e-08
3.57609e-08
4.64524e-08
5.09247e-08
5.27403e-08
5.33822e-08
5.35606e-08
5.83602e-08
6.84514e-08
7.77947e-08
8.34985e-08
8.40129e-08
7.65174e-08
5.7381e-08
3.97303e-08
2.63052e-08
1.68723e-08
1.06045e-08
6.59761e-09
4.09539e-09
2.55087e-09
1.60484e-09
1.03354e-09
6.97757e-10
5.06871e-10
3.99254e-10
3.34875e-10
2.91204e-10
2.57377e-10
2.28736e-10
2.03528e-10
1.81217e-10
1.61665e-10
1.44667e-10
1.29836e-10
1.16678e-10
1.04784e-10
9.39577e-11
8.4199e-11
7.54226e-11
6.73775e-11
5.98767e-11
5.28916e-11
4.64278e-11
4.04737e-11
3.50471e-11
3.02275e-11
2.60188e-11
2.23316e-11
1.90815e-11
1.62295e-11
1.37526e-11
1.1633e-11
9.80778e-12
8.21306e-12
6.82439e-12
5.62617e-12
4.58056e-12
3.66211e-12
2.86971e-12
2.1914e-12
1.60297e-12
1.08342e-12
6.18527e-13
1.95535e-13
0
0
0
0
0
0
0
0
0
0
0
0
0
0
0
0
0
0
0
0
0
0
0
0
0
0
0
0
0
0
0
0
0
0
1.77344e-07
1.64605e-07
9.82372e-08
4.83249e-08
1.43493e-08
0
0
0
0
0
0
0
0
0
0
0
0
0
0
4.66081e-08
9.97701e-08
1.00207e-07
1.54362e-07
1.6573e-07
1.70384e-07
8.2896e-08
0
0
0
0
0
0
1.13487e-07
4.81502e-07
4.77131e-07
3.88206e-07
5.05566e-07
5.70275e-07
5.20415e-07
2.66678e-07
1.90995e-07
1.45527e-07
1.25123e-07
1.15909e-07
1.0795e-07
1.02159e-07
9.5676e-08
1.0448e-07
1.06126e-07
8.95373e-08
1.24212e-07
1.02828e-07
9.25346e-08
9.69245e-08
1.04274e-07
1.07687e-07
1.06483e-07
1.03465e-07
1.02079e-07
1.0544e-07
1.10062e-07
1.09153e-07
1.04876e-07
9.80009e-08
8.55625e-08
7.51984e-08
6.58756e-08
6.03674e-08
6.33868e-08
7.09719e-08
7.50254e-08
7.34101e-08
6.8409e-08
6.36993e-08
5.89578e-08
5.29902e-08
4.44445e-08
3.03017e-08
1.5741e-08
7.90088e-09
8.17713e-09
1.74729e-08
3.10214e-08
4.10341e-08
4.69478e-08
5.06884e-08
5.29237e-08
5.37842e-08
5.79865e-08
7.02207e-08
8.1634e-08
8.8574e-08
9.00351e-08
8.4433e-08
6.58993e-08
4.61427e-08
3.07787e-08
1.98026e-08
1.24553e-08
7.75009e-09
4.81394e-09
3.00227e-09
1.88895e-09
1.2098e-09
8.03895e-10
5.69784e-10
4.38955e-10
3.64539e-10
3.17712e-10
2.83604e-10
2.55583e-10
2.30932e-10
2.08612e-10
1.88277e-10
1.69889e-10
1.53453e-10
1.38859e-10
1.25835e-10
1.14087e-10
1.03358e-10
9.34674e-11
8.4298e-11
7.57357e-11
6.76714e-11
6.00723e-11
5.2976e-11
4.64732e-11
4.062e-11
3.53806e-11
3.06959e-11
2.65514e-11
2.29231e-11
1.97349e-11
1.69209e-11
1.44506e-11
1.22957e-11
1.04119e-11
8.76062e-12
7.31478e-12
6.05352e-12
4.95735e-12
4.00139e-12
3.16127e-12
2.42116e-12
1.76983e-12
1.19323e-12
6.74171e-13
1.94765e-13
0
0
0
0
0
0
0
0
0
0
0
0
0
0
0
0
0
0
0
0
0
0
0
0
0
0
0
0
0
0
0
0
0
4.38023e-08
0
0
0
0
0
0
0
0
0
0
0
0
0
0
0
0
0
2.68626e-09
2.28693e-08
3.78912e-08
4.34759e-08
5.76466e-08
9.33262e-08
1.56021e-07
3.87889e-08
0
0
0
0
0
1.33943e-08
1.16735e-07
1.46997e-08
0
3.19939e-09
4.75874e-09
1.09847e-07
1.33259e-07
1.11376e-07
9.72422e-08
9.01151e-08
8.31543e-08
7.57601e-08
6.83555e-08
5.8291e-08
5.90623e-08
6.67264e-08
6.75989e-08
7.68583e-08
7.80179e-08
7.99783e-08
8.68875e-08
9.10624e-08
9.1849e-08
9.04708e-08
8.85562e-08
8.92182e-08
9.46976e-08
1.00303e-07
9.99442e-08
9.6453e-08
8.96774e-08
7.81384e-08
6.75367e-08
5.617e-08
4.97618e-08
5.25791e-08
5.98488e-08
6.58801e-08
6.58603e-08
6.03638e-08
5.46273e-08
4.91589e-08
4.31495e-08
3.78667e-08
3.1428e-08
2.29779e-08
1.61106e-08
1.39814e-08
1.86226e-08
2.74664e-08
3.53923e-08
4.16033e-08
4.67401e-08
5.06056e-08
5.2805e-08
5.74654e-08
7.18841e-08
8.51561e-08
9.27063e-08
9.44793e-08
9.02042e-08
7.30061e-08
5.16484e-08
3.46531e-08
2.23449e-08
1.40619e-08
8.75554e-09
5.44742e-09
3.40617e-09
2.14785e-09
1.37338e-09
9.02863e-10
6.25926e-10
4.69913e-10
3.83556e-10
3.32786e-10
2.98365e-10
2.71257e-10
2.4779e-10
2.26618e-10
2.07216e-10
1.89344e-10
1.72897e-10
1.57857e-10
1.44199e-10
1.31824e-10
1.20492e-10
1.09915e-10
9.9875e-11
9.02742e-11
8.11477e-11
7.26018e-11
6.47036e-11
5.74427e-11
5.07975e-11
4.47369e-11
3.9236e-11
3.42864e-11
2.98689e-11
2.59256e-11
2.24174e-11
1.9321e-11
1.65906e-11
1.41725e-11
1.20416e-11
1.01787e-11
8.55096e-12
7.12623e-12
5.88246e-12
4.79877e-12
3.85277e-12
3.02261e-12
2.28762e-12
1.62814e-12
1.02615e-12
4.63542e-13
0
0
0
0
0
0
0
0
0
0
0
0
0
0
0
0
0
0
0
0
0
0
0
0
0
0
0
0
0
0
0
0
0
0
0
0
0
0
0
0
0
0
0
0
0
0
0
0
0
0
0
0
0
5.76563e-09
3.97152e-08
6.88975e-08
1.00366e-07
9.23552e-08
0
0
0
4.58427e-14
1.97842e-08
3.20714e-08
8.83991e-09
0
0
0
1.98642e-08
5.92478e-08
6.50673e-08
6.50067e-08
6.179e-08
5.70135e-08
5.44684e-08
5.56004e-08
5.95189e-08
6.18949e-08
6.48569e-08
6.69862e-08
6.14696e-08
5.83488e-08
5.95427e-08
6.26608e-08
6.88371e-08
7.38732e-08
7.63822e-08
7.58506e-08
7.42685e-08
7.52364e-08
8.00495e-08
8.50958e-08
8.57297e-08
8.37228e-08
7.7934e-08
6.76012e-08
5.69331e-08
4.56409e-08
3.98237e-08
4.20379e-08
4.75982e-08
5.37839e-08
5.57123e-08
5.06317e-08
4.41853e-08
3.85578e-08
3.33131e-08
3.16835e-08
3.18291e-08
2.93434e-08
2.47645e-08
2.0973e-08
2.11282e-08
2.51934e-08
3.02941e-08
3.56028e-08
4.11791e-08
4.63188e-08
5.03317e-08
5.66052e-08
7.30979e-08
8.7844e-08
9.54075e-08
9.69974e-08
9.35482e-08
7.79339e-08
5.56826e-08
3.75267e-08
2.4233e-08
1.526e-08
9.51714e-09
5.94083e-09
3.73162e-09
2.36333e-09
1.51266e-09
9.86521e-10
6.68868e-10
4.85964e-10
3.85892e-10
3.30932e-10
2.97228e-10
2.72525e-10
2.5159e-10
2.32517e-10
2.14764e-10
1.98252e-10
1.82993e-10
1.68938e-10
1.56003e-10
1.44062e-10
1.32936e-10
1.22389e-10
1.12217e-10
1.02317e-10
9.27418e-11
8.3615e-11
7.50324e-11
6.70528e-11
5.97223e-11
5.30658e-11
4.7057e-11
4.16363e-11
3.67337e-11
3.22947e-11
2.82799e-11
2.46619e-11
2.14119e-11
1.85023e-11
1.59122e-11
1.3618e-11
1.15863e-11
9.79215e-12
8.21764e-12
6.84005e-12
5.63303e-12
4.57425e-12
3.64478e-12
2.82535e-12
2.09576e-12
1.43421e-12
8.15507e-13
2.08797e-13
0
0
0
0
0
0
0
0
0
0
0
0
0
0
0
0
0
0
0
0
0
0
0
0
0
0
0
0
0
0
0
1.74742e-07
1.82558e-07
9.92022e-08
0
0
0
0
0
0
0
0
0
0
0
0
0
0
0
0
3.12773e-08
7.91557e-08
1.42164e-07
1.82197e-07
1.60794e-07
0
0
0
0
0
1.77213e-09
5.63555e-09
0
0
0
0
1.86532e-08
3.15223e-08
3.74617e-08
4.17618e-08
4.45933e-08
4.58238e-08
4.73172e-08
5.05457e-08
5.45573e-08
5.37484e-08
4.70553e-08
3.89998e-08
3.52679e-08
3.92476e-08
4.55867e-08
5.17738e-08
5.89461e-08
6.37766e-08
6.50629e-08
6.26561e-08
5.9655e-08
6.03407e-08
6.45546e-08
6.8207e-08
6.93128e-08
6.82696e-08
6.29145e-08
5.38574e-08
4.4191e-08
3.56475e-08
3.17724e-08
3.33146e-08
3.68664e-08
4.13956e-08
4.44849e-08
4.07795e-08
3.34224e-08
2.75022e-08
2.34979e-08
2.6125e-08
3.22637e-08
3.49191e-08
3.28638e-08
2.84246e-08
2.45252e-08
2.39528e-08
2.618e-08
2.98677e-08
3.47695e-08
4.04413e-08
4.64409e-08
5.51561e-08
7.36151e-08
8.91211e-08
9.62164e-08
9.73508e-08
9.43062e-08
8.01683e-08
5.77343e-08
3.9013e-08
2.52128e-08
1.58992e-08
9.95117e-09
6.24871e-09
3.95455e-09
2.52373e-09
1.62398e-09
1.05719e-09
7.05088e-10
4.94584e-10
3.76399e-10
3.13327e-10
2.7855e-10
2.562e-10
2.38741e-10
2.23117e-10
2.08284e-10
1.94056e-10
1.80576e-10
1.67999e-10
1.56363e-10
1.45571e-10
1.35425e-10
1.25722e-10
1.16319e-10
1.07168e-10
9.82931e-11
8.97315e-11
8.15245e-11
7.37318e-11
6.64181e-11
5.9616e-11
5.3316e-11
4.75047e-11
4.21834e-11
3.73402e-11
3.29472e-11
2.89775e-11
2.54032e-11
2.21901e-11
1.93055e-11
1.67245e-11
1.44231e-11
1.23783e-11
1.05704e-11
8.97696e-12
7.5719e-12
6.33139e-12
5.2344e-12
4.26083e-12
3.39138e-12
2.60693e-12
1.88665e-12
1.20404e-12
5.2297e-13
0
0
0
0
0
0
0
0
0
0
0
0
0
0
0
0
0
0
0
0
0
0
0
0
0
2.97974e-07
1.87562e-07
3.5066e-08
0
2.03377e-08
1.22086e-07
1.42833e-07
1.13224e-07
5.41817e-08
0
0
0
0
0
0
0
0
0
0
0
0
0
0
0
1.51904e-07
3.56933e-07
3.48091e-07
2.21412e-07
4.35357e-08
0
0
0
0
0
0
0
0
0
0
2.40261e-09
1.38075e-08
2.4086e-08
3.02945e-08
3.38519e-08
3.47234e-08
3.4256e-08
3.43313e-08
3.57309e-08
3.76134e-08
3.75404e-08
3.68766e-08
3.86487e-08
4.13125e-08
4.29434e-08
4.41782e-08
4.70867e-08
5.09581e-08
5.2864e-08
5.22103e-08
4.81373e-08
4.55979e-08
4.72643e-08
5.08519e-08
5.34253e-08
5.4627e-08
5.34388e-08
4.81905e-08
4.11471e-08
3.44027e-08
2.94385e-08
2.69474e-08
2.77085e-08
2.96783e-08
3.24097e-08
3.52819e-08
3.25669e-08
2.3798e-08
1.75708e-08
1.51092e-08
2.17326e-08
3.36719e-08
4.07413e-08
4.10978e-08
3.68115e-08
2.94504e-08
2.40201e-08
2.34124e-08
2.53315e-08
2.88606e-08
3.45467e-08
4.28856e-08
5.43382e-08
7.43605e-08
9.01359e-08
9.62634e-08
9.65639e-08
9.34205e-08
8.03325e-08
5.80453e-08
3.92237e-08
2.53743e-08
1.60699e-08
1.01379e-08
6.43274e-09
4.11724e-09
2.65539e-09
1.72226e-09
1.12364e-09
7.42329e-10
5.05974e-10
3.66619e-10
2.89531e-10
2.48379e-10
2.25139e-10
2.09677e-10
1.97218e-10
1.85801e-10
1.74805e-10
1.64152e-10
1.53913e-10
1.44141e-10
1.34828e-10
1.25905e-10
1.17316e-10
1.09044e-10
1.01108e-10
9.35321e-11
8.63242e-11
7.94784e-11
7.29762e-11
6.67914e-11
6.09016e-11
5.53002e-11
4.99973e-11
4.50101e-11
4.03452e-11
3.60009e-11
3.19773e-11
2.82765e-11
2.48943e-11
2.18244e-11
1.9057e-11
1.6576e-11
1.43611e-11
1.23928e-11
1.06486e-11
9.10337e-12
7.73345e-12
6.51978e-12
5.44517e-12
4.49342e-12
3.64666e-12
2.88583e-12
2.18627e-12
1.51785e-12
8.36041e-13
7.81489e-14
0
0
0
0
0
0
0
0
0
0
0
0
0
0
0
0
0
0
0
0
0
0
0
5.96561e-07
3.73671e-07
1.6523e-07
1.12448e-07
1.46679e-07
1.82971e-07
1.8798e-07
1.55024e-07
9.09972e-08
1.6683e-08
0
0
0
0
0
0
0
0
0
0
0
0
0
0
7.09417e-08
1.64975e-07
2.29352e-07
1.95671e-07
3.92153e-08
0
0
0
0
0
0
9.93099e-11
5.3716e-09
4.66823e-09
3.34706e-09
6.60037e-09
1.34989e-08
1.87123e-08
2.04855e-08
2.08041e-08
2.20909e-08
2.55322e-08
3.05162e-08
3.64737e-08
4.3135e-08
4.86613e-08
5.01789e-08
4.72375e-08
4.23128e-08
3.84727e-08
3.70209e-08
3.79045e-08
3.98345e-08
4.1644e-08
4.13295e-08
3.82511e-08
3.707e-08
3.88132e-08
4.1355e-08
4.36841e-08
4.48661e-08
4.3436e-08
3.9756e-08
3.519e-08
3.16591e-08
2.88086e-08
2.62245e-08
2.58765e-08
2.67005e-08
2.80648e-08
3.04377e-08
2.91439e-08
1.91979e-08
1.13972e-08
1.08488e-08
2.01926e-08
3.69133e-08
4.77398e-08
5.0405e-08
4.71282e-08
3.73213e-08
2.65547e-08
2.27188e-08
2.29956e-08
2.50244e-08
3.05944e-08
4.18254e-08
5.6256e-08
7.77356e-08
9.4052e-08
9.91732e-08
9.81252e-08
9.39492e-08
8.07237e-08
5.80282e-08
3.90534e-08
2.53293e-08
1.62044e-08
1.03779e-08
6.69467e-09
4.35092e-09
2.84102e-09
1.8574e-09
1.21384e-09
7.9594e-10
5.30578e-10
3.6817e-10
2.73758e-10
2.21389e-10
1.92207e-10
1.74425e-10
1.61998e-10
1.52082e-10
1.43374e-10
1.35276e-10
1.27505e-10
1.19923e-10
1.12454e-10
1.05067e-10
9.7804e-11
9.07556e-11
8.40173e-11
7.76666e-11
7.17483e-11
6.62714e-11
6.12102e-11
5.65183e-11
5.21428e-11
4.80327e-11
4.41412e-11
4.04362e-11
3.69021e-11
3.35369e-11
3.03473e-11
2.73441e-11
2.45345e-11
2.19208e-11
1.95013e-11
1.72728e-11
1.52328e-11
1.33799e-11
1.17076e-11
1.02064e-11
8.8633e-12
7.66516e-12
6.59965e-12
5.65596e-12
4.82227e-12
4.0883e-12
3.44011e-12
2.865e-12
2.34221e-12
1.83921e-12
1.17714e-12
0
0
0
0
0
0
0
0
0
0
0
0
0
0
0
0
0
0
0
0
0
0
4.52218e-07
2.66418e-07
1.72887e-07
1.58669e-07
2.1088e-07
3.00929e-07
3.52034e-07
2.94019e-07
1.00702e-07
0
0
0
0
0
0
0
0
0
0
0
0
0
0
1.00379e-09
2.77862e-08
5.66257e-08
8.92192e-08
1.31684e-07
1.64224e-07
6.40362e-09
0
0
0
0
0
0
8.01545e-09
7.57606e-09
5.51538e-09
6.21796e-09
1.01204e-08
1.5247e-08
2.04651e-08
2.5752e-08
3.00378e-08
3.23729e-08
3.35651e-08
3.46476e-08
3.55925e-08
3.4733e-08
3.11825e-08
2.66771e-08
2.38239e-08
2.33362e-08
2.43827e-08
2.64699e-08
2.96112e-08
3.22225e-08
3.15881e-08
2.91305e-08
2.83427e-08
2.94379e-08
3.1586e-08
3.39969e-08
3.54446e-08
3.51487e-08
3.33611e-08
3.07878e-08
2.88531e-08
2.62853e-08
2.2892e-08
2.13207e-08
2.14636e-08
2.1999e-08
2.40188e-08
2.50356e-08
1.67639e-08
6.5951e-09
8.15105e-09
1.83086e-08
3.5221e-08
4.72479e-08
5.15777e-08
4.99226e-08
3.99686e-08
2.58854e-08
1.97627e-08
1.92721e-08
2.00192e-08
2.47472e-08
3.74945e-08
5.2477e-08
7.22428e-08
8.78232e-08
9.31757e-08
9.24507e-08
8.81917e-08
7.52299e-08
5.31425e-08
3.52252e-08
2.27939e-08
1.47418e-08
9.6168e-09
6.32988e-09
4.18947e-09
2.77553e-09
1.83211e-09
1.20127e-09
7.82724e-10
5.09529e-10
3.3649e-10
2.3169e-10
1.72368e-10
1.41271e-10
1.25307e-10
1.15923e-10
1.08949e-10
1.02861e-10
9.71989e-11
9.18145e-11
8.66182e-11
8.15045e-11
7.64165e-11
7.13785e-11
6.64455e-11
6.16781e-11
5.71132e-11
5.27762e-11
4.86828e-11
4.48376e-11
4.12354e-11
3.7866e-11
3.47147e-11
3.17664e-11
2.90096e-11
2.64366e-11
2.40389e-11
2.18093e-11
1.97441e-11
1.78394e-11
1.60887e-11
1.44842e-11
1.30186e-11
1.16867e-11
1.04831e-11
9.39831e-12
8.4149e-12
7.51712e-12
6.69813e-12
5.95492e-12
5.28712e-12
4.69376e-12
4.17624e-12
3.73245e-12
3.36496e-12
3.06872e-12
2.8194e-12
2.37372e-12
8.27517e-13
0
0
0
0
0
0
0
0
0
0
0
0
0
0
0
0
0
0
0
0
0
4.03441e-07
1.06399e-06
1.44053e-06
1.37205e-06
1.06531e-06
7.74721e-07
6.33936e-07
4.47513e-07
1.24901e-08
0
0
0
0
0
0
0
0
0
0
0
0
0
0
0
0
0
0
2.24779e-08
7.75091e-08
0
0
0
0
0
0
0
1.29831e-09
1.21982e-08
1.49387e-08
1.60122e-08
1.78633e-08
1.94828e-08
1.95232e-08
1.80115e-08
1.60413e-08
1.47781e-08
1.43045e-08
1.33504e-08
1.05786e-08
6.27428e-09
2.32462e-09
6.50477e-10
1.65265e-09
4.67811e-09
8.8995e-09
1.36779e-08
1.78693e-08
1.84872e-08
1.52912e-08
1.28975e-08
1.30344e-08
1.45076e-08
1.63546e-08
1.79129e-08
1.86898e-08
1.87837e-08
1.81316e-08
1.7286e-08
1.66935e-08
1.46357e-08
1.11452e-08
8.93691e-09
8.90821e-09
8.71041e-09
9.57158e-09
1.18582e-08
6.22199e-09
0
0
9.05974e-09
2.26512e-08
3.39626e-08
4.03735e-08
4.08078e-08
3.16644e-08
1.62646e-08
9.60896e-09
1.01707e-08
1.01535e-08
1.26083e-08
2.51167e-08
3.89312e-08
5.37697e-08
6.65037e-08
7.23817e-08
7.39077e-08
7.18243e-08
6.12062e-08
4.17209e-08
2.64621e-08
1.6737e-08
1.08793e-08
7.26848e-09
4.93738e-09
3.3731e-09
2.29802e-09
1.55131e-09
1.03384e-09
6.79903e-10
4.42309e-10
2.86485e-10
1.88039e-10
1.28949e-10
9.61734e-11
7.95917e-11
7.14494e-11
6.69463e-11
6.37916e-11
6.10779e-11
5.84846e-11
5.58809e-11
5.31787e-11
5.03646e-11
4.74969e-11
4.46568e-11
4.18778e-11
3.91784e-11
3.65736e-11
3.40714e-11
3.16735e-11
2.93797e-11
2.71899e-11
2.51029e-11
2.31173e-11
2.12327e-11
1.94506e-11
1.77724e-11
1.61977e-11
1.47254e-11
1.33569e-11
1.20918e-11
1.09271e-11
9.85836e-12
8.88258e-12
7.99751e-12
7.19995e-12
6.48443e-12
5.84413e-12
5.27322e-12
4.76605e-12
4.31951e-12
3.93181e-12
3.60342e-12
3.33334e-12
3.12856e-12
2.9835e-12
2.88141e-12
2.66624e-12
2.02807e-12
1.26655e-12
8.15398e-13
5.36415e-13
3.82624e-13
2.81285e-13
2.33025e-13
1.89238e-13
1.72564e-13
1.44737e-13
1.29653e-13
8.68164e-14
4.76368e-14
0
0
0
0
0
0
0
0
0
0
0
0
0
0
0
0
8.63841e-09
0
0
0
0
0
0
0
0
0
0
0
0
0
0
0
0
0
0
0
4.41475e-08
2.52917e-08
0
0
0
0
0
3.58737e-08
5.77433e-08
5.99133e-08
5.12021e-08
3.88337e-08
2.69542e-08
1.75305e-08
9.98983e-09
3.62831e-09
0
0
0
0
0
0
0
0
0
0
0
0
0
0
0
0
0
0
0
0
0
0
0
0
0
0
0
0
0
0
0
0
0
0
0
0
0
0
4.67892e-09
1.13934e-08
1.50038e-08
7.89034e-09
0
0
0
0
0
1.1914e-09
1.20411e-08
1.98121e-08
2.6459e-08
3.08155e-08
3.36348e-08
3.40098e-08
2.85118e-08
1.73901e-08
9.15338e-09
4.95322e-09
3.16747e-09
2.36563e-09
1.87968e-09
1.49044e-09
1.14922e-09
8.54837e-10
6.13278e-10
4.25887e-10
2.87793e-10
1.90342e-10
1.24028e-10
8.0897e-11
5.45215e-11
3.98471e-11
3.26941e-11
2.9674e-11
2.84874e-11
2.79475e-11
2.75658e-11
2.71392e-11
2.65595e-11
2.58092e-11
2.49469e-11
2.40225e-11
2.30538e-11
2.20526e-11
2.10348e-11
2.0011e-11
1.89872e-11
1.79692e-11
1.69598e-11
1.59606e-11
1.49727e-11
1.39989e-11
1.30445e-11
1.21162e-11
1.12193e-11
1.03589e-11
9.54013e-12
8.76745e-12
8.04355e-12
7.36996e-12
6.74763e-12
6.17757e-12
5.65947e-12
5.19195e-12
4.7736e-12
4.40433e-12
4.08309e-12
3.80886e-12
3.57863e-12
3.3934e-12
3.25459e-12
3.16961e-12
3.1316e-12
3.12537e-12
3.02878e-12
2.67078e-12
2.07694e-12
1.55828e-12
1.17602e-12
9.48834e-13
7.79011e-13
7.07151e-13
6.57064e-13
6.58408e-13
6.63397e-13
7.41326e-13
8.05308e-13
9.55278e-13
1.02559e-12
1.06727e-12
7.61732e-13
1.2704e-13
0
0
0
0
0
0
0
0
0
1.72433e-08
2.73971e-08
1.75403e-08
0
0
0
0
0
0
0
0
0
0
0
0
0
0
0
0
0
0
0
0
0
0
0
0
0
0
2.18384e-08
9.99616e-08
1.34821e-07
1.29948e-07
1.04878e-07
7.70285e-08
5.37127e-08
3.53546e-08
2.02157e-08
6.41341e-09
0
0
0
0
0
0
0
0
0
0
0
0
0
0
0
0
0
0
0
0
0
0
0
0
0
0
0
0
0
0
0
0
0
0
0
0
0
0
0
0
0
0
0
0
0
0
0
0
0
0
0
0
0
0
0
0
0
0
0
0
0
0
0
0
1.29751e-11
7.26556e-11
8.14831e-11
6.97765e-11
5.29379e-11
3.76041e-11
2.578e-11
1.75198e-11
1.23646e-11
9.68697e-12
8.75308e-12
8.7595e-12
9.13629e-12
9.60131e-12
1.00175e-11
1.03115e-11
1.05091e-11
1.06347e-11
1.06953e-11
1.06908e-11
1.06297e-11
1.05153e-11
1.03526e-11
1.01451e-11
9.89608e-12
9.60939e-12
9.28784e-12
8.93551e-12
8.55814e-12
8.16203e-12
7.75272e-12
7.33598e-12
6.91844e-12
6.50688e-12
6.10712e-12
5.72399e-12
5.36156e-12
5.023e-12
4.70889e-12
4.41802e-12
4.14932e-12
3.90321e-12
3.68211e-12
3.49091e-12
3.3334e-12
3.21659e-12
3.14306e-12
3.11733e-12
3.13173e-12
3.1623e-12
3.10924e-12
2.88261e-12
2.43032e-12
1.99238e-12
1.62722e-12
1.37568e-12
1.22197e-12
1.1683e-12
1.13927e-12
1.21685e-12
1.33654e-12
1.64582e-12
2.02329e-12
2.74872e-12
3.4375e-12
4.59893e-12
5.02587e-12
5.46566e-12
3.36295e-12
0
0
0
0
0
0
0
0
0
0
0
0
0
0
0
0
0
0
0
0
0
0
0
0
0
0
0
0
0
0
0
0
0
0
0
0
0
0
1.32182e-08
8.09056e-08
8.34794e-08
5.87799e-08
3.31189e-08
1.3041e-08
0
0
0
0
0
0
0
0
0
0
0
0
0
0
0
0
0
0
0
0
0
0
0
0
0
0
0
0
0
0
0
0
0
0
0
0
0
0
0
0
0
0
0
0
0
0
0
0
0
0
0
0
0
0
0
0
0
0
0
0
0
0
0
0
0
0
0
0
0
0
0
0
0
0
2.13662e-12
2.67854e-12
2.38718e-12
2.04644e-12
1.96632e-12
2.16656e-12
2.50017e-12
2.87882e-12
3.256e-12
3.61715e-12
3.97018e-12
4.3085e-12
4.6289e-12
4.92237e-12
5.17369e-12
5.39202e-12
5.56986e-12
5.71327e-12
5.82432e-12
5.89925e-12
5.93824e-12
5.94143e-12
5.90745e-12
5.83686e-12
5.73283e-12
5.60028e-12
5.44453e-12
5.27087e-12
5.08488e-12
4.8936e-12
4.70437e-12
4.52153e-12
4.3459e-12
4.17481e-12
4.00921e-12
3.85361e-12
3.71433e-12
3.59958e-12
3.5203e-12
3.47618e-12
3.47726e-12
3.50631e-12
3.53002e-12
3.47368e-12
3.26466e-12
2.85397e-12
2.46583e-12
2.07821e-12
1.83265e-12
1.68707e-12
1.65686e-12
1.67127e-12
1.87333e-12
2.16595e-12
2.84062e-12
3.69427e-12
5.38356e-12
7.18665e-12
1.06093e-11
1.2895e-11
1.86715e-11
1.57549e-11
1.62528e-11
0
0
0
0
5.5723e-09
5.84384e-08
2.17406e-07
5.4816e-07
8.37527e-07
0
0
0
0
0
0
7.55588e-10
1.48564e-07
2.30675e-07
2.39331e-07
1.75762e-07
4.40222e-08
0
0
0
0
0
0
0
0
0
0
0
0
0
0
0
0
0
0
2.74875e-08
5.21075e-08
5.86118e-08
5.20452e-08
3.86085e-08
2.31073e-08
7.78122e-09
0
0
0
0
0
0
0
0
0
0
0
0
0
0
0
0
0
0
0
0
0
0
0
0
0
0
0
0
0
0
0
0
0
0
0
0
0
0
0
0
0
0
0
0
0
0
0
0
0
0
0
0
0
0
0
0
0
0
0
0
0
0
0
0
0
0
0
0
0
0
0
0
0
0
0
0
4.02728e-14
4.80682e-13
8.25729e-13
1.11967e-12
1.40193e-12
1.69191e-12
1.98868e-12
2.30051e-12
2.61734e-12
2.94101e-12
3.26861e-12
3.59019e-12
3.90292e-12
4.20536e-12
4.49096e-12
4.74777e-12
4.97173e-12
5.15154e-12
5.28173e-12
5.36262e-12
5.39701e-12
5.38819e-12
5.34017e-12
5.25875e-12
5.15366e-12
5.03639e-12
4.91476e-12
4.79084e-12
4.66208e-12
4.5286e-12
4.39459e-12
4.26622e-12
4.15447e-12
4.06896e-12
4.00716e-12
3.97979e-12
3.95369e-12
3.90192e-12
3.77757e-12
3.52205e-12
3.15256e-12
2.81585e-12
2.43546e-12
2.24656e-12
2.11788e-12
2.14015e-12
2.2178e-12
2.58116e-12
3.0843e-12
4.22826e-12
5.66485e-12
8.65904e-12
1.19e-11
1.87643e-11
2.38779e-11
3.70022e-11
3.61226e-11
4.57291e-11
1.66485e-11
0
0
5.8691e-07
7.65183e-07
7.6787e-07
8.97722e-07
1.18479e-06
1.6069e-06
1.34978e-06
0
0
0
0
1.35199e-07
3.41815e-07
4.26082e-07
3.97917e-07
2.74549e-07
5.35985e-08
0
0
0
0
0
0
0
0
4.17129e-08
8.96353e-08
8.14584e-08
6.03042e-08
4.12176e-08
2.52775e-08
1.33115e-08
8.36704e-09
1.13086e-08
2.05618e-08
3.4364e-08
4.76741e-08
5.11441e-08
3.30837e-08
0
0
0
0
0
0
0
0
0
0
0
0
0
0
0
0
0
0
0
0
0
0
0
0
0
0
0
0
0
0
0
0
0
0
0
0
0
0
0
0
0
0
0
0
0
0
0
0
0
0
0
0
0
0
0
0
0
2.60086e-08
0
0
0
0
0
0
0
0
0
0
0
0
0
0
0
0
0
0
0
0
0
0
0
0
0
0
3.56386e-14
9.94583e-13
1.80859e-12
2.51765e-12
3.15938e-12
3.76128e-12
4.33404e-12
4.87565e-12
5.37913e-12
5.83593e-12
6.24542e-12
6.61028e-12
6.92783e-12
7.19134e-12
7.397e-12
7.54398e-12
7.63162e-12
7.65706e-12
7.61763e-12
7.51535e-12
7.36307e-12
7.18029e-12
6.98294e-12
6.77543e-12
6.55501e-12
6.32123e-12
6.0784e-12
5.83341e-12
5.59876e-12
5.38112e-12
5.18005e-12
5.00054e-12
4.80702e-12
4.59001e-12
4.31125e-12
3.95134e-12
3.53454e-12
3.18624e-12
2.80125e-12
2.63222e-12
2.53008e-12
2.61112e-12
2.75784e-12
3.29548e-12
4.02295e-12
5.6901e-12
7.76357e-12
1.23013e-11
1.7161e-11
2.84757e-11
3.69037e-11
6.06617e-11
6.29358e-11
1.14211e-10
4.76304e-11
4.2088e-11
0
0
0
0
0
0
0
0
0
0
0
0
0
0
0
0
0
0
0
0
0
0
0
0
0
0
0
1.55205e-07
3.68084e-07
5.62079e-07
6.69845e-07
6.46486e-07
5.0538e-07
3.4147e-07
2.39752e-07
1.91736e-07
1.9113e-07
2.15634e-07
2.22585e-07
1.49506e-07
2.4553e-09
0
0
0
0
0
0
0
0
0
0
0
0
0
0
0
0
0
0
0
0
0
0
0
0
0
0
0
0
0
0
0
0
0
0
0
0
0
0
0
0
0
0
0
0
0
0
0
0
0
0
0
0
0
0
0
1.04884e-07
1.00842e-07
2.75769e-08
0
0
0
0
0
0
0
0
0
0
0
0
0
0
0
0
0
0
0
0
0
0
0
0
0
3.14542e-12
6.24348e-12
8.88217e-12
1.11526e-11
1.31252e-11
1.48382e-11
1.6312e-11
1.75583e-11
1.85864e-11
1.9404e-11
2.00194e-11
2.04374e-11
2.0667e-11
2.07203e-11
2.06131e-11
2.03562e-11
1.99643e-11
1.94509e-11
1.88287e-11
1.81082e-11
1.73161e-11
1.64873e-11
1.56511e-11
1.48132e-11
1.39744e-11
1.3138e-11
1.23188e-11
1.15277e-11
1.07805e-11
1.00855e-11
9.43302e-12
8.81789e-12
8.21087e-12
7.57741e-12
6.89544e-12
6.17851e-12
5.39635e-12
4.78336e-12
4.17928e-12
3.79989e-12
3.63959e-12
3.71809e-12
3.88772e-12
4.60319e-12
5.58214e-12
7.89279e-12
1.07499e-11
1.71987e-11
2.39585e-11
4.07554e-11
5.26418e-11
9.18048e-11
9.50585e-11
1.94977e-10
8.74297e-11
1.5475e-10
0
0
0
0
0
0
0
0
0
0
0
0
0
0
0
0
0
0
0
3.18226e-08
6.73437e-08
7.61805e-08
6.76528e-08
5.15911e-08
4.54674e-08
7.6641e-08
1.74237e-07
3.43336e-07
5.32443e-07
6.56919e-07
6.56689e-07
5.26407e-07
3.02673e-07
5.52771e-08
0
0
0
0
0
1.1088e-07
1.88728e-07
1.51052e-07
5.19618e-08
0
0
0
0
0
0
0
0
0
0
0
0
0
0
0
0
0
0
0
0
0
0
0
0
0
0
0
0
0
0
0
0
0
0
0
0
0
0
0
0
0
0
0
0
0
0
0
0
0
0
0
0
2.65358e-07
3.97146e-07
3.08379e-07
1.69445e-07
6.12135e-08
0
0
0
0
0
0
0
0
0
0
0
0
0
0
0
0
1.65367e-11
3.28048e-11
4.59304e-11
5.65934e-11
6.52258e-11
7.21431e-11
7.7606e-11
8.18233e-11
8.49478e-11
8.70997e-11
8.84084e-11
8.89689e-11
8.88524e-11
8.81143e-11
8.68226e-11
8.50432e-11
8.28497e-11
8.02966e-11
7.74322e-11
7.4291e-11
7.09381e-11
6.743e-11
6.38276e-11
6.01511e-11
5.64548e-11
5.27723e-11
4.91486e-11
4.55934e-11
4.21493e-11
3.8861e-11
3.57692e-11
3.28517e-11
3.01017e-11
2.75056e-11
2.50858e-11
2.28408e-11
2.07872e-11
1.89138e-11
1.71997e-11
1.56011e-11
1.41044e-11
1.26511e-11
1.11863e-11
9.80841e-12
8.40693e-12
7.25211e-12
6.30372e-12
5.5466e-12
5.12429e-12
5.1645e-12
5.26877e-12
6.07383e-12
7.17137e-12
1.00005e-11
1.3402e-11
2.15187e-11
2.95771e-11
5.13424e-11
6.48869e-11
1.18953e-10
1.18192e-10
2.75795e-10
1.16803e-10
3.59089e-10
0
0
0
0
0
0
0
0
1.49374e-07
4.41237e-07
7.01613e-07
8.63122e-07
8.7716e-07
7.48303e-07
5.29193e-07
3.10806e-07
1.69283e-07
1.5738e-07
2.94546e-07
5.19886e-07
7.03726e-07
7.651e-07
7.22311e-07
6.49319e-07
6.01012e-07
5.94985e-07
6.13362e-07
5.98432e-07
5.25642e-07
4.0945e-07
2.77936e-07
1.68254e-07
9.55601e-08
2.8893e-08
0
0
0
0
0
1.97137e-07
6.7889e-07
8.4675e-07
7.5177e-07
5.36511e-07
3.04651e-07
1.10068e-07
0
0
0
0
0
0
0
0
0
0
0
0
0
0
0
0
0
0
0
0
0
0
0
0
0
0
0
0
0
0
0
0
0
0
0
0
0
0
0
0
0
1.30124e-08
3.4499e-08
4.07765e-08
4.09263e-08
4.55542e-08
5.2396e-08
6.62466e-08
1.65368e-07
4.93512e-07
6.27244e-07
4.42821e-07
2.39987e-07
1.0831e-07
3.5e-08
6.46896e-09
0
1.1043e-10
1.50458e-09
2.29686e-09
2.42113e-09
2.1718e-09
1.79587e-09
1.43118e-09
1.13609e-09
9.23253e-10
7.82982e-10
6.97447e-10
6.48082e-10
6.19406e-10
6.00683e-10
5.85521e-10
5.70397e-10
5.53859e-10
5.35467e-10
5.15462e-10
4.94289e-10
4.72296e-10
4.49845e-10
4.27164e-10
4.04497e-10
3.81921e-10
3.59579e-10
3.37538e-10
3.15914e-10
2.94794e-10
2.74309e-10
2.54512e-10
2.35461e-10
2.17136e-10
1.99624e-10
1.8294e-10
1.67168e-10
1.52214e-10
1.38213e-10
1.25026e-10
1.12923e-10
1.01775e-10
9.15367e-11
8.21534e-11
7.36332e-11
6.58451e-11
5.8773e-11
5.22816e-11
4.6371e-11
4.09988e-11
3.6201e-11
3.1902e-11
2.80699e-11
2.45967e-11
2.14971e-11
1.86471e-11
1.59863e-11
1.36017e-11
1.14361e-11
9.67665e-12
8.31282e-12
7.22653e-12
6.57732e-12
6.59339e-12
6.71133e-12
7.65879e-12
9.01353e-12
1.2449e-11
1.66187e-11
2.64484e-11
3.59689e-11
6.19723e-11
7.62076e-11
1.40028e-10
1.29299e-10
3.24446e-10
1.11916e-10
5.57234e-10
0
0
0
0
7.68011e-09
8.76033e-08
1.96211e-07
3.16978e-07
4.29122e-07
5.2175e-07
5.94823e-07
6.58672e-07
7.2858e-07
7.76395e-07
7.29493e-07
5.37996e-07
2.38448e-07
0
0
1.50716e-08
3.03852e-07
3.601e-07
3.21765e-07
2.85244e-07
2.71666e-07
2.63045e-07
2.36529e-07
1.86684e-07
1.28827e-07
7.83532e-08
3.76207e-08
0
0
0
0
0
0
0
0
9.45222e-08
7.25792e-07
6.96255e-07
4.53551e-07
2.16394e-07
4.079e-08
0
0
0
0
0
0
0
0
0
0
0
0
0
0
0
0
0
0
0
0
0
0
0
0
0
1.42672e-09
0
0
0
0
1.1114e-07
2.67911e-07
2.63059e-07
1.56969e-07
3.61572e-08
0
0
0
0
9.43838e-10
3.1928e-08
4.46119e-08
5.85325e-08
9.62422e-08
1.37159e-07
1.41789e-07
1.22998e-07
9.91784e-08
8.63261e-08
1.37759e-07
3.10275e-07
4.98427e-07
5.3721e-07
4.17092e-07
2.50311e-07
1.23491e-07
6.5597e-08
4.21343e-08
3.07325e-08
2.32507e-08
1.75111e-08
1.30616e-08
9.74263e-09
7.37007e-09
5.72724e-09
4.60447e-09
3.832e-09
3.29252e-09
2.9122e-09
2.63986e-09
2.43494e-09
2.26752e-09
2.11964e-09
1.98096e-09
1.84892e-09
1.72002e-09
1.59763e-09
1.48256e-09
1.37357e-09
1.2704e-09
1.17266e-09
1.08047e-09
9.93172e-10
9.1118e-10
8.33578e-10
7.60227e-10
6.91174e-10
6.26606e-10
5.66409e-10
5.10547e-10
4.58725e-10
4.1093e-10
3.66961e-10
3.26763e-10
2.89999e-10
2.56535e-10
2.26271e-10
1.98927e-10
1.74116e-10
1.51785e-10
1.31758e-10
1.1397e-10
9.79449e-11
8.33749e-11
6.99246e-11
5.74457e-11
4.55896e-11
3.44971e-11
2.45131e-11
1.63773e-11
1.04838e-11
6.72948e-12
4.50446e-12
3.30043e-12
2.65972e-12
2.37139e-12
2.28922e-12
2.40403e-12
2.59376e-12
3.04121e-12
3.71766e-12
4.63637e-12
5.98594e-12
8.02635e-12
1.16317e-11
1.66839e-11
2.65235e-11
3.76291e-11
6.33652e-11
7.92298e-11
1.39134e-10
1.22075e-10
3.01278e-10
6.69947e-11
4.94516e-10
0
0
2.14992e-07
6.57417e-07
5.95891e-07
1.98585e-07
0
0
0
0
0
0
0
1.21938e-07
1.67339e-07
8.99625e-08
0
0
0
0
0
0
0
0
0
0
8.00991e-08
2.53966e-07
3.47968e-07
8.49112e-08
0
0
0
0
0
7.2461e-09
6.95528e-08
1.08211e-07
1.08968e-07
1.20317e-07
2.7237e-07
2.39747e-07
1.14449e-07
5.69369e-09
0
0
0
0
5.90286e-09
1.01448e-07
2.13144e-07
2.82673e-07
2.58855e-07
1.79677e-07
1.09123e-07
6.67118e-08
4.2649e-08
3.42722e-08
4.56467e-08
6.54941e-08
7.31028e-08
5.25415e-08
1.93591e-08
0
0
2.25697e-08
6.28134e-08
1.11473e-07
1.61345e-07
1.81937e-07
1.67621e-07
1.26588e-07
6.44059e-08
3.70269e-09
0
1.01057e-07
2.8991e-07
3.31854e-07
2.02818e-07
5.6012e-08
0
2.00158e-08
8.68259e-08
1.72985e-07
2.21727e-07
2.21471e-07
1.83432e-07
1.63492e-07
2.02831e-07
2.72427e-07
2.94713e-07
2.61635e-07
1.97234e-07
1.34362e-07
1.43076e-07
2.69147e-07
4.1147e-07
4.63869e-07
4.26692e-07
3.36141e-07
2.20034e-07
1.41035e-07
9.53868e-08
6.75817e-08
4.91533e-08
3.6456e-08
2.76602e-08
2.15357e-08
1.72116e-08
1.40784e-08
1.17299e-08
9.91629e-09
8.50424e-09
7.42855e-09
6.6279e-09
6.0105e-09
5.48861e-09
5.01222e-09
4.56781e-09
4.15397e-09
3.77239e-09
3.41819e-09
3.08944e-09
2.78508e-09
2.50421e-09
2.24498e-09
2.00559e-09
1.78398e-09
1.57752e-09
1.38441e-09
1.20279e-09
1.02987e-09
8.63968e-10
7.04016e-10
5.51585e-10
4.10353e-10
2.86763e-10
1.86338e-10
1.11912e-10
6.13923e-11
3.01365e-11
1.22684e-11
3.00949e-12
0
0
0
0
0
0
0
0
0
0
0
0
0
0
0
0
0
0
0
0
0
0
0
0
0
2.83368e-14
7.60728e-14
3.22048e-13
5.50527e-13
1.33036e-12
2.48466e-12
6.12254e-12
1.44719e-11
2.67086e-11
8.00308e-11
1.74078e-11
1.47024e-10
0
0
0
0
0
0
0
0
0
0
0
0
1.28443e-07
3.06383e-07
3.39052e-07
2.09668e-07
0
0
0
0
0
0
0
0
0
1.00845e-07
5.70216e-07
9.53332e-07
1.12548e-06
9.84609e-07
1.82594e-07
0
0
0
0
0
0
0
0
0
0
0
1.92425e-08
8.25408e-08
8.10661e-08
6.62184e-08
6.48795e-08
8.69279e-08
1.35344e-07
2.09922e-07
2.93929e-07
3.37138e-07
3.07059e-07
2.55898e-07
2.27964e-07
2.3265e-07
2.48906e-07
2.62781e-07
2.86444e-07
3.25692e-07
3.6117e-07
3.45425e-07
2.89954e-07
2.15753e-07
1.54568e-07
1.15791e-07
9.81903e-08
1.05417e-07
1.4658e-07
2.04501e-07
2.32851e-07
2.18468e-07
1.66139e-07
9.6262e-08
5.42737e-08
1.27253e-07
2.86906e-07
3.44817e-07
2.46064e-07
1.00273e-07
1.97332e-08
2.48396e-09
4.51636e-09
2.78827e-08
9.11515e-08
1.75358e-07
2.17534e-07
2.1525e-07
2.08986e-07
2.23308e-07
2.54391e-07
2.61601e-07
2.10331e-07
1.57505e-07
2.10923e-07
3.77379e-07
5.16882e-07
5.53015e-07
5.15958e-07
4.42278e-07
3.27794e-07
2.30299e-07
1.66411e-07
1.24062e-07
9.50209e-08
7.42772e-08
5.88211e-08
4.68168e-08
3.71205e-08
2.91289e-08
2.25661e-08
1.72672e-08
1.30569e-08
9.74212e-09
7.14971e-09
5.151e-09
3.64246e-09
2.52444e-09
1.70878e-09
1.12285e-09
7.10948e-10
4.28172e-10
2.39878e-10
1.18495e-10
4.37808e-11
2.61722e-13
0
0
0
0
0
0
0
0
0
0
0
0
0
0
0
0
0
0
0
0
0
0
0
0
0
0
0
0
4.0374e-15
6.14766e-15
7.98886e-15
8.3295e-15
8.93076e-15
7.70126e-15
7.1232e-15
3.6263e-15
1.55558e-15
0
0
0
0
0
0
0
0
0
0
0
2.02845e-17
0
9.47035e-14
9.41248e-13
0
2.97457e-11
0
0
1.01596e-07
3.2119e-07
3.22157e-07
7.55477e-08
0
0
0
1.42883e-06
1.63231e-06
1.29004e-06
8.0502e-07
2.7468e-07
0
0
0
0
0
0
0
0
0
0
7.85876e-08
1.19377e-07
1.05583e-07
1.06585e-07
1.29925e-07
1.24642e-07
2.96194e-08
0
0
0
0
0
0
0
0
7.46595e-09
4.14584e-08
5.63617e-08
6.24095e-08
6.75159e-08
6.94151e-08
6.53546e-08
5.74446e-08
4.99314e-08
4.29754e-08
3.94315e-08
3.55361e-08
2.41723e-08
7.42577e-09
0
0
2.01094e-09
2.56388e-08
5.02458e-08
6.53914e-08
6.56465e-08
5.50295e-08
4.22075e-08
3.35872e-08
2.86446e-08
2.32044e-08
1.37444e-08
7.76408e-10
0
0
0
4.14137e-09
1.39956e-08
1.46788e-08
6.56551e-09
0
0
0
1.85091e-08
3.24977e-08
3.05337e-08
1.93627e-08
5.81781e-09
0
0
0
3.62976e-09
5.34919e-09
6.6202e-09
8.94824e-09
1.04889e-08
8.21578e-09
0
0
0
0
2.81189e-09
1.02342e-08
1.76035e-08
2.24919e-08
2.36026e-08
2.04147e-08
1.56599e-08
1.18089e-08
8.8158e-09
6.50385e-09
4.66138e-09
3.21174e-09
2.08868e-09
1.25596e-09
6.78877e-10
3.09156e-10
9.04035e-11
0
0
0
0
0
0
0
0
0
0
0
0
0
0
0
0
0
0
0
0
0
0
0
0
0
0
0
0
0
6.49515e-15
2.0847e-14
2.93354e-14
3.3293e-14
3.48913e-14
3.47432e-14
3.40144e-14
3.28779e-14
3.19284e-14
3.12367e-14
3.08986e-14
3.09515e-14
3.11799e-14
3.14847e-14
3.16547e-14
3.24232e-14
3.23637e-14
3.31404e-14
3.24339e-14
3.27917e-14
3.09136e-14
3.06875e-14
2.6585e-14
2.60019e-14
1.74205e-14
1.79376e-14
0
6.2123e-15
0
0
0
0
0
1.71644e-14
0
5.26286e-14
0
0
2.58725e-11
0
0
8.0894e-08
2.71307e-07
3.63624e-07
5.65359e-07
1.04634e-06
1.60316e-06
1.75102e-06
1.22484e-06
4.41193e-07
0
0
0
0
0
0
0
0
0
0
1.07975e-08
2.36658e-08
3.1109e-08
2.92549e-08
2.02787e-08
1.02995e-08
2.96811e-09
0
0
0
0
0
0
0
0
0
7.33126e-09
1.56353e-08
1.84717e-08
1.489e-08
6.34285e-09
1.68765e-09
1.35585e-09
5.16521e-09
1.10429e-08
1.68533e-08
2.09556e-08
2.12722e-08
1.94983e-08
1.8624e-08
1.74743e-08
1.54084e-08
1.2832e-08
9.8225e-09
6.93e-09
4.88832e-09
3.92061e-09
2.52723e-09
0
0
0
0
0
6.63229e-09
1.23661e-08
1.25528e-08
8.92653e-09
4.50527e-09
1.27218e-09
0
0
0
0
0
0
0
0
4.14915e-09
4.3921e-09
1.431e-09
0
0
0
1.34499e-10
0
0
0
0
5.9073e-10
1.68782e-09
1.42689e-09
6.21152e-10
2.91623e-10
2.66953e-10
0
0
0
4.39803e-10
1.51808e-09
1.91068e-09
1.74569e-09
1.41604e-09
1.10158e-09
8.49989e-10
6.34574e-10
4.69578e-10
3.42855e-10
2.45109e-10
1.71477e-10
1.17601e-10
7.99718e-11
5.40283e-11
3.64873e-11
2.46452e-11
1.68144e-11
1.15863e-11
8.12231e-12
5.76285e-12
4.18201e-12
3.0717e-12
2.3139e-12
1.75918e-12
1.37023e-12
1.07314e-12
8.59263e-13
6.89734e-13
5.63593e-13
4.59666e-13
3.80267e-13
3.136e-13
2.61038e-13
2.15732e-13
1.80414e-13
1.49727e-13
1.25856e-13
1.04848e-13
8.86886e-14
7.45037e-14
6.35469e-14
5.38704e-14
4.65541e-14
4.00745e-14
3.51151e-14
3.06516e-14
2.73765e-14
2.45214e-14
2.25762e-14
2.0806e-14
1.96842e-14
1.86282e-14
1.80089e-14
1.72877e-14
1.68555e-14
1.63372e-14
1.60169e-14
1.57135e-14
1.53566e-14
1.50393e-14
1.45029e-14
1.40907e-14
1.31589e-14
1.26944e-14
1.08648e-14
1.0768e-14
6.74389e-15
8.57148e-15
0
7.44797e-15
0
1.26023e-14
0
4.25379e-14
0
1.79144e-13
0
1.08501e-12
0
3.31384e-12
3.37938e-11
0
1.91179e-09
1.95539e-09
1.90078e-09
1.76039e-09
1.2101e-09
1.64877e-10
0
0
0
0
0
0
0
0
0
0
3.97951e-10
1.37546e-09
1.84879e-09
1.85849e-09
1.51209e-09
9.19342e-10
2.06129e-10
0
0
0
0
0
0
0
0
0
0
1.89141e-09
6.24305e-09
6.75034e-09
3.94003e-09
3.63044e-10
0
0
0
0
0
0
8.67618e-09
1.99062e-08
2.72869e-08
2.64548e-08
1.70157e-08
6.93525e-09
2.24408e-10
0
6.6151e-09
1.57165e-08
1.78262e-08
1.21322e-08
2.27341e-09
0
0
0
0
0
2.57778e-09
1.21372e-08
1.65862e-08
1.53488e-08
1.08586e-08
5.72394e-09
1.44979e-09
0
0
0
0
0
6.1254e-10
1.41526e-09
2.00409e-09
1.71363e-09
7.43917e-10
6.7268e-11
2.00066e-10
5.28119e-10
4.68579e-10
4.05645e-11
0
0
0
2.31785e-10
1.35832e-09
2.10633e-09
2.26867e-09
2.12278e-09
2.11549e-09
2.18754e-09
2.31351e-09
2.54298e-09
2.78134e-09
2.72645e-09
2.22196e-09
1.66321e-09
1.23143e-09
9.55354e-10
7.84231e-10
6.68106e-10
5.73914e-10
4.88047e-10
4.06567e-10
3.30271e-10
2.61912e-10
2.03617e-10
1.56875e-10
1.19449e-10
9.0225e-11
6.77747e-11
5.07922e-11
3.80504e-11
2.85334e-11
2.14226e-11
1.61224e-11
1.21575e-11
9.19467e-12
6.96436e-12
5.2874e-12
4.01546e-12
3.05426e-12
2.32174e-12
1.7654e-12
1.33767e-12
1.01238e-12
7.63629e-13
5.72299e-13
4.25596e-13
3.18562e-13
2.3579e-13
1.73454e-13
1.25833e-13
9.09003e-14
6.46915e-14
4.57937e-14
3.15127e-14
2.13791e-14
1.37293e-14
8.29832e-15
4.01069e-15
1.04337e-15
0
0
0
0
0
0
0
0
0
0
0
0
0
0
0
0
0
0
0
0
0
0
0
0
0
0
3.29172e-14
0
2.9421e-13
0
3.94807e-12
0
4.89671e-11
0
0
2.84258e-10
2.95689e-10
2.70594e-10
1.7675e-10
0
0
0
0
0
0
0
0
0
0
0
0
0
0
0
0
0
0
0
0
0
0
0
0
0
3.40898e-10
1.05851e-09
2.62018e-09
5.06669e-09
1.25182e-08
3.68601e-08
6.49077e-08
4.48183e-08
0
0
0
0
0
0
0
0
6.45672e-09
2.17815e-08
2.54295e-08
1.68321e-08
6.14492e-09
0
0
2.82504e-09
1.60053e-08
2.14568e-08
1.56245e-08
2.65736e-09
0
0
0
0
3.6094e-10
8.09613e-09
1.26079e-08
1.21586e-08
8.45555e-09
4.43807e-09
1.50217e-09
0
0
0
0
7.52993e-10
3.69409e-09
4.78847e-09
3.6172e-09
2.13902e-09
1.17604e-09
1.03136e-09
1.59377e-09
2.44502e-09
2.76777e-09
2.2254e-09
1.38809e-09
8.89101e-10
1.11295e-09
2.13353e-09
3.34621e-09
4.15706e-09
4.37847e-09
4.04687e-09
3.47712e-09
3.13669e-09
3.05051e-09
3.03274e-09
2.83416e-09
2.44503e-09
1.95158e-09
1.50924e-09
1.17664e-09
9.41755e-10
7.85464e-10
6.75006e-10
5.87165e-10
5.1413e-10
4.41091e-10
3.69198e-10
3.0226e-10
2.42971e-10
1.92664e-10
1.5178e-10
1.18543e-10
9.20794e-11
7.12593e-11
5.50243e-11
4.24619e-11
3.27569e-11
2.52635e-11
1.94742e-11
1.50019e-11
1.15407e-11
8.85837e-12
6.77641e-12
5.16055e-12
3.90803e-12
2.93935e-12
2.19152e-12
1.61555e-12
1.17406e-12
8.38644e-13
5.87257e-13
3.9939e-13
2.60708e-13
1.61849e-13
9.40205e-14
4.84738e-14
1.9027e-14
8.72646e-16
0
0
0
0
0
0
0
0
0
0
0
0
0
0
0
0
0
0
0
0
0
0
0
0
0
0
0
0
0
0
0
0
0
0
0
8.31735e-14
0
6.27821e-12
0
1.96916e-10
0
0
0
0
0
0
0
0
0
0
0
0
0
0
0
0
0
0
0
0
0
0
0
0
0
0
0
0
0
0
0
0
1.04999e-09
3.82937e-09
1.31038e-08
6.04746e-08
2.42062e-07
5.166e-07
5.43797e-07
1.49809e-07
0
0
0
0
0
0
0
0
0
0
3.62644e-10
2.05755e-08
2.39891e-08
1.55823e-08
1.11288e-08
1.13982e-08
1.18472e-08
9.98828e-09
5.64466e-09
1.4147e-09
0
0
0
9.87245e-11
1.06139e-09
1.13586e-09
3.92038e-10
0
0
0
0
0
0
0
4.36451e-10
2.62859e-09
3.67717e-09
3.04332e-09
1.84702e-09
1.39803e-09
2.45927e-09
4.38161e-09
6.18711e-09
7.196e-09
7.09275e-09
6.43525e-09
5.87673e-09
5.52174e-09
5.48003e-09
5.33899e-09
4.96692e-09
4.63314e-09
4.27074e-09
3.81385e-09
3.41223e-09
2.92914e-09
2.36823e-09
1.88363e-09
1.48836e-09
1.15693e-09
9.18458e-10
7.60688e-10
6.49286e-10
5.63278e-10
4.90233e-10
4.25111e-10
3.71622e-10
3.18605e-10
2.67705e-10
2.21715e-10
1.81715e-10
1.47794e-10
1.19518e-10
9.60343e-11
7.68635e-11
6.12865e-11
4.86798e-11
3.85526e-11
3.04226e-11
2.39074e-11
1.86873e-11
1.4524e-11
1.12046e-11
8.57114e-12
6.48563e-12
4.84791e-12
3.56862e-12
2.58166e-12
1.82523e-12
1.25376e-12
8.28252e-13
5.20314e-13
3.02787e-13
1.55081e-13
6.18851e-14
1.17662e-14
0
0
0
0
0
0
0
0
0
0
0
0
0
0
0
0
0
0
0
0
0
0
0
0
0
0
0
0
0
0
0
0
0
0
0
0
0
0
0
0
0
3.86508e-12
0
5.81317e-10
0
0
0
0
0
0
0
0
0
0
0
0
0
0
0
0
0
0
0
0
0
0
0
0
0
0
0
0
0
0
0
0
1.78148e-10
4.2462e-09
3.19416e-08
2.23504e-07
1.16015e-06
3.50324e-06
3.58199e-06
1.08958e-06
4.30966e-07
1.02381e-07
0
0
0
0
0
0
0
0
0
1.04474e-08
2.18987e-08
1.90041e-08
1.22401e-08
6.84405e-09
4.78373e-09
5.70652e-09
7.48463e-09
7.76666e-09
5.47136e-09
5.62504e-10
0
0
0
0
0
0
0
0
0
0
0
0
0
0
0
0
0
0
1.99324e-10
1.13429e-09
2.63255e-09
4.49814e-09
5.88485e-09
6.26018e-09
5.65787e-09
4.23971e-09
2.76497e-09
1.73019e-09
1.42307e-09
1.76627e-09
2.24172e-09
2.42223e-09
2.25825e-09
1.78984e-09
1.23362e-09
8.01786e-10
5.32382e-10
3.86938e-10
3.24658e-10
3.03073e-10
2.89192e-10
2.69246e-10
2.43045e-10
2.1419e-10
1.89481e-10
1.63986e-10
1.39338e-10
1.17133e-10
9.77532e-11
8.10515e-11
6.65988e-11
5.42866e-11
4.40147e-11
3.54533e-11
2.83412e-11
2.24908e-11
1.76909e-11
1.37759e-11
1.0599e-11
8.04862e-12
6.01287e-12
4.40835e-12
3.15645e-12
2.19817e-12
1.47794e-12
9.52493e-13
5.79301e-13
3.26983e-13
1.65948e-13
7.2188e-14
2.32532e-14
1.39077e-15
0
0
0
0
0
0
0
0
0
0
0
0
0
0
0
0
0
0
0
0
0
0
0
0
0
0
0
0
0
0
0
0
0
0
0
0
0
0
0
0
0
0
0
4.73469e-13
0
8.55439e-10
0
0
2.43594e-08
0
9.39228e-10
4.73578e-09
3.56227e-09
1.60447e-09
6.16943e-10
1.22351e-10
0
0
0
0
0
0
0
0
0
0
0
0
0
0
0
0
0
2.09489e-09
0
0
3.9408e-10
2.81099e-10
0
0
0
0
0
0
0
0
0
0
0
0
0
0
0
0
0
0
0
0
1.26673e-10
0
0
0
0
0
0
0
0
0
0
0
0
0
0
0
0
0
0
0
0
0
0
0
0
1.31706e-10
0
0
0
0
0
0
0
0
0
0
0
0
0
0
0
0
0
0
0
0
0
0
0
0
7.17645e-10
0
0
0
0
0
0
0
0
0
0
0
0
0
0
0
0
0
0
0
0
0
0
0
0
0
0
0
0
0
0
0
0
0
0
0
0
0
0
0
0
0
0
0
0
0
0
0
0
0
0
0
0
0
0
0
0
0
0
0
0
0
0
0
0
0
0
0
0
0
0
0
0
0
0
0
0
0
0
0
0
0
0
0
0
0
0
0
0
0
0
0
0
0
0
0
0
0
0
0
0
0
0
0
0
0
0
0
0
0
0
0
0
0
0
0
0
0
0
0
0
0
0
0
0
0
0
0
0
0
0
0
0
0
0
0
0
0
0
0
0
0
0
0
0
0
0
0
0
0
0
0
0
0
0
0
0
0
0
0
0
0
0
0
0
0
0
0
0
0
0
0
0
0
0
0
0
0
0
0
0
0
0
0
0
0
0
0
0
0
0
0
0
0
0
0
0
0
0
0
0
0
0
0
0
0
0
0
0
0
0
0
0
0
0
0
0
0
0
0
0
0
0
0
0
0
0
0
0
0
0
0
0
0
0
0
0
0
0
0
0
0
0
0
0
0
0
0
0
0
0
0
0
0
0
0
0
0
0
0
0
0
0
0
0
0
0
0
0
0
0
0
0
0
0
0
0
0
0
0
0
0
0
0
0
0
0
0
0
0
0
0
0
0
0
0
0
0
0
0
0
0
0
0
0
0
0
0
0
0
0
0
0
0
0
0
0
0
0
0
0
0
0
0
0
0
0
0
0
0
0
0
0
0
0
0
0
0
0
0
0
0
0
0
0
0
0
0
0
0
0
0
0
0
0
0
0
0
0
0
0
0
0
0
0
0
0
0
0
0
0
0
0
0
0
0
0
0
0
0
0
0
0
0
0
0
0
0
0
0
0
0
0
0
0
0
0
0
0
0
0
0
0
0
0
0
0
0
0
0
0
0
0
0
0
0
0
0
0
0
0
0
0
0
0
0
0
0
0
0
0
0
0
0
0
0
0
0
0
0
0
0
0
0
0
0
0
0
0
0
0
0
0
0
0
0
0
0
0
0
0
0
0
0
0
0
0
0
0
0
0
0
0
0
0
0
0
0
0
0
0
0
0
0
0
0
0
0
0
0
0
0
0
0
0
0
0
0
0
0
0
0
0
0
0
0
0
0
0
0
0
0
0
0
0
0
0
0
0
0
0
0
0
0
0
0
0
0
0
0
0
0
0
0
0
0
0
0
0
0
0
0
0
0
0
0
0
0
0
0
0
0
0
0
0
0
0
0
0
0
0
0
0
0
0
0
0
0
0
0
0
0
0
0
0
0
0
0
0
0
0
0
0
0
0
0
0
0
0
0
0
0
0
0
0
0
0
0
0
0
0
0
0
0
0
0
0
0
0
0
0
0
0
0
0
0
0
0
0
0
0
0
0
0
0
0
0
0
0
0
0
0
0
0
0
0
0
0
0
0
0
0
0
0
0
0
0
0
0
0
0
0
0
0
0
0
0
0
0
0
0
0
0
0
0
0
0
0
0
0
0
0
0
0
0
0
0
0
0
0
0
0
0
0
0
0
0
0
0
0
0
0
0
0
0
0
0
0
0
0
0
0
0
0
0
0
0
0
0
0
0
0
0
0
0
0
0
0
0
0
0
0
0
0
0
0
0
0
0
0
0
0
0
0
0
0
0
0
0
0
0
0
0
0
0
0
0
0
0
0
0
0
0
0
0
0
0
0
0
0
0
0
0
0
0
0
0
0
0
0
0
0
0
0
0
0
0
0
0
0
0
0
0
0
0
0
0
0
0
0
0
0
0
0
0
0
0
0
0
0
0
0
0
0
0
0
0
0
0
0
0
0
0
0
0
0
0
0
0
0
0
0
0
0
0
0
0
0
0
0
0
0
0
0
0
0
0
0
0
0
0
0
0
0
0
0
0
0
0
0
0
0
0
0
0
0
0
0
0
0
0
0
0
0
0
0
0
0
0
0
0
0
0
0
0
0
0
0
0
0
0
0
0
0
0
0
0
0
0
0
0
0
0
0
0
0
0
0
0
0
0
0
0
0
0
0
0
0
0
0
0
0
0
0
0
0
0
0
0
0
0
0
0
0
0
0
0
0
0
0
0
0
0
0
0
0
0
0
0
0
0
0
0
0
0
0
0
0
0
0
0
0
0
0
0
0
0
0
0
0
0
0
0
0
0
0
0
0
0
0
0
0
0
0
0
0
0
0
0
0
0
0
0
0
0
0
0
0
0
0
0
0
0
0
0
0
0
0
0
0
0
0
0
0
0
0
0
0
0
0
0
0
0
0
0
0
0
0
0
0
0
0
0
0
0
0
0
0
0
0
0
0
0
0
0
0
0
0
0
0
0
0
0
0
0
0
0
0
0
0
0
0
0
0
0
0
0
0
0
0
0
0
0
0
0
0
0
0
0
0
0
0
0
0
0
7.28084e-11
0
0
0
0
0
0
0
0
0
0
0
0
0
0
0
0
0
0
0
0
0
0
0
0
6.2881e-10
0
0
0
0
0
0
0
0
0
0
0
0
0
0
0
0
0
0
0
0
0
0
0
0
1.51e-09
0
0
0
0
0
0
0
0
0
0
0
0
0
0
0
0
0
0
0
0
0
0
0
0
6.65771e-10
0
0
0
0
0
0
0
0
0
0
0
0
0
0
0
0
0
0
0
0
0
0
0
0
3.07446e-10
0
0
0
0
0
0
7.47479e-12
4.90828e-11
7.03703e-11
1.02964e-10
1.2495e-10
1.78485e-10
1.65433e-10
2.29764e-10
1.46615e-10
2.45521e-10
8.0297e-11
2.61249e-10
0
2.31519e-10
0
1.91071e-10
0
5.58486e-11
3.33285e-10
0
0
0
8.53119e-11
2.62742e-10
3.88687e-10
4.46488e-10
4.94487e-10
5.26935e-10
5.9165e-10
6.47973e-10
7.11215e-10
6.91252e-10
6.99135e-10
5.89002e-10
6.14432e-10
4.21459e-10
4.57754e-10
2.19975e-10
3.16063e-10
6.59824e-11
2.1907e-10
0
4.94637e-11
7.89808e-10
0
7.89976e-11
6.30763e-10
5.46574e-10
5.13306e-10
4.6436e-10
3.84369e-10
3.66248e-10
3.68549e-10
4.02642e-10
4.30944e-10
4.83211e-10
4.68605e-10
5.13592e-10
4.30264e-10
4.55382e-10
2.94761e-10
3.35903e-10
1.574e-10
2.2866e-10
4.87604e-11
1.63603e-10
0
0
3.03381e-09
3.80653e-10
1.61968e-09
1.50594e-09
6.74694e-10
0
0
0
0
0
0
0
0
0
0
0
0
0
0
0
0
0
1.22697e-11
0
0
9.96821e-09
4.90615e-09
4.35589e-09
1.60002e-09
0
0
0
0
0
0
0
0
0
0
0
0
0
0
0
0
0
0
0
0
0
2.29903e-08
1.25106e-08
6.43377e-09
6.32743e-10
0
0
0
0
0
0
0
0
0
0
0
0
0
0
0
0
0
0
0
0
0
)
;

boundaryField
{
    inlet
    {
        type            zeroGradient;
    }
    outlet
    {
        type            zeroGradient;
    }
    upperWall
    {
        type            zeroGradient;
    }
    lowerWall
    {
        type            zeroGradient;
    }
    frontAndBack
    {
        type            empty;
    }
}


// ************************************************************************* //
