/*--------------------------------*- C++ -*----------------------------------*\
| =========                 |                                                 |
| \\      /  F ield         | OpenFOAM: The Open Source CFD Toolbox           |
|  \\    /   O peration     | Version:  2112                                  |
|   \\  /    A nd           | Website:  www.openfoam.com                      |
|    \\/     M anipulation  |                                                 |
\*---------------------------------------------------------------------------*/
FoamFile
{
    version     2.0;
    format      ascii;
    arch        "LSB;label=32;scalar=64";
    class       volScalarField;
    location    "0.05";
    object      nut;
}
// * * * * * * * * * * * * * * * * * * * * * * * * * * * * * * * * * * * * * //

dimensions      [0 2 -1 0 0 0 0];

internalField   nonuniform List<scalar> 
12225
(
7.63064e-08
0
0
0
0
0
0
0
0
0
0
0
0
0
0
0
0
0
7.66521e-08
0
0
0
0
0
0
0
0
0
0
0
0
0
0
0
0
0
3.83453e-08
0
0
0
0
1.30632e-09
6.86859e-09
0
0
0
0
0
0
0
0
0
0
0
0
0
0
0
3.42116e-07
4.04799e-07
1.36326e-07
0
0
0
0
0
0
0
0
0
0
0
0
1.00198e-05
0
0
0
0
0
0
0
9.1005e-07
3.3764e-06
3.61242e-06
1.84569e-06
3.83488e-07
0
0
0
0
0
9.00964e-06
2.95124e-05
0
0
0
0
0
0
6.68814e-06
6.95298e-06
3.24671e-06
1.31567e-06
1.80205e-06
1.24386e-06
0
0
0
0
0
7.73815e-05
1.19522e-05
0
0
0
0
0
1.14853e-06
1.54327e-05
1.86364e-05
1.76294e-05
1.39488e-05
2.33741e-06
0
0
0
0
0
5.0746e-05
4.63961e-05
0
0
0
0
0
0
2.95728e-05
3.17637e-05
2.15404e-05
1.3174e-05
6.13277e-06
2.27648e-06
8.13158e-07
0
0
0
4.18866e-05
6.3099e-05
0
0
0
0
0
0
0
3.55279e-05
2.15272e-05
1.21957e-05
6.93607e-06
3.8886e-06
0
0
1.56619e-06
0
1.22626e-05
0
0
0
0
0
0
0
0
0
0
4.9487e-06
8.02848e-06
1.19965e-06
0
0
0.000113018
0.000124818
0
0
0
0
0
0
0
0
0
0
0
0
0
0
0
0
0.000110198
0.000104628
0
0
0
0
0
0
0
0
0
0
0
0
1.70623e-06
4.97207e-06
0
0
0
0
0
0
0
0
0
0
0
0
0
0
8.99318e-06
5.96784e-06
0
0
0
0
0
0
0
2.31082e-05
1.72712e-05
6.68696e-07
0
0
0
2.30808e-05
1.64342e-05
1.59808e-05
2.95803e-05
2.62944e-05
0
0
0
0
0
0
0
0
1.07854e-05
3.0805e-05
2.96631e-05
1.90605e-05
4.37299e-05
3.59669e-05
1.71512e-05
1.84321e-05
3.3518e-05
5.11235e-06
0
0
0
0
5.63224e-05
2.78352e-05
3.31487e-05
0
0
1.98941e-05
9.00687e-08
0
2.60697e-05
2.29509e-05
0
0
0
0
0
0
0
0
5.45691e-05
5.89749e-05
0.000102761
7.14189e-05
6.22583e-05
4.30789e-05
1.64016e-05
1.83916e-05
2.1043e-05
0
0
0
0
0
0
0
0
0
3.95244e-05
3.51441e-05
4.53526e-05
1.38695e-05
2.51784e-05
5.45455e-05
7.06771e-05
9.88538e-05
3.8666e-05
0
0
0
0
0
0
0
0
0
5.59048e-05
9.72451e-05
0.000175246
0.000141824
4.24881e-05
4.91942e-05
6.48612e-05
4.93155e-05
1.20085e-05
0
0
0
0
0
0
0
0
0
0.000113173
0.000140209
0.000154631
9.01505e-05
2.55191e-05
6.17532e-05
8.43418e-05
4.67909e-05
0
0
0
0
0
0
0
0
0
0
9.83044e-05
0.000151951
0.000119011
1.81405e-05
3.90635e-06
3.3564e-05
2.73988e-05
0
0
2.29279e-05
0
0
0
2.64731e-05
8.00489e-06
0
0
0
0
0
0
0
0
3.42196e-07
2.7609e-05
0.000100942
0.000186962
9.59998e-05
0
0
0
2.82259e-06
0
0
0
0
0
0
0
0
0
0
0
0
0
0
0
0
0
0
0
0
3.94688e-05
0.000172077
0
0
0
0
0
0
0
0
0
0
0
0
0
0
0
0
0
7.06129e-06
9.35687e-05
7.20479e-05
0
0
0
0
0
0
0
0
0
3.09326e-05
7.64912e-05
2.53165e-05
0
0
0
0
7.37897e-05
0
1.94905e-06
3.90391e-05
0
0
0
0
0
0
0
5.90629e-05
0.000112159
0.000101915
6.88415e-05
3.44192e-05
1.51125e-05
1.46186e-05
0
0
0
0
0
0
0
3.77341e-08
3.18212e-07
2.84738e-07
1.84836e-07
1.94788e-07
2.28538e-07
1.89179e-07
1.08628e-07
5.02027e-08
1.79716e-08
0
0
0
0
0
0
0
0
0
0
0
0
0
0
1.38034e-08
2.39768e-08
1.89392e-08
6.36633e-10
0
0
0
0
0
0
0
0
0
0
0
0
0
0
0
4.82897e-09
4.53635e-09
0
0
0
0
0
0
0
0
0
0
0
0
0
0
0
0
0
0
0
0
0
5.33237e-06
9.95333e-06
0
0
0
2.28977e-06
8.43062e-06
6.97645e-06
3.4503e-06
1.74764e-06
2.521e-06
8.58932e-06
2.01039e-05
2.97984e-05
2.93558e-05
2.18226e-05
1.32635e-05
6.19379e-06
8.4658e-07
0
0
0
0
0
0
0
0
0
0
0
0
0
0
0
0
0
0
3.48269e-06
5.25229e-06
1.50176e-06
0
8.151e-06
4.16317e-05
5.53151e-05
4.97656e-05
4.08884e-05
2.74622e-05
9.87933e-06
0
0
0
0
0
0
0
1.13223e-06
9.85288e-07
0
0
1.54588e-06
8.5629e-06
1.75049e-05
3.89267e-05
8.50344e-05
0.000130392
0.00011777
7.96255e-05
4.16262e-05
1.66575e-05
5.13164e-06
1.06011e-06
0
0
3.08118e-08
2.03304e-07
3.45044e-07
4.53215e-07
5.39147e-07
6.11673e-07
6.7986e-07
7.43669e-07
8.06696e-07
8.62395e-07
9.12273e-07
9.47619e-07
9.70457e-07
9.73737e-07
9.60109e-07
9.24663e-07
8.7125e-07
7.95968e-07
7.02366e-07
5.89051e-07
4.59669e-07
3.16244e-07
1.6273e-07
2.36272e-09
0
0
0
0
0
0
0
0
0
0
0
0
0
0
0
0
0
0
0
0
0
0
0
0
0
0
0
0
0
0
0
0
0
0
0
4.77072e-09
4.20498e-08
7.58256e-08
1.02152e-07
1.15047e-07
1.09178e-07
8.05716e-08
3.06047e-08
0
0
0
0
0
0
0
0
0
0
0
0
0
0
0
0
0
0
0
0
0
0
1.61355e-08
0
0
0
0
0
0
0
0
0
0
0
0
0
0
7.81515e-08
0
0
0
0
0
0
0
1.01926e-05
2.14479e-05
2.65173e-05
2.7343e-05
1.50664e-05
4.98553e-06
2.97189e-06
3.59811e-06
4.64803e-06
5.07004e-06
4.63203e-06
3.60608e-06
2.40965e-06
1.264e-06
2.46242e-07
0
0
0
0
0
0
0
0
0
0
0
0
0
0
0
0
0
0
0
0
0
0
1.39197e-05
4.94261e-05
6.64373e-05
7.07988e-05
5.46348e-05
1.32178e-05
0
0
0
0
0
0
0
3.55467e-06
4.87882e-06
6.65522e-07
2.17043e-06
1.15844e-05
2.52985e-05
4.17445e-05
5.20512e-05
4.23853e-05
3.34058e-05
2.6838e-05
2.14097e-05
1.62763e-05
1.13593e-05
7.36854e-06
4.49901e-06
2.82573e-06
1.95574e-06
1.54531e-06
1.34204e-06
1.23801e-06
1.18455e-06
1.16158e-06
1.15929e-06
1.17253e-06
1.19656e-06
1.22481e-06
1.25395e-06
1.27804e-06
1.29297e-06
1.29399e-06
1.27789e-06
1.24254e-06
1.18553e-06
1.10759e-06
1.00705e-06
8.85979e-07
7.44032e-07
5.84335e-07
4.06848e-07
2.16441e-07
1.58271e-08
0
0
0
0
0
0
0
0
0
0
0
0
0
0
0
0
0
0
0
0
0
0
0
0
0
0
0
0
0
0
0
0
0
0
0
0
4.43312e-10
1.88979e-08
3.23802e-08
3.67362e-08
3.0729e-08
1.55221e-08
0
0
0
0
0
0
0
0
0
0
0
0
0
0
0
0
0
0
0
0
0
0
0
3.49789e-08
3.24649e-08
1.36214e-08
0
0
0
0
0
0
0
0
0
0
0
0
1.52874e-07
0
1.17847e-05
1.47652e-05
0
0
0
0
1.54987e-06
1.08896e-05
1.35333e-05
1.10872e-05
5.27181e-06
1.0427e-06
0
0
0
0
0
0
0
0
0
0
0
0
0
0
2.06018e-08
2.04909e-07
2.65116e-07
2.24591e-07
7.94018e-08
0
0
0
0
0
0
0
0
0
0
0
0
0
0
0
0
0
0
0
0
0
0
0
0
0
1.02558e-05
1.82177e-05
8.62997e-06
3.93355e-06
4.68916e-06
9.67786e-06
1.15092e-05
4.57968e-06
4.26113e-07
1.12909e-06
3.30516e-06
5.3152e-06
6.44262e-06
7.1268e-06
7.85472e-06
8.59774e-06
9.21136e-06
9.45391e-06
9.33579e-06
8.91955e-06
8.36001e-06
7.7761e-06
7.23959e-06
6.77894e-06
6.39746e-06
6.08346e-06
5.81145e-06
5.55789e-06
5.29777e-06
5.01418e-06
4.69139e-06
4.32533e-06
3.91739e-06
3.47602e-06
3.01704e-06
2.55118e-06
2.09166e-06
1.63956e-06
1.21191e-06
8.14178e-07
4.4954e-07
9.1299e-08
0
0
0
0
0
0
0
0
0
0
0
0
0
0
0
0
0
0
0
0
0
0
0
0
0
0
0
0
0
0
0
0
0
0
0
0
0
0
0
0
0
0
0
0
3.96578e-08
8.80952e-08
7.6629e-08
5.20766e-08
1.56088e-08
0
0
0
0
1.19388e-08
4.82302e-08
1.34514e-08
0
0
0
0
0
0
0
0
0
5.89328e-08
7.76522e-08
6.90819e-08
5.24877e-08
2.5035e-08
0
0
0
0
0
0
2.57032e-09
2.34518e-08
6.12399e-08
4.52064e-09
2.04719e-07
0
3.10287e-05
2.06167e-05
0
0
0
0
0
3.04551e-06
4.46976e-06
5.88209e-06
5.2144e-06
2.10314e-06
0
0
0
0
0
0
0
0
0
0
0
0
0
0
4.75892e-07
1.05627e-06
1.50928e-06
1.85978e-06
2.07253e-06
2.05866e-06
1.83958e-06
1.52886e-06
1.12785e-06
7.20518e-07
0
0
0
9.05488e-07
1.9245e-06
3.49042e-06
4.45854e-06
1.70614e-06
0
0
0
0
0
0
0
0
0
0
0
1.59139e-05
1.53841e-05
6.18658e-06
3.87766e-06
2.94123e-06
2.62261e-06
3.67722e-06
2.25098e-06
0
0
0
0
0
2.07606e-06
5.39077e-06
9.22938e-06
1.17224e-05
1.12981e-05
9.01447e-06
6.67056e-06
4.94201e-06
3.8152e-06
3.12635e-06
2.73632e-06
2.55677e-06
2.53682e-06
2.64578e-06
2.85772e-06
3.14275e-06
3.45542e-06
3.74383e-06
3.96872e-06
4.13206e-06
4.21077e-06
4.25789e-06
4.37398e-06
4.59825e-06
4.94765e-06
5.39859e-06
5.97932e-06
6.83948e-06
8.45833e-06
3.13199e-06
0
0
0
0
0
0
0
0
0
0
0
0
0
0
0
0
0
0
0
0
0
0
0
0
0
0
0
0
0
0
0
0
0
0
0
0
2.99033e-07
5.16337e-07
4.85085e-07
2.55521e-07
0
0
0
0
0
0
0
0
0
0
0
0
0
5.22211e-08
2.49543e-07
2.08144e-07
0
0
0
0
0
0
0
0
0
5.76841e-08
1.42188e-07
1.37955e-07
6.29567e-08
0
0
0
0
0
5.60345e-09
3.44923e-08
7.06724e-08
4.97566e-08
1.06293e-07
0
1.85746e-07
0
2.17191e-05
0
0
0
0
0
0
0
0
0
0
0
0
0
0
0
0
0
0
0
0
0
0
0
0
2.55591e-07
1.01251e-06
1.75041e-06
2.39427e-06
2.93672e-06
3.38248e-06
3.65015e-06
3.76524e-06
3.79457e-06
3.75154e-06
3.60269e-06
3.23105e-06
3.05438e-06
3.4577e-06
3.53374e-06
3.43263e-06
4.72254e-06
6.42069e-06
7.17685e-06
6.77071e-06
4.86477e-06
1.02746e-06
0
0
0
0
0
0
1.2471e-05
1.74925e-05
8.42969e-06
4.38387e-06
3.63049e-06
4.1642e-06
4.89913e-06
4.95718e-06
3.2805e-06
0
0
0
0
0
0
3.56611e-06
6.06977e-06
5.30089e-06
3.40442e-06
2.06227e-06
1.30027e-06
8.8933e-07
6.77528e-07
5.91373e-07
5.93945e-07
6.68166e-07
8.11851e-07
1.01366e-06
1.2381e-06
1.42312e-06
1.51198e-06
1.48547e-06
1.4128e-06
1.41411e-06
1.57357e-06
1.93547e-06
2.47632e-06
3.11104e-06
3.69495e-06
4.09011e-06
4.22853e-06
4.12901e-06
3.83899e-06
2.54007e-06
0
0
0
0
0
0
0
0
0
0
0
0
0
0
0
0
0
0
0
0
0
0
0
0
0
0
0
0
0
0
0
0
0
0
0
0
0
2.31473e-07
6.67447e-07
6.8253e-07
3.85239e-07
0
0
0
0
0
0
0
0
0
0
0
0
2.66643e-07
5.26898e-07
1.4641e-07
0
0
0
0
0
0
0
0
0
0
0
2.78729e-07
1.21481e-07
0
0
0
0
0
0
0
0
0
0
1.27572e-07
0
1.75672e-07
0
0
0
0
0
0
0
0
0
0
0
0
0
0
0
0
0
0
0
0
0
0
0
0
0
0
0
0
7.2113e-07
1.49205e-06
2.23327e-06
2.91414e-06
3.50255e-06
4.00432e-06
4.45887e-06
4.8746e-06
5.15612e-06
5.33087e-06
5.55418e-06
5.80055e-06
5.58652e-06
5.13e-06
5.75005e-06
6.86271e-06
7.27098e-06
7.05129e-06
6.41932e-06
5.21269e-06
3.43508e-06
1.11052e-06
0
0
0
2.66801e-06
6.36556e-06
3.93806e-06
2.0713e-06
2.19985e-06
2.68235e-06
3.71512e-06
4.72556e-06
4.09297e-06
2.84242e-07
0
0
0
0
0
3.28689e-06
4.51469e-06
2.32663e-06
1.15928e-06
7.49038e-07
6.19948e-07
5.81214e-07
5.79669e-07
6.11121e-07
6.80153e-07
7.90464e-07
9.34468e-07
1.05373e-06
1.0598e-06
9.03716e-07
6.48757e-07
4.36192e-07
3.98247e-07
6.10219e-07
1.09627e-06
1.79596e-06
2.52556e-06
3.05422e-06
3.21139e-06
2.98321e-06
2.46895e-06
1.71709e-06
5.81551e-07
0
0
0
1.45399e-06
1.4089e-06
8.72254e-07
3.62245e-07
0
0
0
0
0
0
0
0
0
0
0
0
0
0
0
0
0
0
0
0
0
0
0
0
0
0
0
0
0
0
0
0
0
3.45704e-07
5.84466e-07
3.29927e-07
0
0
0
0
0
0
1.73134e-07
2.61537e-07
1.60201e-07
3.4024e-07
5.84119e-07
5.11458e-07
6.58971e-07
4.63715e-07
0
0
0
0
0
0
0
0
0
0
0
2.94148e-07
2.00828e-06
1.01625e-06
0
0
0
0
0
0
0
2.18676e-07
1.02803e-06
9.49955e-07
1.41263e-06
6.84951e-08
6.95036e-07
0
0
0
0
0
0
0
0
0
0
0
0
0
0
0
0
0
0
0
0
0
0
0
0
0
0
0
0
0
8.77757e-07
1.77078e-06
2.59754e-06
3.34045e-06
3.97722e-06
4.49201e-06
4.857e-06
5.11144e-06
5.35782e-06
5.72901e-06
6.206e-06
6.50104e-06
6.55294e-06
6.72698e-06
6.88072e-06
6.48981e-06
5.7148e-06
4.854e-06
3.83612e-06
2.52205e-06
6.39981e-07
0
0
0
2.28726e-06
1.31222e-06
1.87548e-06
3.43639e-06
4.23209e-06
4.90661e-06
5.97699e-06
6.97229e-06
4.63636e-06
0
0
0
0
0
0
0
0
0
0
0
1.02632e-07
5.20285e-07
7.59234e-07
9.08011e-07
1.01352e-06
1.0531e-06
9.53008e-07
6.94125e-07
3.49284e-07
5.34834e-08
0
2.99994e-08
4.11375e-07
1.01812e-06
1.67616e-06
2.12692e-06
2.20871e-06
1.96605e-06
1.53043e-06
1.0127e-06
4.33487e-07
0
0
0
0
0
2.16797e-06
1.32841e-07
0
0
0
0
0
0
0
0
0
0
0
3.15169e-08
6.99509e-07
4.78152e-07
0
0
0
0
0
0
0
0
0
0
0
0
0
0
0
0
0
0
0
0
0
0
2.94253e-07
2.86822e-07
0
0
0
0
0
0
6.71203e-07
1.68698e-06
2.34393e-06
2.73371e-06
3.02694e-06
3.29726e-06
2.22992e-06
1.04273e-06
0
0
0
0
0
0
0
0
0
0
0
0
8.84303e-07
0
0
0
0
0
0
0
0
1.61988e-06
2.68002e-06
2.61265e-06
2.50363e-06
1.41974e-06
7.84639e-07
0
0
0
0
0
0
0
0
0
0
0
0
0
0
0
0
0
0
0
0
0
0
0
0
0
0
0
6.17915e-07
1.57679e-06
2.38448e-06
3.12691e-06
3.85893e-06
4.60463e-06
5.32782e-06
5.98889e-06
6.48548e-06
6.73074e-06
6.71591e-06
6.45324e-06
6.05648e-06
5.68133e-06
5.50591e-06
5.62463e-06
5.84361e-06
5.57916e-06
4.87783e-06
3.97771e-06
2.95648e-06
1.47998e-06
0
0
0
1.23287e-07
2.9225e-07
3.50005e-06
7.94799e-06
8.20136e-06
7.64687e-06
8.3963e-06
1.06074e-05
1.3676e-05
1.27908e-05
1.95747e-06
0
0
0
0
0
0
0
0
0
0
3.67277e-07
9.48142e-07
1.20367e-06
1.23544e-06
1.07994e-06
7.29713e-07
2.99754e-07
0
0
0
0
2.62611e-07
7.93189e-07
1.29021e-06
1.51566e-06
1.42965e-06
1.16155e-06
8.47775e-07
5.40671e-07
2.59569e-07
5.00442e-08
0
0
0
0
0
0
0
0
0
0
0
0
0
0
0
0
0
0
0
4.64018e-07
1.20527e-06
4.40249e-07
0
0
0
0
0
0
0
0
0
0
0
0
0
0
0
0
0
0
0
0
0
0
4.3724e-07
5.01664e-08
0
0
0
0
9.37398e-07
2.51772e-06
3.81201e-06
4.78239e-06
5.42396e-06
5.96175e-06
6.59285e-06
6.3701e-06
3.55578e-06
8.95396e-07
0
0
0
0
0
0
0
0
0
0
0
0
0
0
0
0
0
0
0
0
1.62524e-06
2.97857e-06
2.92576e-06
2.28216e-06
1.15488e-06
5.43761e-07
0
0
0
0
0
0
0
0
0
0
0
0
0
0
0
0
0
0
0
0
0
0
0
0
0
0
0
0
0
0
2.61391e-07
8.00166e-07
1.41641e-06
2.18487e-06
3.24711e-06
4.63653e-06
6.15793e-06
7.43994e-06
8.13422e-06
8.16916e-06
7.50446e-06
6.34706e-06
5.14324e-06
4.39392e-06
4.17098e-06
4.12384e-06
3.84572e-06
3.02235e-06
1.13819e-06
0
0
0
3.65199e-06
9.1271e-06
1.22795e-05
1.19599e-05
9.53544e-06
8.40732e-06
1.01056e-05
1.39641e-05
1.42705e-05
7.24149e-06
2.82132e-06
3.17624e-07
0
0
0
0
0
0
0
0
2.83939e-07
1.27024e-06
1.65299e-06
1.48028e-06
9.64249e-07
3.41636e-07
0
0
0
0
0
1.65543e-07
5.41757e-07
8.29057e-07
8.96617e-07
8.14071e-07
7.00489e-07
6.18275e-07
5.71903e-07
5.43873e-07
5.89382e-07
8.70778e-07
1.41722e-06
1.57188e-06
0
0
0
1.34185e-06
2.61539e-06
1.27313e-06
0
0
0
0
0
0
0
0
0
0
0
0
0
3.48356e-07
0
0
0
0
0
0
0
0
0
0
0
0
0
0
0
0
0
0
0
0
0
0
1.69384e-06
2.33307e-06
2.28664e-06
2.56186e-06
3.53688e-06
4.87828e-06
5.90842e-06
6.59255e-06
7.09471e-06
7.53409e-06
7.91083e-06
8.48808e-06
9.67654e-06
1.02315e-05
9.99036e-06
5.35336e-06
1.37372e-06
0
0
0
0
0
1.29239e-06
2.99692e-06
3.03946e-06
1.33261e-08
0
0
0
0
0
1.72655e-06
4.10151e-06
4.36301e-06
1.41129e-06
0
7.58466e-07
2.53903e-06
2.51249e-06
1.61873e-06
4.41548e-07
8.29785e-08
0
0
0
0
0
0
0
0
0
0
0
0
0
0
0
0
0
0
0
0
0
3.44544e-07
1.52016e-06
2.0541e-06
1.65116e-06
3.15476e-07
0
0
0
0
0
8.62294e-08
7.64363e-07
5.57227e-07
0
0
0
5.06237e-07
3.9232e-06
6.77549e-06
8.16279e-06
8.36294e-06
7.58952e-06
6.07572e-06
4.12481e-06
2.47303e-06
1.84682e-06
1.34208e-06
0
0
0
0
1.10747e-05
1.10546e-05
9.9629e-06
8.50436e-06
6.30991e-06
6.41905e-06
7.62116e-06
7.3729e-06
5.44636e-06
3.65909e-06
2.24191e-06
9.08119e-07
0
0
0
0
0
0
0
3.1705e-07
1.76273e-06
2.41704e-06
1.97009e-06
8.93978e-07
0
0
0
0
0
0
1.49534e-07
4.10708e-07
5.25764e-07
4.40998e-07
3.28677e-07
3.48684e-07
4.78352e-07
6.38771e-07
7.85781e-07
9.21533e-07
1.0284e-06
1.16628e-06
1.43071e-06
6.49993e-07
0
0
0
1.81665e-05
1.44862e-05
9.3513e-06
5.90924e-06
3.28646e-06
8.79241e-07
0
0
0
0
0
0
0
0
0
0
7.54336e-07
8.78647e-07
0
0
0
0
0
0
0
0
0
0
0
0
0
0
0
7.38488e-08
5.19604e-07
1.46268e-06
2.68799e-06
3.8021e-06
4.47141e-06
5.71458e-06
9.3428e-06
1.12012e-05
1.1872e-05
1.20796e-05
1.17054e-05
1.10077e-05
1.03983e-05
9.91552e-06
9.54013e-06
9.4019e-06
9.83924e-06
1.15176e-05
1.25336e-05
1.2308e-05
1.15258e-05
1.00442e-05
6.79688e-06
4.08596e-06
2.70204e-06
2.38695e-06
2.99336e-06
4.50321e-06
6.38235e-06
7.45529e-06
5.87053e-06
1.47747e-06
0
1.05662e-06
5.78029e-06
7.4525e-06
8.52698e-06
8.39565e-06
8.03301e-06
6.61034e-06
0
0
1.97168e-06
1.93451e-06
7.12091e-07
0
0
0
0
0
0
0
0
0
0
0
0
0
0
0
0
0
0
0
0
0
2.91384e-06
6.61922e-06
1.07076e-05
1.42243e-05
1.58204e-05
1.36335e-05
6.95515e-06
0
0
0
0
0
2.38928e-06
5.5096e-06
7.03991e-06
6.65929e-06
4.12613e-06
0
0
0
0
2.56662e-06
6.01446e-06
7.20091e-06
7.06472e-06
5.92386e-06
3.82685e-06
2.48241e-07
0
0
0
0
0
1.37442e-06
3.70947e-06
3.83224e-06
3.7738e-06
3.21835e-06
3.35392e-06
3.3873e-06
3.11827e-06
2.58718e-06
1.97113e-06
1.28171e-06
6.13528e-07
0
0
0
0
0
0
0
1.44104e-06
3.103e-06
2.54908e-06
9.46264e-07
0
0
0
0
0
0
1.47577e-07
4.04548e-07
4.1908e-07
1.94596e-07
0
0
2.53763e-07
5.94398e-07
8.76396e-07
1.08272e-06
1.10791e-06
7.33318e-07
3.80338e-07
3.96216e-07
0
0
0
0
0
8.94636e-06
6.3472e-06
4.07359e-06
2.55656e-06
1.11837e-06
0
0
0
0
0
0
0
0
0
3.34459e-07
4.41378e-06
3.54936e-06
1.20374e-06
0
0
0
0
0
0
0
0
0
0
0
0
0
6.78461e-07
1.80738e-06
2.45273e-06
3.30731e-06
4.65914e-06
6.4789e-06
8.34083e-06
9.40694e-06
9.6009e-06
9.76962e-06
9.60699e-06
9.47579e-06
9.2731e-06
8.80339e-06
8.36332e-06
8.21379e-06
8.18677e-06
8.08232e-06
8.34157e-06
1.01263e-05
1.18864e-05
1.16758e-05
1.01501e-05
8.27608e-06
8.14184e-06
9.50483e-06
9.48912e-06
8.38023e-06
7.62217e-06
8.45947e-06
9.86425e-06
1.06683e-05
1.01049e-05
6.96975e-06
2.37664e-06
4.20967e-06
6.42207e-06
6.95056e-06
6.57938e-06
5.84181e-06
5.10205e-06
4.20343e-06
2.79328e-06
4.81789e-07
0
1.63086e-06
1.42727e-07
0
0
0
0
0
0
0
0
0
0
0
0
0
0
0
0
0
0
0
2.71685e-06
6.93229e-06
1.26849e-05
2.0346e-05
2.99225e-05
4.10868e-05
5.19825e-05
5.53882e-05
3.52573e-05
0
0
0
0
0
0
0
4.37117e-06
8.70288e-06
1.02178e-05
8.55874e-06
2.99645e-06
0
0
0
0
3.67588e-06
5.22492e-06
5.30372e-06
4.4741e-06
2.79907e-06
0
0
0
0
0
0
8.4256e-07
1.07976e-06
7.71374e-07
8.8964e-07
1.35571e-06
1.39726e-06
1.18066e-06
9.70529e-07
8.86702e-07
7.18648e-07
2.39922e-07
0
0
0
0
0
0
0
1.359e-06
1.79731e-06
5.35999e-07
0
0
0
0
0
0
9.83806e-08
4.99369e-07
5.18798e-07
2.3083e-07
0
0
0
3.09041e-07
7.23768e-07
1.00817e-06
1.10726e-06
7.77318e-07
0
0
0
0
0
0
0
0
0
0
0
0
0
0
0
0
0
0
0
0
0
7.04402e-06
9.99293e-06
9.11579e-06
6.88263e-06
3.3616e-06
6.69459e-08
0
0
0
0
0
0
0
0
0
0
0
0
0
2.30715e-06
4.05276e-06
5.22295e-06
6.54018e-06
8.09478e-06
9.89882e-06
1.14137e-05
1.15437e-05
1.06535e-05
9.56926e-06
8.40651e-06
7.55e-06
6.89026e-06
6.22803e-06
5.76413e-06
5.75449e-06
5.88988e-06
5.96621e-06
6.73768e-06
8.44915e-06
9.87583e-06
9.52217e-06
8.15708e-06
6.17169e-06
5.69556e-06
7.30424e-06
9.38548e-06
1.0643e-05
1.15973e-05
1.28862e-05
1.31359e-05
1.27495e-05
1.10545e-05
8.23046e-06
5.41565e-06
5.23209e-06
5.29771e-06
4.78165e-06
3.92502e-06
3.12674e-06
2.56488e-06
3.26719e-06
4.18626e-06
2.21018e-06
1.25149e-06
0
0
0
0
0
0
0
0
0
0
0
0
0
0
0
0
0
0
3.88482e-08
2.40378e-06
5.94601e-06
1.10287e-05
1.81422e-05
2.79104e-05
4.11194e-05
5.88366e-05
8.12405e-05
0.000100304
5.57275e-05
0
0
0
0
0
0
0
0
0
3.50611e-06
7.70623e-06
8.17859e-06
3.4203e-06
0
0
0
0
2.88595e-06
3.85378e-06
3.61719e-06
2.91633e-06
1.70322e-06
0
0
0
0
0
2.02505e-07
1.30803e-06
2.98762e-07
0
0
0
5.27119e-07
7.09899e-07
4.24375e-07
3.3848e-08
0
0
0
0
0
0
1.60565e-06
2.80171e-06
9.62254e-07
0
0
0
0
0
0
0
0
3.93448e-07
5.5013e-07
3.59455e-07
0
0
0
0
3.7325e-07
7.11582e-07
9.08737e-07
8.01376e-07
1.67776e-07
0
0
0
0
0
0
0
0
0
0
0
0
0
0
0
0
0
0
0
0
8.00418e-06
7.65763e-06
7.05424e-06
7.76497e-06
7.80593e-06
5.09659e-06
1.78345e-06
0
0
0
0
0
0
0
0
0
0
0
0
0
1.63347e-07
4.27952e-06
6.36809e-06
8.07899e-06
9.60888e-06
1.10135e-05
1.2273e-05
1.27593e-05
1.19992e-05
1.07709e-05
9.40862e-06
8.18585e-06
7.24177e-06
6.38402e-06
5.53352e-06
4.94742e-06
4.89102e-06
5.00225e-06
5.20819e-06
5.55092e-06
7.41743e-06
8.68387e-06
8.2945e-06
6.92414e-06
5.04508e-06
4.61579e-06
5.87518e-06
8.12368e-06
1.09157e-05
1.38128e-05
1.48313e-05
1.45877e-05
1.41193e-05
1.20121e-05
8.76944e-06
6.47202e-06
5.29994e-06
4.1953e-06
3.03552e-06
2.1209e-06
1.01858e-06
0
0
0
0
0
0
0
0
0
0
0
0
0
0
0
0
0
0
0
0
0
0
3.02033e-07
2.09631e-06
4.81648e-06
8.67567e-06
1.38532e-05
2.02274e-05
2.69438e-05
3.13391e-05
2.76386e-05
1.10077e-05
0
0
0
0
0
0
0
0
0
0
0
0
3.87415e-06
5.2464e-06
1.0783e-06
0
0
0
0
2.54308e-06
2.69675e-06
2.18877e-06
1.64015e-06
7.42191e-07
0
0
0
0
0
1.61515e-06
2.43156e-06
5.40091e-07
0
0
0
0
9.74612e-07
9.82551e-07
1.11835e-07
0
0
0
0
1.40629e-07
6.70195e-08
0
0
0
0
0
0
0
0
2.78932e-07
6.70248e-07
8.45355e-07
6.39231e-07
1.85136e-07
0
0
0
0
3.39215e-07
6.06275e-07
6.82027e-07
3.64291e-07
0
0
0
0
0
0
0
0
0
0
0
0
0
0
0
0
0
0
0
0
2.85202e-06
4.90632e-06
3.19154e-06
3.05952e-06
4.63242e-06
6.43969e-06
6.2988e-06
5.55892e-06
5.09113e-06
5.2079e-06
5.48502e-06
5.62306e-06
4.67506e-06
0
0
0
0
0
0
0
0
0
2.64379e-06
6.58679e-06
8.98138e-06
1.07483e-05
1.19626e-05
1.27858e-05
1.30414e-05
1.25987e-05
1.17279e-05
1.04876e-05
9.15891e-06
8.11408e-06
7.26811e-06
6.53616e-06
5.78831e-06
5.33399e-06
5.4912e-06
5.83299e-06
5.07397e-06
5.50688e-06
7.44997e-06
7.96494e-06
7.34647e-06
5.97153e-06
4.56567e-06
4.40755e-06
5.51126e-06
7.67512e-06
1.11573e-05
1.44763e-05
1.54941e-05
1.53029e-05
1.44042e-05
1.22477e-05
9.50935e-06
6.54226e-06
3.80155e-06
1.69073e-06
5.26178e-07
0
0
0
0
0
0
0
0
0
0
0
0
0
0
0
0
0
0
0
0
0
0
0
0
0
1.76139e-09
7.43524e-07
1.44615e-06
1.54175e-06
0
0
0
0
0
0
0
0
0
0
0
0
0
0
0
0
0
2.76642e-06
2.6653e-06
0
0
0
0
1.0616e-06
1.83717e-06
1.51009e-06
1.0213e-06
6.10136e-07
0
0
0
0
0
0
3.18413e-06
3.39039e-06
3.05608e-07
0
0
0
0
5.63108e-07
1.64641e-06
1.06587e-06
2.59795e-07
2.6137e-07
7.15556e-07
5.06479e-07
0
0
0
0
0
0
0
0
4.83559e-07
1.64595e-06
2.01236e-06
1.79284e-06
1.19393e-06
4.53225e-07
0
0
0
0
3.77598e-07
6.91062e-07
6.95111e-07
2.10543e-07
0
0
0
0
0
0
0
0
0
0
0
0
0
0
0
0
0
0
0
1.51315e-06
5.64459e-06
3.41619e-06
1.61211e-06
1.51846e-06
3.05606e-06
5.2681e-06
9.46997e-06
1.60939e-05
1.01696e-05
1.48409e-06
0
0
0
0
0
0
0
0
0
0
0
0
6.12061e-07
5.96368e-06
9.38166e-06
1.14711e-05
1.26211e-05
1.31746e-05
1.31053e-05
1.25555e-05
1.20059e-05
1.1145e-05
1.00132e-05
8.90429e-06
7.93458e-06
7.33392e-06
7.06377e-06
6.80684e-06
7.12694e-06
7.82385e-06
6.81035e-06
5.27167e-06
6.16665e-06
7.19985e-06
7.09877e-06
6.44779e-06
5.32577e-06
4.50602e-06
4.56989e-06
5.44078e-06
7.34421e-06
1.07686e-05
1.37558e-05
1.47228e-05
1.48174e-05
1.3825e-05
1.15665e-05
6.73041e-06
0
0
0
0
0
0
0
0
0
0
0
0
0
0
9.98788e-08
3.70086e-06
3.86806e-06
3.36198e-06
2.89992e-06
2.37582e-06
1.774e-06
1.1688e-06
6.75976e-07
2.92309e-07
0
0
0
0
0
0
0
0
0
0
0
0
0
0
0
0
0
0
0
0
0
0
0
0
0
1.72932e-06
2.25748e-06
0
0
0
0
6.77083e-07
1.21284e-06
9.27185e-07
4.99173e-07
1.50115e-07
0
0
0
0
0
0
3.54152e-07
3.39487e-06
3.24597e-06
0
0
0
0
0
0
4.64425e-07
1.12403e-06
0
0
0
0
0
0
0
0
0
0
0
0
9.54946e-07
2.27473e-06
2.44768e-06
1.78466e-06
7.72026e-07
0
0
0
0
3.9587e-07
9.23008e-07
9.85265e-07
4.02877e-07
0
0
0
0
1.74709e-06
2.60671e-06
1.08238e-06
0
0
0
0
0
0
0
0
3.69377e-07
1.10085e-06
1.37139e-06
2.10888e-06
5.88451e-06
6.55444e-06
3.51024e-06
1.93974e-06
1.96177e-06
3.36809e-06
6.60391e-06
2.06699e-05
8.36702e-06
0
0
0
0
0
0
0
0
0
0
0
0
0
0
7.44989e-07
5.81653e-06
1.00797e-05
1.24761e-05
1.36182e-05
1.39998e-05
1.37431e-05
1.28274e-05
1.21376e-05
1.1544e-05
1.05749e-05
9.49495e-06
8.49878e-06
7.87948e-06
7.8563e-06
8.13146e-06
8.81528e-06
9.96613e-06
9.72997e-06
7.28396e-06
5.75271e-06
6.33105e-06
6.55359e-06
6.36425e-06
5.90621e-06
5.24291e-06
4.79095e-06
4.70363e-06
5.01279e-06
5.86563e-06
8.08151e-06
1.17031e-05
1.38573e-05
1.30216e-05
7.96736e-06
0
0
0
0
0
0
5.60997e-07
5.10372e-07
0
1.24936e-06
4.16656e-08
0
0
0
1.6132e-07
9.73931e-07
5.23315e-06
6.69661e-06
6.56451e-06
6.06522e-06
5.43245e-06
4.56741e-06
3.56021e-06
2.667e-06
2.03631e-06
1.51514e-06
7.59772e-07
0
0
0
0
0
0
0
0
0
0
0
0
0
0
1.68358e-06
7.85195e-06
8.94053e-06
7.34576e-06
4.93931e-06
3.14164e-06
1.5392e-06
0
0
1.33963e-06
1.54664e-06
0
0
0
2.27172e-07
1.04845e-06
8.31691e-07
4.50527e-07
1.561e-07
0
0
0
0
0
0
0
0
0
1.96918e-06
1.62217e-06
0
0
0
0
0
0
0
0
0
0
0
0
0
0
0
0
0
0
0
0
0
1.25539e-06
1.49566e-06
8.87002e-07
0
0
0
0
1.54727e-07
9.20963e-07
1.19843e-06
8.41735e-07
0
0
0
4.79983e-07
4.41574e-06
6.95323e-06
7.34663e-06
3.21823e-06
0
0
0
0
0
0
0
1.11612e-06
2.0711e-06
2.64651e-06
4.35879e-06
8.36669e-06
6.90255e-06
4.49293e-06
3.58443e-06
4.00152e-06
5.54175e-06
1.16529e-05
4.82439e-06
0
0
0
0
0
0
0
0
0
0
0
0
0
0
0
2.67886e-06
7.13471e-06
1.13376e-05
1.36174e-05
1.45872e-05
1.47795e-05
1.44386e-05
1.33554e-05
1.22505e-05
1.15855e-05
1.06873e-05
9.62402e-06
8.71593e-06
8.18545e-06
8.21975e-06
8.66365e-06
9.47376e-06
1.08803e-05
1.13846e-05
1.00824e-05
6.77915e-06
5.74082e-06
5.89286e-06
5.99105e-06
6.06573e-06
5.97699e-06
5.56635e-06
4.91768e-06
4.09691e-06
2.48334e-06
1.16074e-06
4.87345e-06
1.0371e-05
9.92128e-06
0
0
0
0
0
0
1.16436e-06
2.70177e-06
2.79971e-06
1.53305e-06
1.23698e-06
3.97302e-06
2.11568e-07
0
1.58889e-06
2.71494e-06
4.04323e-06
5.89734e-06
7.72043e-06
8.0447e-06
7.94443e-06
7.52535e-06
6.77991e-06
5.78318e-06
4.72301e-06
3.8886e-06
3.33367e-06
2.84332e-06
2.0701e-06
6.60103e-07
0
0
0
0
0
0
0
0
0
0
0
1.23095e-05
2.66817e-05
2.42842e-05
1.80456e-05
1.20839e-05
7.44839e-06
4.37664e-06
2.07941e-06
3.57721e-08
0
7.38901e-07
9.33719e-07
0
0
1.0376e-08
2.04474e-06
1.30643e-06
4.93829e-07
3.24067e-08
0
0
0
0
0
0
0
0
0
0
0
0
0
0
0
0
0
0
0
0
1.01608e-08
0
0
0
0
0
0
0
0
0
0
0
0
0
0
2.27803e-07
0
0
0
0
0
5.13645e-07
1.09411e-06
1.20611e-06
6.71768e-07
0
8.13635e-08
2.77532e-06
7.39343e-06
1.22846e-05
1.46527e-05
1.45948e-05
1.47474e-05
0
0
0
0
0
0
2.10052e-06
3.12715e-06
3.85886e-06
6.57431e-06
1.01606e-05
8.49387e-06
7.13925e-06
7.20182e-06
7.9887e-06
1.07716e-05
6.17342e-06
1.91248e-06
0
0
0
0
0
0
0
0
0
0
0
0
0
0
0
2.89251e-06
8.72334e-06
1.31744e-05
1.52104e-05
1.5755e-05
1.56946e-05
1.52702e-05
1.41808e-05
1.27743e-05
1.18518e-05
1.08923e-05
9.72174e-06
8.76809e-06
8.35915e-06
8.50961e-06
9.04697e-06
9.80257e-06
1.12067e-05
1.19009e-05
1.15292e-05
8.74069e-06
6.01284e-06
5.54539e-06
5.7599e-06
6.22539e-06
6.69634e-06
6.61995e-06
5.74297e-06
4.13057e-06
1.11087e-06
0
0
3.12064e-06
2.84032e-06
0
0
0
0
0
0
2.27943e-06
4.00522e-06
3.92855e-06
1.92758e-06
0
2.03079e-06
2.88474e-06
0
6.83131e-06
5.94394e-06
4.4545e-06
4.48562e-06
5.92223e-06
7.38013e-06
7.77687e-06
7.73129e-06
7.29423e-06
6.49199e-06
5.58629e-06
4.73714e-06
4.07991e-06
3.61662e-06
3.17405e-06
2.49387e-06
1.30334e-06
0
0
0
0
0
0
0
0
0
0
6.21415e-05
4.4948e-05
2.86346e-05
1.78098e-05
1.06545e-05
6.09082e-06
3.23464e-06
1.16925e-06
0
0
7.53254e-07
1.09401e-06
1.44148e-06
2.65821e-06
4.34592e-06
3.19409e-06
1.32062e-06
2.99155e-07
0
0
0
0
0
0
0
0
0
0
0
0
0
0
0
0
0
0
0
0
0
0
0
0
0
0
0
0
0
0
0
0
0
0
0
0
0
0
0
0
0
0
0
5.23142e-07
1.12065e-06
1.49492e-06
1.84114e-06
3.13382e-06
6.12915e-06
1.09214e-05
1.73628e-05
2.23659e-05
2.5372e-05
2.83193e-05
0
0
0
0
0
0
3.19833e-06
4.29245e-06
5.25267e-06
8.75343e-06
1.1597e-05
1.091e-05
1.1236e-05
1.25787e-05
1.4682e-05
1.03149e-05
7.06309e-06
4.47566e-06
7.12989e-07
0
0
0
0
0
0
0
0
0
0
0
7.10541e-07
0
0
0
7.21567e-06
1.43823e-05
1.68627e-05
1.69813e-05
1.65297e-05
1.59083e-05
1.47628e-05
1.32752e-05
1.21242e-05
1.10869e-05
9.83838e-06
8.71311e-06
8.18021e-06
8.27102e-06
8.80033e-06
9.6338e-06
1.11215e-05
1.19711e-05
1.18514e-05
1.00134e-05
6.87886e-06
5.63455e-06
5.74315e-06
6.47294e-06
7.38103e-06
7.67637e-06
6.8083e-06
4.68174e-06
1.01406e-06
0
0
0
0
0
0
0
0
2.83016e-06
3.5977e-06
7.32608e-07
1.12231e-06
1.57535e-06
0
0
0
6.74737e-06
0
1.10039e-05
1.67482e-06
6.45091e-07
7.02593e-07
1.69777e-06
4.70954e-06
6.55429e-06
6.68462e-06
6.30977e-06
5.82134e-06
5.2328e-06
4.56662e-06
3.9653e-06
3.44571e-06
3.00489e-06
2.54726e-06
1.9297e-06
9.83287e-07
0
0
0
0
0
0
0
0
9.43076e-06
2.76947e-05
2.35459e-05
1.57537e-05
9.79224e-06
5.84488e-06
3.35548e-06
1.75732e-06
5.19408e-07
0
4.18281e-07
1.28256e-06
2.59853e-06
6.25988e-06
9.14791e-06
7.07232e-06
3.45767e-06
1.29063e-06
3.52638e-07
2.17797e-08
0
0
2.16991e-08
1.09847e-07
2.11788e-07
2.81694e-07
3.00626e-07
2.29797e-07
0
0
0
0
0
0
0
0
0
0
0
0
0
0
0
0
0
0
0
0
0
0
0
0
0
0
0
0
0
0
0
0
0
0
0
4.28393e-07
1.49539e-06
3.13487e-06
6.0199e-06
1.03797e-05
1.65297e-05
2.45888e-05
3.13109e-05
3.50461e-05
2.95646e-05
0
0
0
0
0
7.85493e-07
4.39627e-06
5.4472e-06
6.67643e-06
1.05702e-05
1.29552e-05
1.40814e-05
1.64284e-05
1.9632e-05
1.88079e-05
1.00915e-05
9.29126e-06
7.01003e-06
3.27977e-06
0
0
0
0
0
0
0
0
0
0
6.28516e-06
1.22521e-05
1.34384e-05
8.12667e-06
0
0
1.28788e-05
1.79398e-05
1.80299e-05
1.71864e-05
1.62633e-05
1.50179e-05
1.35848e-05
1.22484e-05
1.10739e-05
9.85397e-06
8.7417e-06
8.09131e-06
7.94171e-06
8.13554e-06
8.74035e-06
1.03159e-05
1.15288e-05
1.15559e-05
1.02394e-05
7.58935e-06
5.96357e-06
5.92655e-06
6.8335e-06
8.03875e-06
8.61003e-06
7.87787e-06
5.56419e-06
1.70425e-06
0
0
0
0
0
0
2.52455e-06
4.95238e-06
6.43756e-06
6.06387e-06
0
0
0
0
0
0
1.33036e-06
3.02657e-06
1.39963e-05
2.78121e-06
1.91944e-06
9.8989e-07
7.77424e-07
1.83766e-06
3.93982e-06
4.33841e-06
4.03814e-06
3.75399e-06
3.54715e-06
3.32053e-06
3.00436e-06
2.63409e-06
2.27266e-06
1.92571e-06
1.55109e-06
1.08246e-06
4.40315e-07
0
0
0
0
0
0
0
3.02973e-06
6.65928e-06
6.98769e-06
5.63904e-06
3.99589e-06
2.62533e-06
1.80748e-06
1.2142e-06
6.80931e-07
7.3409e-07
1.51916e-06
3.12852e-06
7.58623e-06
1.28751e-05
1.18213e-05
7.27275e-06
3.17169e-06
1.40239e-06
6.76609e-07
4.30424e-07
3.9611e-07
4.13591e-07
4.57742e-07
5.18785e-07
5.50359e-07
5.69335e-07
5.73045e-07
5.22485e-07
4.97616e-07
2.01571e-07
0
0
0
0
0
0
0
0
0
0
0
0
0
0
0
0
0
0
0
0
0
0
0
0
0
0
0
0
0
0
0
0
0
0
6.20209e-07
2.83376e-06
7.01866e-06
1.3083e-05
2.15426e-05
3.14573e-05
4.00233e-05
4.11235e-05
2.4991e-05
0
0
0
0
0
2.38636e-06
5.60199e-06
6.48411e-06
7.86626e-06
1.1833e-05
1.50868e-05
1.82234e-05
2.3133e-05
2.73055e-05
1.06425e-05
1.17848e-05
1.09613e-05
9.18206e-06
5.72104e-06
2.26685e-06
0
0
0
0
0
0
0
0
4.92593e-06
1.4759e-05
2.45213e-05
3.00972e-05
3.12719e-05
1.51855e-05
0
5.90061e-06
1.75621e-05
1.86386e-05
1.7506e-05
1.62339e-05
1.50094e-05
1.37022e-05
1.22601e-05
1.08659e-05
9.63361e-06
8.70311e-06
8.19541e-06
7.98687e-06
7.85279e-06
7.85731e-06
8.96337e-06
1.03805e-05
1.06872e-05
9.76232e-06
7.73646e-06
6.24443e-06
6.1961e-06
7.21535e-06
8.57025e-06
9.31429e-06
8.84167e-06
6.68533e-06
2.93403e-06
0
0
0
0
0
0
3.53803e-06
6.0319e-06
6.84617e-06
6.12503e-06
0
0
0
0
0
0
0
6.70776e-06
2.98732e-05
1.03653e-05
5.24212e-06
2.54159e-06
1.84413e-06
2.34528e-06
2.05349e-06
1.84766e-06
1.89206e-06
1.83992e-06
1.81122e-06
1.77146e-06
1.64758e-06
1.42334e-06
1.148e-06
8.84411e-07
6.38182e-07
3.81672e-07
8.92325e-08
0
0
0
0
0
0
0
7.47389e-07
1.65244e-06
2.03813e-06
2.08007e-06
1.87189e-06
1.72921e-06
1.79807e-06
1.72451e-06
1.62218e-06
2.05668e-06
3.68524e-06
8.14891e-06
1.33826e-05
1.26917e-05
1.14451e-05
6.23906e-06
3.0038e-06
1.73938e-06
1.18677e-06
9.74342e-07
9.22477e-07
9.08421e-07
9.70078e-07
1.02274e-06
9.65311e-07
8.06079e-07
6.59976e-07
5.77601e-07
5.49175e-07
4.09801e-07
0
0
0
0
0
0
0
0
0
0
0
0
0
0
0
0
0
0
0
0
0
0
0
0
0
0
0
0
0
0
0
0
0
0
1.6227e-08
1.85371e-06
5.75439e-06
1.22056e-05
2.14059e-05
3.17426e-05
4.06853e-05
3.74276e-05
1.42246e-05
0
0
0
0
0
3.91788e-06
6.48262e-06
6.98562e-06
8.46318e-06
1.31367e-05
1.77824e-05
2.30836e-05
2.91358e-05
1.06655e-05
1.19813e-05
1.2697e-05
1.23292e-05
1.11083e-05
8.08414e-06
5.01099e-06
2.31424e-06
0
0
0
0
0
0
1.54244e-07
9.4125e-06
2.23803e-05
3.53471e-05
4.43784e-05
5.18091e-05
5.96234e-05
0
0
1.49511e-05
1.84502e-05
1.7302e-05
1.58719e-05
1.47312e-05
1.36227e-05
1.22339e-05
1.06345e-05
9.24596e-06
8.46173e-06
8.2417e-06
8.20084e-06
8.00834e-06
7.57084e-06
7.8507e-06
8.91352e-06
9.34417e-06
8.77971e-06
7.38525e-06
6.29965e-06
6.37617e-06
7.48332e-06
8.93326e-06
9.83824e-06
9.64011e-06
7.87165e-06
4.4833e-06
8.02328e-07
0
0
0
0
0
2.90919e-06
5.56502e-06
6.09092e-06
5.24955e-06
0
0
0
0
0
5.49262e-07
0
0
1.27611e-05
1.68524e-05
4.75398e-06
1.51958e-06
1.24871e-06
1.52455e-06
8.48825e-07
0
0
0
0
0
7.12914e-08
0
0
0
0
0
0
0
0
0
0
0
0
2.26796e-07
5.80245e-07
9.84522e-07
1.35912e-06
1.69681e-06
1.93891e-06
2.31099e-06
2.67319e-06
2.7431e-06
2.89991e-06
4.3108e-06
8.60489e-06
1.2297e-05
1.13488e-05
1.20553e-05
1.02208e-05
5.21301e-06
3.07837e-06
2.21486e-06
1.77745e-06
1.57215e-06
1.48037e-06
1.40871e-06
1.4533e-06
1.51368e-06
1.41442e-06
1.1248e-06
7.07597e-07
4.1907e-07
3.5689e-07
3.25736e-07
0
0
0
0
0
0
0
0
0
0
0
0
0
0
0
0
0
0
0
0
0
0
0
0
0
0
0
0
0
0
0
0
0
0
4.44556e-07
2.02346e-06
5.03165e-06
1.03679e-05
1.79242e-05
2.65724e-05
3.20099e-05
2.48371e-05
5.69753e-06
0
0
0
0
0
4.96714e-06
6.65416e-06
6.47249e-06
8.74396e-06
1.48466e-05
2.06435e-05
2.63149e-05
1.4532e-05
8.89774e-06
1.31762e-05
1.32584e-05
1.3476e-05
1.2806e-05
1.03106e-05
7.70693e-06
5.15151e-06
0
0
0
0
0
0
3.09811e-06
1.3287e-05
2.98579e-05
4.53454e-05
5.61046e-05
6.56848e-05
8.73793e-05
0.000107478
0
9.94493e-06
1.72482e-05
1.65277e-05
1.51345e-05
1.4152e-05
1.33128e-05
1.21396e-05
1.05231e-05
8.9555e-06
8.11831e-06
8.12288e-06
8.32682e-06
8.25148e-06
7.71243e-06
7.36907e-06
7.71374e-06
7.91853e-06
7.55314e-06
6.68661e-06
6.07306e-06
6.3788e-06
7.61041e-06
9.15157e-06
1.01603e-05
1.01947e-05
8.91644e-06
6.07396e-06
2.2418e-06
0
0
0
0
0
1.24748e-06
4.27944e-06
4.87887e-06
4.01601e-06
0
0
0
0
0
2.7589e-06
8.03066e-06
0
0
1.33852e-05
0
0
0
0
0
0
0
0
0
0
0
0
0
0
0
0
0
0
0
0
0
0
0
0
7.18441e-08
7.13301e-07
1.45834e-06
2.07874e-06
2.64571e-06
3.28091e-06
3.68502e-06
3.88526e-06
5.05243e-06
8.70425e-06
1.04034e-05
9.63593e-06
1.06933e-05
1.26111e-05
8.05923e-06
4.63011e-06
3.33548e-06
2.74385e-06
2.40743e-06
2.20029e-06
2.04557e-06
1.90483e-06
1.91131e-06
1.99237e-06
1.88493e-06
1.58282e-06
9.87244e-07
3.39556e-07
4.62425e-08
8.78353e-08
0
0
0
0
0
0
0
0
0
0
0
0
0
0
0
0
0
0
0
0
0
0
0
0
0
0
0
0
0
0
0
0
0
0
1.35032e-06
3.20025e-06
5.8257e-06
9.82469e-06
1.46255e-05
1.94491e-05
2.03022e-05
1.38753e-05
2.84984e-06
0
0
0
0
1.57248e-06
5.01922e-06
5.42578e-06
4.8888e-06
9.64644e-06
1.65221e-05
2.20087e-05
1.77598e-05
2.30363e-06
1.17377e-05
1.37001e-05
1.37522e-05
1.44119e-05
1.42652e-05
1.23364e-05
1.0242e-05
7.7142e-06
0
9.75624e-07
2.51275e-06
2.81127e-06
3.14509e-06
3.84577e-06
6.25808e-06
1.62699e-05
3.70869e-05
5.57701e-05
6.60366e-05
7.44372e-05
9.58153e-05
0.000152801
2.45303e-05
5.75923e-06
1.50482e-05
1.51424e-05
1.3979e-05
1.32511e-05
1.27485e-05
1.18823e-05
1.04572e-05
8.91819e-06
7.95499e-06
7.96468e-06
8.34779e-06
8.42586e-06
7.96e-06
7.31024e-06
6.99916e-06
6.75711e-06
6.37751e-06
5.84894e-06
5.63022e-06
6.18388e-06
7.54518e-06
9.18216e-06
1.02773e-05
1.04933e-05
9.64883e-06
7.37302e-06
3.37853e-06
0
0
0
0
0
0
2.25658e-06
3.33834e-06
2.63116e-06
0
0
0
0
0
0
6.49739e-06
0
7.42831e-06
1.71021e-05
0
0
0
0
0
0
0
0
0
0
0
0
0
0
0
0
0
0
0
0
0
0
0
0
4.31557e-07
1.55181e-06
2.4829e-06
3.15713e-06
3.82171e-06
4.39126e-06
4.80917e-06
5.97183e-06
8.44052e-06
8.59791e-06
8.33728e-06
9.51138e-06
1.31199e-05
1.06348e-05
6.17883e-06
4.41788e-06
3.66311e-06
3.28565e-06
3.09284e-06
2.87759e-06
2.64353e-06
2.44531e-06
2.41903e-06
2.47733e-06
2.34586e-06
2.07658e-06
1.50349e-06
5.98193e-07
0
0
0
0
0
0
0
0
0
0
0
0
0
0
0
0
0
0
0
0
0
0
0
0
0
0
0
0
0
0
0
0
0
0
0
0
1.72695e-06
4.13809e-06
6.67666e-06
9.27991e-06
1.15466e-05
1.30872e-05
1.19514e-05
7.46403e-06
0
0
0
0
0
1.65066e-06
3.26364e-06
2.12085e-06
3.67939e-06
1.11819e-05
1.72656e-05
1.76587e-05
0
7.07034e-06
1.32739e-05
1.38721e-05
1.41784e-05
1.51464e-05
1.5456e-05
1.4096e-05
1.25109e-05
1.01133e-05
4.47869e-06
6.16769e-06
6.33663e-06
6.34888e-06
6.6235e-06
7.45721e-06
9.4254e-06
1.80249e-05
4.34469e-05
6.7327e-05
7.48846e-05
7.94497e-05
9.50931e-05
0.000135258
9.40832e-05
1.08347e-05
1.25287e-05
1.31503e-05
1.23844e-05
1.20392e-05
1.19381e-05
1.14321e-05
1.03247e-05
9.00723e-06
8.04678e-06
7.94898e-06
8.4035e-06
8.58979e-06
8.20563e-06
7.41349e-06
6.66477e-06
5.97334e-06
5.43798e-06
5.05626e-06
5.09846e-06
5.85191e-06
7.31383e-06
9.03299e-06
1.02026e-05
1.05274e-05
9.95992e-06
8.07428e-06
4.016e-06
0
0
0
0
0
0
0
1.73667e-06
1.34422e-06
0
0
0
0
0
0
0
0
1.1367e-05
5.28118e-06
0
0
0
0
0
0
0
0
0
0
0
0
0
0
0
0
0
0
0
0
0
0
0
7.05239e-07
1.48779e-06
2.07104e-06
2.60448e-06
3.342e-06
4.22299e-06
5.07873e-06
7.31582e-06
9.09248e-06
8.06101e-06
7.86733e-06
8.96821e-06
1.31055e-05
1.17203e-05
7.13865e-06
5.26157e-06
4.45369e-06
4.05283e-06
3.90367e-06
3.78253e-06
3.54514e-06
3.24855e-06
3.00341e-06
2.94302e-06
2.92887e-06
2.7151e-06
2.44838e-06
1.99409e-06
1.06386e-06
0
0
0
0
0
0
0
0
0
0
0
0
0
0
0
0
0
0
0
0
0
0
0
0
0
0
0
0
0
0
0
0
0
0
0
1.60511e-07
2.07892e-06
4.49214e-06
6.58858e-06
7.79252e-06
8.26793e-06
7.93714e-06
6.29093e-06
2.48136e-06
0
0
0
0
0
0
0
0
4.69059e-06
1.22637e-05
1.47763e-05
3.43859e-06
0
1.09242e-05
1.36973e-05
1.38142e-05
1.43823e-05
1.55912e-05
1.62507e-05
1.542e-05
1.4278e-05
1.21063e-05
8.95254e-06
9.66525e-06
9.07278e-06
8.81224e-06
8.96007e-06
9.97366e-06
1.19422e-05
1.74507e-05
4.72971e-05
8.07545e-05
8.24572e-05
8.04731e-05
8.90081e-05
0.000112593
0.00010338
2.75467e-05
1.12203e-05
1.06661e-05
1.03324e-05
1.04747e-05
1.08156e-05
1.07274e-05
9.98282e-06
9.00501e-06
8.21609e-06
7.9948e-06
8.33382e-06
8.55098e-06
8.29349e-06
7.51962e-06
6.47751e-06
5.45994e-06
4.73308e-06
4.3832e-06
4.571e-06
5.43196e-06
6.92565e-06
8.6653e-06
9.86785e-06
1.02126e-05
9.73537e-06
7.97782e-06
3.88583e-06
0
0
0
0
0
0
0
4.09757e-07
1.02434e-06
7.53845e-07
0
0
0
0
0
0
0
7.77579e-06
3.90039e-06
0
0
0
0
0
0
0
0
0
0
0
0
0
0
0
0
0
0
0
0
0
0
0
0
8.74429e-07
2.30775e-06
3.34754e-06
4.09811e-06
5.47698e-06
8.55199e-06
9.38744e-06
8.56079e-06
8.17373e-06
8.98083e-06
1.30046e-05
1.10724e-05
7.24613e-06
5.6805e-06
5.0206e-06
4.58403e-06
4.49891e-06
4.51326e-06
4.36158e-06
4.06662e-06
3.74242e-06
3.46683e-06
3.37613e-06
3.26225e-06
2.93045e-06
2.61612e-06
2.25943e-06
1.46965e-06
2.64544e-07
0
0
0
0
0
0
0
0
0
0
0
0
0
0
0
0
0
0
0
0
0
0
0
0
0
0
0
0
0
0
0
0
0
0
2.06231e-06
3.98579e-06
5.35381e-06
5.83761e-06
5.55433e-06
4.7775e-06
3.78017e-06
2.6622e-06
5.1093e-07
0
0
2.32113e-07
0
0
0
0
0
7.05812e-06
1.12831e-05
6.24351e-06
0
5.76586e-06
1.22755e-05
1.31891e-05
1.32917e-05
1.40167e-05
1.5362e-05
1.62074e-05
1.58325e-05
1.50178e-05
1.3068e-05
1.12539e-05
1.147e-05
1.05886e-05
1.00458e-05
9.98857e-06
1.10471e-05
1.30736e-05
1.45054e-05
3.73209e-05
9.55553e-05
8.57037e-05
7.55374e-05
7.73625e-05
8.91425e-05
8.56257e-05
4.0756e-05
1.24621e-05
8.00811e-06
7.77036e-06
8.4041e-06
9.22375e-06
9.60417e-06
9.2828e-06
8.65684e-06
8.14646e-06
7.88805e-06
7.95956e-06
8.14631e-06
7.9879e-06
7.30525e-06
6.16024e-06
4.97922e-06
4.12308e-06
3.76273e-06
3.99201e-06
4.84218e-06
6.25194e-06
7.89899e-06
9.04058e-06
9.30242e-06
8.73554e-06
6.86984e-06
2.70497e-06
0
0
0
0
0
0
0
0
2.39591e-06
3.366e-06
0
0
0
0
0
0
0
1.69524e-06
1.7005e-06
0
0
0
0
0
0
0
0
0
0
0
0
0
0
0
0
0
0
0
0
0
0
0
0
1.80696e-06
4.05339e-06
4.67809e-06
2.81125e-06
4.58291e-06
6.80418e-06
7.58647e-06
7.98121e-06
9.60354e-06
1.26846e-05
9.58089e-06
6.88498e-06
5.80204e-06
5.35987e-06
4.95067e-06
4.69459e-06
4.88467e-06
4.9096e-06
4.71227e-06
4.40876e-06
4.08633e-06
3.80578e-06
3.67964e-06
3.43231e-06
2.98841e-06
2.61323e-06
2.30828e-06
1.6988e-06
5.6284e-07
0
0
0
0
0
0
0
0
0
0
0
0
0
0
0
0
0
0
0
0
0
0
0
0
0
0
0
0
0
0
0
0
0
0
1.88833e-06
7.41086e-06
8.35494e-06
6.22662e-06
4.31399e-06
2.77436e-06
1.90572e-06
1.74777e-06
1.30024e-06
1.15521e-06
1.0858e-06
0
0
0
0
0
1.1163e-06
8.85799e-06
7.08265e-06
0
2.27289e-07
1.01905e-05
1.28477e-05
1.30517e-05
1.32553e-05
1.39627e-05
1.535e-05
1.63298e-05
1.63561e-05
1.57341e-05
1.39825e-05
1.2854e-05
1.29297e-05
1.1899e-05
1.10175e-05
1.06857e-05
1.17803e-05
1.41702e-05
1.42093e-05
7.65129e-06
9.38489e-05
8.35992e-05
6.87801e-05
6.66841e-05
7.12546e-05
6.78096e-05
4.39207e-05
1.62426e-05
6.07784e-06
5.13868e-06
6.29738e-06
7.78992e-06
8.77639e-06
8.94997e-06
8.66275e-06
8.37901e-06
8.16064e-06
7.98981e-06
8.08384e-06
7.91187e-06
7.27402e-06
6.16783e-06
4.90706e-06
3.92611e-06
3.49367e-06
3.70097e-06
4.50037e-06
5.8113e-06
7.35868e-06
8.43839e-06
8.55149e-06
7.71208e-06
5.42215e-06
8.0662e-07
0
0
0
0
0
0
0
0
3.60903e-06
4.15977e-06
1.13338e-06
0
0
0
0
0
0
1.40427e-06
5.53734e-07
0
0
0
0
1.21721e-07
0
0
0
0
0
0
0
0
0
0
0
0
0
0
0
0
0
0
0
0
0
0
0
2.6511e-06
4.78962e-06
6.58107e-06
1.03542e-05
1.18674e-05
8.31829e-06
6.4987e-06
5.7869e-06
5.47555e-06
5.09518e-06
4.72221e-06
4.82248e-06
5.04189e-06
5.01465e-06
4.82552e-06
4.5634e-06
4.27874e-06
4.0276e-06
3.83577e-06
3.42406e-06
2.87615e-06
2.44071e-06
2.14465e-06
1.7044e-06
7.75769e-07
0
0
0
0
0
0
0
0
0
0
0
0
0
0
0
0
0
0
0
0
0
0
0
0
0
0
0
0
0
0
0
0
0
0
0
4.41959e-06
1.37743e-05
9.15388e-06
4.98156e-06
2.64732e-06
1.73964e-06
1.68244e-06
1.56022e-06
9.91491e-07
0
0
0
0
0
0
6.5475e-06
7.77227e-06
0
0
6.87087e-06
1.17167e-05
1.2471e-05
1.25614e-05
1.2636e-05
1.32463e-05
1.4573e-05
1.56372e-05
1.59874e-05
1.55155e-05
1.40849e-05
1.34377e-05
1.35328e-05
1.24127e-05
1.10886e-05
1.0357e-05
1.1343e-05
1.4298e-05
1.54393e-05
2.54148e-06
0
5.23252e-05
5.08587e-05
4.98079e-05
5.12087e-05
4.76115e-05
3.47214e-05
1.55553e-05
3.67782e-06
1.84697e-06
3.62716e-06
5.92883e-06
7.54413e-06
8.16227e-06
8.1766e-06
8.10037e-06
7.93902e-06
7.68549e-06
7.64003e-06
7.34496e-06
6.75222e-06
5.77172e-06
4.59696e-06
3.62335e-06
3.14834e-06
3.29004e-06
3.95569e-06
5.03593e-06
6.28347e-06
7.13515e-06
7.00569e-06
5.84158e-06
3.17546e-06
0
0
0
0
0
0
0
0
0
2.74402e-06
3.44439e-06
8.11147e-07
0
0
0
0
0
0
7.00829e-07
0
0
4.66713e-08
2.75295e-07
4.32343e-07
7.20625e-07
0
0
0
0
0
0
0
0
0
0
0
0
0
0
0
0
0
0
0
0
0
0
1.12751e-06
3.0849e-06
5.68474e-06
1.03599e-05
9.45021e-06
6.88968e-06
5.77063e-06
5.33259e-06
5.1176e-06
4.82235e-06
4.59323e-06
4.64018e-06
4.74257e-06
4.86057e-06
4.84224e-06
4.71824e-06
4.53813e-06
4.3133e-06
4.10872e-06
3.76252e-06
3.21892e-06
2.60874e-06
2.13406e-06
1.82181e-06
1.50606e-06
8.4127e-07
0
0
0
0
0
0
0
0
0
0
0
0
0
0
0
0
0
0
0
0
0
0
0
0
0
0
0
0
0
0
0
0
0
0
0
0
8.2722e-06
1.6934e-05
8.07539e-06
3.88043e-06
2.14074e-06
1.34644e-06
6.08531e-07
0
0
0
0
0
0
4.82739e-06
9.70662e-06
2.61009e-06
0
3.50063e-06
1.02459e-05
1.18924e-05
1.21809e-05
1.22022e-05
1.22401e-05
1.27145e-05
1.40137e-05
1.51874e-05
1.57681e-05
1.53629e-05
1.42141e-05
1.38391e-05
1.39982e-05
1.2786e-05
1.10674e-05
9.88438e-06
1.05853e-05
1.42083e-05
1.6873e-05
1.02312e-05
0
1.9067e-06
2.72104e-05
3.21852e-05
3.36074e-05
3.07704e-05
2.27645e-05
1.07231e-05
9.38364e-07
0
1.34505e-06
4.62257e-06
6.77011e-06
7.59083e-06
7.77146e-06
7.88043e-06
7.83262e-06
7.73098e-06
7.50214e-06
7.01547e-06
6.38546e-06
5.46568e-06
4.3675e-06
3.44207e-06
2.96164e-06
3.05066e-06
3.58761e-06
4.42863e-06
5.33294e-06
5.87915e-06
5.47003e-06
3.96568e-06
1.00775e-06
0
0
0
0
0
0
0
0
0
1.00014e-06
1.91584e-06
0
0
0
0
0
0
0
2.82688e-07
0
0
1.13925e-07
0
0
9.78747e-08
0
0
0
0
0
0
0
0
0
0
0
0
0
0
0
0
0
0
0
0
1.08597e-07
1.67176e-06
3.05777e-06
5.4793e-06
7.40411e-06
5.74411e-06
4.81784e-06
4.47008e-06
4.41001e-06
4.43317e-06
4.44379e-06
4.4857e-06
4.55474e-06
4.50782e-06
4.4221e-06
4.50809e-06
4.58571e-06
4.57776e-06
4.49398e-06
4.31511e-06
3.97006e-06
3.47892e-06
2.86948e-06
2.24815e-06
1.76215e-06
1.43442e-06
1.18273e-06
7.5267e-07
0
0
0
0
0
0
0
0
0
0
0
0
0
0
0
0
0
0
0
0
0
0
0
0
0
0
0
0
0
0
0
0
0
0
0
0
0
1.58124e-05
1.46052e-05
7.32143e-06
4.07816e-06
2.33023e-06
1.19823e-06
0
0
0
0
0
1.22013e-05
1.74271e-05
8.03039e-06
0
4.35543e-07
8.55596e-06
1.11619e-05
1.16175e-05
1.19224e-05
1.19569e-05
1.19881e-05
1.22865e-05
1.35249e-05
1.48356e-05
1.55365e-05
1.51237e-05
1.42088e-05
1.40344e-05
1.42634e-05
1.29209e-05
1.09551e-05
9.55598e-06
9.91956e-06
1.39329e-05
1.78765e-05
1.52588e-05
0
0
4.56506e-06
1.48991e-05
1.81846e-05
1.66486e-05
1.10709e-05
3.15887e-06
0
0
0
3.94573e-06
6.42824e-06
7.24722e-06
7.53738e-06
7.78129e-06
7.85355e-06
7.9268e-06
7.4748e-06
6.72735e-06
5.96416e-06
5.03997e-06
4.01453e-06
3.18733e-06
2.76675e-06
2.83396e-06
3.23908e-06
3.79833e-06
4.29025e-06
4.41484e-06
3.68772e-06
1.92197e-06
0
0
0
0
0
0
0
0
0
0
0
0
0
0
0
0
0
0
0
9.18586e-07
9.92791e-07
9.54241e-08
0
0
0
0
2.22248e-07
0
0
0
0
0
0
0
0
0
0
0
0
0
0
0
0
0
0
0
1.01273e-06
2.93398e-06
4.2364e-06
3.42012e-06
3.04431e-06
3.05015e-06
3.29816e-06
3.67339e-06
4.06845e-06
4.34058e-06
4.39209e-06
4.29604e-06
4.15667e-06
3.99498e-06
3.93753e-06
4.16509e-06
4.38681e-06
4.49184e-06
4.42308e-06
4.0844e-06
3.61344e-06
3.05073e-06
2.44109e-06
1.84791e-06
1.37589e-06
1.04133e-06
8.1255e-07
5.42358e-07
0
0
0
0
0
0
0
0
0
0
0
0
0
0
0
0
0
0
0
0
0
0
0
0
0
0
0
0
0
0
0
0
0
0
0
0
0
0
1.12982e-05
1.04797e-05
7.1441e-06
5.25398e-06
4.45878e-06
4.36634e-06
4.86501e-06
5.87046e-06
1.42013e-05
7.84802e-05
6.16459e-05
2.72197e-05
0
0
6.61433e-06
1.03417e-05
1.10373e-05
1.14133e-05
1.16906e-05
1.17295e-05
1.17171e-05
1.18831e-05
1.3101e-05
1.45249e-05
1.52276e-05
1.47623e-05
1.40522e-05
1.40561e-05
1.4302e-05
1.27882e-05
1.07725e-05
9.64387e-06
9.95267e-06
1.35299e-05
1.83599e-05
1.79236e-05
8.46047e-06
0
0
1.55862e-06
5.73955e-06
5.31504e-06
1.26722e-06
0
0
0
0
4.41187e-06
6.81351e-06
7.3515e-06
7.60595e-06
7.87673e-06
8.00828e-06
8.17202e-06
7.45669e-06
6.39417e-06
5.39125e-06
4.38614e-06
3.42514e-06
2.73592e-06
2.44563e-06
2.53455e-06
2.79864e-06
3.02019e-06
3.03357e-06
2.67221e-06
1.62079e-06
0
0
0
0
0
0
0
0
0
0
0
0
0
0
0
0
0
0
0
0
0
0
0
0
3.44254e-06
3.55987e-06
1.91699e-06
3.73691e-07
0
0
0
0
0
0
0
0
0
0
0
0
0
0
0
0
0
0
2.08936e-07
1.60547e-06
1.97688e-06
2.10836e-06
2.27046e-06
2.54657e-06
2.9521e-06
3.44587e-06
3.86298e-06
4.00366e-06
3.88942e-06
3.6871e-06
3.53705e-06
3.44773e-06
3.43466e-06
3.64995e-06
4.04794e-06
4.34606e-06
4.35955e-06
4.08438e-06
3.66261e-06
3.09631e-06
2.54062e-06
1.9836e-06
1.44772e-06
1.01334e-06
6.93392e-07
4.70609e-07
2.77598e-07
0
0
0
0
0
0
0
0
0
0
0
0
0
0
0
0
0
0
0
0
0
0
0
0
0
0
0
0
0
0
0
0
0
0
0
0
0
0
0
4.82746e-06
5.83266e-06
5.43928e-06
5.33208e-06
5.86185e-06
7.36577e-06
1.12385e-05
2.32409e-05
5.39564e-05
8.27907e-05
2.66889e-05
0
3.39338e-06
9.30978e-06
1.04062e-05
1.08148e-05
1.12842e-05
1.14991e-05
1.14919e-05
1.13522e-05
1.14591e-05
1.27619e-05
1.42477e-05
1.48463e-05
1.43111e-05
1.37845e-05
1.39272e-05
1.41009e-05
1.24292e-05
1.07034e-05
1.02955e-05
1.09678e-05
1.31411e-05
1.78293e-05
1.88885e-05
1.23591e-05
1.45833e-06
0
0
0
0
0
0
0
0
0
6.97014e-06
8.03052e-06
7.86638e-06
7.87962e-06
8.0952e-06
8.35678e-06
8.43802e-06
7.41822e-06
6.03009e-06
4.72457e-06
3.58212e-06
2.66466e-06
2.12829e-06
2.00299e-06
2.12957e-06
2.22209e-06
2.05753e-06
1.56918e-06
7.33891e-07
0
0
0
0
0
0
0
0
0
0
3.53159e-09
0
0
0
0
0
0
0
0
0
0
0
0
0
0
0
0
0
0
0
0
0
0
0
0
0
0
0
0
0
0
0
0
0
0
0
9.744e-07
1.41253e-06
1.59907e-06
1.75626e-06
1.94602e-06
2.18204e-06
2.48047e-06
2.80427e-06
3.00975e-06
3.04603e-06
2.9749e-06
2.96426e-06
3.03131e-06
3.1192e-06
3.19105e-06
3.33659e-06
3.72985e-06
4.11542e-06
4.14912e-06
3.90537e-06
3.53715e-06
3.03648e-06
2.4963e-06
2.00683e-06
1.52741e-06
1.07154e-06
6.9741e-07
4.18899e-07
2.09902e-07
3.46128e-08
0
0
0
0
0
0
0
0
0
0
0
0
0
0
0
0
0
0
0
0
0
0
5.38273e-06
1.38828e-06
0
0
0
0
0
0
0
0
0
0
0
0
0
0
0
0
1.87293e-06
2.71833e-06
3.21974e-06
3.98223e-06
5.35404e-06
7.80148e-06
1.2834e-05
2.23792e-05
3.71643e-05
0
0
7.40125e-06
9.55607e-06
1.01188e-05
1.07095e-05
1.10773e-05
1.1196e-05
1.10669e-05
1.0837e-05
1.10864e-05
1.2524e-05
1.39796e-05
1.44004e-05
1.38045e-05
1.34303e-05
1.36534e-05
1.36676e-05
1.19652e-05
1.08499e-05
1.12419e-05
1.22341e-05
1.30347e-05
1.46067e-05
1.67196e-05
1.16324e-05
4.27482e-06
0
0
0
0
0
0
0
0
0
1.21476e-05
9.97913e-06
8.83961e-06
8.62629e-06
8.73928e-06
8.97617e-06
8.56896e-06
7.24898e-06
5.57701e-06
3.98873e-06
2.69949e-06
1.81745e-06
1.43354e-06
1.47168e-06
1.61766e-06
1.48221e-06
9.0532e-07
0
0
0
0
0
0
0
0
0
0
0
0
0
0
0
0
0
0
0
0
0
0
0
0
0
0
0
0
0
0
0
0
0
0
0
0
0
0
0
0
0
0
0
0
0
0
5.98485e-07
9.26415e-07
1.03643e-06
1.04612e-06
1.07625e-06
1.17454e-06
1.2937e-06
1.43183e-06
1.6291e-06
1.86615e-06
2.15617e-06
2.47492e-06
2.78318e-06
2.96847e-06
3.01168e-06
2.97715e-06
2.99258e-06
3.2495e-06
3.58024e-06
3.61386e-06
3.41828e-06
3.10159e-06
2.74459e-06
2.29548e-06
1.8664e-06
1.45927e-06
1.07591e-06
7.25132e-07
4.31375e-07
2.10288e-07
2.68345e-08
0
0
0
0
0
0
0
0
0
0
0
0
0
0
0
0
0
0
0
0
0
0
0
7.33572e-06
5.7718e-06
3.48743e-06
3.25906e-07
0
0
0
0
1.30892e-06
2.9797e-06
3.46692e-06
3.03781e-06
7.35102e-07
0
0
0
0
0
0
7.07803e-07
1.24125e-06
1.79312e-06
2.51722e-06
3.62473e-06
5.41967e-06
7.43818e-06
4.92606e-06
0
3.02732e-06
8.18132e-06
9.25499e-06
9.91098e-06
1.03954e-05
1.06169e-05
1.05457e-05
1.03448e-05
1.03139e-05
1.08775e-05
1.23862e-05
1.36964e-05
1.38934e-05
1.32704e-05
1.30261e-05
1.32907e-05
1.31092e-05
1.16173e-05
1.12706e-05
1.2193e-05
1.3108e-05
1.32386e-05
1.18485e-05
8.69144e-06
2.59095e-06
0
0
0
0
0
0
0
0
0
0
1.37109e-05
1.17799e-05
1.0733e-05
1.04144e-05
1.00897e-05
9.49548e-06
8.51993e-06
6.87283e-06
4.93859e-06
3.13518e-06
1.75195e-06
9.3871e-07
7.30916e-07
9.27416e-07
1.00718e-06
5.6273e-07
0
0
0
0
0
0
0
0
0
0
0
0
0
0
0
0
0
0
0
0
0
0
0
0
0
0
0
0
0
0
0
0
0
0
0
0
0
0
0
0
0
0
0
0
0
2.4481e-07
4.18904e-07
4.53698e-07
4.47145e-07
4.72001e-07
5.36243e-07
6.18031e-07
7.25367e-07
8.88102e-07
1.18271e-06
1.55076e-06
1.90514e-06
2.17147e-06
2.30426e-06
2.29022e-06
2.20599e-06
2.11274e-06
2.10056e-06
2.32456e-06
2.59305e-06
2.67029e-06
2.58429e-06
2.38025e-06
2.14929e-06
1.90357e-06
1.57831e-06
1.24851e-06
9.34523e-07
6.63471e-07
4.29083e-07
2.13869e-07
3.11927e-08
0
0
0
0
0
0
0
0
0
0
0
0
0
0
0
0
0
0
0
0
0
0
0
0
4.2496e-06
3.85909e-06
3.76304e-06
4.06337e-06
1.60237e-06
0
3.7246e-07
1.97338e-06
4.11663e-06
7.16985e-06
1.24308e-05
2.1201e-05
9.73173e-06
3.86245e-06
1.3934e-06
8.96261e-08
0
0
0
0
1.68318e-07
4.99543e-07
9.37237e-07
1.43183e-06
1.74126e-06
1.08821e-06
0
0
5.0529e-06
8.16102e-06
8.98693e-06
9.4388e-06
9.67859e-06
9.65361e-06
9.55696e-06
9.68897e-06
1.01007e-05
1.0867e-05
1.22848e-05
1.33758e-05
1.33517e-05
1.27634e-05
1.26353e-05
1.29078e-05
1.25483e-05
1.15341e-05
1.19083e-05
1.30183e-05
1.36661e-05
1.35874e-05
1.19604e-05
4.37803e-06
0
0
0
0
0
0
0
0
0
0
0
1.01159e-05
1.33492e-05
1.24813e-05
1.16145e-05
1.07594e-05
9.51083e-06
8.01125e-06
6.13698e-06
4.00381e-06
2.08966e-06
7.28192e-07
7.93542e-08
1.11132e-07
4.05865e-07
2.74032e-07
0
0
0
0
0
0
0
0
0
0
0
0
0
0
0
0
0
0
0
0
0
0
0
0
0
0
0
0
0
0
0
0
0
0
0
0
0
0
0
0
0
0
0
0
2.68715e-07
4.62474e-07
5.03151e-07
4.80985e-07
4.88946e-07
5.60283e-07
6.64591e-07
7.74973e-07
9.02235e-07
1.14113e-06
1.45783e-06
1.69744e-06
1.81333e-06
1.80523e-06
1.66472e-06
1.4747e-06
1.32882e-06
1.24599e-06
1.25281e-06
1.43217e-06
1.71724e-06
1.85408e-06
1.84757e-06
1.72383e-06
1.54982e-06
1.39817e-06
1.24973e-06
1.03268e-06
8.12344e-07
6.05123e-07
4.25649e-07
2.63607e-07
8.79577e-08
0
0
0
0
0
0
0
0
0
0
0
0
0
0
0
0
0
0
0
0
0
0
0
0
0
2.94556e-06
2.69316e-06
2.45708e-06
4.20282e-06
5.95077e-06
3.33114e-06
3.14298e-06
4.61956e-06
6.87907e-06
9.95693e-06
1.33023e-05
1.39472e-05
1.08552e-05
6.04357e-06
3.32606e-06
1.86378e-06
9.58366e-07
3.74915e-07
8.29617e-08
0
0
1.8189e-07
3.3495e-07
1.64321e-07
0
0
0
0
5.35202e-06
8.00736e-06
8.55437e-06
8.40261e-06
8.32987e-06
8.46276e-06
8.93415e-06
9.69096e-06
1.03769e-05
1.108e-05
1.22394e-05
1.30882e-05
1.2879e-05
1.23943e-05
1.23559e-05
1.25644e-05
1.21045e-05
1.1762e-05
1.2616e-05
1.36123e-05
1.40339e-05
1.40257e-05
1.29979e-05
7.67208e-06
0
0
0
0
0
0
0
0
0
0
0
1.32738e-05
1.59835e-05
1.3686e-05
1.19839e-05
1.0623e-05
8.85835e-06
6.93221e-06
4.75788e-06
2.524e-06
7.53239e-07
0
0
0
0
0
0
0
0
0
0
0
0
0
0
0
0
0
0
0
0
0
0
0
0
0
0
0
0
0
0
0
0
1.69675e-06
4.09313e-06
1.71127e-06
0
0
0
0
2.66048e-07
7.06775e-07
7.07565e-07
4.90736e-07
2.13374e-07
0
0
0
1.24024e-07
4.02678e-07
5.83951e-07
6.28931e-07
5.98665e-07
5.72978e-07
5.92102e-07
6.55045e-07
7.84451e-07
9.85222e-07
1.14469e-06
1.25115e-06
1.31134e-06
1.33424e-06
1.32505e-06
1.23959e-06
1.09271e-06
9.64351e-07
8.8727e-07
8.74732e-07
9.49303e-07
1.15494e-06
1.27535e-06
1.27492e-06
1.19755e-06
1.1064e-06
1.06576e-06
1.08677e-06
1.08504e-06
9.78233e-07
8.24713e-07
6.42547e-07
4.59668e-07
2.93684e-07
1.23597e-07
0
0
0
0
0
0
0
0
0
0
0
0
0
0
0
0
0
0
0
0
0
0
0
0
0
2.22736e-06
2.48474e-06
2.01946e-06
3.16337e-06
7.46889e-06
7.87498e-06
6.85846e-06
7.88606e-06
9.68822e-06
1.17857e-05
1.24601e-05
9.54405e-06
7.02285e-06
5.21503e-06
3.5185e-06
2.42703e-06
1.68039e-06
1.03407e-06
4.87622e-07
1.46391e-07
1.03342e-07
8.37873e-08
0
0
0
0
0
0
5.53511e-06
8.01166e-06
6.70588e-06
6.06965e-06
6.78962e-06
7.91203e-06
9.21885e-06
1.03585e-05
1.09473e-05
1.14813e-05
1.22939e-05
1.29006e-05
1.25748e-05
1.22509e-05
1.22261e-05
1.2285e-05
1.18558e-05
1.21381e-05
1.31232e-05
1.38306e-05
1.40854e-05
1.43179e-05
1.40225e-05
1.21162e-05
1.07668e-05
0
0
0
0
0
0
0
0
0
4.31066e-06
1.67372e-05
1.89167e-05
1.63646e-05
1.34623e-05
1.08402e-05
7.94887e-06
5.16646e-06
2.53288e-06
6.20398e-07
0
0
0
0
0
0
0
0
0
0
0
0
0
0
0
0
0
0
0
0
0
0
0
0
0
0
0
0
0
0
0
0
0
2.4001e-06
3.34015e-06
2.85751e-06
2.05018e-06
1.49688e-06
1.3341e-06
1.40202e-06
1.46762e-06
1.46893e-06
1.26948e-06
8.92098e-07
4.46476e-07
0
0
0
0
0
0
2.18322e-07
4.09701e-07
5.81579e-07
7.36035e-07
8.88134e-07
1.1206e-06
1.33945e-06
1.38748e-06
1.26445e-06
1.03729e-06
7.9175e-07
5.63573e-07
3.59668e-07
2.36867e-07
2.12883e-07
2.606e-07
3.29198e-07
4.12359e-07
4.88613e-07
5.02671e-07
5.118e-07
6.2541e-07
8.95066e-07
1.22817e-06
1.47807e-06
1.50291e-06
1.27694e-06
9.31106e-07
5.65443e-07
2.81883e-07
9.44769e-08
0
0
0
0
0
0
0
0
0
0
0
0
0
0
0
0
0
0
0
0
0
0
0
0
0
0
1.73271e-06
2.65602e-06
2.1405e-06
2.41725e-06
5.43373e-06
1.03691e-05
9.96286e-06
1.01864e-05
1.0825e-05
1.12136e-05
9.96601e-06
6.6845e-06
4.3526e-06
3.49225e-06
2.6908e-06
2.00507e-06
1.4804e-06
1.01567e-06
6.65388e-07
5.14372e-07
3.32015e-07
0
0
0
0
0
0
0
6.82019e-06
3.65509e-06
1.88812e-06
2.92563e-06
5.21741e-06
7.42828e-06
9.31928e-06
1.04126e-05
1.06424e-05
1.1013e-05
1.15889e-05
1.19421e-05
1.16454e-05
1.15312e-05
1.14249e-05
1.13327e-05
1.11073e-05
1.17366e-05
1.25855e-05
1.30226e-05
1.31737e-05
1.36383e-05
1.368e-05
1.36436e-05
1.95361e-05
1.25111e-05
5.39177e-06
2.35208e-06
2.68801e-07
0
0
0
0
0
6.48507e-06
1.91199e-05
1.9764e-05
1.79558e-05
1.50372e-05
1.08717e-05
6.09559e-06
2.30833e-06
6.31948e-08
0
0
0
0
0
0
0
0
0
0
0
0
0
0
0
0
0
0
0
0
0
0
0
0
0
0
1.94062e-06
1.95474e-06
1.56027e-06
0
0
0
4.79465e-06
6.62058e-06
6.14047e-06
5.17046e-06
4.29171e-06
3.6534e-06
3.23681e-06
3.01508e-06
2.94477e-06
2.94011e-06
2.93815e-06
3.03893e-06
3.12737e-06
2.90882e-06
2.45993e-06
1.90796e-06
1.38751e-06
9.62175e-07
6.60497e-07
5.18848e-07
5.69461e-07
7.58587e-07
1.00559e-06
1.24658e-06
1.47901e-06
1.74844e-06
1.81612e-06
1.59872e-06
1.10708e-06
3.87984e-07
0
0
0
0
0
0
0
0
0
0
0
0
0
5.97221e-07
9.9272e-07
9.94219e-07
6.08595e-07
0
0
0
0
0
0
0
0
0
0
0
0
0
0
0
0
0
0
0
0
0
0
0
0
1.84441e-06
1.74043e-06
6.06343e-08
0
0
0
2.13029e-06
3.55095e-06
2.94968e-06
2.5012e-06
3.50828e-06
8.22313e-06
1.13188e-05
1.09585e-05
1.01074e-05
8.97753e-06
7.15491e-06
4.95508e-06
3.48644e-06
2.91231e-06
2.44808e-06
1.94805e-06
1.56745e-06
1.39147e-06
1.27875e-06
9.4346e-07
2.03123e-07
0
0
0
8.8977e-07
1.78565e-06
3.34293e-07
0
0
0
0
7.87695e-07
4.06696e-06
7.00081e-06
9.29126e-06
1.01525e-05
9.92364e-06
1.00694e-05
1.05202e-05
1.06688e-05
1.05307e-05
1.06154e-05
1.0358e-05
1.01601e-05
1.02226e-05
1.09236e-05
1.15494e-05
1.1922e-05
1.20576e-05
1.23953e-05
1.19883e-05
1.18961e-05
1.44345e-05
1.65306e-05
1.18709e-05
1.02085e-05
9.67534e-06
9.63863e-06
9.30568e-06
8.86923e-06
1.07187e-05
1.41995e-05
1.57223e-05
2.4556e-05
2.29593e-05
1.9408e-05
1.57023e-05
1.0215e-05
3.95545e-06
8.8185e-08
0
0
0
5.02393e-08
5.714e-08
0
0
0
0
0
0
0
0
0
0
0
0
0
0
0
0
0
0
0
0
0
1.07349e-06
6.81932e-06
2.94774e-06
1.43772e-06
0
0
0
0
3.61035e-06
5.55048e-06
5.79532e-06
5.41797e-06
4.88885e-06
4.43204e-06
4.13332e-06
3.97345e-06
3.8629e-06
3.68908e-06
3.51023e-06
3.48935e-06
3.22035e-06
2.90058e-06
2.74126e-06
2.80852e-06
3.0534e-06
3.35746e-06
3.47072e-06
3.34392e-06
2.96357e-06
2.38205e-06
1.78133e-06
1.35809e-06
1.09505e-06
8.47655e-07
4.66657e-07
0
0
0
0
0
0
0
0
0
0
0
0
0
0
0
0
0
0
0
0
0
0
0
0
0
0
0
0
0
0
0
0
0
0
0
0
0
0
0
0
0
0
9.2237e-07
3.88152e-06
5.45885e-06
3.54517e-06
1.66029e-06
7.18464e-07
1.22179e-06
3.12489e-06
4.8816e-06
4.23424e-06
2.99371e-06
2.24532e-06
2.91098e-06
6.42889e-06
8.16343e-06
6.58363e-06
5.12449e-06
4.01995e-06
3.44726e-06
3.32568e-06
3.24467e-06
2.98322e-06
2.55764e-06
2.09623e-06
1.73644e-06
1.41014e-06
9.19935e-07
3.04338e-07
1.15581e-07
7.45915e-07
1.86146e-06
2.48921e-06
1.5811e-06
0
0
0
0
0
1.05244e-06
4.31943e-06
7.02918e-06
9.19968e-06
9.5238e-06
8.68836e-06
8.47416e-06
8.69405e-06
8.75754e-06
8.87817e-06
9.1033e-06
8.68095e-06
8.43766e-06
8.70712e-06
9.36093e-06
9.86405e-06
1.02022e-05
1.0463e-05
1.04865e-05
9.75092e-06
9.67823e-06
1.08216e-05
1.35954e-05
1.35127e-05
1.41796e-05
1.56837e-05
1.75069e-05
1.90535e-05
1.91632e-05
2.06321e-05
2.32607e-05
1.99396e-05
1.95838e-05
2.60923e-05
2.34385e-05
1.82465e-05
1.16463e-05
5.08967e-06
1.58566e-06
1.06158e-06
1.89733e-06
2.24057e-06
1.69004e-06
5.32214e-07
0
0
0
0
0
0
0
0
0
0
0
0
0
0
0
0
0
0
0
0
0
1.40541e-07
3.37281e-06
0
0
3.48877e-06
8.21155e-07
0
0
2.76029e-06
5.90704e-06
7.48524e-06
8.14089e-06
8.11447e-06
7.50232e-06
6.25841e-06
4.34603e-06
2.03066e-06
0
0
0
0
0
0
0
0
2.00117e-06
4.24363e-06
4.99852e-06
4.19477e-06
2.34373e-06
2.30095e-07
0
0
0
0
0
0
0
0
0
0
0
0
0
0
0
0
0
0
0
0
0
0
0
0
0
0
0
0
0
0
0
0
0
0
0
0
0
0
0
0
0
0
0
0
0
0
1.99609e-06
4.67366e-06
6.65601e-06
5.96027e-06
4.02732e-06
3.2736e-06
3.20361e-06
4.47768e-06
6.32492e-06
5.72702e-06
3.61397e-06
1.44177e-06
0
0
1.166e-06
1.75384e-06
1.49628e-06
1.96733e-06
2.97097e-06
3.85298e-06
4.02779e-06
3.6978e-06
3.20068e-06
2.7529e-06
2.4915e-06
2.34419e-06
1.99582e-06
1.6743e-06
1.96419e-06
2.73173e-06
3.24989e-06
3.52386e-06
2.41852e-06
3.15877e-06
4.26833e-06
1.82569e-06
0
2.84067e-06
6.5665e-06
7.74817e-06
8.98188e-06
1.01941e-05
9.3496e-06
7.57903e-06
6.83198e-06
6.71352e-06
6.8012e-06
7.22802e-06
7.47305e-06
6.88825e-06
6.60624e-06
6.92361e-06
7.54446e-06
8.02661e-06
8.60014e-06
9.01104e-06
8.59967e-06
8.00564e-06
8.06839e-06
8.7164e-06
1.06686e-05
1.14919e-05
1.42295e-05
1.82268e-05
2.13896e-05
2.32957e-05
2.27136e-05
2.10789e-05
1.94031e-05
1.45293e-05
8.94722e-06
1.30529e-05
1.85546e-05
1.77195e-05
1.33866e-05
8.49456e-06
5.69342e-06
5.19463e-06
5.26572e-06
4.29275e-06
2.29985e-06
0
0
0
0
0
0
0
0
0
0
0
0
0
0
0
0
0
0
0
0
0
0
0
0
0
0
0
3.2919e-06
2.49017e-06
0
4.00675e-06
7.26409e-06
7.91232e-06
6.2162e-06
2.8778e-06
0
0
0
0
0
0
0
0
0
0
0
0
0
0
0
0
0
0
0
0
0
0
0
0
0
0
0
0
0
0
0
0
0
0
0
0
0
0
0
0
0
0
0
0
0
0
0
0
0
0
0
0
8.07915e-08
4.70211e-07
7.49145e-07
9.90267e-07
1.17179e-06
1.22919e-06
1.01957e-06
2.79123e-07
0
0
0
0
2.14547e-06
4.80414e-06
6.40189e-06
6.17403e-06
3.94591e-06
3.05971e-06
4.73371e-06
6.13483e-06
7.50246e-06
6.64651e-06
3.58464e-06
3.78348e-07
0
0
0
0
0
1.29985e-06
3.8403e-06
5.4862e-06
5.85933e-06
5.34279e-06
4.67696e-06
4.26699e-06
3.99823e-06
3.42912e-06
2.58773e-06
2.41244e-06
2.73691e-06
2.70478e-06
3.30163e-06
4.88319e-06
7.37909e-06
1.00423e-05
1.01732e-05
6.9463e-06
7.02614e-06
2.01343e-05
1.94584e-05
1.43889e-05
1.32222e-05
1.25082e-05
9.85713e-06
6.62095e-06
5.19642e-06
4.79635e-06
5.01309e-06
5.6271e-06
5.73101e-06
5.01366e-06
4.62116e-06
4.87708e-06
5.49752e-06
6.12567e-06
7.10572e-06
7.38404e-06
6.81738e-06
6.53348e-06
6.65043e-06
7.22734e-06
9.03239e-06
9.35633e-06
8.57678e-06
1.47385e-05
2.04336e-05
2.26986e-05
2.16757e-05
1.83069e-05
1.47461e-05
1.0393e-05
5.75382e-06
4.73665e-06
7.83034e-06
1.02177e-05
9.86469e-06
7.94904e-06
6.62387e-06
6.30244e-06
5.55623e-06
3.54711e-06
7.28623e-07
0
0
0
0
0
0
0
0
0
0
0
0
0
0
0
0
0
0
0
0
0
0
0
0
9.40719e-07
1.04417e-05
9.70386e-07
0
0
0
0
0
0
1.29831e-05
2.03724e-05
2.28318e-05
2.21269e-05
1.93783e-05
1.51241e-05
8.60187e-06
3.8233e-10
0
0
0
0
0
0
0
0
0
0
0
0
0
0
0
0
0
0
0
0
0
0
0
0
0
0
0
0
0
0
0
0
0
0
0
0
0
0
0
0
0
0
0
0
0
0
3.29529e-07
1.09964e-06
1.64392e-06
2.00546e-06
2.15713e-06
2.08096e-06
1.85067e-06
1.61303e-06
1.36239e-06
4.52916e-07
0
2.41643e-07
2.61881e-06
4.88527e-06
6.25086e-06
6.09139e-06
3.8532e-06
7.83204e-07
1.30739e-06
5.213e-06
6.98256e-06
5.30114e-06
1.45085e-06
0
0
0
0
0
0
1.27913e-06
5.74155e-06
7.93687e-06
8.31454e-06
7.75257e-06
6.86742e-06
5.83378e-06
4.71047e-06
3.16923e-06
2.05943e-06
2.44962e-06
1.85356e-06
1.99649e-07
1.67948e-06
6.16326e-06
9.44571e-06
9.70018e-06
3.4066e-06
0
0
3.96033e-05
3.28781e-05
2.44232e-05
2.03346e-05
1.63204e-05
1.07004e-05
5.34459e-06
2.99058e-06
2.55513e-06
3.18571e-06
3.90731e-06
3.77668e-06
2.99239e-06
2.40376e-06
2.45042e-06
3.36363e-06
4.20489e-06
5.29297e-06
5.36767e-06
5.06626e-06
5.12795e-06
5.4094e-06
6.29765e-06
8.36556e-06
9.84523e-06
6.2764e-06
4.89837e-06
1.32688e-05
1.80195e-05
1.77365e-05
1.47177e-05
1.09736e-05
7.46798e-06
4.16446e-06
2.17026e-06
2.89955e-06
4.51771e-06
5.09176e-06
4.61879e-06
4.23746e-06
3.93708e-06
2.69319e-06
2.86408e-07
0
0
0
0
0
0
0
0
0
0
0
0
0
0
0
0
0
0
0
0
0
0
0
0
0
0
4.38755e-06
1.80703e-05
3.64063e-06
0
0
0
0
0
1.70162e-06
1.63485e-05
2.44442e-05
2.77497e-05
2.78977e-05
2.60852e-05
2.26981e-05
1.73461e-05
9.62442e-06
7.34587e-08
0
0
0
0
0
0
0
0
0
0
0
0
0
0
0
0
0
0
0
0
0
0
0
0
0
0
0
0
0
0
0
0
0
0
0
0
0
0
0
0
0
0
0
0
0
0
1.64487e-08
0
4.89476e-09
1.19662e-06
3.94326e-06
8.62312e-06
1.37567e-05
1.51108e-05
1.19759e-05
8.31969e-06
6.63467e-06
6.66223e-06
7.01891e-06
6.31965e-06
3.88088e-06
8.66589e-07
0
0
6.02349e-07
0
0
0
0
0
0
0
0
1.35941e-06
8.83427e-06
1.21594e-05
1.29303e-05
1.17164e-05
9.482e-06
7.37377e-06
5.01282e-06
2.07853e-06
1.57e-06
1.04338e-06
0
0
5.85279e-07
4.91604e-06
3.12585e-06
0
0
0
0
6.27487e-06
2.36028e-05
2.60605e-05
2.35809e-05
1.82523e-05
1.11645e-05
4.7864e-06
1.95886e-06
1.36163e-06
1.92967e-06
2.21214e-06
1.54918e-06
7.24047e-07
9.18897e-08
1.05922e-07
1.26892e-06
2.23159e-06
3.02173e-06
3.28062e-06
3.32378e-06
3.58609e-06
4.29511e-06
5.73023e-06
7.97472e-06
1.05423e-05
1.08645e-05
4.10435e-06
1.13361e-06
9.26948e-06
1.22366e-05
1.13032e-05
8.80928e-06
6.30705e-06
3.75702e-06
1.39072e-06
7.08974e-07
1.07355e-06
1.08416e-06
5.8853e-07
1.49296e-07
0
0
0
0
0
0
0
0
0
0
0
0
0
0
0
0
0
0
0
0
0
0
0
0
0
0
0
0
0
0
1.14523e-06
8.20689e-06
2.49365e-06
0
0
0
0
0
0
5.02069e-06
1.09232e-05
1.27258e-05
1.18638e-05
9.24364e-06
6.15517e-06
3.61224e-06
1.17229e-06
0
0
0
0
0
0
0
0
0
0
0
0
0
0
0
0
0
0
0
0
0
0
0
0
0
0
0
0
0
0
0
0
0
0
0
0
0
0
0
0
0
0
0
0
0
0
0
0
0
0
0
5.93513e-06
1.40001e-05
1.70629e-05
1.58454e-05
1.28375e-05
9.97595e-06
8.20116e-06
7.8799e-06
7.91518e-06
7.00877e-06
5.39949e-06
3.4479e-06
1.40085e-06
0
0
0
0
0
0
0
0
0
4.25972e-07
1.10747e-05
1.57768e-05
1.61838e-05
1.32127e-05
9.83742e-06
7.14129e-06
2.60813e-06
0
0
0
0
0
0
0
0
0
0
0
0
0
0
5.25098e-06
6.10826e-06
3.55802e-06
0
0
0
0
0
3.17716e-07
0
0
0
0
0
1.45528e-06
2.56623e-06
3.26896e-06
3.4271e-06
3.6906e-06
4.80661e-06
6.75177e-06
9.20666e-06
1.20972e-05
1.53591e-05
1.57466e-05
6.88082e-06
2.69765e-06
1.08963e-05
1.26467e-05
1.08826e-05
8.14156e-06
4.94511e-06
1.51052e-06
0
0
0
0
0
0
0
0
0
0
0
0
0
0
0
0
0
0
0
0
0
0
0
0
0
0
0
0
0
0
0
0
0
0
0
0
0
0
8.35781e-06
1.03267e-05
6.79984e-06
3.22003e-07
0
0
0
0
0
0
0
6.85432e-06
1.58444e-05
2.04079e-05
1.10454e-05
0
0
0
0
0
0
0
0
0
0
0
0
7.54138e-07
2.87274e-06
0
0
0
0
0
0
0
0
0
0
0
0
0
0
0
0
0
0
0
0
0
0
0
1.29826e-06
3.75266e-06
3.69604e-06
1.98054e-06
3.36404e-07
0
3.04129e-07
0
0
0
0
0
0
3.74813e-06
9.79061e-06
1.19408e-05
1.02492e-05
7.56184e-06
5.60952e-06
5.26869e-06
5.52551e-06
3.0635e-06
0
0
0
0
9.20128e-06
9.42939e-06
7.51002e-07
0
0
0
0
0
0
0
5.32963e-06
1.02528e-05
9.94257e-06
6.60669e-06
4.63382e-06
2.04242e-06
0
0
0
0
0
0
0
0
0
0
0
0
0
0
0
0
0
0
0
0
0
0
0
0
0
0
0
0
4.23377e-07
2.84163e-06
4.74744e-06
5.8944e-06
6.0824e-06
6.13838e-06
6.79215e-06
8.36756e-06
1.05445e-05
1.29513e-05
1.56522e-05
1.85093e-05
1.7019e-05
3.09536e-06
1.09115e-05
1.87577e-05
1.56424e-05
1.0642e-05
5.49698e-06
6.80796e-07
0
0
0
0
0
0
0
0
0
0
0
0
0
0
0
0
0
0
0
0
0
0
0
0
0
0
0
0
0
0
0
0
0
0
0
0
0
0
0
0
0
0
0
0
0
0
0
0
0
0
0
0
0
0
0
0
0
0
0
0
0
1.72176e-06
1.46238e-05
3.2977e-05
5.74817e-05
8.72049e-05
0.000116466
0.000126793
9.77666e-05
5.43274e-05
2.72201e-05
1.44878e-05
4.91916e-06
0
0
0
0
0
0
0
0
0
0
0
0
0
0
0
1.97963e-07
5.43112e-06
1.14635e-05
1.5747e-05
1.53673e-05
1.25186e-05
1.01703e-05
9.5176e-06
9.38004e-06
6.62556e-06
4.05512e-07
0
0
0
0
8.73472e-07
9.91366e-06
1.16704e-05
7.45432e-06
2.9096e-06
1.73448e-06
2.72845e-06
2.23169e-06
0
0
0
0
0
1.02672e-05
8.76208e-06
1.26177e-06
0
0
0
0
0
0
0
1.85768e-06
4.66325e-06
4.08624e-06
2.17103e-06
2.37492e-06
0
0
0
0
0
0
2.76648e-07
2.14643e-06
0
0
3.34123e-07
7.96275e-07
0
0
0
0
0
0
0
0
0
0
0
0
0
0
0
0
0
2.5039e-06
4.73583e-06
7.32253e-06
8.86554e-06
9.49947e-06
9.60142e-06
1.01996e-05
1.12063e-05
1.26977e-05
1.44896e-05
1.63511e-05
1.81291e-05
1.86161e-05
1.14356e-05
0
3.03774e-05
2.21285e-05
1.18271e-05
3.54928e-06
0
0
0
0
0
0
0
0
0
0
0
0
0
0
0
0
0
0
0
0
0
0
0
0
0
0
0
0
5.91104e-07
0
0
0
0
0
0
0
0
0
0
3.08592e-05
7.21555e-05
6.22743e-05
3.0873e-05
0
0
0
0
0
0
0
0
0
0
0
0
0
0
2.73435e-06
9.52608e-06
2.46983e-05
4.49436e-05
5.5379e-05
5.80451e-05
6.02077e-05
7.54658e-05
0.000100176
0.000104717
8.2236e-05
5.21905e-05
2.78548e-05
1.30538e-05
9.18103e-06
1.73806e-05
3.49869e-05
4.64837e-05
3.09054e-05
1.04399e-05
3.56484e-06
5.04062e-06
7.60342e-06
7.66546e-06
5.38992e-06
1.02465e-06
0
0
0
0
0
0
2.70121e-06
5.9319e-06
7.15676e-06
7.02607e-06
5.6552e-06
3.3817e-06
1.25853e-06
9.37921e-07
4.67708e-06
8.69878e-06
6.31359e-07
0
0
0
0
0
7.38156e-06
0
0
0
0
0
1.63296e-06
0
0
0
0
0
0
4.30731e-06
1.41263e-06
8.0299e-07
4.66367e-07
2.58682e-07
1.21199e-06
0
0
0
1.15282e-06
2.58323e-06
2.0113e-06
3.5656e-07
1.26572e-06
0
0
0
0
0
4.62428e-08
4.89345e-06
6.86652e-06
3.01873e-06
3.63551e-06
5.25856e-06
4.70183e-06
8.54114e-07
0
0
0
7.61771e-06
1.03869e-06
0
0
0
0
0
0
0
0
0
0
4.42201e-06
4.88593e-06
6.03282e-06
8.55157e-06
1.04022e-05
1.12438e-05
1.18825e-05
1.28045e-05
1.38426e-05
1.48528e-05
1.5979e-05
1.71825e-05
1.81817e-05
1.84251e-05
1.55273e-05
3.4105e-06
1.17561e-05
1.99653e-05
6.58124e-06
0
0
0
0
0
0
0
0
0
0
0
0
0
0
0
0
0
0
0
0
0
0
0
0
0
0
0
0
0
8.32219e-08
1.68504e-08
0
0
0
0
0
0
0
1.42798e-07
0
0.000141626
9.90075e-05
4.36739e-05
0
0
0
0
0
3.89323e-06
1.57062e-05
2.14298e-05
1.75696e-05
7.73625e-07
0
0
0
0
1.57196e-05
2.74445e-05
3.3334e-05
3.50381e-05
3.37624e-05
2.84992e-05
1.94066e-05
1.01992e-05
4.13786e-06
5.5241e-06
1.00587e-05
8.57023e-06
1.27498e-07
0
0
0
5.52581e-06
3.40612e-05
6.44381e-05
7.2287e-05
5.2048e-05
3.00211e-05
1.83527e-05
1.2389e-05
7.48807e-06
2.23395e-06
0
0
0
0
0
0
4.74475e-07
8.15647e-07
4.84357e-07
9.56606e-07
2.87121e-06
5.58454e-06
7.99665e-06
9.67757e-06
1.05674e-05
9.72624e-06
4.81999e-06
0
0
0
0
0
0
0
0
0
0
2.5676e-05
2.73436e-05
6.62438e-06
0
0
0
0
0
0
2.11645e-06
5.73289e-06
6.16995e-06
4.729e-06
4.5643e-06
7.08773e-06
7.6925e-06
4.19996e-06
3.43466e-06
3.36938e-06
3.49346e-06
2.62572e-06
0
6.01549e-07
0
0
2.0331e-06
1.56239e-06
8.07331e-07
2.12183e-06
9.43222e-06
1.13656e-05
6.99034e-06
7.50433e-06
9.5795e-06
9.49286e-06
5.2703e-06
0
0
8.43015e-06
1.01176e-05
0
0
0
0
0
0
0
0
0
0
8.2577e-06
9.38998e-06
7.26946e-06
7.20401e-06
9.01121e-06
1.05596e-05
1.14009e-05
1.24704e-05
1.38231e-05
1.54072e-05
1.65394e-05
1.73773e-05
1.81109e-05
1.8609e-05
1.83665e-05
1.64091e-05
9.96673e-06
0
1.30664e-07
0
0
0
0
0
0
0
0
0
0
0
0
0
0
0
0
0
0
0
0
0
0
0
0
0
0
0
0
0
6.16767e-09
2.64291e-08
1.54863e-08
0
0
0
0
0
2.29601e-08
0
1.86561e-07
0
2.56926e-05
2.34533e-05
0
0
0
0
0
0
9.37309e-06
3.86931e-05
4.87522e-05
4.38666e-05
2.78757e-05
2.20793e-06
0
6.63402e-06
3.1609e-05
4.44633e-05
4.48786e-05
3.73766e-05
2.68682e-05
1.69384e-05
8.69626e-06
2.11001e-06
0
0
0
0
0
0
0
0
0
1.08717e-05
2.64109e-05
2.45377e-05
1.65086e-05
1.04862e-05
6.8342e-06
5.22381e-06
4.54744e-06
3.63167e-06
2.25743e-06
7.82365e-07
0
3.35238e-07
1.9183e-06
3.72398e-06
4.92848e-06
5.56528e-06
5.98306e-06
6.11383e-06
5.90683e-06
5.88433e-06
6.70266e-06
7.83271e-06
8.45159e-06
8.58834e-06
7.42656e-06
2.86961e-06
0
0
0
0
0
0
0
0
0
0
0
0
0
0
0
0
0
0
0
2.18697e-06
5.82494e-06
9.81608e-06
1.32666e-05
1.73093e-05
2.29517e-05
2.56506e-05
1.92939e-05
1.29325e-05
7.37552e-06
4.90634e-06
2.38442e-06
0
0
1.27267e-06
2.91097e-06
1.56886e-06
2.11103e-06
2.47504e-06
4.26313e-06
1.30338e-05
1.44573e-05
9.63282e-06
1.03465e-05
1.319e-05
1.31263e-05
8.76688e-06
1.23292e-06
0
4.85119e-06
3.03317e-07
0
0
0
0
0
0
0
0
0
2.65398e-06
1.33314e-05
1.25519e-05
9.35732e-06
8.70903e-06
9.92115e-06
1.08044e-05
1.09684e-05
1.15141e-05
1.30977e-05
1.50801e-05
1.70777e-05
1.83868e-05
1.91892e-05
1.94338e-05
1.88751e-05
1.69187e-05
1.21167e-05
1.5104e-06
0
0
0
0
0
0
0
0
0
0
0
0
0
0
0
0
0
0
0
0
0
0
0
0
0
0
0
0
0
0
0
0
0
0
0
0
0
0
2.67729e-08
0
1.9223e-07
0
0
0
0
0
0
0
0
0
0
0
5.64337e-06
2.97031e-05
5.46327e-05
8.80185e-05
0.000153672
0.000164952
0.000100062
5.87205e-05
3.66953e-05
2.4365e-05
1.69714e-05
1.21208e-05
8.47192e-06
5.38713e-06
2.68693e-06
6.08271e-07
0
0
3.93838e-07
5.01148e-07
0
0
0
0
6.75655e-07
1.46449e-06
2.31218e-06
3.13921e-06
3.67241e-06
3.93769e-06
4.18217e-06
4.31912e-06
4.03308e-06
3.18098e-06
1.98741e-06
1.06662e-06
1.09894e-06
2.06662e-06
3.7042e-06
5.66317e-06
7.9724e-06
1.03005e-05
1.15707e-05
1.19277e-05
1.23865e-05
1.33631e-05
1.44647e-05
1.56146e-05
1.59976e-05
1.28531e-05
4.92558e-06
0
0
0
0
0
0
0
0
0
0
0
0
0
0
4.33569e-07
1.12552e-06
3.60574e-07
1.03761e-07
2.3977e-06
4.91019e-06
5.52077e-06
4.27333e-06
2.80643e-06
1.86895e-06
2.39923e-06
3.1862e-06
2.06079e-06
2.13366e-06
2.1947e-06
6.48389e-07
0
0
5.09568e-07
3.79726e-07
0
0
1.25144e-06
5.86427e-06
1.49821e-05
1.60824e-05
1.24215e-05
1.27465e-05
1.57824e-05
1.53828e-05
1.13032e-05
5.46067e-06
5.49007e-07
0
0
0
0
0
0
0
0
0
0
0
1.18356e-05
1.59488e-05
1.41385e-05
1.10007e-05
1.00348e-05
1.04305e-05
9.88961e-06
8.74954e-06
8.75683e-06
1.014e-05
1.20898e-05
1.44096e-05
1.72052e-05
1.92665e-05
2.00952e-05
1.97506e-05
1.79463e-05
1.36755e-05
3.76426e-06
0
0
0
0
0
0
0
0
0
0
0
0
0
0
0
0
0
0
0
0
0
0
0
0
0
0
0
0
0
0
0
0
0
0
0
0
0
0
2.91898e-08
0
1.67251e-07
0
0
0
0
0
0
2.1538e-07
4.46597e-06
6.62836e-06
8.52551e-06
1.05094e-05
1.14641e-05
1.3528e-05
1.71115e-05
1.91638e-05
1.72051e-05
1.34251e-05
9.37494e-06
5.75813e-06
3.17476e-06
1.83186e-06
1.34994e-06
1.1659e-06
9.77545e-07
7.0728e-07
3.90493e-07
1.00689e-07
0
0
0
0
0
0
0
0
0
0
0
1.24984e-07
2.66819e-07
3.77322e-07
3.89175e-07
3.31572e-07
2.64577e-07
1.70861e-07
7.37741e-08
5.68318e-09
0
0
0
0
2.14575e-08
8.2127e-08
1.75124e-07
3.03684e-07
4.4713e-07
5.1958e-07
4.96049e-07
4.37334e-07
3.51287e-07
2.13818e-07
3.66589e-08
0
0
0
0
0
1.58539e-08
9.22388e-10
0
0
0
0
0
0
1.98963e-07
5.54187e-07
6.19434e-07
3.7698e-07
1.18264e-07
1.23641e-07
1.1175e-07
5.4209e-08
1.52931e-08
0
7.86187e-08
1.72602e-07
6.52864e-09
0
3.63027e-07
7.41343e-07
5.09029e-08
0
0
0
0
0
0
0
5.01064e-06
1.58551e-05
1.58365e-05
1.52623e-05
1.53243e-05
1.68426e-05
1.67824e-05
1.35749e-05
8.72086e-06
2.64199e-06
0
0
0
0
0
0
0
0
0
0
0
1.20103e-05
1.81183e-05
1.47503e-05
1.10101e-05
8.73107e-06
6.70588e-06
4.25105e-06
2.81356e-06
2.90427e-06
3.89293e-06
5.39718e-06
7.41189e-06
1.03284e-05
1.42572e-05
1.78853e-05
1.94703e-05
1.87711e-05
1.55071e-05
5.7313e-06
0
0
0
0
0
0
0
0
0
0
0
0
0
0
0
0
0
0
0
0
0
0
0
0
0
0
0
0
0
0
0
0
0
0
0
6.49425e-09
2.7457e-09
1.02664e-08
2.44196e-08
0
1.26507e-07
0
0
0
0
0
0
6.29879e-09
4.23468e-08
7.56998e-08
9.7538e-08
1.02531e-07
9.22665e-08
7.31697e-08
5.14018e-08
2.95558e-08
8.99891e-09
0
0
0
0
0
0
0
0
0
0
0
0
0
0
1.68195e-08
4.08531e-08
5.22351e-08
5.11157e-08
4.13034e-08
2.42843e-08
9.00419e-09
4.85285e-09
0
0
0
0
0
0
0
0
0
0
0
1.58411e-10
6.51062e-09
1.92489e-08
3.91239e-08
5.84733e-08
6.80637e-08
5.66339e-08
2.01354e-08
0
0
9.20081e-09
5.64432e-08
9.90438e-08
1.08815e-07
9.66252e-08
9.36735e-08
6.85111e-08
1.93688e-08
2.37361e-09
0
0
0
6.82546e-08
0
0
3.40329e-07
6.44668e-07
1.88479e-07
0
0
0
3.2968e-08
1.27411e-07
1.43824e-07
1.00723e-07
8.74663e-08
1.53332e-07
1.5244e-07
0
0
3.59521e-07
8.38699e-07
0
0
0
0
0
0
0
0
0
1.33076e-05
1.79528e-05
2.24021e-05
1.93161e-05
1.70536e-05
1.57953e-05
1.45872e-05
1.19212e-05
5.39905e-06
0
0
0
0
0
0
0
0
0
0
0
0
7.71254e-06
1.44728e-05
1.07867e-05
6.96429e-06
4.04966e-06
2.06134e-06
1.45372e-06
1.99049e-06
2.78209e-06
3.25903e-06
3.33847e-06
3.72535e-06
4.20664e-06
4.53968e-06
5.24111e-06
5.54924e-06
4.03516e-06
1.25019e-06
0
0
0
0
0
0
0
0
0
0
0
0
0
0
0
0
0
0
0
0
0
0
0
0
0
0
0
0
0
0
0
1.49648e-09
0
5.17113e-09
0
8.91385e-09
0
1.08219e-08
5.14833e-09
0
8.51613e-08
0
0
0
0
0
0
0
0
0
0
1.62156e-08
3.02687e-08
3.59786e-08
3.12501e-08
1.58075e-08
0
0
0
0
0
0
0
0
0
0
0
0
1.33909e-08
6.89196e-08
1.23137e-07
1.85187e-07
2.43047e-07
2.62383e-07
2.11268e-07
8.31811e-08
0
0
0
0
0
0
0
0
0
0
0
0
0
0
0
0
0
0
0
0
0
0
0
0
4.1001e-08
8.38107e-08
1.16815e-07
1.18726e-07
1.04061e-07
1.03678e-07
8.62288e-08
6.5632e-08
9.32921e-08
1.02278e-07
7.27805e-08
1.62655e-07
2.74495e-07
9.64782e-08
5.86866e-08
7.39152e-07
1.17648e-06
3.0298e-07
0
0
0
0
0
1.07354e-07
1.573e-07
1.11141e-07
0
0
0
0
0
0
0
0
0
0
0
0
0
0
0
0
1.07445e-05
3.23341e-05
3.25981e-05
2.18574e-05
1.4874e-05
7.14587e-06
1.8227e-06
2.01855e-07
0
0
0
0
0
0
0
0
0
0
0
0
8.71868e-07
1.27545e-06
1.52434e-06
1.90919e-06
2.08254e-06
2.76659e-06
5.16599e-06
8.23626e-06
9.43133e-06
8.23069e-06
6.24586e-06
4.45831e-06
2.3694e-06
7.09325e-07
7.45616e-08
0
0
0
0
0
0
0
0
0
0
0
0
0
0
0
0
0
0
0
0
0
0
0
0
0
0
0
0
0
0
0
0
0
0
0
0
0
0
0
0
0
0
0
3.52399e-08
0
0
0
0
0
0
0
0
0
0
0
0
0
0
0
0
0
0
0
0
0
0
0
0
0
0
0
0
2.15476e-08
9.9375e-08
1.87002e-07
2.74701e-07
3.23689e-07
2.81164e-07
1.20992e-07
0
0
0
0
0
0
0
0
0
0
0
0
0
0
0
0
0
0
0
0
0
0
1.01656e-08
5.78247e-08
9.00417e-08
1.04822e-07
1.06135e-07
8.94339e-08
7.15369e-08
7.15269e-08
6.57112e-08
6.76255e-08
1.06273e-07
1.22205e-07
1.16495e-07
1.88392e-07
2.3122e-07
8.68125e-08
9.04525e-08
6.89743e-07
1.31467e-06
6.06379e-07
0
0
0
0
0
0
1.05195e-07
5.56358e-08
0
0
0
0
0
0
0
0
0
0
0
0
0
1.40318e-06
1.08419e-06
2.65634e-07
2.2104e-06
8.60326e-06
2.02942e-05
3.40342e-05
1.4938e-05
2.11e-06
2.77569e-07
0
0
0
0
0
0
0
0
0
0
0
0
0
7.22835e-07
5.95565e-07
4.70472e-07
4.62958e-07
4.17071e-07
5.25584e-07
1.47098e-06
5.06488e-06
1.65199e-05
2.74364e-05
1.95144e-05
1.06881e-05
3.05229e-06
2.66771e-07
0
0
0
0
0
0
0
0
0
0
0
0
0
0
0
0
0
4.30297e-08
3.67188e-08
1.12315e-08
0
0
0
0
0
0
0
0
0
0
0
0
0
0
0
0
0
0
0
0
0
0
0
0
0
0
0
0
0
0
0
0
0
0
0
0
0
0
0
0
0
0
0
0
0
0
0
0
0
0
0
0
0
0
1.2287e-08
8.77187e-08
1.76127e-07
2.51777e-07
2.65377e-07
1.70359e-07
0
0
0
0
0
0
0
0
0
0
0
0
0
0
0
0
0
0
0
0
0
0
4.18174e-08
8.83644e-08
1.09307e-07
1.0876e-07
9.54809e-08
7.14403e-08
5.2499e-08
5.11499e-08
4.77869e-08
5.55545e-08
9.17683e-08
1.0648e-07
1.06973e-07
1.61284e-07
1.78837e-07
5.01204e-08
5.32437e-08
6.0684e-07
1.57044e-06
1.14501e-06
0
0
0
0
0
0
0
0
0
0
0
0
0
0
0
0
0
3.4978e-07
0
0
0
2.16986e-06
1.78254e-06
6.69694e-07
1.25871e-06
4.19674e-06
8.69337e-06
2.12943e-05
8.13675e-06
5.93754e-07
0
0
0
0
0
0
0
0
0
0
0
0
0
1.25386e-07
1.03687e-06
7.64329e-07
5.17849e-07
4.46985e-07
3.49063e-07
2.90688e-07
6.45956e-07
2.06647e-06
6.86765e-06
2.5661e-05
5.41908e-05
2.14108e-05
3.08352e-06
0
0
0
0
0
0
0
1.05829e-08
2.27762e-08
1.52937e-08
0
0
0
0
0
0
0
1.74341e-07
1.29698e-07
6.86735e-08
2.59361e-08
0
0
0
0
0
0
0
0
0
0
0
0
0
0
0
0
0
0
0
0
0
0
0
0
0
0
1.45305e-06
7.63675e-07
7.50152e-07
7.50225e-07
6.03585e-07
4.59723e-07
3.57004e-07
2.83912e-07
2.29064e-07
1.85436e-07
1.51611e-07
1.23251e-07
1.04347e-07
8.60748e-08
7.4606e-08
5.51776e-08
4.72665e-08
2.36637e-08
2.4323e-08
0
1.10173e-08
0
1.09659e-08
0
0
1.15697e-06
4.87485e-07
4.55432e-07
4.86276e-07
3.99826e-07
3.0441e-07
2.3487e-07
1.86508e-07
1.5081e-07
1.22276e-07
1.00126e-07
8.13452e-08
6.88659e-08
5.6599e-08
4.91325e-08
3.64919e-08
3.17922e-08
1.66619e-08
1.79044e-08
0
1.04895e-08
0
1.20453e-08
0
0
7.92387e-07
1.74189e-07
1.63639e-07
2.6753e-07
2.54662e-07
2.04374e-07
1.62989e-07
1.34932e-07
1.14072e-07
9.57439e-08
8.05644e-08
6.69037e-08
5.71728e-08
4.7404e-08
4.09991e-08
3.11819e-08
2.69577e-08
1.64327e-08
1.68837e-08
4.44602e-09
1.23584e-08
0
1.41675e-08
0
0
2.93237e-07
0
0
0
0
0
9.86679e-09
3.4342e-08
5.6607e-08
6.95199e-08
7.60672e-08
7.54952e-08
7.43447e-08
6.8803e-08
6.4543e-08
5.5395e-08
5.26487e-08
4.32748e-08
4.71082e-08
3.37008e-08
4.71227e-08
2.08562e-08
5.29081e-08
1.60244e-09
3.1959e-08
0
0
0
0
0
0
0
0
0
0
0
0
0
0
0
0
0
0
0
0
0
0
0
0
0
0
0
0
0
0
0
0
0
0
0
0
0
0
0
0
0
0
0
0
0
0
0
0
0
0
0
0
0
0
0
0
0
0
0
0
0
0
0
0
0
0
0
0
0
0
0
0
0
0
0
0
0
0
0
0
0
0
0
0
0
0
0
0
0
0
0
0
0
0
0
0
0
0
0
0
0
0
0
0
0
0
0
0
0
0
0
0
0
0
0
0
0
0
0
0
0
0
0
0
0
0
0
0
0
0
0
0
0
0
0
0
0
0
0
0
0
0
0
0
0
0
0
0
0
0
0
0
0
0
0
0
0
0
0
0
0
0
0
0
0
0
0
0
0
0
0
0
0
0
0
0
0
0
0
0
0
0
0
0
0
0
0
0
0
0
0
0
0
0
0
0
0
0
0
0
0
0
0
0
0
0
0
0
0
0
0
0
0
0
0
0
0
0
0
0
0
0
0
0
0
0
0
0
0
0
0
0
0
0
0
0
0
0
0
0
0
0
0
0
0
0
0
0
0
0
0
0
0
0
0
0
0
0
0
0
0
0
0
0
0
0
0
0
0
0
0
0
0
0
0
6.64355e-08
8.19618e-08
0
0
0
0
0
0
0
0
0
0
0
0
0
0
0
0
0
0
0
0
0
0
0
2.3655e-08
0
0
0
0
0
0
0
0
0
0
0
0
0
0
0
0
0
0
0
0
0
0
0
0
0
0
0
0
0
0
0
0
0
0
0
0
0
0
0
0
0
0
0
0
0
0
0
0
0
0
0
0
0
0
0
0
0
0
0
0
0
0
0
0
0
0
0
0
0
0
0
0
0
0
0
0
0
0
0
0
0
0
0
0
0
0
0
0
0
0
0
0
0
0
0
0
0
0
0
0
0
0
0
0
0
0
0
0
0
0
0
0
0
0
0
0
0
0
0
0
0
0
0
0
0
0
0
0
0
0
0
0
0
0
0
0
0
0
0
0
0
0
0
0
0
0
0
0
0
0
0
0
0
0
0
0
0
0
0
0
0
0
0
0
0
0
0
0
0
0
0
0
0
0
0
0
0
0
0
0
0
0
0
0
0
0
0
0
0
0
0
0
0
0
0
0
0
0
0
4.23142e-07
1.36505e-06
0
0
0
0
0
0
0
0
0
0
0
0
0
0
0
0
0
0
0
0
0
0
0
0
5.26527e-06
2.27974e-06
0
0
0
0
0
0
0
0
0
0
0
0
0
0
0
0
0
0
0
0
0
0
0
6.41824e-06
5.07065e-06
0
0
0
0
0
0
0
0
0
0
0
0
0
0
0
0
0
0
0
0
0
0
0
2.32679e-06
3.81012e-06
1.06349e-06
0
0
0
0
0
0
0
0
0
0
0
0
0
0
0
0
0
0
0
0
0
0
0
1.01976e-06
1.19581e-06
0
0
0
0
0
0
0
0
0
0
0
0
0
0
0
0
0
0
0
0
0
0
0
0
2.0477e-07
0
0
0
0
0
0
0
0
0
0
0
0
0
0
0
0
0
0
0
0
0
0
0
0
0
0
0
0
0
0
0
0
0
0
0
0
0
0
0
0
0
0
0
0
0
0
0
0
0
0
0
0
0
0
0
0
0
0
0
0
0
0
0
0
0
0
0
0
0
0
0
0
0
0
0
0
0
0
0
0
0
0
0
0
0
0
0
0
0
0
0
0
0
0
0
0
0
0
0
0
0
0
0
0
0
0
0
0
0
0
0
0
0
0
0
0
0
0
0
0
0
0
0
0
0
0
0
0
0
0
0
0
0
0
0
0
0
0
0
0
0
0
0
0
0
0
0
0
0
0
0
0
0
0
0
0
0
0
0
0
0
0
0
0
0
0
0
0
0
0
0
0
0
0
0
0
0
0
0
0
0
0
0
0
0
0
0
0
0
0
0
0
0
0
0
0
0
0
0
0
0
0
0
0
0
0
0
0
0
0
0
0
0
0
0
0
0
0
0
0
0
0
0
0
0
0
0
0
0
0
0
0
0
0
0
0
0
0
0
0
0
0
0
0
0
0
0
0
0
0
0
0
0
0
0
0
0
0
0
0
0
0
0
0
0
0
0
0
0
0
0
0
0
0
0
0
0
0
0
0
0
0
0
0
0
0
0
0
0
0
0
0
0
0
0
0
0
0
0
0
0
0
0
0
0
0
0
0
0
0
0
0
0
0
0
0
0
0
0
0
0
2.94773e-06
0
0
0
0
0
0
0
0
0
0
0
0
0
0
0
0
0
0
0
0
0
0
0
0
9.24765e-07
5.7728e-06
0
0
0
0
0
0
0
0
0
0
0
0
0
0
0
0
0
0
0
0
0
0
0
2.89564e-06
6.30426e-06
3.10931e-06
0
0
0
0
0
0
0
0
0
0
0
0
0
0
0
0
0
0
0
0
0
0
0
4.345e-07
9.59257e-07
0
0
0
0
0
0
0
0
0
0
0
0
0
0
0
0
0
0
0
0
0
0
0
0
0
0
0
0
0
0
0
0
0
0
0
0
0
0
0
0
0
0
0
0
0
0
0
0
0
0
0
0
0
0
0
0
0
0
0
0
0
0
0
0
0
0
0
0
0
0
0
0
0
0
0
0
0
0
0
0
0
0
0
0
0
0
0
0
0
0
0
0
0
0
0
0
0
8.51303e-08
0
0
0
0
0
0
0
0
0
0
0
0
0
1.0775e-08
1.77853e-09
0
0
0
0
0
0
0
0
0
1.40003e-07
0
0
0
0
0
0
0
0
0
0
0
1.14643e-08
2.99525e-08
4.79219e-08
3.84716e-08
2.59759e-08
0
0
0
1.92442e-08
0
4.34632e-08
0
2.95616e-08
1.57875e-07
0
0
0
0
0
0
1.09525e-08
2.05203e-08
2.49083e-08
3.03344e-08
3.4952e-08
4.17672e-08
4.33827e-08
4.54747e-08
3.76618e-08
3.51886e-08
2.17227e-08
2.77225e-08
1.26429e-08
3.34666e-08
8.10273e-09
4.5368e-08
0
2.87428e-08
1.47322e-07
0
0
0
0
0
2.07648e-08
3.47981e-08
4.07209e-08
4.14314e-08
4.10387e-08
3.84547e-08
3.69373e-08
3.34927e-08
3.22996e-08
2.68182e-08
2.66544e-08
1.96954e-08
2.49352e-08
1.53952e-08
2.77374e-08
9.45081e-09
3.55945e-08
0
1.51204e-08
1.25718e-07
0
0
3.36471e-08
5.08229e-08
6.27253e-08
6.35801e-08
5.7975e-08
5.11992e-08
4.33933e-08
3.75817e-08
3.21178e-08
2.87756e-08
2.49083e-08
2.37836e-08
1.99743e-08
2.07093e-08
1.57092e-08
1.94545e-08
1.28688e-08
2.19228e-08
8.54743e-09
2.76994e-08
0
2.94144e-09
1.2423e-07
0
1.41064e-07
1.26271e-07
9.3692e-08
6.91403e-08
4.82932e-08
3.26519e-08
2.2759e-08
1.5869e-08
1.25649e-08
1.03033e-08
9.72256e-09
8.1837e-09
8.71925e-09
7.01508e-09
8.96751e-09
6.01815e-09
1.0079e-08
5.68886e-09
1.20478e-08
1.62179e-09
1.67335e-08
0
0
1.83218e-07
1.67817e-07
1.98332e-07
1.06671e-07
5.07068e-08
1.91041e-08
4.83888e-10
0
0
0
0
0
0
0
0
0
0
0
0
0
0
0
2.27096e-09
0
0
2.96175e-07
2.80168e-07
1.89184e-07
7.18518e-08
1.16424e-08
0
0
0
0
0
0
0
0
0
0
0
0
0
0
0
0
0
0
0
0
)
;

boundaryField
{
    inlet
    {
        type            calculated;
        value           nonuniform List<scalar> 
30
(
1.05663e-19
1.04204e-19
5.0367e-20
0
0
0
0
0
0
1.6137e-18
1.12456e-16
1.15598e-16
0
0
0
3.97511e-17
3.48838e-17
2.28867e-17
2.93243e-17
6.93833e-17
6.459e-17
0
0
0
8.11039e-17
6.8556e-17
0
0
0
0
)
;
    }
    outlet
    {
        type            calculated;
        value           nonuniform List<scalar> 
57
(
0
0
0
1.78754e-20
0
0
0
0
0
0
0
0
0
0
0
0
0
0
0
0
0
0
0
0
0
0
0
0
0
0
0
0
0
0
0
0
0
0
0
0
0
0
0
0
0
0
0
0
0
0
2.34604e-20
2.39684e-20
1.32487e-20
2.70816e-21
0
0
0
)
;
    }
    upperWall
    {
        type            fixedValue;
        value           uniform 0;
    }
    lowerWall
    {
        type            fixedValue;
        value           uniform 0;
    }
    frontAndBack
    {
        type            empty;
    }
}


// ************************************************************************* //
