/*--------------------------------*- C++ -*----------------------------------*\
| =========                 |                                                 |
| \\      /  F ield         | OpenFOAM: The Open Source CFD Toolbox           |
|  \\    /   O peration     | Version:  2112                                  |
|   \\  /    A nd           | Website:  www.openfoam.com                      |
|    \\/     M anipulation  |                                                 |
\*---------------------------------------------------------------------------*/
FoamFile
{
    version     2.0;
    format      ascii;
    arch        "LSB;label=32;scalar=64";
    class       volScalarField;
    location    "0.03";
    object      yPlus;
}
// * * * * * * * * * * * * * * * * * * * * * * * * * * * * * * * * * * * * * //

dimensions      [0 0 0 0 0 0 0];

internalField   uniform 0;

boundaryField
{
    inlet
    {
        type            calculated;
        value           uniform 0;
    }
    outlet
    {
        type            calculated;
        value           uniform 0;
    }
    upperWall
    {
        type            calculated;
        value           nonuniform List<scalar> 
245
(
0.164743
0.0998474
0.0845231
0.0768411
0.0728689
0.0704455
0.0686684
0.0672175
0.0659634
0.0649237
0.0640533
0.0633164
0.0626916
0.0621548
0.0616664
0.0612516
0.0609065
0.0606155
0.0603359
0.0600817
0.0598702
0.0596633
0.0594896
0.0593176
0.0591755
0.0590538
0.0589426
0.0588417
0.0587588
0.0586846
0.0586215
0.0585711
0.0585312
0.0584741
0.0584022
0.0583433
0.0582985
0.0582548
0.0582255
0.0581812
0.058183
0.0582185
0.0582508
0.0582867
0.0583266
0.0583707
0.0584193
0.0584733
0.0585332
0.0585985
0.0586702
0.0587489
0.0588352
0.0589297
0.0590335
0.059147
0.0592712
0.0594074
0.0595563
0.0597193
0.0598978
0.0600934
0.0603072
0.0605424
0.0607996
0.0610807
0.0614042
0.06176
0.0621587
0.0625785
0.0630369
0.0635493
0.0640907
0.0647044
0.0653996
0.0661783
0.0670546
0.0680418
0.0691552
0.0704286
0.0718681
0.0734207
0.0752268
0.0772603
0.0795727
0.0815709
0.0830864
0.0845739
0.086043
0.0874644
0.0887781
0.0899944
0.0910717
0.0919283
0.0925626
0.0928697
0.0928107
0.0923161
0.0912969
0.0896697
0.0873906
0.0843191
0.0805093
0.0759298
0.0707183
0.0654678
0.0587158
0.0519074
0.0537316
0.0541825
0.034565
0.0452908
0.0899911
0.075533
0.0837766
0.0571101
0.131607
0.16012
0.077405
0.158508
0.201667
0.194269
0.154553
0.0284207
0.144562
0.184513
0.185616
0.107909
0.148265
0.210965
0.225973
0.214527
0.190166
0.162085
0.134953
0.110655
0.0959189
0.0931202
0.0609731
0.0947521
0.139308
0.153535
0.174301
0.193452
0.183677
0.140981
0.0579309
0.106969
0.151102
0.171239
0.175164
0.166542
0.149655
0.130069
0.111891
0.0931579
0.058799
0.0553475
0.0896848
0.106601
0.125344
0.138409
0.134019
0.1194
0.110514
0.11277
0.120785
0.12861
0.13197
0.127433
0.110921
0.072508
0.0676944
0.126554
0.166285
0.195279
0.214438
0.223776
0.223846
0.215034
0.197804
0.173617
0.143376
0.106698
0.0598694
0.0499528
0.0833653
0.100098
0.109293
0.114518
0.117092
0.118257
0.118999
0.118776
0.118194
0.117392
0.116369
0.115048
0.113572
0.111814
0.109719
0.107366
0.10481
0.102043
0.0989888
0.0956615
0.0920455
0.0881724
0.0839432
0.0792956
0.0742595
0.068593
0.0631589
0.0567366
0.0519113
0.0470082
0.0505834
0.0388224
0.0490364
0.0312404
0.0335543
0.0714877
0.0881173
0.105502
0.119629
0.131573
0.141725
0.150195
0.157017
0.16242
0.166834
0.170658
0.17387
0.17604
0.1774
0.178197
0.179093
0.179754
0.181204
0.182282
0.184067
0.184187
0.18637
0.184575
0.189122
)
;
    }
    lowerWall
    {
        type            calculated;
        value           nonuniform List<scalar> 
272
(
0.826925
0.514396
0.441449
0.411682
0.39704
0.387082
0.37905
0.3715
0.365722
0.357875
0.357074
0.352863
0.332864
0.333128
0.330364
0.329417
0.328256
0.326329
0.324909
0.32414
0.323488
0.322686
0.322542
0.323294
0.325058
0.324668
0.325904
0.327624
0.330304
0.325406
0.322617
0.270205
0.266206
0.261705
0.260143
0.259808
0.259905
0.260699
0.264127
0.263006
0.00328638
0.0134503
0.0173694
0.0229465
0.0300657
0.0399034
0.0525436
0.068386
0.0874804
0.109981
0.136323
0.167639
0.204383
0.246661
0.288743
0.321605
0.330429
0.267955
0.382267
0.0442774
0.0823576
0.17181
0.222888
0.141878
0.295096
0.413064
0.378729
0.00624041
0.00972609
0.0161381
0.0212945
0.0261751
0.031099
0.0359845
0.0407983
0.045549
0.0502548
0.0549379
0.0596233
0.0643361
0.0690992
0.0739328
0.0788534
0.0838732
0.088999
0.0942311
0.0995604
0.104967
0.110419
0.115871
0.121268
0.126548
0.13163
0.136391
0.140674
0.144404
0.147636
0.150474
0.153033
0.155446
0.157911
0.160701
0.164239
0.168888
0.17537
0.183973
0.196872
0.214391
0.240838
0.273578
0.311999
0.343618
0.352182
0.341784
0.314732
0.268724
0.203475
0.13582
0.078435
0.155412
0.119944
0.028959
0.213705
0.293864
0.230589
0.205846
0.218698
0.183094
0.175916
0.179503
0.209164
0.236479
0.22947
0.223495
0.225341
0.197076
0.053888
0.149802
0.210578
0.252407
0.283356
0.306096
0.322677
0.334471
0.342999
0.349471
0.354293
0.357856
0.360552
0.362673
0.364488
0.366153
0.367758
0.369277
0.370576
0.37145
0.371615
0.370749
0.368512
0.364606
0.358736
0.350689
0.340368
0.327751
0.312919
0.296034
0.277299
0.256881
0.234802
0.210739
0.18103
0.0765179
0.149503
0.177633
0.195327
0.208914
0.219425
0.227598
0.233798
0.238308
0.241362
0.243162
0.243887
0.243699
0.242742
0.241143
0.238998
0.236382
0.23337
0.230043
0.22649
0.222803
0.219075
0.215409
0.211902
0.20864
0.205693
0.203113
0.200921
0.199118
0.19768
0.196523
0.195524
0.19453
0.193333
0.191676
0.18933
0.186197
0.182369
0.178159
0.174027
0.170441
0.167723
0.165968
0.165071
0.164822
0.164993
0.165401
0.165916
0.166443
0.166917
0.167297
0.167559
0.167692
0.167701
0.167578
0.167325
0.166946
0.16645
0.165854
0.16517
0.164411
0.163589
0.162716
0.161797
0.160851
0.15991
0.159036
0.158262
0.157657
0.157174
0.156875
0.156441
0.156463
0.155513
0.156199
0.153432
0.152706
0.158217
0.159305
0.161953
0.16402
0.166084
0.167909
0.16946
0.170695
0.171601
0.172205
0.172532
0.172688
0.172649
0.172535
0.172216
0.171875
0.171195
0.170631
0.169436
0.168816
0.166904
0.166881
0.163655
0.165664
)
;
    }
    frontAndBack
    {
        type            empty;
    }
}


// ************************************************************************* //
