/*--------------------------------*- C++ -*----------------------------------*\
| =========                 |                                                 |
| \\      /  F ield         | OpenFOAM: The Open Source CFD Toolbox           |
|  \\    /   O peration     | Version:  2112                                  |
|   \\  /    A nd           | Website:  www.openfoam.com                      |
|    \\/     M anipulation  |                                                 |
\*---------------------------------------------------------------------------*/
FoamFile
{
    version     2.0;
    format      ascii;
    arch        "LSB;label=32;scalar=64";
    class       volScalarField;
    location    "0.037";
    object      s;
}
// * * * * * * * * * * * * * * * * * * * * * * * * * * * * * * * * * * * * * //

dimensions      [0 0 0 0 0 0 0];

internalField   nonuniform List<scalar> 
12225
(
1
1
1
1
1
1
1
1
1
1
1
1
1
1
1
1
1
1
1
1
1
1
1
1
1
1
1
1
1
1
1
1
1
1
1
1
1
1
1
1
1
1
1
1
1
1
1
1
1
1
1
1
1
1
1
1
1
1
1
1
1
1
1
1
1
1
1
1
1
1
1
1
1
1
1
1
1
1
1
1
1
1
1
1
1
1
1
1
1
1
1
1
1
1
1
1
1
1
1
1
1
1
1
1
1
1
1
1
1
1
1
1
1
1
1
1
1
1
1
1
1
1
1
1
1
1
1
1
1
1
1
1
1
1
1
1
1
1
1
1
1
1
1
1
1
1
1
1
1
1
1
1
1
1
1
1
1
1
1
1
1
1
1
1
1
1
1
1
1
1
1
1
1
1
1
1
1
1
1
1
1
1
1
1
1
1
1
1
1
1
1
1
1
1
1
1
1
1
1
1
1
1
1
1
1
1
1
1
1
1
1
1
1
1
1
1
1
1
1
1
1
1
1
1
1
1
1
1
1
1
1
1
1
1
1
1
1
1
1
1
1
1
1
1
1
1
1
1
1
1
1
1
1
1
1
1
1
1
1
1
1
1
1
1
1
1
1
1
1
1
1
1
1
1
1
1
1
1
1
1
1
1
1
1
1
1
1
1
1
1
1
1
1
1
1
1
1
1
1
1
1
1
1
1
1
1
1
1
1
1
1
1
1
1
1
1
1
1
1
1
1
1
1
1
1
1
1
1
1
1
1
1
1
1
1
1
1
1
1
1
1
1
1
1
1
1
1
1
1
1
1
1
1
1
1
1
1
1
1
1
1
1
1
1
1
1
1
1
1
1
1
1
1
1
1
1
1
1
1
1
1
1
1
1
1
1
1
1
1
1
1
1
1
1
1
1
1
1
1
1
1
1
1
1
1
1
1
1
1
1
1
1
1
1
1
1
1
1
1
1
1
1
1
1
1
1
1
1
1
1
1
1
1
1
1
1
1
1
1
1
1
1
1
1
1
1
1
1
1
1
1
1
1
1
1
1
1
1
1
1
1
1
1
1
1
1
1
1
1
1
1
1
1
1
1
1
1
1
1
1
1
1
1
1
1
1
1
1
1
1
1
1
1
1
1
1
1
1
1
1
1
1
1
1
1
1
1
1
1
1
1
1
1
1
1
1
1
1
1
1
1
1
1
1
1
1
1
1
1
1
1
1
1
1
1
1
1
1
1
1
0.268219
0.377048
0.417205
0.445066
0.45947
0.465152
0.511947
0.539905
0.560901
0.587016
0.609751
0.62774
0.63954
0.644994
0.64864
0.649226
0.648963
0.64814
0.646181
0.643833
0.64003
0.635044
0.628041
0.62163
0.609077
0.597273
0.575367
0.45914
0.338616
0.356476
0.344831
0.332707
0.329449
0.328653
0.329069
0.344641
0.370194
0.412845
0.431504
0.446626
0.456208
0.458764
0.448839
0.364544
0.299802
0.304961
0.618785
0.846575
0.850724
0.853153
0.855349
0.856487
0.858377
0.859902
0.860513
0.861411
0.862638
0.863073
0.863352
0.86391
0.86434
0.864446
0.864503
0.864558
0.864608
0.864623
0.864608
0.8645
0.864269
0.864085
0.864028
0.864038
0.864246
0.864539
0.865187
0.865946
0.866706
0.867472
0.868103
0.868884
0.870014
0.871181
0.872375
0.873621
0.874874
0.876252
0.877488
0.878743
0.880015
0.881176
0.882272
0.883088
0.883476
0.883649
0.883672
0.88347
0.883067
0.882492
0.881737
0.880768
0.879723
0.878718
0.877663
0.876627
0.87575
0.874979
0.874132
0.873253
0.87245
0.8718
0.871344
0.871099
0.871051
0.871156
0.871307
0.871354
0.871089
0.869638
0.866554
0.863611
0.861081
0.859168
0.857833
0.856905
0.856274
0.855859
0.855507
0.854957
0.853825
0.850978
0.842874
0.831009
0.817276
0.8
0.778801
0.754418
0.726779
0.693484
0.650294
0.593416
0.521933
0.438897
0.350624
0.26478
0.188246
0.125576
0.0783935
0.0457194
0.0248953
0.0126646
0.00602934
0.00269501
0.00113724
0.000454155
0.000166807
5.19346e-05
2.00845e-05
1.07254e-05
5.45098e-06
2.69452e-06
1.30115e-06
6.14008e-07
2.83343e-07
1.2797e-07
5.661e-08
2.45427e-08
1.04328e-08
4.34969e-09
1.77903e-09
7.13767e-10
2.80889e-10
1.08364e-10
4.0964e-11
1.51519e-11
5.47871e-12
1.92981e-12
6.61221e-13
2.18331e-13
6.9336e-14
-1.34223e-12
0.231671
0.309797
0.32267
0.292469
0.275674
0.324087
0.425227
0.507782
0.583222
0.641401
0.668941
0.680062
0.684625
0.686528
0.686333
0.685889
0.686013
0.686477
0.687495
0.690508
0.692266
0.69187
0.689998
0.684682
0.675902
0.657189
0.636426
0.593908
0.487035
0.402127
0.367728
0.32561
0.280163
0.25613
0.26465
0.283495
0.316061
0.400603
0.441991
0.457831
0.467385
0.46722
0.45241
0.422481
0.68986
0.785649
0.825216
0.850965
0.852923
0.854903
0.855915
0.85725
0.858367
0.858769
0.858902
0.858945
0.858737
0.857397
0.854827
0.851843
0.848697
0.844766
0.83967
0.833788
0.827921
0.822747
0.818763
0.815852
0.813406
0.811439
0.810471
0.80998
0.809766
0.809969
0.811435
0.813356
0.816319
0.819504
0.821098
0.823628
0.827502
0.831231
0.835382
0.840236
0.845429
0.85156
0.857772
0.864725
0.872418
0.87997
0.887014
0.893887
0.898767
0.903206
0.907134
0.910698
0.913944
0.916527
0.918858
0.92087
0.92237
0.923262
0.923506
0.922899
0.921411
0.919096
0.915531
0.910613
0.904915
0.899067
0.893955
0.889412
0.88559
0.883151
0.882377
0.882783
0.88598
0.892764
0.899032
0.903696
0.906225
0.906894
0.906549
0.903772
0.895946
0.888274
0.882166
0.878187
0.876488
0.876334
0.877477
0.884102
0.901428
0.915938
0.926221
0.934804
0.942884
0.948927
0.951484
0.951722
0.950952
0.948142
0.940333
0.922692
0.904442
0.890051
0.877858
0.858505
0.815333
0.712924
0.579274
0.44509
0.328844
0.236488
0.165029
0.111418
0.0726495
0.0457163
0.0277633
0.0162801
0.0092254
0.00505707
0.00268458
0.0013817
0.000690217
0.000335012
0.000158125
7.26454e-05
3.24966e-05
1.41649e-05
6.01362e-06
2.48872e-06
1.00203e-06
3.93162e-07
1.49542e-07
5.53752e-08
1.97021e-08
6.79822e-09
2.244e-09
5.76534e-10
0.199376
0.21537
0.217634
0.24701
0.335962
0.473695
0.587751
0.654806
0.68424
0.690842
0.690558
0.687407
0.681685
0.676545
0.664577
0.653714
0.652185
0.653183
0.656258
0.663442
0.673768
0.682797
0.690691
0.695377
0.695753
0.694256
0.689227
0.677173
0.649984
0.584316
0.500572
0.410119
0.345021
0.305144
0.305296
0.31875
0.352813
0.457846
0.526917
0.527141
0.498576
0.48526
0.571479
0.744524
0.817012
0.839229
0.848126
0.851582
0.852722
0.853816
0.854202
0.854363
0.853842
0.850874
0.845976
0.839435
0.829722
0.814983
0.794874
0.778267
0.770595
0.765033
0.758629
0.756013
0.755024
0.75491
0.75582
0.758673
0.761867
0.764597
0.767971
0.771551
0.773138
0.774925
0.776937
0.779599
0.782265
0.784352
0.785676
0.787414
0.789194
0.790823
0.792814
0.795241
0.797831
0.800475
0.803328
0.807196
0.81202
0.818136
0.825795
0.836077
0.847756
0.860117
0.872391
0.883984
0.895568
0.905516
0.914102
0.921262
0.927018
0.931885
0.936285
0.940266
0.943836
0.946998
0.949688
0.951136
0.950768
0.947471
0.9406
0.931935
0.920859
0.90736
0.894556
0.885778
0.88162
0.880951
0.882532
0.8915
0.907614
0.921704
0.932902
0.940599
0.944943
0.946405
0.946136
0.942331
0.925307
0.897965
0.87759
0.867033
0.8641
0.864317
0.868252
0.885473
0.908801
0.92623
0.939055
0.948604
0.956332
0.963509
0.970769
0.977569
0.982644
0.985202
0.985765
0.985547
0.98391
0.977707
0.96967
0.960336
0.941593
0.895256
0.758165
0.562298
0.396796
0.270695
0.17902
0.114705
0.0711942
0.0428124
0.0249549
0.0141098
0.00774466
0.00413062
0.00214229
0.00108147
0.000531573
0.000254645
0.000118825
5.40773e-05
2.39504e-05
1.03471e-05
4.3357e-06
1.77164e-06
6.96493e-07
2.66482e-07
9.69212e-08
3.21797e-08
0.183489
0.211332
0.367274
0.570341
0.664662
0.702815
0.711018
0.709478
0.702137
0.688687
0.667605
0.62928
0.601803
0.574313
0.542691
0.53008
0.530279
0.534304
0.545083
0.570145
0.603767
0.63786
0.664484
0.681664
0.691504
0.694057
0.693847
0.691712
0.685074
0.668207
0.633374
0.57885
0.519212
0.45931
0.445864
0.45538
0.496564
0.616246
0.620739
0.553285
0.563615
0.666188
0.781193
0.824389
0.840056
0.84535
0.847827
0.849008
0.849238
0.849161
0.847928
0.845136
0.838321
0.824129
0.799367
0.767603
0.751191
0.74145
0.735593
0.733808
0.733749
0.736022
0.742477
0.751056
0.758248
0.764177
0.771537
0.778763
0.782702
0.785545
0.788608
0.789672
0.790251
0.791039
0.792068
0.793984
0.79618
0.798439
0.800484
0.802466
0.804755
0.808247
0.81039
0.811901
0.813363
0.813898
0.812682
0.811416
0.810103
0.809415
0.811454
0.814541
0.818597
0.824328
0.831306
0.838488
0.846142
0.854888
0.864321
0.874272
0.884917
0.896065
0.907298
0.918822
0.930472
0.941292
0.9498
0.95635
0.961339
0.964588
0.965978
0.965209
0.961714
0.955899
0.944961
0.927215
0.907002
0.891169
0.882213
0.879241
0.879309
0.882693
0.897688
0.920793
0.940397
0.955264
0.965039
0.970191
0.971751
0.971352
0.966346
0.941548
0.901416
0.877122
0.866757
0.864718
0.866027
0.876024
0.903804
0.926499
0.941774
0.952235
0.960036
0.9666
0.972668
0.978503
0.984043
0.988878
0.992279
0.993961
0.994384
0.994324
0.993724
0.991443
0.984711
0.967249
0.918166
0.762725
0.546306
0.372188
0.243776
0.154313
0.0946192
0.0562522
0.0324542
0.0181885
0.00990893
0.00525203
0.002709
0.00136074
0.000665296
0.000316859
0.00014675
6.61848e-05
2.89488e-05
1.23169e-05
5.05307e-06
2.00978e-06
7.65657e-07
2.69216e-07
0.166489
0.581771
0.700865
0.730491
0.730369
0.724913
0.710803
0.68025
0.623755
0.574314
0.524667
0.495884
0.478498
0.467029
0.455288
0.448583
0.448259
0.449804
0.455223
0.472072
0.513792
0.555648
0.592192
0.627101
0.658716
0.676883
0.685984
0.686896
0.684395
0.676149
0.663416
0.635987
0.599873
0.576946
0.523693
0.521076
0.60628
0.677582
0.656267
0.665197
0.742565
0.799545
0.827591
0.837679
0.841359
0.842837
0.842718
0.840965
0.839572
0.837032
0.832453
0.821789
0.798792
0.759804
0.735743
0.727286
0.724484
0.724102
0.727443
0.736525
0.745479
0.757697
0.778357
0.790307
0.795162
0.797507
0.798195
0.797811
0.794614
0.788885
0.784921
0.781364
0.777897
0.775781
0.774931
0.77525
0.778978
0.784266
0.791912
0.797096
0.803273
0.81205
0.819424
0.825551
0.833652
0.841429
0.847739
0.854523
0.857439
0.857439
0.853434
0.847456
0.842719
0.839517
0.837738
0.839885
0.843421
0.847998
0.85331
0.858947
0.864813
0.870898
0.877284
0.883907
0.891359
0.901218
0.915177
0.932339
0.950047
0.962689
0.969798
0.973529
0.974621
0.973224
0.969484
0.964144
0.952714
0.933424
0.912636
0.895817
0.885776
0.881936
0.881553
0.883162
0.892089
0.917274
0.942639
0.961796
0.974036
0.980155
0.981863
0.981403
0.975877
0.948333
0.904335
0.878445
0.867677
0.865721
0.867485
0.879966
0.911724
0.936389
0.952703
0.963077
0.969824
0.974886
0.979442
0.983842
0.988002
0.991631
0.99444
0.996219
0.996968
0.997068
0.996886
0.99582
0.99176
0.978268
0.934865
0.788009
0.563088
0.381083
0.246762
0.15381
0.0927402
0.0542733
0.0308621
0.0170655
0.00917846
0.00480357
0.00244517
0.00121093
0.00058266
0.000272511
0.00012355
5.43507e-05
2.30801e-05
9.47053e-06
3.74078e-06
1.36894e-06
0.688189
0.731582
0.744022
0.740144
0.723312
0.676764
0.607111
0.539533
0.502063
0.48226
0.465365
0.455454
0.445421
0.438454
0.431284
0.423952
0.422329
0.422956
0.4258
0.434627
0.462847
0.504779
0.536084
0.565977
0.586559
0.618729
0.641665
0.660886
0.670638
0.668626
0.660948
0.639862
0.616593
0.575934
0.513792
0.600968
0.728854
0.729957
0.744938
0.777343
0.81239
0.827826
0.834398
0.836806
0.837442
0.834221
0.83284
0.832034
0.829774
0.824032
0.81143
0.786004
0.746287
0.725924
0.719472
0.718254
0.719478
0.726597
0.739309
0.764126
0.78215
0.787907
0.790078
0.790485
0.788716
0.779954
0.762572
0.739563
0.714988
0.693403
0.676835
0.663885
0.654104
0.648731
0.64775
0.64773
0.653461
0.667039
0.687076
0.703296
0.722304
0.748587
0.774096
0.79204
0.811359
0.830185
0.843887
0.857671
0.869519
0.879258
0.88659
0.890971
0.892543
0.891694
0.888521
0.884958
0.881667
0.879087
0.877549
0.877061
0.877667
0.87927
0.881895
0.884875
0.888103
0.89168
0.896312
0.903409
0.914395
0.933007
0.954622
0.970737
0.97824
0.981167
0.981311
0.978505
0.973023
0.963335
0.947753
0.928762
0.910879
0.897717
0.890488
0.888061
0.888024
0.890148
0.900973
0.929098
0.954329
0.972002
0.98227
0.986442
0.986962
0.985174
0.97342
0.93199
0.894133
0.875081
0.868651
0.868276
0.871951
0.892058
0.926748
0.951142
0.966472
0.975427
0.980603
0.983996
0.986831
0.989644
0.992406
0.994821
0.996623
0.997681
0.998067
0.998085
0.997836
0.996465
0.991007
0.971403
0.902782
0.703722
0.492147
0.328519
0.210029
0.12918
0.0767519
0.0441947
0.0247158
0.0134423
0.00710718
0.0036521
0.00182188
0.000882065
0.000413686
0.000187893
8.23995e-05
3.48503e-05
1.42228e-05
5.39884e-06
0.743559
0.750333
0.745632
0.717088
0.640143
0.553234
0.511764
0.487817
0.470977
0.459268
0.447179
0.43971
0.429396
0.419696
0.413793
0.406605
0.405526
0.406712
0.410669
0.422636
0.458556
0.498074
0.523952
0.542004
0.553618
0.567501
0.588834
0.607483
0.630604
0.647769
0.645865
0.632384
0.607363
0.530064
0.557857
0.735321
0.767077
0.776362
0.800385
0.814522
0.826136
0.830539
0.832466
0.832685
0.830917
0.828939
0.827378
0.824618
0.819184
0.807714
0.784357
0.745907
0.723619
0.717232
0.716153
0.717555
0.724593
0.739929
0.762991
0.775468
0.779716
0.780256
0.772578
0.750804
0.716354
0.668265
0.607893
0.556628
0.521219
0.49693
0.486196
0.482287
0.482882
0.494372
0.515774
0.535616
0.554147
0.573471
0.590677
0.603792
0.616053
0.632112
0.653706
0.68314
0.716804
0.754088
0.789748
0.818895
0.845104
0.868523
0.885225
0.895749
0.901397
0.904526
0.906502
0.908085
0.909876
0.911968
0.913973
0.915715
0.916998
0.917513
0.917735
0.918805
0.919399
0.919324
0.916487
0.911217
0.91066
0.916339
0.929457
0.947566
0.967628
0.980273
0.985415
0.986917
0.986193
0.981595
0.969719
0.953053
0.934642
0.917689
0.904902
0.897356
0.89437
0.894019
0.895184
0.902465
0.927189
0.953853
0.97266
0.98414
0.989379
0.990471
0.989661
0.9832
0.953797
0.910612
0.886081
0.876311
0.874669
0.875902
0.884803
0.915263
0.945716
0.965983
0.978319
0.985214
0.988927
0.991174
0.99296
0.994645
0.996214
0.997483
0.998301
0.998657
0.998708
0.9986
0.99787
0.994665
0.982335
0.937532
0.78278
0.559957
0.381438
0.248895
0.156152
0.0944772
0.0552427
0.0312668
0.0171482
0.00912
0.0047034
0.00235193
0.00113872
0.000533337
0.000241215
0.000105138
4.42803e-05
1.74199e-05
0.748878
0.751154
0.727084
0.637678
0.554448
0.513216
0.488972
0.471659
0.458785
0.446648
0.432028
0.415243
0.395685
0.375781
0.367935
0.366692
0.37007
0.377684
0.385393
0.398749
0.435493
0.479955
0.507215
0.520911
0.530785
0.539565
0.549817
0.569689
0.597052
0.616028
0.630471
0.612929
0.559058
0.541027
0.708829
0.779158
0.796081
0.807952
0.818274
0.822907
0.825393
0.826306
0.822083
0.820269
0.819504
0.819599
0.819507
0.816991
0.808159
0.789133
0.755454
0.725202
0.715321
0.712761
0.712706
0.716714
0.730751
0.749968
0.762098
0.766441
0.764298
0.744567
0.702027
0.622798
0.513394
0.452736
0.421085
0.392307
0.380428
0.376122
0.376149
0.390248
0.412687
0.435859
0.465555
0.497064
0.527652
0.553393
0.573855
0.587921
0.596103
0.60327
0.609856
0.617407
0.627338
0.64167
0.66341
0.697839
0.739261
0.787661
0.836022
0.868369
0.887061
0.896158
0.90096
0.904758
0.908795
0.913445
0.918635
0.924088
0.929403
0.934437
0.938041
0.939654
0.941443
0.945309
0.949415
0.951506
0.948184
0.937204
0.932998
0.937354
0.951887
0.968162
0.981616
0.988267
0.990527
0.990526
0.988313
0.978628
0.957569
0.936972
0.919935
0.90821
0.901967
0.899901
0.899874
0.901774
0.912123
0.938672
0.961477
0.977595
0.987535
0.992262
0.993421
0.993031
0.989327
0.971774
0.931411
0.904614
0.892572
0.889859
0.890433
0.894904
0.914012
0.944047
0.965801
0.979738
0.98787
0.992239
0.994481
0.995796
0.996818
0.997722
0.998452
0.99892
0.999115
0.999137
0.999049
0.998474
0.995918
0.985852
0.948415
0.813634
0.590811
0.407386
0.269084
0.170879
0.104603
0.061837
0.0353381
0.0195314
0.0104389
0.0053935
0.00269252
0.00129801
0.000604074
0.00027096
0.000117555
4.78388e-05
0.750665
0.747727
0.688189
0.584566
0.531194
0.500946
0.479579
0.462912
0.446425
0.423513
0.394542
0.356601
0.31761
0.287396
0.270357
0.276694
0.296558
0.331897
0.36298
0.384465
0.425749
0.467197
0.491065
0.503441
0.510305
0.517323
0.53359
0.554199
0.585023
0.598565
0.595739
0.563774
0.559057
0.639925
0.776157
0.80377
0.813835
0.819307
0.821818
0.822441
0.821538
0.815977
0.811188
0.809533
0.808779
0.808055
0.806275
0.80014
0.785228
0.757659
0.723462
0.707801
0.703137
0.702453
0.705113
0.715676
0.730945
0.746389
0.750869
0.745782
0.71823
0.648207
0.529497
0.440133
0.395678
0.349864
0.326353
0.313999
0.308349
0.307122
0.316777
0.339659
0.360954
0.398169
0.439034
0.480067
0.519059
0.549456
0.572617
0.589134
0.598574
0.604616
0.608549
0.611667
0.614565
0.617577
0.619743
0.623797
0.632238
0.649386
0.684426
0.741434
0.793707
0.823898
0.837308
0.845384
0.854675
0.867401
0.88279
0.900228
0.918173
0.933739
0.945151
0.952883
0.95735
0.958077
0.959222
0.964658
0.969584
0.97172
0.969042
0.959236
0.956066
0.96103
0.973849
0.984545
0.990788
0.99302
0.993124
0.991675
0.984338
0.963195
0.941861
0.926026
0.91647
0.91235
0.911542
0.912071
0.916202
0.933179
0.95592
0.972727
0.984313
0.991459
0.994983
0.995981
0.995868
0.994301
0.987374
0.963727
0.938475
0.924777
0.919973
0.919667
0.921199
0.928516
0.94967
0.969178
0.982172
0.989965
0.994249
0.996456
0.997596
0.99829
0.998802
0.99917
0.999378
0.999446
0.999441
0.999333
0.998739
0.996178
0.9861
0.948326
0.812448
0.591929
0.4102
0.272463
0.174002
0.107073
0.063573
0.0364471
0.0201816
0.0107919
0.00557114
0.00277448
0.00133198
0.000615173
0.000274461
0.000115169
0.751184
0.739424
0.653799
0.568739
0.524657
0.496104
0.472375
0.450409
0.42378
0.387235
0.339408
0.288878
0.249037
0.228872
0.219813
0.220186
0.233296
0.276869
0.331863
0.374037
0.423384
0.466254
0.486678
0.497031
0.502678
0.510401
0.524984
0.55014
0.566913
0.568172
0.559016
0.560489
0.602646
0.754568
0.803819
0.815964
0.820285
0.821586
0.821308
0.81847
0.808595
0.803028
0.800821
0.799424
0.79758
0.794575
0.78868
0.777089
0.757421
0.725627
0.699886
0.693049
0.692248
0.694634
0.700289
0.711091
0.727491
0.73404
0.732383
0.706729
0.630439
0.5101
0.407028
0.349142
0.315466
0.283431
0.263252
0.252992
0.24986
0.251782
0.270883
0.296581
0.333634
0.381882
0.430859
0.476965
0.522309
0.561691
0.591624
0.612489
0.625258
0.630941
0.632088
0.630496
0.627337
0.623954
0.620039
0.618085
0.617736
0.619446
0.623489
0.633706
0.655132
0.680723
0.696901
0.704722
0.711407
0.722451
0.742225
0.772693
0.814876
0.866068
0.911618
0.943334
0.961126
0.969669
0.973194
0.97321
0.974897
0.980245
0.98383
0.984466
0.981207
0.975087
0.974637
0.980463
0.988615
0.993336
0.995025
0.995079
0.99395
0.988098
0.970599
0.953025
0.940907
0.93446
0.932306
0.93219
0.933263
0.939198
0.955922
0.971298
0.982479
0.990029
0.99465
0.997031
0.997847
0.997886
0.99748
0.995708
0.990249
0.976495
0.964186
0.956636
0.953551
0.953346
0.954767
0.961876
0.975839
0.986014
0.992301
0.99581
0.997645
0.998589
0.999104
0.999408
0.99958
0.999653
0.999664
0.999644
0.999491
0.998765
0.995754
0.984029
0.940165
0.788241
0.571746
0.396155
0.263297
0.16825
0.103541
0.0614236
0.0351426
0.0193928
0.0103214
0.00529622
0.00262005
0.00124783
0.0005746
0.000249541
0.751248
0.731096
0.641702
0.564639
0.523769
0.494071
0.465165
0.442108
0.410258
0.366636
0.313006
0.260236
0.230559
0.217669
0.210953
0.208858
0.213118
0.243858
0.297582
0.348518
0.415157
0.463239
0.481835
0.489693
0.493274
0.495963
0.514972
0.538934
0.546134
0.547822
0.558588
0.588412
0.723337
0.796604
0.815582
0.820549
0.821746
0.821465
0.818091
0.807168
0.794138
0.78856
0.786364
0.785024
0.782569
0.777207
0.766752
0.747737
0.717698
0.694262
0.685355
0.680687
0.678588
0.679429
0.690406
0.706914
0.715599
0.71437
0.690946
0.631643
0.532758
0.416968
0.338418
0.300309
0.263322
0.236279
0.22438
0.219196
0.218136
0.226188
0.246519
0.276422
0.321334
0.377835
0.440263
0.506989
0.572735
0.624225
0.6535
0.666298
0.671795
0.673498
0.672893
0.669828
0.664941
0.658072
0.646677
0.635669
0.627304
0.622765
0.62157
0.622767
0.62751
0.636155
0.645862
0.653213
0.658195
0.662303
0.667261
0.675133
0.68919
0.716693
0.773778
0.855641
0.925055
0.961387
0.97657
0.982359
0.98393
0.984099
0.987176
0.990692
0.99198
0.991432
0.987928
0.985892
0.987323
0.992378
0.995545
0.996583
0.996583
0.995735
0.991744
0.981755
0.971595
0.963536
0.958656
0.956742
0.9565
0.957002
0.960429
0.971322
0.981806
0.989194
0.993986
0.996824
0.998329
0.99896
0.999089
0.999041
0.998736
0.997838
0.995576
0.989229
0.981974
0.977198
0.975324
0.975394
0.977348
0.984212
0.990826
0.994946
0.997298
0.998553
0.999203
0.999539
0.999709
0.999784
0.999804
0.999802
0.99976
0.999537
0.998559
0.994624
0.979499
0.923253
0.746414
0.537659
0.371129
0.245805
0.15649
0.0958795
0.0565713
0.0321521
0.0176052
0.00928624
0.00471992
0.0023093
0.0010925
0.000489191
0.751061
0.727054
0.638104
0.567033
0.532323
0.493444
0.462794
0.439068
0.4047
0.358062
0.301971
0.251448
0.229088
0.22114
0.219098
0.219995
0.232709
0.261867
0.304807
0.346009
0.396363
0.442129
0.461044
0.46809
0.474511
0.490952
0.514171
0.530577
0.537977
0.549926
0.579611
0.678959
0.783462
0.812437
0.820174
0.821999
0.822162
0.82064
0.81394
0.802718
0.791587
0.783042
0.777983
0.774788
0.771694
0.766263
0.75642
0.739508
0.710322
0.670928
0.656751
0.657959
0.664044
0.66865
0.679667
0.692425
0.694257
0.68829
0.664481
0.596599
0.486449
0.364763
0.294992
0.263114
0.235479
0.214566
0.206568
0.203824
0.204178
0.214266
0.233779
0.268653
0.319201
0.396044
0.491023
0.577394
0.648186
0.686692
0.704677
0.709101
0.707804
0.703565
0.69755
0.69238
0.688383
0.684993
0.679426
0.669994
0.659152
0.649219
0.641416
0.636004
0.633329
0.634533
0.640434
0.646827
0.652213
0.656587
0.660465
0.664902
0.671151
0.68059
0.695702
0.726743
0.803647
0.902328
0.95729
0.980049
0.987898
0.990576
0.990931
0.992162
0.994755
0.99585
0.9958
0.994398
0.992758
0.992936
0.995245
0.997198
0.99773
0.99766
0.996737
0.994081
0.991749
0.988893
0.984838
0.980435
0.977178
0.975724
0.975533
0.976278
0.980879
0.988263
0.993311
0.99642
0.998171
0.999082
0.999506
0.999653
0.99967
0.999642
0.999509
0.999061
0.997527
0.993149
0.989373
0.987626
0.987359
0.988038
0.991255
0.994983
0.99726
0.998552
0.999244
0.999602
0.999779
0.99986
0.999888
0.999892
0.999881
0.999809
0.999474
0.998084
0.992621
0.971899
0.895356
0.69383
0.496762
0.340588
0.224009
0.141543
0.0859929
0.0502545
0.0282606
0.0152942
0.00797007
0.00399655
0.00193732
0.000890655
0.75077
0.725563
0.641087
0.586776
0.54227
0.494126
0.466035
0.442683
0.410109
0.366782
0.317462
0.279977
0.260325
0.251784
0.24927
0.251199
0.268188
0.294235
0.320923
0.357066
0.39815
0.426944
0.444991
0.460427
0.475379
0.493641
0.51674
0.531227
0.541099
0.567785
0.641092
0.763175
0.805907
0.818263
0.821604
0.822241
0.822111
0.819809
0.812787
0.803105
0.792411
0.783303
0.777111
0.772589
0.768865
0.764106
0.756123
0.74096
0.714375
0.674722
0.643487
0.628447
0.628519
0.641734
0.661147
0.676016
0.679015
0.670453
0.632504
0.566929
0.457954
0.35888
0.289091
0.250122
0.22755
0.20892
0.200666
0.197998
0.200953
0.211012
0.230827
0.272403
0.344358
0.440566
0.53772
0.621521
0.674879
0.709288
0.727216
0.734526
0.73802
0.738056
0.73534
0.731057
0.724503
0.716152
0.706249
0.696938
0.690491
0.683915
0.677125
0.670912
0.664504
0.658425
0.655395
0.656059
0.660415
0.667363
0.674184
0.679553
0.683236
0.687195
0.694113
0.707119
0.732517
0.791124
0.892462
0.955749
0.982353
0.991504
0.994473
0.995188
0.995756
0.997241
0.9979
0.997907
0.997317
0.996421
0.996394
0.997335
0.998363
0.998612
0.998541
0.997855
0.996618
0.996027
0.995642
0.994878
0.992592
0.989293
0.987295
0.986661
0.986764
0.98829
0.992638
0.995923
0.997888
0.998963
0.999505
0.999759
0.999862
0.99989
0.999889
0.999861
0.999711
0.999055
0.996832
0.994786
0.993967
0.993891
0.994227
0.995823
0.997635
0.998723
0.999333
0.999658
0.999824
0.999903
0.999935
0.999942
0.99994
0.999918
0.999801
0.999299
0.997285
0.989513
0.960409
0.853382
0.639977
0.454104
0.308276
0.200675
0.125389
0.0752487
0.0433959
0.0240575
0.0128311
0.00658133
0.00326186
0.00153525
0.750612
0.7255
0.657795
0.604615
0.549594
0.508053
0.47836
0.458865
0.44381
0.412197
0.368733
0.329565
0.307504
0.297401
0.293924
0.294236
0.307579
0.330469
0.349863
0.378581
0.408802
0.429884
0.448772
0.465958
0.483577
0.504487
0.523064
0.5375
0.559915
0.621742
0.743873
0.795882
0.814305
0.819995
0.821642
0.822079
0.821636
0.818689
0.81341
0.80576
0.796698
0.787481
0.779695
0.77395
0.769628
0.765004
0.757964
0.746072
0.725524
0.691911
0.651643
0.626025
0.610647
0.604527
0.612137
0.63267
0.645253
0.646295
0.620217
0.553027
0.468655
0.375564
0.304308
0.259814
0.235616
0.217508
0.209353
0.207778
0.212764
0.226865
0.255019
0.305859
0.382435
0.479671
0.571184
0.640792
0.685942
0.723431
0.760538
0.796858
0.822592
0.833524
0.837032
0.836872
0.831402
0.816762
0.795847
0.773504
0.752681
0.735843
0.722604
0.713975
0.709103
0.704486
0.699274
0.695801
0.695882
0.702355
0.71756
0.733686
0.743727
0.744017
0.742648
0.737997
0.738562
0.758528
0.815966
0.901725
0.960288
0.985304
0.994109
0.996855
0.997635
0.998039
0.998726
0.998996
0.998986
0.998697
0.998308
0.998287
0.99867
0.999127
0.999233
0.9992
0.998923
0.998572
0.998421
0.998294
0.998023
0.997157
0.995187
0.993778
0.993199
0.993164
0.993687
0.995791
0.997708
0.998831
0.99944
0.999744
0.999884
0.999942
0.99996
0.99996
0.999947
0.99986
0.999437
0.998258
0.997474
0.997253
0.99728
0.997585
0.998451
0.99912
0.999521
0.999748
0.99987
0.999932
0.999961
0.99997
0.99997
0.999964
0.999924
0.999743
0.999
0.996085
0.985006
0.943951
0.800737
0.587815
0.411674
0.275924
0.177181
0.109088
0.0644469
0.036554
0.0199269
0.0104392
0.00528122
0.00253954
0.75047
0.727159
0.672085
0.626636
0.57558
0.53004
0.49063
0.472363
0.463445
0.452012
0.430607
0.409164
0.389107
0.378696
0.374173
0.372918
0.376272
0.389576
0.402157
0.416116
0.435679
0.448858
0.467187
0.485337
0.500231
0.520228
0.538745
0.562337
0.616218
0.7314
0.786215
0.8087
0.817067
0.819973
0.821083
0.821175
0.820438
0.81827
0.814922
0.810959
0.805779
0.799562
0.792229
0.784162
0.776718
0.770688
0.764199
0.755719
0.74367
0.724497
0.689949
0.644473
0.616256
0.600676
0.591056
0.588828
0.591056
0.593249
0.586111
0.555049
0.49521
0.417082
0.35003
0.295308
0.264032
0.245014
0.236097
0.238948
0.248788
0.270028
0.305043
0.357926
0.43601
0.527449
0.607533
0.65314
0.692399
0.747293
0.823149
0.884224
0.912239
0.926729
0.936563
0.943767
0.947706
0.947185
0.938946
0.924284
0.902921
0.873853
0.838586
0.804035
0.782341
0.772741
0.767474
0.762684
0.758142
0.757187
0.766165
0.789155
0.818054
0.843237
0.849163
0.842262
0.817441
0.799039
0.806011
0.856826
0.924474
0.969621
0.989143
0.996135
0.998264
0.998935
0.999286
0.999506
0.999557
0.999534
0.999383
0.999258
0.999258
0.999412
0.99958
0.999618
0.999607
0.999538
0.999484
0.999449
0.999383
0.999213
0.998635
0.997731
0.9971
0.996796
0.996746
0.996939
0.997877
0.99886
0.999427
0.99973
0.99988
0.999948
0.999976
0.999984
0.999984
0.999973
0.999905
0.999583
0.999124
0.998935
0.998918
0.998975
0.999243
0.999556
0.999749
0.999862
0.999926
0.999961
0.999978
0.999985
0.999986
0.999984
0.99997
0.999906
0.999634
0.998548
0.994354
0.978564
0.92044
0.741819
0.535382
0.36942
0.2437
0.153851
0.0930463
0.0539516
0.0300325
0.016052
0.00827906
0.00406104
0.750354
0.727728
0.683451
0.658467
0.614239
0.574444
0.533376
0.503909
0.488902
0.472236
0.462218
0.453095
0.442653
0.438285
0.436199
0.435714
0.438756
0.446826
0.454017
0.464303
0.478187
0.488883
0.503237
0.519445
0.534664
0.559622
0.590904
0.64595
0.730423
0.780122
0.802529
0.812528
0.817146
0.819363
0.820019
0.820099
0.819668
0.818075
0.815771
0.813712
0.811213
0.807942
0.8043
0.799937
0.794859
0.789208
0.783342
0.777519
0.769852
0.759302
0.74233
0.713226
0.667078
0.624341
0.599877
0.5871
0.578702
0.571121
0.563812
0.551648
0.52168
0.478356
0.431503
0.384603
0.344943
0.322788
0.309316
0.311761
0.321309
0.342323
0.382685
0.43851
0.515839
0.592601
0.63739
0.660482
0.695356
0.78225
0.872486
0.911518
0.929866
0.942429
0.953407
0.963375
0.971719
0.978105
0.981884
0.983168
0.982372
0.978647
0.970169
0.952018
0.925304
0.903261
0.891203
0.88229
0.868486
0.846517
0.826789
0.824483
0.843755
0.888013
0.924001
0.938254
0.936508
0.907164
0.867799
0.865207
0.901058
0.950269
0.979999
0.993004
0.997662
0.99912
0.999608
0.99978
0.999821
0.999821
0.999797
0.999734
0.999711
0.999718
0.999776
0.999822
0.999833
0.999832
0.999826
0.999818
0.999801
0.999758
0.999616
0.999301
0.999009
0.99878
0.998654
0.99863
0.998699
0.99907
0.999504
0.999755
0.999887
0.999951
0.99998
0.999991
0.999993
0.999993
0.999982
0.999922
0.999757
0.999664
0.999648
0.99966
0.999732
0.99984
0.999908
0.999948
0.999971
0.999984
0.999991
0.999994
0.999994
0.999994
0.999989
0.999966
0.999867
0.999464
0.997881
0.991817
0.969125
0.885746
0.678371
0.482319
0.326925
0.211599
0.130963
0.0775954
0.044083
0.0240242
0.0126236
0.00631131
0.750422
0.729161
0.695539
0.679359
0.652421
0.6176
0.593671
0.574946
0.56019
0.550926
0.545408
0.540272
0.536828
0.53501
0.534625
0.537445
0.543883
0.549638
0.554932
0.561556
0.570985
0.581846
0.594594
0.611377
0.63476
0.667533
0.704237
0.742935
0.778271
0.794531
0.804813
0.812355
0.816161
0.81777
0.81833
0.818511
0.81828
0.817365
0.815771
0.814288
0.81287
0.811075
0.809066
0.806782
0.80413
0.801149
0.79779
0.794012
0.789313
0.783422
0.775271
0.762332
0.742189
0.710193
0.664145
0.620868
0.595667
0.578582
0.566598
0.555113
0.535472
0.513875
0.480549
0.44761
0.428503
0.403925
0.399872
0.404346
0.417403
0.445469
0.492186
0.548066
0.594288
0.629274
0.652008
0.668037
0.707184
0.816926
0.886122
0.91411
0.924505
0.930656
0.940842
0.955211
0.968513
0.978514
0.985451
0.990048
0.993093
0.994831
0.99534
0.994629
0.99083
0.985164
0.981673
0.979869
0.97717
0.97069
0.951197
0.921709
0.905888
0.910853
0.946531
0.971431
0.97775
0.976358
0.958669
0.92335
0.918236
0.940603
0.972047
0.988846
0.996143
0.998785
0.999616
0.999858
0.999921
0.999929
0.999925
0.999909
0.999899
0.999898
0.999908
0.999924
0.99993
0.999931
0.999931
0.999931
0.999927
0.999916
0.999874
0.999778
0.99969
0.999608
0.99954
0.999505
0.999503
0.999544
0.999698
0.999837
0.999918
0.999962
0.999984
0.999993
0.999997
0.999997
0.999996
0.999986
0.999946
0.999911
0.999903
0.999905
0.999922
0.999952
0.999972
0.999983
0.99999
0.999994
0.999997
0.999998
0.999998
0.999998
0.999996
0.999987
0.999951
0.9998
0.999194
0.996831
0.987828
0.954274
0.831924
0.613341
0.427407
0.283671
0.179664
0.108745
0.0630223
0.0349995
0.0187226
0.00953352
0.751492
0.732878
0.700887
0.689279
0.678487
0.666409
0.656059
0.650345
0.647044
0.645323
0.644689
0.646945
0.65189
0.658375
0.66387
0.671732
0.675718
0.680065
0.683772
0.688898
0.694839
0.70304
0.710739
0.719343
0.729894
0.743685
0.759335
0.775233
0.786725
0.793898
0.803866
0.809799
0.812807
0.814141
0.814856
0.815258
0.815217
0.814868
0.814202
0.813437
0.812553
0.811277
0.809808
0.80822
0.806496
0.804653
0.802636
0.800474
0.797731
0.794491
0.790151
0.78397
0.775688
0.762153
0.74284
0.71499
0.675383
0.63548
0.604426
0.581433
0.563838
0.547654
0.525494
0.511168
0.498888
0.498821
0.502717
0.513668
0.531711
0.561649
0.595891
0.614993
0.63046
0.651715
0.662635
0.677802
0.727871
0.831097
0.887923
0.89961
0.88559
0.877278
0.881596
0.903584
0.93613
0.960472
0.977263
0.987374
0.992861
0.995796
0.997483
0.99839
0.99863
0.998305
0.997548
0.997187
0.996963
0.99654
0.995566
0.99256
0.984784
0.978591
0.97713
0.985309
0.991929
0.992423
0.990513
0.977843
0.958348
0.955878
0.969406
0.98662
0.994805
0.998229
0.999459
0.999839
0.999941
0.999963
0.999964
0.999961
0.999959
0.99996
0.999965
0.999969
0.999969
0.999969
0.999969
0.999968
0.999967
0.999964
0.999954
0.999921
0.999887
0.999861
0.999838
0.999822
0.999818
0.999824
0.999863
0.999921
0.999958
0.99998
0.999991
0.999996
0.999998
0.999999
0.999999
0.999997
0.999989
0.999979
0.999976
0.999977
0.99998
0.999987
0.999992
0.999995
0.999997
0.999998
0.999999
0.999999
0.999999
0.999999
0.999998
0.999995
0.999981
0.999923
0.999685
0.99874
0.995074
0.981157
0.929407
0.759598
0.543638
0.370097
0.239913
0.148339
0.087685
0.0496108
0.027008
0.0140024
0.754246
0.744746
0.710796
0.696708
0.686942
0.679149
0.675402
0.67426
0.676825
0.682278
0.690032
0.701018
0.714653
0.727634
0.736012
0.746716
0.751973
0.755895
0.758057
0.758846
0.758415
0.758087
0.757682
0.75763
0.758777
0.763822
0.769871
0.775595
0.784575
0.789756
0.797392
0.800836
0.802677
0.803571
0.8054
0.80682
0.80698
0.806895
0.807117
0.807782
0.808717
0.808869
0.808361
0.807411
0.80612
0.804637
0.803002
0.801403
0.799399
0.797444
0.794285
0.791304
0.787135
0.779891
0.773226
0.761926
0.744453
0.724179
0.700576
0.66842
0.643881
0.627147
0.614553
0.604225
0.5976
0.59737
0.599932
0.606503
0.616524
0.631441
0.64289
0.648594
0.660612
0.674303
0.68225
0.694446
0.733014
0.831214
0.876292
0.869082
0.855328
0.852087
0.852269
0.856339
0.876267
0.921258
0.954856
0.97622
0.988171
0.994226
0.997146
0.998537
0.999217
0.999531
0.999629
0.999645
0.999639
0.99961
0.999536
0.999321
0.998454
0.997299
0.997044
0.997338
0.997825
0.997795
0.997262
0.994649
0.986074
0.978883
0.978447
0.986122
0.994303
0.99788
0.999294
0.999788
0.999936
0.999973
0.999979
0.999979
0.999978
0.999979
0.999983
0.999985
0.999985
0.999985
0.999984
0.999984
0.999983
0.999983
0.99998
0.999972
0.999956
0.999944
0.999935
0.999929
0.999927
0.999928
0.999938
0.999962
0.999979
0.999989
0.999995
0.999998
0.999999
1
1
0.999999
0.999998
0.999996
0.999995
0.999995
0.999995
0.999997
0.999998
0.999999
0.999999
1
1
1
1
1
0.999999
0.999998
0.999993
0.999969
0.999873
0.999484
0.99795
0.992022
0.969575
0.886095
0.673264
0.470663
0.312392
0.197314
0.118938
0.0685329
0.0379493
0.0200215
0.758159
0.760245
0.7386
0.727695
0.721655
0.718981
0.721667
0.730491
0.745849
0.766677
0.788689
0.812722
0.831268
0.843628
0.85913
0.866802
0.871985
0.87439
0.87504
0.872794
0.867812
0.859278
0.847619
0.83122
0.812537
0.79418
0.779417
0.77252
0.770683
0.775091
0.779275
0.781061
0.781746
0.781526
0.78279
0.785299
0.787463
0.78877
0.789799
0.791169
0.793999
0.797459
0.800019
0.801376
0.801655
0.801323
0.800636
0.799741
0.798365
0.796931
0.794244
0.79211
0.788893
0.78429
0.78121
0.775749
0.767364
0.760436
0.750312
0.733181
0.721451
0.705273
0.691463
0.68306
0.674369
0.670159
0.668647
0.668845
0.669928
0.672223
0.674579
0.678423
0.688038
0.697442
0.701185
0.706124
0.732095
0.822444
0.855369
0.855531
0.850603
0.849381
0.849277
0.849822
0.85366
0.878222
0.927125
0.960514
0.98013
0.990555
0.995688
0.998078
0.999138
0.999598
0.999809
0.999902
0.999938
0.999947
0.999946
0.999932
0.999862
0.999655
0.99954
0.999512
0.999483
0.999405
0.999114
0.99804
0.995275
0.992363
0.990515
0.990629
0.994355
0.997785
0.999216
0.999748
0.999924
0.999974
0.999985
0.999986
0.999986
0.999987
0.999989
0.999991
0.999992
0.999992
0.999991
0.999991
0.999991
0.999991
0.999991
0.999989
0.999983
0.999977
0.999973
0.99997
0.999969
0.999969
0.999972
0.999981
0.999989
0.999994
0.999997
0.999999
0.999999
1
1
1
1
0.999999
0.999999
0.999999
0.999999
0.999999
1
1
1
1
1
1
1
1
1
0.999999
0.999997
0.999987
0.999947
0.999783
0.999125
0.996537
0.986557
0.948819
0.811361
0.584793
0.397456
0.256479
0.157646
0.0924931
0.0520779
0.0279493
0.76011
0.772393
0.76496
0.762168
0.760487
0.767255
0.779495
0.800682
0.818247
0.836764
0.859626
0.875138
0.886714
0.892808
0.898938
0.901577
0.903874
0.906007
0.907324
0.907661
0.910409
0.914928
0.920891
0.923837
0.92466
0.924128
0.912418
0.876729
0.829691
0.783351
0.763307
0.764993
0.768995
0.770619
0.771519
0.771985
0.772081
0.772243
0.772741
0.774062
0.775684
0.778277
0.78107
0.784242
0.787206
0.788951
0.790185
0.791413
0.791515
0.791335
0.790505
0.789365
0.787372
0.783877
0.781546
0.777761
0.772503
0.769649
0.764778
0.758057
0.751817
0.741801
0.736387
0.72937
0.717676
0.711042
0.70956
0.706796
0.703735
0.703688
0.704482
0.707674
0.711795
0.711577
0.710043
0.710871
0.728401
0.801991
0.842857
0.849942
0.849798
0.84937
0.8492
0.848894
0.849749
0.85794
0.900992
0.945809
0.972419
0.986791
0.993986
0.997383
0.998901
0.999545
0.99981
0.999921
0.999968
0.999985
0.99999
0.99999
0.999985
0.999959
0.99992
0.999897
0.999874
0.999827
0.999677
0.999044
0.997836
0.996843
0.9962
0.996012
0.996365
0.998075
0.999242
0.999736
0.999917
0.999973
0.999988
0.99999
0.99999
0.99999
0.999992
0.999994
0.999995
0.999995
0.999995
0.999995
0.999995
0.999995
0.999995
0.999995
0.999993
0.999991
0.999989
0.999988
0.999988
0.999988
0.999989
0.999992
0.999995
0.999997
0.999999
0.999999
1
1
1
1
1
1
1
1
1
1
1
1
1
1
1
1
1
1
1
1
0.999999
0.999995
0.999978
0.999907
0.999616
0.998453
0.99388
0.976239
0.909515
0.710022
0.493604
0.325486
0.203994
0.121851
0.0697415
0.0380651
0.755036
0.776373
0.771945
0.777106
0.789258
0.802063
0.820874
0.832478
0.856421
0.869993
0.884387
0.892213
0.895468
0.896363
0.896524
0.893546
0.890181
0.887701
0.885007
0.883733
0.882764
0.882514
0.884544
0.896379
0.91233
0.929762
0.949903
0.963481
0.967811
0.952959
0.877906
0.791212
0.764332
0.760438
0.7604
0.7611
0.763347
0.76417
0.76424
0.764018
0.76426
0.765185
0.766851
0.768897
0.77192
0.774426
0.77619
0.77787
0.779456
0.779551
0.77962
0.779608
0.779452
0.778893
0.778051
0.776188
0.772338
0.770069
0.767322
0.763821
0.759568
0.755815
0.753255
0.748408
0.742413
0.736469
0.731794
0.729694
0.728297
0.726748
0.726573
0.726469
0.72592
0.721941
0.713665
0.712752
0.722225
0.781046
0.831429
0.84621
0.849388
0.850577
0.850291
0.848603
0.848398
0.852137
0.879595
0.931721
0.965258
0.98364
0.992717
0.9969
0.998725
0.999489
0.999799
0.999921
0.99997
0.999989
0.999996
0.999997
0.999997
0.999994
0.999983
0.999974
0.999965
0.999946
0.999886
0.999577
0.998881
0.998379
0.998143
0.998125
0.998348
0.99897
0.999477
0.99978
0.999921
0.999974
0.99999
0.999993
0.999993
0.999993
0.999994
0.999996
0.999997
0.999997
0.999997
0.999997
0.999998
0.999998
0.999998
0.999997
0.999997
0.999996
0.999995
0.999995
0.999995
0.999995
0.999996
0.999997
0.999998
0.999999
0.999999
1
1
1
1
1
1
1
1
1
1
1
1
1
1
1
1
1
1
1
1
1
0.999999
0.999998
0.99999
0.999959
0.999826
0.999285
0.997106
0.988514
0.955333
0.830285
0.597481
0.402719
0.257309
0.156445
0.0909959
0.0504977
0.748607
0.784959
0.785202
0.789049
0.808673
0.815496
0.840777
0.854628
0.870773
0.885103
0.892311
0.895726
0.896634
0.896613
0.895719
0.894748
0.895612
0.896257
0.894932
0.893152
0.889959
0.882704
0.877911
0.876135
0.877798
0.882999
0.899543
0.935819
0.963911
0.978808
0.985484
0.979681
0.907496
0.805697
0.771113
0.761828
0.758081
0.757583
0.75852
0.759115
0.759115
0.758946
0.759213
0.759918
0.761442
0.763767
0.765822
0.767668
0.769537
0.770835
0.771152
0.771128
0.771037
0.770802
0.770385
0.770117
0.769043
0.767981
0.766513
0.763604
0.761664
0.759846
0.756979
0.754784
0.753163
0.749317
0.744911
0.743547
0.743129
0.741478
0.73903
0.73776
0.735548
0.726997
0.715032
0.712498
0.716944
0.758144
0.816746
0.840279
0.8489
0.851918
0.851696
0.848381
0.847148
0.849392
0.869203
0.921932
0.959469
0.980786
0.991568
0.996522
0.998621
0.999463
0.999793
0.999921
0.999971
0.99999
0.999997
0.999999
0.999999
0.999999
0.999996
0.999992
0.999989
0.999983
0.999964
0.999876
0.999475
0.999082
0.998931
0.998928
0.99909
0.999418
0.99967
0.999841
0.999934
0.999976
0.999991
0.999995
0.999996
0.999996
0.999996
0.999997
0.999998
0.999998
0.999998
0.999998
0.999998
0.999999
0.999999
0.999999
0.999999
0.999998
0.999998
0.999997
0.999997
0.999998
0.999998
0.999999
0.999999
1
1
1
1
1
1
1
1
1
1
1
1
1
1
1
1
1
1
1
1
1
1
1
1
0.999999
0.999996
0.999981
0.999918
0.999654
0.998562
0.994151
0.976723
0.90953
0.705813
0.484871
0.315727
0.195328
0.115411
0.0650942
0.725358
0.780646
0.790221
0.794698
0.812708
0.828994
0.845723
0.865517
0.876755
0.888756
0.894042
0.896346
0.896931
0.896801
0.896605
0.898376
0.899284
0.898468
0.896346
0.894675
0.893166
0.8899
0.883404
0.878733
0.877794
0.879667
0.889253
0.919531
0.952671
0.971517
0.983706
0.990183
0.989152
0.963875
0.863053
0.791029
0.76605
0.758424
0.75492
0.754738
0.755447
0.755996
0.755929
0.755966
0.756281
0.75712
0.758779
0.760516
0.762262
0.763939
0.765066
0.765775
0.765774
0.765718
0.765568
0.76534
0.764766
0.764235
0.763624
0.762462
0.761553
0.760096
0.757832
0.756585
0.75579
0.753675
0.751473
0.750704
0.749873
0.747042
0.743478
0.741451
0.738359
0.72847
0.713977
0.709454
0.71135
0.736525
0.797946
0.831144
0.846381
0.85158
0.851647
0.847321
0.844365
0.846144
0.864345
0.917604
0.9572
0.979619
0.990976
0.996257
0.998528
0.999446
0.999792
0.999923
0.999972
0.99999
0.999997
0.999999
0.999999
0.999999
0.999999
0.999998
0.999996
0.999994
0.999989
0.999968
0.99986
0.999531
0.99934
0.999313
0.999392
0.99961
0.999775
0.999885
0.999949
0.99998
0.999992
0.999996
0.999997
0.999997
0.999997
0.999998
0.999998
0.999998
0.999999
0.999999
0.999999
0.999999
0.999999
0.999999
0.999999
0.999999
0.999999
0.999999
0.999999
0.999999
0.999999
0.999999
1
1
1
1
1
1
1
1
1
1
1
1
1
1
1
1
1
1
1
1
1
1
1
1
1
1
0.999998
0.999991
0.999959
0.999822
0.999241
0.996829
0.987078
0.948702
0.804991
0.567941
0.376603
0.236901
0.142104
0.0814086
0.702644
0.771255
0.78827
0.794903
0.810125
0.829161
0.843984
0.865166
0.876426
0.888197
0.893743
0.896192
0.896922
0.896838
0.896836
0.898412
0.89929
0.897841
0.894327
0.893006
0.891978
0.890128
0.884406
0.879426
0.878959
0.880669
0.888826
0.917264
0.952619
0.974448
0.984279
0.99122
0.993981
0.992375
0.976465
0.901554
0.810363
0.771956
0.758742
0.753362
0.752011
0.752377
0.753554
0.754008
0.754064
0.754267
0.75501
0.756203
0.757568
0.759066
0.760454
0.761657
0.762409
0.762659
0.762649
0.762594
0.762433
0.76222
0.761796
0.761302
0.760917
0.759862
0.758323
0.757587
0.756295
0.754471
0.753292
0.752661
0.75164
0.748304
0.7444
0.74206
0.73815
0.725529
0.707744
0.70125
0.701797
0.716024
0.773029
0.817321
0.840146
0.848961
0.849548
0.84506
0.840462
0.841982
0.860658
0.915591
0.956268
0.979224
0.990814
0.996191
0.998506
0.99943
0.999791
0.999927
0.999975
0.999991
0.999997
0.999999
1
1
1
0.999999
0.999999
0.999998
0.999996
0.999989
0.999963
0.99984
0.999674
0.999599
0.999599
0.999693
0.99983
0.999914
0.99996
0.999983
0.999993
0.999997
0.999998
0.999998
0.999998
0.999998
0.999998
0.999999
0.999999
0.999999
0.999999
0.999999
0.999999
0.999999
0.999999
0.999999
0.999999
0.999999
0.999999
0.999999
0.999999
1
1
1
1
1
1
1
1
1
1
1
1
1
1
1
1
1
1
1
1
1
1
1
1
1
1
1
0.999999
0.999995
0.999979
0.999903
0.999572
0.998163
0.99233
0.968907
0.877706
0.647488
0.43702
0.279325
0.169959
0.0988082
0.666701
0.740635
0.775511
0.792614
0.804345
0.827087
0.83984
0.861869
0.874408
0.885991
0.892479
0.895548
0.896698
0.896733
0.896717
0.897604
0.897693
0.896395
0.893814
0.892781
0.891659
0.888531
0.88079
0.878358
0.878776
0.882536
0.897506
0.938163
0.96932
0.984777
0.991729
0.995066
0.996886
0.996992
0.994996
0.981016
0.922445
0.822951
0.777274
0.758936
0.752234
0.749421
0.749726
0.751095
0.752034
0.752634
0.753259
0.754025
0.754976
0.756089
0.757344
0.758704
0.759885
0.76067
0.761036
0.761092
0.761075
0.761011
0.760842
0.760589
0.760287
0.759395
0.758223
0.757573
0.756255
0.754513
0.753403
0.75258
0.750912
0.746259
0.742261
0.738626
0.731456
0.712463
0.694865
0.688006
0.687885
0.696089
0.742916
0.797523
0.829274
0.842752
0.843959
0.839675
0.835267
0.837475
0.858453
0.914501
0.955621
0.978933
0.990703
0.996153
0.998496
0.999442
0.999803
0.999933
0.999978
0.999993
0.999998
0.999999
1
1
1
1
0.999999
0.999999
0.999997
0.999994
0.999983
0.999928
0.999812
0.999748
0.999736
0.999757
0.999849
0.999923
0.999964
0.999984
0.999993
0.999997
0.999998
0.999998
0.999998
0.999998
0.999999
0.999999
0.999999
0.999999
0.999999
0.999999
0.999999
1
1
1
1
1
1
1
1
1
1
1
1
1
1
1
1
1
1
1
1
1
1
1
1
1
1
1
1
1
1
1
1
1
1
1
0.999999
0.999997
0.999988
0.999943
0.99974
0.998856
0.995111
0.979786
0.91919
0.722653
0.494236
0.320435
0.197572
0.116435
0.520715
0.674967
0.722433
0.765425
0.786909
0.817932
0.833007
0.854518
0.870069
0.881615
0.889501
0.894007
0.895971
0.896168
0.896077
0.895868
0.895427
0.894186
0.89311
0.892319
0.890465
0.884433
0.87846
0.878049
0.879885
0.888699
0.918298
0.95576
0.97811
0.989285
0.994394
0.996603
0.99792
0.998293
0.998071
0.995675
0.982248
0.931623
0.829685
0.78003
0.758581
0.750966
0.746712
0.746717
0.747979
0.749947
0.751245
0.752348
0.753376
0.75438
0.75554
0.756835
0.758175
0.759337
0.760007
0.760186
0.760193
0.760167
0.760059
0.75983
0.75947
0.758468
0.757596
0.756923
0.755382
0.753328
0.751765
0.749622
0.744466
0.736276
0.730209
0.7237
0.708774
0.690893
0.67895
0.674455
0.674218
0.678762
0.711618
0.772416
0.813642
0.832638
0.834935
0.830883
0.827687
0.831535
0.860172
0.920071
0.959519
0.981195
0.991891
0.996733
0.998767
0.999561
0.999851
0.999951
0.999984
0.999995
0.999998
1
1
1
1
1
0.999999
0.999999
0.999997
0.999995
0.999987
0.999956
0.999862
0.9998
0.999784
0.999793
0.999853
0.999924
0.999964
0.999984
0.999993
0.999997
0.999998
0.999998
0.999998
0.999998
0.999999
0.999999
0.999999
0.999999
0.999999
0.999999
0.999999
1
1
1
1
1
1
1
1
1
1
1
1
1
1
1
1
1
1
1
1
1
1
1
1
1
1
1
1
1
1
1
1
1
1
1
1
0.999998
0.999992
0.999964
0.99983
0.999232
0.996649
0.985891
0.942747
0.783644
0.545519
0.358292
0.223576
0.133401
0.974439
0.925256
0.773844
0.758717
0.768796
0.789547
0.810361
0.837489
0.860932
0.875278
0.884922
0.891113
0.894268
0.895051
0.895013
0.894823
0.894371
0.893498
0.892802
0.89142
0.887433
0.878547
0.876969
0.878183
0.88463
0.905491
0.949006
0.977545
0.990149
0.995431
0.997675
0.998607
0.999125
0.999327
0.999293
0.998867
0.99604
0.98261
0.935828
0.834018
0.781578
0.758291
0.749167
0.744103
0.743031
0.743966
0.746572
0.749084
0.750868
0.752383
0.753828
0.755258
0.756784
0.758183
0.758919
0.759063
0.759055
0.758994
0.758789
0.758446
0.757752
0.756454
0.755534
0.754084
0.750478
0.74704
0.743333
0.735076
0.72217
0.714409
0.706503
0.694881
0.68417
0.675615
0.670504
0.668667
0.668561
0.67042
0.686084
0.743822
0.793916
0.818867
0.822986
0.820067
0.818677
0.825587
0.867897
0.93214
0.968586
0.986302
0.99435
0.997794
0.999181
0.999709
0.999901
0.999967
0.999989
0.999997
0.999999
1
1
1
1
1
0.999999
0.999999
0.999997
0.999994
0.999987
0.999965
0.999885
0.99982
0.999801
0.999804
0.999849
0.999919
0.999961
0.999982
0.999992
0.999996
0.999998
0.999998
0.999998
0.999998
0.999998
0.999999
0.999999
0.999999
0.999999
0.999999
0.999999
1
1
1
1
1
1
1
1
1
1
1
1
1
1
1
1
1
1
1
1
1
1
1
1
1
1
1
1
1
1
1
1
1
1
1
1
0.999999
0.999995
0.999976
0.999884
0.999461
0.997595
0.989694
0.957563
0.83223
0.591982
0.393959
0.248697
0.150171
0.99895
0.995718
0.981619
0.948036
0.892268
0.81484
0.810275
0.81612
0.832052
0.85405
0.87404
0.884588
0.890186
0.892583
0.893286
0.893235
0.892963
0.892375
0.891027
0.887682
0.878109
0.87531
0.876393
0.882454
0.900024
0.944386
0.975117
0.989097
0.995129
0.997684
0.998809
0.999281
0.999522
0.999666
0.99968
0.999619
0.999101
0.996117
0.983254
0.942896
0.842676
0.784904
0.759458
0.747352
0.742319
0.738465
0.738645
0.740282
0.743935
0.747626
0.750137
0.752157
0.754305
0.756007
0.756631
0.756663
0.756602
0.756402
0.75593
0.754988
0.752892
0.750602
0.746962
0.739765
0.732187
0.725642
0.716162
0.705373
0.698523
0.692713
0.686156
0.679497
0.673715
0.669568
0.667428
0.666843
0.666944
0.667997
0.673954
0.710625
0.769436
0.800763
0.807397
0.806642
0.807749
0.821896
0.87819
0.939664
0.972705
0.988377
0.995294
0.998183
0.999329
0.999762
0.999918
0.999973
0.999991
0.999997
0.999999
1
1
1
1
0.999999
0.999998
0.999997
0.999992
0.999986
0.99998
0.999963
0.999896
0.999827
0.999804
0.999805
0.999836
0.999907
0.999953
0.999978
0.99999
0.999995
0.999997
0.999998
0.999998
0.999998
0.999998
0.999998
0.999998
0.999999
0.999999
0.999999
0.999999
1
1
1
1
1
1
1
1
1
1
1
1
1
1
1
1
1
1
1
1
1
1
1
1
1
1
1
1
1
1
1
1
1
1
1
1
0.999999
0.999997
0.999983
0.999914
0.999594
0.998158
0.991997
0.966693
0.866987
0.631587
0.425393
0.271603
0.165925
0.999953
0.999741
0.998698
0.995101
0.985881
0.958561
0.902901
0.844962
0.834734
0.837732
0.845986
0.858458
0.871362
0.880144
0.885497
0.887188
0.886928
0.885641
0.881618
0.87333
0.872564
0.874029
0.881673
0.901508
0.948077
0.975948
0.989275
0.995323
0.99794
0.999041
0.999512
0.999713
0.999805
0.999863
0.999875
0.999865
0.999781
0.999227
0.996393
0.985282
0.953148
0.862509
0.79433
0.762384
0.747047
0.740082
0.735606
0.732763
0.733166
0.735158
0.738456
0.743422
0.747771
0.74948
0.749618
0.74949
0.749029
0.74797
0.745546
0.741662
0.737054
0.731373
0.72367
0.716237
0.710064
0.702355
0.694488
0.688977
0.68533
0.681606
0.67734
0.673142
0.669667
0.667587
0.666671
0.666604
0.666926
0.668039
0.671786
0.689373
0.744899
0.779337
0.787307
0.789172
0.795434
0.825267
0.898717
0.949472
0.977129
0.9903
0.996085
0.998492
0.999445
0.999804
0.999933
0.999978
0.999993
0.999998
0.999999
1
1
1
0.999999
0.999997
0.999995
0.999991
0.999979
0.999956
0.999949
0.999939
0.999896
0.999826
0.999796
0.999794
0.999812
0.999881
0.999938
0.99997
0.999986
0.999994
0.999997
0.999998
0.999998
0.999998
0.999998
0.999998
0.999998
0.999999
0.999999
0.999999
0.999999
1
1
1
1
1
1
1
1
1
1
1
1
1
1
1
1
1
1
1
1
1
1
1
1
1
1
1
1
1
1
1
1
1
1
1
1
0.999999
0.999997
0.999986
0.999929
0.99966
0.998442
0.99317
0.971382
0.885224
0.658582
0.447142
0.288207
0.177834
0.999998
0.999986
0.999914
0.999589
0.998473
0.994725
0.98462
0.959653
0.914981
0.870921
0.854226
0.854864
0.85721
0.860694
0.863871
0.866792
0.866788
0.865826
0.866035
0.867649
0.872841
0.885372
0.916773
0.958182
0.980324
0.991132
0.996129
0.998332
0.999268
0.999659
0.999825
0.999898
0.999931
0.999951
0.999958
0.999956
0.999944
0.999856
0.999343
0.996952
0.988434
0.96338
0.893508
0.81239
0.769673
0.749343
0.738468
0.733155
0.729315
0.726253
0.726309
0.727471
0.730869
0.731873
0.731865
0.73169
0.731046
0.729414
0.725601
0.721551
0.717137
0.711637
0.705834
0.700735
0.695265
0.689639
0.685238
0.682514
0.680539
0.678079
0.674966
0.671689
0.668987
0.667458
0.66731
0.667902
0.670112
0.672339
0.675484
0.686883
0.728961
0.755944
0.762085
0.768899
0.78826
0.848589
0.92445
0.967518
0.986991
0.994857
0.997975
0.99922
0.999711
0.999897
0.999965
0.999988
0.999996
0.999999
1
1
1
0.999999
0.999997
0.99999
0.999983
0.999974
0.99995
0.999881
0.999859
0.999861
0.999853
0.999801
0.999765
0.999761
0.999772
0.999835
0.99991
0.999955
0.999979
0.999991
0.999996
0.999997
0.999998
0.999998
0.999998
0.999998
0.999998
0.999998
0.999999
0.999999
0.999999
0.999999
1
1
1
1
1
1
1
1
1
1
1
1
1
1
1
1
1
1
1
1
1
1
1
1
1
1
1
1
1
1
1
1
1
1
1
1
0.999998
0.999987
0.999935
0.999688
0.998564
0.99368
0.97346
0.893469
0.673395
0.460367
0.299164
0.18622
1
0.999999
0.999995
0.999971
0.999866
0.999447
0.998074
0.994187
0.984849
0.968159
0.93559
0.907289
0.886653
0.877759
0.873675
0.873721
0.874346
0.87653
0.882541
0.894134
0.917476
0.95207
0.974874
0.987698
0.994287
0.997457
0.9989
0.999527
0.999792
0.999902
0.99995
0.999971
0.999981
0.999987
0.999989
0.999989
0.999986
0.999974
0.999896
0.999481
0.997715
0.99174
0.973979
0.931648
0.842054
0.785806
0.755453
0.739941
0.731596
0.726398
0.722402
0.720129
0.719387
0.718414
0.71742
0.71676
0.715805
0.713552
0.71022
0.706842
0.703337
0.699661
0.696056
0.692483
0.688826
0.685479
0.682992
0.681361
0.679938
0.677962
0.675113
0.672239
0.6706
0.670386
0.67082
0.67396
0.681603
0.686016
0.688937
0.69656
0.723034
0.736889
0.745263
0.76033
0.797163
0.885603
0.949933
0.980763
0.992906
0.997413
0.999055
0.999656
0.999877
0.999958
0.999986
0.999995
0.999999
0.999999
1
1
0.999999
0.999997
0.999991
0.999969
0.999944
0.999922
0.999866
0.999712
0.999665
0.999674
0.999706
0.999708
0.99969
0.999688
0.9997
0.999765
0.999866
0.99993
0.999967
0.999985
0.999993
0.999996
0.999997
0.999997
0.999997
0.999997
0.999997
0.999997
0.999998
0.999999
0.999999
0.999999
0.999999
1
1
1
1
1
1
1
1
1
1
1
1
1
1
1
1
1
1
1
1
1
1
1
1
1
1
1
1
1
1
1
1
1
1
1
0.999998
0.999987
0.999936
0.999694
0.998591
0.993811
0.97407
0.896123
0.679482
0.467369
0.305955
0.192024
1
1
1
0.999998
0.999991
0.999955
0.999814
0.999353
0.998076
0.995275
0.989302
0.979903
0.96696
0.957526
0.944714
0.941335
0.942738
0.947443
0.957975
0.970417
0.981454
0.98947
0.994497
0.997315
0.998761
0.999451
0.999763
0.999898
0.999955
0.999979
0.999989
0.999994
0.999996
0.999997
0.999998
0.999998
0.999997
0.999996
0.999986
0.999925
0.999631
0.998478
0.994661
0.983896
0.958876
0.897931
0.81827
0.772489
0.747429
0.733249
0.724961
0.720653
0.717348
0.713976
0.710958
0.709019
0.707231
0.704798
0.70197
0.699238
0.696853
0.69466
0.692614
0.690407
0.687654
0.684808
0.683026
0.68236
0.681817
0.680463
0.678685
0.677794
0.67786
0.678235
0.679666
0.68664
0.69954
0.706261
0.70901
0.713273
0.723481
0.732635
0.74248
0.76551
0.835809
0.920644
0.967016
0.987508
0.995538
0.998441
0.999454
0.999808
0.999933
0.999977
0.999993
0.999998
0.999999
1
1
0.999999
0.999997
0.99999
0.999972
0.999903
0.999823
0.999762
0.999607
0.999307
0.999241
0.999265
0.999376
0.999478
0.99952
0.999541
0.999571
0.99966
0.999797
0.999892
0.999948
0.999977
0.99999
0.999995
0.999996
0.999996
0.999996
0.999996
0.999996
0.999996
0.999997
0.999998
0.999999
0.999999
0.999999
0.999999
1
1
1
1
1
1
1
1
1
1
1
1
1
1
1
1
1
1
1
1
1
1
1
1
1
1
1
1
1
1
1
1
1
0.999999
0.999997
0.999987
0.999934
0.999687
0.998574
0.993785
0.974099
0.89668
0.68246
0.472622
0.311797
0.197447
1
1
1
1
1
0.999997
0.999986
0.999946
0.999819
0.999493
0.998762
0.997459
0.994464
0.992859
0.989484
0.988781
0.989234
0.990652
0.992939
0.995208
0.997059
0.998351
0.999146
0.999586
0.99981
0.999916
0.999964
0.999984
0.999993
0.999997
0.999998
0.999999
0.999999
1
1
1
1
0.999999
0.999998
0.999991
0.99995
0.999768
0.999094
0.996954
0.991218
0.976733
0.948091
0.8814
0.810377
0.76784
0.743197
0.729483
0.721467
0.715669
0.711356
0.708208
0.705793
0.70318
0.700119
0.697246
0.695167
0.693922
0.692691
0.690582
0.687909
0.685793
0.684882
0.684815
0.685068
0.686188
0.687767
0.689072
0.690238
0.691454
0.693717
0.700042
0.709369
0.718389
0.723326
0.725535
0.729124
0.735909
0.752018
0.799081
0.894172
0.954507
0.982446
0.993545
0.997669
0.999163
0.9997
0.999893
0.999963
0.999988
0.999996
0.999999
0.999999
0.999999
0.999999
0.999997
0.999989
0.999968
0.999911
0.999702
0.999477
0.999292
0.998834
0.998344
0.998301
0.998373
0.998654
0.999001
0.999186
0.999261
0.999342
0.999514
0.999697
0.999834
0.999919
0.999964
0.999984
0.999992
0.999995
0.999995
0.999995
0.999994
0.999994
0.999995
0.999996
0.999997
0.999998
0.999998
0.999999
0.999999
0.999999
1
1
1
1
1
1
1
1
1
1
1
1
1
1
1
1
1
1
1
1
1
1
1
1
1
1
1
1
1
1
1
1
0.999999
0.999997
0.999986
0.999931
0.99968
0.998565
0.993821
0.974506
0.89908
0.68935
0.481721
0.320802
0.2054
1
1
1
1
1
1
0.999999
0.999997
0.999987
0.999961
0.999896
0.999768
0.999421
0.999209
0.998708
0.998641
0.998726
0.998958
0.999249
0.999507
0.999704
0.999836
0.999916
0.999959
0.999981
0.999992
0.999996
0.999998
0.999999
1
1
1
1
1
1
1
1
1
1
0.999999
0.999994
0.999971
0.999873
0.999528
0.998482
0.995628
0.988848
0.972206
0.94543
0.885959
0.817216
0.773371
0.747093
0.730606
0.719754
0.712922
0.708719
0.70528
0.701525
0.697963
0.695849
0.694986
0.693588
0.691535
0.690166
0.689829
0.689887
0.690147
0.690923
0.693532
0.696079
0.698001
0.700946
0.703668
0.705507
0.708092
0.714467
0.725057
0.734869
0.741119
0.747804
0.761029
0.792771
0.879054
0.947835
0.979172
0.992065
0.997072
0.998935
0.999613
0.999859
0.999949
0.999982
0.999994
0.999998
0.999999
0.999999
0.999999
0.999998
0.99999
0.999966
0.999898
0.999716
0.999106
0.998547
0.997937
0.996691
0.996175
0.996224
0.996482
0.997183
0.998071
0.998555
0.998774
0.998988
0.999265
0.999537
0.999743
0.999872
0.999943
0.999976
0.999989
0.999993
0.999993
0.999993
0.999992
0.999992
0.999993
0.999995
0.999996
0.999997
0.999998
0.999998
0.999999
0.999999
0.999999
1
1
1
1
1
1
1
1
1
1
1
1
1
1
1
1
1
1
1
1
1
1
1
1
1
1
1
1
1
1
1
0.999999
0.999997
0.999986
0.999932
0.999692
0.998646
0.994272
0.976712
0.908841
0.710684
0.503104
0.339211
0.220328
1
1
1
1
1
1
1
1
0.999999
0.999998
0.999994
0.999985
0.999961
0.999941
0.999894
0.999892
0.999902
0.999925
0.999949
0.999968
0.999981
0.99999
0.999995
0.999998
0.999999
1
1
1
1
1
1
1
1
1
1
1
1
1
1
1
0.999999
0.999997
0.999986
0.999941
0.999789
0.999333
0.998109
0.99507
0.98866
0.974161
0.9495
0.906334
0.849422
0.79786
0.763241
0.741542
0.728708
0.719829
0.711762
0.705228
0.701851
0.70063
0.699351
0.697625
0.696468
0.696319
0.696501
0.696972
0.697902
0.700131
0.702282
0.705225
0.710038
0.716116
0.721114
0.724719
0.730302
0.745777
0.765686
0.779264
0.794243
0.82201
0.892541
0.949189
0.977693
0.990825
0.996413
0.998644
0.999496
0.999814
0.999932
0.999975
0.999991
0.999997
0.999999
0.999999
0.999999
0.999998
0.999993
0.999969
0.99989
0.999673
0.999082
0.997444
0.996073
0.9939
0.991831
0.991639
0.991928
0.992688
0.994386
0.996282
0.997405
0.997998
0.998462
0.998922
0.999328
0.999627
0.999815
0.999916
0.999964
0.999984
0.99999
0.999991
0.99999
0.99999
0.99999
0.99999
0.999992
0.999994
0.999996
0.999996
0.999997
0.999998
0.999999
0.999999
0.999999
0.999999
0.999999
0.999999
0.999999
0.999999
0.999999
0.999999
0.999999
0.999999
1
1
1
1
1
1
1
1
1
1
1
1
1
1
1
1
1
1
1
1
1
0.999999
0.999997
0.999987
0.999941
0.999739
0.99888
0.995369
0.98155
0.928935
0.757537
0.546678
0.374515
0.247661
1
1
1
1
1
1
1
1
1
1
1
0.999999
0.999998
0.999997
0.999994
0.999994
0.999995
0.999997
0.999998
0.999999
0.999999
1
1
1
1
1
1
1
1
1
1
1
1
1
1
1
1
1
1
1
1
1
0.999999
0.999994
0.999977
0.999919
0.999746
0.999282
0.998168
0.995618
0.989877
0.979685
0.963469
0.931488
0.891515
0.854406
0.818973
0.787903
0.762747
0.744922
0.734029
0.727764
0.723899
0.721654
0.719677
0.717806
0.717817
0.718353
0.719646
0.722563
0.726561
0.731698
0.740104
0.754012
0.76935
0.780685
0.793447
0.818248
0.839115
0.854364
0.877277
0.925928
0.960053
0.980357
0.99109
0.996221
0.998478
0.999409
0.999775
0.999915
0.999969
0.999989
0.999996
0.999998
0.999999
0.999999
0.999999
0.999995
0.999977
0.9999
0.999649
0.998966
0.997019
0.993233
0.989386
0.984683
0.982754
0.982942
0.983877
0.985878
0.989384
0.993114
0.995566
0.996774
0.997544
0.998261
0.998905
0.99939
0.999697
0.999864
0.999943
0.999975
0.999985
0.999987
0.999987
0.999986
0.999986
0.999986
0.999989
0.999992
0.999994
0.999995
0.999996
0.999997
0.999998
0.999998
0.999999
0.999999
0.999999
0.999999
0.999999
0.999999
0.999999
0.999999
0.999999
0.999999
0.999999
0.999999
1
1
1
1
1
1
1
1
1
1
1
1
1
1
1
1
1
1
1
1
0.999998
0.999991
0.999958
0.99982
0.99925
0.996985
0.988286
0.955764
0.83658
0.623843
0.435734
0.293863
1
1
1
1
1
1
1
1
1
1
1
1
1
1
1
1
1
1
1
1
1
1
1
1
1
1
1
1
1
1
1
1
1
1
1
1
1
1
1
1
1
1
1
1
0.999998
0.999992
0.999972
0.999914
0.999761
0.999386
0.998522
0.996707
0.993463
0.986445
0.968243
0.95451
0.945887
0.929176
0.894534
0.865867
0.851646
0.841474
0.830447
0.819155
0.811497
0.807303
0.80229
0.797204
0.795273
0.796437
0.801137
0.807352
0.817856
0.842926
0.870862
0.895972
0.922948
0.942841
0.952321
0.958742
0.968123
0.978636
0.987399
0.993344
0.9968
0.998576
0.999402
0.999759
0.999906
0.999964
0.999986
0.999995
0.999998
0.999999
0.999999
0.999999
0.999997
0.999985
0.999924
0.999681
0.998894
0.996824
0.990845
0.983371
0.975221
0.969046
0.96869
0.96945
0.971503
0.975261
0.981531
0.987743
0.992078
0.99482
0.996512
0.99768
0.998579
0.999218
0.999613
0.999826
0.999926
0.999967
0.99998
0.999982
0.999982
0.99998
0.99998
0.999981
0.999984
0.999988
0.999991
0.999993
0.999994
0.999995
0.999996
0.999997
0.999997
0.999998
0.999998
0.999998
0.999998
0.999998
0.999998
0.999998
0.999998
0.999998
0.999999
0.999999
0.999999
0.999999
0.999999
0.999999
1
1
1
1
1
1
1
1
1
1
1
1
1
1
1
1
0.999999
0.999995
0.999979
0.999909
0.999631
0.998557
0.994523
0.97957
0.923781
0.747775
0.530922
0.364253
1
1
1
1
1
1
1
1
1
1
1
1
1
1
1
1
1
1
1
1
1
1
1
1
1
1
1
1
1
1
1
1
1
1
1
1
1
1
1
1
1
1
1
1
1
0.999999
0.999997
0.999991
0.999973
0.999925
0.99981
0.999551
0.999008
0.997301
0.993967
0.991608
0.987004
0.977376
0.971136
0.967117
0.958725
0.943983
0.933511
0.931158
0.931954
0.935699
0.938748
0.939774
0.937815
0.933832
0.934043
0.93608
0.940299
0.950449
0.962729
0.973182
0.981187
0.986559
0.989491
0.990992
0.99233
0.99414
0.996135
0.997779
0.998863
0.999468
0.999767
0.999903
0.999961
0.999985
0.999994
0.999997
0.999999
0.999999
0.999999
0.999998
0.999992
0.999955
0.999766
0.999029
0.996724
0.990844
0.977006
0.965933
0.960332
0.95562
0.954609
0.955195
0.957595
0.962219
0.970014
0.980085
0.987931
0.992147
0.994518
0.996316
0.997743
0.99876
0.999387
0.999724
0.999883
0.999948
0.99997
0.999975
0.999975
0.999973
0.999972
0.999973
0.999978
0.999983
0.999987
0.999989
0.999991
0.999992
0.999994
0.999994
0.999995
0.999996
0.999996
0.999996
0.999996
0.999996
0.999996
0.999996
0.999996
0.999997
0.999997
0.999998
0.999998
0.999998
0.999999
0.999999
0.999999
0.999999
1
1
1
1
1
1
1
1
1
1
1
1
1
1
1
0.999998
0.999992
0.999966
0.999859
0.999444
0.997862
0.991899
0.969403
0.885172
0.660307
0.458071
1
1
1
1
1
1
1
1
1
1
1
1
1
1
1
1
1
1
1
1
1
1
1
1
1
1
1
1
1
1
1
1
1
1
1
1
1
1
1
1
1
1
1
1
1
1
1
0.999999
0.999997
0.999992
0.99998
0.999949
0.999877
0.9996
0.999196
0.998797
0.997743
0.995251
0.993919
0.99333
0.992409
0.988842
0.984286
0.982539
0.982486
0.983177
0.985094
0.986256
0.986587
0.985965
0.983886
0.983565
0.983915
0.985299
0.989028
0.99253
0.995006
0.996521
0.997354
0.997737
0.997939
0.998245
0.998738
0.999235
0.999593
0.999803
0.999911
0.999962
0.999984
0.999993
0.999997
0.999998
0.999999
0.999999
0.999998
0.999996
0.999977
0.999862
0.999303
0.997192
0.990776
0.974654
0.963394
0.956818
0.954382
0.950692
0.94818
0.948115
0.948878
0.951378
0.958085
0.970689
0.981407
0.988431
0.992639
0.995338
0.99722
0.998494
0.999263
0.99967
0.99986
0.999937
0.999961
0.999966
0.999965
0.999962
0.999962
0.999962
0.999968
0.999976
0.999981
0.999985
0.999987
0.999988
0.999989
0.99999
0.999991
0.999992
0.999993
0.999994
0.999994
0.999994
0.999994
0.999994
0.999994
0.999994
0.999995
0.999996
0.999996
0.999997
0.999997
0.999998
0.999998
0.999999
0.999999
0.999999
0.999999
0.999999
0.999999
0.999999
0.999999
1
1
1
1
1
1
1
1
0.999999
0.999997
0.999987
0.999944
0.999771
0.999085
0.996393
0.985889
0.945576
0.793031
0.55946
1
1
1
1
1
1
1
1
1
1
1
1
1
1
1
1
1
1
1
1
1
1
1
1
1
1
1
1
1
1
1
1
1
1
1
1
1
1
1
1
1
1
1
1
1
1
1
1
1
0.999999
0.999998
0.999996
0.999989
0.999965
0.999932
0.999886
0.999747
0.999385
0.999204
0.999147
0.999079
0.998746
0.997773
0.99726
0.997164
0.997219
0.997543
0.99783
0.997922
0.997868
0.99729
0.996876
0.996849
0.996959
0.997511
0.998351
0.998932
0.999262
0.999425
0.9995
0.999533
0.99956
0.999636
0.999771
0.999875
0.999938
0.999971
0.999987
0.999994
0.999997
0.999998
0.999998
0.999998
0.999998
0.999997
0.999988
0.999929
0.999566
0.997877
0.991819
0.97364
0.962481
0.957976
0.953668
0.951573
0.947958
0.944137
0.943585
0.944046
0.945568
0.949356
0.959746
0.973925
0.983928
0.989785
0.993461
0.996076
0.997872
0.998961
0.999536
0.999803
0.99991
0.999945
0.999952
0.999952
0.999947
0.999946
0.999947
0.999954
0.999966
0.999974
0.999978
0.99998
0.999981
0.999981
0.999981
0.999983
0.999986
0.999988
0.99999
0.99999
0.99999
0.99999
0.999989
0.999989
0.999989
0.999989
0.999991
0.999992
0.999994
0.999995
0.999996
0.999997
0.999998
0.999998
0.999999
0.999999
0.999999
0.999999
0.999999
0.999999
0.999999
0.999999
1
1
1
1
1
1
1
0.999999
0.999994
0.999972
0.999879
0.999484
0.997847
0.991169
0.964635
0.860504
0.623725
1
1
1
1
1
1
1
1
1
1
1
1
1
1
1
1
1
1
1
1
1
1
1
1
1
1
1
1
1
1
1
1
1
1
1
1
1
1
1
1
1
1
1
1
1
1
1
1
1
1
1
1
0.999999
0.999998
0.999996
0.999993
0.999982
0.999952
0.999939
0.999937
0.999934
0.999907
0.999799
0.999732
0.999718
0.999723
0.999758
0.999785
0.999792
0.999776
0.999664
0.999587
0.999573
0.999582
0.999641
0.999759
0.999842
0.999886
0.999905
0.99991
0.999911
0.999913
0.99992
0.999945
0.999969
0.999984
0.999992
0.999996
0.999997
0.999998
0.999998
0.999998
0.999997
0.999995
0.999991
0.999963
0.999756
0.99854
0.993171
0.975141
0.962522
0.95837
0.95616
0.952423
0.948918
0.942249
0.936439
0.93605
0.937081
0.940244
0.943969
0.952365
0.966169
0.977334
0.98517
0.990808
0.994762
0.997281
0.998707
0.999427
0.999752
0.999882
0.999923
0.999931
0.999929
0.999923
0.999921
0.999922
0.999932
0.999949
0.99996
0.999967
0.999969
0.999969
0.999969
0.999969
0.999969
0.999972
0.999978
0.999982
0.999983
0.999983
0.999983
0.999981
0.99998
0.999979
0.999979
0.999981
0.999985
0.999988
0.999991
0.999993
0.999995
0.999996
0.999997
0.999997
0.999998
0.999998
0.999998
0.999998
0.999998
0.999998
0.999999
0.999999
0.999999
1
1
1
1
1
0.999999
0.999996
0.99998
0.999909
0.999596
0.998253
0.992632
0.96989
0.880527
0.647421
1
1
1
1
1
1
1
1
1
1
1
1
1
1
1
1
1
1
1
1
1
1
1
1
1
1
1
1
1
1
1
1
1
1
1
1
1
1
1
1
1
1
1
1
1
1
1
1
1
1
1
1
1
1
1
1
0.999999
0.999998
0.999997
0.999997
0.999997
0.999995
0.999988
0.999984
0.999983
0.999984
0.999986
0.999987
0.999987
0.999984
0.999971
0.999965
0.999964
0.999965
0.999968
0.999978
0.999985
0.999988
0.999988
0.999989
0.999988
0.999987
0.999988
0.99999
0.999994
0.999997
0.999998
0.999998
0.999998
0.999998
0.999997
0.999994
0.999991
0.999988
0.999975
0.999874
0.999104
0.994753
0.976793
0.962698
0.959166
0.957866
0.95553
0.950128
0.939602
0.928324
0.921258
0.921156
0.922823
0.927731
0.935659
0.94767
0.962971
0.975247
0.983789
0.989748
0.99403
0.996886
0.998543
0.999372
0.999732
0.999865
0.999904
0.999908
0.999903
0.999889
0.999884
0.999885
0.999899
0.999925
0.99994
0.999946
0.999947
0.999946
0.999944
0.999943
0.999944
0.999948
0.999961
0.999969
0.999972
0.999972
0.99997
0.999965
0.999962
0.999961
0.999961
0.999963
0.99997
0.999976
0.999981
0.999985
0.999989
0.999992
0.999993
0.999995
0.999995
0.999995
0.999995
0.999996
0.999996
0.999997
0.999998
0.999998
0.999999
0.999999
0.999999
0.999999
0.999999
0.999999
0.999999
0.999996
0.999981
0.999915
0.999617
0.998326
0.992898
0.970952
0.885284
0.654231
1
1
1
1
1
1
1
1
1
1
1
1
1
1
1
1
1
1
1
1
1
1
1
1
1
1
1
1
1
1
1
1
1
1
1
1
1
1
1
1
1
1
1
1
1
1
1
1
1
1
1
1
1
1
1
1
1
1
1
1
1
1
1
0.999999
0.999999
0.999999
1
1
1
0.999999
0.999999
0.999998
0.999998
0.999998
0.999998
0.999999
0.999999
0.999999
0.999999
0.999999
0.999999
0.999999
0.999999
0.999998
0.999999
0.999999
0.999998
0.999997
0.999996
0.999994
0.999991
0.999982
0.999976
0.999967
0.999926
0.999523
0.996576
0.980331
0.96051
0.958982
0.960331
0.96029
0.954525
0.938155
0.925095
0.917026
0.91255
0.912239
0.91338
0.916914
0.924288
0.940248
0.95724
0.970747
0.980655
0.988152
0.993482
0.996773
0.998527
0.99935
0.999698
0.999823
0.999852
0.999853
0.999838
0.99982
0.999815
0.99982
0.999849
0.999886
0.999904
0.999909
0.999909
0.999904
0.999896
0.999894
0.999895
0.999906
0.999933
0.999948
0.999953
0.999953
0.999949
0.999938
0.999931
0.999928
0.999929
0.999932
0.999943
0.999954
0.999962
0.999969
0.999976
0.999982
0.999986
0.999989
0.99999
0.999991
0.999991
0.999992
0.999993
0.999994
0.999995
0.999996
0.999997
0.999998
0.999998
0.999999
0.999999
0.999999
0.999998
0.999995
0.999981
0.999912
0.999607
0.998287
0.9928
0.970837
0.885689
0.655444
1
1
1
1
1
1
1
1
1
1
1
1
1
1
1
1
1
1
1
1
1
1
1
1
1
1
1
1
1
1
1
1
1
1
1
1
1
1
1
1
1
1
1
1
1
1
1
1
1
1
1
1
1
1
1
1
1
1
1
1
1
1
1
1
1
1
1
1
1
1
1
1
1
1
1
1
1
1
1
1
1
1
0.999999
0.999999
0.999998
0.999997
0.999995
0.999988
0.999982
0.999977
0.999966
0.999949
0.999936
0.999912
0.999757
0.998025
0.987253
0.95663
0.955308
0.962658
0.970496
0.964413
0.945968
0.930504
0.91986
0.91339
0.909956
0.90916
0.909962
0.913746
0.924529
0.941802
0.958242
0.971169
0.980965
0.988531
0.993823
0.996997
0.998641
0.999391
0.999688
0.999782
0.999797
0.99979
0.999757
0.999728
0.999719
0.999723
0.99976
0.999814
0.999837
0.999841
0.999839
0.999821
0.999803
0.9998
0.999804
0.99983
0.999883
0.999912
0.99992
0.99992
0.999911
0.999888
0.999874
0.99987
0.999871
0.999876
0.999891
0.999904
0.999916
0.99993
0.999945
0.999958
0.999969
0.999977
0.999981
0.999983
0.999983
0.999984
0.999986
0.999988
0.999989
0.99999
0.999992
0.999994
0.999996
0.999997
0.999997
0.999998
0.999997
0.999994
0.999979
0.999909
0.999597
0.998265
0.992774
0.970998
0.887383
0.660489
1
1
1
1
1
1
1
1
1
1
1
1
1
1
1
1
1
1
1
1
1
1
1
1
1
1
1
1
1
1
1
1
1
1
1
1
1
1
1
1
1
1
1
1
1
1
1
1
1
1
1
1
1
1
1
1
1
1
1
1
1
1
1
1
1
1
1
1
1
1
1
1
1
1
1
1
1
1
1
1
0.999999
0.999997
0.999995
0.999988
0.999981
0.999976
0.999965
0.999934
0.999918
0.999906
0.999874
0.999844
0.999817
0.999755
0.999075
0.991101
0.95362
0.94631
0.959737
0.980078
0.978141
0.96155
0.94243
0.928956
0.91905
0.913017
0.910413
0.91056
0.912783
0.919085
0.933152
0.949182
0.962637
0.97383
0.983091
0.990269
0.995087
0.997756
0.998997
0.999485
0.999647
0.999677
0.99967
0.999621
0.999552
0.999514
0.999506
0.999521
0.999601
0.99968
0.999708
0.99971
0.999698
0.999649
0.999615
0.99961
0.99962
0.999683
0.999787
0.999841
0.999856
0.999855
0.999835
0.99979
0.999766
0.99976
0.999761
0.999769
0.99978
0.999788
0.999803
0.999831
0.999868
0.999903
0.999931
0.99995
0.99996
0.999964
0.999966
0.999967
0.999969
0.999973
0.999976
0.999978
0.99998
0.999984
0.999989
0.999992
0.999995
0.999995
0.999995
0.999992
0.999978
0.999911
0.999619
0.998399
0.993472
0.974217
0.900894
0.688441
1
1
1
1
1
1
1
1
1
1
1
1
1
1
1
1
1
1
1
1
1
1
1
1
1
1
1
1
1
1
1
1
1
1
1
1
1
1
1
1
1
1
1
1
1
1
1
1
1
1
1
1
1
1
1
1
1
1
1
1
1
1
1
1
1
1
1
1
1
1
1
1
1
1
1
1
1
0.999999
0.999997
0.999993
0.999983
0.999968
0.999935
0.999881
0.99985
0.999826
0.999764
0.999667
0.999637
0.999597
0.99956
0.999537
0.999491
0.999341
0.996353
0.959939
0.929675
0.942512
0.979084
0.987141
0.981311
0.965422
0.952699
0.941961
0.932415
0.9257
0.922504
0.922052
0.926669
0.936355
0.948293
0.958937
0.969407
0.979382
0.988023
0.993986
0.997219
0.9987
0.999282
0.999485
0.999526
0.999516
0.999457
0.999351
0.999254
0.99919
0.99917
0.999183
0.999276
0.999387
0.99942
0.999419
0.999387
0.999282
0.999217
0.999206
0.999229
0.999362
0.999568
0.999672
0.999701
0.999699
0.999665
0.999589
0.999551
0.999541
0.999541
0.999546
0.99955
0.999554
0.999563
0.999596
0.999687
0.999782
0.999849
0.99989
0.999911
0.999918
0.999921
0.999923
0.999928
0.999937
0.999943
0.999948
0.999954
0.999962
0.999973
0.999982
0.999989
0.999991
0.999992
0.999991
0.999982
0.999941
0.999759
0.998986
0.995752
0.982493
0.929734
0.748995
1
1
1
1
1
1
1
1
1
1
1
1
1
1
1
1
1
1
1
1
1
1
1
1
1
1
1
1
1
1
1
1
1
1
1
1
1
1
1
1
1
1
1
1
1
1
1
1
1
1
1
1
1
1
1
1
1
1
1
1
1
1
1
1
1
1
1
1
1
1
1
1
1
1
0.999999
0.999998
0.999995
0.999988
0.99997
0.999916
0.999834
0.999679
0.999418
0.99917
0.999065
0.998938
0.998781
0.998623
0.998619
0.998637
0.998703
0.998797
0.998791
0.998506
0.988166
0.925474
0.915431
0.951738
0.983724
0.990274
0.988826
0.98254
0.968812
0.958091
0.949903
0.944192
0.941661
0.941659
0.945551
0.95236
0.960722
0.970023
0.979535
0.987783
0.993628
0.996956
0.998499
0.999095
0.999304
0.999348
0.999312
0.999217
0.999102
0.998962
0.998806
0.998687
0.998641
0.998647
0.998739
0.998866
0.998898
0.998892
0.998831
0.998638
0.9985
0.998463
0.998481
0.998637
0.999008
0.999223
0.999291
0.999294
0.999262
0.999178
0.999137
0.999126
0.999125
0.999124
0.999123
0.999125
0.999139
0.999203
0.999389
0.999572
0.999697
0.99977
0.999802
0.999813
0.999818
0.999825
0.999841
0.999862
0.999878
0.99989
0.999904
0.999923
0.999945
0.999965
0.999979
0.999986
0.999988
0.999988
0.999984
0.999958
0.999833
0.999255
0.996674
0.985583
0.940256
0.771394
1
1
1
1
1
1
1
1
1
1
1
1
1
1
1
1
1
1
1
1
1
1
1
1
1
1
1
1
1
1
1
1
1
1
1
1
1
1
1
1
1
1
1
1
1
1
1
1
1
1
1
1
1
1
1
1
1
1
1
1
1
1
1
1
1
1
1
1
1
1
1
0.999999
0.999998
0.999996
0.99999
0.999978
0.999951
0.999887
0.999729
0.999281
0.998684
0.997477
0.996364
0.99551
0.995184
0.994993
0.995036
0.995168
0.995496
0.995876
0.996623
0.997334
0.997476
0.996806
0.972048
0.897411
0.902223
0.955501
0.985008
0.991483
0.99121
0.98851
0.98231
0.973697
0.966823
0.961963
0.95988
0.959727
0.962843
0.968261
0.975148
0.9826
0.989301
0.994183
0.997054
0.998404
0.998913
0.999092
0.999101
0.998961
0.998805
0.998716
0.998582
0.998319
0.998006
0.997751
0.997627
0.997614
0.997682
0.997816
0.997845
0.997833
0.997737
0.997436
0.997201
0.997117
0.997125
0.997256
0.997742
0.998139
0.998303
0.998339
0.998336
0.998311
0.998297
0.998294
0.998293
0.99829
0.998291
0.998304
0.99837
0.998598
0.998928
0.999202
0.999396
0.999507
0.999557
0.999576
0.999592
0.999628
0.999676
0.999719
0.999753
0.999783
0.999819
0.999861
0.999903
0.999939
0.999964
0.999978
0.999983
0.999984
0.99998
0.999957
0.999835
0.999256
0.996616
0.985163
0.938178
0.760504
1
1
1
1
1
1
1
1
1
1
1
1
1
1
1
1
1
1
1
1
1
1
1
1
1
1
1
1
1
1
1
1
1
1
1
1
1
1
1
1
1
1
1
1
1
1
1
1
1
1
1
1
1
1
1
1
1
1
1
1
1
1
1
1
1
1
1
0.999999
0.999999
0.999997
0.999994
0.999987
0.999976
0.999953
0.999902
0.999814
0.999628
0.999187
0.998078
0.995543
0.991849
0.98705
0.983799
0.982539
0.982757
0.983371
0.984525
0.986045
0.988399
0.990567
0.992877
0.995048
0.996163
0.994812
0.956466
0.885772
0.892182
0.952584
0.984582
0.991797
0.993429
0.993396
0.9916
0.987647
0.982622
0.978863
0.977235
0.976891
0.979208
0.982896
0.987528
0.991931
0.995315
0.997362
0.998353
0.998719
0.998843
0.998775
0.998485
0.998251
0.998115
0.99795
0.997599
0.996999
0.996302
0.995714
0.995386
0.995309
0.995366
0.995572
0.995641
0.99563
0.99551
0.995152
0.994914
0.994849
0.994872
0.995073
0.995667
0.996134
0.996422
0.996593
0.996683
0.996723
0.99674
0.996748
0.996752
0.996755
0.996768
0.996841
0.997114
0.997617
0.998107
0.998515
0.998797
0.998962
0.999059
0.999137
0.999215
0.999291
0.999364
0.999438
0.999516
0.999605
0.999699
0.999787
0.99986
0.999913
0.999949
0.999967
0.999974
0.999973
0.999965
0.999916
0.999683
0.99866
0.994177
0.975926
0.90572
0.669229
1
1
1
1
1
1
1
1
1
1
1
1
1
1
1
1
1
1
1
1
1
1
1
1
1
1
1
1
1
1
1
1
1
1
1
1
1
1
1
1
1
1
1
1
1
1
1
1
1
1
1
1
1
1
1
1
1
1
1
1
1
1
1
0.999999
0.999998
0.999997
0.999995
0.999992
0.999981
0.999965
0.999928
0.999864
0.999775
0.999585
0.999293
0.998838
0.997861
0.995436
0.989171
0.979754
0.973152
0.969976
0.969508
0.969447
0.969203
0.969041
0.969681
0.971484
0.974973
0.980689
0.98544
0.990466
0.993575
0.991841
0.948978
0.883818
0.885184
0.938845
0.980977
0.991225
0.993598
0.994422
0.994567
0.993866
0.992332
0.990419
0.989455
0.989234
0.99054
0.992419
0.994696
0.996523
0.997687
0.998261
0.998495
0.998535
0.998288
0.997796
0.997403
0.997141
0.996734
0.995985
0.994847
0.993421
0.991917
0.990679
0.990002
0.989866
0.990064
0.990746
0.991054
0.991084
0.990997
0.990778
0.990699
0.990714
0.99086
0.991399
0.992038
0.992627
0.99319
0.993663
0.993994
0.994185
0.994271
0.994295
0.9943
0.994313
0.994392
0.994728
0.995553
0.996371
0.997081
0.997637
0.998011
0.998225
0.998352
0.998465
0.998606
0.99878
0.998969
0.999162
0.999352
0.999522
0.999659
0.999767
0.999848
0.999905
0.999934
0.99994
0.999937
0.99991
0.999803
0.999434
0.998128
0.993747
0.977592
0.924201
0.755786
0.454234
1
1
1
1
1
1
1
1
1
1
1
1
1
1
1
1
1
1
1
1
1
1
1
1
1
1
1
1
1
1
1
1
1
1
1
1
1
1
1
1
1
1
1
1
1
1
1
1
1
1
1
1
1
1
1
1
1
1
0.999999
0.999998
0.999997
0.999996
0.999993
0.999986
0.99998
0.999965
0.999944
0.9999
0.999775
0.999633
0.99929
0.998934
0.998303
0.997311
0.996324
0.994524
0.990245
0.978765
0.969699
0.96681
0.967887
0.96856
0.968947
0.967238
0.963497
0.95969
0.959275
0.960384
0.963396
0.969562
0.978054
0.986456
0.990925
0.988534
0.940537
0.884717
0.8848
0.930047
0.97502
0.988405
0.992672
0.994471
0.995245
0.995641
0.99572
0.995441
0.995289
0.995443
0.995836
0.996626
0.997338
0.997816
0.99807
0.998197
0.998055
0.997497
0.996681
0.995819
0.994132
0.992028
0.989771
0.987325
0.984534
0.981377
0.97864
0.977409
0.97748
0.97901
0.980928
0.9819
0.982249
0.9823
0.982249
0.982126
0.982105
0.982234
0.983018
0.985003
0.986864
0.988367
0.989476
0.990202
0.990586
0.990726
0.990756
0.990781
0.990865
0.991177
0.99217
0.993445
0.994588
0.995516
0.996183
0.996635
0.996975
0.997284
0.997587
0.997903
0.998244
0.998588
0.998906
0.999197
0.999452
0.999622
0.999689
0.9997
0.999697
0.999701
0.999681
0.999561
0.999204
0.998467
0.996598
0.991798
0.978375
0.945948
0.852489
0.623326
0.38077
0.176058
1
1
1
1
1
1
1
1
1
1
1
1
1
1
1
1
1
1
1
1
1
1
1
1
1
1
1
1
1
1
1
1
1
1
1
1
1
1
1
1
1
1
1
1
1
1
1
1
1
1
1
1
1
1
1
1
0.999998
0.999994
0.999982
0.999963
0.999953
0.999937
0.999901
0.999861
0.999802
0.999655
0.999455
0.999016
0.998007
0.997047
0.995116
0.993541
0.990174
0.988068
0.985009
0.979481
0.967764
0.96291
0.966329
0.973383
0.977325
0.977074
0.972202
0.963729
0.95912
0.957801
0.958696
0.960572
0.963848
0.970289
0.979107
0.987134
0.98953
0.982939
0.922885
0.889534
0.886348
0.919229
0.964339
0.980575
0.987833
0.992322
0.994453
0.995751
0.996341
0.996673
0.996898
0.997087
0.997201
0.997448
0.997588
0.997693
0.997559
0.996998
0.99571
0.992964
0.986241
0.977092
0.970191
0.966091
0.962561
0.959446
0.957224
0.956413
0.957129
0.95996
0.962645
0.964266
0.964933
0.96513
0.965309
0.965779
0.96724
0.970659
0.974301
0.977492
0.979853
0.981295
0.981986
0.982234
0.982341
0.982549
0.983181
0.985275
0.987766
0.989508
0.990709
0.991647
0.992471
0.993217
0.993888
0.994486
0.995045
0.995636
0.996301
0.997003
0.997655
0.998205
0.998682
0.999111
0.999423
0.99954
0.999535
0.999282
0.997831
0.995714
0.994618
0.994196
0.992995
0.988388
0.977459
0.964953
0.937927
0.87813
0.711367
0.4731
0.26728
0.149496
0.0723046
0.0258883
1
1
1
1
1
1
1
1
1
1
1
1
1
1
1
1
1
1
1
1
1
1
1
1
1
1
1
1
1
1
1
1
1
1
1
1
1
1
1
1
1
1
1
1
1
1
1
1
1
1
1
1
1
1
1
0.999991
0.999954
0.999867
0.999688
0.999509
0.999423
0.999266
0.999129
0.998941
0.998476
0.997147
0.995634
0.991746
0.986992
0.981583
0.976621
0.968636
0.961207
0.960036
0.954815
0.949531
0.962318
0.968924
0.974388
0.976932
0.978165
0.978275
0.975203
0.970829
0.965608
0.963285
0.96257
0.964389
0.96815
0.975885
0.983833
0.987508
0.986597
0.960399
0.916343
0.903086
0.882834
0.900331
0.943627
0.96247
0.973575
0.982608
0.987697
0.991931
0.994154
0.995479
0.996099
0.996327
0.996359
0.996172
0.995577
0.994278
0.991691
0.987336
0.981669
0.96671
0.943088
0.930834
0.927872
0.928845
0.934178
0.941247
0.946793
0.951502
0.955518
0.958606
0.960717
0.962184
0.963436
0.964779
0.966378
0.968331
0.970554
0.972775
0.974765
0.976534
0.978178
0.979695
0.981063
0.98236
0.983763
0.985367
0.987081
0.988712
0.990099
0.991243
0.992285
0.993319
0.994302
0.995222
0.996143
0.997028
0.997775
0.998368
0.998852
0.999227
0.999445
0.999511
0.999453
0.998751
0.997975
0.996079
0.987876
0.958978
0.922825
0.897511
0.884343
0.874502
0.852558
0.792363
0.614473
0.402861
0.246528
0.144772
0.0793182
0.041792
0.0198084
0.00904441
0.00389091
9.0972e-05
1
1
1
1
1
1
1
1
1
1
1
1
1
1
1
1
1
1
1
1
1
1
1
1
1
1
1
1
1
1
1
1
1
1
1
1
1
1
1
1
1
1
1
1
1
1
1
1
1
1
1
1
1
1
0.999989
0.99979
0.999132
0.997977
0.996598
0.995696
0.995181
0.994867
0.994709
0.99409
0.98859
0.977086
0.969019
0.948735
0.935222
0.936532
0.917169
0.882578
0.910241
0.944782
0.949545
0.949832
0.952755
0.959309
0.970048
0.974806
0.978318
0.979777
0.980289
0.980324
0.978529
0.9766
0.975851
0.976748
0.979957
0.983443
0.984675
0.984549
0.969075
0.931144
0.92426
0.916509
0.873527
0.870739
0.905309
0.925008
0.939692
0.953145
0.962949
0.972789
0.979312
0.983704
0.986071
0.987082
0.987183
0.985661
0.982279
0.976796
0.969231
0.957742
0.930685
0.876428
0.859781
0.898419
0.935185
0.943857
0.94851
0.952738
0.95646
0.959888
0.963134
0.966524
0.97022
0.973889
0.977031
0.979435
0.981207
0.982573
0.98376
0.984913
0.986111
0.987414
0.988881
0.990528
0.992264
0.993878
0.995007
0.995464
0.995887
0.996269
0.996612
0.996911
0.997164
0.997378
0.997576
0.997796
0.998071
0.998415
0.998919
0.998825
0.997518
0.997194
0.99633
0.989721
0.966665
0.887104
0.677247
0.466345
0.303321
0.188327
0.111719
0.0633295
0.034361
0.0179279
0.00895343
0.00409254
0.00156905
0.00067428
0.000406237
0.000235109
0.000130496
7.01013e-05
3.55547e-05
1.74935e-05
7.60452e-06
-3.97888e-06
1
1
1
1
1
1
1
1
1
1
1
1
1
1
1
1
1
1
1
1
1
1
1
1
1
1
1
1
1
1
1
1
1
1
1
1
1
1
1
1
1
1
1
1
1
1
1
1
1
1
1
1
1
1
0.999786
0.996043
0.987966
0.982756
0.977332
0.974906
0.975004
0.97664
0.97914
0.977462
0.898356
0.862355
0.877886
0.886444
0.913222
0.92872
0.896972
0.85506
0.85754
0.915956
0.93749
0.94046
0.931118
0.936972
0.954325
0.963829
0.972507
0.976957
0.980074
0.981525
0.982652
0.983137
0.98328
0.982861
0.982793
0.982384
0.979782
0.968744
0.948827
0.939217
0.939345
0.921921
0.858157
0.83705
0.843666
0.853045
0.861566
0.872529
0.884377
0.901153
0.918604
0.933863
0.942714
0.947035
0.940387
0.92731
0.90387
0.867958
0.819327
0.760935
0.735267
0.74275
0.832348
0.921933
0.954623
0.955093
0.954667
0.953805
0.951596
0.946046
0.936214
0.922731
0.907919
0.894198
0.882553
0.872207
0.861551
0.848823
0.832903
0.813221
0.789274
0.760977
0.728427
0.691507
0.650175
0.605489
0.558635
0.509917
0.459485
0.407941
0.356599
0.305826
0.255906
0.208315
0.163204
0.120119
0.08056
0.0477885
0.0242524
0.0103364
0.00399222
0.00155253
0.000958905
0.000606435
0.000377576
0.000229162
0.000135159
7.74802e-05
4.3206e-05
2.34538e-05
1.23964e-05
6.37858e-06
3.19319e-06
1.55355e-06
7.319e-07
3.31746e-07
1.44502e-07
6.22051e-08
2.69453e-08
1.1791e-08
5.1874e-09
2.29536e-09
9.96284e-10
4.29739e-10
1.66629e-10
7.16663e-11
1
1
1
1
1
1
1
1
1
1
1
1
1
1
1
1
1
1
1
1
1
1
1
1
1
1
1
1
1
1
1
1
1
1
1
1
1
1
1
1
1
1
1
1
1
1
1
1
1
1
1
1
1
0.999997
0.997905
0.962319
0.953209
0.956727
0.958359
0.960032
0.961221
0.962337
0.96293
0.960327
0.924705
0.912634
0.877424
0.878553
0.892162
0.893216
0.866747
0.843088
0.846324
0.875915
0.895562
0.901998
0.902864
0.915197
0.935659
0.951391
0.962688
0.968058
0.971107
0.972682
0.973363
0.973575
0.973597
0.973439
0.971341
0.968099
0.961653
0.953251
0.944441
0.914543
0.844831
0.826863
0.824828
0.82541
0.818616
0.79918
0.776626
0.753834
0.725864
0.695882
0.665932
0.634759
0.604098
0.573315
0.540266
0.499605
0.45305
0.407023
0.369203
0.347405
0.340379
0.340094
0.347355
0.374232
0.425772
0.45087
0.442905
0.400851
0.342411
0.276569
0.216803
0.16972
0.137345
0.117279
0.104939
0.0961569
0.0878188
0.0785086
0.0681929
0.0574835
0.0471323
0.0377453
0.0296776
0.0231059
0.0180685
0.0142439
0.0110708
0.00844547
0.00629675
0.00455716
0.00318381
0.00213951
0.00138034
0.000862257
0.000525792
0.000298495
0.000143254
5.58714e-05
1.65517e-05
3.31203e-06
4.24237e-07
7.57535e-08
2.55976e-08
1.3e-08
7.37414e-09
4.21665e-09
2.37075e-09
1.3032e-09
6.9953e-10
3.66526e-10
1.87384e-10
9.34124e-11
4.5358e-11
2.14125e-11
9.79874e-12
4.34217e-12
1.87938e-12
8.09466e-13
3.50093e-13
1.52458e-13
6.66144e-14
2.90794e-14
1.24512e-14
5.22185e-15
2.00013e-15
-1.75542e-13
1.00777e-11
7.84334e-12
4.19748e-12
1.47182e-12
4.60093e-13
1.33943e-13
3.69132e-14
9.65506e-15
2.40638e-15
5.73459e-16
1.31053e-16
2.87327e-17
6.06925e-18
1.23023e-18
2.41012e-19
4.50543e-20
8.20488e-21
1.40518e-21
2.14577e-22
4.93735e-23
1.12043e-23
2.30859e-24
4.91637e-25
1.05966e-25
1.46786e-26
5.62303e-10
3.87302e-10
1.74949e-10
7.01299e-11
2.55729e-11
8.68062e-12
2.78042e-12
8.45616e-13
2.45195e-13
6.79735e-14
1.80573e-14
4.605e-15
1.12959e-15
2.6675e-16
6.07513e-17
1.33468e-17
2.83628e-18
5.82333e-19
1.16084e-19
2.23705e-20
4.2097e-21
7.65276e-22
1.37378e-22
2.39339e-23
3.72916e-24
1.60403e-08
7.15919e-09
2.9668e-09
1.15207e-09
4.20201e-10
1.44903e-10
4.7537e-11
1.48904e-11
4.46427e-12
1.28311e-12
3.5407e-13
9.39334e-14
2.39917e-14
5.90533e-15
1.40267e-15
3.21787e-16
7.14232e-17
1.53456e-17
3.19963e-18
6.47199e-19
1.2754e-19
2.44327e-20
4.58962e-21
8.43056e-22
1.34335e-22
1.26047e-07
5.4935e-08
2.24789e-08
8.70363e-09
3.19143e-09
1.11146e-09
3.69081e-10
1.17195e-10
3.56526e-11
1.04049e-11
2.91651e-12
7.86138e-13
2.04024e-13
5.10314e-14
1.23173e-14
2.87164e-15
6.47672e-16
1.41423e-16
2.99617e-17
6.16e-18
1.23343e-18
2.40245e-19
4.5831e-20
8.55792e-21
1.37884e-21
6.32552e-07
2.76259e-07
1.1369e-07
4.43947e-08
1.64706e-08
5.81489e-09
1.95883e-09
6.3115e-10
1.94851e-10
5.77082e-11
1.64141e-11
4.48896e-12
1.18179e-12
2.99802e-13
7.33782e-14
1.73449e-14
3.96541e-15
8.77607e-16
1.88399e-16
3.92488e-17
7.96029e-18
1.57065e-18
3.03421e-19
5.73919e-20
9.34186e-21
2.48949e-06
1.09589e-06
4.55777e-07
1.80101e-07
6.77377e-08
2.42741e-08
8.30371e-09
2.71704e-09
8.51759e-10
2.56125e-10
7.39549e-11
2.05278e-11
5.48379e-12
1.41131e-12
3.50349e-13
8.39779e-14
1.94644e-14
4.36659e-15
9.49967e-16
2.0054e-16
4.12038e-17
8.23614e-18
1.61079e-18
3.08549e-19
5.07163e-20
8.06823e-06
3.59001e-06
1.51248e-06
6.05931e-07
2.31269e-07
8.41697e-08
2.92506e-08
9.7226e-09
3.09563e-09
9.45246e-10
2.77093e-10
7.80639e-11
2.11597e-11
5.524e-12
1.39065e-12
3.37953e-13
7.93941e-14
1.8049e-14
3.97795e-15
8.50603e-16
1.76967e-16
3.58163e-17
7.09044e-18
1.37501e-18
2.28258e-19
2.23378e-05
1.00595e-05
4.2973e-06
1.74672e-06
6.76753e-07
2.50149e-07
8.83063e-08
2.98136e-08
9.63979e-09
2.98847e-09
8.89228e-10
2.54218e-10
6.99058e-11
1.85095e-11
4.72484e-12
1.164e-12
2.77144e-13
6.3842e-14
1.42544e-14
3.08736e-15
6.50451e-16
1.33303e-16
2.6705e-17
5.24244e-18
8.78599e-19
5.43089e-05
2.4763e-05
1.07277e-05
4.42437e-06
1.73983e-06
6.52917e-07
2.34041e-07
8.02269e-08
2.63322e-08
8.28484e-09
2.50126e-09
7.25359e-10
2.02276e-10
5.42999e-11
1.40489e-11
3.50707e-12
8.45902e-13
1.97351e-13
4.46148e-14
9.7821e-15
2.08563e-15
4.32497e-16
8.76505e-17
1.74078e-17
2.94513e-18
0.000119039
5.49638e-05
2.41349e-05
1.0093e-05
4.02519e-06
1.53225e-06
5.57193e-07
1.93755e-07
6.45019e-08
2.05795e-08
6.29926e-09
1.8517e-09
5.23295e-10
1.42327e-10
3.73004e-11
9.42993e-12
2.30294e-12
5.43904e-13
1.24449e-13
2.7613e-14
5.95648e-15
1.24965e-15
2.56068e-16
5.14379e-17
8.7806e-18
0.000236922
0.000111126
4.95855e-05
2.10653e-05
8.5295e-06
3.29482e-06
1.21528e-06
4.28459e-07
1.44557e-07
4.67266e-08
1.44864e-08
4.31199e-09
1.23367e-09
3.39621e-10
9.00728e-11
2.30402e-11
5.69211e-12
1.35971e-12
3.14599e-13
7.05748e-14
1.53882e-14
3.26273e-15
6.75565e-16
1.37128e-16
2.36096e-17
0.000437581
0.000208263
9.43394e-05
4.06941e-05
1.673e-05
6.56056e-06
2.45584e-06
8.78343e-07
3.00463e-07
9.84155e-08
3.09006e-08
9.31053e-09
2.6952e-09
7.50443e-10
2.01236e-10
5.20321e-11
1.29906e-11
3.13546e-12
7.3289e-13
1.66079e-13
3.65736e-14
7.83215e-15
1.63713e-15
3.35577e-16
5.82271e-17
0.000764862
0.000369122
0.000169565
7.41713e-05
3.09164e-05
1.22895e-05
4.66255e-06
1.68979e-06
5.856e-07
1.94264e-07
6.17558e-08
1.88329e-08
5.51572e-09
1.5532e-09
4.21058e-10
1.10019e-10
2.77478e-11
6.76338e-12
1.59597e-12
3.65017e-13
8.11055e-14
1.7521e-14
3.69385e-15
7.6365e-16
1.33438e-16
0.00128221
0.000626977
0.000291822
0.00012932
5.45967e-05
2.19758e-05
8.44012e-06
3.0957e-06
1.08545e-06
3.64217e-07
1.17082e-07
3.60973e-08
1.06857e-08
3.0407e-09
8.32779e-10
2.19785e-10
5.59744e-11
1.37735e-11
3.28026e-12
7.5701e-13
1.69676e-13
3.69705e-14
7.85732e-15
1.63773e-15
2.88019e-16
0.00207682
0.00102829
0.000484583
0.000217385
9.28823e-05
3.7826e-05
1.46942e-05
5.44983e-06
1.93163e-06
6.54987e-07
2.12711e-07
6.62338e-08
1.9797e-08
5.68668e-09
1.57183e-09
4.18578e-10
1.07544e-10
2.66925e-11
6.4109e-12
1.4918e-12
3.37081e-13
7.40273e-14
1.58542e-14
3.32979e-15
5.89258e-16
0.00326806
0.00163784
0.000781125
0.000354566
0.000153252
6.31172e-05
2.47891e-05
9.2923e-06
3.32783e-06
1.13981e-06
3.73787e-07
1.17495e-07
3.54429e-08
1.02722e-08
2.86407e-09
7.69175e-10
1.99256e-10
4.98545e-11
1.2068e-11
2.82985e-12
6.44224e-13
1.42535e-13
3.07428e-14
6.50339e-15
1.15749e-15
0.00499583
0.0025326
0.00122155
0.000560653
0.000244965
0.000101958
4.04565e-05
1.53173e-05
5.53889e-06
1.91501e-06
6.33736e-07
2.00969e-07
6.11432e-08
1.78682e-08
5.02215e-09
1.35932e-09
3.54813e-10
8.9433e-11
2.18044e-11
5.14888e-12
1.18014e-12
2.6284e-13
5.70535e-14
1.2146e-14
2.17288e-15
0.00742206
0.00380389
0.00185447
0.000860099
0.000379659
0.000159599
6.39425e-05
2.44374e-05
8.91753e-06
3.1104e-06
1.03814e-06
3.31939e-07
1.01799e-07
2.99803e-08
8.48979e-09
2.31464e-09
6.08438e-10
1.54413e-10
3.78971e-11
9.00691e-12
2.07731e-12
4.65504e-13
1.01632e-13
2.17632e-14
3.91134e-15
0.0107292
0.00555618
0.00273625
0.00128161
0.000571159
0.000242339
9.79694e-05
3.77692e-05
1.38992e-05
4.88764e-06
1.64421e-06
5.2974e-07
1.63659e-07
4.8542e-08
1.38408e-08
3.79871e-09
1.005e-09
2.56651e-10
6.33703e-11
1.51498e-11
3.51391e-12
7.91789e-13
1.73779e-13
3.74072e-14
6.75083e-15
0.0151363
0.00791682
0.00393655
0.00186114
0.00083698
0.000358255
0.000146064
5.67742e-05
2.1059e-05
7.46216e-06
2.52883e-06
8.20555e-07
2.55245e-07
7.62086e-08
2.18684e-08
6.03902e-09
1.60723e-09
4.12816e-10
1.02498e-10
2.46366e-11
5.74407e-12
1.3009e-12
2.86891e-13
6.20528e-14
1.12411e-14
0.0208265
0.0109982
0.00551979
0.00263322
0.00119454
0.000515619
0.000211936
8.30255e-05
3.10296e-05
1.10754e-05
3.77966e-06
1.23471e-06
3.86573e-07
1.16142e-07
3.35287e-08
9.31292e-09
2.49245e-09
6.43654e-10
1.60647e-10
3.8809e-11
9.09243e-12
2.06898e-12
4.58322e-13
9.9573e-14
1.81014e-14
0.027907
0.0148766
0.00753423
0.00362584
0.00165882
0.000721902
0.000299075
0.000118056
4.4446e-05
1.59763e-05
5.48925e-06
1.80491e-06
5.68645e-07
1.71877e-07
4.99068e-08
1.39397e-08
3.75083e-09
9.73655e-10
2.44226e-10
5.92856e-11
1.39543e-11
3.18963e-12
7.09581e-13
1.54815e-13
2.82381e-14
0.0363311
0.0195478
0.00998885
0.00484881
0.00223691
0.000981354
0.000409733
0.000162952
6.17925e-05
2.23661e-05
7.73612e-06
2.56006e-06
8.11539e-07
2.4675e-07
7.20562e-08
2.02369e-08
5.474e-09
1.4282e-09
3.59995e-10
8.78016e-11
2.07599e-11
4.76615e-12
1.06471e-12
2.33255e-13
4.26849e-14
0.0458831
0.0249148
0.0128445
0.00628851
0.00292514
0.00129356
0.000544253
0.000218062
8.32826e-05
3.03524e-05
1.0568e-05
3.51948e-06
1.12251e-06
3.43312e-07
1.00822e-07
2.847e-08
7.74139e-09
2.02997e-09
5.14165e-10
1.25992e-10
2.99238e-11
6.90006e-12
1.54778e-12
3.40473e-13
6.25096e-14
0.0562268
0.0308082
0.0160216
0.0079102
0.0037095
0.00165334
0.000700917
0.000282888
0.000108804
3.99229e-05
1.39911e-05
4.68878e-06
1.50449e-06
4.62817e-07
1.36679e-07
3.88035e-08
1.0606e-08
2.79508e-09
7.11371e-10
1.75129e-10
4.17804e-11
9.67591e-12
2.17939e-12
4.81372e-13
8.86696e-14
0.0668803
0.0369705
0.019391
0.00965314
0.00456315
0.00204957
0.000875382
0.000355846
0.000137814
5.09055e-05
1.79548e-05
6.05436e-06
1.95425e-06
6.04624e-07
1.79545e-07
5.1245e-08
1.40786e-08
3.72864e-09
9.53507e-10
2.35825e-10
5.65113e-11
1.3144e-11
2.97274e-12
6.59284e-13
1.21845e-13
0.0773216
0.0431111
0.022801
0.0114427
0.00545151
0.00246714
0.00106143
0.000434517
0.000169425
6.29911e-05
2.23574e-05
7.58463e-06
2.4625e-06
7.6616e-07
2.28748e-07
6.56303e-08
1.81217e-08
4.82288e-09
1.23914e-09
3.07869e-10
7.40997e-11
1.73087e-11
3.93063e-12
8.75258e-13
1.62299e-13
0.087863
0.0494298
0.0263722
0.0133476
0.00641134
0.00292453
0.00126782
0.000522819
0.000205294
7.68454e-05
2.74527e-05
9.37172e-06
3.06111e-06
9.5795e-07
2.87614e-07
8.29659e-08
2.30279e-08
6.1595e-09
1.59026e-09
3.96967e-10
9.59782e-11
2.25183e-11
5.1353e-12
1.14832e-12
2.13669e-13
0.098057
0.0557044
0.0300054
0.0153285
0.00742958
0.00341862
0.00149449
0.000621274
0.000245852
9.27149e-05
3.33603e-05
1.14673e-05
3.77058e-06
1.18756e-06
3.58764e-07
1.0411e-07
2.9064e-08
7.81756e-09
2.02927e-09
5.09215e-10
1.23743e-10
2.91759e-11
6.68523e-12
1.50196e-12
2.80577e-13
0.106101
0.0608444
0.0330816
0.0170551
0.00834006
0.00387051
0.001706
0.000714827
0.000285027
0.000108275
3.92335e-05
1.35775e-05
4.4936e-06
1.4242e-06
4.32869e-07
1.26353e-07
3.54741e-08
9.59427e-09
2.50376e-09
6.31534e-10
1.54239e-10
3.65438e-11
8.41308e-12
1.89904e-12
3.56163e-13
0.112111
0.0648725
0.0355897
0.0185103
0.00912916
0.00427164
0.00189769
0.000801168
0.000321774
0.000123086
4.48988e-05
1.56383e-05
5.20779e-06
1.66045e-06
5.07597e-07
1.48996e-07
4.2058e-08
1.14347e-08
2.99927e-09
7.60267e-10
1.86572e-10
4.44118e-11
1.02709e-11
2.32891e-12
4.38467e-13
0.116583
0.0680326
0.0376384
0.0197373
0.00981169
0.00462598
0.00207007
0.000880029
0.0003558
0.000136971
5.02699e-05
1.76123e-05
5.89854e-06
1.89102e-06
5.81156e-07
1.71466e-07
4.86424e-08
1.3289e-08
3.50206e-09
8.91787e-10
2.19825e-10
5.25553e-11
1.22058e-11
2.77936e-12
5.25172e-13
0.120816
0.0710477
0.039604
0.0209193
0.0104716
0.00496972
0.00223783
0.000957013
0.000389123
0.000150613
5.55656e-05
1.95657e-05
6.58455e-06
2.12087e-06
6.54763e-07
1.94038e-07
5.52825e-08
1.51663e-08
4.01309e-09
1.02599e-09
2.5389e-10
6.09308e-11
1.42036e-11
3.24635e-12
6.15386e-13
0.126571
0.0749233
0.0420235
0.022326
0.0112361
0.00535955
0.00242486
0.00104168
0.000425368
0.00016532
6.12332e-05
2.16441e-05
7.31113e-06
2.36343e-06
7.32223e-07
2.17742e-07
6.22449e-08
1.71328e-08
4.54811e-09
1.16647e-09
2.89553e-10
6.97035e-11
1.62977e-11
3.73638e-12
7.10142e-13
0.136585
0.0812537
0.0457661
0.0244022
0.01232
0.00589333
0.00267339
0.00115128
0.00047124
0.000183569
6.81453e-05
2.41405e-05
8.1722e-06
2.64749e-06
8.21992e-07
2.44958e-07
7.01736e-08
1.9356e-08
5.14908e-09
1.32338e-09
3.29186e-10
7.94099e-11
1.86057e-11
4.27461e-12
8.13947e-13
0.154272
0.0920624
0.0519536
0.0277317
0.0140093
0.00670348
0.00304143
0.00130995
0.000536265
0.000208939
7.75826e-05
2.74924e-05
9.31046e-06
3.01761e-06
9.37388e-07
2.79509e-07
8.01225e-08
2.21156e-08
5.88756e-09
1.51439e-09
3.77019e-10
9.10306e-11
2.1348e-11
4.90975e-12
9.35701e-13
0.183799
0.109875
0.0620149
0.0330723
0.016682
0.00796788
0.00360816
0.00155108
0.00063381
0.000246519
9.13901e-05
3.23375e-05
1.09365e-05
3.54028e-06
1.09853e-06
3.2723e-07
9.37186e-08
2.58482e-08
6.87648e-09
1.76771e-09
4.39855e-10
1.0616e-10
2.48872e-11
5.72246e-12
1.09035e-12
0.228805
0.137021
0.0773332
0.0411899
0.0207351
0.00987997
0.00446239
0.00191318
0.000779708
0.000302481
0.000111855
3.9483e-05
1.33219e-05
4.30277e-06
1.33225e-06
3.96033e-07
1.132e-07
3.11628e-08
8.27555e-09
2.12379e-09
5.27611e-10
1.27149e-10
2.97642e-11
6.83501e-12
1.30072e-12
0.289653
0.174148
0.0984894
0.0524942
0.0264191
0.0125773
0.00567345
0.00242869
0.000988129
0.000382648
0.000141235
4.9757e-05
1.67553e-05
5.40081e-06
1.66883e-06
4.95075e-07
1.4122e-07
3.87971e-08
1.02819e-08
2.63341e-09
6.52902e-10
1.57042e-10
3.66909e-11
8.40998e-12
1.59768e-12
0.358478
0.217523
0.123854
0.0663484
0.0335201
0.0160045
0.00723533
0.00310245
0.00126381
0.000489833
0.0001809
6.37505e-05
2.14689e-05
6.91923e-06
2.13733e-06
6.33749e-07
1.80663e-07
4.95959e-08
1.31325e-08
3.36029e-09
8.32264e-10
1.99959e-10
4.66622e-11
1.06833e-11
2.02703e-12
0.411814
0.255705
0.148189
0.0804465
0.0410524
0.019754
0.00898673
0.00387392
0.00158537
0.000616975
0.000228683
8.08491e-05
2.73044e-05
8.82173e-06
2.73082e-06
8.11195e-07
2.31598e-07
6.36571e-08
1.68725e-08
4.32061e-09
1.07071e-09
2.57362e-10
6.00725e-11
1.37549e-11
2.60981e-12
0.43274
0.273013
0.161045
0.0890522
0.0462735
0.022646
0.0104606
0.00457003
0.00189204
0.000743691
0.000278025
9.90276e-05
3.36626e-05
1.09391e-05
3.40388e-06
1.0159e-06
2.91289e-07
8.03788e-08
2.13814e-08
5.4932e-09
1.36542e-09
3.29084e-10
7.70065e-11
1.76748e-11
3.35987e-12
0.439008
0.278421
0.165241
0.0920209
0.0482055
0.0238092
0.0111108
0.00490826
0.00205603
0.000817952
0.000309512
0.000111563
3.83617e-05
1.26029e-05
3.96193e-06
1.19372e-06
3.45281e-07
9.60448e-08
2.57376e-08
6.6571e-09
1.66501e-09
4.03593e-10
9.49445e-11
2.18987e-11
4.18092e-12
0.440088
0.279457
0.16613
0.092703
0.0486755
0.0241064
0.0112854
0.0050035
0.00210454
0.000841108
0.000319899
0.000115954
4.01151e-05
1.32655e-05
4.19949e-06
1.27467e-06
3.71546e-07
1.04173e-07
2.81419e-08
7.3384e-09
1.85046e-09
4.52161e-10
1.07231e-10
2.4933e-11
4.7947e-12
0.442361
0.280334
0.166397
0.0927523
0.0486715
0.024101
0.0112861
0.00500718
0.0021078
0.000843226
0.000321098
0.00011656
4.03938e-05
1.33835e-05
4.24585e-06
1.2917e-06
3.77441e-07
1.06108e-07
2.87472e-08
7.51918e-09
1.90225e-09
4.66433e-10
1.11023e-10
2.59148e-11
5.00324e-12
0.456581
0.287213
0.169495
0.0940438
0.0491649
0.0242705
0.0113361
0.00501834
0.00210895
0.000842658
0.000320585
0.000116292
4.02791e-05
1.33395e-05
4.23023e-06
1.28654e-06
3.75841e-07
1.05639e-07
2.86167e-08
7.48497e-09
1.89374e-09
4.64433e-10
1.1059e-10
2.58284e-11
4.98982e-12
0.49545
0.308762
0.18024
0.0989313
0.0512298
0.0250895
0.0116407
0.00512416
0.00214301
0.000852644
0.000323159
0.000116826
4.03386e-05
1.3322e-05
4.21422e-06
1.27884e-06
3.72859e-07
1.04622e-07
2.8299e-08
7.39211e-09
1.86812e-09
4.57682e-10
1.08878e-10
2.54055e-11
4.90531e-12
0.518796
0.32682
0.192355
0.106052
0.0549603
0.0268685
0.0124268
0.00544917
0.00226944
0.000899082
0.000339313
0.000122162
4.20168e-05
1.38255e-05
4.35863e-06
1.31849e-06
3.83298e-07
1.07253e-07
2.89349e-08
7.53953e-09
1.90089e-09
4.64675e-10
1.10315e-10
2.56909e-11
4.95132e-12
0.514921
0.325859
0.1923
0.106286
0.0552419
0.0270907
0.0125671
0.00552579
0.00230707
0.000916023
0.000346382
0.000124917
4.30251e-05
1.41735e-05
4.47223e-06
1.35369e-06
3.93678e-07
1.10181e-07
2.97264e-08
7.74494e-09
1.95228e-09
4.77063e-10
1.13202e-10
2.63475e-11
5.07487e-12
0.468395
0.303225
0.181403
0.101056
0.0527776
0.0259635
0.0120701
0.00531561
0.00222199
0.000883082
0.000334183
0.000120594
4.15573e-05
1.36958e-05
4.32301e-06
1.30891e-06
3.80749e-07
1.06579e-07
2.87568e-08
7.49232e-09
1.88841e-09
4.61397e-10
1.09475e-10
2.5475e-11
4.90854e-12
0.3468
0.236775
0.146207
0.0829649
0.0437979
0.0216837
0.0101192
0.00446688
0.00186987
0.000743777
0.000281599
0.000101639
3.50255e-05
1.15415e-05
3.64198e-06
1.10227e-06
3.20472e-07
8.96541e-08
2.41741e-08
6.29391e-09
1.5851e-09
3.86959e-10
9.17316e-11
2.13237e-11
4.11255e-12
0.147804
0.108273
0.0705513
0.0413773
0.0222471
0.0111165
0.00520785
0.00230063
0.000962144
0.000381995
0.000144284
5.19399e-05
1.7849e-05
5.86466e-06
1.84517e-06
5.56777e-07
1.61373e-07
4.50001e-08
1.20922e-08
3.13711e-09
7.87034e-10
1.91395e-10
4.52032e-11
1.04656e-11
2.02201e-12
0.0300769
0.0272019
0.0198885
0.0117583
0.00623785
0.00303932
0.00137927
0.000588205
0.000237076
9.0632e-05
3.29393e-05
1.14014e-05
3.76488e-06
1.18805e-06
3.58892e-07
1.03973e-07
2.89389e-08
7.75223e-09
2.0025e-09
4.99852e-10
1.20782e-10
2.83124e-11
6.45259e-12
1.44091e-12
2.74512e-13
0.00391279
0.00407865
0.00346614
0.00213914
0.00108974
0.000500484
0.000211995
8.394e-05
3.13121e-05
1.10544e-05
3.70376e-06
1.18017e-06
3.58408e-07
1.03933e-07
2.88404e-08
7.67059e-09
1.95944e-09
4.8141e-10
1.14245e-10
2.62175e-11
5.83135e-12
1.25856e-12
2.64383e-13
5.42466e-14
1.0231e-14
0.000353082
0.00047276
0.000403544
0.000245747
0.000113508
4.61177e-05
1.70359e-05
5.83571e-06
1.87535e-06
5.68954e-07
1.63485e-07
4.45636e-08
1.15508e-08
2.84902e-09
6.70441e-10
1.50448e-10
3.24731e-11
6.75364e-12
1.3564e-12
2.63232e-13
4.9505e-14
9.02566e-15
1.60213e-15
2.74127e-16
6.89972e-17
2.76437e-05
3.91236e-05
3.06277e-05
1.48834e-05
5.52884e-06
1.74294e-06
4.85107e-07
1.22368e-07
2.8455e-08
6.15242e-09
1.24164e-09
2.38297e-10
4.36221e-11
7.62688e-12
1.2801e-12
1.8197e-13
4.34567e-14
1.00834e-14
2.27665e-15
5.00423e-16
1.07302e-16
2.24533e-17
4.7001e-18
9.65998e-19
3.12241e-19
1.25014e-06
1.47041e-06
8.20062e-07
2.33265e-07
4.64879e-08
6.01941e-09
6.4837e-10
6.05805e-11
9.72044e-12
1.49108e-12
2.19771e-13
3.13102e-14
4.33816e-15
5.88278e-16
7.85378e-17
1.02179e-17
1.42268e-18
2.21756e-19
3.91619e-20
7.61496e-21
5.43013e-21
6.4396e-22
7.3383e-22
1.11471e-22
3.15131e-22
)
;

boundaryField
{
    inlet
    {
        type            fixedValue;
        value           uniform 1;
    }
    outlet
    {
        type            inletOutlet;
        inletValue      uniform 0;
        value           nonuniform List<scalar> 
57
(
1.46786e-26
3.72916e-24
1.34335e-22
1.37884e-21
9.34186e-21
5.07163e-20
2.28258e-19
8.78599e-19
2.94513e-18
8.7806e-18
2.36096e-17
5.82271e-17
1.33438e-16
2.88019e-16
5.89258e-16
1.15749e-15
2.17288e-15
3.91134e-15
6.75083e-15
1.12411e-14
1.81014e-14
2.82381e-14
4.26849e-14
6.25096e-14
8.86696e-14
1.21845e-13
1.62299e-13
2.13669e-13
2.80577e-13
3.56163e-13
4.38467e-13
5.25172e-13
6.15386e-13
7.10142e-13
8.13947e-13
9.35701e-13
1.09035e-12
1.30072e-12
1.59768e-12
2.02703e-12
2.60981e-12
3.35987e-12
4.18092e-12
4.7947e-12
5.00324e-12
4.98982e-12
4.90531e-12
4.95132e-12
5.07487e-12
4.90854e-12
4.11255e-12
2.02201e-12
2.74512e-13
1.0231e-14
6.89972e-17
3.12241e-19
3.15131e-22
)
;
    }
    upperWall
    {
        type            zeroGradient;
    }
    lowerWall
    {
        type            zeroGradient;
    }
    frontAndBack
    {
        type            empty;
    }
}


// ************************************************************************* //
