/*--------------------------------*- C++ -*----------------------------------*\
| =========                 |                                                 |
| \\      /  F ield         | OpenFOAM: The Open Source CFD Toolbox           |
|  \\    /   O peration     | Version:  2112                                  |
|   \\  /    A nd           | Website:  www.openfoam.com                      |
|    \\/     M anipulation  |                                                 |
\*---------------------------------------------------------------------------*/
FoamFile
{
    version     2.0;
    format      ascii;
    arch        "LSB;label=32;scalar=64";
    class       volScalarField;
    location    "0.096";
    object      nut;
}
// * * * * * * * * * * * * * * * * * * * * * * * * * * * * * * * * * * * * * //

dimensions      [0 2 -1 0 0 0 0];

internalField   nonuniform List<scalar> 
12225
(
0
0
0
0
0
0
0
0
0
0
0
0
0
0
0
0
0
0
0
0
0
0
0
0
0
0
0
0
0
0
0
0
0
0
0
0
0
0
0
0
0
0
0
0
0
0
0
0
0
0
0
0
0
0
0
0
0
0
1.75792e-09
6.74011e-10
0
0
0
0
7.64939e-10
8.99121e-10
0
0
0
0
0
0
0
0
0
0
0
0
0
0
1.58345e-07
1.1722e-07
1.32648e-07
1.54749e-07
1.19094e-07
7.5051e-08
2.78598e-08
4.31679e-09
0
0
0
9.51432e-07
2.08326e-06
1.39861e-06
0
0
0
0
4.30462e-08
2.46777e-07
3.02364e-07
3.08856e-07
2.07426e-07
1.14489e-07
1.20688e-07
1.10654e-07
0
0
0
1.50956e-07
0
0
1.90416e-06
0
0
0
0
3.49247e-07
6.53544e-07
5.37874e-07
3.25096e-07
1.83766e-07
1.49836e-07
8.91207e-08
0
0
1.07456e-07
0
0
0
8.97334e-07
0
0
0
0
8.96268e-07
1.19231e-06
9.10399e-07
5.46534e-07
2.50188e-07
8.55449e-08
9.79332e-09
0
0
1.77447e-07
0
0
0
1.601e-06
0
0
0
0
5.99768e-07
1.1572e-06
1.20759e-06
1.05949e-06
5.46041e-07
6.93329e-08
0
0
0
1.04175e-07
3.24589e-08
0
0
1.46189e-06
1.42347e-06
7.09575e-07
0
0
0
2.09722e-08
2.66571e-07
9.60346e-07
8.25711e-07
2.68449e-07
0
0
0
3.83966e-07
4.1493e-07
0
0
4.93399e-07
7.0013e-07
5.45672e-07
2.3849e-07
0
1.72188e-08
0
0
0
0
5.8418e-07
2.91395e-07
1.51225e-08
0
7.22498e-07
6.73195e-07
0
0
0
5.09355e-08
1.63876e-07
2.77855e-08
0
0
0
0
0
0
0
0
0
0
7.12802e-07
3.49356e-07
0
0
0
0
0
0
0
0
0
0
0
0
0
0
0
0
5.52996e-07
7.27612e-07
3.46704e-07
0
0
0
0
0
0
0
0
0
1.44599e-08
6.62481e-08
4.43055e-08
0
0
0
0
0
1.89876e-07
1.7526e-06
3.6293e-08
0
2.90486e-07
2.64202e-07
0
0
0
0
6.4963e-07
9.43519e-07
7.69789e-07
5.72766e-07
4.24717e-07
3.04381e-07
0
0
0
3.84386e-07
1.41914e-06
5.57139e-07
4.31295e-07
8.36295e-07
2.99481e-07
0
0
0
0
5.87824e-07
8.36734e-07
6.38231e-07
4.72786e-07
4.50553e-07
2.53708e-07
2.42797e-07
1.95529e-08
0
8.23398e-07
1.97533e-07
0
3.3919e-07
6.76929e-07
0
0
0
0
0
0
0
0
0
0
0
5.07959e-08
0
0
0
0
0
2.81565e-07
0
0
0
0
0
0
0
0
0
0
0
0
0
0
0
0
0
0
0
0
0
0
0
0
0
0
0
0
1.89584e-07
9.48277e-07
5.58678e-07
0
0
8.36724e-08
2.77661e-08
0
0
0
0
0
0
0
0
0
0
2.45059e-07
5.48482e-07
7.73697e-07
9.85373e-07
3.85048e-07
8.4679e-09
0
0
0
0
0
0
0
0
0
0
0
0
1.57542e-07
4.52239e-08
0
3.47003e-07
1.3579e-06
4.41325e-07
0
0
0
0
0
0
0
2.34632e-08
3.04253e-08
0
0
0
0
0
0
0
0
0
0
0
0
0
0
0
0
0
2.79846e-07
1.89205e-06
1.5178e-06
6.26898e-07
4.07478e-07
1.94062e-07
0
0
0
0
0
0
0
0
0
0
0
0
0
0
7.38198e-07
9.70248e-07
8.89493e-07
2.28123e-07
0
0
0
0
0
0
0
0
0
0
0
0
0
0
0
0
1.26363e-06
2.90415e-07
0
0
0
0
0
0
1.24227e-07
4.52983e-07
0
0
0
0
0
0
0
0
0
0
0
0
2.16909e-09
0
0
3.41021e-09
1.42157e-08
2.11594e-08
1.61791e-08
1.14019e-09
0
0
0
0
0
0
6.96899e-10
0
0
0
0
0
0
0
1.90912e-10
5.4992e-10
4.89483e-10
0
0
0
0
0
0
0
6.68684e-10
0
0
0
0
0
0
0
0
0
0
0
0
0
0
0
0
0
6.24737e-10
0
0
0
0
0
0
0
0
0
0
0
0
0
0
0
0
0
1.25054e-05
3.47298e-06
3.48804e-06
3.86211e-06
2.38924e-06
3.33337e-07
0
0
0
0
0
0
0
6.00861e-07
1.16513e-06
1.48573e-06
1.48574e-06
1.14963e-06
9.7138e-07
1.96549e-06
4.94652e-06
7.74497e-06
0
0
4.33467e-06
2.03307e-05
2.95615e-05
3.22609e-05
3.82027e-05
4.28851e-05
1.8237e-05
4.92762e-06
9.94832e-07
0
0
3.15874e-07
5.77822e-07
7.41117e-07
8.16766e-07
8.28136e-07
7.96999e-07
7.34922e-07
6.58587e-07
5.6573e-07
4.70253e-07
3.67144e-07
2.63714e-07
1.57263e-07
4.69052e-08
0
0
0
0
0
0
0
0
0
0
0
0
0
0
0
0
0
0
0
0
0
0
0
0
0
0
0
0
0
0
0
0
0
0
0
0
0
0
0
0
0
0
0
0
0
0
0
0
0
0
0
0
0
0
0
0
0
0
2.78464e-06
1.79759e-06
0
2.17269e-06
1.52047e-05
2.93631e-05
4.01027e-05
5.21257e-05
5.59677e-05
3.44158e-05
1.18381e-05
3.18213e-06
7.85521e-07
9.67845e-08
0
2.56805e-08
1.23399e-07
2.35595e-07
3.44449e-07
3.8454e-07
3.29122e-07
2.14644e-07
6.9823e-08
0
0
0
0
0
0
0
0
0
0
0
0
0
0
0
0
0
0
3.88108e-08
0
0
0
0
0
0
0
0
0
0
0
0
0
0
0
0
0
0
0
0
0
0
0
0
4.08554e-07
5.06276e-07
3.89603e-07
2.0118e-07
5.68019e-08
3.82926e-09
2.45203e-08
8.37711e-06
7.53926e-06
5.63207e-06
5.56375e-06
5.14852e-06
3.10307e-06
4.84356e-07
0
0
0
0
0
2.52315e-07
1.52912e-06
2.64632e-06
3.32039e-06
3.56041e-06
3.56946e-06
4.96092e-06
1.0245e-05
1.85415e-05
1.58303e-05
0
0
0
0
0
0
0
0
2.70025e-06
2.88251e-06
7.41231e-07
0
0
2.20691e-07
4.40651e-07
5.57668e-07
5.90351e-07
5.82232e-07
5.39632e-07
4.8501e-07
4.25735e-07
3.58138e-07
2.93722e-07
2.26401e-07
1.61503e-07
9.64713e-08
2.97365e-08
0
0
0
0
0
0
0
0
0
0
0
0
0
0
0
0
0
0
0
0
0
0
0
0
0
0
0
0
0
0
0
0
0
0
0
0
0
0
0
9.17062e-08
0
0
0
0
0
0
0
0
0
0
0
0
0
0
0
0
0
0
0
0
2.60064e-07
9.4252e-06
3.07692e-05
5.17074e-05
4.94321e-05
3.35426e-05
2.19056e-05
1.49957e-05
1.01298e-05
5.93109e-06
2.71284e-06
1.13303e-06
6.04796e-07
4.97432e-07
5.10636e-07
5.71399e-07
6.41476e-07
6.60182e-07
5.75663e-07
3.90726e-07
1.3604e-07
0
0
0
0
0
0
0
0
0
0
0
0
0
0
0
0
0
0
0
1.13875e-07
7.82532e-08
1.44175e-08
0
0
0
0
0
0
0
0
0
0
0
0
0
0
0
0
0
0
0
0
0
0
3.30984e-07
4.97034e-07
3.09236e-07
6.74193e-08
0
1.77169e-08
2.65383e-06
4.71222e-06
5.99762e-06
7.01496e-06
7.20112e-06
6.77735e-06
5.56555e-06
3.3187e-06
0
0
0
7.06334e-07
1.10872e-05
1.4105e-05
1.132e-05
7.07279e-06
3.51746e-06
1.09028e-06
0
0
0
0
0
0
0
0
0
5.84815e-07
0
0
9.85021e-07
1.10231e-06
0
0
0
0
1.93383e-07
4.07531e-07
5.54137e-07
6.45195e-07
6.84749e-07
6.79174e-07
6.4008e-07
5.72032e-07
4.81766e-07
3.83078e-07
2.79572e-07
1.71126e-07
5.80272e-08
0
0
0
0
0
0
0
0
0
0
0
0
0
0
0
0
0
0
0
0
0
0
0
0
0
0
0
0
0
0
0
0
0
0
0
0
0
0
0
0
1.04751e-07
2.06051e-07
0
0
0
0
0
0
0
0
0
0
0
3.99699e-07
0
0
0
0
0
0
3.1812e-06
1.07641e-05
1.65358e-05
1.52029e-05
1.17662e-05
9.57004e-06
8.55221e-06
8.30794e-06
8.38407e-06
8.03958e-06
6.92009e-06
5.70221e-06
4.85477e-06
4.33776e-06
3.97646e-06
3.71854e-06
3.48584e-06
3.13418e-06
2.56769e-06
1.75241e-06
6.33564e-07
0
0
0
0
0
0
0
0
0
0
0
0
0
0
0
0
0
0
0
0
0
0
5.302e-08
1.57338e-07
1.82455e-07
1.6139e-07
1.21781e-07
8.21346e-08
3.04729e-08
0
0
0
0
0
0
0
0
0
0
0
0
0
0
0
0
3.6543e-07
5.35589e-07
2.18347e-07
1.67427e-07
1.59625e-07
4.88632e-07
1.3281e-06
3.93221e-06
7.47021e-06
7.80848e-06
6.88678e-06
3.91945e-06
0
0
0
3.11033e-06
3.52701e-05
3.90062e-05
2.75343e-05
1.67293e-05
8.57485e-06
2.7089e-06
0
0
0
0
0
0
0
0
0
0
3.7725e-07
0
0
2.3678e-07
0
0
0
0
0
0
0
0
0
0
0
7.26387e-07
1.97251e-06
3.79022e-06
6.53684e-06
1.09364e-05
1.51515e-05
0
0
0
0
0
0
0
0
0
0
3.7155e-08
1.03714e-07
1.1184e-07
7.5886e-08
1.04352e-08
0
0
0
1.24893e-07
4.1026e-07
7.11464e-07
9.27013e-07
9.92013e-07
9.34652e-07
8.64902e-07
7.66652e-07
5.79934e-07
4.31765e-07
3.35439e-07
2.07064e-07
2.08043e-07
3.76754e-07
3.86972e-07
4.37466e-07
4.85934e-07
4.45803e-07
2.90974e-07
1.04822e-07
0
0
0
0
0
2.1239e-08
2.6674e-09
0
0
0
0
0
0
0
0
4.18318e-07
3.66254e-07
0
0
0
0
0
2.39224e-06
2.96529e-06
3.36679e-06
4.28274e-06
4.89816e-06
5.14543e-06
5.35221e-06
5.92732e-06
7.05507e-06
8.83803e-06
1.06333e-05
1.10252e-05
9.45061e-06
7.08835e-06
5.1024e-06
3.76609e-06
2.8221e-06
1.97883e-06
1.12657e-06
4.35132e-07
1.08587e-07
1.33945e-07
3.24878e-07
3.87789e-07
2.5222e-07
1.02362e-08
0
0
0
0
0
0
0
0
0
0
0
0
0
0
0
0
0
0
0
0
0
0
0
0
0
0
0
0
0
0
7.40286e-07
4.09395e-08
0
0
0
0
0
1.67671e-07
1.64194e-07
1.7008e-07
2.91296e-07
7.03144e-07
1.43003e-06
2.17385e-06
2.79511e-06
2.26239e-06
8.28259e-08
3.57804e-07
1.7818e-06
6.33698e-06
4.44604e-06
0
0
0
0
2.41928e-05
5.89611e-05
6.1207e-05
4.85188e-05
3.38313e-05
2.09382e-05
1.08262e-05
3.30992e-06
0
0
0
0
0
0
0
0
0
0
0
0
0
6.11691e-07
1.40262e-07
0
0
0
0
0
0
0
0
0
4.52009e-07
1.59859e-06
3.05041e-06
4.95711e-06
7.6154e-06
1.15563e-05
1.45346e-05
0
0
0
0
0
0
0
0
1.28503e-07
3.6048e-07
4.66842e-07
4.83624e-07
4.45171e-07
3.82702e-07
3.25997e-07
2.99144e-07
3.07189e-07
3.31784e-07
3.48615e-07
3.50358e-07
3.49624e-07
3.63946e-07
4.03199e-07
4.90589e-07
6.30315e-07
7.37199e-07
7.3692e-07
6.6166e-07
5.4611e-07
3.88517e-07
2.8951e-07
2.85414e-07
2.05877e-07
1.3513e-07
8.53662e-08
3.42004e-08
0
0
0
0
5.36508e-08
6.14215e-08
5.99025e-08
1.16474e-07
1.50932e-07
9.39964e-08
1.32042e-08
0
0
0
0
0
0
7.79078e-07
8.24591e-07
1.02058e-07
1.2559e-06
0
0
1.24598e-06
3.61953e-06
3.68754e-06
3.03175e-06
2.8872e-06
3.38212e-06
4.06907e-06
4.80708e-06
5.50579e-06
5.77715e-06
4.94222e-06
2.54736e-06
4.33755e-07
0
0
5.41095e-08
1.6564e-07
2.40443e-07
2.5777e-07
1.80178e-07
8.77403e-08
1.29632e-07
3.45415e-07
6.20916e-07
8.01655e-07
8.71418e-07
7.47e-07
4.88239e-07
1.6676e-07
0
0
0
0
0
0
0
0
0
0
0
0
0
0
0
0
0
0
0
0
0
0
0
0
2.06018e-07
3.54839e-07
1.41692e-07
5.278e-07
1.18781e-06
1.74243e-06
3.26765e-06
1.46125e-06
0
0
1.23262e-06
2.29271e-06
2.26969e-06
1.70382e-06
1.59471e-06
1.9842e-06
2.93105e-06
4.05838e-06
4.47926e-06
3.41688e-06
0
3.79983e-08
5.30607e-07
1.71222e-06
0
0
0
3.32708e-05
5.08556e-05
5.87026e-05
6.01524e-05
5.74282e-05
4.98444e-05
3.84039e-05
2.47078e-05
1.22098e-05
3.57308e-06
0
0
0
0
0
0
0
0
0
0
0
1.63931e-06
1.91785e-06
6.97289e-07
0
0
0
0
0
0
0
0
0
6.87073e-07
1.58234e-06
2.50143e-06
3.42684e-06
4.3764e-06
5.33493e-06
6.0355e-06
5.25072e-06
8.70044e-07
0
0
0
0
3.65046e-07
9.95557e-07
1.37505e-06
1.56638e-06
1.61622e-06
1.55091e-06
1.39909e-06
1.18287e-06
9.20901e-07
6.38256e-07
3.72887e-07
1.71718e-07
4.90954e-08
0
0
0
0
0
0
0
0
0
0
1.47427e-10
3.2489e-07
4.84248e-07
4.96327e-07
3.92722e-07
2.43646e-07
7.59048e-08
0
0
0
0
0
1.43711e-09
6.90159e-08
5.97394e-08
1.2594e-07
1.58873e-07
7.31283e-08
1.46831e-08
5.30463e-08
3.6399e-08
0
0
0
0
1.23941e-07
0
0
1.70324e-06
0
0
3.61158e-06
5.40847e-06
4.73894e-06
3.00381e-06
2.17118e-06
2.39129e-06
3.027e-06
3.73598e-06
3.88826e-06
2.80116e-06
4.84351e-07
0
0
0
0
0
0
1.8495e-07
3.91286e-07
4.8342e-07
4.15099e-07
3.45564e-07
4.37879e-07
6.09037e-07
8.27169e-07
9.95678e-07
8.82106e-07
5.43874e-07
1.68249e-07
0
0
0
0
0
0
0
0
0
0
0
0
0
0
0
0
0
0
0
0
2.1661e-07
1.58974e-07
1.70314e-08
0
7.17961e-08
3.92553e-07
6.40002e-07
1.0258e-06
1.54963e-06
2.06598e-06
3.46967e-06
4.33415e-06
2.17361e-06
1.36736e-06
1.26927e-05
1.57135e-05
9.07983e-06
4.79282e-06
3.46141e-06
3.32004e-06
4.05994e-06
4.93268e-06
5.04684e-06
3.41525e-06
0
0
0
1.18308e-06
1.74058e-05
3.02311e-05
3.2184e-05
3.30132e-05
3.53436e-05
3.81683e-05
3.98668e-05
4.10703e-05
4.21425e-05
4.14297e-05
3.44423e-05
2.06319e-05
9.21263e-06
2.69051e-06
0
0
0
0
0
0
0
0
3.06027e-07
5.42995e-06
4.44039e-06
1.51167e-06
0
0
0
0
0
0
0
0
6.30553e-08
6.98475e-07
1.20716e-06
1.5742e-06
1.87259e-06
2.23482e-06
2.77437e-06
3.51574e-06
4.28536e-06
4.26123e-06
1.75662e-06
0
0
0
0
0
1.11084e-07
6.18494e-07
9.49694e-07
1.1742e-06
1.32946e-06
1.44895e-06
1.52586e-06
1.53565e-06
1.44431e-06
1.23133e-06
9.20474e-07
5.84051e-07
2.97441e-07
8.32275e-08
0
0
0
0
0
0
0
0
0
0
0
2.56693e-07
4.98633e-07
5.08576e-07
3.90389e-07
2.264e-07
4.75067e-08
0
0
0
0
0
0
0
1.32468e-07
8.20606e-08
7.2322e-08
1.96982e-07
1.67934e-07
6.3648e-08
0
1.70542e-07
4.56801e-07
6.41397e-07
0
0
0
0
0
5.0923e-06
5.9577e-06
4.83057e-06
2.7241e-06
1.75945e-06
1.91109e-06
2.46257e-06
2.98863e-06
2.71558e-06
9.87227e-07
0
0
0
0
0
0
1.88082e-07
4.62641e-07
7.65437e-07
9.63576e-07
9.11737e-07
7.44298e-07
6.08207e-07
5.43687e-07
6.73308e-07
7.95951e-07
6.42787e-07
2.58598e-07
0
0
0
0
0
0
0
0
0
0
0
0
0
0
0
0
0
0
0
0
0
8.3752e-08
2.96758e-07
4.66151e-07
4.91404e-07
3.15564e-07
2.87442e-07
5.77946e-07
1.16823e-06
1.71289e-06
2.26034e-06
3.39808e-06
4.40036e-06
3.8352e-06
3.18669e-06
7.50075e-06
1.45909e-05
1.6284e-05
9.56591e-06
5.67721e-06
4.56841e-06
4.83574e-06
5.31929e-06
5.2132e-06
3.08372e-06
0
0
0
1.13371e-06
9.20826e-06
1.4623e-05
1.68183e-05
1.7539e-05
1.86593e-05
1.96951e-05
2.04613e-05
2.15282e-05
2.27208e-05
2.43213e-05
2.56983e-05
2.18332e-05
1.18385e-05
4.9087e-06
1.08684e-06
0
0
0
0
0
0
0
5.25945e-06
7.00604e-06
1.9606e-06
0
0
0
0
0
0
0
0
2.63408e-07
7.58244e-07
1.05058e-06
1.23298e-06
1.47957e-06
2.01566e-06
3.03561e-06
4.67916e-06
6.96569e-06
9.41608e-06
8.40655e-06
0
0
0
0
0
0
0
0
0
0
0
0
0
8.23784e-08
3.47442e-07
6.06238e-07
7.699e-07
7.92545e-07
6.8556e-07
5.30787e-07
4.26552e-07
3.30325e-07
3.65233e-08
0
0
0
0
0
0
0
0
0
0
0
1.0553e-07
1.44027e-07
1.26018e-07
1.01167e-07
2.02873e-09
0
0
0
0
0
9.15661e-08
9.56364e-08
1.75469e-07
3.49643e-07
2.12904e-07
7.09168e-09
0
0
8.56693e-07
4.90054e-07
0
0
0
0
0
5.71178e-06
6.00793e-06
4.69775e-06
2.48681e-06
1.54904e-06
1.69298e-06
2.17655e-06
2.49817e-06
1.80786e-06
0
0
0
0
0
0
5.30238e-07
8.73072e-07
1.12811e-06
1.47274e-06
1.77945e-06
1.90594e-06
1.8614e-06
1.53703e-06
1.15082e-06
9.89416e-07
8.79094e-07
6.38633e-07
2.40687e-07
0
0
0
0
0
0
0
0
0
0
0
0
0
0
0
0
0
0
0
0
8.85631e-08
4.08122e-07
7.54629e-07
1.06224e-06
1.34486e-06
1.41635e-06
7.40243e-07
6.2658e-08
4.09748e-07
1.24138e-06
2.23674e-06
3.5873e-06
4.36936e-06
4.00358e-06
3.95712e-06
6.6054e-06
1.04311e-05
1.38428e-05
1.40756e-05
8.42131e-06
5.81728e-06
5.47471e-06
5.49767e-06
5.12841e-06
2.60619e-06
0
0
0
0
4.14517e-07
4.32727e-06
6.71996e-06
7.6089e-06
7.92194e-06
8.00483e-06
7.9912e-06
7.80777e-06
7.31585e-06
7.22499e-06
8.16807e-06
9.18412e-06
8.28862e-06
6.14252e-06
3.72906e-06
1.50079e-06
1.32484e-07
0
0
0
0
0
1.67926e-06
1.75997e-06
0
0
0
0
0
0
0
1.88404e-07
7.86615e-07
1.19739e-06
1.44291e-06
1.67727e-06
2.12837e-06
3.03893e-06
4.65102e-06
7.22738e-06
1.11517e-05
1.70505e-05
2.41924e-05
3.88772e-06
0
0
0
0
0
0
0
0
1.16412e-07
4.29402e-07
4.29719e-07
2.08347e-07
0
0
0
0
0
0
0
0
0
0
0
7.90679e-08
0
0
0
0
0
0
0
0
0
0
0
0
0
0
0
1.08082e-07
9.56277e-08
0
0
0
0
8.34846e-09
2.21121e-07
4.68764e-07
2.31662e-07
0
0
1.90232e-07
2.87746e-06
1.18725e-06
0
0
0
0
0
5.30595e-06
5.74674e-06
4.41488e-06
2.23054e-06
1.39209e-06
1.56319e-06
2.01457e-06
2.15799e-06
9.86382e-07
0
0
0
0
0
5.8928e-07
1.46613e-06
1.68383e-06
1.90909e-06
2.30707e-06
2.76384e-06
3.22733e-06
3.5234e-06
3.2734e-06
2.78996e-06
2.32894e-06
1.89785e-06
1.45534e-06
9.13373e-07
3.67008e-07
0
0
0
0
0
0
0
0
0
0
0
0
0
0
0
0
0
0
1.80178e-07
4.33751e-07
9.18844e-07
1.69049e-06
2.39496e-06
2.95714e-06
3.54736e-06
2.90476e-06
0
0
0
1.23421e-06
3.48982e-06
4.61199e-06
4.30432e-06
4.54878e-06
6.62439e-06
8.9487e-06
1.08012e-05
1.28311e-05
1.16841e-05
7.35263e-06
6.11232e-06
5.58908e-06
4.75931e-06
1.84345e-06
0
0
0
0
0
0
1.21928e-06
2.43089e-06
2.85506e-06
2.89141e-06
2.83429e-06
2.69766e-06
2.71561e-06
3.13591e-06
3.9981e-06
4.88814e-06
5.29635e-06
5.11443e-06
4.34024e-06
3.64943e-06
3.86699e-06
3.24662e-06
0
0
0
0
1.80366e-07
0
0
0
0
0
0
1.08212e-07
6.03013e-07
1.04027e-06
1.36168e-06
1.59561e-06
1.87778e-06
2.39676e-06
3.35344e-06
4.91114e-06
7.19416e-06
1.025e-05
1.37226e-05
1.51892e-05
6.15252e-06
0
0
0
0
0
0
0
0
0
1.20911e-07
7.40195e-07
1.03104e-06
1.04043e-06
8.20859e-07
4.70571e-07
1.21562e-07
0
0
0
0
0
0
0
0
0
0
0
0
0
0
0
0
0
0
0
0
0
0
0
0
0
0
1.33307e-07
0
0
0
0
2.59669e-07
5.67926e-07
2.01295e-07
0
0
6.95548e-07
5.80801e-06
3.66387e-07
0
0
0
0
0
4.49991e-06
5.35262e-06
3.89892e-06
1.91815e-06
1.23988e-06
1.4803e-06
1.91903e-06
1.85017e-06
0
0
0
0
0
0
1.49191e-06
1.80453e-06
1.72561e-06
1.82197e-06
2.20965e-06
2.79611e-06
3.56653e-06
4.36046e-06
5.07149e-06
5.3771e-06
5.09744e-06
4.40556e-06
3.50989e-06
2.5176e-06
1.64266e-06
9.25053e-07
2.14958e-07
0
0
0
0
0
0
0
0
0
0
0
0
0
0
0
1.26812e-07
8.08846e-07
1.26204e-06
1.90012e-06
2.9345e-06
4.19438e-06
5.02397e-06
5.55397e-06
5.64296e-06
0
0
0
0
2.1847e-06
4.66739e-06
5.04691e-06
5.08626e-06
6.64087e-06
8.31193e-06
9.32652e-06
1.04898e-05
1.23038e-05
9.17316e-06
6.85487e-06
5.51027e-06
4.14505e-06
7.18815e-07
0
0
0
0
0
0
0
0
2.79376e-08
4.12534e-07
6.81183e-07
9.23672e-07
1.21699e-06
1.6556e-06
2.18691e-06
2.77443e-06
3.22812e-06
3.34058e-06
3.00367e-06
2.58598e-06
1.99042e-06
7.06546e-07
0
0
0
0
0
0
0
0
0
0
1.49333e-07
3.67204e-07
5.70778e-07
7.49701e-07
9.23831e-07
1.15489e-06
1.52878e-06
2.13183e-06
3.01182e-06
4.14088e-06
5.31439e-06
5.98158e-06
5.1908e-06
1.78089e-06
0
0
0
0
0
0
0
0
0
0
0
2.80414e-07
6.82292e-07
8.88373e-07
9.41696e-07
8.74471e-07
7.26878e-07
5.30154e-07
3.18432e-07
1.19868e-07
0
0
0
0
0
0
0
0
0
0
0
0
0
0
1.49855e-07
9.44906e-08
0
0
0
0
0
0
0
0
0
0
0
0
2.93419e-07
6.75385e-07
2.76229e-07
1.52659e-08
0
2.01985e-07
8.47919e-07
0
0
0
0
0
0
2.86375e-06
4.45841e-06
3.11784e-06
1.54463e-06
1.09333e-06
1.43005e-06
1.82198e-06
1.26008e-06
0
0
0
0
0
2.70962e-06
2.86735e-06
2.24621e-06
1.65381e-06
1.47107e-06
1.70383e-06
2.21419e-06
3.03709e-06
4.06001e-06
5.30228e-06
6.73849e-06
7.85867e-06
8.20903e-06
7.28904e-06
5.44249e-06
3.46007e-06
1.82801e-06
6.12796e-07
0
0
0
0
0
0
0
0
0
0
0
0
0
0
0
4.89152e-07
1.66135e-06
2.75223e-06
3.93649e-06
5.04138e-06
6.20543e-06
6.73672e-06
6.65687e-06
6.05265e-06
1.25969e-06
0
0
0
0
3.87909e-06
5.68659e-06
5.94348e-06
6.55358e-06
8.03066e-06
8.6582e-06
9.11433e-06
1.04517e-05
1.07668e-05
7.76749e-06
5.37645e-06
3.25388e-06
0
0
0
0
0
0
0
0
0
0
0
0
2.79874e-07
8.03237e-07
1.36817e-06
1.94695e-06
2.47536e-06
2.70581e-06
2.60817e-06
2.24502e-06
1.90396e-06
1.41834e-06
4.29091e-07
0
0
0
0
0
3.06409e-08
1.35938e-07
1.40152e-07
1.1847e-07
1.05682e-07
9.60851e-08
7.7003e-08
7.01384e-08
1.13393e-07
2.32787e-07
4.35215e-07
7.16072e-07
1.05578e-06
1.40486e-06
1.66592e-06
1.64838e-06
1.10133e-06
0
0
0
0
0
0
0
0
0
0
0
0
0
1.71856e-07
5.46445e-07
7.05615e-07
7.39737e-07
6.95761e-07
6.2831e-07
6.01925e-07
6.1626e-07
5.96514e-07
4.86641e-07
2.44549e-07
0
0
0
0
0
0
0
0
0
0
0
0
0
2.71114e-07
2.76617e-07
0
0
0
0
0
0
0
0
0
0
0
5.62466e-07
9.15473e-07
5.10321e-07
5.26355e-07
9.24731e-07
0
0
0
0
0
0
0
0
0
2.44678e-06
1.91613e-06
1.04173e-06
9.35555e-07
1.42582e-06
1.68277e-06
8.12255e-08
0
0
0
1.80355e-06
9.10099e-06
6.78923e-06
4.81286e-06
3.21438e-06
2.05404e-06
1.49975e-06
1.39268e-06
1.57245e-06
2.07971e-06
2.98437e-06
4.54204e-06
6.93029e-06
1.01353e-05
1.23361e-05
9.88706e-06
5.89971e-06
3.39682e-06
1.82163e-06
6.92716e-07
0
0
0
0
0
0
0
0
0
0
0
0
0
0
0
8.84562e-07
2.44762e-06
4.23879e-06
5.87922e-06
6.52846e-06
6.70436e-06
6.86015e-06
6.4733e-06
4.63731e-06
0
0
0
0
0
1.63624e-06
5.76282e-06
6.85249e-06
7.06417e-06
7.71751e-06
8.37437e-06
8.41102e-06
8.9301e-06
1.0251e-05
8.91987e-06
5.34962e-06
2.15314e-06
0
0
0
0
0
0
0
0
0
0
0
0
1.39187e-07
8.7899e-07
1.55388e-06
2.11169e-06
2.45277e-06
2.4645e-06
2.30217e-06
2.02777e-06
1.77015e-06
1.34947e-06
5.21904e-07
0
0
0
0
0
1.78725e-07
4.94105e-07
5.3025e-07
3.84135e-07
1.6605e-07
0
0
0
0
0
0
0
0
0
0
0
0
0
0
0
0
0
0
0
0
0
0
0
0
0
2.73238e-07
7.81385e-07
9.48153e-07
9.11124e-07
7.6065e-07
5.77204e-07
4.39673e-07
3.87597e-07
4.27083e-07
5.40419e-07
6.3113e-07
5.01739e-07
0
0
0
0
0
0
0
0
0
0
0
0
0
0
0
0
0
0
0
0
0
0
0
0
0
1.16852e-06
1.19568e-06
6.53991e-07
6.09304e-07
0
0
0
0
0
0
0
0
0
0
0
8.82505e-08
4.42851e-07
8.56043e-07
1.59055e-06
1.49237e-06
0
0
0
1.84378e-05
1.91355e-05
1.31928e-05
9.15489e-06
6.29965e-06
4.23769e-06
2.80378e-06
1.90708e-06
1.5029e-06
1.66515e-06
2.42109e-06
3.78472e-06
5.71176e-06
7.68222e-06
8.51785e-06
7.42894e-06
5.41652e-06
3.72275e-06
2.50561e-06
1.5445e-06
7.04699e-07
0
0
0
0
0
0
0
0
0
0
0
0
0
0
1.42934e-08
1.65108e-06
3.06269e-06
4.71592e-06
6.32759e-06
6.27283e-06
4.8565e-06
4.99437e-06
4.95434e-06
1.53586e-06
0
0
0
0
0
0
4.9512e-06
7.64039e-06
7.94545e-06
7.72807e-06
8.19008e-06
8.09951e-06
8.01035e-06
8.58297e-06
9.62953e-06
5.46468e-06
8.16191e-07
0
0
0
0
0
0
0
0
0
0
0
0
1.8793e-07
9.24714e-07
1.52845e-06
1.97315e-06
2.20051e-06
2.21945e-06
2.14879e-06
1.99398e-06
1.81959e-06
1.46017e-06
7.64282e-07
0
0
0
0
0
2.38388e-08
6.49894e-07
9.33356e-07
8.76766e-07
5.62294e-07
1.29133e-07
0
0
0
0
0
0
0
0
0
0
0
0
0
0
0
0
0
0
0
0
0
0
0
0
1.32074e-07
7.13475e-07
9.42535e-07
9.50633e-07
8.57562e-07
7.57865e-07
5.77184e-07
3.44436e-07
1.93681e-07
1.91426e-07
3.38991e-07
5.4385e-07
5.81005e-07
2.41999e-07
0
0
0
0
0
0
0
0
0
0
0
0
0
0
0
0
0
0
0
0
0
0
0
1.35337e-06
1.20552e-06
6.34587e-07
1.67034e-07
0
0
1.85907e-06
7.49932e-07
0
0
0
0
0
0
0
0
1.05107e-07
1.20557e-06
2.01112e-06
1.4042e-06
0
0
2.11534e-05
1.85633e-05
1.55653e-05
1.32421e-05
1.12345e-05
9.1982e-06
6.90402e-06
5.04927e-06
4.24236e-06
4.26909e-06
4.58039e-06
4.63295e-06
4.4065e-06
4.06006e-06
3.80587e-06
3.61329e-06
3.34558e-06
2.95941e-06
2.55717e-06
2.14735e-06
1.64202e-06
1.01347e-06
2.62293e-07
0
0
0
0
0
0
0
0
0
0
0
0
0
1.36429e-06
3.47461e-06
4.56069e-06
5.29813e-06
6.05339e-06
5.55693e-06
2.99846e-06
2.16114e-06
2.03357e-06
0
4.63056e-06
6.42414e-06
0
0
0
0
3.63289e-06
7.99799e-06
9.0014e-06
8.32434e-06
8.03894e-06
8.02741e-06
7.55162e-06
7.30919e-06
8.77074e-06
6.05452e-06
0
0
0
0
0
0
0
0
0
0
0
0
0
3.42888e-07
9.86507e-07
1.46496e-06
1.79045e-06
1.97032e-06
2.05534e-06
2.09456e-06
2.05841e-06
1.98815e-06
1.73417e-06
1.20362e-06
3.50035e-07
0
0
0
0
0
2.4213e-07
9.37138e-07
1.32115e-06
1.32293e-06
9.83276e-07
4.35887e-07
0
0
0
0
0
0
0
0
0
0
0
0
0
0
0
0
0
5.52292e-07
9.35745e-07
6.87715e-07
1.21022e-07
0
1.88622e-07
3.7905e-07
4.31585e-07
5.04487e-07
5.56604e-07
5.4765e-07
5.49004e-07
5.51939e-07
5.14318e-07
3.5963e-07
7.67e-08
0
0
2.25081e-07
5.20995e-07
5.28179e-07
0
0
0
0
0
0
0
0
0
0
0
0
0
0
0
0
0
0
0
0
0
0
0
2.56328e-07
2.74186e-07
0
0
0
0
1.1345e-06
1.35446e-07
0
0
0
0
2.26987e-06
5.06193e-06
0
1.17704e-06
2.01451e-06
2.08046e-06
1.34993e-06
3.28408e-06
1.8284e-05
1.78918e-05
1.47705e-05
1.36712e-05
1.39274e-05
1.45109e-05
1.3639e-05
1.23952e-05
1.05915e-05
7.45983e-06
4.84163e-06
3.25395e-06
2.40479e-06
2.02292e-06
1.97756e-06
2.16644e-06
2.46732e-06
2.78799e-06
3.02586e-06
3.09976e-06
2.91504e-06
2.45807e-06
1.81156e-06
9.24758e-07
0
0
0
0
0
0
0
0
0
0
0
0
0
2.33097e-06
5.85601e-06
7.30589e-06
7.11259e-06
6.68705e-06
5.67467e-06
2.62372e-06
0
0
0
1.30986e-05
1.04458e-05
1.45917e-06
0
0
0
3.00053e-06
7.91162e-06
9.97893e-06
9.25972e-06
8.17406e-06
8.04998e-06
7.40643e-06
6.58159e-06
7.27617e-06
6.81341e-06
0
0
0
0
0
0
0
0
0
0
0
0
0
4.97603e-07
1.07933e-06
1.4989e-06
1.76162e-06
1.91088e-06
2.0104e-06
2.10178e-06
2.14646e-06
2.15925e-06
2.03792e-06
1.70789e-06
1.10168e-06
2.58575e-07
0
0
0
0
0
3.54287e-07
1.11727e-06
1.61749e-06
1.76592e-06
1.55294e-06
1.03926e-06
3.69794e-07
0
0
0
0
0
0
0
0
0
0
0
0
0
2.32219e-06
4.53768e-06
5.90897e-06
6.19869e-06
5.49802e-06
4.29708e-06
3.21269e-06
2.3551e-06
1.33959e-06
3.26039e-07
0
1.59036e-08
1.67705e-07
2.82229e-07
3.64219e-07
3.98781e-07
3.96237e-07
3.5831e-07
1.30128e-07
0
0
0
2.05262e-07
6.46458e-07
0
0
0
0
0
0
0
0
0
0
0
0
0
0
0
0
0
0
0
0
0
0
0
6.89524e-08
0
0
0
0
0
0
0
0
0
1.64088e-06
8.87334e-06
8.82276e-06
7.05994e-07
0
5.77485e-07
7.15211e-07
1.70212e-06
8.10813e-06
1.81851e-05
1.66347e-05
1.43395e-05
1.42493e-05
1.60663e-05
1.84548e-05
2.2548e-05
1.78998e-05
9.64682e-06
6.09938e-06
4.19135e-06
3.0764e-06
2.66825e-06
2.68679e-06
2.93713e-06
3.3634e-06
3.95631e-06
4.50173e-06
4.64876e-06
4.36523e-06
3.85904e-06
3.26792e-06
2.605e-06
1.49077e-06
0
0
0
0
0
0
0
0
0
0
0
4.38927e-06
4.78514e-06
2.537e-07
4.83222e-06
1.01804e-05
1.01746e-05
8.50896e-06
6.60359e-06
3.58211e-06
0
0
0
5.37519e-06
1.0439e-05
4.13864e-06
1.37662e-06
1.37823e-06
1.79453e-06
3.54423e-06
7.67571e-06
1.06965e-05
1.03898e-05
8.79729e-06
8.13016e-06
7.5097e-06
6.34295e-06
6.46948e-06
7.21094e-06
0
0
0
0
0
0
0
0
0
0
0
0
0
4.92643e-07
9.1137e-07
1.23549e-06
1.45122e-06
1.58259e-06
1.67003e-06
1.75573e-06
1.81754e-06
1.85723e-06
1.82647e-06
1.67201e-06
1.34599e-06
8.1972e-07
1.19894e-07
0
0
0
0
0
3.90437e-07
1.03241e-06
1.51542e-06
1.77586e-06
1.77154e-06
1.50393e-06
1.01133e-06
3.66329e-07
0
0
0
0
0
0
0
0
0
0
2.02954e-06
5.38573e-06
7.19068e-06
7.40897e-06
6.59293e-06
5.19048e-06
3.6782e-06
2.56191e-06
1.78386e-06
8.07404e-07
0
0
0
0
0
2.30748e-07
2.69989e-07
2.21651e-07
1.93283e-07
1.95577e-07
1.90696e-07
0
0
0
0
8.55397e-08
1.36588e-07
0
0
0
0
0
0
0
0
0
0
0
0
0
0
0
0
0
0
2.50144e-07
2.44175e-07
1.52826e-07
1.56489e-07
2.11174e-07
0
0
0
0
0
0
0
0
4.41263e-06
7.49808e-06
1.53505e-06
0
0
0
3.38103e-07
2.66428e-06
1.03823e-05
1.90794e-05
1.73099e-05
1.53584e-05
1.60575e-05
1.85761e-05
2.55557e-05
2.38759e-05
1.37802e-05
1.02016e-05
7.67034e-06
5.73465e-06
4.72916e-06
4.38385e-06
4.44812e-06
4.75037e-06
5.21355e-06
5.78942e-06
5.80612e-06
5.19393e-06
4.55469e-06
4.02924e-06
3.56216e-06
3.00184e-06
7.73363e-07
0
0
0
0
0
0
0
0
0
2.68021e-06
1.41233e-05
2.69306e-05
3.77142e-05
2.04215e-05
0
8.08543e-06
1.29095e-05
1.10291e-05
8.04343e-06
4.81609e-06
0
0
0
0
6.81241e-06
6.70737e-06
3.51426e-06
3.01553e-06
3.03884e-06
4.00522e-06
7.37569e-06
1.1007e-05
1.14109e-05
9.63678e-06
8.26517e-06
7.74285e-06
6.44214e-06
6.43376e-06
7.67775e-06
0
0
1.40758e-05
7.8901e-06
1.88803e-06
0
0
0
0
0
0
3.6546e-07
5.31934e-07
6.53001e-07
7.91288e-07
9.32604e-07
1.05347e-06
1.14588e-06
1.21681e-06
1.29039e-06
1.35867e-06
1.42215e-06
1.45848e-06
1.42809e-06
1.2943e-06
1.00487e-06
5.26633e-07
0
0
0
0
0
0
3.40984e-07
7.80828e-07
1.14489e-06
1.40648e-06
1.53236e-06
1.51682e-06
1.31291e-06
9.03663e-07
2.99243e-07
0
0
0
0
0
0
0
0
3.69512e-06
6.36603e-06
6.40631e-06
5.41281e-06
4.19002e-06
2.79762e-06
1.53536e-06
9.31428e-07
7.77584e-07
2.93508e-07
0
0
0
0
0
2.76674e-07
2.6647e-07
1.50229e-07
7.32839e-08
6.03364e-08
1.01554e-07
1.32003e-07
0
0
0
0
0
0
0
0
0
0
0
0
0
1.31014e-07
4.05536e-07
3.39016e-07
0
0
0
0
0
0
4.64302e-07
6.93771e-07
5.64741e-07
3.8814e-07
3.11279e-07
4.18872e-07
0
0
0
0
0
0
0
1.7881e-06
4.95972e-06
2.49018e-06
0
0
0
0
4.93966e-07
3.6329e-06
1.2703e-05
2.09964e-05
1.92362e-05
1.81117e-05
1.96098e-05
2.53731e-05
2.96989e-05
1.98114e-05
1.54872e-05
1.24111e-05
9.46948e-06
7.30193e-06
6.02426e-06
5.58301e-06
5.50115e-06
5.66626e-06
6.31626e-06
6.57209e-06
5.93022e-06
5.28384e-06
4.86839e-06
4.57957e-06
4.38046e-06
3.93691e-06
1.78948e-06
0
0
0
0
0
0
0
0
3.53065e-07
1.20253e-05
2.79194e-05
4.79155e-05
7.07171e-05
8.58668e-05
1.79017e-05
0
1.15763e-05
1.29237e-05
9.5764e-06
5.75944e-06
0
0
0
0
9.81656e-07
1.06157e-05
4.05229e-06
1.18563e-06
7.18263e-07
1.93885e-06
6.01984e-06
1.08258e-05
1.22477e-05
1.06044e-05
8.6753e-06
7.95301e-06
6.78215e-06
6.93615e-06
8.70913e-06
0
0
1.50061e-05
1.53885e-05
6.6604e-06
0
0
0
5.07243e-07
5.54237e-07
5.43445e-07
1.13266e-06
1.39348e-06
1.34623e-06
1.21018e-06
1.06257e-06
9.464e-07
8.77808e-07
8.46793e-07
8.49179e-07
8.76263e-07
9.28073e-07
9.97582e-07
1.06844e-06
1.10666e-06
1.04468e-06
8.01025e-07
3.83887e-07
0
0
0
0
0
6.46091e-08
2.88615e-07
4.96145e-07
6.84294e-07
8.45965e-07
9.68751e-07
1.03956e-06
1.02411e-06
8.65982e-07
5.19863e-07
0
0
0
0
0
0
0
4.35581e-06
4.90967e-06
3.82657e-06
2.86008e-06
2.05055e-06
1.0618e-06
2.31333e-07
2.35626e-07
6.4929e-07
3.97216e-07
0
0
0
0
1.74553e-07
6.66741e-07
3.07254e-07
1.04184e-07
2.0224e-08
1.61002e-08
4.70967e-08
5.33941e-08
0
0
0
0
0
0
0
0
6.84126e-06
3.07519e-06
0
0
0
0
3.64949e-07
6.29893e-07
6.18964e-07
3.91839e-07
1.16171e-07
0
0
1.68927e-07
1.06128e-06
1.07113e-06
8.28371e-07
5.82772e-07
4.41799e-07
5.16597e-07
4.92493e-07
0
0
8.54332e-08
0
0
1.06511e-06
2.98543e-06
2.49547e-06
0
0
0
0
0
2.60947e-07
4.32415e-06
1.48181e-05
2.27735e-05
2.20098e-05
2.23739e-05
2.58917e-05
3.24414e-05
2.60065e-05
2.03325e-05
1.73195e-05
1.40486e-05
1.08119e-05
8.29382e-06
6.79607e-06
6.08048e-06
5.92747e-06
6.39828e-06
7.11999e-06
6.89417e-06
6.34474e-06
6.09714e-06
6.10935e-06
6.42867e-06
6.52757e-06
3.35554e-06
1.57709e-06
0
0
0
0
0
0
0
0
4.52261e-06
1.63878e-05
3.34594e-05
5.29508e-05
6.7626e-05
7.13649e-05
5.89137e-05
7.04424e-07
5.5533e-06
1.20612e-05
9.59655e-06
5.10108e-06
0
0
0
0
0
1.64159e-05
0
0
0
0
1.32137e-06
8.99725e-06
1.24359e-05
1.14234e-05
9.17701e-06
8.10198e-06
7.24264e-06
7.81289e-06
1.01743e-05
3.54744e-06
0
8.87027e-06
1.38389e-05
8.12558e-06
0
0
0
4.70974e-06
6.21573e-06
2.09188e-06
0
7.29294e-07
1.34381e-06
1.31565e-06
1.12276e-06
9.01406e-07
7.12611e-07
5.79285e-07
4.98232e-07
4.51376e-07
4.27452e-07
4.25418e-07
4.58776e-07
5.44063e-07
6.67784e-07
7.12029e-07
5.31082e-07
2.75025e-07
1.60347e-07
1.84011e-07
2.51642e-07
3.02397e-07
3.2168e-07
3.18149e-07
3.06807e-07
3.02847e-07
3.14471e-07
3.4233e-07
3.82196e-07
4.21897e-07
4.43675e-07
4.15938e-07
2.98452e-07
5.02338e-08
0
0
0
0
0
2.64061e-06
1.82153e-06
1.12835e-06
8.84325e-07
6.95937e-07
9.81793e-08
0
1.5629e-07
9.42752e-07
7.04063e-07
0
0
0
0
0
2.18274e-06
4.52478e-07
1.08822e-08
0
0
2.08462e-08
2.468e-08
0
0
0
0
0
0
0
0
0
3.17617e-06
0
0
0
0
1.56606e-07
8.00916e-07
1.0304e-06
8.21313e-07
5.88937e-07
5.01031e-07
5.84073e-07
8.88341e-07
1.24362e-06
1.21525e-06
1.00503e-06
7.33157e-07
5.33713e-07
5.65288e-07
8.03096e-07
0
5.9542e-07
1.75941e-06
1.67764e-06
1.55319e-06
2.04161e-06
1.91165e-06
0
0
0
0
0
0
0
4.91429e-06
1.61248e-05
2.38883e-05
2.51691e-05
2.73766e-05
3.22862e-05
3.10848e-05
2.41809e-05
2.14197e-05
1.88165e-05
1.54995e-05
1.19834e-05
9.27494e-06
7.53324e-06
6.71086e-06
6.59733e-06
7.31215e-06
7.80391e-06
7.53012e-06
7.43329e-06
7.83009e-06
8.71096e-06
7.74346e-06
4.20713e-06
2.32184e-06
1.11952e-06
0
0
0
0
0
0
2.18295e-07
1.01527e-06
5.97124e-06
1.68221e-05
3.42557e-05
5.23058e-05
6.20997e-05
6.20922e-05
5.67999e-05
2.04386e-05
4.4601e-06
9.08742e-06
7.26169e-06
1.63386e-06
0
0
0
0
0
1.88146e-05
0
0
0
0
0
4.68121e-06
1.14807e-05
1.18535e-05
9.58892e-06
8.13016e-06
7.70385e-06
8.88542e-06
1.18395e-05
7.88082e-06
7.47018e-08
3.10901e-06
6.702e-06
7.11682e-06
0
0
0
0
3.96366e-07
0
0
0
0
6.3059e-07
7.53826e-07
6.639e-07
5.18603e-07
3.85551e-07
2.97093e-07
2.48108e-07
2.1018e-07
1.60966e-07
9.7064e-08
3.60881e-08
4.78211e-08
2.13283e-07
2.10546e-07
1.32365e-08
1.68046e-08
1.44004e-07
2.73624e-07
3.5517e-07
3.82139e-07
3.64105e-07
3.11357e-07
2.35659e-07
1.47869e-07
6.06968e-08
0
0
0
0
0
0
3.22748e-09
5.09702e-08
1.58233e-07
3.7055e-07
0
0
0
0
0
0
0
0
3.46282e-07
1.3738e-06
1.08375e-06
1.61189e-07
0
0
0
0
3.34537e-06
7.3291e-07
0
0
0
0
2.38034e-08
0
0
1.92228e-08
0
1.13036e-07
2.2202e-07
0
0
0
2.55549e-07
0
0
0
0
0
1.26925e-06
1.42402e-06
1.1612e-06
7.4367e-07
5.56428e-07
6.60251e-07
9.68635e-07
1.23499e-06
1.27283e-06
1.08455e-06
8.27957e-07
5.9745e-07
5.87615e-07
8.07678e-07
5.90418e-07
1.18629e-06
2.69184e-06
2.79788e-06
2.25958e-06
1.59004e-06
1.37938e-08
0
0
0
0
0
0
0
5.09229e-06
1.5872e-05
2.36804e-05
2.73728e-05
3.09993e-05
3.30847e-05
2.77952e-05
2.38285e-05
2.23191e-05
2.02469e-05
1.69915e-05
1.33394e-05
1.04214e-05
8.40883e-06
7.32563e-06
7.36057e-06
8.33861e-06
8.71419e-06
8.78031e-06
9.45202e-06
1.09761e-05
8.13432e-06
4.93898e-06
2.93218e-06
1.65973e-06
8.74893e-07
1.90398e-08
0
0
1.58285e-06
2.04639e-06
3.71864e-06
3.49833e-06
2.68084e-06
6.26215e-06
1.66857e-05
3.52741e-05
5.28652e-05
6.10479e-05
6.00786e-05
5.42853e-05
2.91023e-05
8.94269e-06
6.41412e-06
3.34181e-06
0
0
0
0
0
0
3.19646e-05
2.79076e-06
0
0
0
0
0
9.33539e-06
1.16798e-05
9.72651e-06
7.98314e-06
8.07108e-06
1.00865e-05
1.36578e-05
1.1271e-05
3.62776e-06
0
0
0
0
0
0
0
0
0
0
0
0
0
3.47483e-08
1.95936e-07
1.81533e-07
1.17293e-07
6.89009e-08
5.07733e-08
4.28106e-08
8.95334e-09
0
0
0
0
0
0
0
0
0
0
0
0
0
0
0
0
0
0
0
0
0
0
0
1.75557e-07
8.53804e-07
2.20056e-06
1.55105e-06
0
0
0
0
0
0
0
5.71917e-07
1.7843e-06
1.46948e-06
3.74753e-07
0
0
0
0
2.11475e-06
9.81801e-07
0
0
0
0
2.7098e-08
1.39109e-08
3.98975e-08
1.36791e-07
1.5145e-07
2.94588e-07
3.43494e-07
5.05731e-07
3.45087e-07
0
2.06391e-06
3.54974e-06
5.70774e-07
0
0
0
1.88359e-06
1.90661e-06
1.43203e-06
9.09071e-07
5.64754e-07
5.65963e-07
8.32982e-07
1.13796e-06
1.22429e-06
1.11031e-06
8.72777e-07
6.39397e-07
5.87719e-07
7.18538e-07
8.5589e-07
1.20668e-06
2.83901e-06
3.01481e-06
2.14538e-06
6.60471e-07
0
0
0
0
0
0
0
0
4.49967e-06
1.40424e-05
2.17965e-05
2.73622e-05
3.11662e-05
3.04884e-05
2.5757e-05
2.39031e-05
2.32929e-05
2.17879e-05
1.86692e-05
1.4895e-05
1.16061e-05
9.01359e-06
7.75855e-06
8.40569e-06
9.56958e-06
1.00507e-05
1.08176e-05
1.28271e-05
9.53499e-06
4.73553e-06
3.59603e-06
2.11615e-06
1.22792e-06
7.52384e-07
1.57692e-07
1.40732e-07
2.1944e-06
5.34733e-06
5.60442e-06
7.85628e-06
7.37273e-06
4.83057e-06
6.55495e-06
1.70745e-05
3.67986e-05
5.3703e-05
6.11654e-05
6.02257e-05
5.20538e-05
3.16815e-05
1.32026e-05
4.514e-06
0
0
0
0
0
0
3.37475e-06
1.77444e-05
2.47543e-06
2.01931e-06
3.28682e-06
2.5991e-06
2.84942e-07
9.13659e-07
7.2877e-06
1.0884e-05
9.46623e-06
7.73501e-06
8.36463e-06
1.1466e-05
1.56164e-05
1.38296e-05
6.09142e-06
0
0
0
4.74513e-07
3.47965e-07
6.01269e-08
0
0
0
0
0
0
0
0
0
0
0
0
0
0
0
0
0
0
0
0
0
0
0
0
0
0
0
0
0
0
0
0
0
0
0
0
0
0
9.35336e-08
9.8078e-07
2.86947e-06
5.23725e-06
0
0
0
0
0
0
0
7.0081e-07
2.0901e-06
1.79986e-06
4.98111e-07
0
0
0
0
0
1.54456e-06
0
0
0
0
0
6.23983e-09
2.78188e-08
1.01917e-07
2.24182e-07
2.9932e-07
1.58618e-07
4.00594e-07
2.80029e-06
7.16024e-07
8.30357e-07
3.4365e-06
4.16326e-07
0
0
0
2.29654e-06
2.50731e-06
1.74303e-06
1.08592e-06
6.85764e-07
5.8321e-07
6.91396e-07
9.32554e-07
1.0813e-06
1.02641e-06
8.77309e-07
6.57944e-07
5.70563e-07
6.30209e-07
8.75671e-07
9.51181e-07
2.41291e-06
2.62631e-06
1.65335e-06
0
0
0
0
0
0
0
0
0
3.30832e-06
1.13707e-05
1.89352e-05
2.53188e-05
2.88394e-05
2.76413e-05
2.46896e-05
2.42858e-05
2.45199e-05
2.36276e-05
2.0673e-05
1.66574e-05
1.26278e-05
9.47821e-06
8.67867e-06
9.95331e-06
1.10264e-05
1.189e-05
1.39149e-05
1.29399e-05
3.28972e-06
4.01469e-06
2.64442e-06
1.53684e-06
9.61429e-07
7.06325e-07
4.60602e-07
1.25207e-06
5.36027e-06
8.36126e-06
8.68126e-06
1.1584e-05
1.17341e-05
8.36729e-06
7.47338e-06
1.76339e-05
3.79835e-05
5.35592e-05
5.99246e-05
5.89305e-05
4.94704e-05
3.25295e-05
1.5147e-05
2.18431e-06
0
0
0
0
0
0
2.08328e-06
3.70466e-06
0
0
4.61512e-06
7.87697e-06
8.53162e-06
7.79114e-06
8.39e-06
1.00257e-05
8.88656e-06
7.44974e-06
8.78341e-06
1.31524e-05
1.76559e-05
1.56153e-05
7.85567e-06
0
0
4.54197e-06
9.05692e-06
9.02755e-06
1.49906e-07
0
0
0
0
0
0
0
0
0
0
0
0
0
0
2.5799e-08
1.40241e-07
3.61752e-07
9.15153e-07
1.08543e-06
1.11028e-07
0
0
0
0
0
0
0
0
0
0
0
0
0
0
0
0
0
0
3.20429e-08
9.26164e-07
2.94971e-06
6.93945e-06
0
0
0
0
0
0
0
6.33546e-07
2.21351e-06
1.99229e-06
4.55071e-07
0
0
0
0
0
2.54696e-06
0
0
0
0
0
0
0
1.17035e-08
1.50065e-07
9.2917e-08
0
4.55951e-07
4.67617e-06
1.25414e-06
1.69568e-07
0
0
0
0
0
2.39725e-06
3.12233e-06
2.29927e-06
1.30524e-06
8.50406e-07
6.78472e-07
6.61209e-07
7.20845e-07
8.50775e-07
8.41709e-07
7.92033e-07
6.38698e-07
5.36394e-07
5.58913e-07
7.85683e-07
7.30478e-07
1.71002e-06
1.93026e-06
1.03911e-06
0
0
0
0
0
0
0
0
0
2.02568e-06
8.86904e-06
1.60617e-05
2.24399e-05
2.58874e-05
2.54743e-05
2.42704e-05
2.50563e-05
2.62378e-05
2.60588e-05
2.32827e-05
1.87491e-05
1.35344e-05
1.00606e-05
1.01456e-05
1.15378e-05
1.2708e-05
1.46043e-05
1.61856e-05
2.0181e-06
3.90817e-06
3.21889e-06
1.94619e-06
1.12113e-06
8.13949e-07
7.14714e-07
9.05521e-07
2.51708e-06
8.29217e-06
1.05538e-05
1.10088e-05
1.44329e-05
1.58961e-05
1.33487e-05
9.80214e-06
1.77854e-05
3.94181e-05
5.42212e-05
5.89195e-05
5.70528e-05
4.77395e-05
3.25789e-05
1.40118e-05
0
0
0
0
0
0
0
0
0
0
0
2.49722e-06
8.47793e-06
1.22295e-05
1.32654e-05
1.21689e-05
1.0053e-05
8.34755e-06
7.38853e-06
9.61642e-06
1.52818e-05
1.9658e-05
1.68238e-05
9.12521e-06
0
2.36865e-06
3.20059e-06
2.3316e-06
9.66084e-07
0
0
0
0
0
0
0
0
0
0
0
0
0
0
7.11389e-08
3.02886e-07
6.80247e-07
1.33564e-06
1.97898e-06
1.80223e-06
1.12328e-06
4.56205e-07
0
0
0
0
0
0
0
0
0
0
0
0
0
0
0
0
0
0
8.40192e-07
2.7191e-06
5.9218e-06
0
0
0
0
0
0
0
2.36221e-07
2.00875e-06
1.97123e-06
2.26163e-07
0
0
0
0
0
1.57766e-06
0
0
0
0
0
0
0
0
1.08234e-07
7.93995e-08
7.80089e-08
8.00611e-07
4.45339e-06
1.7574e-06
0
0
0
0
0
0
1.83364e-06
3.6359e-06
2.81656e-06
1.69988e-06
9.45426e-07
6.91597e-07
6.22779e-07
6.17026e-07
6.4973e-07
6.61426e-07
6.16786e-07
5.73038e-07
4.86716e-07
4.9679e-07
6.5654e-07
6.57512e-07
9.61915e-07
1.09565e-06
3.35075e-07
0
0
0
0
0
0
0
0
0
9.40502e-07
6.80924e-06
1.34976e-05
1.95502e-05
2.32341e-05
2.40434e-05
2.43887e-05
2.64203e-05
2.87345e-05
2.94776e-05
2.68328e-05
2.11118e-05
1.42383e-05
1.11128e-05
1.20234e-05
1.33448e-05
1.52056e-05
1.81324e-05
2.62604e-06
3.60498e-06
3.49162e-06
2.36241e-06
1.36512e-06
8.44328e-07
7.37154e-07
8.23213e-07
1.43257e-06
3.80939e-06
1.06258e-05
1.19393e-05
1.23306e-05
1.59875e-05
1.85958e-05
1.79593e-05
1.41985e-05
1.6366e-05
4.06729e-05
5.74128e-05
6.00069e-05
5.63211e-05
4.65427e-05
3.00608e-05
1.03584e-05
0
0
0
0
0
0
0
0
1.97238e-07
2.3684e-06
0
0
5.66711e-06
1.22984e-05
1.58435e-05
1.54979e-05
1.15209e-05
8.63469e-06
8.10998e-06
1.11991e-05
1.78273e-05
2.13821e-05
1.75024e-05
9.86732e-06
5.57394e-10
6.55323e-07
6.08671e-07
2.31323e-07
0
0
0
0
0
0
0
0
0
0
0
0
0
0
0
1.49242e-07
5.33433e-07
1.16484e-06
1.96544e-06
2.45583e-06
2.1821e-06
1.39305e-06
4.8145e-07
0
0
0
0
0
0
0
0
0
0
0
0
0
0
0
0
0
1.08639e-08
9.42257e-07
2.91466e-06
5.82622e-06
4.95991e-06
0
0
0
0
0
0
0
1.35343e-06
1.66297e-06
0
0
0
0
0
0
0
0
0
0
0
0
0
0
0
1.26641e-07
1.2226e-07
1.78119e-07
7.3844e-07
2.40801e-06
1.59759e-06
0
0
0
0
0
0
9.46308e-08
3.95695e-06
3.15484e-06
2.05216e-06
1.17422e-06
6.20755e-07
5.12087e-07
5.1159e-07
5.21777e-07
5.17977e-07
4.65494e-07
4.51026e-07
4.22897e-07
4.30418e-07
5.28689e-07
6.36469e-07
3.50726e-07
2.40251e-07
0
0
0
0
0
0
0
0
0
0
9.93955e-08
5.13235e-06
1.11915e-05
1.68363e-05
2.08797e-05
2.29866e-05
2.4887e-05
2.83666e-05
3.21043e-05
3.40942e-05
3.15583e-05
2.34347e-05
1.49443e-05
1.29151e-05
1.4051e-05
1.5699e-05
1.88953e-05
6.59363e-06
3.12556e-06
3.65813e-06
2.58365e-06
1.65375e-06
9.76152e-07
6.82544e-07
6.97267e-07
9.78827e-07
1.99775e-06
5.04555e-06
1.22578e-05
1.24759e-05
1.26624e-05
1.59785e-05
1.90689e-05
1.92594e-05
1.77255e-05
1.27779e-05
3.6305e-05
6.40643e-05
6.42097e-05
5.63346e-05
4.35085e-05
2.51901e-05
6.58907e-06
0
0
0
0
0
0
0
0
5.57291e-06
1.73266e-05
1.44713e-05
1.35223e-06
0
7.69264e-06
1.56082e-05
1.76553e-05
1.40604e-05
1.06559e-05
1.02032e-05
1.36818e-05
2.03145e-05
2.22517e-05
1.73164e-05
9.85306e-06
0
1.72332e-07
2.0773e-07
1.32172e-07
0
0
0
0
0
0
0
0
0
0
0
0
0
0
0
1.29556e-07
7.08152e-07
1.45303e-06
2.21103e-06
2.50053e-06
2.06617e-06
9.02178e-07
0
0
6.63038e-08
0
0
0
0
0
0
0
0
0
0
0
0
0
0
0
4.85895e-08
1.03665e-06
3.26211e-06
6.62554e-06
8.37353e-06
0
0
0
0
0
0
0
2.51686e-07
1.08228e-06
0
0
0
0
0
0
0
0
0
0
0
0
0
0
0
1.29804e-07
1.27877e-07
1.40621e-07
2.81666e-07
6.6091e-07
4.22535e-07
1.66977e-08
0
0
0
0
0
0
4.12491e-06
3.28643e-06
2.18803e-06
1.32789e-06
6.91715e-07
4.13186e-07
3.94147e-07
4.13192e-07
4.04687e-07
3.49497e-07
3.23208e-07
3.29414e-07
3.42124e-07
4.0297e-07
5.47892e-07
1.18559e-08
0
0
0
0
0
0
0
0
0
0
0
0
3.64319e-06
8.832e-06
1.38827e-05
1.81502e-05
2.14057e-05
2.50505e-05
3.02125e-05
3.55037e-05
3.93177e-05
3.72936e-05
2.53671e-05
1.59587e-05
1.50628e-05
1.62955e-05
1.90803e-05
1.29491e-05
1.69344e-06
3.72066e-06
2.82218e-06
1.84057e-06
1.15774e-06
7.07292e-07
5.69323e-07
6.6063e-07
1.12753e-06
2.48068e-06
5.97259e-06
1.2698e-05
1.17772e-05
1.1614e-05
1.44214e-05
1.70504e-05
1.64886e-05
1.55252e-05
1.18851e-05
2.18952e-06
7.05157e-05
7.58721e-05
5.9429e-05
4.07898e-05
2.13244e-05
5.13411e-06
0
0
0
0
0
0
0
0
1.19859e-05
3.40118e-05
4.94229e-05
3.30261e-05
0
0
8.32016e-06
1.70612e-05
1.64624e-05
1.38387e-05
1.31792e-05
1.6352e-05
2.13917e-05
2.13678e-05
1.58191e-05
8.9479e-06
0
0
0
0
0
0
5.68719e-09
1.05755e-08
1.06262e-07
2.34884e-07
2.51276e-07
2.78675e-08
0
0
0
0
0
0
0
7.77821e-08
8.31022e-07
1.58685e-06
2.17878e-06
2.30407e-06
1.62199e-06
0
0
1.24493e-06
2.11715e-06
9.20708e-07
0
0
0
0
0
0
0
0
0
0
0
0
0
0
0
3.20245e-07
1.94739e-06
3.61017e-06
1.41805e-06
0
0
0
0
0
0
0
0
3.05843e-07
0
0
0
0
0
0
0
0
0
0
0
3.92199e-08
7.65129e-10
0
0
1.14459e-07
1.22127e-07
7.74024e-08
4.06856e-08
4.35732e-08
3.69727e-07
6.63026e-07
6.69317e-07
0
0
0
2.68346e-07
5.39082e-06
4.67438e-06
3.25059e-06
2.16814e-06
1.35288e-06
7.59406e-07
4.11118e-07
3.10645e-07
3.15645e-07
3.15576e-07
2.75759e-07
2.34336e-07
2.41735e-07
2.58855e-07
2.96105e-07
4.03919e-07
0
0
0
0
0
0
0
0
0
0
0
0
0
2.36594e-06
6.7828e-06
1.13709e-05
1.58785e-05
2.04047e-05
2.62586e-05
3.28404e-05
3.95739e-05
4.68197e-05
4.62945e-05
2.94152e-05
1.93629e-05
1.89263e-05
2.07742e-05
1.70448e-05
7.33789e-07
3.51833e-06
3.10905e-06
2.03402e-06
1.3002e-06
8.30366e-07
5.57319e-07
5.18385e-07
7.00716e-07
1.35683e-06
3.07485e-06
7.03388e-06
1.29489e-05
1.08225e-05
1.02454e-05
1.25511e-05
1.45494e-05
1.33632e-05
1.28334e-05
1.29385e-05
9.34269e-07
0
9.57543e-05
7.54818e-05
4.54063e-05
2.12503e-05
4.37927e-06
0
0
0
0
0
0
0
1.98039e-07
1.72242e-05
4.34764e-05
7.73652e-05
0.000112976
5.70888e-05
0
0
1.00991e-05
1.81399e-05
1.80306e-05
1.72689e-05
1.96805e-05
2.2785e-05
2.10319e-05
1.47679e-05
8.04951e-06
0
0
0
0
0
0
0
0
6.83419e-08
2.30298e-07
2.68435e-07
1.20607e-07
0
0
0
0
4.24811e-07
8.45247e-07
5.72317e-07
5.49849e-07
1.05273e-06
1.66845e-06
2.08182e-06
2.0091e-06
9.48181e-07
0
0
8.10307e-06
6.40634e-06
3.09358e-06
4.56618e-07
0
0
0
0
0
0
0
0
0
0
0
0
0
0
0
2.55668e-07
8.37118e-07
0
0
0
0
0
0
0
0
0
0
0
0
0
0
0
0
0
0
0
0
4.69051e-08
1.0036e-07
6.97041e-08
2.68262e-08
3.68982e-08
9.47397e-08
1.05965e-07
5.06392e-08
0
0
4.24843e-07
8.99065e-07
1.43305e-06
1.32962e-07
0
0
0
3.33906e-07
1.82931e-06
2.58878e-06
1.8379e-06
1.19456e-06
7.05154e-07
3.89598e-07
2.53064e-07
2.27186e-07
2.26951e-07
2.08986e-07
1.70556e-07
1.64402e-07
1.76631e-07
1.94704e-07
2.5664e-07
7.48549e-08
0
0
0
0
0
0
0
0
0
0
0
0
1.05702e-06
4.59507e-06
8.58482e-06
1.30653e-05
1.85229e-05
2.50233e-05
3.10807e-05
3.8477e-05
4.98755e-05
5.37334e-05
3.45244e-05
2.45361e-05
2.37926e-05
1.71214e-05
5.35298e-07
3.03688e-06
3.04964e-06
2.09565e-06
1.31959e-06
8.62036e-07
5.81083e-07
4.55625e-07
4.72744e-07
7.46191e-07
1.55808e-06
3.58693e-06
7.59556e-06
1.22956e-05
8.74499e-06
7.75862e-06
9.75447e-06
1.15172e-05
1.08566e-05
1.15097e-05
1.26399e-05
1.01305e-05
0
4.16664e-06
5.42935e-05
3.83328e-05
1.57701e-05
0
0
0
0
0
0
0
0
2.80093e-06
1.79883e-05
3.99321e-05
6.6996e-05
9.5245e-05
9.07379e-05
0
0
0
1.42676e-05
1.81366e-05
1.82692e-05
1.99011e-05
2.11556e-05
1.82325e-05
1.18058e-05
5.91095e-06
0
0
0
0
0
0
0
0
6.99109e-08
2.15911e-07
2.61886e-07
1.6862e-07
0
0
0
5.61793e-07
1.54313e-06
1.64325e-07
0
0
8.40368e-07
1.4868e-06
1.7608e-06
1.52514e-06
2.2417e-07
0
4.58878e-06
1.32415e-05
9.60259e-06
5.06564e-06
1.36787e-06
0
0
0
0
0
0
0
0
0
0
0
0
0
0
0
0
0
0
0
0
0
0
0
0
0
0
0
0
0
0
0
0
0
0
0
0
1.84092e-07
1.97539e-07
1.79632e-07
1.41819e-07
9.28914e-08
7.08413e-08
8.13296e-08
8.49049e-08
4.54663e-08
0
0
3.46347e-07
9.19302e-07
1.74718e-06
1.53944e-06
0
0
0
0
0
1.29937e-06
1.27281e-06
9.25118e-07
5.7887e-07
3.32118e-07
2.10609e-07
1.74353e-07
1.68524e-07
1.58088e-07
1.30264e-07
1.12495e-07
1.1588e-07
1.2133e-07
1.47408e-07
1.12255e-07
0
0
0
0
0
0
0
0
0
0
0
0
9.9646e-08
3.00277e-06
6.5077e-06
1.07732e-05
1.61155e-05
2.12632e-05
2.61614e-05
3.37284e-05
4.52388e-05
5.70281e-05
4.51368e-05
3.23087e-05
1.21805e-05
0
2.80496e-06
2.92201e-06
2.10911e-06
1.35903e-06
8.71144e-07
6.11512e-07
4.59088e-07
4.14726e-07
4.5815e-07
8.27379e-07
1.81971e-06
4.24038e-06
8.30652e-06
1.18614e-05
7.2921e-06
6.48559e-06
8.60606e-06
1.1234e-05
1.199e-05
1.31214e-05
1.34218e-05
1.31645e-05
7.22757e-06
0
5.42885e-06
1.56677e-05
4.05749e-06
0
0
0
0
0
0
0
0
3.86475e-06
1.61756e-05
3.2573e-05
4.98342e-05
6.16974e-05
5.50265e-05
2.14074e-05
0
0
9.0028e-06
1.48058e-05
1.64326e-05
1.79823e-05
1.82136e-05
1.46657e-05
8.39817e-06
3.61554e-06
0
0
0
0
0
0
0
4.85925e-08
1.55064e-07
1.75135e-07
1.38019e-07
9.99516e-08
4.31514e-09
1.31477e-08
1.3327e-07
7.07421e-07
3.19105e-07
0
0
0
2.58146e-07
9.98755e-07
1.22244e-06
9.98375e-07
2.00694e-07
2.01518e-07
7.40381e-06
1.23246e-05
1.03579e-05
5.88136e-06
1.91515e-06
0
0
0
0
0
0
0
0
0
0
0
0
0
0
0
0
0
0
0
0
0
0
0
0
0
0
0
0
0
0
0
0
0
0
0
0
4.92951e-07
3.98006e-07
2.82149e-07
2.09229e-07
1.45689e-07
9.60337e-08
7.64851e-08
7.08138e-08
5.41114e-08
3.40834e-08
3.5679e-08
2.2149e-07
7.37208e-07
1.51756e-06
1.70021e-06
7.48216e-07
0
0
0
0
5.30428e-07
7.05634e-07
6.16771e-07
4.33272e-07
2.66686e-07
1.75674e-07
1.4317e-07
1.33457e-07
1.22587e-07
1.02809e-07
8.1002e-08
7.32717e-08
6.96659e-08
7.35061e-08
7.15327e-08
0
0
0
0
0
0
0
0
0
0
0
0
0
1.83931e-06
4.82581e-06
8.53471e-06
1.26357e-05
1.6394e-05
2.0751e-05
2.6197e-05
3.30202e-05
4.32733e-05
3.15572e-05
0
0
2.61706e-06
2.80933e-06
2.03361e-06
1.34523e-06
8.78259e-07
6.08688e-07
4.78796e-07
4.01894e-07
3.9312e-07
4.60069e-07
9.24579e-07
2.12105e-06
4.95219e-06
8.9679e-06
1.13582e-05
6.58414e-06
6.71999e-06
9.22162e-06
1.31845e-05
1.55707e-05
1.62413e-05
1.5062e-05
1.55422e-05
1.37107e-05
8.79895e-06
3.41603e-06
9.32926e-07
0
0
0
0
0
0
0
0
0
3.61408e-06
1.29034e-05
2.51182e-05
3.71138e-05
4.36065e-05
3.93754e-05
2.32283e-05
6.85406e-06
1.77626e-06
5.61005e-06
1.03261e-05
1.26822e-05
1.42954e-05
1.39661e-05
1.0094e-05
4.59091e-06
1.31063e-06
0
0
0
0
0
0
0
1.96471e-08
5.20917e-08
7.12558e-08
6.54913e-08
5.89572e-08
1.23002e-08
1.41586e-08
4.66123e-08
1.6767e-07
0
0
0
0
0
3.53689e-07
6.26635e-07
6.89668e-07
8.62778e-07
2.61811e-06
6.8419e-06
1.0692e-05
1.01755e-05
5.72198e-06
1.89083e-06
1.04679e-07
0
0
0
0
0
0
0
0
0
0
0
0
0
0
0
0
0
0
0
0
0
0
0
0
0
0
0
0
0
0
0
0
0
0
3.14572e-07
8.53918e-07
6.31392e-07
3.98858e-07
2.65662e-07
1.78818e-07
1.12694e-07
7.76664e-08
6.65757e-08
6.5292e-08
5.90597e-08
5.3357e-08
1.13564e-07
3.85735e-07
8.19269e-07
1.13946e-06
8.50418e-07
1.80847e-07
0
0
0
3.44397e-07
3.96296e-07
3.65686e-07
3.05141e-07
2.11781e-07
1.49497e-07
1.242e-07
1.13862e-07
1.01217e-07
8.29561e-08
6.31e-08
4.708e-08
3.48681e-08
2.72775e-08
1.97931e-08
0
0
0
0
0
0
0
0
0
0
0
0
0
9.43318e-07
3.43214e-06
6.42389e-06
9.46528e-06
1.25965e-05
1.5606e-05
1.7374e-05
1.7637e-05
7.57295e-06
0
0
2.46948e-06
2.64013e-06
1.91716e-06
1.2547e-06
8.40181e-07
5.98744e-07
4.72848e-07
4.12278e-07
3.70554e-07
3.69447e-07
4.65248e-07
1.02911e-06
2.43639e-06
5.65339e-06
9.40143e-06
1.09243e-05
6.69333e-06
7.83965e-06
1.05572e-05
1.50651e-05
1.81425e-05
1.76476e-05
1.45036e-05
1.45915e-05
1.46672e-05
1.26556e-05
8.21518e-06
2.21902e-06
0
0
0
0
0
0
0
0
0
2.47899e-06
9.08625e-06
1.87385e-05
2.86971e-05
3.38739e-05
3.17292e-05
2.22147e-05
1.06722e-05
4.02305e-06
3.93478e-06
6.5107e-06
8.51364e-06
9.74698e-06
8.77046e-06
4.64861e-06
9.008e-07
0
0
0
0
0
0
0
0
4.60066e-09
2.58423e-08
5.442e-08
5.71406e-08
4.6719e-08
2.53797e-08
1.08694e-08
0
0
0
0
0
0
0
0
9.0005e-08
4.75769e-07
1.19062e-06
2.93258e-06
5.79404e-06
9.65383e-06
1.05774e-05
4.74555e-06
1.30476e-06
2.45453e-07
0
0
0
0
0
0
0
0
0
0
0
0
0
0
0
0
0
0
0
0
0
0
0
0
0
0
0
0
0
0
0
0
0
0
8.89409e-07
1.2306e-06
8.53702e-07
5.07034e-07
3.07995e-07
1.96274e-07
1.22165e-07
8.07709e-08
6.77867e-08
7.178e-08
6.98085e-08
5.91987e-08
6.35067e-08
1.38626e-07
3.05272e-07
5.30889e-07
6.1751e-07
4.63557e-07
2.04658e-07
5.66505e-08
1.74124e-07
2.98645e-07
2.61175e-07
2.1693e-07
2.01839e-07
1.63421e-07
1.25526e-07
1.08241e-07
1.00484e-07
8.83213e-08
6.93868e-08
5.0028e-08
3.11718e-08
1.3335e-08
0
0
0
0
0
0
0
0
0
0
0
0
0
0
0
4.02403e-07
2.43355e-06
4.7353e-06
7.0338e-06
9.03615e-06
9.76579e-06
8.38984e-06
2.29974e-06
0
6.05029e-08
2.41454e-06
2.40217e-06
1.74636e-06
1.13591e-06
7.51216e-07
5.56185e-07
4.60173e-07
4.10521e-07
3.77e-07
3.40778e-07
3.38594e-07
4.71542e-07
1.13572e-06
2.74809e-06
6.28585e-06
9.70013e-06
1.05418e-05
7.13098e-06
8.91282e-06
1.16936e-05
1.64446e-05
1.95905e-05
1.808e-05
1.293e-05
9.52605e-06
8.56194e-06
7.94066e-06
5.03665e-06
6.73323e-07
0
0
0
0
0
0
0
0
0
9.78006e-07
5.12946e-06
1.3473e-05
2.34443e-05
2.92788e-05
2.86172e-05
2.18587e-05
1.25718e-05
5.4983e-06
3.15692e-06
3.70598e-06
4.62086e-06
4.84918e-06
2.76922e-06
0
0
0
0
0
0
8.98566e-09
8.2315e-09
6.56303e-09
1.85086e-08
1.90414e-08
3.5012e-08
7.72552e-08
1.19731e-07
1.24539e-07
1.12351e-07
8.36949e-08
9.00259e-09
0
0
0
0
0
0
0
6.88119e-09
4.51884e-07
1.08597e-06
2.18886e-06
4.00197e-06
7.47829e-06
1.10335e-05
1.85125e-06
7.01918e-07
5.95906e-07
3.10418e-07
1.18218e-07
3.67276e-08
0
0
0
0
0
0
0
0
0
0
0
0
0
0
0
0
0
0
0
0
2.69116e-07
3.03811e-06
3.69706e-06
0
0
0
3.48238e-07
0
0
0
4.28083e-07
1.47327e-06
1.53659e-06
1.02224e-06
5.89717e-07
3.34936e-07
1.99558e-07
1.22112e-07
8.15119e-08
6.91441e-08
7.29102e-08
7.23864e-08
6.15363e-08
5.1237e-08
6.44748e-08
1.38424e-07
2.84005e-07
4.23089e-07
4.43977e-07
3.87739e-07
3.29043e-07
2.90934e-07
2.40877e-07
1.78329e-07
1.37272e-07
1.28727e-07
1.18489e-07
9.85505e-08
8.76973e-08
8.39169e-08
7.62881e-08
5.91462e-08
3.88235e-08
2.01601e-08
1.61609e-09
0
0
0
0
0
0
0
0
0
0
0
0
0
0
0
2.93872e-08
1.54996e-06
3.11728e-06
4.38449e-06
4.85361e-06
3.69923e-06
5.38805e-07
0
6.60015e-07
2.20349e-06
2.10947e-06
1.51416e-06
9.91875e-07
6.50733e-07
4.82056e-07
4.21277e-07
3.97747e-07
3.80471e-07
3.45778e-07
3.03785e-07
3.00475e-07
4.82436e-07
1.24036e-06
3.03867e-06
6.71223e-06
9.79193e-06
1.02217e-05
7.45201e-06
9.39691e-06
1.19315e-05
1.66171e-05
1.96372e-05
1.79276e-05
1.27905e-05
8.59346e-06
3.95659e-06
1.43915e-06
0
0
0
0
0
0
0
0
1.0279e-07
1.29872e-06
7.59538e-07
0
9.61301e-07
8.3662e-06
1.98086e-05
2.77997e-05
2.8633e-05
2.28927e-05
1.41837e-05
6.62753e-06
2.77725e-06
1.60683e-06
9.17644e-07
0
0
0
0
0
0
0
0
0
1.35493e-08
1.34504e-08
2.72446e-08
3.2118e-08
4.04015e-08
6.63078e-08
7.90851e-08
8.35876e-08
8.31899e-08
7.41201e-08
2.29695e-08
0
0
0
0
0
0
5.57226e-08
6.0418e-07
9.19593e-07
1.064e-06
1.36187e-06
1.75716e-06
1.7464e-06
8.29952e-08
1.87305e-07
1.0247e-06
7.41984e-07
3.66095e-07
1.49711e-07
4.70067e-08
4.79295e-09
0
0
0
0
0
0
0
0
0
0
0
0
0
0
0
0
0
0
1.40729e-06
1.38149e-06
2.02597e-06
5.19666e-06
2.13985e-06
0
3.70928e-07
6.03545e-06
1.05409e-06
3.3867e-07
6.83235e-07
1.36642e-06
1.91629e-06
1.69515e-06
1.08751e-06
6.11961e-07
3.26636e-07
1.79412e-07
1.07511e-07
7.57744e-08
6.69667e-08
6.93026e-08
6.99327e-08
6.25233e-08
5.15693e-08
5.29753e-08
9.65539e-08
2.04876e-07
3.39431e-07
3.87809e-07
3.72145e-07
3.29808e-07
2.64561e-07
1.84096e-07
1.26524e-07
9.55173e-08
8.98455e-08
8.89936e-08
7.53597e-08
6.35087e-08
6.10087e-08
5.95363e-08
4.81509e-08
2.91885e-08
1.13131e-08
0
0
0
0
0
0
0
0
0
0
0
0
0
0
0
0
0
2.51443e-07
1.06224e-06
1.28336e-06
5.81338e-07
0
0
1.01669e-06
1.83085e-06
1.69796e-06
1.22606e-06
8.08861e-07
5.43609e-07
4.0458e-07
3.63949e-07
3.62764e-07
3.66403e-07
3.53022e-07
3.09789e-07
2.62614e-07
2.66078e-07
5.04548e-07
1.33636e-06
3.28324e-06
6.96698e-06
9.74248e-06
9.84307e-06
7.35944e-06
9.21514e-06
1.12232e-05
1.5222e-05
1.77953e-05
1.6358e-05
1.25114e-05
9.35128e-06
5.29183e-06
1.24322e-06
0
0
8.15549e-07
3.33927e-06
0
0
0
1.05038e-06
3.11386e-06
4.16826e-06
2.48586e-06
0
0
1.61389e-06
1.57829e-05
2.80724e-05
3.09203e-05
2.53417e-05
1.60546e-05
7.69958e-06
2.47288e-06
0
0
0
0
0
0
0
1.90008e-08
7.86872e-08
1.26529e-07
0
0
0
0
2.80009e-08
4.0004e-08
5.1412e-08
4.75562e-08
2.40044e-08
6.72167e-09
0
0
0
0
0
0
0
0
2.57956e-07
9.58218e-07
1.26861e-06
1.23046e-06
1.05801e-06
5.4062e-07
0
0
9.04842e-07
8.74521e-07
4.4374e-07
1.89855e-07
7.22117e-08
9.92829e-09
0
0
0
0
0
0
0
0
0
0
1.08975e-07
1.22972e-07
0
0
0
0
0
0
0
0
4.21951e-07
8.32932e-07
3.09631e-06
6.21422e-06
1.86556e-06
2.64665e-06
7.62934e-06
2.89805e-06
1.63151e-06
1.66837e-06
1.95555e-06
2.08225e-06
1.57797e-06
9.77533e-07
5.42276e-07
2.80829e-07
1.45954e-07
8.58062e-08
6.44452e-08
6.00126e-08
6.16146e-08
6.36086e-08
6.18006e-08
5.61011e-08
5.42263e-08
7.75192e-08
1.54333e-07
2.54816e-07
2.8926e-07
2.75065e-07
2.41455e-07
1.92982e-07
1.29034e-07
8.62942e-08
6.60739e-08
6.46105e-08
6.89983e-08
5.89814e-08
4.30282e-08
3.74308e-08
3.86005e-08
3.4216e-08
1.99013e-08
3.09926e-09
0
0
0
0
0
0
0
0
0
0
0
0
0
0
0
0
0
0
0
0
0
0
8.0501e-07
1.31081e-06
1.19878e-06
8.90611e-07
6.05937e-07
4.22487e-07
3.33569e-07
3.06577e-07
3.18915e-07
3.32943e-07
3.37139e-07
3.18095e-07
2.66429e-07
2.24455e-07
2.45932e-07
5.38098e-07
1.41801e-06
3.47066e-06
6.9807e-06
9.60887e-06
9.40011e-06
6.95531e-06
8.71461e-06
1.02786e-05
1.35034e-05
1.59774e-05
1.52041e-05
1.26937e-05
9.57085e-06
6.34468e-06
1.9637e-06
0
0
4.49823e-06
1.26825e-05
2.88389e-06
6.63818e-07
2.13369e-06
4.27174e-06
6.39697e-06
7.5873e-06
5.32517e-06
0
0
0
9.53819e-06
3.05333e-05
3.6177e-05
2.96654e-05
1.87878e-05
8.92525e-06
1.73246e-06
0
0
0
0
0
0
0
0
0
0
0
0
0
0
0
1.68102e-08
2.01676e-08
7.63885e-09
0
0
0
0
0
0
0
0
0
0
7.88509e-08
5.95324e-07
1.09383e-06
1.22325e-06
9.97866e-07
3.42416e-07
0
6.24163e-08
4.09509e-07
3.03196e-07
1.3072e-07
4.99361e-08
1.9305e-08
0
0
0
0
0
0
0
0
0
0
4.57968e-09
1.25856e-07
2.4206e-07
1.46971e-07
7.81482e-08
0
0
0
0
0
0
0
1.81697e-07
1.10901e-06
6.10527e-06
6.68305e-06
6.9855e-06
6.74893e-06
3.44483e-06
2.30055e-06
2.14946e-06
2.15127e-06
1.9434e-06
1.31029e-06
7.91529e-07
4.36249e-07
2.23784e-07
1.14138e-07
6.72035e-08
5.25827e-08
5.02398e-08
5.15917e-08
5.46072e-08
5.76278e-08
5.78882e-08
5.63705e-08
6.27673e-08
9.48433e-08
1.40201e-07
1.5868e-07
1.5208e-07
1.38951e-07
1.20146e-07
8.54398e-08
5.86277e-08
4.63018e-08
4.73812e-08
5.47342e-08
5.02912e-08
3.34237e-08
2.18628e-08
2.0065e-08
1.90695e-08
1.05223e-08
0
0
0
0
0
0
0
0
0
0
0
0
0
0
0
0
0
0
0
0
0
0
3.64617e-07
6.89029e-07
7.019e-07
5.52674e-07
4.07115e-07
3.05791e-07
2.59591e-07
2.60649e-07
2.76286e-07
2.97968e-07
3.06296e-07
3.00801e-07
2.69689e-07
2.28203e-07
1.98462e-07
2.46039e-07
5.83107e-07
1.48791e-06
3.60478e-06
6.87993e-06
9.54146e-06
8.92782e-06
6.47507e-06
8.33738e-06
9.78065e-06
1.25377e-05
1.52018e-05
1.5136e-05
1.32282e-05
1.00658e-05
7.50028e-06
3.48011e-06
0
0
8.4855e-07
1.92354e-05
4.4312e-06
3.28081e-06
5.06552e-06
7.33301e-06
9.51651e-06
1.1133e-05
9.63032e-06
1.59831e-06
0
0
0
3.82861e-05
4.64208e-05
3.57846e-05
2.15765e-05
9.13042e-06
0
0
0
0
0
0
0
0
0
0
0
0
4.98577e-08
9.16573e-08
1.02951e-07
9.15113e-08
6.64873e-08
3.83179e-08
1.4509e-08
0
0
0
0
0
0
0
0
0
0
0
1.57742e-07
4.43829e-07
5.60553e-07
4.09509e-07
9.83838e-08
0
1.24863e-08
6.34531e-08
4.92722e-08
3.02808e-08
2.62758e-08
3.54477e-08
5.85608e-08
9.1066e-08
9.28141e-08
1.7491e-08
0
0
0
0
0
0
0
6.10598e-09
1.93366e-08
0
0
0
0
0
0
0
1.85911e-07
2.21431e-07
0
0
0
1.81084e-06
4.24372e-06
3.43488e-06
2.95686e-06
2.53153e-06
2.25632e-06
2.07379e-06
1.59e-06
1.00963e-06
6.0121e-07
3.3091e-07
1.70636e-07
8.99667e-08
5.71872e-08
4.69161e-08
4.43908e-08
4.4659e-08
4.73668e-08
5.24232e-08
5.71329e-08
6.05713e-08
6.76993e-08
8.24574e-08
8.91834e-08
8.28094e-08
7.26465e-08
7.01964e-08
7.09468e-08
5.90384e-08
4.40605e-08
3.5605e-08
3.63673e-08
4.40662e-08
4.53163e-08
3.23593e-08
1.65993e-08
9.19489e-09
6.71461e-09
1.66081e-09
0
0
0
0
0
0
0
0
0
0
0
0
0
0
0
0
0
0
0
0
0
4.51813e-08
2.34586e-07
3.07046e-07
2.94655e-07
2.45294e-07
2.09844e-07
1.96644e-07
2.15418e-07
2.40185e-07
2.67602e-07
2.78151e-07
2.72852e-07
2.47133e-07
2.34969e-07
2.04268e-07
1.90733e-07
2.66654e-07
6.40147e-07
1.56201e-06
3.69563e-06
6.69925e-06
9.60634e-06
8.49906e-06
6.1449e-06
8.25672e-06
9.73536e-06
1.19954e-05
1.42665e-05
1.47819e-05
1.34115e-05
1.07733e-05
8.56216e-06
5.85681e-06
2.04799e-06
0
0
0
2.0069e-06
5.22389e-06
7.73674e-06
1.01093e-05
1.21639e-05
1.40302e-05
1.4538e-05
8.27184e-06
0
0
0
6.01253e-05
6.17861e-05
3.97554e-05
2.02487e-05
4.53748e-06
0
0
0
0
0
0
0
0
0
2.44581e-08
5.66967e-08
8.66654e-08
1.13973e-07
1.32344e-07
1.33719e-07
1.16885e-07
8.89651e-08
5.96961e-08
3.74737e-08
2.38095e-08
1.48631e-08
7.97124e-09
1.63291e-10
0
0
0
0
0
0
4.13243e-09
3.68326e-08
1.1601e-07
1.47531e-07
9.84613e-08
3.17404e-08
1.04345e-08
7.89954e-09
9.67354e-09
1.35408e-08
2.20038e-08
4.57668e-08
9.85938e-08
2.13983e-07
3.67537e-07
4.45572e-07
4.25086e-07
3.16748e-07
9.0808e-08
0
0
0
0
0
1.28001e-09
0
0
0
0
0
0
0
2.92525e-07
3.01204e-07
1.28838e-08
0
0
0
0
0
1.76044e-06
2.51357e-06
2.32076e-06
2.01004e-06
1.62796e-06
1.05379e-06
6.42009e-07
3.68433e-07
1.98049e-07
1.03752e-07
5.98552e-08
4.39815e-08
3.91239e-08
3.73146e-08
3.68588e-08
3.84043e-08
4.25222e-08
4.77062e-08
5.31056e-08
6.18066e-08
6.52597e-08
5.89879e-08
4.51466e-08
3.5083e-08
3.52969e-08
4.16239e-08
4.11092e-08
3.36253e-08
2.71131e-08
2.65254e-08
3.20191e-08
3.60556e-08
2.87654e-08
1.40095e-08
3.12333e-09
0
0
0
0
0
0
0
0
0
0
0
0
0
0
0
0
0
0
0
0
0
0
0
2.56106e-08
9.29796e-08
1.26873e-07
1.33016e-07
1.30701e-07
1.42027e-07
1.64434e-07
1.93706e-07
2.30334e-07
2.41265e-07
2.44282e-07
2.1982e-07
1.99166e-07
2.04769e-07
1.83528e-07
1.88109e-07
2.8609e-07
6.77512e-07
1.58356e-06
3.6216e-06
6.2042e-06
9.40105e-06
7.7489e-06
5.60976e-06
8.02189e-06
9.54249e-06
1.1229e-05
1.25867e-05
1.35502e-05
1.29654e-05
1.10241e-05
9.05146e-06
7.35756e-06
4.97312e-06
1.9076e-06
0
0
0
6.72531e-06
9.88978e-06
1.20849e-05
1.39474e-05
1.57505e-05
1.74138e-05
1.59801e-05
4.25516e-06
0
0
5.86652e-05
5.50725e-05
2.81309e-05
7.60187e-06
0
0
0
0
0
0
0
0
0
0
0
0
0
5.25438e-09
7.40943e-08
1.07689e-07
1.07915e-07
8.31459e-08
5.35056e-08
3.11121e-08
1.78266e-08
9.22335e-09
1.62389e-09
0
0
0
0
3.86565e-09
1.11243e-08
1.70725e-08
2.39367e-08
3.75294e-08
7.40772e-08
8.90757e-08
7.49844e-08
5.04789e-08
2.42789e-08
8.9624e-09
5.21815e-09
6.47819e-09
1.04947e-08
2.46306e-08
7.21816e-08
1.7991e-07
3.46452e-07
4.88618e-07
5.15923e-07
4.24635e-07
1.68923e-07
0
0
0
0
5.80525e-08
3.54905e-08
0
0
0
4.14272e-08
1.74994e-07
1.93928e-07
6.15336e-07
0
0
0
0
0
0
0
0
1.83117e-06
2.51484e-06
2.17654e-06
1.6246e-06
9.58009e-07
5.56212e-07
3.25216e-07
1.7813e-07
9.08264e-08
4.69487e-08
2.93014e-08
2.40204e-08
2.27887e-08
2.22458e-08
2.19684e-08
2.27403e-08
2.53957e-08
2.91245e-08
3.29633e-08
3.58496e-08
3.37781e-08
2.59548e-08
1.64836e-08
1.29865e-08
1.61499e-08
2.23689e-08
2.55517e-08
2.24381e-08
1.71727e-08
1.54961e-08
1.84264e-08
2.23447e-08
1.89126e-08
7.05597e-09
0
0
0
0
0
0
0
0
0
0
0
0
0
0
0
0
0
0
0
0
0
0
0
0
7.87235e-09
3.84933e-08
6.30023e-08
7.97951e-08
9.71681e-08
1.21127e-07
1.46739e-07
1.8506e-07
2.05606e-07
2.1127e-07
2.06837e-07
1.75253e-07
1.63451e-07
1.83657e-07
1.71441e-07
1.87901e-07
2.9952e-07
6.95404e-07
1.55875e-06
3.28748e-06
5.3094e-06
8.8735e-06
6.60319e-06
4.74241e-06
7.5449e-06
9.25187e-06
1.04011e-05
1.09771e-05
1.19189e-05
1.23499e-05
1.11555e-05
9.41518e-06
8.06681e-06
6.74457e-06
5.33788e-06
3.61122e-06
1.10859e-06
3.05715e-06
9.07578e-06
1.19871e-05
1.35557e-05
1.49792e-05
1.63363e-05
1.75107e-05
1.81412e-05
1.52226e-05
4.62542e-06
0
4.17189e-06
9.01414e-06
0
0
0
0
0
0
0
0
0
0
0
0
0
0
0
0
0
1.2645e-08
4.89816e-08
3.47408e-08
1.00605e-08
0
0
0
0
6.3808e-10
8.46132e-09
1.80382e-08
2.98936e-08
4.309e-08
5.58541e-08
6.72878e-08
7.71252e-08
8.82152e-08
1.01656e-07
9.61418e-08
7.73856e-08
5.20048e-08
2.53751e-08
5.94561e-09
0
0
0
0
1.90017e-09
7.3883e-08
2.35517e-07
4.55669e-07
5.45569e-07
3.84198e-07
1.43972e-07
0
0
0
1.00036e-07
1.03973e-07
5.79936e-08
6.97564e-09
0
5.82713e-09
5.83595e-08
1.33661e-07
2.46847e-07
5.53378e-07
2.83049e-07
0
0
0
0
0
0
0
1.81164e-06
2.17931e-06
1.54497e-06
6.71023e-07
2.44315e-07
9.6512e-08
3.90084e-08
9.35267e-09
0
0
0
0
0
0
0
0
0
0
9.3355e-11
0
0
0
0
0
0
8.61765e-10
5.76587e-09
6.05876e-09
2.70093e-09
5.61557e-10
1.12038e-09
3.31246e-09
2.17463e-09
0
0
0
0
0
0
0
0
0
0
0
0
0
0
0
0
0
0
0
0
0
0
0
0
0
1.07297e-09
1.82752e-08
4.09711e-08
6.06667e-08
7.8856e-08
1.0222e-07
1.28222e-07
1.55082e-07
1.68193e-07
1.69686e-07
1.61783e-07
1.33796e-07
1.34932e-07
1.66823e-07
1.59048e-07
1.7793e-07
2.91982e-07
6.57538e-07
1.37139e-06
2.27937e-06
3.64641e-06
7.71084e-06
4.82666e-06
3.39944e-06
6.76018e-06
8.79132e-06
9.5243e-06
9.06923e-06
9.56849e-06
1.0963e-05
1.07916e-05
9.39686e-06
8.23489e-06
7.40051e-06
6.79091e-06
6.7658e-06
7.3843e-06
9.5271e-06
1.26403e-05
1.41355e-05
1.46073e-05
1.49111e-05
1.53159e-05
1.5729e-05
1.54865e-05
1.37628e-05
9.43631e-06
2.9407e-06
0
0
0
0
0
0
0
0
0
0
0
0
0
8.05451e-08
0
0
0
0
0
0
1.11483e-08
4.49068e-08
8.36836e-08
1.21551e-07
1.53165e-07
1.74107e-07
1.81668e-07
1.7711e-07
1.63108e-07
1.47429e-07
1.37672e-07
1.33713e-07
1.3499e-07
1.40624e-07
1.51031e-07
1.56481e-07
1.49606e-07
1.3058e-07
1.03688e-07
7.22139e-08
4.27005e-08
2.30852e-08
1.50391e-08
1.95795e-08
3.85352e-08
7.82976e-08
1.57232e-07
3.13248e-07
5.94377e-07
9.84207e-07
1.27694e-06
1.30343e-06
1.2329e-06
1.14713e-06
9.02654e-07
4.4724e-07
1.51471e-07
5.42514e-08
2.05798e-08
6.15173e-09
0
0
1.70301e-08
5.55441e-08
1.81347e-07
3.22513e-07
2.69333e-07
1.09567e-07
0
0
0
0
0
7.38221e-07
9.94718e-07
1.25989e-06
6.35482e-07
8.59492e-08
0
0
0
0
0
0
0
0
0
0
0
0
0
0
0
0
0
0
0
0
0
0
0
0
0
0
0
0
0
0
0
0
0
0
0
0
0
0
0
0
0
0
0
0
0
0
0
0
0
0
0
0
0
0
1.12701e-10
1.24898e-08
3.28093e-08
4.94403e-08
6.47973e-08
8.62199e-08
1.07362e-07
1.27898e-07
1.35568e-07
1.34666e-07
1.30151e-07
1.1401e-07
1.25245e-07
1.55989e-07
1.49858e-07
1.66307e-07
2.77861e-07
5.81519e-07
1.02817e-06
3.04414e-07
1.25585e-06
6.06271e-06
2.68236e-06
2.1557e-06
6.35828e-06
8.72132e-06
9.08019e-06
7.40384e-06
7.23146e-06
8.69361e-06
9.92607e-06
9.3143e-06
8.34028e-06
7.67313e-06
7.31409e-06
7.43348e-06
8.51678e-06
1.06088e-05
1.34172e-05
1.48993e-05
1.45823e-05
1.40278e-05
1.35055e-05
1.27442e-05
1.14759e-05
9.24761e-06
5.82763e-06
1.38126e-06
0
0
0
0
0
0
0
0
0
0
0
0
0
4.35801e-07
3.7462e-07
3.20916e-07
2.7124e-07
2.19329e-07
1.64836e-07
1.10059e-07
6.16821e-08
2.83812e-08
2.06063e-08
4.45798e-08
9.93564e-08
1.66892e-07
2.20112e-07
2.42484e-07
2.35568e-07
2.11461e-07
1.82433e-07
1.62623e-07
1.5471e-07
1.57502e-07
1.71841e-07
1.84064e-07
1.81747e-07
1.63433e-07
1.31746e-07
9.14461e-08
5.176e-08
2.49935e-08
1.38636e-08
1.60908e-08
2.75645e-08
4.54249e-08
6.93348e-08
1.01273e-07
1.41177e-07
1.77068e-07
1.90399e-07
1.82371e-07
1.69687e-07
1.55075e-07
1.30404e-07
9.67327e-08
6.88129e-08
5.47191e-08
5.12528e-08
5.10375e-08
4.63206e-08
3.58227e-08
2.83953e-08
5.11139e-08
1.49091e-07
2.11879e-07
1.68473e-07
6.6617e-08
0
0
0
0
0
0
0
1.47087e-07
0
0
0
0
0
0
0
0
0
0
0
0
0
0
0
0
0
0
0
0
0
0
0
0
0
0
0
0
0
0
0
0
0
0
0
0
0
0
0
0
0
0
0
0
0
0
0
0
0
0
0
0
0
0
0
0
4.18433e-09
1.46555e-08
3.23005e-08
4.45327e-08
5.53001e-08
7.25466e-08
9.03892e-08
1.09221e-07
1.17398e-07
1.1909e-07
1.22038e-07
1.1763e-07
1.22643e-07
1.3919e-07
1.32326e-07
1.46016e-07
2.5111e-07
4.42323e-07
5.02427e-07
0
0
3.6504e-06
1.78073e-07
1.52558e-06
6.67938e-06
8.92978e-06
8.65796e-06
6.58073e-06
5.68377e-06
6.17632e-06
8.1738e-06
8.76502e-06
8.27265e-06
7.71942e-06
7.45273e-06
7.40044e-06
7.87393e-06
8.96812e-06
1.0498e-05
1.18742e-05
1.22807e-05
1.166e-05
1.08325e-05
9.68357e-06
8.07769e-06
5.84697e-06
3.09424e-06
0
0
0
0
0
0
0
0
0
0
0
0
0
0
0
3.86873e-08
7.27624e-08
8.89885e-08
8.77793e-08
7.4367e-08
5.3647e-08
3.09841e-08
1.30666e-08
7.06663e-09
2.05497e-08
5.94596e-08
1.22347e-07
1.90407e-07
2.37362e-07
2.51032e-07
2.41673e-07
2.28487e-07
2.24026e-07
2.33871e-07
2.6941e-07
3.05065e-07
3.24718e-07
3.24354e-07
3.06884e-07
2.73771e-07
2.16938e-07
1.49738e-07
9.13141e-08
4.80367e-08
1.97472e-08
0
0
0
0
0
7.4479e-09
6.58031e-08
9.59369e-08
8.1612e-08
5.42722e-08
4.22541e-08
4.66418e-08
6.00576e-08
7.68481e-08
9.39277e-08
1.07005e-07
1.12759e-07
1.12308e-07
1.06304e-07
8.44146e-08
4.29198e-08
2.55552e-08
1.02464e-08
0
0
0
0
0
0
0
0
0
0
0
0
0
0
0
0
0
0
0
0
0
0
0
0
0
0
0
0
0
0
0
0
0
0
0
0
0
0
0
0
0
0
0
0
0
0
0
0
0
0
0
0
0
0
4.41608e-09
1.36744e-08
1.73228e-08
1.6325e-08
1.33564e-08
1.03512e-08
7.93662e-09
7.045e-09
6.47233e-09
6.2722e-09
8.78328e-09
1.32977e-08
2.36749e-08
3.82623e-08
4.54453e-08
5.12705e-08
6.58065e-08
8.22768e-08
1.03067e-07
1.14028e-07
1.14722e-07
1.21767e-07
1.23794e-07
1.14513e-07
1.12344e-07
1.00258e-07
1.1144e-07
1.94965e-07
1.83698e-07
0
0
0
0
0
1.99721e-06
7.62137e-06
9.12578e-06
8.22037e-06
6.11124e-06
5.00718e-06
5.04494e-06
5.89271e-06
7.51604e-06
7.92963e-06
7.72392e-06
7.52155e-06
7.4044e-06
7.40606e-06
7.75259e-06
8.23618e-06
8.78197e-06
9.15811e-06
9.13758e-06
8.54517e-06
7.57407e-06
6.0742e-06
4.13183e-06
1.87203e-06
0
0
0
0
0
0
0
0
0
0
0
0
0
0
0
0
0
4.00582e-08
8.5089e-08
1.13463e-07
1.33717e-07
1.53097e-07
1.74432e-07
1.97355e-07
2.19575e-07
2.37746e-07
2.48991e-07
2.52855e-07
2.52347e-07
2.53202e-07
2.61243e-07
2.79464e-07
3.09736e-07
3.56438e-07
3.99081e-07
4.24528e-07
4.26861e-07
4.08499e-07
3.75971e-07
3.28543e-07
2.5746e-07
1.84336e-07
1.25792e-07
9.24967e-08
8.6041e-08
8.40137e-08
6.20217e-08
2.33458e-08
0
0
0
0
7.82536e-09
3.24039e-08
4.43767e-08
5.98914e-08
7.71742e-08
8.62059e-08
8.50174e-08
7.79887e-08
6.9779e-08
6.20327e-08
5.37324e-08
4.27319e-08
2.6707e-08
4.61088e-09
0
0
0
0
0
0
0
0
0
0
0
0
0
0
0
0
0
0
0
0
0
0
0
0
0
0
0
0
0
0
0
0
0
0
0
0
0
0
0
0
0
0
0
0
0
0
0
0
1.08057e-08
1.44662e-08
1.2355e-08
7.96675e-09
3.1223e-09
3.48809e-09
1.30623e-08
3.04729e-08
4.91125e-08
6.23906e-08
6.76282e-08
6.5671e-08
5.95208e-08
5.05143e-08
4.02962e-08
3.13836e-08
2.35244e-08
1.82837e-08
1.75053e-08
1.92018e-08
2.62853e-08
3.74067e-08
3.94536e-08
4.14137e-08
5.50861e-08
7.03605e-08
9.29686e-08
1.04392e-07
9.7523e-08
1.09559e-07
1.20704e-07
1.055e-07
8.74312e-08
6.63284e-08
7.613e-08
1.02658e-07
0
0
0
0
0
0
4.6845e-06
9.09103e-06
9.25462e-06
7.64591e-06
5.6993e-06
4.6857e-06
4.5584e-06
4.78355e-06
5.41958e-06
6.72902e-06
7.31762e-06
7.46065e-06
7.48052e-06
7.43982e-06
7.38956e-06
7.39585e-06
7.43864e-06
7.48897e-06
7.41347e-06
7.06377e-06
6.28654e-06
5.04148e-06
3.36893e-06
1.40231e-06
0
0
0
0
0
0
0
0
0
0
0
0
0
0
0
0
0
0
0
4.98693e-08
9.00808e-08
1.19783e-07
1.37776e-07
1.44008e-07
1.39549e-07
1.26098e-07
1.06414e-07
8.62629e-08
7.43797e-08
8.25746e-08
1.20709e-07
1.87118e-07
2.61512e-07
3.16351e-07
3.36704e-07
3.25547e-07
2.94969e-07
2.55172e-07
2.10257e-07
1.6123e-07
1.14309e-07
7.52667e-08
5.05833e-08
4.45171e-08
5.37762e-08
7.03369e-08
8.70435e-08
9.94763e-08
1.08963e-07
1.17765e-07
1.23831e-07
1.19359e-07
9.84064e-08
6.05644e-08
1.84916e-08
0
0
1.31801e-08
1.49089e-08
0
0
0
0
0
0
0
0
0
0
0
0
0
0
0
0
0
0
0
0
0
0
0
0
0
0
0
0
0
0
0
0
0
0
0
0
0
0
0
0
0
0
0
0
0
0
0
0
0
0
0
0
0
0
3.32535e-08
5.23825e-08
4.89574e-08
3.61985e-08
1.57499e-08
0
0
0
1.20179e-08
3.84146e-08
6.14985e-08
7.60559e-08
8.15542e-08
7.99184e-08
7.05558e-08
5.47843e-08
3.75067e-08
2.17327e-08
1.06052e-08
5.32539e-09
3.9806e-09
9.81166e-09
2.03433e-08
1.87907e-08
2.19202e-08
5.07363e-08
8.46834e-08
1.17418e-07
1.27726e-07
1.18639e-07
1.24709e-07
1.38359e-07
1.24922e-07
1.03924e-07
8.91885e-08
1.03123e-07
7.94808e-08
0
6.40441e-07
0
0
0
0
1.00945e-05
1.13682e-05
1.00514e-05
7.58795e-06
5.837e-06
5.01811e-06
4.89858e-06
4.93631e-06
4.87023e-06
5.15914e-06
6.27036e-06
7.20398e-06
7.67439e-06
7.90412e-06
7.95238e-06
7.86593e-06
7.73493e-06
7.56388e-06
7.29454e-06
6.8477e-06
6.03496e-06
4.8495e-06
3.28422e-06
1.39316e-06
0
0
0
0
0
0
0
0
0
0
0
0
0
0
0
0
0
0
0
0
0
0
0
0
0
0
0
2.40675e-09
6.2926e-08
1.35563e-07
2.14014e-07
2.77168e-07
3.11095e-07
3.1292e-07
2.85612e-07
2.28655e-07
1.60029e-07
9.20268e-08
3.17787e-08
0
0
0
0
3.36782e-08
7.18052e-08
1.02069e-07
1.21765e-07
1.3257e-07
1.36841e-07
1.36933e-07
1.32027e-07
1.16462e-07
7.9159e-08
9.18399e-09
0
0
0
0
0
0
0
0
0
0
0
0
0
0
0
0
0
0
0
0
0
0
0
0
0
0
0
0
0
0
0
0
0
0
0
0
0
0
0
0
0
0
0
0
0
0
0
0
0
0
0
0
0
0
0
0
0
0
2.35927e-08
5.71521e-08
5.56637e-08
3.54117e-08
3.76982e-09
0
0
0
0
0
0
6.76084e-09
2.37486e-08
3.01535e-08
2.6461e-08
1.26574e-08
0
0
0
0
0
0
0
8.25452e-09
0
0
5.57391e-08
1.17221e-07
1.60759e-07
1.92615e-07
2.02233e-07
1.88034e-07
1.88851e-07
1.80521e-07
1.39839e-07
1.7887e-07
2.40605e-07
3.03334e-07
6.92572e-07
3.71563e-06
5.3922e-06
0
0
1.35308e-06
1.0973e-05
1.14326e-05
9.8771e-06
7.2732e-06
6.11798e-06
5.65498e-06
5.63717e-06
5.60825e-06
5.30083e-06
4.99436e-06
5.01686e-06
5.687e-06
6.75241e-06
7.50583e-06
7.99638e-06
8.1596e-06
8.118e-06
7.95802e-06
7.60405e-06
7.07296e-06
6.27627e-06
5.12094e-06
3.57752e-06
1.66353e-06
0
0
0
0
0
0
0
0
0
0
0
0
0
0
0
0
0
0
0
0
0
0
0
0
0
0
2.61886e-08
9.32006e-08
1.74968e-07
2.55961e-07
3.16733e-07
3.43604e-07
3.32016e-07
2.84871e-07
2.0781e-07
1.17481e-07
3.3e-08
0
0
0
0
4.06448e-08
1.0461e-07
1.60931e-07
1.969e-07
2.10062e-07
2.06396e-07
1.92727e-07
1.77052e-07
1.66859e-07
1.61096e-07
1.52995e-07
1.30924e-07
8.3054e-08
3.86785e-09
0
0
0
0
0
0
0
0
0
0
0
0
0
0
0
0
0
0
0
0
0
0
4.22571e-08
9.16348e-08
9.0735e-08
6.94852e-08
3.96754e-08
3.13214e-09
0
0
0
0
0
0
0
0
0
0
0
0
0
0
0
0
4.5774e-09
8.49736e-10
0
0
0
0
0
0
0
0
0
0
0
8.2579e-09
2.14994e-08
9.8394e-09
0
0
0
0
0
0
0
0
0
0
0
0
0
0
0
0
0
0
0
8.45537e-09
0
0
0
9.6104e-08
1.72901e-07
2.41962e-07
3.02746e-07
2.97703e-07
2.64435e-07
3.32723e-07
5.26952e-07
3.32524e-07
2.89413e-07
4.43544e-07
7.45623e-07
2.07362e-06
7.26679e-06
1.05531e-05
6.02947e-06
0
4.35069e-07
6.67615e-06
9.55495e-06
9.18883e-06
7.62578e-06
7.2694e-06
7.14864e-06
7.21852e-06
7.13875e-06
6.56096e-06
5.94133e-06
5.569e-06
5.46724e-06
5.70114e-06
6.26992e-06
7.0922e-06
7.78614e-06
8.09863e-06
8.13543e-06
7.96079e-06
7.55925e-06
6.94394e-06
5.84992e-06
4.2561e-06
2.20728e-06
0
0
0
0
0
0
0
0
0
0
0
0
0
0
0
0
0
0
0
0
3.05551e-08
5.63182e-08
6.78103e-08
6.33478e-08
4.32259e-08
1.12892e-08
0
0
0
0
0
0
0
0
0
0
0
0
0
0
0
0
4.96598e-08
1.90403e-07
2.56398e-07
2.675e-07
2.43736e-07
2.07585e-07
1.7419e-07
1.49698e-07
1.33531e-07
1.20816e-07
1.04795e-07
7.65321e-08
2.38614e-08
0
0
0
0
0
0
0
0
4.09273e-07
3.65882e-07
1.00677e-07
0
0
0
0
0
0
0
0
0
0
0
0
0
0
0
0
0
0
0
0
0
0
0
2.44646e-08
3.97667e-08
4.002e-08
1.71469e-08
0
0
0
0
0
0
6.43441e-08
1.18199e-07
1.38838e-07
9.41643e-08
5.98338e-08
9.85289e-08
1.56666e-07
1.77137e-07
9.8138e-08
0
0
1.23051e-07
0
0
0
0
0
0
0
0
0
0
0
0
0
0
0
0
0
0
0
0
0
0
0
0
0
0
0
1.28853e-07
2.08711e-07
2.74694e-07
3.3436e-07
3.30556e-07
2.74764e-07
3.13551e-07
4.31209e-07
3.14066e-07
0
0
8.49963e-07
3.11511e-06
9.55991e-06
1.24479e-05
9.69611e-06
0
0
1.82717e-06
6.20533e-06
7.23489e-06
7.46368e-06
8.1758e-06
8.3935e-06
8.4589e-06
8.41242e-06
7.98916e-06
7.05657e-06
6.32417e-06
5.93018e-06
5.64555e-06
5.57384e-06
5.70375e-06
6.00855e-06
6.36307e-06
6.64014e-06
6.79781e-06
6.7648e-06
6.46754e-06
5.81205e-06
4.5384e-06
2.60971e-06
0
0
0
0
0
0
0
0
0
0
0
0
0
0
5.05853e-08
0
0
0
0
0
0
0
0
0
0
0
0
0
0
0
0
0
0
0
0
0
0
0
0
0
0
0
2.08688e-08
2.37471e-07
2.63081e-07
2.19444e-07
1.61508e-07
1.13902e-07
8.16214e-08
5.79967e-08
3.56053e-08
1.01255e-08
0
0
0
0
0
0
0
0
0
0
5.32096e-07
6.00065e-07
2.81689e-07
1.3327e-07
2.05165e-08
0
0
0
0
0
0
0
2.68565e-08
8.34428e-08
0
0
0
0
0
0
0
0
5.54745e-10
6.51063e-08
1.13273e-07
1.51184e-07
1.77192e-07
1.76101e-07
1.32191e-07
5.53749e-08
0
0
0
0
0
1.7727e-07
3.39962e-07
4.28488e-07
5.04799e-07
6.30299e-07
8.10641e-07
9.9733e-07
1.13083e-06
1.15903e-06
1.04073e-06
7.66447e-07
4.61943e-07
3.22073e-07
3.83674e-07
0
0
0
0
0
0
0
0
0
0
0
0
0
0
0
0
0
0
0
0
0
0
0
0
0
0
0
0
6.40017e-09
1.56939e-07
2.16845e-07
1.54077e-07
8.83823e-08
1.68267e-07
2.65059e-07
3.94861e-08
0
0
0
3.13914e-06
1.02066e-05
1.22831e-05
9.86315e-06
3.29017e-07
0
0
3.88525e-06
5.37324e-06
5.13475e-06
6.39103e-06
8.00095e-06
8.79832e-06
9.00754e-06
8.72027e-06
7.94962e-06
7.19367e-06
6.49458e-06
5.97387e-06
5.64295e-06
5.40397e-06
5.30618e-06
5.31289e-06
5.32438e-06
5.29151e-06
5.22314e-06
5.06563e-06
4.72722e-06
3.99264e-06
2.56782e-06
0
0
0
0
0
0
0
0
0
0
0
0
0
0
4.44194e-07
2.65492e-07
0
0
0
0
0
0
0
0
0
0
0
0
0
0
0
0
0
0
0
0
0
0
0
0
0
0
0
0
0
2.02199e-08
7.20981e-08
1.18033e-07
1.36062e-07
1.21474e-07
8.31796e-08
3.36487e-08
0
0
0
0
0
0
0
0
0
0
5.59907e-07
3.75087e-07
2.46979e-07
1.8958e-07
1.42406e-07
7.29603e-08
1.93476e-08
0
1.99964e-08
6.83047e-08
1.04278e-07
4.555e-08
0
0
0
1.4481e-07
3.68128e-07
5.07465e-07
4.06688e-07
1.01758e-07
0
0
3.00862e-07
6.17118e-07
7.95077e-07
8.809e-07
9.20893e-07
9.17841e-07
8.39868e-07
6.11551e-07
2.88066e-07
5.04528e-08
4.99924e-08
2.88756e-07
7.0747e-07
1.13896e-06
1.29418e-06
1.10949e-06
7.62835e-07
4.61744e-07
1.68857e-07
3.24252e-08
3.69351e-07
1.0424e-06
1.53913e-06
1.6398e-06
1.47124e-06
1.15265e-06
5.4006e-07
0
0
0
0
0
1.19349e-07
0
0
0
0
0
0
0
0
0
0
0
0
0
0
0
0
0
0
0
0
9.12123e-09
0
0
2.57285e-08
1.15208e-07
7.05426e-08
4.7088e-08
1.56962e-07
2.87522e-07
0
0
0
0
1.71008e-06
8.70493e-06
1.0365e-05
8.37525e-06
2.90401e-06
0
0
4.3112e-06
4.59335e-06
3.07299e-06
3.09135e-06
4.98213e-06
6.89177e-06
7.88549e-06
8.16101e-06
7.93559e-06
7.45092e-06
6.89755e-06
6.35289e-06
5.86527e-06
5.53041e-06
5.24928e-06
5.10036e-06
4.95288e-06
4.77128e-06
4.58022e-06
4.34359e-06
4.02801e-06
3.51619e-06
2.49724e-06
0
0
0
0
0
0
0
0
0
0
0
0
0
0
0
0
0
0
0
0
0
0
0
0
0
0
0
0
0
0
0
0
0
0
0
0
0
0
0
0
0
0
0
0
0
1.19216e-07
3.55458e-07
5.61351e-07
6.5571e-07
6.19685e-07
4.81413e-07
2.93068e-07
1.05641e-07
0
0
0
0
0
0
0
0
0
0
3.59811e-08
7.12648e-08
8.18978e-08
7.65201e-08
5.07775e-08
2.04743e-08
4.01816e-09
1.71935e-09
5.26377e-08
7.96837e-08
1.76701e-08
0
0
0
0
1.14744e-07
2.22626e-07
1.77463e-08
0
0
0
3.27215e-08
2.96138e-07
4.3549e-07
4.96385e-07
5.29828e-07
5.47809e-07
5.18592e-07
4.05039e-07
2.43216e-07
1.20043e-07
6.18616e-08
5.50069e-08
8.77754e-08
1.45772e-07
1.81069e-07
1.73469e-07
1.53489e-07
1.47167e-07
1.34567e-07
8.61262e-08
2.35931e-08
0
1.03621e-08
2.3819e-08
2.33218e-08
0
0
0
0
0
0
6.59641e-09
9.09567e-08
1.19422e-08
0
0
0
0
0
0
0
0
0
0
0
0
0
0
0
0
3.33676e-09
2.95748e-08
2.93473e-08
0
0
0
1.00436e-09
7.15961e-08
6.56836e-08
5.22385e-08
1.91995e-07
4.45773e-07
0
0
0
0
0
4.56469e-06
6.32856e-06
5.38122e-06
7.91594e-06
0
0
6.20187e-06
4.79215e-06
2.88951e-06
1.83541e-06
2.40693e-06
3.87289e-06
5.00585e-06
5.67959e-06
6.16753e-06
6.38912e-06
6.36101e-06
6.14996e-06
5.89335e-06
5.67748e-06
5.47777e-06
5.20161e-06
4.95584e-06
4.76155e-06
4.55361e-06
4.31157e-06
4.01679e-06
3.59626e-06
2.78418e-06
0
0
0
0
0
0
0
0
0
0
0
0
0
0
0
0
0
0
0
0
0
0
0
0
0
0
0
0
0
0
0
0
0
0
0
0
0
0
0
0
0
0
0
9.20488e-09
3.68668e-08
5.77661e-08
8.36782e-08
1.17255e-07
1.49434e-07
1.62007e-07
1.4015e-07
8.87198e-08
2.35986e-08
0
0
0
0
0
2.01842e-08
6.13402e-08
5.74674e-08
0
0
0
0
3.34488e-08
5.33166e-08
6.49416e-08
8.23945e-08
9.07605e-08
1.25258e-07
2.18956e-07
1.73605e-07
0
0
0
0
0
0
0
0
0
0
0
0
3.56555e-08
1.59676e-07
2.21077e-07
2.52764e-07
2.67564e-07
2.60846e-07
2.27455e-07
1.70562e-07
1.23611e-07
7.76409e-08
2.78046e-08
0
0
0
6.28382e-09
1.76193e-08
3.78515e-08
5.55363e-08
5.61371e-08
3.97986e-08
2.1902e-08
6.83824e-09
0
0
0
0
0
0
0
6.93781e-09
3.79508e-08
4.41606e-08
1.92733e-08
0
0
0
0
0
0
0
0
4.08566e-09
1.1149e-08
7.44366e-09
2.40188e-09
0
0
0
0
2.93931e-08
4.62766e-08
2.0697e-08
0
0
0
8.94703e-09
7.32352e-08
2.09292e-08
8.88953e-10
2.48368e-07
8.30045e-07
8.7725e-08
0
0
0
0
0
0
7.70596e-06
1.07558e-05
7.77475e-06
4.09587e-06
6.82841e-06
5.13399e-06
3.66365e-06
2.43243e-06
2.04954e-06
2.6126e-06
3.34153e-06
3.94574e-06
4.47759e-06
4.9231e-06
5.2308e-06
5.40138e-06
5.48498e-06
5.50663e-06
5.45567e-06
5.35503e-06
5.24909e-06
5.11006e-06
4.9316e-06
4.69678e-06
4.34495e-06
3.70706e-06
2.24282e-06
1.67696e-07
0
0
0
0
0
0
0
0
0
0
0
0
0
0
0
0
0
1.18433e-11
1.61353e-09
2.60516e-09
2.99747e-09
2.83499e-09
2.16039e-09
1.04134e-09
0
0
0
0
0
0
0
0
0
0
0
0
0
0
0
0
0
0
0
0
0
0
2.47646e-10
1.54097e-09
2.7697e-09
3.37089e-09
4.19197e-09
2.01408e-09
2.26883e-09
0
5.33326e-10
2.677e-08
0
0
0
0
0
0
0
0
0
0
3.71417e-11
8.48756e-08
1.85297e-07
4.04388e-07
6.62878e-07
4.91475e-07
0
0
0
0
0
0
0
0
0
0
0
0
0
0
9.61147e-08
1.87152e-07
2.23065e-07
2.11788e-07
1.6971e-07
1.16469e-07
7.47482e-08
3.50551e-08
0
0
0
0
0
0
0
7.58002e-09
2.13943e-08
2.5791e-08
2.30341e-08
1.28524e-08
0
0
0
0
2.667e-10
3.34939e-08
5.68297e-08
6.54771e-08
6.12223e-08
4.74225e-08
3.18564e-08
2.13471e-08
1.7805e-08
1.89671e-08
1.79965e-08
1.26412e-08
1.52646e-08
2.89179e-08
3.61102e-08
2.03302e-08
0
0
0
0
0
0
8.44784e-10
2.43624e-08
2.42045e-08
0
0
0
0
0
2.20758e-08
0
0
2.77349e-07
1.16886e-06
4.12423e-07
0
0
0
0
0
0
8.12761e-06
7.25332e-06
2.82146e-06
6.11114e-07
1.28861e-06
3.21186e-06
4.21379e-06
3.92114e-06
3.13221e-06
3.13662e-06
3.76278e-06
4.70721e-06
5.86618e-06
6.86824e-06
7.15063e-06
6.46001e-06
5.3048e-06
4.27967e-06
3.5605e-06
3.11461e-06
2.87653e-06
2.77495e-06
2.74995e-06
2.74291e-06
2.69575e-06
2.52466e-06
2.0266e-06
5.00036e-07
0
0
0
0
0
0
0
0
0
0
0
0
0
0
1.53012e-11
4.78926e-10
8.95805e-10
1.2402e-09
1.48297e-09
1.59679e-09
1.55715e-09
1.3507e-09
1.0123e-09
5.69438e-10
6.37609e-11
0
0
0
0
0
0
0
0
0
0
0
0
0
0
0
0
0
0
0
0
0
0
0
0
4.96204e-10
1.85313e-09
3.03648e-09
6.11271e-09
9.08488e-09
4.92022e-08
3.23682e-07
3.8437e-07
0
0
0
0
0
0
0
0
0
0
2.52262e-08
2.68852e-07
7.72905e-07
1.32752e-06
1.03248e-06
0
0
0
0
5.15411e-07
9.68592e-07
8.71133e-07
3.60176e-07
0
0
0
0
0
0
0
0
0
2.29223e-08
1.68453e-08
0
0
0
0
0
0
0
0
0
0
0
0
1.28134e-08
2.139e-08
2.43526e-08
2.45295e-08
2.72879e-08
3.57499e-08
4.98309e-08
6.64525e-08
7.83336e-08
8.13561e-08
7.83806e-08
7.16491e-08
6.31657e-08
5.50465e-08
4.90394e-08
4.63752e-08
4.36588e-08
3.64446e-08
2.74061e-08
2.69378e-08
3.94538e-08
4.48311e-08
1.82261e-08
0
0
0
0
0
0
0
0
0
0
0
0
0
0
0
0
0
1.78444e-07
8.93349e-07
2.66373e-07
0
0
0
0
0
0
2.7354e-07
2.28852e-07
2.08604e-08
0
3.27915e-09
4.34043e-08
1.28955e-07
2.32199e-07
3.58008e-07
6.15356e-07
1.1948e-06
2.63357e-06
6.73667e-06
1.62589e-05
1.29498e-05
5.65074e-06
2.60751e-06
1.25703e-06
6.18145e-07
3.08018e-07
1.55753e-07
8.02792e-08
4.24019e-08
2.29953e-08
1.26304e-08
6.34589e-09
1.2942e-09
0
0
0
0
0
0
0
0
0
0
0
0
0
0
0
0
0
1.18855e-10
2.42649e-10
3.27511e-10
3.67803e-10
3.49593e-10
2.73295e-10
1.50455e-10
0
0
0
0
0
0
0
0
0
0
0
0
0
0
0
0
0
0
0
0
0
0
0
0
0
0
0
2.97382e-10
2.09487e-09
7.88798e-09
2.83729e-08
2.6158e-07
1.93612e-06
3.37874e-06
1.14456e-06
0
0
0
0
0
0
0
0
0
0
1.87441e-08
8.03595e-07
2.12169e-06
1.54141e-06
5.85072e-08
0
0
0
2.11872e-06
3.96644e-06
4.58716e-06
3.90734e-06
1.78229e-06
0
0
0
0
0
0
0
0
0
0
0
0
0
0
0
0
0
0
0
0
0
0
1.08774e-08
2.54673e-08
3.66287e-08
4.62047e-08
5.5102e-08
6.20238e-08
6.67624e-08
7.00196e-08
7.06204e-08
6.84882e-08
6.51872e-08
6.14028e-08
5.66434e-08
5.11478e-08
4.60382e-08
4.19387e-08
3.74482e-08
2.9906e-08
2.16073e-08
2.12489e-08
3.47003e-08
4.43877e-08
1.82122e-08
0
0
0
0
0
0
0
0
0
0
0
0
0
0
0
0
0
0
5.3232e-08
0
0
3.16903e-07
3.90698e-07
0
0
0
0
5.95814e-09
0
0
0
1.12234e-08
2.83502e-08
5.29314e-08
8.84135e-08
1.51127e-07
2.8791e-07
6.36458e-07
1.59357e-06
4.67109e-06
1.2383e-05
8.5521e-06
2.72341e-06
8.60046e-07
2.75009e-07
7.77128e-08
8.24143e-09
0
0
0
0
0
0
0
0
0
0
0
0
0
0
0
0
0
0
0
0
0
0
0
0
0
0
0
0
0
0
0
0
0
0
0
0
0
0
0
0
0
0
0
0
0
0
0
0
0
0
0
0
0
0
0
0
0
0
9.34988e-11
7.3373e-09
5.65393e-08
7.92253e-07
8.00357e-06
1.58488e-05
9.25525e-06
6.30462e-06
3.93233e-06
8.24864e-07
0
0
0
0
0
0
0
0
0
1.21927e-06
1.43721e-06
2.05074e-07
0
1.94773e-07
2.71291e-06
9.27236e-06
9.83725e-06
5.08185e-06
2.45127e-06
8.91876e-07
0
0
0
0
0
0
0
0
0
0
0
0
1.87566e-08
2.79428e-08
1.21337e-10
0
0
0
0
0
0
0
0
1.89661e-08
3.62712e-08
4.81869e-08
5.6868e-08
6.169e-08
6.3581e-08
6.50268e-08
6.50598e-08
6.31179e-08
6.12243e-08
5.94884e-08
5.64037e-08
5.17158e-08
4.63641e-08
4.16546e-08
3.56623e-08
2.65153e-08
1.68953e-08
1.56195e-08
2.95917e-08
4.51985e-08
1.66161e-08
0
0
0
0
0
0
0
0
0
0
2.58601e-07
2.68599e-07
4.45555e-09
8.93074e-08
3.77148e-07
3.05785e-07
0
0
0
0
0
9.82735e-07
6.89747e-07
2.70105e-07
8.62694e-09
0
0
0
0
0
0
4.46486e-09
1.17787e-08
2.38122e-08
4.2703e-08
7.19752e-08
1.25303e-07
2.3405e-07
4.95587e-07
1.23306e-06
4.22233e-06
1.27785e-05
2.41102e-06
4.46152e-07
8.91628e-08
9.50022e-10
0
0
0
0
0
0
0
0
0
0
0
0
0
0
0
0
0
0
0
0
0
1.59964e-07
0
0
8.67932e-09
6.63454e-08
1.4121e-07
1.93047e-07
2.08015e-07
1.75621e-07
1.1324e-07
6.02541e-08
3.34398e-08
0
0
0
0
0
0
0
0
0
0
0
0
0
1.99615e-07
0
0
2.80074e-08
9.07772e-08
1.46934e-07
1.66937e-07
1.64351e-07
1.30737e-07
7.33014e-08
2.6956e-08
8.44054e-09
0
0
0
0
0
0
0
0
0
0
0
0
0
4.33541e-07
0
0
1.16097e-07
2.63436e-07
3.08574e-07
2.80437e-07
2.43975e-07
1.88299e-07
8.39755e-08
0
0
0
0
0
0
0
0
0
0
0
0
0
0
0
1.82462e-06
0
0
1.54072e-06
1.30828e-06
5.70446e-07
2.95675e-07
8.31274e-08
0
0
0
0
0
0
0
0
0
0
0
0
0
0
0
0
0
1.8706e-06
0
0
1.62761e-06
1.03441e-06
7.31988e-08
0
0
0
0
0
0
0
0
0
0
0
0
0
0
0
0
0
0
0
1.15614e-06
0
3.28371e-07
1.92037e-06
1.1421e-06
2.44849e-07
7.16373e-08
0
0
0
0
0
0
0
0
0
0
0
0
0
0
0
0
0
0
3.2815e-07
0
1.28327e-06
2.50408e-06
1.21595e-06
1.51317e-07
1.19462e-07
2.54306e-07
0
0
0
0
0
0
0
0
0
0
0
0
0
0
0
0
0
0
0
2.4228e-06
3.41259e-06
1.46911e-06
1.19792e-07
1.88864e-07
6.01424e-07
0
0
0
0
0
0
0
0
0
0
0
0
0
0
0
0
0
0
0
3.21855e-06
4.34001e-06
1.84331e-06
1.8564e-07
3.69327e-07
1.02279e-06
9.64628e-08
0
0
0
0
0
0
0
0
0
0
0
0
0
0
0
0
0
0
2.7437e-06
4.66944e-06
2.12518e-06
2.71202e-07
7.35356e-07
1.90857e-06
7.57515e-07
0
0
0
0
0
0
0
0
0
0
0
0
0
0
0
0
0
0
6.30882e-07
3.59452e-06
1.84227e-06
1.58892e-07
8.2375e-07
2.65813e-06
1.65132e-06
0
0
0
0
0
0
0
0
0
0
0
0
0
0
0
0
0
0
0
1.71086e-06
1.10214e-06
0
3.05538e-07
1.79992e-06
1.64232e-06
0
0
0
0
0
0
0
0
0
0
0
0
0
0
0
0
0
0
0
0
4.37754e-07
0
0
6.01236e-07
6.56177e-07
0
0
0
0
0
0
0
0
0
0
4.00171e-05
0
0
0
0
0
0
0
0
0
0
0
0
0
0
1.74452e-07
5.966e-07
0
0
0
0
0
0
0
0
5.80775e-05
0
0
0
0
0
0
0
0
0
0
0
0
0
0
1.43359e-06
3.08035e-06
0
0
0
3.50153e-06
0
0
0
0
4.16056e-05
0
0
0
0
0
0
0
0
0
0
7.84594e-08
0
0
2.60005e-07
4.35172e-06
6.08475e-06
2.88303e-06
0
3.99438e-07
7.293e-06
3.0348e-06
1.05963e-07
0
0
2.76171e-05
0
1.03237e-05
0
0
0
0
0
0
0
0
5.69993e-07
9.54505e-07
3.08023e-06
4.94983e-06
6.97652e-06
7.39631e-06
5.18002e-06
5.18069e-06
7.32998e-06
7.5602e-06
5.75807e-07
0
0
0
1.74462e-05
0
1.78876e-05
0
0
0
0
0
0
0
1.47532e-06
3.31967e-06
3.93088e-06
5.20058e-06
5.56298e-06
5.61165e-06
4.20845e-06
2.76879e-06
4.21381e-06
9.49752e-06
6.24612e-06
3.15275e-07
0
0
0
1.0617e-05
0
1.93324e-05
0
0
0
0
0
1.00821e-06
2.48748e-06
3.50053e-06
2.86488e-06
2.80408e-06
4.21731e-06
4.35725e-06
3.70895e-06
2.59961e-06
2.18108e-06
2.67102e-06
8.88383e-06
5.04377e-06
7.39764e-07
0
0
0
5.674e-06
0
1.74195e-05
0
0
0
0
1.37373e-06
2.78317e-06
3.46428e-06
3.60196e-06
2.63254e-06
2.29341e-06
3.53018e-06
3.64994e-06
3.08858e-06
2.31816e-06
2.26456e-06
2.32636e-06
8.57392e-06
4.14557e-06
1.29495e-06
0
0
0
1.96753e-06
0
1.37236e-05
0
0
0
1.68094e-06
2.81617e-06
3.59256e-06
3.54389e-06
3.19419e-06
2.34403e-06
2.03512e-06
3.08951e-06
3.33372e-06
3.06824e-06
2.54807e-06
2.73986e-06
2.79731e-06
8.78344e-06
3.09213e-06
1.76529e-06
1.44112e-06
0
0
0
0
7.61497e-06
0
0
0
3.37251e-06
3.8315e-06
3.76628e-06
3.12097e-06
2.50252e-06
1.86362e-06
1.7644e-06
2.67376e-06
3.06068e-06
3.18665e-06
3.05229e-06
3.60833e-06
4.11348e-06
8.36723e-06
1.15255e-06
1.82525e-06
3.54531e-06
0
0
0
0
6.47853e-07
0
0
0
4.7989e-06
4.38779e-06
3.45396e-06
2.39861e-06
1.68496e-06
1.39536e-06
1.51287e-06
2.25692e-06
2.65844e-06
3.12827e-06
3.50906e-06
4.5456e-06
6.07584e-06
5.38449e-06
0
1.1887e-06
3.71732e-06
0
0
0
0
0
9.83484e-06
0
0
5.81476e-06
4.43904e-06
2.79726e-06
1.58634e-06
9.99643e-07
1.19083e-06
1.39017e-06
1.94764e-06
2.24258e-06
2.5866e-06
2.98523e-06
4.11142e-06
6.04515e-06
0
0
2.75591e-07
2.96267e-06
0
0
0
1.50773e-06
0
2.14515e-05
2.60209e-06
0
6.27468e-06
4.00949e-06
1.98408e-06
8.85776e-07
6.17877e-07
1.22152e-06
1.3905e-06
1.75935e-06
1.82291e-06
1.79394e-06
1.67457e-06
2.1754e-06
3.14323e-06
0
0
9.27534e-08
2.41897e-06
0
0
0
5.65914e-06
0
2.4562e-05
6.58045e-06
0
6.06597e-06
3.18005e-06
1.18145e-06
3.8123e-07
4.99694e-07
1.34312e-06
1.44393e-06
1.62918e-06
1.44369e-06
9.59376e-07
0
0
0
0
0
6.88174e-07
2.33075e-06
0
0
0
8.06049e-06
0
2.46754e-05
1.02091e-05
0
5.07927e-06
2.06408e-06
4.82121e-07
5.37659e-08
5.12027e-07
1.44061e-06
1.47464e-06
1.45059e-06
1.06777e-06
0
0
0
0
0
0
1.45439e-06
2.31495e-06
0
0
0
9.93919e-06
0
2.47357e-05
1.35454e-05
0
3.89328e-06
1.04376e-06
0
0
5.81581e-07
1.55063e-06
1.54578e-06
1.31137e-06
6.94325e-07
0
0
0
0
0
0
2.22888e-06
1.9631e-06
0
0
0
1.31073e-05
5.08908e-06
2.70985e-05
1.83049e-05
5.68001e-06
2.1533e-06
5.10097e-08
0
0
6.84919e-07
1.55393e-06
1.38226e-06
9.5511e-07
1.42424e-07
0
0
0
0
0
0
2.3932e-06
1.79239e-06
0
0
0
1.53327e-05
2.29548e-05
2.61984e-05
2.15528e-05
1.48171e-05
6.00711e-07
0
0
0
7.42706e-07
1.44096e-06
1.00803e-06
4.29624e-07
0
0
0
0
0
0
3.17726e-07
1.99605e-06
1.62476e-06
0
0
0
1.45349e-05
3.30323e-05
2.41078e-05
2.58299e-05
2.60813e-05
0
0
0
0
6.29915e-07
9.99369e-07
3.01842e-07
0
0
0
0
0
0
0
4.46031e-07
1.23231e-06
1.46067e-06
0
5.65724e-08
0
1.10115e-05
2.88059e-05
2.0624e-05
3.07727e-05
4.01389e-05
0
0
0
0
2.76478e-07
2.68777e-07
0
0
0
0
0
0
0
0
3.16807e-07
5.80941e-07
1.26679e-06
0
3.80962e-07
7.51945e-08
7.38973e-06
2.07825e-05
1.63282e-05
3.52659e-05
5.53048e-05
0
0
0
0
0
0
0
0
0
0
0
0
0
0
1.58409e-07
1.55237e-07
1.02037e-06
1.32701e-07
6.78238e-07
6.52691e-08
4.88696e-06
1.4154e-05
1.19803e-05
2.49311e-05
5.98013e-05
0
0
0
0
0
0
0
0
0
0
0
0
0
0
6.52575e-08
0
7.65956e-07
2.31828e-07
9.45635e-07
0
3.28181e-06
9.27719e-06
8.37006e-06
0
2.9617e-05
0
0
0
0
0
0
0
0
0
0
0
1.48497e-07
2.36858e-07
2.07654e-07
8.731e-08
0
5.37569e-07
2.28101e-07
1.13488e-06
0
2.28394e-06
5.74481e-06
5.72349e-06
0
0
0
0
0
0
0
0
0
0
0
0
0
4.40076e-08
3.90043e-07
5.08938e-07
2.11184e-07
0
3.07931e-07
1.11337e-07
1.22873e-06
0
1.71722e-06
3.22218e-06
3.84108e-06
0
0
0
0
0
0
0
0
0
0
0
0
0
0
1.49104e-07
5.80718e-07
4.06084e-07
0
5.80184e-08
0
1.23807e-06
0
1.45328e-06
1.54145e-06
2.57668e-06
0
0
0
0
0
0
0
0
0
0
0
0
0
0
0
4.81919e-07
6.60114e-07
0
0
0
1.19917e-06
0
1.33774e-06
4.4748e-07
1.6841e-06
0
0
0
0
0
0
0
0
0
0
0
0
0
0
0
2.98044e-07
9.71383e-07
0
0
0
1.14852e-06
5.06511e-08
1.22273e-06
0
9.45974e-07
0
0
0
0
0
0
0
0
0
0
0
0
0
0
0
6.65875e-08
1.2802e-06
0
0
0
1.0663e-06
3.92637e-07
1.01061e-06
0
2.66762e-07
0
0
0
0
0
0
0
0
0
0
0
0
0
0
0
0
1.46678e-06
0
0
0
9.02948e-07
8.99847e-07
6.38747e-07
0
0
0
0
0
0
0
0
0
0
0
0
0
0
0
0
0
0
1.32346e-06
0
0
0
6.65755e-07
1.53189e-06
3.93926e-08
0
0
0
0
0
0
0
0
0
0
0
0
0
0
0
0
0
0
5.92851e-07
0
0
0
5.53738e-07
1.91981e-06
0
0
0
0
0
0
0
0
0
0
0
0
0
0
0
0
0
0
0
0
0
0
0
6.15335e-07
1.81812e-06
0
0
0
0
0
0
0
0
0
0
0
0
0
0
0
0
0
0
0
0
0
0
0
4.07106e-07
1.24801e-06
0
0
0
2.0284e-07
0
0
0
0
0
0
0
0
0
0
0
0
0
0
0
0
0
0
0
0
5.22027e-07
0
0
0
1.38675e-06
0
0
0
0
0
0
0
0
0
0
0
0
0
0
0
0
0
0
0
0
0
0
0
0
1.72842e-06
0
0
0
0
0
0
0
0
0
0
0
0
0
0
0
0
0
0
0
0
0
0
0
0
1.38369e-06
0
0
0
0
0
0
0
0
0
0
0
0
0
0
0
0
0
0
0
0
0
0
0
0
8.47376e-07
0
0
0
0
0
0
0
0
0
0
0
0
0
0
0
0
0
0
0
0
0
0
0
0
4.2751e-07
0
0
0
0
0
0
0
0
0
0
0
0
0
0
0
1.29081e-08
0
0
0
9.36457e-09
0
0
0
5.3337e-08
1.88269e-07
1.22799e-07
0
0
0
0
0
0
0
0
0
0
1.64826e-08
3.16338e-08
1.8016e-08
3.10762e-08
3.23324e-08
3.2019e-08
1.56021e-08
2.34579e-08
8.17663e-09
0
2.29535e-08
0
3.17801e-08
6.88166e-08
1.94655e-07
0
0
0
0
0
0
0
2.43935e-08
3.36593e-08
3.73744e-08
3.65108e-08
3.44179e-08
2.95756e-08
3.21273e-08
2.3247e-08
2.38624e-08
1.39221e-08
1.45401e-08
3.89248e-10
0
1.60819e-08
0
1.61557e-09
3.78534e-09
1.78256e-07
0
0
0
0
2.17107e-08
4.35227e-08
4.68285e-08
4.47544e-08
3.91601e-08
3.15116e-08
2.26193e-08
1.92865e-08
1.44261e-08
1.43132e-08
9.92327e-09
1.15048e-08
6.16649e-09
6.71343e-09
0
2.28563e-10
9.00689e-09
0
0
0
4.78321e-08
0
0
2.65438e-08
4.5436e-08
3.88318e-08
2.56636e-08
1.38195e-08
7.4503e-09
3.91559e-09
8.90482e-10
0
0
0
0
0
0
0
0
0
0
0
0
2.95843e-09
0
3.26966e-10
0
3.89623e-08
7.05811e-08
3.73973e-08
1.44438e-08
0
0
0
0
0
0
0
0
0
0
0
0
0
0
0
0
0
0
0
0
0
7.38048e-08
5.07101e-08
1.83523e-08
2.05719e-09
0
0
0
0
0
0
0
0
0
0
0
0
0
0
0
0
0
0
0
0
)
;

boundaryField
{
    inlet
    {
        type            zeroGradient;
    }
    outlet
    {
        type            zeroGradient;
    }
    upperWall
    {
        type            zeroGradient;
    }
    lowerWall
    {
        type            zeroGradient;
    }
    frontAndBack
    {
        type            empty;
    }
}


// ************************************************************************* //
