/*--------------------------------*- C++ -*----------------------------------*\
| =========                 |                                                 |
| \\      /  F ield         | OpenFOAM: The Open Source CFD Toolbox           |
|  \\    /   O peration     | Version:  2112                                  |
|   \\  /    A nd           | Website:  www.openfoam.com                      |
|    \\/     M anipulation  |                                                 |
\*---------------------------------------------------------------------------*/
FoamFile
{
    version     2.0;
    format      ascii;
    arch        "LSB;label=32;scalar=64";
    class       volScalarField;
    location    "0.19";
    object      ddt0(omega);
}
// * * * * * * * * * * * * * * * * * * * * * * * * * * * * * * * * * * * * * //

dimensions      [0 0 -2 0 0 0 0];

internalField   nonuniform List<scalar> 
1580
(
0.0128876
-0.0194609
0.0265389
-0.0376947
0.0499153
-0.0590941
0.0688281
-0.00899696
-0.00324599
-0.0251933
-0.0977719
-0.214543
-0.664938
-1.20966
-3.67997
-8.31507
-0.000238633
-0.00188118
-0.00868659
-0.0188607
-0.0830085
-0.156425
-0.521297
-1.3782
-4.69663e-05
-0.00030313
-0.00120149
-0.00248375
-0.0153842
-0.0319144
-0.110393
-0.342929
-1.00975e-05
-4.40781e-05
-0.000186848
-0.000698183
-0.00354124
-0.00475761
-0.0307271
-0.0902411
1.22084e-05
2.31811e-05
3.65322e-05
0.000186628
-0.00016313
0.00755581
-0.0113811
0.0149973
1.49372e-05
4.12131e-05
-0.000108182
0.00393087
-0.00659182
0.0334662
-0.00673914
0.14507
8.73307e-05
0.000713393
-0.000597125
0.0203788
-0.0173023
0.145952
0.00326592
0.654263
0.000795468
0.0139491
0.00529023
0.16873
0.0350858
0.929572
0.438295
4.30323
-0.0272062
0.0397027
-0.0543213
0.0754134
-0.0989807
0.115134
-0.150803
0.00199198
-1151.4
-1073.21
-829.888
-610.438
-469.277
-383.977
-327.916
-289.531
-260.854
-238.525
-220.083
-204.502
-190.975
-177.293
-162.923
-149.317
-136.636
-125.71
-118.093
-104.817
-94.8048
-83.5728
-73.6505
-59.832
-50.8191
-43.6055
-39.1062
-27.6585
-23.6092
-14.7405
-9.71292
-3.59955
1.33064
6.29306
10.9043
15.0236
18.7791
22.3507
25.9026
29.5283
33.2031
36.9031
40.4422
42.4919
38.0829
32.0196
33.7839
40.1137
43.6278
53.9282
-1023.15
-895.996
-556.837
-273.138
-130.899
-76.5393
-54.0547
-47.6711
-45.4047
-44.0216
-41.9878
-39.3794
-36.3921
-33.2265
-29.8053
-26.956
-25.7553
-27.7229
-36.5842
-26.9509
-22.4305
-17.3396
-12.7782
-8.69249
-6.23474
-4.3656
-1.11779
1.49628
3.29614
5.46811
7.02978
8.55273
9.83356
10.9696
12.0396
13.2304
13.7407
14.276
14.9691
15.8939
17.0739
18.534
20.2827
22.1904
23.6378
24.622
26.597
29.4174
31.9074
36.2506
-906.799
-706.167
-372.215
-149.989
-69.8524
-51.7612
-48.5758
-55.6948
-61.2022
-61.8268
-58.8898
-54.047
-48.8365
-43.7517
-37.8354
-32.0766
-27.5259
-23.983
-19.7649
-11.3363
-5.25677
-0.0511748
5.17985
9.44357
13.292
15.8511
17.7317
19.3673
20.5455
21.3483
21.7054
21.7015
21.3142
20.6028
19.6477
18.0421
16.5602
15.1663
13.9265
12.9059
12.1573
11.7506
11.7333
12.0621
12.7266
13.5765
14.9795
17.0417
19.1404
22.742
-889.399
-609.18
-296.136
-109.446
-52.3758
-54.3646
-67.1044
-82.8499
-87.5497
-83.0439
-73.4312
-62.7679
-53.9988
-48.8333
-41.4371
-33.158
-26.0657
-16.9929
-8.46725
0.777313
8.40099
14.6902
20.307
24.62
27.9062
30.0824
31.5921
32.6578
33.6195
33.8536
33.7152
33.0649
31.8465
30.1077
27.6736
24.8478
22.0039
19.1884
16.4583
13.8868
11.5834
9.67634
8.19473
7.16958
6.79653
6.97464
7.75506
9.19364
10.9776
14.3167
-869.818
-563.018
-264.129
-92.0743
-44.5015
-61.7973
-91.4351
-112.625
-103.124
-90.8022
-75.364
-59.0154
-46.9092
-41.7988
-32.6837
-22.4212
-13.0179
-3.46081
5.37153
13.8086
21.0183
29.143
33.6257
36.6228
38.5889
39.735
40.4193
41.1724
41.5973
41.4707
41.1221
40.1993
38.6681
36.4267
32.8092
29.6277
26.3712
22.9961
19.5868
16.2539
13.1647
10.5184
8.25901
6.59005
5.65616
5.38604
5.71048
6.7456
8.40649
11.4512
-847.152
-539.201
-248.893
-84.188
-43.8197
-73.4532
-113.313
-128.329
-105.047
-85.9051
-59.8406
-36.3767
-22.1573
-21.1901
-14.6915
-6.09952
5.77864
13.9964
20.8343
27.0619
32.367
38.1154
40.1589
41.1877
41.6512
41.7665
42.0335
42.5338
42.7806
42.7339
42.6227
41.8957
40.6101
38.4539
35.3478
32.4213
29.2105
25.7172
22.0775
18.4425
15.0115
12.0904
9.49897
7.66874
6.4907
5.97806
6.02131
6.91722
8.56666
11.3688
-850.322
-536.899
-236.637
-80.3863
-46.8581
-84.5247
-124.46
-140.095
-91.3718
-65.379
-32.0794
-7.16531
4.75498
1.94441
5.47273
11.9371
22.1348
27.2088
30.9934
34.4212
37.273
38.6318
38.6016
38.1482
37.7297
37.4737
37.8423
38.5304
39.0612
39.5049
39.9818
39.7748
39.0745
37.3883
35.4283
33.0587
30.2336
26.9959
23.5174
19.9686
16.5602
13.5676
10.8559
9.10499
7.82003
7.17822
7.06842
7.99908
9.65132
12.2668
-846.219
-538.029
-230.111
-77.2912
-49.5369
-89.3574
-131.851
-139.152
-63.567
-38.5524
-2.83484
24.2111
33.1959
24.755
24.7573
28.3975
32.7706
33.8999
34.282
34.9428
35.3506
33.7623
32.4277
31.0823
30.3225
30.0382
30.925
31.953
33.0265
34.1169
35.3264
35.7545
35.7499
34.7034
33.7408
32.1328
29.9913
27.3477
24.3838
21.2654
18.1976
15.3352
12.6966
10.9546
9.58701
8.83857
8.61557
9.76606
11.4018
13.812
-842.318
-539.145
-228.63
-73.5143
-48.7555
-91.2858
-128.349
-124.26
-43.9355
-20.3817
16.028
42.2624
49.062
44.9609
39.8449
39.0482
37.121
34.1036
31.052
29.2301
27.3987
24.2501
22.3334
20.6771
19.8529
20.0418
21.5749
23.0935
24.8706
26.6885
28.7093
29.7985
30.4923
30.1508
30.0076
29.287
28.0934
26.4139
24.4102
22.2132
19.9986
17.7928
15.7717
14.1094
12.8581
12.1621
12.0301
13.1777
14.7619
17.0068
-851.965
-542.376
-241.713
-58.7414
-35.7518
-73.7151
-84.6314
-59.8735
-1.03913
18.4753
51.7475
63.883
60.5247
70.1433
58.3368
47.2529
35.252
25.8489
17.863
13.1868
8.82716
4.99864
3.65189
2.20854
2.53749
4.2646
7.06443
9.7708
12.8362
15.8866
18.0112
20.0592
21.6835
22.5988
23.5489
24.0039
24.1009
23.8046
23.2397
22.4806
21.6662
20.7387
19.9299
19.1024
18.5484
18.358
18.7276
19.7086
21.2909
23.6309
-845.39
-564.262
-156.143
60.2075
146.277
183.07
212.815
247.14
217.849
178.24
167.673
133.327
90.0074
66.7656
48.6751
27.3574
11.3254
-0.337198
-10.4896
-14.5372
-19.7237
-21.425
-21.1571
-20.1688
-17.7072
-13.6849
-9.57575
-5.27628
-0.867936
3.24718
6.59997
9.57514
11.9989
15.2228
17.1928
18.6388
19.8248
20.7358
21.4649
22.0401
22.5624
22.9507
23.3904
23.7172
24.1422
24.7223
25.7142
26.9433
28.655
31.1091
-835.979
-519.618
181.762
751.454
868.348
877.296
713.918
567.625
379.611
287.368
200.816
139.736
87.9096
67.9149
33.1162
8.07793
-6.8723
-18.634
-28.4805
-33.9448
-37.5305
-37.821
-36.3494
-34.0805
-29.5087
-24.3921
-19.5395
-13.9073
-9.00948
-4.58735
-0.822958
2.52771
5.44143
8.11296
10.6592
12.9364
15.0895
17.1199
19.0804
20.9702
22.838
24.6238
26.424
28.1502
29.8781
31.6469
33.577
35.6771
38.0361
40.9707
-774.007
301.828
1571.13
1980.13
1460.53
979.012
629.798
524.225
367.421
290.303
198.72
142.573
104.972
66.7845
31.9812
8.94403
-6.91414
-20.6806
-31.3929
-37.8663
-41.0619
-41.0227
-39.9865
-36.323
-32.0775
-27.853
-23.3562
-18.8868
-14.5881
-10.6048
-7.04167
-3.72971
-0.659613
2.36509
5.32733
8.19043
11.0639
13.9705
16.9083
19.8818
22.8831
25.8975
28.9329
31.9562
34.9695
37.9987
40.9772
44.174
47.4639
51.0777
-638.614
1946.92
2316.96
1395.82
787.222
620.052
377.787
310.588
244.201
202.282
163.007
131.01
107.758
75.288
45.8996
27.3206
6.02878
-9.94821
-21.0932
-28.1296
-31.4244
-32.6849
-32.0737
-30.2506
-28.7183
-25.8897
-22.8002
-19.6261
-16.465
-13.3709
-10.4074
-7.45932
-4.54006
-1.44213
1.68392
4.85918
8.20424
11.7295
15.3883
19.222
23.1543
27.236
31.3655
35.5589
39.7665
43.9666
48.0429
52.3454
56.5873
60.8873
74.9171
1526.37
1067.06
850.793
471.932
364.683
243.097
190.254
158.931
137.069
120.371
103.791
91.32
73.3584
52.1646
37.5455
19.0498
5.15069
-4.73978
-11.6485
-15.1831
-20.4047
-22.2588
-22.5188
-21.5856
-20.5171
-18.9578
-17.1525
-15.1442
-12.992
-10.7392
-8.31743
-5.74794
-2.82273
0.161752
3.34503
6.91096
10.753
14.8914
19.3837
24.0601
29.0698
34.1433
39.403
44.6949
49.9154
55.1559
60.3983
65.4121
70.227
63.9691
-100.099
-4.23514
49.4831
106.337
139.248
138.759
133.66
119.559
101.788
86.1667
69.6587
57.6813
41.9995
34.1877
27.4359
22.4813
17.9081
13.6691
9.63648
5.69315
2.82299
0.481634
-1.82234
-3.3398
-4.75756
-5.57844
-6.21378
-6.34622
-6.179
-5.58442
-4.58782
-3.09892
-0.980744
1.25639
3.90259
7.5378
11.4258
16.2989
21.8653
27.7818
34.4445
41.1101
48.2817
55.4048
62.2614
69.8095
75.9979
81.8037
86.9796
-21.406
-28.3147
-42.8784
-25.5997
-42.9542
-27.0884
0.431191
35.701
57.6036
83.4299
91.5807
110.668
110.397
129.386
123.74
122.317
115.407
114.034
105.436
100.743
97.3516
92.0714
83.3484
77.0826
70.3587
64.162
57.594
50.7431
44.3746
37.6482
31.9394
26.1896
22.4078
18.7768
18.2991
17.9427
20.7673
23.2478
29.0988
34.7047
42.7676
50.7164
59.4516
67.6494
77.7421
85.6848
95.2573
102.384
108.519
114.05
-3.21684
-6.67087
-10.1874
-13.0565
-16.9276
-14.1689
-8.95144
1.80319
10.3223
21.6239
25.5824
33.3677
38.3288
47.2953
56.3133
65.1998
70.9392
78.8489
83.3922
86.68
89.6288
92.0417
92.1196
92.1541
90.4435
88.2425
84.4547
79.6835
73.8931
67.1214
60.6543
53.3616
47.5758
41.1629
38.0411
34.4947
36.4093
36.7583
44.8921
47.1169
61.7515
66.5374
74.9229
87.5239
101.259
111.904
121.578
133.887
139.846
149.62
-0.80403
-1.82018
-2.80811
-4.01847
-5.66884
-5.39209
-5.1519
-2.72754
-1.49216
1.96236
7.44837
13.584
18.1314
23.3406
27.3268
31.1638
34.366
36.8323
39.0475
41.0078
42.2189
43.4009
43.9185
44.3561
44.1896
43.6925
42.6166
40.9898
38.966
36.3155
33.7094
30.5764
28.1123
25.0946
23.6439
21.6483
22.6176
22.7026
27.2959
29.8292
37.7396
45.0399
54.8188
62.8643
75.4904
82.473
99.8291
105.729
114.314
120.723
-0.231329
-0.499751
-0.916983
-1.17292
-1.84123
-1.89362
-2.04967
-1.53087
-1.31793
-0.539052
1.17762
3.09829
4.9982
6.58837
8.09558
9.46432
10.6915
11.4417
12.2144
12.8206
13.1978
13.5256
13.7099
13.8083
13.8021
13.6258
13.411
12.9367
12.5349
11.7883
11.3066
10.3574
9.94415
8.84147
8.60543
7.42531
7.57886
6.51167
7.27517
6.50635
8.05289
7.85282
11.2656
12.5666
19.0745
21.3537
29.4317
29.2119
33.1874
22.6278
-0.00531625
-0.00762143
-0.167962
-0.189519
-0.445327
-0.496073
-0.620366
-0.56469
-0.521948
-0.510067
-0.347194
-0.138851
0.164394
0.545068
0.938118
1.37012
1.7261
2.05863
2.29128
2.49058
2.60413
2.70895
2.75154
2.77733
2.767
2.70741
2.67709
2.54792
2.52356
2.32268
2.33939
2.03911
2.08719
1.59091
1.58127
0.75326
0.603101
-0.667606
-1.03867
-2.8419
-3.42482
-5.74955
-6.39651
-8.96478
-9.44692
-11.9773
-12.4986
-15.0557
-16.8033
-22.3303
0.20552
0.463196
0.469571
0.582582
0.496778
0.49315
0.295077
0.258023
-0.0189017
-0.163689
-0.39665
-0.530211
-0.743191
-0.858496
-1.09017
-1.27769
-1.55252
-1.76631
-2.11705
-2.40166
-2.81398
-3.12662
-3.55482
-3.85787
-4.26297
-4.51072
-4.80583
-4.92593
-5.06944
-5.06625
-5.07052
-5.04618
-5.0421
-5.25331
-5.51963
-6.35102
-7.20369
-9.08173
-10.8269
-14.1135
-16.8504
-21.6878
-25.2903
-31.7278
-36.0924
-44.1426
-49.1133
-58.6418
-64.2517
-78.2835
0.796479
1.10814
1.31861
1.63953
1.63195
1.6531
1.26175
1.00137
0.406176
0.199664
-0.522242
-0.678446
-1.51718
-1.57414
-2.74435
-3.65142
-4.70257
-5.55361
-6.79829
-7.68195
-8.88016
-9.63436
-10.6532
-11.1713
-11.8928
-12.042
-12.3048
-11.9563
-11.8713
-11.1554
-10.9275
-10.1701
-10.2537
-10.0762
-11.149
-12.2932
-15.0139
-18.1741
-22.9784
-28.5542
-35.4028
-43.4676
-51.884
-62.5166
-71.7803
-85.1016
-93.5221
-109.016
-116.924
-132.918
3.33352
3.30864
3.22045
3.50383
3.27263
2.95504
1.866
0.930481
-0.650093
-1.64352
-3.33432
-4.12683
-5.8886
-6.43511
-8.52926
-8.57345
-11.3464
-14.5965
-18.3052
-19.6392
-21.7554
-21.8085
-22.5764
-21.5049
-20.8561
-18.9086
-16.7546
-14.1251
-12.1049
-9.47681
-8.28088
-6.43316
-7.32986
-7.7491
-12.0393
-15.6448
-24.2064
-31.1946
-44.1087
-53.8396
-70.6004
-82.0211
-102.117
-113.488
-135.196
-145.985
-160.788
-179.566
-180.828
-163.444
-0.229223
0.353922
-0.0343276
-0.247176
-1.22186
-2.22535
-3.69413
-5.00544
-6.35573
-7.47558
-8.49098
-9.32815
-10.0333
-10.6307
-11.1409
-11.7838
-11.9715
-9.58589
-9.60234
-6.71191
-6.52617
-3.02872
-2.74975
1.34616
1.59216
6.3151
8.70508
9.89516
11.7347
13.8745
16.9248
19.9083
21.2127
24.3157
25.39
29.0592
30.1305
35.0485
36.5234
43.3974
45.6957
55.0232
58.6221
70.5325
75.9749
90.1052
97.6649
113.36
124.061
140.136
71.8013
88.5631
103.433
117.576
132.48
144.84
152.618
159.98
162.923
170.53
39.1748
47.1171
54.0082
62.5339
76.1954
80.6744
92.605
94.6717
101.291
98.0654
25.2781
32.3049
38.2582
49.1842
56.1065
67.4105
79.3426
87.0592
93.6569
95.9908
17.0054
24.0929
30.4815
42.1294
50.2139
64.6751
73.9119
87.9328
93.5488
100.129
14.4666
21.5204
27.9464
40.0735
48.5553
64.7299
74.0114
89.1152
95.2177
102.727
14.5892
21.4014
27.7454
40.1162
49.0877
66.1075
75.5696
90.6486
96.9121
104.303
15.5693
22.035
28.3366
40.8809
50.4086
67.6789
77.1311
91.8966
98.1037
105.126
17.1251
23.0633
29.691
42.4112
52.5402
69.6518
79.0567
93.045
99.1686
105.634
20.2925
26.1787
34.8351
47.4406
57.9318
73.4571
81.4887
94.6235
100.324
105.794
27.152
33.864
41.1186
53.1519
63.4162
77.5018
84.8838
96.6067
101.465
105.678
34.7119
41.6965
50.4664
61.5891
71.2279
83.3091
89.2791
98.9168
102.645
105.452
45.0878
52.3757
60.917
70.8769
79.9028
89.9602
94.5971
101.674
104.045
105.074
55.7675
63.1705
71.3148
80.1636
88.8536
97.0905
100.649
104.87
105.806
104.354
66.0854
73.3817
81.0866
89.0515
97.7921
104.393
107.231
108.196
107.877
103.376
75.8172
82.7843
90.1664
97.6067
106.777
111.668
113.379
111.667
110.029
102.096
93.043
99.1907
106.399
113.781
119.257
120.428
119.396
114.318
110.727
98.6282
119.824
124.66
128.999
133.617
132.077
126.52
122.29
112.322
107.148
91.6874
156.773
161.702
161.797
159.197
151.821
139.241
127.418
109.197
100.563
83.4424
138.823
141.617
142.599
135.469
123.524
117.922
103.527
93.9782
85.0782
70.2115
24.7909
28.8334
20.4927
31.3852
34.4739
41.2611
41.2463
45.1695
45.0958
44.3224
-22.8995
-23.3607
-24.6828
-23.9827
-27.5254
-18.7297
-19.2438
0.230668
1.55479
27.566
-78.7926
-79.6284
-80.1756
-75.1071
-68.8068
-51.9316
-40.8453
-6.28233
-0.0162424
50.5447
-133.606
-130.964
-120.141
-111.154
-83.1345
-62.823
-16.1207
11.2912
47.9545
121.771
-196.659
-165.913
-136.183
-118.727
-66.0319
-26.8142
75.3972
112.457
163.503
281.407
161.857
173.425
205.009
210.383
237.205
230.5
235.608
216.803
208.025
144.626
)
;

boundaryField
{
    inlet
    {
        type            calculated;
        value           uniform 0;
    }
    outlet
    {
        type            calculated;
        value           nonuniform List<scalar> 
25
(
170.53
98.0654
95.9908
100.129
102.727
104.303
105.126
105.634
105.794
105.678
105.452
105.074
104.354
103.376
102.096
98.6282
91.6874
83.4424
70.2115
44.3224
27.566
50.5447
121.771
281.407
144.626
)
;
    }
    upperWall
    {
        type            calculated;
        value           nonuniform List<scalar> 
68
(
-0.0272062
0.0397027
-0.0543213
0.0754134
-0.0989807
0.115134
-0.150803
0.00199198
-0.229223
0.353922
-0.0343276
-0.247176
-1.22186
-2.22535
-3.69413
-5.00544
-6.35573
-7.47558
-8.49098
-9.32815
-10.0333
-10.6307
-11.1409
-11.7838
-11.9715
-9.58589
-9.60234
-6.71191
-6.52617
-3.02872
-2.74975
1.34616
1.59216
6.3151
8.70508
9.89516
11.7347
13.8745
16.9248
19.9083
21.2127
24.3157
25.39
29.0592
30.1305
35.0485
36.5234
43.3974
45.6957
55.0232
58.6221
70.5325
75.9749
90.1052
97.6649
113.36
124.061
140.136
161.857
173.425
205.009
210.383
237.205
230.5
235.608
216.803
208.025
144.626
)
;
    }
    lowerWall
    {
        type            calculated;
        value           nonuniform List<scalar> 
83
(
0.0128876
-0.0194609
0.0265389
-0.0376947
0.0499153
-0.0590941
0.0688281
-0.00899696
-1151.4
-1023.15
-906.799
-889.399
-869.818
-847.152
-850.322
-846.219
-842.318
-851.965
-845.39
-835.979
-774.007
-638.614
74.9171
-1151.4
-1073.21
-829.888
-610.438
-469.277
-383.977
-327.916
-289.531
-260.854
-238.525
-220.083
-204.502
-190.975
-177.293
-162.923
-149.317
-136.636
-125.71
-118.093
-104.817
-94.8048
-83.5728
-73.6505
-59.832
-50.8191
-43.6055
-39.1062
-27.6585
-23.6092
-14.7405
-9.71292
-3.59955
1.33064
6.29306
10.9043
15.0236
18.7791
22.3507
25.9026
29.5283
33.2031
36.9031
40.4422
42.4919
38.0829
32.0196
33.7839
40.1137
43.6278
53.9282
71.8013
88.5631
103.433
117.576
132.48
144.84
152.618
159.98
162.923
170.53
)
;
    }
    frontAndBack
    {
        type            empty;
    }
}


// ************************************************************************* //
