/*--------------------------------*- C++ -*----------------------------------*\
| =========                 |                                                 |
| \\      /  F ield         | OpenFOAM: The Open Source CFD Toolbox           |
|  \\    /   O peration     | Version:  2112                                  |
|   \\  /    A nd           | Website:  www.openfoam.com                      |
|    \\/     M anipulation  |                                                 |
\*---------------------------------------------------------------------------*/
FoamFile
{
    version     2.0;
    format      ascii;
    arch        "LSB;label=32;scalar=64";
    class       volScalarField;
    location    "0.068";
    object      s;
}
// * * * * * * * * * * * * * * * * * * * * * * * * * * * * * * * * * * * * * //

dimensions      [0 0 0 0 0 0 0];

internalField   nonuniform List<scalar> 
12225
(
1
1
1
1
1
1
1
1
1
1
1
1
1
1
1
1
1
1
1
1
1
1
1
1
1
1
1
1
1
1
1
1
1
1
1
1
1
1
1
1
1
1
1
1
1
1
1
1
1
1
1
1
1
1
1
1
1
1
1
1
1
1
1
1
1
1
1
1
1
1
1
1
1
1
1
1
1
1
1
1
1
1
1
1
1
1
1
1
1
1
1
1
1
1
1
1
1
1
1
1
1
1
1
1
1
1
1
1
1
1
1
1
1
1
1
1
1
1
1
1
1
1
1
1
1
1
1
1
1
1
1
1
1
1
1
1
1
1
1
1
1
1
1
1
1
1
1
1
1
1
1
1
1
1
1
1
1
1
1
1
1
1
1
1
1
1
1
1
1
1
1
1
1
1
1
1
1
1
1
1
1
1
1
1
1
1
1
1
1
1
1
1
1
1
1
1
1
1
1
1
1
1
1
1
1
1
1
1
1
1
1
1
1
1
1
1
1
1
1
1
1
1
1
1
1
1
1
1
1
1
1
1
1
1
1
1
1
1
1
1
1
1
1
1
1
1
1
1
1
1
1
1
1
1
1
1
1
1
1
1
1
1
1
1
1
1
1
1
1
1
1
1
1
1
1
1
1
1
1
1
1
1
1
1
1
1
1
1
1
1
1
1
1
1
1
1
1
1
1
1
1
1
1
1
1
1
1
1
1
1
1
1
1
1
1
1
1
1
1
1
1
1
1
1
1
1
1
1
1
1
1
1
1
1
1
1
1
1
1
1
1
1
1
1
1
1
1
1
1
1
1
1
1
1
1
1
1
1
1
1
1
1
1
1
1
1
1
1
1
1
1
1
1
1
1
1
1
1
1
1
1
1
1
1
1
1
1
1
1
1
1
1
1
1
1
1
1
1
1
1
1
1
1
1
1
1
1
1
1
1
1
1
1
1
1
1
1
1
1
1
1
1
1
1
1
1
1
1
1
1
1
1
1
1
1
1
1
1
1
1
1
1
1
1
1
1
1
1
1
1
1
1
1
1
1
1
1
1
1
1
1
1
1
1
1
1
1
1
1
1
1
1
1
1
1
1
1
1
1
1
1
1
1
1
1
1
1
1
1
1
1
1
1
1
1
1
1
1
1
1
1
1
1
1
1
1
1
1
1
1
1
1
1
1
1
1
1
1
1
1
1
1
1
1
1
1
1
1
1
1
1
1
1
1
1
1
1
1
1
1
0.700513
0.756425
0.766672
0.766124
0.76575
0.763522
0.756697
0.749893
0.745525
0.742232
0.739134
0.736805
0.735346
0.733889
0.732663
0.731898
0.731545
0.731534
0.731748
0.732436
0.733576
0.736247
0.740445
0.749728
0.765391
0.771564
0.747011
0.682255
0.677522
0.675735
0.670512
0.668339
0.669511
0.672168
0.679432
0.696479
0.702763
0.71526
0.77309
0.869093
0.888092
0.89364
0.89597
0.896295
0.895976
0.894546
0.891587
0.887038
0.881253
0.874861
0.868466
0.862316
0.856404
0.850832
0.84594
0.841799
0.837816
0.833143
0.828064
0.823077
0.818636
0.814306
0.810226
0.806756
0.803502
0.800127
0.796952
0.793765
0.790689
0.787883
0.784848
0.781869
0.778479
0.775389
0.773113
0.771588
0.770713
0.769292
0.768662
0.768353
0.768393
0.769112
0.769054
0.759122
0.735893
0.732954
0.74334
0.745478
0.747013
0.767629
0.777928
0.805965
0.822842
0.828171
0.833045
0.837696
0.840356
0.840869
0.839924
0.836243
0.830103
0.823806
0.818881
0.81668
0.816154
0.816124
0.816461
0.817614
0.8199
0.823252
0.827218
0.831136
0.832643
0.832881
0.832798
0.832197
0.830739
0.828809
0.827525
0.826831
0.826595
0.826715
0.828233
0.82996
0.831751
0.833736
0.835041
0.835847
0.835682
0.834416
0.831607
0.827621
0.823816
0.822068
0.821624
0.822264
0.825015
0.828947
0.833317
0.838354
0.844157
0.850288
0.855837
0.859933
0.862629
0.864168
0.864849
0.865015
0.864973
0.864579
0.862927
0.859159
0.856242
0.854748
0.854393
0.854588
0.856279
0.863246
0.881702
0.903421
0.918371
0.926699
0.933966
0.939477
0.94091
0.939601
0.938033
0.937921
0.933939
0.912914
0.881947
0.874325
0.870042
0.850155
0.768801
0.524022
0.325192
0.307008
0.473961
0.627979
0.68159
0.713475
0.758913
0.765135
0.760168
0.74493
0.735884
0.730383
0.729745
0.731033
0.733749
0.735171
0.739461
0.74082
0.740124
0.737892
0.733148
0.723087
0.717427
0.710396
0.701724
0.698971
0.700251
0.705677
0.720286
0.75228
0.753838
0.748264
0.731808
0.70641
0.688214
0.669752
0.668158
0.671653
0.672991
0.696472
0.743569
0.82846
0.864726
0.894677
0.90735
0.917292
0.921714
0.923777
0.924399
0.924125
0.92148
0.917642
0.914678
0.910903
0.906289
0.902595
0.898119
0.892863
0.888516
0.884137
0.880583
0.878987
0.877689
0.875816
0.873928
0.871903
0.869709
0.867737
0.864499
0.859211
0.852777
0.844341
0.834305
0.822564
0.809733
0.797785
0.785763
0.778891
0.775985
0.773684
0.770592
0.766869
0.762385
0.75926
0.760403
0.765771
0.765358
0.746459
0.726227
0.72894
0.750767
0.76738
0.794573
0.820889
0.828594
0.835149
0.840714
0.842292
0.842557
0.841552
0.838349
0.835239
0.830674
0.820513
0.812197
0.809461
0.808627
0.808836
0.812033
0.817676
0.822389
0.826718
0.834233
0.842018
0.843765
0.843588
0.840332
0.831728
0.818595
0.802988
0.788084
0.779422
0.774094
0.771645
0.771072
0.772651
0.77884
0.786754
0.797014
0.807267
0.817708
0.830466
0.843741
0.855301
0.862368
0.866185
0.865131
0.852688
0.833379
0.817544
0.808538
0.804156
0.802518
0.802304
0.802851
0.805295
0.810543
0.817899
0.826744
0.835954
0.844272
0.850406
0.853696
0.854623
0.854573
0.853829
0.85337
0.853501
0.854263
0.856652
0.865365
0.892698
0.923289
0.946024
0.957278
0.960253
0.960098
0.959651
0.959627
0.959748
0.960217
0.961448
0.960983
0.950742
0.912517
0.8856
0.877134
0.873327
0.85615
0.764522
0.629631
0.613582
0.720493
0.870573
0.728585
0.779513
0.783245
0.775226
0.749673
0.734098
0.735055
0.745682
0.774534
0.812019
0.836396
0.854354
0.866831
0.87135
0.870797
0.86789
0.860456
0.850859
0.830352
0.792443
0.75359
0.716404
0.684892
0.675659
0.677114
0.689835
0.72829
0.743019
0.742742
0.739573
0.72855
0.693146
0.683449
0.705559
0.740643
0.815182
0.862664
0.907245
0.924608
0.937444
0.942823
0.945207
0.945813
0.944926
0.941989
0.940072
0.937388
0.935012
0.933738
0.933046
0.932945
0.932996
0.933164
0.933359
0.933564
0.933819
0.934096
0.934206
0.934121
0.933382
0.932297
0.93079
0.928462
0.925504
0.921545
0.916238
0.909515
0.900615
0.888938
0.873235
0.85236
0.826853
0.804272
0.790426
0.783791
0.780151
0.777004
0.771954
0.761778
0.758036
0.759472
0.761817
0.75556
0.746531
0.75489
0.802064
0.820769
0.82652
0.837378
0.849941
0.852749
0.85327
0.852734
0.849354
0.84238
0.835255
0.828881
0.818889
0.80701
0.802292
0.801049
0.801117
0.804166
0.810441
0.816476
0.826145
0.842718
0.851787
0.853339
0.851315
0.840013
0.824084
0.797885
0.757399
0.739496
0.732109
0.729528
0.728701
0.7285
0.72906
0.731817
0.737094
0.745264
0.758137
0.772203
0.776198
0.775005
0.775743
0.779986
0.791876
0.815544
0.847855
0.882448
0.902297
0.907725
0.902417
0.874956
0.846429
0.829003
0.819675
0.815243
0.812901
0.810767
0.808736
0.807597
0.807455
0.80804
0.811179
0.817967
0.823837
0.827772
0.830195
0.833044
0.838813
0.852979
0.885153
0.918319
0.942725
0.955194
0.959063
0.958622
0.956622
0.955887
0.956419
0.958276
0.959114
0.959293
0.959628
0.960846
0.960155
0.953051
0.924858
0.892754
0.881798
0.879156
0.868579
0.832851
0.82642
0.867491
0.918401
0.795214
0.793955
0.786206
0.745862
0.727705
0.735836
0.775517
0.866225
0.903395
0.917048
0.917196
0.915139
0.910398
0.907765
0.905223
0.900717
0.896238
0.893597
0.888726
0.877741
0.84941
0.76674
0.687917
0.649864
0.642924
0.647732
0.674978
0.716633
0.735951
0.736903
0.716546
0.702039
0.740653
0.799726
0.859723
0.903376
0.926859
0.943119
0.949122
0.951623
0.952087
0.950843
0.948268
0.945757
0.942392
0.940556
0.939457
0.939122
0.939071
0.939277
0.940029
0.941031
0.941938
0.942989
0.944299
0.945419
0.946391
0.947202
0.947536
0.947653
0.94756
0.946575
0.944569
0.941935
0.938493
0.934052
0.928294
0.920593
0.910429
0.896244
0.876565
0.850045
0.81816
0.795533
0.785762
0.781103
0.778371
0.774079
0.764656
0.760125
0.759485
0.758151
0.754372
0.757865
0.792621
0.830928
0.841809
0.848629
0.86079
0.865087
0.865608
0.864813
0.860819
0.851968
0.839502
0.825739
0.81302
0.8012
0.796689
0.795628
0.795881
0.799289
0.806758
0.817198
0.832264
0.852086
0.860232
0.861331
0.857337
0.843316
0.817137
0.765441
0.737752
0.728272
0.725214
0.724401
0.724207
0.724136
0.724178
0.724763
0.726569
0.73107
0.740519
0.758142
0.790616
0.82421
0.817824
0.792976
0.77835
0.768895
0.765222
0.767173
0.783684
0.84021
0.899773
0.927518
0.933037
0.927316
0.898482
0.869787
0.854195
0.847599
0.846259
0.847056
0.849093
0.849053
0.84604
0.840135
0.838203
0.838244
0.83927
0.842624
0.852224
0.880611
0.915911
0.941088
0.954964
0.960748
0.961828
0.959753
0.955705
0.952944
0.951902
0.952828
0.95735
0.960583
0.961282
0.961108
0.960835
0.960798
0.959871
0.953705
0.928917
0.896304
0.885678
0.88427
0.883237
0.88611
0.907344
0.924343
0.796462
0.791446
0.765593
0.725783
0.732732
0.796124
0.896155
0.926401
0.928589
0.926391
0.920363
0.907473
0.896083
0.888154
0.883129
0.881033
0.881748
0.883463
0.883086
0.877221
0.849334
0.75685
0.666327
0.616932
0.602432
0.602906
0.629929
0.701544
0.730552
0.722133
0.710205
0.757124
0.824704
0.889487
0.921095
0.940902
0.949478
0.95298
0.953666
0.953054
0.951317
0.948147
0.943682
0.941465
0.940247
0.939882
0.939846
0.940336
0.94114
0.942134
0.943806
0.945735
0.947502
0.949468
0.951577
0.953412
0.955068
0.956546
0.95733
0.957679
0.957786
0.957613
0.956373
0.954074
0.951236
0.947523
0.942603
0.937005
0.930988
0.923202
0.911831
0.891669
0.859031
0.818072
0.793837
0.784158
0.779884
0.777524
0.773305
0.764042
0.757469
0.756158
0.757095
0.769307
0.806692
0.844389
0.856577
0.863086
0.871197
0.873996
0.87431
0.87333
0.868881
0.858394
0.841846
0.822605
0.802803
0.794858
0.792886
0.792758
0.794633
0.800853
0.813464
0.835879
0.860769
0.868077
0.869003
0.865114
0.851342
0.823089
0.766906
0.736977
0.728786
0.726845
0.726311
0.726116
0.725098
0.724042
0.723886
0.723922
0.724602
0.726989
0.733909
0.750761
0.789767
0.85816
0.899481
0.899583
0.873286
0.84154
0.81136
0.780711
0.760736
0.759847
0.78663
0.872798
0.928331
0.944803
0.944
0.923917
0.885494
0.865349
0.859212
0.859435
0.866418
0.888796
0.905466
0.913993
0.918883
0.922499
0.926991
0.936639
0.950561
0.963431
0.970739
0.972048
0.971583
0.969205
0.962988
0.957747
0.951951
0.947286
0.946067
0.947755
0.955251
0.961815
0.964248
0.964442
0.963706
0.962315
0.961718
0.960158
0.952965
0.924896
0.896208
0.889389
0.891132
0.901979
0.916624
0.923742
0.795361
0.780655
0.744093
0.721467
0.75619
0.877761
0.929968
0.934068
0.928967
0.913298
0.891317
0.86907
0.851802
0.840119
0.83546
0.836598
0.841525
0.850427
0.855264
0.850553
0.807066
0.689561
0.604179
0.572627
0.571295
0.588947
0.643865
0.707869
0.71664
0.718577
0.747434
0.840393
0.901888
0.932326
0.946138
0.952081
0.953779
0.953904
0.952404
0.949027
0.944531
0.942025
0.941045
0.94073
0.940692
0.941452
0.943161
0.945843
0.949629
0.953358
0.956236
0.959246
0.961127
0.962843
0.964096
0.965075
0.965663
0.96622
0.966461
0.966571
0.966596
0.966426
0.965857
0.964993
0.963702
0.961779
0.958841
0.954666
0.948971
0.942878
0.934978
0.924367
0.907231
0.871314
0.819177
0.793532
0.782383
0.777666
0.774811
0.767813
0.758847
0.757207
0.758969
0.770262
0.79959
0.846318
0.865811
0.873228
0.877317
0.878892
0.879194
0.87878
0.876037
0.867928
0.851612
0.82786
0.804448
0.79448
0.792153
0.792155
0.794995
0.804785
0.826707
0.859907
0.87371
0.875955
0.873749
0.862789
0.837866
0.78741
0.745023
0.733446
0.731326
0.732909
0.736837
0.737526
0.732398
0.72676
0.724986
0.72432
0.724268
0.725436
0.728511
0.736568
0.765642
0.851097
0.911794
0.939343
0.941485
0.933055
0.9124
0.883693
0.824694
0.768047
0.755324
0.768496
0.847766
0.925586
0.952359
0.954561
0.942261
0.902262
0.878271
0.872001
0.873308
0.886529
0.917356
0.940444
0.956896
0.969111
0.97825
0.984413
0.987617
0.988554
0.988415
0.986917
0.981146
0.97039
0.962065
0.954215
0.947008
0.943852
0.943867
0.946319
0.954827
0.963341
0.967399
0.968137
0.967736
0.965206
0.963101
0.962147
0.959625
0.948691
0.914463
0.895651
0.894478
0.903531
0.917354
0.91981
0.790553
0.759352
0.730655
0.719224
0.7801
0.911175
0.938442
0.933767
0.90851
0.887829
0.865573
0.842686
0.828134
0.818501
0.811293
0.811543
0.815552
0.822317
0.819335
0.773149
0.658702
0.58251
0.55818
0.560263
0.574756
0.617466
0.685577
0.711909
0.719556
0.74674
0.84617
0.907866
0.936877
0.948939
0.953234
0.954284
0.953432
0.951532
0.94627
0.943758
0.942603
0.942164
0.942111
0.943601
0.946481
0.951728
0.955852
0.959985
0.962884
0.964349
0.96594
0.966709
0.967476
0.967859
0.968302
0.96855
0.968889
0.96916
0.969357
0.969433
0.969449
0.969327
0.969057
0.968692
0.968054
0.967166
0.965624
0.963279
0.959467
0.953364
0.946089
0.940039
0.933336
0.918952
0.889293
0.830579
0.796849
0.782345
0.776324
0.773318
0.768878
0.764155
0.763824
0.768449
0.789003
0.839649
0.870009
0.877622
0.880395
0.881346
0.881573
0.881485
0.880304
0.875866
0.864814
0.843434
0.812824
0.796277
0.792476
0.792276
0.795626
0.808932
0.839346
0.871129
0.879659
0.880312
0.875576
0.859515
0.822656
0.764018
0.740661
0.736127
0.738541
0.75364
0.760753
0.762194
0.755557
0.738424
0.730491
0.726753
0.725542
0.725393
0.727512
0.732079
0.747084
0.809763
0.902866
0.943393
0.958186
0.957163
0.944031
0.914
0.891734
0.840959
0.77394
0.756012
0.766571
0.842583
0.927107
0.956703
0.959297
0.947065
0.910731
0.892345
0.889232
0.892669
0.912853
0.942766
0.963996
0.978335
0.987162
0.991779
0.993587
0.993906
0.993598
0.991473
0.982591
0.969861
0.959904
0.950598
0.944489
0.943014
0.943436
0.946807
0.957473
0.966701
0.971489
0.972572
0.972406
0.970676
0.965645
0.963586
0.962081
0.957313
0.935502
0.905601
0.898296
0.903827
0.916276
0.912453
0.780282
0.726153
0.717239
0.715581
0.789592
0.923565
0.940706
0.924181
0.893859
0.875831
0.840861
0.82324
0.811583
0.800912
0.790681
0.787049
0.786831
0.78091
0.730201
0.624816
0.564865
0.551481
0.55774
0.575793
0.620033
0.672294
0.701277
0.720687
0.749315
0.839726
0.91112
0.939184
0.950586
0.954271
0.955015
0.953503
0.950154
0.946291
0.944648
0.944008
0.943885
0.945735
0.949957
0.955203
0.95991
0.962756
0.965061
0.966528
0.967419
0.968006
0.968569
0.968844
0.969227
0.969433
0.969756
0.969953
0.970238
0.970458
0.970687
0.970894
0.971181
0.971498
0.971619
0.971542
0.971041
0.97037
0.96922
0.968024
0.966335
0.963793
0.959824
0.953667
0.945882
0.941016
0.931205
0.908301
0.857999
0.809783
0.789538
0.779847
0.775515
0.774165
0.774774
0.78323
0.810211
0.856311
0.874982
0.879849
0.881533
0.882285
0.882532
0.882546
0.882132
0.88016
0.874263
0.860406
0.834489
0.803815
0.79436
0.793175
0.79621
0.810889
0.843062
0.873716
0.88176
0.882086
0.875833
0.85433
0.808847
0.756519
0.741753
0.740779
0.753184
0.774114
0.781295
0.783611
0.781305
0.765367
0.741682
0.731605
0.727931
0.727172
0.727496
0.730906
0.740935
0.776757
0.869456
0.935326
0.961549
0.967025
0.95927
0.925523
0.894846
0.877309
0.828813
0.771394
0.759083
0.774189
0.859955
0.936957
0.960883
0.961173
0.943812
0.916674
0.908002
0.908133
0.915853
0.941694
0.964686
0.979573
0.988331
0.992694
0.994272
0.994483
0.994087
0.99151
0.981522
0.968399
0.957435
0.948261
0.94364
0.943035
0.944185
0.950857
0.964189
0.971725
0.974051
0.974381
0.974226
0.973399
0.969324
0.96497
0.963474
0.96089
0.9505
0.917582
0.902378
0.904718
0.912562
0.902337
0.76169
0.687215
0.693318
0.708161
0.791608
0.928882
0.941275
0.917844
0.886361
0.859336
0.830173
0.816378
0.8025
0.782195
0.764029
0.751571
0.739473
0.704726
0.619438
0.562559
0.549128
0.554635
0.582595
0.626616
0.664563
0.692791
0.719123
0.753624
0.839629
0.910782
0.940333
0.951616
0.955314
0.956053
0.954424
0.950694
0.947583
0.94621
0.945673
0.946762
0.95059
0.956195
0.960271
0.963335
0.965093
0.96648
0.967411
0.968152
0.968571
0.969124
0.969521
0.969865
0.970291
0.97053
0.970734
0.970819
0.970862
0.970885
0.970987
0.971243
0.971642
0.972307
0.973054
0.973673
0.974169
0.974432
0.974033
0.972744
0.970703
0.968446
0.966256
0.963451
0.95925
0.953223
0.948097
0.94256
0.928296
0.898844
0.849094
0.826376
0.817426
0.815126
0.81791
0.835028
0.859381
0.872333
0.877275
0.879283
0.880879
0.88227
0.882677
0.882779
0.882721
0.882002
0.879195
0.871573
0.855324
0.827181
0.801541
0.79638
0.797925
0.809561
0.837591
0.870466
0.881647
0.882861
0.877107
0.854731
0.801605
0.754735
0.743625
0.745135
0.763129
0.784212
0.791075
0.793438
0.791494
0.779275
0.751528
0.735182
0.729929
0.728736
0.729195
0.73083
0.739263
0.767045
0.844777
0.917118
0.959398
0.974388
0.976197
0.959788
0.898285
0.875432
0.856969
0.803117
0.766668
0.764637
0.795088
0.89463
0.951752
0.965657
0.962603
0.943069
0.929946
0.927823
0.929947
0.943532
0.965755
0.980442
0.988845
0.992825
0.994122
0.994206
0.993554
0.990169
0.97925
0.966772
0.955556
0.947043
0.943877
0.944007
0.946734
0.958419
0.970347
0.9743
0.974926
0.974807
0.974441
0.973684
0.970622
0.96549
0.963465
0.962061
0.956898
0.93216
0.906881
0.905387
0.906141
0.890102
0.732145
0.645588
0.654143
0.696275
0.785596
0.930757
0.941201
0.915062
0.879969
0.852586
0.826916
0.813984
0.793805
0.767445
0.742875
0.715617
0.683648
0.634489
0.574658
0.554044
0.550727
0.567058
0.61196
0.655479
0.685324
0.717645
0.761791
0.841172
0.910961
0.940986
0.952676
0.956445
0.957179
0.95598
0.952497
0.949414
0.948077
0.947726
0.94971
0.95515
0.959764
0.962774
0.964787
0.9666
0.967521
0.968761
0.969428
0.970245
0.970674
0.971249
0.971497
0.971643
0.971682
0.971614
0.97142
0.971267
0.970996
0.970819
0.970718
0.970683
0.970692
0.97096
0.971663
0.972568
0.973926
0.975303
0.97604
0.976393
0.976492
0.975181
0.972284
0.968722
0.966053
0.963066
0.958827
0.954344
0.951334
0.943493
0.928722
0.900407
0.871319
0.859655
0.856075
0.856447
0.866315
0.868741
0.86902
0.868994
0.874309
0.880413
0.881967
0.882497
0.882737
0.882667
0.881698
0.877705
0.868311
0.850622
0.823336
0.806041
0.804948
0.810192
0.828099
0.860068
0.879637
0.882953
0.879046
0.857167
0.804941
0.756009
0.744151
0.744607
0.76102
0.786156
0.795088
0.797978
0.794957
0.785221
0.756409
0.736848
0.73096
0.729791
0.73037
0.732504
0.739165
0.764385
0.838242
0.911307
0.957282
0.981327
0.985594
0.978866
0.92086
0.862702
0.852489
0.827536
0.780568
0.766868
0.775269
0.840479
0.929619
0.966071
0.972406
0.968627
0.957733
0.953338
0.953156
0.95673
0.970855
0.983589
0.990462
0.993501
0.994366
0.994335
0.993391
0.989019
0.977248
0.965171
0.954133
0.946796
0.945216
0.946164
0.952274
0.967838
0.974173
0.975211
0.975067
0.973853
0.972211
0.971757
0.970481
0.965567
0.963003
0.961943
0.959369
0.945027
0.913554
0.905571
0.897711
0.878969
0.693118
0.60766
0.600993
0.683698
0.789227
0.929264
0.941235
0.915566
0.877424
0.850743
0.828579
0.815877
0.790176
0.761435
0.732698
0.696349
0.654933
0.607125
0.572555
0.5611
0.562608
0.59249
0.640762
0.681466
0.721334
0.776114
0.846683
0.911345
0.941463
0.953693
0.957869
0.958817
0.958541
0.955345
0.951798
0.950334
0.95016
0.952895
0.958437
0.961892
0.964413
0.966435
0.967865
0.969344
0.970163
0.971284
0.97179
0.972227
0.972411
0.972477
0.972411
0.972183
0.971958
0.971639
0.971387
0.971154
0.970841
0.970664
0.970524
0.970454
0.970403
0.970254
0.970041
0.969917
0.969859
0.970832
0.972784
0.975427
0.977226
0.978044
0.978344
0.977168
0.973289
0.968625
0.965565
0.962453
0.958869
0.956707
0.952933
0.946767
0.933638
0.907306
0.884801
0.86976
0.862845
0.859889
0.855533
0.851814
0.851041
0.866832
0.875738
0.879211
0.881509
0.882395
0.88224
0.881063
0.876972
0.867108
0.848447
0.824486
0.814756
0.815793
0.823323
0.841746
0.872348
0.881464
0.879548
0.861916
0.812959
0.760311
0.745064
0.743774
0.754062
0.780175
0.792185
0.796512
0.794397
0.785622
0.757404
0.737224
0.731536
0.73104
0.73177
0.734408
0.741708
0.765258
0.838074
0.911699
0.960441
0.984393
0.98923
0.983706
0.935927
0.848063
0.834321
0.826779
0.794361
0.771197
0.772068
0.804326
0.89969
0.957955
0.979609
0.984622
0.984509
0.981112
0.97838
0.978439
0.98144
0.988898
0.993321
0.995208
0.995679
0.995547
0.994327
0.989339
0.977247
0.964766
0.95355
0.947818
0.947684
0.950515
0.963899
0.974045
0.975693
0.975301
0.973531
0.970604
0.969103
0.968552
0.968016
0.965301
0.961674
0.961082
0.95997
0.952946
0.925345
0.903672
0.888714
0.873054
0.655003
0.578308
0.569387
0.670374
0.78038
0.926204
0.941583
0.918241
0.882854
0.858647
0.838603
0.82594
0.802159
0.775347
0.747376
0.70854
0.664137
0.624043
0.602945
0.597364
0.60651
0.65541
0.698227
0.739136
0.795662
0.85265
0.912876
0.9423
0.955027
0.959709
0.960941
0.961007
0.958828
0.954836
0.953079
0.95304
0.955579
0.959995
0.963884
0.965941
0.967414
0.969011
0.970319
0.971503
0.972119
0.972561
0.972709
0.972741
0.972581
0.972378
0.971949
0.971238
0.970399
0.969459
0.968703
0.968276
0.968124
0.968609
0.969159
0.970237
0.970801
0.971144
0.971303
0.970519
0.969474
0.968566
0.968202
0.968018
0.970367
0.974504
0.978338
0.979798
0.980261
0.978812
0.973984
0.968683
0.965075
0.961887
0.95984
0.958482
0.956686
0.954149
0.949322
0.937954
0.917853
0.892566
0.875039
0.859
0.846761
0.845714
0.851101
0.859716
0.871188
0.878157
0.881056
0.881107
0.880252
0.877077
0.869171
0.851126
0.829235
0.82284
0.824604
0.830819
0.851833
0.875329
0.878374
0.869836
0.829471
0.770091
0.747648
0.742397
0.745117
0.760055
0.780992
0.785802
0.782274
0.770052
0.743518
0.733685
0.731737
0.732298
0.73395
0.737312
0.745764
0.773936
0.85524
0.927573
0.968848
0.987748
0.991413
0.985892
0.941123
0.841217
0.812781
0.811489
0.798145
0.775021
0.772907
0.790365
0.870788
0.94449
0.97778
0.990293
0.993765
0.993912
0.992626
0.991892
0.992215
0.994156
0.996365
0.997368
0.997589
0.997387
0.996071
0.991081
0.978574
0.964798
0.953792
0.950891
0.952119
0.961295
0.97439
0.976714
0.975958
0.972436
0.969436
0.96887
0.968378
0.967922
0.967354
0.965616
0.961141
0.959797
0.959434
0.956117
0.936789
0.905295
0.882487
0.869668
0.634247
0.556785
0.559194
0.648065
0.780119
0.923974
0.945138
0.929023
0.892255
0.867132
0.849531
0.838849
0.819946
0.79975
0.780689
0.753289
0.722101
0.700696
0.691467
0.689337
0.70576
0.742479
0.774641
0.81843
0.868936
0.911259
0.943462
0.956325
0.961532
0.963197
0.963484
0.962482
0.958831
0.956218
0.956043
0.957611
0.960883
0.964672
0.967153
0.968478
0.969631
0.970906
0.971913
0.972536
0.972786
0.972865
0.972798
0.972592
0.972027
0.97096
0.969006
0.966046
0.96215
0.958387
0.9564
0.95557
0.955547
0.95731
0.959988
0.96403
0.967942
0.970868
0.972191
0.97278
0.973065
0.971728
0.969373
0.96696
0.965725
0.965132
0.967783
0.974478
0.980002
0.981866
0.98215
0.980468
0.975953
0.970709
0.965898
0.962756
0.961132
0.960358
0.95971
0.95954
0.959204
0.956876
0.951084
0.941202
0.922669
0.886866
0.852868
0.839366
0.839988
0.851501
0.866936
0.876399
0.878876
0.878603
0.876918
0.871596
0.859407
0.838161
0.830166
0.831328
0.836719
0.85717
0.873439
0.870765
0.851588
0.790704
0.75511
0.743648
0.741656
0.743725
0.752509
0.758165
0.754944
0.74438
0.735181
0.732595
0.732891
0.734705
0.737333
0.741488
0.751512
0.785092
0.876458
0.946671
0.979662
0.992544
0.994301
0.9885
0.944507
0.841445
0.796072
0.793964
0.790199
0.77533
0.773225
0.785374
0.852413
0.932446
0.972668
0.989597
0.995749
0.99736
0.997447
0.997315
0.997383
0.997925
0.998751
0.999131
0.99919
0.999015
0.997984
0.994263
0.982066
0.965185
0.956892
0.956893
0.962026
0.976179
0.978719
0.97738
0.971894
0.968141
0.968111
0.968563
0.968776
0.968601
0.967967
0.966414
0.961759
0.959042
0.958613
0.957103
0.946038
0.910398
0.881791
0.868275
0.622647
0.550059
0.554063
0.62501
0.776985
0.919141
0.946892
0.936169
0.906472
0.881438
0.863371
0.854341
0.840773
0.826005
0.81635
0.801775
0.784071
0.774877
0.771354
0.773856
0.792347
0.816918
0.84612
0.880569
0.91666
0.944309
0.957671
0.963209
0.965213
0.965667
0.965293
0.963211
0.960336
0.959699
0.960154
0.961755
0.964629
0.967508
0.969028
0.969919
0.970854
0.971846
0.97255
0.972829
0.972895
0.972856
0.972581
0.971749
0.969821
0.965984
0.95903
0.952125
0.947364
0.944909
0.943637
0.943218
0.94428
0.94627
0.949271
0.953359
0.959155
0.965154
0.969961
0.972632
0.973753
0.974139
0.974102
0.972844
0.969069
0.964783
0.962513
0.961869
0.966892
0.976215
0.981726
0.983439
0.983376
0.982273
0.979813
0.975825
0.970843
0.966016
0.962419
0.960932
0.960588
0.961638
0.963981
0.96653
0.967589
0.965854
0.95215
0.908209
0.85647
0.823315
0.817796
0.831184
0.858719
0.87189
0.875104
0.874644
0.872246
0.865983
0.850139
0.837372
0.837461
0.841262
0.857397
0.866405
0.860516
0.829687
0.773907
0.750202
0.742814
0.739463
0.73944
0.738854
0.737388
0.734717
0.73285
0.732978
0.734886
0.739658
0.742933
0.747595
0.76017
0.80497
0.896529
0.956944
0.986059
0.996102
0.997538
0.993056
0.956256
0.849244
0.791074
0.778908
0.777179
0.772022
0.772077
0.783379
0.844449
0.925151
0.968338
0.987803
0.995542
0.998209
0.998936
0.99909
0.999198
0.999443
0.99966
0.999753
0.999757
0.999655
0.999072
0.996562
0.985344
0.969547
0.966873
0.969814
0.98062
0.981876
0.979738
0.971346
0.966628
0.966833
0.967952
0.970547
0.971609
0.97147
0.970735
0.968974
0.963586
0.959204
0.958105
0.957161
0.950848
0.91914
0.883084
0.868367
0.616859
0.54811
0.548588
0.603584
0.763322
0.913609
0.949772
0.945996
0.923162
0.899635
0.879021
0.869802
0.860076
0.849332
0.844708
0.840424
0.835852
0.833491
0.832643
0.837117
0.85376
0.87377
0.89675
0.923544
0.945689
0.959449
0.965342
0.967756
0.968515
0.968591
0.96772
0.964789
0.962641
0.962525
0.96305
0.964298
0.966491
0.968815
0.969954
0.970543
0.971118
0.971919
0.972611
0.972839
0.972871
0.972644
0.971621
0.968666
0.962819
0.954673
0.94822
0.943601
0.941146
0.93991
0.939425
0.939662
0.940672
0.942793
0.94626
0.950459
0.956581
0.963063
0.968318
0.971632
0.973354
0.974137
0.974509
0.974569
0.974335
0.972888
0.967628
0.96135
0.958738
0.959477
0.967288
0.976776
0.981628
0.983149
0.983346
0.982729
0.981545
0.979843
0.976454
0.970661
0.964156
0.960063
0.958992
0.960417
0.965798
0.971168
0.973715
0.973776
0.967897
0.939333
0.872539
0.828338
0.819239
0.822254
0.839969
0.862587
0.869085
0.868867
0.866412
0.859507
0.844739
0.842375
0.844417
0.852698
0.855023
0.847171
0.817984
0.772051
0.751404
0.742892
0.739383
0.736611
0.735017
0.734057
0.734516
0.736738
0.743113
0.747676
0.750073
0.755106
0.772492
0.837793
0.92471
0.972083
0.991467
0.997843
0.998975
0.997307
0.97481
0.871797
0.793084
0.771253
0.76785
0.76792
0.769784
0.78379
0.846934
0.924277
0.966867
0.986869
0.995199
0.998307
0.999309
0.999599
0.999731
0.999831
0.999895
0.999919
0.999916
0.999857
0.999502
0.997459
0.988694
0.984219
0.985145
0.98821
0.987237
0.982876
0.969761
0.964437
0.964935
0.966996
0.971907
0.974058
0.974012
0.973474
0.972937
0.971812
0.967689
0.960354
0.958113
0.957191
0.953396
0.92964
0.886531
0.869098
0.615792
0.547612
0.546158
0.589028
0.730571
0.906494
0.952501
0.953255
0.93941
0.920622
0.899425
0.886772
0.880351
0.869965
0.865262
0.864236
0.864633
0.870353
0.878899
0.884939
0.896182
0.913484
0.930255
0.948524
0.961444
0.967555
0.970348
0.971444
0.971731
0.971723
0.971179
0.969198
0.966616
0.965454
0.965344
0.965836
0.967062
0.968934
0.970083
0.970613
0.971059
0.971753
0.972488
0.972759
0.972741
0.971759
0.969125
0.964313
0.957598
0.951008
0.945787
0.942167
0.940155
0.938966
0.938535
0.938742
0.939627
0.941673
0.945511
0.950102
0.956578
0.963717
0.969075
0.971965
0.973342
0.973984
0.974213
0.974439
0.974526
0.974493
0.974145
0.972195
0.964578
0.957455
0.955555
0.957018
0.963547
0.970491
0.975483
0.978385
0.979974
0.980865
0.981441
0.981365
0.98002
0.974141
0.964179
0.957061
0.955161
0.957698
0.967588
0.975209
0.978353
0.978567
0.974733
0.954002
0.890384
0.843231
0.826511
0.826318
0.831679
0.850725
0.861204
0.861331
0.859339
0.852962
0.846653
0.846635
0.846492
0.84478
0.836938
0.815732
0.783225
0.761628
0.750358
0.744916
0.741536
0.741723
0.743643
0.749915
0.756482
0.756667
0.757744
0.76413
0.793316
0.88035
0.953923
0.985311
0.995945
0.999031
0.999588
0.998944
0.988312
0.906858
0.802822
0.77085
0.76552
0.765658
0.769132
0.787573
0.856868
0.928738
0.968465
0.98737
0.995353
0.99839
0.999437
0.999772
0.999888
0.999939
0.999962
0.999968
0.999962
0.999914
0.999685
0.998409
0.996515
0.995761
0.99464
0.991788
0.983766
0.966919
0.961787
0.962424
0.965346
0.972771
0.975482
0.975573
0.974637
0.973097
0.97278
0.972308
0.970742
0.963637
0.958659
0.957383
0.954775
0.939665
0.89404
0.871032
0.615684
0.548083
0.545442
0.579589
0.704807
0.900316
0.954148
0.958093
0.951272
0.939693
0.924794
0.904157
0.896799
0.892249
0.884909
0.881
0.880515
0.883486
0.893781
0.906356
0.91783
0.931454
0.944494
0.956419
0.965967
0.970271
0.972377
0.973359
0.973723
0.973789
0.973636
0.972893
0.971312
0.969693
0.968628
0.968218
0.968251
0.969071
0.970008
0.970545
0.97085
0.971197
0.97189
0.972326
0.972235
0.971441
0.969354
0.964852
0.958329
0.952099
0.947032
0.943406
0.941254
0.939964
0.939924
0.940361
0.941671
0.944439
0.949459
0.956412
0.965018
0.970747
0.972958
0.973668
0.973853
0.97401
0.973951
0.973817
0.973829
0.974018
0.974183
0.974279
0.974099
0.971542
0.961604
0.954206
0.952033
0.952088
0.953626
0.956332
0.959894
0.964321
0.969629
0.975639
0.980867
0.982946
0.98232
0.974031
0.958898
0.951533
0.950495
0.95639
0.970176
0.97881
0.981929
0.981854
0.97725
0.953553
0.890665
0.849083
0.829356
0.826047
0.829047
0.841554
0.852962
0.853233
0.852255
0.849571
0.846739
0.844504
0.840732
0.832758
0.814263
0.792134
0.776852
0.764958
0.759306
0.759878
0.765326
0.769052
0.765901
0.763308
0.765051
0.778389
0.834906
0.929384
0.97637
0.993308
0.998267
0.999603
0.999846
0.999588
0.994612
0.943304
0.824111
0.77538
0.765638
0.765638
0.771246
0.799345
0.87708
0.938025
0.972226
0.988797
0.995868
0.998577
0.999527
0.999838
0.999938
0.999973
0.999983
0.999984
0.999972
0.999919
0.99974
0.999178
0.998473
0.99695
0.992608
0.979779
0.964036
0.959191
0.959711
0.962794
0.972093
0.976353
0.976881
0.976223
0.97274
0.969597
0.969736
0.970828
0.970594
0.967487
0.959952
0.957798
0.955708
0.946179
0.906871
0.875159
0.616411
0.551531
0.547193
0.577888
0.689154
0.887714
0.955318
0.961698
0.958301
0.951327
0.945546
0.929423
0.912064
0.905595
0.902525
0.899036
0.896385
0.896011
0.89922
0.908808
0.920909
0.933309
0.94555
0.956323
0.965709
0.970251
0.972457
0.973616
0.974212
0.974487
0.974572
0.974406
0.97387
0.972945
0.971834
0.970992
0.970557
0.970067
0.97024
0.970556
0.970806
0.97096
0.971225
0.97148
0.971468
0.971197
0.970152
0.967369
0.961323
0.955413
0.95044
0.946874
0.944331
0.943177
0.943375
0.944298
0.946387
0.950873
0.957036
0.965569
0.970868
0.973086
0.973733
0.973839
0.973748
0.97348
0.973099
0.97283
0.972691
0.972761
0.973008
0.973413
0.974203
0.974843
0.974729
0.971229
0.960573
0.953022
0.950287
0.94989
0.950677
0.952686
0.955477
0.959128
0.964899
0.974375
0.982563
0.984295
0.98103
0.963847
0.949875
0.945444
0.946064
0.956941
0.973965
0.9829
0.985127
0.983828
0.975158
0.9431
0.879575
0.845289
0.827989
0.823424
0.825498
0.833951
0.8448
0.846913
0.846403
0.844907
0.843014
0.839955
0.833357
0.818472
0.804726
0.793675
0.78878
0.787943
0.784869
0.7768
0.768452
0.768309
0.775348
0.808251
0.899995
0.966551
0.98992
0.997178
0.999278
0.999838
0.999943
0.999847
0.997809
0.971433
0.861047
0.788915
0.770294
0.769494
0.779492
0.827738
0.901217
0.949889
0.977229
0.990679
0.996526
0.998796
0.999602
0.99987
0.999956
0.999984
0.99999
0.999988
0.999967
0.999876
0.99961
0.998928
0.99686
0.990581
0.973304
0.960807
0.956931
0.957264
0.959928
0.969551
0.976334
0.977811
0.97745
0.975391
0.967499
0.962666
0.962895
0.965976
0.969121
0.968301
0.962665
0.958572
0.95656
0.950417
0.920412
0.88288
0.621741
0.559978
0.553553
0.580005
0.684113
0.87759
0.955944
0.965041
0.962916
0.957892
0.955745
0.949643
0.936769
0.921537
0.913239
0.910218
0.909062
0.908651
0.908963
0.912624
0.920585
0.931296
0.943419
0.954179
0.963449
0.969069
0.971832
0.973294
0.974087
0.974486
0.974672
0.974687
0.974562
0.974245
0.973623
0.972907
0.972355
0.971997
0.971511
0.971163
0.971046
0.971045
0.971138
0.971222
0.971218
0.971116
0.970701
0.969622
0.966899
0.962722
0.957817
0.954516
0.951184
0.95058
0.951076
0.952661
0.955566
0.96076
0.967125
0.971299
0.973274
0.97389
0.973887
0.97366
0.972958
0.972311
0.972076
0.972015
0.972069
0.97233
0.972774
0.973068
0.973533
0.974626
0.975724
0.976144
0.975773
0.972827
0.964651
0.958079
0.954806
0.954359
0.955441
0.957813
0.960213
0.963504
0.970087
0.981033
0.984872
0.982753
0.965956
0.94874
0.941784
0.940541
0.943856
0.961317
0.979321
0.986496
0.986994
0.983421
0.96952
0.927037
0.86821
0.839414
0.825151
0.819668
0.820778
0.825404
0.835645
0.839789
0.839972
0.83909
0.836807
0.831601
0.822604
0.815616
0.805899
0.798988
0.788035
0.775668
0.77307
0.777625
0.801243
0.877203
0.956306
0.986057
0.995902
0.998882
0.999718
0.999937
0.999979
0.999948
0.999244
0.989424
0.912322
0.817998
0.785814
0.783222
0.800497
0.863997
0.923752
0.961102
0.982021
0.992496
0.997156
0.999001
0.999665
0.99989
0.999965
0.999988
0.999992
0.999986
0.999935
0.999701
0.998952
0.996614
0.989245
0.969471
0.958676
0.955171
0.95512
0.956912
0.965291
0.975085
0.978292
0.978456
0.977276
0.972147
0.960667
0.955245
0.955266
0.957526
0.965358
0.967239
0.964816
0.959566
0.957471
0.95315
0.935454
0.893109
0.631375
0.5739
0.566802
0.59316
0.69856
0.882413
0.958141
0.968766
0.96797
0.962565
0.960921
0.959502
0.95475
0.945165
0.933737
0.924746
0.918827
0.916586
0.916223
0.917429
0.921452
0.928565
0.937183
0.946693
0.956129
0.964131
0.969161
0.971703
0.973145
0.973964
0.974389
0.974552
0.974517
0.974368
0.974051
0.973587
0.973145
0.972859
0.972636
0.972431
0.972118
0.971745
0.971442
0.971342
0.971272
0.971167
0.970915
0.970387
0.96934
0.967256
0.964787
0.962646
0.96043
0.960298
0.960757
0.962016
0.96474
0.968524
0.971706
0.97348
0.974057
0.974033
0.973677
0.972562
0.972171
0.972007
0.972034
0.972087
0.972232
0.97258
0.973013
0.973352
0.97376
0.974548
0.975697
0.976805
0.977385
0.977524
0.977398
0.976372
0.973589
0.971055
0.969544
0.968445
0.966799
0.965283
0.966175
0.970855
0.981401
0.985462
0.983
0.964566
0.946609
0.938688
0.936605
0.937581
0.947758
0.972122
0.985505
0.988539
0.987419
0.980339
0.960033
0.909276
0.858933
0.833806
0.822557
0.815268
0.814774
0.816266
0.820631
0.826683
0.827028
0.825816
0.822371
0.814044
0.80514
0.792934
0.781345
0.777405
0.781429
0.801742
0.864956
0.950196
0.983378
0.994864
0.99852
0.999601
0.999899
0.999977
0.999993
0.999983
0.999759
0.996536
0.962732
0.865628
0.818895
0.812883
0.833919
0.895457
0.942069
0.970402
0.986123
0.99409
0.997717
0.999184
0.999722
0.999908
0.999971
0.99999
0.999992
0.999976
0.999841
0.999227
0.997183
0.990611
0.971042
0.958579
0.954252
0.953574
0.954507
0.959464
0.971784
0.977772
0.97913
0.97875
0.975861
0.966135
0.956305
0.950958
0.950431
0.951587
0.958419
0.965036
0.964723
0.960922
0.958358
0.95512
0.944462
0.909563
0.638805
0.592576
0.587578
0.616551
0.721423
0.890085
0.960119
0.972129
0.972571
0.967312
0.963722
0.962888
0.961804
0.957947
0.950038
0.941877
0.934737
0.929095
0.925384
0.923967
0.924879
0.928718
0.93486
0.940846
0.946787
0.95266
0.959535
0.965391
0.969348
0.971651
0.972959
0.973654
0.973943
0.974003
0.973878
0.973582
0.973229
0.972999
0.972868
0.972797
0.972745
0.972651
0.972454
0.972165
0.971785
0.971545
0.971323
0.970926
0.97056
0.969715
0.968938
0.967758
0.966873
0.966928
0.967338
0.968286
0.970143
0.972238
0.973694
0.974237
0.974216
0.973795
0.972438
0.972051
0.972214
0.972687
0.973244
0.973555
0.974018
0.974324
0.974507
0.974792
0.975385
0.975929
0.976483
0.977223
0.977957
0.978389
0.978681
0.979068
0.979374
0.979429
0.979335
0.978922
0.977947
0.975435
0.971496
0.970434
0.972947
0.983122
0.986877
0.98376
0.964256
0.945739
0.936832
0.934129
0.934451
0.94055
0.964527
0.983291
0.989336
0.989469
0.986347
0.975295
0.94834
0.898638
0.85616
0.831125
0.819472
0.812867
0.80887
0.805491
0.803227
0.801198
0.798432
0.792361
0.788621
0.781991
0.782283
0.788416
0.810918
0.873066
0.95105
0.982935
0.994482
0.99832
0.999518
0.99987
0.999967
0.999992
0.999997
0.999994
0.999926
0.998938
0.988345
0.925745
0.868845
0.8572
0.872223
0.920583
0.956639
0.977918
0.989549
0.995467
0.998215
0.999354
0.999778
0.999926
0.999977
0.999991
0.99999
0.999951
0.999637
0.998272
0.993791
0.978094
0.961525
0.954496
0.952668
0.952907
0.955297
0.965212
0.975186
0.97909
0.979516
0.978508
0.972633
0.961161
0.953757
0.94919
0.947962
0.948418
0.952302
0.961885
0.96389
0.961885
0.958992
0.956537
0.95007
0.926296
0.647472
0.617145
0.616275
0.65289
0.758931
0.904338
0.963675
0.97592
0.977229
0.974687
0.967935
0.965515
0.964642
0.963577
0.96041
0.954919
0.949292
0.944018
0.939502
0.936389
0.933909
0.932301
0.935479
0.940212
0.944285
0.947783
0.951146
0.954717
0.958617
0.963099
0.967322
0.970413
0.971945
0.972689
0.973034
0.973087
0.972975
0.972836
0.972769
0.972754
0.972772
0.972818
0.972859
0.972832
0.972749
0.972581
0.97237
0.972129
0.971982
0.97162
0.971406
0.970889
0.970714
0.970813
0.971122
0.97178
0.972881
0.973907
0.974378
0.97439
0.974
0.972346
0.971788
0.97209
0.973894
0.975968
0.977081
0.977717
0.978105
0.978038
0.977763
0.977493
0.977379
0.977372
0.977587
0.97808
0.97849
0.978713
0.978908
0.979379
0.979995
0.980284
0.980269
0.979861
0.978885
0.977542
0.974349
0.971943
0.971719
0.975352
0.986079
0.989579
0.987538
0.97304
0.952491
0.939039
0.933675
0.933366
0.937697
0.959472
0.981118
0.989711
0.991089
0.989968
0.983973
0.970016
0.944641
0.902689
0.862154
0.837496
0.821776
0.811468
0.805732
0.798686
0.794993
0.790664
0.791214
0.79554
0.807978
0.83753
0.905533
0.961245
0.985592
0.995047
0.998394
0.999506
0.999856
0.999961
0.99999
0.999998
0.999999
0.999998
0.999977
0.999688
0.996607
0.973504
0.922222
0.904792
0.910066
0.940723
0.968316
0.984024
0.992429
0.996674
0.998669
0.999513
0.999832
0.999944
0.999983
0.999992
0.999987
0.9999
0.999278
0.996782
0.988202
0.969175
0.957246
0.952693
0.951962
0.952701
0.95752
0.970305
0.977702
0.979742
0.979661
0.977624
0.968389
0.957798
0.952321
0.948687
0.946889
0.946896
0.948791
0.957722
0.962428
0.9619
0.959509
0.957572
0.953475
0.939256
0.663864
0.647494
0.652895
0.698475
0.80283
0.920694
0.965776
0.977936
0.980348
0.980246
0.977454
0.971992
0.969093
0.96804
0.967113
0.963771
0.959115
0.954254
0.949665
0.946058
0.943788
0.94242
0.940709
0.942532
0.945422
0.948039
0.95022
0.951988
0.953622
0.955526
0.95789
0.961328
0.965362
0.96916
0.970957
0.971811
0.972185
0.972259
0.97226
0.972304
0.972457
0.972663
0.972816
0.972899
0.972968
0.973009
0.973017
0.972987
0.972942
0.972864
0.972811
0.972727
0.972747
0.972849
0.973059
0.973474
0.974064
0.97444
0.974497
0.974235
0.972589
0.971479
0.971527
0.972605
0.976234
0.980438
0.982764
0.983341
0.983269
0.98287
0.981692
0.979844
0.978311
0.977599
0.977571
0.977968
0.978441
0.978629
0.978756
0.979078
0.979866
0.980257
0.980234
0.979316
0.976522
0.975324
0.973553
0.971747
0.971064
0.971736
0.979633
0.989895
0.993335
0.993258
0.988858
0.969962
0.946736
0.935652
0.933915
0.937318
0.957477
0.979869
0.989892
0.992721
0.992471
0.990356
0.982909
0.970505
0.950623
0.924986
0.895046
0.865542
0.849132
0.834274
0.830048
0.832724
0.841825
0.862038
0.898413
0.94799
0.976359
0.990287
0.996336
0.998707
0.999567
0.999862
0.999959
0.999988
0.999997
0.999999
1
0.999999
0.999992
0.999907
0.999043
0.992583
0.9647
0.943736
0.942305
0.955853
0.97657
0.98833
0.994493
0.997565
0.999013
0.999635
0.999873
0.999958
0.999987
0.999992
0.999979
0.999822
0.99883
0.995053
0.981984
0.964103
0.954847
0.951756
0.951602
0.953168
0.961803
0.973947
0.979092
0.979972
0.979551
0.975926
0.96417
0.955809
0.951863
0.948754
0.946664
0.94627
0.947135
0.953849
0.960792
0.961419
0.959867
0.958178
0.955552
0.947103
0.684594
0.678368
0.688658
0.723122
0.799364
0.903769
0.959207
0.975817
0.980989
0.982158
0.982101
0.980472
0.977066
0.973048
0.971446
0.969498
0.965944
0.962069
0.958603
0.95609
0.954762
0.953914
0.952656
0.951627
0.952584
0.953902
0.954841
0.955415
0.955142
0.955434
0.955972
0.957084
0.958685
0.961336
0.965534
0.968954
0.970569
0.971307
0.971617
0.971713
0.971771
0.971969
0.972314
0.972657
0.972867
0.972997
0.973102
0.973192
0.973255
0.973334
0.973398
0.973462
0.973591
0.973706
0.973842
0.974152
0.974436
0.974507
0.97437
0.973121
0.971405
0.971108
0.971356
0.972641
0.976127
0.980976
0.985395
0.987328
0.987575
0.98718
0.985207
0.981953
0.97929
0.977425
0.9765
0.976484
0.976927
0.977094
0.977123
0.97737
0.978558
0.97944
0.979419
0.977841
0.970669
0.967445
0.967736
0.968616
0.969071
0.969773
0.974022
0.986391
0.993643
0.996361
0.996747
0.995376
0.985087
0.955156
0.938721
0.93549
0.938507
0.95774
0.97973
0.990142
0.994075
0.99462
0.993957
0.991721
0.986206
0.977169
0.968863
0.956971
0.949593
0.938689
0.939004
0.94276
0.951998
0.966184
0.979484
0.989099
0.994825
0.997768
0.999111
0.999668
0.999883
0.999961
0.999988
0.999996
0.999999
1
1
1
0.999997
0.999971
0.999722
0.997937
0.988648
0.972215
0.966886
0.969915
0.982423
0.991384
0.995956
0.998206
0.999267
0.999727
0.999906
0.99997
0.99999
0.999991
0.999968
0.999738
0.998457
0.992967
0.975469
0.960941
0.953644
0.951299
0.951394
0.954256
0.966285
0.976618
0.979728
0.980006
0.97909
0.973325
0.960845
0.954728
0.952108
0.949934
0.947296
0.946329
0.946618
0.950887
0.958909
0.960687
0.959912
0.958586
0.956843
0.951629
0.709702
0.719335
0.736636
0.744519
0.770981
0.833785
0.918504
0.960457
0.974555
0.979152
0.980155
0.980139
0.980331
0.977829
0.974606
0.972833
0.970534
0.968001
0.966214
0.965573
0.966112
0.967387
0.969448
0.971715
0.972879
0.972989
0.97148
0.969664
0.966739
0.963183
0.959849
0.958193
0.958428
0.959015
0.960236
0.96269
0.966826
0.969368
0.970531
0.971076
0.971317
0.971403
0.971542
0.971832
0.972218
0.972647
0.972928
0.973116
0.973241
0.973362
0.973483
0.973627
0.973769
0.973874
0.974072
0.974317
0.974405
0.974354
0.97373
0.971584
0.970885
0.970825
0.970922
0.971487
0.973352
0.979291
0.985502
0.989807
0.991449
0.991425
0.990295
0.986429
0.981801
0.978079
0.975686
0.974536
0.97407
0.973331
0.972495
0.972558
0.974462
0.97678
0.977076
0.975622
0.966276
0.957272
0.956685
0.960161
0.963636
0.96599
0.970889
0.982948
0.991963
0.996281
0.9977
0.997795
0.996686
0.987685
0.957459
0.940304
0.937162
0.94047
0.959741
0.980384
0.990539
0.994996
0.996403
0.996446
0.995937
0.994694
0.992012
0.989325
0.987739
0.986474
0.986756
0.98784
0.990209
0.993114
0.995725
0.997625
0.998805
0.99945
0.999766
0.999907
0.999965
0.999988
0.999996
0.999999
1
1
1
1
0.999999
0.99999
0.999914
0.999394
0.996789
0.989778
0.984628
0.984083
0.987962
0.994106
0.997263
0.998785
0.999502
0.999816
0.999937
0.99998
0.999992
0.999991
0.999955
0.999665
0.997953
0.989569
0.971215
0.959439
0.952864
0.950851
0.951246
0.95596
0.970298
0.97818
0.979925
0.979809
0.978183
0.970098
0.95874
0.95433
0.953269
0.952321
0.949615
0.947024
0.946878
0.949426
0.957245
0.959895
0.959728
0.958713
0.957565
0.954252
0.728262
0.801855
0.834936
0.818487
0.800804
0.810279
0.847724
0.908407
0.941205
0.954962
0.963634
0.969362
0.97552
0.978374
0.97724
0.974584
0.973068
0.971887
0.97134
0.971791
0.973229
0.975028
0.977009
0.978326
0.979533
0.982354
0.984735
0.985421
0.984853
0.981195
0.974852
0.966735
0.961997
0.960071
0.960182
0.96068
0.961964
0.964852
0.96822
0.96984
0.970622
0.970967
0.97116
0.971252
0.971429
0.971685
0.972127
0.972596
0.972925
0.973171
0.97337
0.973564
0.973711
0.973861
0.974093
0.97422
0.974211
0.973936
0.972112
0.970738
0.970592
0.970261
0.968733
0.967835
0.969473
0.977251
0.984875
0.990432
0.994129
0.995751
0.995758
0.993771
0.987298
0.981245
0.976812
0.974493
0.973505
0.972052
0.969697
0.96787
0.967976
0.971299
0.972424
0.971509
0.964326
0.953375
0.949239
0.949786
0.954245
0.95885
0.967674
0.980426
0.990203
0.995448
0.997478
0.997874
0.997678
0.995771
0.982587
0.952928
0.939789
0.938104
0.942642
0.96305
0.98156
0.991153
0.995519
0.997485
0.998098
0.998175
0.99812
0.997912
0.997611
0.997454
0.997517
0.997727
0.998131
0.998606
0.999061
0.99943
0.999688
0.999845
0.99993
0.99997
0.999988
0.999996
0.999999
1
1
1
1
1
1
0.999997
0.999972
0.999809
0.999013
0.996578
0.994101
0.993164
0.993665
0.996311
0.998298
0.999239
0.999686
0.999884
0.999962
0.999988
0.999994
0.99999
0.99994
0.999571
0.997276
0.985441
0.968729
0.958747
0.952357
0.950397
0.951127
0.958203
0.973015
0.979111
0.979918
0.97932
0.976874
0.967289
0.95739
0.954872
0.955072
0.954793
0.953397
0.949139
0.947675
0.949332
0.956095
0.959228
0.959353
0.958789
0.958014
0.955837
0.74104
0.775847
0.795552
0.837339
0.936111
0.90043
0.8324
0.838012
0.889061
0.921147
0.948003
0.964501
0.974392
0.978272
0.977704
0.97655
0.974758
0.973993
0.974059
0.974961
0.976093
0.976996
0.977577
0.976793
0.973586
0.969943
0.970707
0.977007
0.984781
0.987985
0.98759
0.984299
0.975096
0.966374
0.962301
0.961261
0.961448
0.962145
0.963725
0.967069
0.969204
0.970186
0.970697
0.970933
0.971058
0.97114
0.971337
0.971605
0.971955
0.972342
0.972749
0.973098
0.973367
0.973673
0.973858
0.973863
0.97373
0.972576
0.970688
0.970335
0.970054
0.968095
0.96322
0.962758
0.967652
0.977336
0.984771
0.990437
0.994486
0.996853
0.997585
0.997383
0.995118
0.988205
0.981427
0.976808
0.974526
0.972656
0.970153
0.967465
0.965577
0.965251
0.96579
0.964786
0.959902
0.952169
0.947366
0.945996
0.946548
0.950468
0.96315
0.977738
0.988543
0.994483
0.996678
0.997064
0.996998
0.996368
0.992271
0.970804
0.946747
0.938637
0.938541
0.94582
0.967521
0.983145
0.991813
0.996006
0.997952
0.998847
0.999223
0.999394
0.999499
0.99956
0.999584
0.999605
0.999636
0.999692
0.999764
0.999841
0.999906
0.999951
0.999976
0.99999
0.999996
0.999998
0.999999
1
1
1
1
1
1
0.999999
0.99999
0.999937
0.999678
0.998843
0.997883
0.997442
0.997538
0.998395
0.999227
0.999637
0.999845
0.999943
0.999982
0.999994
0.999995
0.999989
0.999924
0.999465
0.99647
0.982021
0.967543
0.95855
0.951761
0.949811
0.951028
0.960818
0.975157
0.979612
0.979606
0.978355
0.97524
0.964949
0.956758
0.955632
0.957254
0.957743
0.956799
0.952852
0.949583
0.95012
0.955497
0.958739
0.958999
0.958708
0.95833
0.957192
0.987149
0.96883
0.914005
0.88895
0.898998
0.907644
0.937187
0.971211
0.97533
0.969087
0.969511
0.977695
0.989693
0.991313
0.9862
0.977149
0.975172
0.974886
0.975273
0.976294
0.976845
0.976982
0.975037
0.963051
0.951186
0.946585
0.946833
0.950635
0.962211
0.979001
0.987801
0.989123
0.987468
0.980992
0.970159
0.964531
0.962382
0.962334
0.962654
0.963641
0.965901
0.968491
0.969773
0.970406
0.970712
0.970874
0.971002
0.97111
0.971267
0.971458
0.971628
0.971954
0.972525
0.972913
0.972953
0.972871
0.972383
0.970599
0.969997
0.969861
0.968973
0.962524
0.957908
0.959356
0.968246
0.977877
0.985068
0.990577
0.994603
0.997153
0.998336
0.998532
0.998247
0.996634
0.990569
0.983128
0.978461
0.976137
0.974141
0.970707
0.966341
0.962748
0.959968
0.957848
0.955501
0.951559
0.947273
0.944902
0.944568
0.94599
0.955862
0.97407
0.986723
0.993495
0.995779
0.995827
0.994914
0.9942
0.992611
0.983726
0.957243
0.941653
0.937781
0.939093
0.950857
0.971646
0.984889
0.992369
0.996259
0.998167
0.999088
0.99952
0.999721
0.999823
0.999878
0.999903
0.999916
0.999926
0.999938
0.999955
0.999972
0.999985
0.999992
0.999997
0.999999
0.999999
1
1
1
1
1
1
1
1
0.999997
0.999981
0.999903
0.99964
0.999307
0.999133
0.999145
0.999404
0.999708
0.999861
0.99994
0.999978
0.999993
0.999997
0.999997
0.999986
0.999904
0.999335
0.995569
0.979218
0.967045
0.95856
0.95118
0.949248
0.951121
0.963721
0.977108
0.979789
0.978997
0.976634
0.973472
0.963358
0.956529
0.956407
0.959702
0.961198
0.960357
0.95636
0.952234
0.952023
0.955632
0.958433
0.958709
0.958566
0.95869
0.958403
0.999735
0.998981
0.996433
0.992215
0.980649
0.977885
0.979408
0.983362
0.988597
0.992648
0.995228
0.997361
0.998897
0.999481
0.999227
0.992495
0.978828
0.975728
0.975772
0.976597
0.976806
0.97511
0.961337
0.946425
0.941742
0.942358
0.944554
0.947374
0.951783
0.962653
0.979411
0.988861
0.990673
0.989589
0.984041
0.974536
0.967081
0.963935
0.963153
0.963313
0.963867
0.965109
0.967298
0.969103
0.969963
0.97043
0.970691
0.970837
0.970937
0.971036
0.971188
0.971483
0.971754
0.971823
0.971795
0.971612
0.970476
0.969583
0.969558
0.969414
0.96623
0.95609
0.953862
0.957146
0.969091
0.979251
0.986273
0.991242
0.994889
0.997327
0.998655
0.999141
0.99918
0.99898
0.998065
0.993352
0.986659
0.983969
0.982869
0.980235
0.971748
0.963301
0.957998
0.955747
0.954661
0.952845
0.948837
0.945139
0.944103
0.944663
0.950241
0.96913
0.984355
0.992484
0.995352
0.99542
0.992576
0.990176
0.989302
0.986143
0.969596
0.94764
0.938549
0.937356
0.94053
0.957143
0.975675
0.986877
0.993193
0.996571
0.998309
0.999179
0.999606
0.999808
0.999899
0.999941
0.999964
0.999976
0.999982
0.999988
0.999992
0.999996
0.999998
0.999999
1
1
1
1
1
1
1
1
1
1
0.999999
0.999995
0.999975
0.999907
0.999807
0.999746
0.999742
0.999802
0.9999
0.999952
0.999979
0.999992
0.999997
0.999998
0.999997
0.999983
0.99988
0.999171
0.994535
0.97711
0.967037
0.958844
0.950668
0.948694
0.951496
0.966897
0.978436
0.979721
0.97735
0.974487
0.971865
0.962256
0.956557
0.957604
0.962547
0.963662
0.962886
0.959104
0.954836
0.95418
0.956156
0.958267
0.958458
0.958432
0.958677
0.959488
0.999995
0.999973
0.999882
0.999661
0.998943
0.998336
0.998393
0.998749
0.999101
0.999419
0.999639
0.999789
0.999912
0.999949
0.999795
0.996348
0.982302
0.976532
0.976055
0.97645
0.975523
0.966465
0.949314
0.940905
0.940369
0.944517
0.94931
0.950831
0.952152
0.95689
0.971339
0.984899
0.991636
0.992702
0.991717
0.985728
0.978168
0.970314
0.965956
0.964219
0.964131
0.964367
0.965
0.966304
0.967829
0.969216
0.969945
0.970316
0.970549
0.970732
0.970926
0.971071
0.971091
0.971048
0.970881
0.970158
0.969193
0.969083
0.969222
0.968574
0.960764
0.951228
0.950138
0.955487
0.969089
0.979686
0.987397
0.992452
0.995569
0.997614
0.99884
0.999416
0.999601
0.999606
0.999479
0.998739
0.99615
0.994728
0.994162
0.992712
0.983641
0.967212
0.958657
0.955772
0.955894
0.956358
0.954607
0.947841
0.944668
0.944683
0.948609
0.965554
0.982323
0.991626
0.995147
0.995357
0.992141
0.985212
0.98381
0.982444
0.975464
0.954482
0.940932
0.93695
0.937436
0.944757
0.965153
0.980269
0.989368
0.994474
0.997209
0.998624
0.999338
0.99969
0.999857
0.999934
0.999968
0.999984
0.999992
0.999996
0.999998
0.999999
0.999999
1
1
1
1
1
1
1
1
1
1
1
1
0.999999
0.999994
0.999978
0.999951
0.999932
0.999928
0.99994
0.999968
0.999984
0.999993
0.999997
0.999999
0.999999
0.999997
0.99998
0.999859
0.999056
0.993976
0.976228
0.967711
0.959409
0.950019
0.947934
0.95192
0.969779
0.979333
0.979424
0.975243
0.972757
0.970555
0.961693
0.956473
0.959023
0.964479
0.96522
0.964434
0.960757
0.956876
0.956091
0.957169
0.958276
0.958287
0.958259
0.958609
0.960253
1
0.999999
0.999997
0.999989
0.999964
0.999923
0.999923
0.999941
0.999959
0.999974
0.999984
0.999991
0.999996
0.999996
0.999949
0.998868
0.989197
0.978557
0.976376
0.976108
0.974777
0.965633
0.948089
0.940884
0.941217
0.948983
0.953909
0.954745
0.955113
0.957198
0.968353
0.982256
0.991083
0.994719
0.99505
0.993913
0.987874
0.979872
0.97428
0.968735
0.966
0.965049
0.965116
0.965399
0.966015
0.966899
0.967906
0.968777
0.969505
0.970006
0.970171
0.970164
0.970107
0.969976
0.969674
0.968918
0.968628
0.968807
0.968856
0.966948
0.95501
0.947075
0.946689
0.953194
0.967666
0.979124
0.987408
0.992909
0.996233
0.998049
0.999042
0.999558
0.999777
0.999839
0.999831
0.999706
0.999185
0.998869
0.998582
0.997707
0.99278
0.974178
0.962147
0.959878
0.961335
0.963201
0.962182
0.954043
0.947093
0.946101
0.948946
0.964487
0.981641
0.991296
0.995188
0.995625
0.99312
0.981305
0.976273
0.975354
0.972247
0.958012
0.942834
0.936704
0.936061
0.938993
0.954554
0.973325
0.985189
0.992136
0.995973
0.998
0.999034
0.999546
0.999793
0.999908
0.999961
0.999984
0.999993
0.999997
0.999999
0.999999
1
1
1
1
1
1
1
1
1
1
1
1
1
1
0.999999
0.999995
0.999989
0.999984
0.999982
0.999984
0.999991
0.999996
0.999998
0.999999
1
0.999999
0.999997
0.999977
0.999845
0.998993
0.993737
0.976214
0.968619
0.959924
0.949183
0.947021
0.952451
0.972146
0.979759
0.978843
0.972933
0.971179
0.969822
0.961547
0.956337
0.960363
0.965559
0.966118
0.965234
0.961633
0.958341
0.957463
0.95791
0.958316
0.958141
0.958064
0.958524
0.960763
1
1
1
1
0.999999
0.999998
0.999997
0.999998
0.999999
0.999999
0.999999
1
1
1
0.999988
0.999689
0.996687
0.983884
0.977509
0.976215
0.974704
0.967896
0.950471
0.944603
0.946576
0.955383
0.958271
0.957945
0.957981
0.960477
0.972351
0.984226
0.991761
0.995886
0.99716
0.99708
0.995706
0.990066
0.981058
0.976574
0.972479
0.968616
0.966637
0.966008
0.966086
0.966316
0.966697
0.967238
0.967862
0.968403
0.968736
0.968833
0.968826
0.968775
0.968557
0.968254
0.968262
0.968596
0.968428
0.964452
0.950307
0.943682
0.943294
0.948908
0.964198
0.97727
0.986725
0.992813
0.996369
0.99828
0.999221
0.999658
0.99985
0.999925
0.999939
0.999925
0.99985
0.999781
0.999649
0.999113
0.99584
0.980616
0.969597
0.968282
0.971171
0.973463
0.971822
0.961017
0.951144
0.949053
0.951062
0.964591
0.981586
0.991274
0.995443
0.996119
0.994479
0.981624
0.967323
0.964824
0.962922
0.954159
0.941198
0.935066
0.934007
0.935763
0.947785
0.968092
0.981808
0.990142
0.994886
0.997449
0.998775
0.999433
0.999748
0.999892
0.999956
0.999983
0.999993
0.999998
0.999999
1
1
1
1
1
1
1
1
1
1
1
1
1
1
1
1
0.999999
0.999998
0.999997
0.999996
0.999996
0.999998
0.999999
1
1
1
0.999999
0.999996
0.999975
0.99984
0.998988
0.993773
0.976979
0.970021
0.960317
0.948051
0.945864
0.95298
0.9738
0.979953
0.978048
0.971835
0.970481
0.969536
0.96173
0.956137
0.961606
0.96616
0.96646
0.965435
0.961885
0.959156
0.958374
0.958477
0.958363
0.9579
0.957876
0.958461
0.960924
1
1
1
1
1
1
1
1
1
1
1
1
1
1
0.999998
0.999934
0.999153
0.994448
0.981918
0.977195
0.975314
0.971974
0.960888
0.957364
0.958443
0.961285
0.961152
0.960276
0.96092
0.966653
0.981388
0.990511
0.99525
0.997697
0.99868
0.998796
0.998519
0.997076
0.991845
0.983712
0.977865
0.975153
0.97201
0.969118
0.967552
0.966944
0.966938
0.967047
0.967329
0.967656
0.967898
0.968024
0.968055
0.968049
0.967969
0.967932
0.968143
0.968423
0.967967
0.961721
0.947402
0.941592
0.941065
0.944319
0.959176
0.974584
0.985496
0.992397
0.99632
0.998336
0.99929
0.99971
0.999884
0.999953
0.999975
0.999978
0.999974
0.999959
0.999904
0.999575
0.997188
0.98646
0.979892
0.979833
0.983203
0.984438
0.981544
0.967432
0.956286
0.953503
0.954944
0.966457
0.98242
0.99169
0.995882
0.99677
0.995851
0.986725
0.962516
0.950168
0.94536
0.939387
0.933282
0.930182
0.929841
0.931989
0.945233
0.966312
0.980644
0.989449
0.994509
0.997263
0.998693
0.999402
0.999738
0.99989
0.999956
0.999983
0.999994
0.999998
0.999999
1
1
1
1
1
1
1
1
1
1
1
1
1
1
1
1
1
1
0.999999
0.999999
0.999999
1
1
1
1
1
0.999999
0.999996
0.999975
0.999842
0.999028
0.994058
0.97829
0.971639
0.960518
0.946782
0.944653
0.953157
0.974694
0.980012
0.977508
0.971448
0.970138
0.969412
0.962139
0.955949
0.962575
0.966445
0.966543
0.965191
0.96186
0.959824
0.959134
0.958768
0.958191
0.957658
0.957707
0.958321
0.960593
1
1
1
1
1
1
1
1
1
1
1
1
1
1
1
0.999989
0.999837
0.998702
0.993953
0.982538
0.978304
0.974738
0.967443
0.964984
0.965077
0.964558
0.964108
0.964645
0.96788
0.980645
0.990618
0.995575
0.997879
0.998989
0.999485
0.999599
0.999556
0.99923
0.997955
0.994159
0.986503
0.980988
0.977128
0.975113
0.972579
0.970114
0.968705
0.967969
0.967775
0.9678
0.967888
0.967939
0.967942
0.967898
0.967856
0.967876
0.968214
0.968345
0.967565
0.959466
0.945923
0.940909
0.940494
0.942677
0.955145
0.972433
0.984564
0.992125
0.996267
0.998357
0.999322
0.999736
0.999902
0.999965
0.999986
0.999993
0.999993
0.999991
0.999969
0.999779
0.99825
0.993388
0.99163
0.991911
0.993099
0.99264
0.987661
0.972224
0.962431
0.959781
0.960956
0.97087
0.984729
0.99284
0.996656
0.997625
0.997165
0.991905
0.967453
0.943274
0.93118
0.925712
0.923245
0.922632
0.923135
0.927589
0.94585
0.966753
0.980837
0.989548
0.994565
0.997296
0.998712
0.999413
0.999745
0.999895
0.999959
0.999985
0.999995
0.999998
0.999999
1
1
1
1
1
1
1
1
1
1
1
1
1
1
1
1
1
1
1
1
1
1
1
1
1
1
0.999999
0.999996
0.999975
0.99985
0.999101
0.994544
0.979997
0.973301
0.960474
0.945353
0.943256
0.953114
0.975001
0.97991
0.977261
0.971368
0.969848
0.969315
0.962497
0.955898
0.96289
0.966516
0.966492
0.964612
0.96193
0.960317
0.959447
0.95875
0.957778
0.957464
0.957394
0.957685
0.958465
1
1
1
1
1
1
1
1
1
1
1
1
1
1
1
0.999998
0.999976
0.999782
0.998795
0.995547
0.989508
0.981962
0.975945
0.972563
0.970705
0.970454
0.971104
0.974175
0.984783
0.992665
0.996656
0.998516
0.999345
0.999709
0.999862
0.999902
0.999897
0.999832
0.999553
0.998616
0.996225
0.990003
0.984415
0.980775
0.978109
0.976254
0.974529
0.972382
0.970541
0.969467
0.968884
0.968527
0.968245
0.968049
0.967994
0.968056
0.968438
0.968462
0.967408
0.958333
0.945605
0.940918
0.940529
0.942347
0.9527
0.970891
0.984084
0.992018
0.996329
0.998435
0.999375
0.999765
0.999916
0.999972
0.999991
0.999997
0.999998
0.999997
0.999989
0.999925
0.999454
0.998032
0.997382
0.997317
0.997235
0.996367
0.99041
0.977762
0.970409
0.968301
0.969254
0.977237
0.987981
0.994358
0.997548
0.998592
0.998551
0.996569
0.982647
0.950769
0.931191
0.922218
0.919317
0.919118
0.920668
0.929727
0.952661
0.971113
0.983492
0.991079
0.995405
0.997733
0.998928
0.999515
0.999792
0.999915
0.999967
0.999988
0.999996
0.999999
1
1
1
1
1
1
1
1
1
1
1
1
1
1
1
1
1
1
1
1
1
1
1
1
1
1
1
0.999999
0.999996
0.999977
0.999863
0.999193
0.995127
0.981937
0.974874
0.959985
0.943711
0.941529
0.952413
0.974864
0.979674
0.977215
0.971529
0.969762
0.969168
0.962972
0.955996
0.962656
0.966292
0.966174
0.964078
0.961755
0.960349
0.959439
0.958437
0.957547
0.957127
0.956421
0.954953
0.954243
1
1
1
1
1
1
1
1
1
1
1
1
1
1
1
1
0.999997
0.999973
0.99983
0.999303
0.997961
0.995414
0.991537
0.987383
0.986046
0.98648
0.988291
0.992798
0.996276
0.998264
0.999239
0.999679
0.999868
0.999945
0.999975
0.999983
0.999982
0.999971
0.999918
0.999726
0.999135
0.997618
0.993394
0.987731
0.983767
0.981174
0.979142
0.977752
0.976625
0.975339
0.973587
0.971575
0.969987
0.969157
0.968995
0.969151
0.969343
0.969216
0.967984
0.959113
0.94655
0.941971
0.941651
0.943058
0.951776
0.970192
0.983898
0.992268
0.996628
0.998641
0.999487
0.999816
0.999938
0.99998
0.999994
0.999998
0.999999
0.999999
0.999996
0.999976
0.999842
0.999445
0.999229
0.999132
0.998964
0.998218
0.994236
0.986476
0.981394
0.979642
0.980145
0.985238
0.992083
0.996211
0.998399
0.999276
0.999385
0.998953
0.995606
0.977698
0.950163
0.935221
0.929849
0.929369
0.931676
0.944721
0.965228
0.979631
0.988785
0.99416
0.997103
0.998625
0.999374
0.999727
0.999886
0.999955
0.999984
0.999994
0.999998
0.999999
1
1
1
1
1
1
1
1
1
1
1
1
1
1
1
1
1
1
1
1
1
1
1
1
1
1
1
0.999999
0.999996
0.999979
0.999878
0.999298
0.995808
0.984054
0.976263
0.95897
0.941919
0.939461
0.949848
0.973041
0.978982
0.977438
0.972493
0.9698
0.969088
0.96435
0.956506
0.960555
0.965607
0.965709
0.963751
0.961403
0.960287
0.959293
0.958074
0.95723
0.956064
0.952909
0.951005
0.950787
1
1
1
1
1
1
1
1
1
1
1
1
1
1
1
1
1
0.999997
0.999982
0.999921
0.999739
0.99933
0.998378
0.996948
0.996716
0.996896
0.997659
0.998712
0.999375
0.999722
0.999884
0.999954
0.999982
0.999993
0.999997
0.999998
0.999998
0.999996
0.999987
0.999953
0.999833
0.999478
0.998493
0.995802
0.990087
0.98567
0.982587
0.980505
0.979299
0.978692
0.977988
0.976379
0.97432
0.973235
0.973142
0.973368
0.973371
0.97277
0.970621
0.960696
0.948499
0.944334
0.944226
0.945629
0.95231
0.970341
0.984419
0.99276
0.996975
0.998846
0.999592
0.999865
0.999957
0.999987
0.999996
0.999999
1
1
0.999999
0.999993
0.999956
0.999853
0.99979
0.99974
0.99964
0.99933
0.99804
0.995207
0.993017
0.992072
0.992153
0.993999
0.996737
0.998405
0.999308
0.999701
0.999788
0.99973
0.999177
0.996237
0.984261
0.970415
0.963622
0.962143
0.962997
0.969491
0.98138
0.989556
0.994532
0.997311
0.99875
0.999442
0.999759
0.9999
0.99996
0.999985
0.999994
0.999998
0.999999
1
1
1
1
1
1
1
1
1
1
1
1
1
1
1
1
1
1
1
1
1
1
1
1
1
1
1
1
0.999999
0.999997
0.999981
0.999894
0.999404
0.996472
0.986233
0.977245
0.95753
0.940152
0.937194
0.945831
0.969
0.97754
0.977308
0.973908
0.970042
0.968962
0.96583
0.957234
0.958905
0.965016
0.96532
0.963351
0.961195
0.960141
0.959007
0.957706
0.956318
0.952252
0.949078
0.948378
0.949147
1
1
1
1
1
1
1
1
1
1
1
1
1
1
1
1
1
1
0.999999
0.999993
0.999976
0.999931
0.999808
0.999557
0.999522
0.999554
0.999686
0.999844
0.999929
0.99997
0.999988
0.999996
0.999998
0.999999
1
1
1
1
0.999998
0.999993
0.99997
0.999895
0.99966
0.998958
0.996979
0.991315
0.985955
0.982411
0.980404
0.9792
0.97831
0.977515
0.976989
0.976859
0.977
0.977299
0.977304
0.976872
0.974919
0.964563
0.952109
0.94799
0.947967
0.949489
0.956145
0.973293
0.986328
0.993838
0.997499
0.99907
0.999679
0.999897
0.999968
0.999991
0.999998
0.999999
1
1
1
0.999998
0.999988
0.999964
0.999947
0.999927
0.999883
0.999751
0.999234
0.998274
0.997573
0.997287
0.997316
0.997905
0.998837
0.999418
0.999739
0.99989
0.999937
0.999935
0.999869
0.999488
0.997682
0.993889
0.991463
0.990603
0.990596
0.991451
0.994372
0.996825
0.998334
0.99918
0.999618
0.999829
0.999927
0.999969
0.999988
0.999995
0.999998
0.999999
1
1
1
1
1
1
1
1
1
1
1
1
1
1
1
1
1
1
1
1
1
1
1
1
1
1
1
1
1
1
0.999997
0.999984
0.99991
0.999504
0.99709
0.988698
0.977664
0.955998
0.938516
0.934649
0.940612
0.961683
0.974375
0.976276
0.974184
0.97053
0.968801
0.967028
0.958557
0.957299
0.963907
0.964709
0.962928
0.961063
0.959938
0.958605
0.956859
0.952801
0.948504
0.947057
0.947166
0.948949
1
1
1
1
1
1
1
1
1
1
1
1
1
1
1
1
1
1
1
1
0.999998
0.999995
0.999984
0.999956
0.999951
0.999955
0.999969
0.999985
0.999994
0.999998
0.999999
1
1
1
1
1
1
1
1
0.999999
0.999995
0.999979
0.999923
0.999739
0.999148
0.997377
0.991551
0.985698
0.981502
0.978883
0.977613
0.977052
0.976856
0.976888
0.977395
0.977922
0.978061
0.977974
0.977116
0.970029
0.957336
0.953198
0.953242
0.9548
0.961134
0.977478
0.989331
0.995622
0.998389
0.999454
0.999826
0.999947
0.999985
0.999996
0.999999
1
1
1
1
0.999999
0.999997
0.999991
0.999987
0.999979
0.99996
0.9999
0.999666
0.999306
0.99906
0.998965
0.998977
0.999195
0.999546
0.999767
0.999892
0.999955
0.999978
0.999981
0.999971
0.999908
0.999606
0.998685
0.99795
0.997634
0.997592
0.997707
0.998322
0.999042
0.999493
0.999749
0.999883
0.999948
0.999978
0.999991
0.999996
0.999999
0.999999
1
1
1
1
1
1
1
1
1
1
1
1
1
1
1
1
1
1
1
1
1
1
1
1
1
1
1
1
1
1
1
0.999997
0.999986
0.999922
0.99958
0.997576
0.990785
0.97759
0.954577
0.93675
0.931697
0.934625
0.949833
0.967479
0.97363
0.973642
0.970819
0.968732
0.967734
0.960289
0.956581
0.96191
0.963893
0.962719
0.960834
0.959524
0.95753
0.954165
0.949049
0.946832
0.946425
0.946955
0.949157
1
1
1
1
1
1
1
1
1
1
1
1
1
1
1
1
1
1
1
1
1
1
0.999999
0.999997
0.999997
0.999997
0.999998
0.999999
1
1
1
1
1
1
1
1
1
1
1
1
0.999999
0.999996
0.999984
0.999942
0.999798
0.999328
0.998003
0.993249
0.986229
0.981169
0.977693
0.975724
0.974925
0.974673
0.9746
0.974808
0.976077
0.976894
0.976823
0.973976
0.964028
0.960257
0.9602
0.961427
0.967666
0.982365
0.992155
0.996987
0.998962
0.99967
0.999901
0.999971
0.999992
0.999998
0.999999
1
1
1
1
1
0.999999
0.999998
0.999996
0.999993
0.999986
0.999959
0.999853
0.999714
0.999627
0.999596
0.999603
0.999689
0.999824
0.999908
0.999957
0.999982
0.999992
0.999993
0.999991
0.999975
0.999895
0.999631
0.999406
0.999308
0.999293
0.99932
0.999484
0.999704
0.999843
0.999923
0.999964
0.999984
0.999993
0.999997
0.999999
1
1
1
1
1
1
1
1
1
1
1
1
1
1
1
1
1
1
1
1
1
1
1
1
1
1
1
1
1
1
1
1
1
0.999998
0.999987
0.999932
0.999643
0.998038
0.99242
0.978084
0.953239
0.934495
0.92834
0.929796
0.937387
0.954949
0.967574
0.971577
0.97072
0.96868
0.968032
0.963412
0.956327
0.958067
0.962601
0.962651
0.960308
0.958781
0.956001
0.95057
0.947495
0.946456
0.946424
0.947351
0.950088
1
1
1
1
1
1
1
1
1
1
1
1
1
1
1
1
1
1
1
1
1
1
1
1
1
1
1
1
1
1
1
1
1
1
1
1
1
1
1
1
1
0.999999
0.999998
0.99999
0.999964
0.99988
0.99963
0.998903
0.997171
0.991495
0.984304
0.979481
0.976378
0.974339
0.973429
0.973235
0.973275
0.973979
0.974449
0.973845
0.969256
0.966095
0.965928
0.967359
0.976042
0.988636
0.995423
0.998356
0.999459
0.999834
0.999952
0.999987
0.999996
0.999999
1
1
1
1
1
1
1
1
0.999999
0.999998
0.999995
0.999984
0.999943
0.999897
0.999871
0.999863
0.999866
0.999898
0.999942
0.99997
0.999986
0.999994
0.999997
0.999998
0.999997
0.999993
0.99997
0.999899
0.999843
0.99982
0.999817
0.999824
0.999867
0.999924
0.99996
0.99998
0.999991
0.999996
0.999998
0.999999
1
1
1
1
1
1
1
1
1
1
1
1
1
1
1
1
1
1
1
1
1
1
1
1
1
1
1
1
1
1
1
1
1
1
0.999998
0.999989
0.99994
0.999693
0.998422
0.993569
0.979198
0.952617
0.931489
0.92328
0.925864
0.932682
0.938385
0.955407
0.966473
0.969827
0.968536
0.968121
0.966505
0.957372
0.955177
0.960004
0.961438
0.959586
0.957273
0.952919
0.948823
0.947186
0.946548
0.947017
0.949635
0.951525
1
1
1
1
1
1
1
1
1
1
1
1
1
1
1
1
1
1
1
1
1
1
1
1
1
1
1
1
1
1
1
1
1
1
1
1
1
1
1
1
1
1
1
0.999999
0.999996
0.999985
0.999953
0.999861
0.999621
0.998996
0.997599
0.993619
0.988721
0.985537
0.983794
0.981669
0.978884
0.977075
0.975679
0.972183
0.968659
0.967931
0.968676
0.975157
0.98832
0.995296
0.998287
0.999423
0.999818
0.999945
0.999984
0.999996
0.999999
1
1
1
1
1
1
1
1
1
1
1
0.999999
0.999995
0.999981
0.99997
0.999964
0.999962
0.999964
0.999974
0.999985
0.999992
0.999996
0.999998
0.999999
0.999999
0.999999
0.999998
0.999993
0.999978
0.999967
0.999964
0.999963
0.999965
0.999974
0.999985
0.999992
0.999996
0.999998
0.999999
1
1
1
1
1
1
1
1
1
1
1
1
1
1
1
1
1
1
1
1
1
1
1
1
1
1
1
1
1
1
1
1
1
1
1
1
0.999998
0.999989
0.999943
0.999729
0.998708
0.994623
0.981193
0.953284
0.92782
0.91395
0.9177
0.930228
0.932715
0.936623
0.955421
0.967075
0.968035
0.967834
0.967879
0.962198
0.95423
0.954151
0.957186
0.957432
0.953627
0.950109
0.948177
0.947334
0.947229
0.948885
0.951763
0.95272
1
1
1
1
1
1
1
1
1
1
1
1
1
1
1
1
1
1
1
1
1
1
1
1
1
1
1
1
1
1
1
1
1
1
1
1
1
1
1
1
1
1
1
1
1
0.999999
0.999996
0.999988
0.999966
0.999905
0.999739
0.998999
0.99831
0.99811
0.997866
0.997224
0.994171
0.985212
0.978148
0.9751
0.974892
0.976167
0.983518
0.992151
0.99669
0.998736
0.999556
0.999854
0.999955
0.999987
0.999996
0.999999
1
1
1
1
1
1
1
1
1
1
1
1
1
0.999998
0.999995
0.999993
0.999993
0.999992
0.999993
0.999995
0.999997
0.999999
0.999999
1
1
1
1
1
0.999999
0.999997
0.999995
0.999995
0.999995
0.999995
0.999997
0.999998
0.999999
0.999999
1
1
1
1
1
1
1
1
1
1
1
1
1
1
1
1
1
1
1
1
1
1
1
1
1
1
1
1
1
1
1
1
1
1
1
1
1
1
0.999998
0.999989
0.999944
0.999745
0.998894
0.995497
0.983861
0.956379
0.924015
0.899848
0.90075
0.925048
0.932217
0.928744
0.936813
0.960192
0.966788
0.967071
0.968175
0.967601
0.95712
0.952586
0.952366
0.952638
0.950493
0.949207
0.948388
0.948103
0.949391
0.952528
0.95432
0.955369
1
1
1
1
1
1
1
1
1
1
1
1
1
1
1
1
1
1
1
1
1
1
1
1
1
1
1
1
1
1
1
1
1
1
1
1
1
1
1
1
1
1
1
1
1
1
1
0.999999
0.999998
0.999995
0.999982
0.999933
0.999907
0.999881
0.999823
0.999651
0.998813
0.996086
0.994431
0.994104
0.994382
0.996128
0.998022
0.999092
0.999622
0.999856
0.999949
0.999983
0.999995
0.999998
1
1
1
1
1
1
1
1
1
1
1
1
1
1
1
1
0.999999
0.999999
0.999999
0.999999
0.999999
0.999999
1
1
1
1
1
1
1
1
1
1
1
1
1
1
1
1
1
1
1
1
1
1
1
1
1
1
1
1
1
1
1
1
1
1
1
1
1
1
1
1
1
1
1
1
1
1
1
1
1
1
1
1
1
1
1
0.999999
0.999997
0.999987
0.999935
0.999726
0.998952
0.996116
0.986726
0.962855
0.921957
0.895059
0.893382
0.912144
0.934341
0.928181
0.925645
0.946432
0.963502
0.965998
0.967062
0.96908
0.967061
0.955965
0.95224
0.951518
0.950399
0.949816
0.949853
0.951464
0.95577
0.958917
0.959515
0.958748
1
1
1
1
1
1
1
1
1
1
1
1
1
1
1
1
1
1
1
1
1
1
1
1
1
1
1
1
1
1
1
1
1
1
1
1
1
1
1
1
1
1
1
1
1
1
1
1
1
1
0.999999
0.999999
0.999998
0.999996
0.99999
0.99997
0.999869
0.999765
0.999728
0.999729
0.999751
0.999841
0.99992
0.999963
0.999985
0.999994
0.999998
0.999999
1
1
1
1
1
1
1
1
1
1
1
1
1
1
1
1
1
1
1
1
1
1
1
1
1
1
1
1
1
1
1
1
1
1
1
1
1
1
1
1
1
1
1
1
1
1
1
1
1
1
1
1
1
1
1
1
1
1
1
1
1
1
1
0.999999
0.999999
0.999999
0.999999
0.999999
0.999999
0.999999
0.999999
1
1
1
1
1
0.999999
0.999999
0.999999
0.999998
0.999996
0.999985
0.99993
0.999714
0.998981
0.996568
0.989616
0.97153
0.927136
0.896589
0.893124
0.904422
0.936014
0.932618
0.924066
0.929297
0.955575
0.964001
0.964842
0.968316
0.970318
0.967765
0.958581
0.955141
0.954041
0.954425
0.957314
0.961555
0.96401
0.964585
0.962993
0.959337
1
1
1
1
1
1
1
1
1
1
1
1
1
1
1
1
1
1
1
1
1
1
1
1
1
1
1
1
1
1
1
1
1
1
1
1
1
1
1
1
1
1
1
1
1
1
1
1
1
1
1
1
1
1
1
0.999998
0.999997
0.999996
0.999996
0.999996
0.999997
0.999998
0.999999
1
1
1
1
1
1
1
1
1
1
1
1
1
1
1
1
1
1
1
1
1
1
1
1
1
1
1
1
1
1
1
1
1
1
1
1
1
1
1
1
1
1
1
1
1
1
1
1
1
1
1
1
1
1
1
1
1
1
1
0.999999
0.999999
0.999999
0.999999
0.999999
0.999999
0.999999
0.999999
0.999998
0.999994
0.999993
0.999994
0.999995
0.999996
0.999996
0.999997
0.999998
0.999999
0.999999
0.999999
0.999999
0.999999
0.999998
0.999998
0.999997
0.999996
0.999994
0.999983
0.99993
0.999722
0.999027
0.996962
0.991727
0.979071
0.94072
0.905675
0.899587
0.905058
0.933655
0.946125
0.927248
0.924415
0.93899
0.959466
0.963311
0.964013
0.969017
0.970956
0.970264
0.966968
0.96593
0.966141
0.967395
0.968143
0.967745
0.966166
0.96319
0.957436
1
1
1
1
1
1
1
1
1
1
1
1
1
1
1
1
1
1
1
1
1
1
1
1
1
1
1
1
1
1
1
1
1
1
1
1
1
1
1
1
1
1
1
1
1
1
1
1
1
1
1
1
1
1
1
1
1
1
1
1
1
1
1
1
1
1
1
1
1
1
1
1
1
1
1
1
1
1
1
1
1
1
1
1
1
1
1
1
1
1
1
1
1
1
1
1
1
1
1
1
1
1
1
1
1
1
1
1
1
1
1
1
1
1
1
1
1
1
1
1
0.999999
0.999996
0.999994
0.999995
0.999995
0.999996
0.999996
0.999996
0.999995
0.999993
0.999983
0.999956
0.999956
0.99996
0.999969
0.999979
0.999985
0.999989
0.999992
0.999994
0.999996
0.999996
0.999996
0.999996
0.999995
0.999993
0.99999
0.999989
0.999987
0.999979
0.999942
0.999785
0.99921
0.997437
0.993264
0.984147
0.95578
0.922919
0.917806
0.918246
0.931359
0.955968
0.942017
0.924942
0.926493
0.947194
0.960191
0.962168
0.963082
0.968398
0.970601
0.97058
0.970296
0.970145
0.969808
0.969088
0.967641
0.964989
0.959588
0.947176
1
1
1
1
1
1
1
1
1
1
1
1
1
1
1
1
1
1
1
1
1
1
1
1
1
1
1
1
1
1
1
1
1
1
1
1
1
1
1
1
1
1
1
1
1
1
1
1
1
1
1
1
1
1
1
1
1
1
1
1
1
1
1
1
1
1
1
1
1
1
1
1
1
1
1
1
1
1
1
1
1
1
1
1
1
1
1
1
1
1
1
1
1
1
1
1
1
1
1
1
1
1
1
1
1
1
1
1
1
1
1
1
1
1
1
1
1
1
0.999999
0.999996
0.999986
0.999959
0.999959
0.999963
0.99997
0.999979
0.999984
0.999983
0.999978
0.999958
0.999878
0.999757
0.999764
0.999797
0.999867
0.999918
0.999949
0.999967
0.999977
0.999982
0.999986
0.999987
0.999988
0.999987
0.999987
0.999983
0.999976
0.999974
0.999973
0.999969
0.999947
0.999835
0.999315
0.997271
0.993788
0.987558
0.967251
0.945634
0.943588
0.936811
0.933975
0.955319
0.964589
0.935327
0.925054
0.930061
0.951753
0.959743
0.960869
0.961827
0.965397
0.968398
0.969019
0.969099
0.968215
0.96657
0.963062
0.956686
0.947472
0.940505
1
1
1
1
1
1
1
1
1
1
1
1
1
1
1
1
1
1
1
1
1
1
1
1
1
1
1
1
1
1
1
1
1
1
1
1
1
1
1
1
1
1
1
1
1
1
1
1
1
1
1
1
1
1
1
1
1
1
1
1
1
1
1
1
1
1
1
1
1
1
1
1
1
1
1
1
1
1
1
1
1
1
1
1
1
1
1
1
1
1
1
1
1
1
1
1
1
1
1
1
1
1
1
1
1
1
1
1
1
1
1
1
1
1
1
0.999999
0.999999
0.999998
0.999992
0.999966
0.999854
0.999739
0.999754
0.999801
0.999863
0.999911
0.999936
0.999934
0.999902
0.999779
0.999325
0.998969
0.999027
0.999245
0.99956
0.999755
0.999859
0.999913
0.999939
0.999952
0.999961
0.999967
0.999968
0.999968
0.999967
0.999962
0.99995
0.999947
0.999947
0.999946
0.999934
0.999854
0.999398
0.997059
0.993219
0.98894
0.974599
0.961823
0.958387
0.948558
0.933478
0.947575
0.969978
0.959858
0.93136
0.926019
0.932681
0.952773
0.958876
0.959624
0.95963
0.961014
0.961808
0.96191
0.96009
0.957294
0.953005
0.948347
0.943041
0.939618
1
1
1
1
1
1
1
1
1
1
1
1
1
1
1
1
1
1
1
1
1
1
1
1
1
1
1
1
1
1
1
1
1
1
1
1
1
1
1
1
1
1
1
1
1
1
1
1
1
1
1
1
1
1
1
1
1
1
1
1
1
1
1
1
1
1
1
1
1
1
1
1
1
1
1
1
1
1
1
1
1
1
1
1
1
1
1
1
1
1
1
1
1
1
1
1
1
1
1
1
1
1
1
1
1
1
1
1
1
1
1
1
0.999999
0.999998
0.999996
0.999993
0.999991
0.999983
0.999936
0.999744
0.999141
0.99884
0.998931
0.99923
0.999548
0.999742
0.999824
0.99981
0.999604
0.998985
0.997484
0.997012
0.997181
0.997797
0.998815
0.999395
0.999665
0.999791
0.999851
0.999884
0.999908
0.999924
0.999929
0.99993
0.999928
0.999918
0.999905
0.999904
0.999906
0.999906
0.999899
0.999839
0.999472
0.997225
0.992851
0.988994
0.977808
0.966791
0.963076
0.954837
0.927627
0.930628
0.966311
0.972308
0.953034
0.929649
0.926218
0.932897
0.951135
0.956763
0.957759
0.957603
0.957155
0.956346
0.954626
0.952355
0.949383
0.945923
0.942011
0.938256
1
1
1
1
1
1
1
1
1
1
1
1
1
1
1
1
1
1
1
1
1
1
1
1
1
1
1
1
1
1
1
1
1
1
1
1
1
1
1
1
1
1
1
1
1
1
1
1
1
1
1
1
1
1
1
1
1
1
1
1
1
1
1
1
1
1
1
1
1
1
1
1
1
1
1
1
1
1
1
1
1
1
1
1
1
1
1
1
1
1
1
1
1
1
1
1
1
1
1
1
1
1
1
1
1
1
1
1
1
0.999999
0.999997
0.999995
0.999987
0.999981
0.999969
0.999951
0.999942
0.999906
0.999594
0.998518
0.997658
0.997436
0.997536
0.998003
0.998867
0.999413
0.999633
0.999505
0.998343
0.996684
0.996147
0.995963
0.996088
0.996569
0.997815
0.998849
0.999387
0.999636
0.999737
0.99978
0.999816
0.999844
0.999855
0.999857
0.999855
0.999843
0.999837
0.999839
0.999845
0.999845
0.999836
0.999781
0.999439
0.997261
0.993042
0.988842
0.977127
0.968042
0.965103
0.958404
0.923674
0.906852
0.945784
0.97251
0.971383
0.949138
0.928353
0.925522
0.931671
0.945884
0.951672
0.953064
0.953255
0.952262
0.950572
0.948357
0.945319
0.941679
0.937983
0.931681
1
1
1
1
1
1
1
1
1
1
1
1
1
1
1
1
1
1
1
1
1
1
1
1
1
1
1
1
1
1
1
1
1
1
1
1
1
1
1
1
1
1
1
1
1
1
1
1
1
1
1
1
1
1
1
1
1
1
1
1
1
1
1
1
1
1
1
1
1
1
1
1
1
1
1
1
1
1
1
1
1
1
1
1
1
1
1
1
1
1
1
1
1
1
1
1
1
1
1
1
1
1
1
1
1
1
0.999999
0.999998
0.999995
0.999988
0.999966
0.999946
0.999897
0.999863
0.999794
0.999733
0.999727
0.999575
0.997844
0.997316
0.997257
0.997134
0.997175
0.99746
0.998272
0.999129
0.999362
0.998308
0.995335
0.995751
0.995926
0.995774
0.995823
0.99621
0.997328
0.998374
0.999042
0.999372
0.999515
0.999619
0.9997
0.999739
0.999746
0.999744
0.999722
0.9997
0.999699
0.999708
0.999719
0.999717
0.999701
0.999636
0.999274
0.997422
0.994073
0.986781
0.974207
0.970485
0.968954
0.963317
0.924791
0.878234
0.902935
0.958183
0.972821
0.970599
0.948924
0.929629
0.925408
0.926814
0.933625
0.938227
0.94003
0.940379
0.938949
0.936799
0.933549
0.930765
0.929602
0.930836
1
1
1
1
1
1
1
1
1
1
1
1
1
1
1
1
1
1
1
1
1
1
1
1
1
1
1
1
1
1
1
1
1
1
1
1
1
1
1
1
1
1
1
1
1
1
1
1
1
1
1
1
1
1
1
1
1
1
1
1
1
1
1
1
1
1
1
1
1
1
1
1
1
1
1
1
1
1
1
1
1
1
1
1
1
1
1
1
1
1
1
1
1
1
1
1
1
1
1
1
1
1
1
0.999999
0.999998
0.999992
0.999983
0.999967
0.999933
0.999857
0.999698
0.999601
0.999402
0.999231
0.998932
0.998926
0.999088
0.997964
0.995885
0.997172
0.997555
0.997244
0.997246
0.997583
0.998447
0.999163
0.998869
0.995001
0.993188
0.995458
0.996132
0.995829
0.995914
0.996386
0.997465
0.998327
0.998812
0.999086
0.999286
0.999441
0.99952
0.99954
0.999539
0.999526
0.999484
0.999467
0.999469
0.999469
0.999449
0.999384
0.999331
0.999236
0.998842
0.997561
0.994675
0.985734
0.97789
0.97345
0.97066
0.964464
0.928363
0.848515
0.842655
0.908969
0.95773
0.972157
0.970958
0.957835
0.937283
0.929318
0.927837
0.928842
0.930276
0.930689
0.930732
0.930722
0.930617
0.930665
0.932779
0.944156
1
1
1
1
1
1
1
1
1
1
1
1
1
1
1
1
1
1
1
1
1
1
1
1
1
1
1
1
1
1
1
1
1
1
1
1
1
1
1
1
1
1
1
1
1
1
1
1
1
1
1
1
1
1
1
1
1
1
1
1
1
1
1
1
1
1
1
1
1
1
1
1
1
1
1
1
1
1
1
1
1
1
1
1
1
1
1
1
1
1
1
1
1
1
1
1
1
1
1
1
0.999999
0.999997
0.999991
0.999978
0.999949
0.999869
0.999796
0.999642
0.999321
0.998642
0.998294
0.998021
0.997362
0.997122
0.997151
0.99766
0.997467
0.993906
0.995022
0.997354
0.99803
0.997797
0.997776
0.998292
0.998951
0.999049
0.997186
0.990347
0.987735
0.994303
0.996562
0.996468
0.996401
0.99694
0.997789
0.998418
0.998818
0.999069
0.99926
0.999359
0.99938
0.999364
0.999164
0.998276
0.997714
0.997655
0.997691
0.997662
0.997384
0.997301
0.997405
0.997685
0.997615
0.996917
0.993898
0.989657
0.98521
0.970457
0.964343
0.959521
0.931315
0.830481
0.776507
0.811783
0.895095
0.948327
0.970606
0.975282
0.970809
0.954316
0.942949
0.938263
0.936875
0.936501
0.937277
0.939055
0.943293
0.949164
0.95984
0.979859
1
1
1
1
1
1
1
1
1
1
1
1
1
1
1
1
1
1
1
1
1
1
1
1
1
1
1
1
1
1
1
1
1
1
1
1
1
1
1
1
1
1
1
1
1
1
1
1
1
1
1
1
1
1
1
1
1
1
1
1
1
1
1
1
1
1
1
1
1
1
1
1
1
1
1
1
1
1
1
1
1
1
1
1
1
1
1
1
1
1
1
1
1
1
1
1
1
1
0.999996
0.99998
0.999929
0.999865
0.999759
0.999496
0.999173
0.998534
0.998142
0.997068
0.995126
0.995105
0.995344
0.994754
0.995417
0.996514
0.996657
0.995208
0.993595
0.991857
0.992489
0.996187
0.998093
0.998577
0.998661
0.998755
0.998852
0.997962
0.992982
0.981912
0.9749
0.986595
0.995824
0.997539
0.997617
0.997996
0.998385
0.998704
0.998942
0.999125
0.999225
0.999244
0.998874
0.995535
0.982165
0.973945
0.97394
0.976216
0.980528
0.981205
0.980578
0.980674
0.981797
0.985163
0.985938
0.984441
0.982499
0.979859
0.97057
0.939527
0.935359
0.939512
0.923554
0.830904
0.716166
0.684375
0.741498
0.838455
0.915528
0.957138
0.975927
0.98158
0.982167
0.976602
0.973715
0.972784
0.973715
0.976197
0.981756
0.985638
0.988178
0.987213
1
1
1
1
1
1
1
1
1
1
1
1
1
1
1
1
1
1
1
1
1
1
1
1
1
1
1
1
1
1
1
1
1
1
1
1
1
1
1
1
1
1
1
1
1
1
1
1
1
1
1
1
1
1
1
1
1
1
1
1
1
1
1
1
1
1
1
1
1
1
1
1
1
1
1
1
1
1
1
1
1
1
1
1
1
1
1
1
1
0.999998
0.999991
0.999973
0.999975
0.999995
1
1.00001
1
0.999819
0.999297
0.998313
0.997376
0.996679
0.995002
0.99259
0.991918
0.991252
0.99093
0.992815
0.993621
0.994643
0.994814
0.994638
0.994951
0.99511
0.995002
0.993261
0.991385
0.989867
0.989755
0.992054
0.995564
0.997273
0.997811
0.997567
0.996591
0.993343
0.9879
0.977008
0.954162
0.955636
0.981369
0.994013
0.99845
0.99849
0.998556
0.998527
0.997634
0.995504
0.99089
0.979309
0.94116
0.893146
0.870302
0.865172
0.870963
0.890919
0.896628
0.890995
0.872702
0.869961
0.876596
0.893831
0.903823
0.927285
0.944933
0.942409
0.912507
0.871256
0.883413
0.902702
0.893387
0.819721
0.689867
0.597858
0.537889
0.566718
0.665085
0.76623
0.853771
0.915315
0.948847
0.962753
0.964675
0.962168
0.958683
0.952542
0.942239
0.923323
0.859587
0.733876
1
1
1
1
1
1
1
1
1
1
1
1
1
1
1
1
1
1
1
1
1
1
1
1
1
1
1
1
1
1
1
1
1
1
1
1
1
1
1
1
1
1
1
1
1
1
1
1
1
1
1
1
1
1
1
1
1
1
1
1
1
1
1
1
1
1
1
1
1
1
1
1
1
1
1
1
1
1
1
1
1
1
1
1
1
1
1
0.999999
0.99999
0.99994
0.999707
0.999006
0.998048
0.996085
0.990882
0.983279
0.980188
0.979543
0.980108
0.982194
0.98513
0.987149
0.988474
0.989159
0.989419
0.989187
0.990245
0.992701
0.993499
0.993772
0.993933
0.993967
0.994519
0.994608
0.994442
0.993629
0.992111
0.990009
0.989078
0.989128
0.98941
0.989707
0.989931
0.989388
0.987974
0.98633
0.984794
0.979173
0.949008
0.91715
0.914209
0.917486
0.92142
0.921738
0.908651
0.891569
0.870303
0.851915
0.842622
0.845591
0.856011
0.858715
0.85398
0.826389
0.813567
0.816612
0.830545
0.844567
0.855182
0.864692
0.874003
0.883752
0.89614
0.90568
0.906107
0.89948
0.835875
0.754228
0.753872
0.75512
0.720155
0.662119
0.630028
0.575233
0.481162
0.407748
0.390534
0.39441
0.408846
0.426563
0.441219
0.455761
0.464338
0.458522
0.434478
0.397381
0.337943
0.268614
0.156325
0.10743
0.643373
0.653326
0.665945
0.669634
0.672749
0.663294
0.649608
0.631888
0.611846
0.588424
0.565228
0.538213
0.508126
0.470491
0.432299
0.390628
0.354286
0.313745
0.278465
0.238249
0.205017
0.166383
0.134806
0.109364
0.0748689
0.903323
0.91327
0.927012
0.932315
0.93408
0.935094
0.935034
0.93361
0.932378
0.93172
0.931761
0.93151
0.930335
0.92663
0.920488
0.909879
0.895457
0.876693
0.854896
0.831978
0.807423
0.785003
0.760979
0.754643
0.745545
0.927875
0.92991
0.931746
0.933788
0.936477
0.939837
0.942842
0.944781
0.944158
0.942146
0.94073
0.940423
0.941456
0.943934
0.946099
0.946991
0.94658
0.942301
0.934539
0.927408
0.920378
0.911249
0.902504
0.895539
0.894016
0.925836
0.922435
0.917453
0.915467
0.920149
0.930357
0.940276
0.947226
0.951382
0.951625
0.947088
0.94184
0.939751
0.939791
0.942331
0.946344
0.948451
0.948656
0.947375
0.942459
0.939026
0.935749
0.931218
0.924426
0.920612
0.916692
0.895724
0.875518
0.864055
0.86715
0.888733
0.916456
0.937898
0.951713
0.959551
0.963469
0.962074
0.953256
0.946107
0.94418
0.945379
0.949254
0.950878
0.950899
0.949469
0.944626
0.941412
0.939245
0.934375
0.928837
0.89118
0.853996
0.834457
0.827119
0.827023
0.835069
0.86392
0.904407
0.935076
0.954983
0.965976
0.971848
0.972972
0.968817
0.959924
0.95566
0.955214
0.955911
0.955856
0.954891
0.950267
0.944156
0.941602
0.938688
0.931806
0.875425
0.841724
0.825915
0.820488
0.819351
0.820859
0.829855
0.863177
0.905849
0.938498
0.960013
0.972097
0.978161
0.979594
0.978176
0.973282
0.969233
0.967191
0.965874
0.96381
0.958281
0.948593
0.943253
0.940844
0.934384
0.870831
0.843976
0.828412
0.821053
0.818563
0.818446
0.820887
0.83512
0.877381
0.917927
0.947841
0.967413
0.978188
0.983067
0.983879
0.983309
0.981134
0.979079
0.9774
0.974731
0.968048
0.955871
0.947336
0.944224
0.937277
0.868657
0.855953
0.841171
0.827966
0.8205
0.818345
0.818827
0.824044
0.850905
0.896923
0.933424
0.959352
0.975467
0.983587
0.986499
0.986738
0.986257
0.984977
0.983833
0.981798
0.976704
0.963948
0.953025
0.949252
0.941772
0.867108
0.863018
0.857823
0.841894
0.826755
0.819758
0.818658
0.820365
0.832105
0.873051
0.916476
0.948853
0.970445
0.982509
0.987752
0.988906
0.988808
0.988107
0.987039
0.985232
0.980881
0.969367
0.957893
0.953547
0.947546
0.866624
0.866286
0.866013
0.858101
0.837084
0.82355
0.819223
0.81955
0.82455
0.849367
0.896587
0.935624
0.963272
0.97981
0.987808
0.990817
0.991428
0.991368
0.990837
0.989135
0.984026
0.971495
0.961408
0.955806
0.954344
0.867021
0.869862
0.872025
0.869246
0.851045
0.829811
0.820866
0.819687
0.821957
0.834343
0.875108
0.92015
0.954167
0.975741
0.986895
0.991509
0.992779
0.992893
0.992672
0.991499
0.986812
0.974136
0.964484
0.960275
0.960601
0.867052
0.872338
0.877671
0.877422
0.865609
0.838304
0.823841
0.820377
0.821455
0.828365
0.855907
0.903522
0.943307
0.970292
0.985084
0.991633
0.99383
0.994164
0.994007
0.992963
0.988372
0.976781
0.96892
0.966073
0.967324
0.866814
0.871335
0.88198
0.884351
0.877899
0.849694
0.828189
0.821674
0.821788
0.826283
0.843301
0.887389
0.931453
0.963634
0.982367
0.991187
0.994542
0.995286
0.995214
0.994299
0.989836
0.979762
0.973659
0.971791
0.97346
0.866085
0.868668
0.88127
0.889509
0.886686
0.862536
0.83375
0.823553
0.82274
0.825924
0.837591
0.872804
0.919354
0.956092
0.978846
0.990151
0.9947
0.99598
0.995994
0.995189
0.990919
0.982889
0.978518
0.977405
0.979121
0.866213
0.86695
0.877295
0.893385
0.89358
0.875214
0.840243
0.826047
0.824144
0.826393
0.835256
0.861742
0.907983
0.948149
0.974693
0.988604
0.994494
0.996331
0.996483
0.995772
0.991789
0.985828
0.982995
0.982452
0.984121
0.86699
0.867029
0.874115
0.896107
0.899859
0.886504
0.847496
0.829036
0.825906
0.827531
0.834398
0.85422
0.898198
0.940459
0.970209
0.986657
0.993972
0.99638
0.996677
0.996035
0.992501
0.988273
0.986563
0.986365
0.988018
0.869181
0.867972
0.873505
0.898005
0.906209
0.895998
0.855463
0.832275
0.827629
0.828612
0.834001
0.849745
0.890073
0.933572
0.965753
0.984479
0.99322
0.996281
0.99675
0.996199
0.993256
0.990281
0.989264
0.989236
0.990917
0.873503
0.870579
0.875566
0.901479
0.91276
0.904409
0.863278
0.835584
0.828927
0.829176
0.833295
0.84679
0.883963
0.927896
0.961698
0.982278
0.992346
0.996099
0.996807
0.996416
0.994165
0.992014
0.991369
0.991406
0.99304
0.881721
0.87656
0.881843
0.907849
0.91966
0.912231
0.8705
0.838609
0.829816
0.829406
0.832405
0.84419
0.879293
0.923492
0.958303
0.980252
0.991452
0.9959
0.99692
0.99672
0.995137
0.993515
0.993061
0.993121
0.994616
0.894109
0.887808
0.892889
0.91626
0.926766
0.919518
0.876908
0.841532
0.830566
0.829306
0.831315
0.841644
0.875567
0.920262
0.955709
0.978575
0.990641
0.995707
0.997077
0.997048
0.996044
0.994806
0.994468
0.994535
0.995853
0.90833
0.901782
0.906217
0.92578
0.933802
0.926129
0.882209
0.844192
0.831134
0.828643
0.829832
0.839082
0.872602
0.91803
0.953929
0.977344
0.989994
0.995543
0.997252
0.997381
0.99684
0.995941
0.995694
0.995761
0.99688
0.922816
0.916237
0.919835
0.935278
0.940438
0.931934
0.886473
0.846638
0.83145
0.827491
0.828158
0.836902
0.870519
0.916531
0.952876
0.976624
0.989585
0.995449
0.997431
0.997729
0.997497
0.996923
0.99676
0.996826
0.997743
0.934138
0.929081
0.932069
0.943751
0.946363
0.936769
0.889808
0.848881
0.831498
0.826053
0.826463
0.835234
0.869432
0.915771
0.952356
0.976288
0.989387
0.995414
0.9976
0.998066
0.998013
0.997731
0.997641
0.997709
0.998444
0.942504
0.939729
0.942367
0.950705
0.951449
0.94051
0.892364
0.850837
0.83129
0.824675
0.824972
0.833914
0.86893
0.915479
0.952176
0.976177
0.989318
0.995414
0.997738
0.998358
0.998408
0.998336
0.99831
0.998387
0.998981
0.948888
0.947924
0.950411
0.955945
0.955624
0.943207
0.894256
0.852331
0.830908
0.823429
0.823687
0.833073
0.868849
0.915624
0.952383
0.976302
0.989384
0.995482
0.997865
0.998589
0.998733
0.998748
0.998767
0.998875
0.999365
0.953919
0.953819
0.956762
0.95996
0.958825
0.944669
0.895312
0.853378
0.830422
0.822322
0.822662
0.832712
0.86955
0.916456
0.95325
0.976948
0.989749
0.995676
0.998017
0.998777
0.998966
0.999013
0.999079
0.999239
0.999618
0.957811
0.958701
0.96185
0.962927
0.960927
0.944912
0.89585
0.85398
0.829668
0.821277
0.821925
0.833138
0.871535
0.917766
0.95418
0.977582
0.990131
0.995899
0.998181
0.998935
0.999142
0.999214
0.999358
0.999511
0.999758
0.96067
0.962728
0.964501
0.964603
0.961707
0.944254
0.895554
0.853956
0.828689
0.820496
0.821562
0.834225
0.87442
0.920216
0.956014
0.97873
0.990755
0.996222
0.998371
0.999073
0.999288
0.999414
0.999565
0.999678
0.999842
0.96265
0.964673
0.965531
0.965246
0.961661
0.942471
0.894774
0.853354
0.827656
0.820068
0.821682
0.836358
0.877991
0.922825
0.957926
0.97995
0.991428
0.996569
0.998548
0.999197
0.999431
0.999567
0.999693
0.99978
0.999895
0.963598
0.965327
0.96577
0.965304
0.961112
0.939946
0.89358
0.852045
0.826578
0.819902
0.822356
0.839814
0.882661
0.926246
0.960267
0.98134
0.992163
0.996919
0.998717
0.999321
0.99955
0.999678
0.999782
0.999849
0.999929
0.963773
0.965351
0.965678
0.965072
0.96
0.936761
0.89154
0.850051
0.825531
0.820164
0.823792
0.844932
0.887894
0.930237
0.962953
0.982897
0.992951
0.997276
0.998886
0.999432
0.999643
0.999759
0.999843
0.999896
0.999952
0.96329
0.964711
0.964886
0.963977
0.957562
0.932648
0.888436
0.847411
0.824566
0.820747
0.826042
0.851499
0.893769
0.934741
0.965914
0.984564
0.993764
0.997634
0.999051
0.999531
0.999717
0.999817
0.999886
0.999927
0.999968
0.960208
0.961714
0.961868
0.960662
0.953671
0.928396
0.884452
0.844132
0.823775
0.821713
0.82956
0.859443
0.900328
0.939692
0.969108
0.986312
0.99459
0.997986
0.999206
0.999617
0.999777
0.999861
0.999917
0.999949
0.999978
0.955551
0.95764
0.957918
0.956658
0.949265
0.923316
0.879095
0.840228
0.823388
0.823163
0.835123
0.868539
0.907555
0.945099
0.972515
0.988117
0.995413
0.998325
0.999348
0.999691
0.999824
0.999894
0.999938
0.999963
0.999985
0.952835
0.954614
0.954685
0.953022
0.944803
0.917233
0.872297
0.836113
0.823645
0.825511
0.843814
0.877801
0.91522
0.950812
0.976043
0.989932
0.996211
0.998639
0.999473
0.99975
0.99986
0.999917
0.999953
0.999973
0.999989
0.951581
0.9526
0.952474
0.950343
0.9408
0.909672
0.864169
0.832464
0.824804
0.829717
0.855114
0.88746
0.923298
0.95677
0.979637
0.991719
0.996963
0.998919
0.999575
0.999795
0.999885
0.999933
0.999963
0.99998
0.999991
0.950976
0.951476
0.951048
0.947845
0.935636
0.899507
0.855192
0.830175
0.827017
0.837078
0.868177
0.897509
0.931711
0.962865
0.983182
0.993401
0.997634
0.999154
0.999656
0.999828
0.999902
0.999943
0.999968
0.999983
0.999992
0.950885
0.950927
0.94997
0.945486
0.929762
0.887295
0.846722
0.829979
0.830583
0.850385
0.880818
0.907646
0.940507
0.969111
0.986636
0.994932
0.998195
0.999328
0.999703
0.999843
0.999909
0.999947
0.99997
0.999983
0.999992
0.951001
0.950812
0.949227
0.943038
0.919977
0.872852
0.84091
0.832529
0.837637
0.868216
0.893018
0.918036
0.949648
0.975285
0.989801
0.996209
0.998605
0.999428
0.999723
0.999847
0.99991
0.999946
0.999968
0.999981
0.999989
0.95148
0.950889
0.948202
0.938164
0.901757
0.859992
0.840023
0.838669
0.851842
0.88755
0.904418
0.928806
0.959107
0.981224
0.992564
0.997195
0.998865
0.99947
0.999719
0.99984
0.999904
0.99994
0.99996
0.999973
0.999981
0.952452
0.951037
0.945841
0.924424
0.882422
0.854231
0.845036
0.849023
0.876436
0.902952
0.91537
0.940015
0.968634
0.986587
0.994761
0.997873
0.999005
0.999468
0.999699
0.999827
0.999894
0.999927
0.999943
0.999954
0.999965
0.954441
0.950837
0.9394
0.904973
0.872755
0.855647
0.855137
0.869825
0.901092
0.914246
0.92531
0.952068
0.977541
0.990872
0.99629
0.998284
0.999079
0.99947
0.999693
0.99982
0.999882
0.999907
0.999915
0.999919
0.99993
0.955316
0.948946
0.926459
0.893809
0.871454
0.864655
0.872213
0.899548
0.915389
0.922088
0.93507
0.964748
0.984896
0.993874
0.997243
0.998532
0.999136
0.999486
0.999701
0.999817
0.999865
0.999874
0.99987
0.999864
0.999869
0.954701
0.942317
0.914099
0.890444
0.877776
0.882257
0.902467
0.917493
0.922638
0.928275
0.947884
0.976157
0.9903
0.995776
0.997808
0.998704
0.999212
0.999532
0.999725
0.999818
0.999845
0.999841
0.999803
0.999767
0.99977
0.948941
0.928611
0.908847
0.894402
0.896377
0.910511
0.92104
0.924558
0.926657
0.935181
0.964433
0.985287
0.99377
0.996897
0.998194
0.998889
0.999328
0.999599
0.999751
0.999816
0.999825
0.999804
0.999696
0.999611
0.99961
0.936201
0.923306
0.911425
0.911907
0.920667
0.926093
0.926654
0.92678
0.92995
0.950911
0.978702
0.99114
0.995775
0.997631
0.998574
0.999113
0.999435
0.999641
0.999755
0.999794
0.999792
0.999737
0.999508
0.999339
0.999328
0.933447
0.925919
0.925821
0.929393
0.930639
0.928824
0.926972
0.928073
0.940109
0.971322
0.987977
0.994466
0.997048
0.998227
0.998847
0.999225
0.999464
0.999612
0.99969
0.999713
0.999701
0.99958
0.99915
0.998844
0.998807
0.935692
0.93445
0.934122
0.933068
0.93022
0.9272
0.927327
0.934557
0.963741
0.98461
0.993176
0.996409
0.997693
0.998434
0.998894
0.999124
0.999245
0.99934
0.999411
0.999434
0.9994
0.99911
0.998329
0.99785
0.997779
0.936155
0.934846
0.932962
0.929693
0.927167
0.927336
0.93311
0.959154
0.982046
0.992
0.995683
0.997143
0.99774
0.997945
0.998044
0.99811
0.998176
0.998256
0.998374
0.998411
0.998285
0.99747
0.996382
0.995863
0.995821
0.931399
0.930116
0.928472
0.92789
0.928677
0.935786
0.960112
0.981105
0.991388
0.995644
0.996564
0.996281
0.994958
0.994035
0.993701
0.993842
0.994119
0.994574
0.994944
0.995019
0.994623
0.993023
0.991728
0.991162
0.991192
0.930629
0.930362
0.930978
0.934567
0.946439
0.967563
0.983613
0.992106
0.995424
0.995622
0.993739
0.986314
0.979099
0.97734
0.977917
0.979499
0.982545
0.984628
0.985401
0.985406
0.985065
0.984998
0.985061
0.985361
0.986973
0.943727
0.946123
0.95409
0.966593
0.979587
0.988356
0.993323
0.995165
0.994871
0.988765
0.962219
0.932796
0.925176
0.926783
0.932829
0.945629
0.956078
0.963457
0.968234
0.971486
0.974704
0.97774
0.980706
0.982179
0.985193
0.979323
0.981188
0.985158
0.989079
0.992035
0.993722
0.994205
0.992757
0.973466
0.88776
0.803178
0.782273
0.786823
0.808373
0.852892
0.888022
0.911453
0.929039
0.94116
0.951605
0.959008
0.966105
0.969304
0.971739
0.967723
0.987491
0.987574
0.988074
0.988521
0.987178
0.980434
0.954667
0.843327
0.600236
0.466672
0.445665
0.463511
0.550091
0.651899
0.722473
0.772467
0.804126
0.822665
0.835047
0.841048
0.83434
0.803602
0.744579
0.705024
0.666263
0.824585
0.824053
0.814283
0.788349
0.726698
0.568133
0.344805
0.182717
0.128185
0.124344
0.159533
0.251957
0.309609
0.336782
0.342522
0.331333
0.282455
0.2302
0.201294
0.1787
0.163655
0.143795
0.124069
0.0991344
0.0709065
0.188031
0.180726
0.160008
0.119025
0.0775742
0.0562775
0.0554995
0.0643146
0.0657889
0.0607896
0.0420216
0.0249281
0.0139573
0.00692565
0.00268692
0.00112265
0.000656577
0.000381227
0.000245186
0.000137697
0.000228514
0.000141213
0.000359912
0.000186348
0.000685228
)
;

boundaryField
{
    inlet
    {
        type            fixedValue;
        value           uniform 1;
    }
    outlet
    {
        type            inletOutlet;
        inletValue      uniform 0;
        value           nonuniform List<scalar> 
57
(
0.0748689
0.745545
0.894016
0.920612
0.928837
0.931806
0.934384
0.937277
0.941772
0.947546
0.954344
0.960601
0.967324
0.97346
0.979121
0.984121
0.988018
0.990917
0.99304
0.994616
0.995853
0.99688
0.997743
0.998444
0.998981
0.999365
0.999618
0.999758
0.999842
0.999895
0.999929
0.999952
0.999968
0.999978
0.999985
0.999989
0.999991
0.999992
0.999992
0.999989
0.999981
0.999965
0.99993
0.999869
0.99977
0.99961
0.999328
0.998807
0.997779
0.995821
0.991192
0.986973
0.985193
0.967723
0.666263
0.0709065
0.000685228
)
;
    }
    upperWall
    {
        type            zeroGradient;
    }
    lowerWall
    {
        type            zeroGradient;
    }
    frontAndBack
    {
        type            empty;
    }
}


// ************************************************************************* //
