/*--------------------------------*- C++ -*----------------------------------*\
| =========                 |                                                 |
| \\      /  F ield         | OpenFOAM: The Open Source CFD Toolbox           |
|  \\    /   O peration     | Version:  2112                                  |
|   \\  /    A nd           | Website:  www.openfoam.com                      |
|    \\/     M anipulation  |                                                 |
\*---------------------------------------------------------------------------*/
FoamFile
{
    version     2.0;
    format      ascii;
    arch        "LSB;label=32;scalar=64";
    class       volScalarField;
    location    "0.19";
    object      s;
}
// * * * * * * * * * * * * * * * * * * * * * * * * * * * * * * * * * * * * * //

dimensions      [0 0 0 0 0 0 0];

internalField   nonuniform List<scalar> 
12225
(
1
1
1
1
1
1
1
1
1
1
1
1
1
1
1
1
1
1
1
1
1
1
1
1
1
1
1
1
1
1
1
1
1
1
1
1
1
1
1
1
1
1
1
1
1
1
1
1
1
1
1
1
1
1
1
1
1
1
1
1
1
1
1
1
1
1
1
1
1
1
1
1
1
1
1
1
1
1
1
1
1
1
1
1
1
1
1
1
1
1
1
1
1
1
1
1
1
1
1
1
1
1
1
1
1
1
1
1
1
1
1
1
1
1
1
1
1
1
1
1
1
1
1
1
1
1
1
1
1
1
1
1
1
1
1
1
1
1
1
1
1
1
1
1
1
1
1
1
1
1
1
1
1
1
1
1
1
1
1
1
1
1
1
1
1
1
1
1
1
1
1
1
1
1
1
1
1
1
1
1
1
1
1
1
1
1
1
1
1
1
1
1
1
1
1
1
1
1
1
1
1
1
1
1
1
1
1
1
1
1
1
1
1
1
1
1
1
1
1
1
1
1
1
1
1
1
1
1
1
1
1
1
1
1
1
1
1
1
1
1
1
1
1
1
1
1
1
1
1
1
1
1
1
1
1
1
1
1
1
1
1
1
1
1
1
1
1
1
1
1
1
1
1
1
1
1
1
1
1
1
1
1
1
1
1
1
1
1
1
1
1
1
1
1
1
1
1
1
1
1
1
1
1
1
1
1
1
1
1
1
1
1
1
1
1
1
1
1
1
1
1
1
1
1
1
1
1
1
1
1
1
1
1
1
1
1
1
1
1
1
1
1
1
1
1
1
1
1
1
1
1
1
1
1
1
1
1
1
1
1
1
1
1
1
1
1
1
1
1
1
1
1
1
1
1
1
1
1
1
1
1
1
1
1
1
1
1
1
1
1
1
1
1
1
1
1
1
1
1
1
1
1
1
1
1
1
1
1
1
1
1
1
1
1
1
1
1
1
1
1
1
1
1
1
1
1
1
1
1
1
1
1
1
1
1
1
1
1
1
1
1
1
1
1
1
1
1
1
1
1
1
1
1
1
1
1
1
1
1
1
1
1
1
1
1
1
1
1
1
1
1
1
1
1
1
1
1
1
1
1
1
1
1
1
1
1
1
1
1
1
1
1
1
1
1
1
1
1
1
1
1
1
1
1
1
1
1
1
1
1
1
1
1
1
1
1
1
1
1
1
1
1
1
1
1
1
1
1
1
1
1
1
1
1
1
1
1
1
1
1
0.988087
0.984829
0.983637
0.98299
0.982212
0.981757
0.98086
0.980224
0.98003
0.979832
0.979576
0.979608
0.979695
0.979784
0.979873
0.97992
0.979904
0.979793
0.979545
0.979194
0.978762
0.978245
0.97766
0.977129
0.976646
0.976223
0.975891
0.975589
0.975339
0.975169
0.975
0.97486
0.974779
0.974699
0.974648
0.974626
0.974576
0.974552
0.974574
0.97463
0.974793
0.975484
0.976486
0.977529
0.98066
0.984672
0.985258
0.984831
0.984253
0.984278
0.985163
0.986135
0.986747
0.987232
0.987973
0.988886
0.99016
0.990775
0.990844
0.990809
0.990689
0.990334
0.988846
0.986916
0.986586
0.987668
0.99388
0.997758
0.998164
0.998182
0.998185
0.998185
0.998183
0.998176
0.998163
0.998146
0.998129
0.998111
0.998091
0.998068
0.998043
0.998017
0.997991
0.997964
0.997935
0.997906
0.997876
0.997845
0.997815
0.997786
0.997758
0.997726
0.9977
0.997686
0.997683
0.997693
0.997714
0.997729
0.997757
0.997801
0.997842
0.997878
0.997921
0.997977
0.998032
0.99808
0.99814
0.998202
0.99825
0.998312
0.99836
0.998406
0.998451
0.998486
0.998512
0.998536
0.998555
0.998567
0.998576
0.998581
0.998584
0.998583
0.998578
0.998569
0.998561
0.998548
0.998536
0.998526
0.998513
0.998488
0.998433
0.998382
0.998327
0.998222
0.997966
0.997581
0.997337
0.997287
0.997262
0.997101
0.996312
0.993479
0.990503
0.989182
0.988412
0.986676
0.983832
0.98225
0.981881
0.981975
0.982455
0.98274
0.98274
0.982719
0.982917
0.983854
0.986366
0.989796
0.992586
0.993451
0.993201
0.992271
0.991916
0.991807
0.991788
0.991792
0.991812
0.991845
0.991879
0.991917
0.991985
0.992071
0.992159
0.992242
0.992357
0.992477
0.992875
0.993508
0.994439
0.99522
0.988588
0.985498
0.984061
0.983289
0.983044
0.98126
0.978451
0.976332
0.975038
0.973622
0.973052
0.972693
0.972395
0.972121
0.971789
0.971342
0.970786
0.970242
0.969837
0.969533
0.969409
0.969387
0.969585
0.969966
0.970437
0.97095
0.971473
0.971984
0.972462
0.972888
0.973248
0.973527
0.973733
0.973802
0.973768
0.973627
0.973283
0.972864
0.972462
0.97167
0.970399
0.969756
0.969741
0.970352
0.972617
0.97902
0.98312
0.984621
0.984699
0.983876
0.982649
0.981549
0.980655
0.980295
0.981152
0.983519
0.987501
0.990531
0.990925
0.990719
0.99043
0.989709
0.987806
0.986813
0.9879
0.994293
0.997411
0.997977
0.997985
0.997859
0.997704
0.997527
0.997334
0.99713
0.996913
0.996684
0.996443
0.996183
0.995899
0.995589
0.995255
0.994943
0.994646
0.994335
0.994065
0.993818
0.993585
0.993382
0.993198
0.993057
0.992961
0.992892
0.992858
0.992842
0.992839
0.992876
0.992935
0.992985
0.993056
0.993168
0.993292
0.99343
0.99358
0.993768
0.993978
0.994206
0.994463
0.994769
0.99509
0.995466
0.995865
0.996268
0.996675
0.99706
0.997393
0.997661
0.997902
0.99812
0.998309
0.998468
0.998602
0.998716
0.998814
0.998897
0.998967
0.999027
0.999078
0.999124
0.999163
0.999195
0.999224
0.999252
0.999279
0.999304
0.999322
0.99933
0.999334
0.999341
0.999353
0.999352
0.999287
0.998836
0.997263
0.995869
0.995126
0.994422
0.992877
0.990014
0.988149
0.98754
0.987543
0.987907
0.98807
0.987816
0.987216
0.987234
0.987454
0.988054
0.990603
0.992866
0.992847
0.991729
0.99099
0.990764
0.990738
0.9908
0.990998
0.991223
0.991514
0.991795
0.991972
0.992073
0.992122
0.992058
0.991802
0.991241
0.99056
0.990263
0.990277
0.99129
0.989582
0.988151
0.987262
0.987417
0.985026
0.980393
0.976047
0.973938
0.97225
0.971117
0.970446
0.969646
0.969338
0.969309
0.969391
0.969693
0.970231
0.970827
0.971548
0.972721
0.974153
0.975766
0.97745
0.97899
0.980389
0.981635
0.982729
0.983664
0.984429
0.985012
0.985418
0.985633
0.985713
0.985508
0.98501
0.984278
0.983233
0.98195
0.980649
0.979041
0.976483
0.97311
0.970114
0.968947
0.969073
0.970312
0.974905
0.981336
0.983913
0.984049
0.983498
0.981666
0.978914
0.977653
0.977905
0.979209
0.98217
0.988362
0.990227
0.98945
0.987539
0.986945
0.986734
0.987902
0.9944
0.997196
0.997613
0.997624
0.997108
0.996452
0.995618
0.994681
0.993836
0.993142
0.9925
0.991932
0.991506
0.99108
0.990804
0.990544
0.990422
0.990291
0.990223
0.99019
0.990179
0.990189
0.990231
0.990264
0.990351
0.99046
0.990555
0.990692
0.990808
0.990916
0.99098
0.991032
0.991067
0.99108
0.991082
0.991074
0.99106
0.991039
0.991015
0.99099
0.990969
0.990952
0.990941
0.990944
0.990962
0.991004
0.991072
0.991206
0.991424
0.991746
0.992197
0.992777
0.993443
0.994183
0.994932
0.995626
0.996214
0.996671
0.997063
0.997393
0.997668
0.997897
0.998095
0.998269
0.998424
0.998562
0.998689
0.998807
0.998917
0.999018
0.999116
0.999208
0.999288
0.999354
0.999411
0.999453
0.99947
0.999464
0.999397
0.999174
0.998955
0.998749
0.998488
0.998027
0.996836
0.994967
0.993919
0.993697
0.993625
0.993397
0.992738
0.991625
0.990983
0.990883
0.99167
0.992787
0.99207
0.990564
0.990384
0.990616
0.990925
0.991694
0.992352
0.992737
0.992912
0.992945
0.992894
0.993003
0.993232
0.993555
0.993894
0.99416
0.993736
0.992111
0.990313
0.989719
0.989729
0.989382
0.988609
0.985141
0.979581
0.974363
0.971695
0.971068
0.971159
0.971232
0.971032
0.97097
0.971468
0.972522
0.973842
0.975677
0.978039
0.980482
0.982946
0.985207
0.987146
0.988808
0.990159
0.99133
0.992257
0.992979
0.993525
0.993903
0.99411
0.994199
0.994208
0.994033
0.993705
0.993247
0.992696
0.991763
0.99058
0.98912
0.987309
0.98514
0.982401
0.978771
0.974294
0.970319
0.968526
0.968471
0.969279
0.972363
0.979398
0.982734
0.983343
0.983016
0.981386
0.978945
0.978364
0.978804
0.980804
0.985036
0.989564
0.989535
0.987391
0.986661
0.987447
0.993373
0.996745
0.997227
0.997081
0.99594
0.994086
0.992472
0.991235
0.990488
0.9899
0.989461
0.989227
0.989083
0.989023
0.989011
0.989104
0.989216
0.989393
0.989571
0.98982
0.990061
0.990309
0.990589
0.990954
0.991407
0.991942
0.992523
0.993114
0.993621
0.994025
0.994338
0.994548
0.994655
0.994696
0.994686
0.9946
0.994445
0.994264
0.994024
0.993759
0.993452
0.993114
0.992744
0.992345
0.991937
0.991545
0.991214
0.99092
0.990653
0.990418
0.990235
0.990116
0.990063
0.990075
0.99015
0.990369
0.990799
0.991468
0.992354
0.993317
0.99422
0.994962
0.99552
0.995977
0.996365
0.996702
0.996998
0.997264
0.997511
0.997749
0.997979
0.998208
0.99844
0.998668
0.998885
0.999096
0.99929
0.99943
0.9995
0.999519
0.999512
0.999458
0.999395
0.999344
0.999246
0.99898
0.998008
0.996922
0.996578
0.9965
0.996349
0.995977
0.994552
0.992356
0.99192
0.992379
0.992474
0.990908
0.990127
0.990395
0.990986
0.991833
0.992189
0.992273
0.992121
0.991257
0.990453
0.990099
0.990028
0.990516
0.99137
0.992619
0.994143
0.995138
0.995425
0.994475
0.991513
0.988558
0.988481
0.986466
0.982757
0.975819
0.973902
0.973969
0.973509
0.973348
0.97349
0.974281
0.975885
0.978406
0.981198
0.984038
0.98695
0.989119
0.991269
0.992959
0.994345
0.995551
0.996407
0.997118
0.997559
0.997909
0.998141
0.998297
0.998381
0.998413
0.9984
0.998323
0.998157
0.997925
0.997551
0.996999
0.996346
0.995464
0.99436
0.992899
0.990902
0.988061
0.984095
0.979245
0.973875
0.969575
0.967654
0.967517
0.968084
0.970184
0.97634
0.980967
0.982435
0.982454
0.982124
0.9817
0.981767
0.982201
0.983611
0.988353
0.989553
0.98803
0.987238
0.991186
0.996034
0.996789
0.996606
0.994648
0.991838
0.990327
0.989326
0.988752
0.988469
0.988344
0.988309
0.988417
0.98856
0.988746
0.988953
0.989206
0.989538
0.989993
0.990544
0.99129
0.992231
0.993459
0.994834
0.995893
0.996929
0.99771
0.998205
0.998576
0.998769
0.998929
0.999021
0.999088
0.999124
0.999145
0.999155
0.999144
0.999115
0.999067
0.998999
0.998907
0.998784
0.998626
0.998418
0.998144
0.997777
0.997278
0.9966
0.995804
0.994927
0.993961
0.992973
0.992005
0.99118
0.990563
0.990082
0.989727
0.989503
0.989415
0.989436
0.989602
0.990063
0.99082
0.991803
0.99281
0.993704
0.994435
0.995033
0.995543
0.995976
0.996351
0.996688
0.997005
0.997309
0.997604
0.997898
0.998224
0.998619
0.999017
0.999306
0.999475
0.99955
0.99957
0.999569
0.999554
0.999512
0.999386
0.998874
0.998197
0.997953
0.997834
0.997589
0.996816
0.994017
0.992018
0.991913
0.992399
0.991845
0.990138
0.990086
0.990676
0.991612
0.991856
0.991825
0.990772
0.988209
0.986355
0.985527
0.98528
0.985658
0.986499
0.987584
0.988656
0.990338
0.993541
0.99558
0.996175
0.995419
0.984074
0.9859
0.982408
0.976393
0.975264
0.974844
0.975664
0.975977
0.977314
0.980166
0.984087
0.987364
0.99
0.992783
0.994558
0.995883
0.997383
0.998083
0.998655
0.999124
0.999351
0.999533
0.999613
0.999668
0.999715
0.999739
0.999756
0.999763
0.999759
0.999742
0.999709
0.999654
0.99957
0.999444
0.999253
0.998962
0.998525
0.997918
0.997187
0.996276
0.995023
0.993029
0.989187
0.982914
0.975538
0.969879
0.966995
0.966449
0.966748
0.968105
0.972352
0.978117
0.980913
0.981665
0.981979
0.982277
0.982565
0.983332
0.987646
0.989549
0.988527
0.98937
0.99476
0.996274
0.996319
0.994091
0.990767
0.989167
0.988386
0.988027
0.987906
0.987927
0.98805
0.988225
0.988456
0.988755
0.989168
0.989722
0.990543
0.991675
0.99329
0.994654
0.996197
0.997368
0.998231
0.998715
0.999199
0.999421
0.999545
0.999602
0.999626
0.999634
0.999635
0.999637
0.999647
0.999655
0.999675
0.999699
0.999721
0.999742
0.999759
0.999776
0.999788
0.999794
0.999799
0.999794
0.999779
0.99975
0.999701
0.99962
0.99949
0.999296
0.999002
0.998586
0.997969
0.997063
0.995862
0.994509
0.993068
0.991682
0.990587
0.989801
0.989321
0.989106
0.989079
0.98919
0.989565
0.990205
0.991087
0.992122
0.993163
0.994106
0.994889
0.995529
0.996072
0.996557
0.99699
0.997349
0.997635
0.997914
0.99828
0.99874
0.999146
0.999421
0.999563
0.999619
0.999631
0.999621
0.999536
0.999181
0.998878
0.998741
0.998528
0.997954
0.995701
0.99216
0.99119
0.991635
0.992196
0.991049
0.989841
0.990156
0.991178
0.991593
0.991506
0.990121
0.986324
0.984342
0.983465
0.983163
0.983225
0.98389
0.984965
0.98634
0.987534
0.988306
0.989587
0.993305
0.996064
0.996562
0.982007
0.982301
0.977344
0.976267
0.976
0.976741
0.978905
0.981818
0.986645
0.990416
0.993071
0.995286
0.996756
0.997965
0.998704
0.999121
0.999503
0.999659
0.999756
0.999813
0.999839
0.999858
0.999866
0.999875
0.999886
0.999902
0.999913
0.999926
0.999936
0.999942
0.999944
0.999938
0.999922
0.999891
0.999837
0.999741
0.99957
0.999272
0.998778
0.998155
0.997465
0.996576
0.995349
0.993217
0.98811
0.979328
0.971617
0.967082
0.965596
0.965613
0.966363
0.968577
0.974472
0.978616
0.980638
0.981658
0.982092
0.983051
0.987886
0.9906
0.990338
0.992994
0.995668
0.996059
0.994453
0.990527
0.988738
0.988015
0.98778
0.987761
0.987849
0.988003
0.988268
0.988648
0.989212
0.990023
0.99127
0.992775
0.994462
0.995982
0.997056
0.998159
0.998833
0.999279
0.999489
0.999586
0.999624
0.999627
0.999584
0.999521
0.999449
0.99934
0.999281
0.999251
0.999242
0.999269
0.999324
0.999401
0.999478
0.999562
0.99963
0.999694
0.999754
0.99979
0.999827
0.999854
0.999878
0.999897
0.999913
0.999924
0.99993
0.999926
0.999904
0.999862
0.999788
0.999661
0.999455
0.999128
0.998596
0.997693
0.996233
0.994387
0.992501
0.990969
0.989917
0.989341
0.989155
0.98917
0.989406
0.989953
0.990595
0.991417
0.992425
0.993483
0.994453
0.995296
0.996057
0.99674
0.997284
0.997653
0.997909
0.998191
0.998608
0.999062
0.999397
0.999581
0.999653
0.999662
0.999627
0.999469
0.999334
0.999184
0.99885
0.997784
0.994155
0.991228
0.990756
0.991507
0.991784
0.990387
0.989757
0.990478
0.991203
0.991365
0.990223
0.986527
0.983913
0.982414
0.981654
0.981381
0.981505
0.982112
0.983329
0.985384
0.98713
0.988132
0.988677
0.989945
0.994119
0.996489
0.980413
0.97875
0.97704
0.97684
0.978148
0.981278
0.985802
0.990778
0.993555
0.996245
0.997508
0.99862
0.999131
0.999492
0.999653
0.999732
0.999772
0.999785
0.999788
0.999784
0.999768
0.999753
0.999746
0.99975
0.999771
0.999808
0.999846
0.999887
0.999928
0.999948
0.999966
0.999975
0.999979
0.999981
0.999975
0.999959
0.999924
0.999849
0.999693
0.999365
0.998772
0.998067
0.997366
0.996434
0.994939
0.991601
0.983164
0.973703
0.967555
0.965027
0.964705
0.965052
0.966532
0.971
0.976637
0.979868
0.980998
0.982954
0.989326
0.992045
0.992718
0.994777
0.995671
0.995203
0.991048
0.988723
0.987907
0.9877
0.987743
0.987921
0.988322
0.988902
0.989673
0.990762
0.992066
0.993475
0.994886
0.99614
0.99732
0.998259
0.99892
0.999337
0.999511
0.99957
0.999574
0.999522
0.999411
0.999162
0.998822
0.998408
0.998
0.997694
0.997552
0.99751
0.997612
0.997722
0.997928
0.998152
0.998363
0.998596
0.998812
0.999007
0.999201
0.999339
0.999472
0.999579
0.999673
0.999758
0.999832
0.999892
0.999932
0.999956
0.999969
0.999975
0.999977
0.999973
0.999958
0.999927
0.999868
0.999754
0.99952
0.999033
0.998058
0.996422
0.994411
0.992508
0.991012
0.990045
0.989649
0.989592
0.989691
0.990187
0.990895
0.991582
0.992327
0.993166
0.994135
0.995219
0.996269
0.997134
0.997687
0.997982
0.998243
0.998641
0.999083
0.999415
0.999603
0.999672
0.999677
0.999659
0.999592
0.999431
0.999009
0.99753
0.993466
0.990961
0.990666
0.9914
0.99138
0.989926
0.98976
0.990666
0.991126
0.99073
0.987672
0.983923
0.981737
0.980728
0.980385
0.980356
0.980754
0.981259
0.982187
0.984051
0.98661
0.988209
0.988684
0.989305
0.991066
0.995219
0.979238
0.977909
0.9774
0.978691
0.983173
0.987574
0.992587
0.995724
0.997345
0.998637
0.999178
0.999479
0.999598
0.999649
0.999664
0.999666
0.9996
0.999514
0.999396
0.999278
0.999167
0.999113
0.999094
0.99912
0.999188
0.999295
0.999423
0.999575
0.999724
0.99983
0.999911
0.999956
0.999978
0.999988
0.999992
0.999993
0.999991
0.999982
0.999959
0.999898
0.999741
0.999329
0.99856
0.997807
0.997046
0.995831
0.993219
0.98543
0.9745
0.967471
0.964542
0.96403
0.964299
0.965744
0.970836
0.976744
0.979048
0.983258
0.990675
0.993223
0.994146
0.995217
0.995429
0.992601
0.989121
0.98793
0.987635
0.987717
0.988065
0.989027
0.990772
0.992295
0.993503
0.994469
0.995357
0.996257
0.997177
0.998015
0.998778
0.999269
0.999501
0.999583
0.999586
0.999514
0.999358
0.998972
0.998283
0.997151
0.996154
0.995567
0.995036
0.994776
0.994597
0.994522
0.994519
0.994787
0.995299
0.995932
0.996311
0.996746
0.997171
0.997582
0.997969
0.9983
0.99859
0.99884
0.999062
0.999268
0.999463
0.999636
0.999775
0.999872
0.999931
0.999964
0.99998
0.999987
0.999991
0.999992
0.999992
0.999988
0.999973
0.999932
0.999822
0.999535
0.998811
0.997393
0.995576
0.993825
0.992318
0.991222
0.99069
0.990601
0.990637
0.990876
0.991447
0.991887
0.99233
0.993054
0.994272
0.995765
0.996995
0.99774
0.998101
0.998382
0.998762
0.999162
0.999468
0.99964
0.9997
0.999708
0.99969
0.999582
0.999145
0.997444
0.993308
0.990943
0.990685
0.991269
0.991007
0.989657
0.989847
0.990678
0.990896
0.989239
0.985474
0.982005
0.980473
0.979903
0.979776
0.980069
0.98046
0.980962
0.981801
0.983589
0.9862
0.988542
0.989213
0.989413
0.990147
0.992984
0.978739
0.978038
0.978524
0.982885
0.988748
0.992451
0.996449
0.998097
0.998928
0.999339
0.999487
0.99954
0.999553
0.999487
0.999324
0.99904
0.998674
0.998414
0.998155
0.998015
0.997912
0.997869
0.997857
0.997906
0.997988
0.998138
0.998358
0.998663
0.999047
0.999387
0.999659
0.999834
0.999925
0.999969
0.999988
0.999995
0.999997
0.999998
0.999996
0.99999
0.999969
0.9999
0.999682
0.999028
0.998139
0.997447
0.996347
0.993746
0.984842
0.973239
0.966537
0.96405
0.963738
0.964219
0.967485
0.974384
0.97767
0.984596
0.991814
0.994069
0.994807
0.995258
0.994519
0.990278
0.98819
0.987554
0.987621
0.988063
0.989569
0.992558
0.994743
0.995883
0.996547
0.997006
0.997439
0.997932
0.998484
0.999016
0.999412
0.999581
0.999628
0.999581
0.999484
0.999151
0.998419
0.99691
0.995515
0.994825
0.994441
0.994248
0.994086
0.994005
0.993799
0.993531
0.993193
0.992813
0.992604
0.99274
0.993528
0.994245
0.99476
0.995464
0.996063
0.996656
0.99717
0.997624
0.998023
0.998396
0.998758
0.999102
0.999401
0.99963
0.999784
0.999879
0.999934
0.999964
0.999981
0.99999
0.999994
0.999996
0.999997
0.999997
0.999994
0.999984
0.999947
0.999824
0.999398
0.997929
0.995744
0.993953
0.992689
0.991918
0.991626
0.991605
0.991656
0.991844
0.992048
0.992267
0.992687
0.993744
0.995567
0.997053
0.997899
0.998285
0.998561
0.998914
0.999281
0.999551
0.999688
0.999728
0.999723
0.999642
0.999232
0.99754
0.993441
0.991046
0.990754
0.99112
0.990669
0.98954
0.989911
0.990641
0.990365
0.98762
0.983455
0.980746
0.979743
0.979473
0.979472
0.979733
0.980262
0.9808
0.981608
0.983389
0.986115
0.988868
0.99018
0.990146
0.990213
0.991388
0.978746
0.978664
0.981114
0.987607
0.992486
0.99609
0.998211
0.999007
0.999323
0.999428
0.999454
0.999396
0.999162
0.998658
0.998263
0.997894
0.997719
0.997544
0.997459
0.997396
0.997367
0.997357
0.997357
0.997387
0.997428
0.99748
0.997557
0.997663
0.997867
0.998302
0.998924
0.999449
0.99975
0.999894
0.999959
0.999986
0.999996
0.999998
0.999999
0.999999
0.999998
0.999991
0.999962
0.999845
0.999395
0.998449
0.997699
0.996503
0.993215
0.982194
0.970892
0.965311
0.963854
0.963963
0.966257
0.972786
0.977029
0.985751
0.992581
0.994594
0.995092
0.995209
0.992921
0.989045
0.987665
0.987467
0.987855
0.989766
0.992988
0.995766
0.997282
0.997986
0.998314
0.998491
0.998652
0.998885
0.999198
0.999491
0.999635
0.999676
0.999619
0.999482
0.99909
0.998042
0.996019
0.995088
0.994709
0.994599
0.99458
0.994751
0.995048
0.99516
0.995041
0.994468
0.993694
0.992817
0.991979
0.991338
0.990998
0.991502
0.992059
0.99286
0.993677
0.994525
0.995308
0.995995
0.996595
0.997152
0.9977
0.998247
0.998762
0.999189
0.999497
0.999699
0.999823
0.999897
0.99994
0.999967
0.999983
0.999992
0.999996
0.999998
0.999999
0.999999
0.999998
0.999995
0.999982
0.999929
0.999695
0.998836
0.996389
0.994218
0.992932
0.992285
0.992058
0.992044
0.99208
0.992186
0.992413
0.99288
0.994054
0.995901
0.997409
0.998184
0.998501
0.998754
0.999094
0.999427
0.999642
0.999727
0.999733
0.999672
0.999297
0.997695
0.993737
0.991301
0.990887
0.990991
0.990396
0.989502
0.989912
0.990527
0.989536
0.986301
0.982031
0.979997
0.97931
0.9791
0.979027
0.979241
0.979962
0.980693
0.98152
0.983308
0.986285
0.989129
0.990968
0.991102
0.990856
0.99115
0.978824
0.979447
0.984126
0.991227
0.995091
0.99782
0.998903
0.99925
0.999349
0.999374
0.999237
0.998802
0.998216
0.997858
0.997621
0.997461
0.997384
0.997314
0.997283
0.997249
0.997232
0.997218
0.997214
0.997238
0.997278
0.997327
0.997399
0.99745
0.997494
0.997567
0.997777
0.998441
0.999274
0.999692
0.999881
0.999959
0.999987
0.999996
0.999999
1
1
0.999999
0.999997
0.999983
0.999915
0.999594
0.998659
0.997798
0.996352
0.991908
0.978684
0.968379
0.964604
0.96423
0.96589
0.971608
0.976803
0.985933
0.992806
0.994903
0.995199
0.994873
0.991446
0.988386
0.987404
0.987449
0.988564
0.991307
0.994946
0.997568
0.998662
0.999072
0.999222
0.999274
0.999311
0.999404
0.999566
0.999685
0.999724
0.999676
0.99955
0.999167
0.998054
0.995959
0.995109
0.994884
0.994855
0.995265
0.996307
0.996874
0.99711
0.997157
0.997111
0.996848
0.996289
0.995041
0.993197
0.991268
0.990176
0.989614
0.989805
0.990275
0.99116
0.992229
0.993356
0.994293
0.99506
0.995739
0.996409
0.99711
0.997831
0.998491
0.999012
0.999377
0.999615
0.999765
0.999858
0.999916
0.999953
0.999975
0.999988
0.999995
0.999998
0.999999
1
1
0.999999
0.999998
0.999987
0.999923
0.999674
0.998905
0.996521
0.994291
0.993116
0.992587
0.99245
0.992459
0.992533
0.992776
0.993546
0.995149
0.996738
0.997931
0.998519
0.998731
0.998963
0.999289
0.999566
0.999706
0.999731
0.999685
0.999354
0.997892
0.99409
0.991598
0.991014
0.990934
0.990188
0.989482
0.9899
0.990312
0.988772
0.985004
0.981086
0.979514
0.97896
0.978689
0.978539
0.978709
0.979541
0.980626
0.981498
0.983286
0.986909
0.989804
0.991531
0.991847
0.991614
0.991474
0.979015
0.981194
0.987424
0.993641
0.996735
0.998554
0.99913
0.99928
0.999313
0.999194
0.998655
0.998042
0.997732
0.99754
0.997431
0.997368
0.997324
0.997283
0.997256
0.997224
0.997195
0.997159
0.997126
0.997099
0.997121
0.997221
0.997334
0.997433
0.997477
0.997468
0.99747
0.997592
0.998165
0.999191
0.999683
0.99989
0.999965
0.99999
0.999997
0.999999
1
1
1
0.999999
0.999991
0.999943
0.999679
0.998763
0.997834
0.996069
0.989614
0.974763
0.966782
0.964922
0.965738
0.97029
0.976276
0.985646
0.992666
0.995018
0.995275
0.994565
0.990891
0.988027
0.987215
0.987391
0.988602
0.991396
0.995197
0.998048
0.999217
0.999559
0.999643
0.999653
0.999649
0.999675
0.999739
0.999772
0.999743
0.99965
0.999373
0.998501
0.996361
0.995309
0.99505
0.995042
0.995704
0.996887
0.997307
0.997421
0.997444
0.997424
0.997412
0.997335
0.997152
0.996672
0.995517
0.993064
0.990207
0.988871
0.988253
0.988188
0.988596
0.989684
0.991381
0.992818
0.993833
0.99458
0.995243
0.995947
0.996746
0.997573
0.998306
0.99887
0.999268
0.999536
0.999712
0.999827
0.9999
0.999945
0.999972
0.999986
0.999994
0.999997
0.999999
1
1
1
1
0.999996
0.999975
0.999878
0.999541
0.998587
0.996097
0.994251
0.993456
0.993285
0.993323
0.99352
0.993996
0.995074
0.996493
0.997713
0.998469
0.998778
0.998936
0.999197
0.999491
0.999678
0.999727
0.999696
0.999428
0.998194
0.99462
0.991961
0.991169
0.99095
0.990062
0.98947
0.989873
0.989986
0.988123
0.983982
0.980497
0.979187
0.978691
0.978413
0.978346
0.978495
0.979218
0.980597
0.981614
0.983374
0.987199
0.99066
0.992267
0.992493
0.992296
0.991942
0.979224
0.982187
0.989493
0.994957
0.997558
0.998851
0.9992
0.999267
0.999228
0.998809
0.998109
0.997755
0.997557
0.997459
0.997414
0.997372
0.997342
0.997328
0.997333
0.997364
0.99738
0.997327
0.997185
0.997004
0.996915
0.996883
0.997058
0.997391
0.997553
0.997557
0.997462
0.997442
0.997563
0.998235
0.999255
0.99973
0.999914
0.999975
0.999993
0.999998
1
1
1
1
0.999999
0.999994
0.999952
0.999698
0.998809
0.997856
0.995636
0.986107
0.972043
0.96654
0.966232
0.968304
0.974733
0.984555
0.992107
0.994933
0.995304
0.994606
0.991039
0.988069
0.987172
0.987297
0.988434
0.991144
0.994988
0.997986
0.99928
0.999714
0.999815
0.999821
0.999811
0.99981
0.999822
0.999808
0.999742
0.999582
0.99897
0.997316
0.995682
0.995186
0.995129
0.995606
0.996824
0.997222
0.99729
0.997264
0.997193
0.997222
0.997312
0.997335
0.997232
0.996932
0.996113
0.994171
0.990972
0.988669
0.987476
0.98703
0.986987
0.987314
0.988693
0.991034
0.992748
0.993805
0.994485
0.995082
0.99578
0.996611
0.99746
0.998201
0.998777
0.999199
0.999494
0.999694
0.999823
0.999902
0.999948
0.999974
0.999988
0.999994
0.999998
0.999999
1
1
1
1
0.999998
0.999989
0.999945
0.99978
0.999296
0.997835
0.996075
0.995312
0.995225
0.995357
0.995861
0.996241
0.996877
0.997742
0.998465
0.998853
0.998996
0.999155
0.999423
0.999642
0.999722
0.999709
0.999516
0.998565
0.995341
0.992427
0.991376
0.991003
0.989984
0.989446
0.989796
0.98969
0.987749
0.983298
0.980133
0.978975
0.9785
0.978295
0.97828
0.978409
0.979069
0.980688
0.981806
0.983669
0.987551
0.991208
0.992971
0.993161
0.992956
0.992412
0.979482
0.983324
0.991162
0.99572
0.99796
0.998952
0.9992
0.999241
0.999015
0.998411
0.997901
0.997612
0.997501
0.997457
0.997442
0.997429
0.997456
0.997528
0.997647
0.997809
0.997898
0.997854
0.997694
0.997292
0.996905
0.996723
0.996739
0.997007
0.997526
0.997666
0.997606
0.997449
0.997471
0.997749
0.998699
0.999463
0.999814
0.999944
0.999985
0.999996
0.999999
1
1
1
1
0.999999
0.999994
0.999951
0.999667
0.998843
0.997809
0.994922
0.983075
0.970889
0.967445
0.967867
0.971361
0.981694
0.990703
0.994581
0.995299
0.994791
0.991592
0.988313
0.987158
0.987124
0.987932
0.990356
0.994257
0.997606
0.999185
0.999711
0.999863
0.999889
0.999885
0.999875
0.999861
0.999821
0.999724
0.999409
0.998491
0.996482
0.995415
0.995197
0.995315
0.996475
0.997088
0.997189
0.997047
0.996836
0.996789
0.996838
0.996972
0.997126
0.997139
0.996959
0.996205
0.99433
0.991108
0.98855
0.987084
0.986526
0.98646
0.986596
0.987074
0.988413
0.990873
0.992798
0.993897
0.994561
0.995129
0.995818
0.996635
0.997461
0.998193
0.998783
0.999224
0.999531
0.99973
0.999852
0.999922
0.99996
0.99998
0.999991
0.999996
0.999998
0.999999
1
1
1
1
0.999999
0.999994
0.99997
0.999878
0.999559
0.998599
0.99793
0.997805
0.997847
0.998059
0.998313
0.998434
0.998499
0.998662
0.998952
0.999093
0.999182
0.999373
0.999606
0.999718
0.99972
0.999597
0.998909
0.996182
0.992981
0.99165
0.991116
0.989941
0.989433
0.989677
0.989465
0.987455
0.982852
0.979972
0.97884
0.978395
0.978257
0.978259
0.978386
0.979028
0.980867
0.982146
0.98423
0.988416
0.991854
0.993459
0.993699
0.993522
0.992875
0.979812
0.983471
0.991566
0.995824
0.997919
0.99891
0.999182
0.9992
0.999007
0.99837
0.997801
0.997564
0.997482
0.997452
0.997453
0.997491
0.997559
0.997616
0.997724
0.997897
0.99796
0.997939
0.99783
0.997469
0.996955
0.996683
0.996653
0.996844
0.997421
0.997672
0.997662
0.9975
0.997471
0.997647
0.99847
0.999335
0.999756
0.999922
0.999978
0.999995
0.999999
1
1
1
1
1
1
0.999994
0.999945
0.999609
0.998885
0.997741
0.994289
0.98159
0.971085
0.968851
0.96975
0.975167
0.987348
0.993494
0.995154
0.995068
0.992956
0.988976
0.987307
0.986955
0.987275
0.988694
0.992006
0.996383
0.998732
0.99961
0.999852
0.999906
0.999912
0.999905
0.999882
0.999831
0.99971
0.99932
0.998036
0.99603
0.995329
0.99524
0.995709
0.996787
0.997085
0.997072
0.996797
0.996711
0.996721
0.996745
0.996811
0.996998
0.997025
0.996799
0.995939
0.993609
0.990175
0.987561
0.98648
0.986246
0.986246
0.986392
0.986765
0.987506
0.988924
0.990867
0.992752
0.993943
0.994633
0.995224
0.995936
0.996757
0.997585
0.998331
0.998928
0.999356
0.999634
0.999801
0.999896
0.999947
0.999974
0.999987
0.999994
0.999997
0.999999
0.999999
1
1
1
1
0.999999
0.999996
0.999979
0.999908
0.999596
0.999292
0.99924
0.999271
0.999348
0.999355
0.999296
0.999229
0.99921
0.999224
0.999269
0.999297
0.999366
0.999558
0.999709
0.999731
0.999661
0.999193
0.99707
0.993629
0.991996
0.991319
0.989952
0.989421
0.989544
0.989307
0.987469
0.982892
0.980018
0.978855
0.978397
0.978266
0.978279
0.978432
0.979179
0.981217
0.982584
0.984567
0.988978
0.992602
0.993998
0.994114
0.993912
0.993245
0.980371
0.983228
0.991062
0.995551
0.997715
0.998771
0.99913
0.999166
0.99904
0.998488
0.997862
0.997574
0.997422
0.997417
0.997426
0.997467
0.997544
0.997587
0.997665
0.997766
0.997762
0.997706
0.997524
0.997036
0.996648
0.996562
0.996598
0.996825
0.997432
0.997695
0.997673
0.997509
0.997484
0.997648
0.998432
0.99931
0.999744
0.999918
0.999977
0.999994
0.999999
1
1
1
1
1
1
1
0.999994
0.999935
0.999551
0.998876
0.997619
0.993697
0.980546
0.971658
0.97044
0.971842
0.979665
0.990584
0.994493
0.995002
0.994245
0.990554
0.987821
0.987
0.987
0.987525
0.989196
0.993067
0.997332
0.999183
0.999766
0.999896
0.999916
0.999914
0.999895
0.999842
0.999702
0.99914
0.997605
0.995922
0.995333
0.995257
0.995822
0.996783
0.997069
0.997006
0.996753
0.996686
0.996718
0.996733
0.996756
0.996915
0.996966
0.996726
0.995496
0.991915
0.988283
0.986774
0.986267
0.986157
0.986174
0.986335
0.98674
0.987419
0.988529
0.989893
0.991434
0.99293
0.993992
0.99467
0.995321
0.99614
0.997027
0.997896
0.998636
0.999182
0.999539
0.999751
0.99987
0.999933
0.999966
0.999983
0.999991
0.999996
0.999998
0.999999
1
1
1
1
1
0.999999
0.999996
0.999979
0.999886
0.999784
0.99977
0.999786
0.999804
0.999791
0.999689
0.999565
0.999504
0.999464
0.999441
0.999435
0.999441
0.999515
0.99969
0.99974
0.999705
0.999402
0.997887
0.994346
0.992451
0.991537
0.99
0.989416
0.989428
0.989222
0.987579
0.983101
0.980177
0.978934
0.978433
0.978307
0.978337
0.978538
0.979434
0.981749
0.983196
0.985253
0.989592
0.993183
0.99449
0.994529
0.994143
0.993403
0.980956
0.982641
0.989591
0.994779
0.997268
0.998501
0.999016
0.999125
0.999085
0.998802
0.998083
0.997649
0.997457
0.997327
0.997306
0.997327
0.997396
0.997459
0.997486
0.997473
0.997406
0.997223
0.996844
0.996603
0.996528
0.996535
0.996659
0.997196
0.9977
0.997743
0.997635
0.997455
0.997495
0.997846
0.998851
0.999548
0.999849
0.999955
0.999988
0.999997
0.999999
1
1
1
1
1
1
1
0.999999
0.99999
0.999904
0.999449
0.998744
0.997272
0.992252
0.978662
0.972223
0.971956
0.974077
0.984056
0.992494
0.994667
0.994623
0.993248
0.989164
0.987314
0.986864
0.986974
0.98766
0.989552
0.993953
0.997935
0.999438
0.999836
0.99991
0.999914
0.9999
0.999849
0.999674
0.999105
0.997603
0.995966
0.995359
0.995296
0.995762
0.99671
0.997024
0.996998
0.996812
0.996778
0.996801
0.996751
0.996743
0.996868
0.996873
0.996522
0.994803
0.990512
0.987637
0.986575
0.986232
0.986148
0.986165
0.986329
0.98694
0.98772
0.988622
0.989796
0.991132
0.992467
0.993624
0.99443
0.994987
0.995632
0.996549
0.997508
0.998363
0.99901
0.999438
0.999693
0.999837
0.999914
0.999955
0.999977
0.999988
0.999994
0.999997
0.999998
0.999999
1
1
1
1
1
0.999999
0.999995
0.999967
0.999936
0.999933
0.99994
0.999943
0.999931
0.999847
0.999738
0.999679
0.999616
0.999552
0.999514
0.999508
0.999535
0.999669
0.999751
0.999738
0.999547
0.998493
0.995158
0.992999
0.991786
0.99011
0.98943
0.989348
0.989155
0.987835
0.983593
0.9805
0.97912
0.97853
0.978408
0.978464
0.978756
0.980007
0.982468
0.983836
0.985924
0.990535
0.993944
0.994995
0.994942
0.994245
0.993473
0.981967
0.98249
0.986135
0.99304
0.996398
0.998027
0.998793
0.999048
0.999064
0.99898
0.998607
0.997907
0.997585
0.997371
0.997272
0.997172
0.997107
0.997096
0.997054
0.996977
0.996847
0.996699
0.996574
0.99652
0.996531
0.99664
0.997094
0.997715
0.997813
0.997746
0.997461
0.997423
0.997592
0.998366
0.999374
0.9998
0.99994
0.999983
0.999996
0.999999
1
1
1
1
1
1
1
1
1
0.999998
0.99998
0.999838
0.999316
0.998497
0.996587
0.989361
0.977002
0.972935
0.973211
0.976499
0.987717
0.993459
0.994499
0.994189
0.99169
0.988167
0.987021
0.986752
0.986926
0.987723
0.989886
0.995037
0.998461
0.999604
0.999869
0.999908
0.999899
0.999849
0.999668
0.999133
0.997685
0.996089
0.995419
0.995342
0.995631
0.99652
0.996929
0.99697
0.996919
0.996901
0.996868
0.996727
0.996707
0.99685
0.99682
0.996177
0.993274
0.988981
0.987161
0.986497
0.986236
0.986175
0.986197
0.986406
0.987391
0.988738
0.989521
0.99022
0.991198
0.992403
0.993543
0.994377
0.994929
0.99544
0.996209
0.997188
0.998118
0.998845
0.999333
0.99963
0.999801
0.999896
0.999945
0.999971
0.999985
0.999992
0.999996
0.999998
0.999999
0.999999
1
1
1
1
1
0.999998
0.99999
0.999981
0.999981
0.999983
0.999983
0.999973
0.999914
0.99984
0.999805
0.999749
0.999655
0.999583
0.999559
0.999568
0.999658
0.99976
0.999762
0.999647
0.998918
0.996
0.993604
0.992132
0.990362
0.989474
0.989314
0.989107
0.988119
0.984437
0.981132
0.979508
0.97875
0.978627
0.978722
0.979154
0.980898
0.983256
0.984545
0.986574
0.991207
0.99459
0.995479
0.995305
0.994285
0.9935
0.986483
0.983511
0.984419
0.988738
0.994523
0.997136
0.998364
0.998872
0.999009
0.998995
0.998893
0.998554
0.997948
0.997572
0.997359
0.997202
0.997111
0.997004
0.996911
0.996845
0.996734
0.996625
0.996607
0.996636
0.996769
0.997232
0.997833
0.997917
0.99784
0.997481
0.997324
0.997435
0.997986
0.999196
0.999723
0.999912
0.999975
0.999993
0.999998
1
1
1
1
1
1
1
1
1
1
1
0.999995
0.999955
0.999694
0.999106
0.998073
0.995339
0.985508
0.975971
0.973871
0.974656
0.979928
0.990534
0.99389
0.994163
0.993385
0.989949
0.987559
0.986824
0.986672
0.986883
0.987795
0.990378
0.996206
0.99891
0.999712
0.999878
0.999889
0.999845
0.999676
0.999205
0.997901
0.996297
0.995524
0.995382
0.995495
0.996126
0.996732
0.996895
0.996894
0.996879
0.996801
0.996597
0.996649
0.996848
0.996719
0.995495
0.991231
0.988087
0.986894
0.986475
0.986299
0.986275
0.986319
0.986569
0.9877
0.989896
0.991141
0.991596
0.991954
0.992645
0.993588
0.994399
0.99494
0.995413
0.996057
0.996985
0.997942
0.998721
0.99926
0.999596
0.999786
0.999889
0.999943
0.99997
0.999984
0.999991
0.999995
0.999997
0.999998
0.999999
1
1
1
1
1
1
0.999997
0.999994
0.999994
0.999995
0.999994
0.999987
0.999948
0.999901
0.999877
0.99984
0.999743
0.999642
0.999599
0.999599
0.999654
0.999767
0.999782
0.999716
0.999222
0.996797
0.994296
0.992585
0.990602
0.989553
0.989286
0.989084
0.988377
0.985517
0.981995
0.980145
0.979157
0.979015
0.979171
0.979851
0.982132
0.98419
0.985343
0.987501
0.992176
0.99527
0.995987
0.995659
0.994311
0.993526
0.991436
0.987112
0.9851
0.986152
0.990148
0.995254
0.997498
0.998479
0.998859
0.998956
0.998937
0.998854
0.998643
0.998188
0.997728
0.997436
0.997249
0.997096
0.997011
0.996884
0.996825
0.996836
0.9969
0.997096
0.997626
0.998044
0.998061
0.997954
0.997462
0.99716
0.997255
0.997735
0.999037
0.999686
0.999904
0.999972
0.999993
0.999998
1
1
1
1
1
1
1
1
1
1
1
1
0.999999
0.999987
0.999894
0.999473
0.998802
0.997419
0.993161
0.981674
0.975615
0.975036
0.976575
0.984398
0.992026
0.993886
0.993821
0.992583
0.988898
0.987171
0.986673
0.98664
0.986894
0.987983
0.991303
0.997148
0.999221
0.999767
0.999857
0.999832
0.999693
0.999308
0.998178
0.996692
0.995725
0.995451
0.995491
0.995727
0.996292
0.99668
0.996749
0.996714
0.996517
0.996467
0.996687
0.996848
0.996467
0.994036
0.989348
0.987367
0.986759
0.986504
0.986455
0.986471
0.986554
0.986872
0.988037
0.990545
0.992407
0.993254
0.993447
0.99356
0.993995
0.994661
0.995112
0.995474
0.996022
0.996865
0.997826
0.998647
0.999227
0.999583
0.999783
0.999888
0.999943
0.999971
0.999985
0.999992
0.999995
0.999997
0.999998
0.999999
0.999999
1
1
1
1
1
0.999999
0.999998
0.999998
0.999998
0.999998
0.999992
0.999967
0.999938
0.999921
0.999892
0.999808
0.999689
0.999629
0.999623
0.999655
0.999768
0.999801
0.999765
0.999439
0.997552
0.994964
0.99315
0.991062
0.98971
0.989296
0.989088
0.988569
0.986666
0.983193
0.981026
0.979761
0.979684
0.979977
0.981091
0.983639
0.985056
0.986062
0.988241
0.993087
0.996029
0.99657
0.996056
0.994409
0.993612
0.991746
0.991469
0.987929
0.986649
0.987658
0.991149
0.995654
0.997612
0.998469
0.998802
0.998892
0.998878
0.998831
0.998718
0.998488
0.998155
0.997839
0.997626
0.997433
0.997388
0.99742
0.997525
0.99778
0.998144
0.998257
0.998227
0.998039
0.997332
0.996925
0.997029
0.997533
0.998935
0.999653
0.999894
0.99997
0.999992
0.999998
1
1
1
1
1
1
1
1
1
1
1
1
1
1
0.999996
0.999964
0.999745
0.999195
0.998375
0.996407
0.989427
0.979229
0.97587
0.975986
0.978573
0.987724
0.992823
0.993724
0.993445
0.991366
0.988027
0.986856
0.986513
0.986551
0.986922
0.988351
0.992932
0.997871
0.999412
0.999768
0.999795
0.999714
0.999434
0.998556
0.997078
0.996049
0.995594
0.995528
0.995605
0.995847
0.9962
0.996344
0.996317
0.996281
0.996381
0.996872
0.996851
0.995755
0.99138
0.987971
0.986971
0.986716
0.986675
0.986701
0.986759
0.986898
0.987319
0.988819
0.991219
0.993116
0.994312
0.994807
0.994888
0.994913
0.99522
0.995536
0.995721
0.996068
0.996797
0.997761
0.998611
0.999215
0.999581
0.999785
0.999893
0.999948
0.999974
0.999987
0.999993
0.999996
0.999998
0.999999
0.999999
1
1
1
1
1
1
1
0.999999
0.999999
0.999999
0.999999
0.999995
0.999979
0.999961
0.999949
0.999924
0.999849
0.999721
0.999652
0.999639
0.99966
0.999765
0.999816
0.9998
0.999594
0.998206
0.995684
0.993808
0.991508
0.989927
0.989333
0.989108
0.988724
0.987626
0.984873
0.982339
0.98095
0.980974
0.981447
0.983026
0.984907
0.98584
0.986802
0.989241
0.993992
0.99671
0.997182
0.996554
0.994709
0.993834
0.99173
0.990704
0.989902
0.987777
0.987813
0.988917
0.992053
0.995792
0.997544
0.99835
0.998686
0.998809
0.998809
0.998789
0.998742
0.99863
0.998518
0.998403
0.998296
0.998296
0.99832
0.998396
0.998435
0.99842
0.998337
0.998015
0.996996
0.996587
0.996731
0.997331
0.998914
0.999646
0.999892
0.99997
0.999992
0.999998
1
1
1
1
1
1
1
1
1
1
1
1
1
1
1
0.999999
0.999988
0.999901
0.999469
0.998876
0.997788
0.994793
0.985281
0.977869
0.976349
0.977011
0.981596
0.990497
0.993265
0.993518
0.992819
0.989725
0.987388
0.98661
0.986364
0.986459
0.987016
0.989048
0.99469
0.998409
0.999496
0.999717
0.999693
0.999549
0.999018
0.997547
0.996389
0.995791
0.995612
0.995628
0.99571
0.9959
0.996053
0.996091
0.996179
0.996702
0.997016
0.996621
0.99376
0.988767
0.987043
0.986768
0.986823
0.986929
0.98702
0.987112
0.987297
0.98782
0.989723
0.992316
0.994056
0.995099
0.995656
0.995883
0.995914
0.99592
0.996038
0.996121
0.996268
0.996766
0.997734
0.9986
0.999213
0.999593
0.999802
0.999907
0.999957
0.999979
0.99999
0.999995
0.999997
0.999999
0.999999
0.999999
1
1
1
1
1
1
1
1
1
1
0.999999
0.999997
0.999986
0.999976
0.999966
0.999944
0.999874
0.999742
0.999667
0.999651
0.999665
0.999759
0.99983
0.999827
0.999704
0.998798
0.996347
0.994493
0.992223
0.990283
0.989422
0.989131
0.988844
0.988208
0.986682
0.984186
0.982824
0.982893
0.983414
0.984866
0.985899
0.986483
0.987495
0.990397
0.995014
0.997441
0.99783
0.99721
0.995273
0.994265
0.991676
0.990279
0.988963
0.987975
0.987998
0.988388
0.989628
0.992361
0.995567
0.997229
0.998063
0.998482
0.998652
0.99872
0.998717
0.998694
0.998666
0.99863
0.998593
0.998584
0.998572
0.998548
0.998483
0.998275
0.997739
0.996332
0.996132
0.996369
0.997192
0.998952
0.999658
0.999898
0.999972
0.999993
0.999998
1
1
1
1
1
1
1
1
1
1
1
1
1
1
1
1
1
0.999996
0.999962
0.999726
0.999139
0.998465
0.996972
0.991994
0.981846
0.977481
0.977251
0.978785
0.985926
0.991962
0.993356
0.993269
0.992007
0.988547
0.986931
0.986403
0.986242
0.986391
0.987212
0.989949
0.996147
0.998755
0.999506
0.99963
0.999557
0.999291
0.998484
0.996905
0.996101
0.995779
0.995713
0.995742
0.995851
0.995969
0.996061
0.996458
0.99717
0.997086
0.995658
0.990332
0.987241
0.986626
0.986705
0.98702
0.987286
0.987393
0.987482
0.987677
0.98828
0.990422
0.993244
0.995059
0.995969
0.996335
0.996466
0.996487
0.996444
0.996409
0.996436
0.996529
0.996827
0.997725
0.998609
0.999241
0.999622
0.999824
0.999921
0.999964
0.999984
0.999992
0.999996
0.999998
0.999999
0.999999
1
1
1
1
1
1
1
1
1
1
1
1
0.999998
0.999991
0.999985
0.999977
0.999957
0.999888
0.999753
0.999676
0.999658
0.999669
0.999754
0.999841
0.999848
0.999781
0.99923
0.996998
0.995308
0.993011
0.990808
0.989604
0.989166
0.988935
0.988544
0.987802
0.986146
0.984957
0.984997
0.985387
0.986176
0.9866
0.987115
0.988298
0.991745
0.995912
0.998124
0.998542
0.998055
0.996162
0.99497
0.992183
0.991617
0.989625
0.988265
0.988146
0.988311
0.98877
0.989916
0.991814
0.99458
0.996418
0.997461
0.99803
0.998337
0.998485
0.998552
0.99857
0.998565
0.998552
0.998522
0.998449
0.998275
0.997847
0.996735
0.995546
0.995546
0.995916
0.997268
0.999031
0.999692
0.999911
0.999976
0.999994
0.999999
1
1
1
1
1
1
1
1
1
1
1
1
1
1
1
1
1
1
0.999998
0.999985
0.999886
0.999395
0.998828
0.997961
0.995749
0.988073
0.980044
0.977807
0.978075
0.980871
0.98916
0.992741
0.993255
0.992881
0.990514
0.987627
0.986578
0.986213
0.986186
0.986424
0.987562
0.991101
0.996946
0.998925
0.999459
0.999508
0.999396
0.999021
0.997994
0.996758
0.996143
0.995924
0.9959
0.99595
0.996066
0.996378
0.997274
0.997376
0.996633
0.992334
0.987695
0.986468
0.98647
0.986846
0.987403
0.987634
0.987713
0.987792
0.987992
0.988711
0.991131
0.993809
0.995484
0.996307
0.996638
0.996726
0.996732
0.996711
0.99665
0.996642
0.996697
0.996955
0.997783
0.998671
0.999284
0.999648
0.999839
0.99993
0.99997
0.999987
0.999994
0.999998
0.999999
0.999999
1
1
1
1
1
1
1
1
1
1
1
1
1
0.999998
0.999995
0.999991
0.999983
0.999964
0.999894
0.999759
0.999682
0.999663
0.999672
0.999748
0.999848
0.999867
0.999833
0.999517
0.997716
0.99601
0.993884
0.991589
0.989993
0.989263
0.988985
0.988642
0.988302
0.987505
0.986606
0.986554
0.986676
0.986884
0.987142
0.987727
0.989354
0.993337
0.996834
0.998712
0.999166
0.998897
0.997331
0.995989
0.993965
0.994069
0.993731
0.991703
0.988897
0.988442
0.988607
0.988956
0.989682
0.990712
0.992478
0.994158
0.995824
0.996808
0.997388
0.997693
0.997898
0.997922
0.997881
0.997714
0.997288
0.996449
0.994962
0.994682
0.994875
0.995571
0.997683
0.999217
0.999756
0.99993
0.999981
0.999995
0.999999
1
1
1
1
1
1
1
1
1
1
1
1
1
1
1
1
1
1
1
0.999999
0.999994
0.99995
0.999669
0.99904
0.998468
0.997294
0.99378
0.984217
0.979023
0.97829
0.979223
0.984832
0.991337
0.993068
0.9931
0.992165
0.989016
0.987016
0.986302
0.986054
0.986111
0.986522
0.988049
0.992518
0.9974
0.998962
0.999362
0.999353
0.999214
0.99879
0.997891
0.997078
0.996506
0.996431
0.996507
0.99677
0.997474
0.997647
0.99723
0.99415
0.988355
0.98636
0.986109
0.986397
0.987272
0.987727
0.987868
0.987917
0.987997
0.988236
0.989172
0.991899
0.994277
0.995707
0.996445
0.996756
0.996841
0.996846
0.99684
0.996825
0.996825
0.99686
0.997088
0.997896
0.998755
0.999339
0.999681
0.999857
0.999939
0.999975
0.99999
0.999996
0.999998
0.999999
1
1
1
1
1
1
1
1
1
1
1
1
1
1
0.999999
0.999997
0.999994
0.999988
0.999969
0.999897
0.999763
0.999688
0.999669
0.999676
0.999745
0.999853
0.999884
0.999869
0.999698
0.998516
0.996433
0.99509
0.992441
0.990515
0.989478
0.989049
0.988745
0.988501
0.987985
0.987607
0.987324
0.987275
0.987328
0.987606
0.988522
0.99105
0.994702
0.99761
0.999159
0.999581
0.999519
0.998658
0.997287
0.99377
0.993783
0.995164
0.998798
0.997929
0.99123
0.98944
0.989241
0.989401
0.989715
0.990164
0.991057
0.991607
0.992599
0.993567
0.994178
0.994724
0.994737
0.994603
0.994183
0.993652
0.993626
0.993785
0.994374
0.996061
0.998421
0.999452
0.999826
0.99995
0.999987
0.999997
0.999999
1
1
1
1
1
1
1
1
1
1
1
1
1
1
1
1
1
1
1
1
1
0.999997
0.999977
0.999848
0.999287
0.998751
0.998041
0.996319
0.990159
0.981625
0.978918
0.979022
0.981173
0.988446
0.992402
0.993067
0.992809
0.99096
0.987822
0.986548
0.986087
0.985929
0.986052
0.98666
0.988626
0.993522
0.997594
0.998896
0.999205
0.999174
0.999021
0.998611
0.99812
0.997683
0.997551
0.997598
0.997755
0.997828
0.997549
0.995381
0.989203
0.986435
0.985801
0.985934
0.986756
0.987599
0.98792
0.988012
0.988058
0.988153
0.98847
0.989751
0.992584
0.994654
0.995882
0.996529
0.996818
0.996912
0.996922
0.99692
0.996929
0.996954
0.997022
0.997247
0.998009
0.998854
0.999413
0.999727
0.999882
0.999951
0.99998
0.999992
0.999997
0.999999
0.999999
1
1
1
1
1
1
1
1
1
1
1
1
1
1
0.999999
0.999999
0.999996
0.999991
0.999972
0.999898
0.999767
0.999694
0.999676
0.999682
0.999745
0.999857
0.999898
0.999895
0.99981
0.999215
0.997043
0.99568
0.994046
0.991422
0.989925
0.989207
0.988878
0.988537
0.98826
0.98793
0.987605
0.987587
0.987733
0.988404
0.990068
0.992745
0.995895
0.998257
0.999401
0.999755
0.999764
0.999512
0.998675
0.999351
0.998743
0.99873
0.998784
0.999023
0.999252
0.998959
0.998093
0.996254
0.994259
0.992483
0.991841
0.991747
0.991828
0.992002
0.992188
0.992403
0.992447
0.992517
0.992692
0.993074
0.993891
0.995635
0.997899
0.99913
0.99968
0.999894
0.999968
0.999991
0.999998
0.999999
1
1
1
1
1
1
1
1
1
1
1
1
1
1
1
1
1
1
1
1
1
1
0.999999
0.999989
0.999928
0.999575
0.998958
0.998461
0.997496
0.994762
0.986267
0.98039
0.979268
0.979914
0.984484
0.990987
0.992853
0.992978
0.992257
0.989329
0.987089
0.986228
0.985929
0.985847
0.986019
0.986776
0.988942
0.993645
0.997389
0.998624
0.998957
0.998941
0.998778
0.998509
0.998238
0.998058
0.997982
0.997881
0.997551
0.995584
0.989674
0.986549
0.985608
0.985573
0.985998
0.987199
0.987838
0.988083
0.988165
0.988224
0.988354
0.988789
0.990522
0.993178
0.994965
0.996041
0.99662
0.996889
0.996989
0.997017
0.997025
0.997036
0.997068
0.997161
0.997425
0.998191
0.998975
0.999489
0.999771
0.999906
0.999964
0.999986
0.999995
0.999998
0.999999
1
1
1
1
1
1
1
1
1
1
1
1
1
1
1
1
0.999999
0.999998
0.999993
0.999975
0.999901
0.999773
0.999704
0.999687
0.999693
0.999749
0.99986
0.999911
0.999915
0.99988
0.999609
0.998163
0.996091
0.995024
0.993431
0.99112
0.989743
0.98919
0.988712
0.988458
0.988093
0.987993
0.988099
0.988628
0.990322
0.991673
0.994268
0.997187
0.998933
0.999654
0.999871
0.99989
0.999815
0.999534
0.999986
0.999961
0.999947
0.999945
0.999949
0.999961
0.999952
0.999907
0.999765
0.999461
0.998911
0.998012
0.996853
0.995969
0.995392
0.994896
0.994889
0.995045
0.995432
0.996198
0.997402
0.998447
0.999196
0.999637
0.999856
0.999949
0.999984
0.999995
0.999999
1
1
1
1
1
1
1
1
1
1
1
1
1
1
1
1
1
1
1
1
1
1
1
1
1
0.999995
0.999966
0.999802
0.999227
0.998745
0.998148
0.996773
0.992078
0.983407
0.980037
0.979979
0.981557
0.987872
0.992078
0.992917
0.992768
0.991486
0.988188
0.986603
0.986012
0.985783
0.985766
0.985966
0.986745
0.988726
0.992652
0.996315
0.997884
0.99842
0.998514
0.998404
0.998188
0.997979
0.997705
0.997056
0.994362
0.989252
0.986471
0.985476
0.985314
0.985468
0.986409
0.987538
0.988084
0.988299
0.988377
0.988454
0.988633
0.989235
0.99135
0.993738
0.995307
0.996239
0.996753
0.996992
0.997078
0.997111
0.997138
0.997185
0.997242
0.997348
0.997626
0.998382
0.999101
0.999566
0.999814
0.999928
0.999975
0.999992
0.999998
0.999999
1
1
1
1
1
1
1
1
1
1
1
1
1
1
1
1
1
1
0.999998
0.999994
0.999978
0.999906
0.999786
0.999722
0.999706
0.999711
0.999761
0.999866
0.999922
0.999934
0.999922
0.999814
0.999245
0.997171
0.995529
0.994571
0.99313
0.991492
0.990216
0.989458
0.988972
0.988829
0.988965
0.989502
0.991076
0.992073
0.993333
0.996055
0.998317
0.999434
0.999833
0.999941
0.999954
0.999933
0.999846
1
0.999999
0.999999
0.999999
0.999999
0.999999
0.999999
0.999997
0.99999
0.99997
0.999923
0.999836
0.999649
0.999471
0.999303
0.999167
0.999179
0.999251
0.999399
0.999567
0.999724
0.999845
0.999924
0.999968
0.999988
0.999996
0.999999
1
1
1
1
1
1
1
1
1
1
1
1
1
1
1
1
1
1
1
1
1
1
1
1
1
1
1
0.999998
0.999985
0.999907
0.999531
0.998998
0.998563
0.997762
0.995669
0.988737
0.982025
0.980314
0.980664
0.983615
0.990349
0.992579
0.99289
0.992485
0.990337
0.98745
0.98629
0.985845
0.985666
0.985669
0.985857
0.986509
0.988072
0.990629
0.993594
0.995546
0.996783
0.996963
0.996777
0.996239
0.994918
0.991823
0.988288
0.986191
0.985359
0.985166
0.985209
0.985615
0.986941
0.987902
0.988377
0.988567
0.988642
0.988735
0.988969
0.989801
0.992187
0.994283
0.99563
0.996424
0.996873
0.997109
0.997207
0.99724
0.997284
0.997366
0.997435
0.997549
0.997836
0.99857
0.999234
0.999649
0.999859
0.99995
0.999984
0.999995
0.999999
1
1
1
1
1
1
1
1
1
1
1
1
1
1
1
1
1
1
1
0.999999
0.999995
0.999981
0.999915
0.999805
0.999747
0.999732
0.999738
0.999782
0.999874
0.99993
0.999949
0.999947
0.999909
0.999694
0.998859
0.996614
0.995213
0.994194
0.993157
0.99235
0.991454
0.990895
0.990961
0.99126
0.991999
0.992535
0.993282
0.995148
0.997834
0.99924
0.999761
0.999929
0.999975
0.999981
0.999975
0.999948
1
1
1
1
1
1
1
1
1
0.999999
0.999997
0.999991
0.999977
0.999965
0.999943
0.999938
0.999942
0.999953
0.999966
0.999978
0.999987
0.999994
0.999997
0.999999
1
1
1
1
1
1
1
1
1
1
1
1
1
1
1
1
1
1
1
1
1
1
1
1
1
1
1
1
1
1
0.999999
0.999994
0.999958
0.999776
0.99928
0.998868
0.998336
0.997192
0.993759
0.985702
0.981372
0.98086
0.981807
0.986658
0.991505
0.99276
0.99277
0.99202
0.989263
0.986992
0.986078
0.985716
0.985571
0.985551
0.985688
0.986129
0.987088
0.988667
0.989831
0.991262
0.991511
0.991254
0.990472
0.988933
0.987132
0.985812
0.985237
0.985085
0.985091
0.985247
0.986097
0.987502
0.98835
0.988733
0.988865
0.988922
0.989021
0.989321
0.990502
0.99297
0.994814
0.995943
0.996594
0.996987
0.997222
0.997326
0.997371
0.997461
0.997555
0.997622
0.997736
0.99805
0.998784
0.99938
0.999731
0.9999
0.999967
0.99999
0.999997
0.999999
1
1
1
1
1
1
1
1
1
1
1
1
1
1
1
1
1
1
1
0.999999
0.999996
0.999983
0.999926
0.999829
0.999778
0.999766
0.99977
0.999809
0.999887
0.999938
0.99996
0.999962
0.999951
0.999879
0.999574
0.998587
0.996583
0.995216
0.994074
0.99348
0.992892
0.992526
0.99255
0.992703
0.993043
0.993655
0.9951
0.997688
0.999111
0.999699
0.999908
0.999973
0.99999
0.999993
0.999991
0.999983
1
1
1
1
1
1
1
1
1
1
1
1
0.999999
0.999999
0.999998
0.999998
0.999998
0.999999
0.999999
1
1
1
1
1
1
1
1
1
1
1
1
1
1
1
1
1
1
1
1
1
1
1
1
1
1
1
1
1
1
1
1
1
1
1
1
0.999998
0.999982
0.999901
0.999575
0.999161
0.998739
0.997967
0.996155
0.990461
0.98378
0.981411
0.981448
0.983062
0.988874
0.992107
0.992777
0.99266
0.991651
0.988624
0.98672
0.985937
0.98562
0.985489
0.98543
0.9855
0.985722
0.986234
0.986701
0.987312
0.987348
0.987205
0.986801
0.986103
0.985467
0.985132
0.985038
0.985037
0.985112
0.985504
0.986863
0.98818
0.988867
0.989115
0.98918
0.989222
0.989331
0.989756
0.991406
0.993727
0.995323
0.996252
0.996775
0.997126
0.997356
0.997458
0.997515
0.997632
0.997732
0.997801
0.997922
0.998274
0.998976
0.999502
0.999795
0.999927
0.999977
0.999993
0.999998
1
1
1
1
1
1
1
1
1
1
1
1
1
1
1
1
1
1
1
1
0.999999
0.999997
0.999986
0.999938
0.999858
0.999815
0.999804
0.999808
0.999839
0.999902
0.999945
0.999968
0.999974
0.999971
0.99995
0.999855
0.999526
0.998689
0.997253
0.995825
0.99501
0.994223
0.99391
0.993965
0.994201
0.994725
0.996005
0.99798
0.999149
0.999689
0.999898
0.999969
0.999991
0.999997
0.999998
0.999997
0.999994
1
1
1
1
1
1
1
1
1
1
1
1
1
1
1
1
1
1
1
1
1
1
1
1
1
1
1
1
1
1
1
1
1
1
1
1
1
1
1
1
1
1
1
1
1
1
1
1
1
1
1
1
1
1
1
0.999999
0.999993
0.999958
0.999792
0.999439
0.999069
0.998464
0.997221
0.993783
0.987148
0.98264
0.981644
0.982037
0.984776
0.990475
0.992451
0.992816
0.992595
0.991463
0.988362
0.986598
0.985861
0.985553
0.985418
0.985342
0.985337
0.985399
0.985517
0.985671
0.985666
0.985602
0.985432
0.985207
0.985058
0.985015
0.985018
0.985073
0.985307
0.98618
0.987802
0.988887
0.989354
0.989473
0.989497
0.989534
0.989691
0.990374
0.992525
0.994532
0.995839
0.99657
0.996986
0.997302
0.997537
0.997659
0.997742
0.997841
0.997918
0.997979
0.998098
0.998469
0.999134
0.9996
0.999844
0.999948
0.999985
0.999996
0.999999
1
1
1
1
1
1
1
1
1
1
1
1
1
1
1
1
1
1
1
1
1
0.999998
0.999989
0.99995
0.999887
0.999854
0.999845
0.999848
0.999872
0.99992
0.999954
0.999974
0.999981
0.999982
0.999977
0.999951
0.999858
0.999605
0.998934
0.998089
0.99733
0.996505
0.99632
0.996414
0.996719
0.997491
0.998588
0.999344
0.999739
0.999909
0.999971
0.999991
0.999997
0.999999
0.999999
0.999999
0.999998
1
1
1
1
1
1
1
1
1
1
1
1
1
1
1
1
1
1
1
1
1
1
1
1
1
1
1
1
1
1
1
1
1
1
1
1
1
1
1
1
1
1
1
1
1
1
1
1
1
1
1
1
1
1
1
1
0.999997
0.999984
0.999914
0.999671
0.999356
0.998852
0.997835
0.995414
0.990158
0.984899
0.982286
0.982086
0.982867
0.986799
0.991247
0.992607
0.992822
0.992556
0.991414
0.988366
0.98662
0.985861
0.985521
0.985365
0.985284
0.985233
0.985207
0.985202
0.985177
0.985135
0.985078
0.985033
0.985019
0.985028
0.985083
0.985271
0.985812
0.987339
0.988796
0.989577
0.989806
0.989811
0.989803
0.989842
0.990109
0.991304
0.9936
0.995254
0.996295
0.996882
0.997232
0.997533
0.997782
0.997958
0.998087
0.998148
0.998159
0.998185
0.998273
0.998647
0.999291
0.999698
0.999894
0.999969
0.999992
0.999998
1
1
1
1
1
1
1
1
1
1
1
1
1
1
1
1
1
1
1
1
1
1
0.999998
0.999992
0.999961
0.999915
0.999891
0.999885
0.999887
0.999904
0.999939
0.999964
0.999979
0.999987
0.999989
0.999988
0.999982
0.999959
0.999893
0.999669
0.999414
0.999017
0.998549
0.998489
0.99856
0.998782
0.999237
0.999611
0.999833
0.999937
0.999979
0.999993
0.999998
0.999999
1
1
1
1
1
1
1
1
1
1
1
1
1
1
1
1
1
1
1
1
1
1
1
1
1
1
1
1
1
1
1
1
1
1
1
1
1
1
1
1
1
1
1
1
1
1
1
1
1
1
1
1
1
1
1
1
1
1
1
1
0.999999
0.999994
0.999966
0.999848
0.999591
0.99919
0.998361
0.996258
0.992162
0.987299
0.983564
0.982303
0.98239
0.983652
0.988303
0.991706
0.992695
0.992866
0.992608
0.991572
0.988848
0.986884
0.985989
0.985571
0.985365
0.985255
0.985193
0.985147
0.985105
0.985073
0.985055
0.985052
0.985069
0.985144
0.985343
0.985797
0.987011
0.988628
0.989723
0.990143
0.990181
0.990111
0.990091
0.990182
0.990694
0.992556
0.994611
0.995913
0.996708
0.997208
0.997554
0.997848
0.998112
0.998366
0.998529
0.998558
0.998546
0.998526
0.998557
0.998838
0.999428
0.999775
0.999926
0.999979
0.999995
0.999999
1
1
1
1
1
1
1
1
1
1
1
1
1
1
1
1
1
1
1
1
1
1
0.999999
0.999994
0.999971
0.999939
0.999923
0.999919
0.999921
0.999933
0.999957
0.999974
0.999984
0.99999
0.999993
0.999993
0.999992
0.999988
0.999973
0.999917
0.999855
0.999735
0.999581
0.999573
0.999606
0.999709
0.999838
0.999924
0.999969
0.999989
0.999996
0.999999
1
1
1
1
1
1
1
1
1
1
1
1
1
1
1
1
1
1
1
1
1
1
1
1
1
1
1
1
1
1
1
1
1
1
1
1
1
1
1
1
1
1
1
1
1
1
1
1
1
1
1
1
1
1
1
1
1
1
1
1
1
1
1
0.999998
0.999987
0.999936
0.999773
0.999459
0.998833
0.997232
0.993314
0.989008
0.985172
0.982909
0.982489
0.982781
0.984433
0.989413
0.992031
0.992817
0.992987
0.992776
0.991949
0.989909
0.987543
0.986377
0.985788
0.985482
0.985322
0.985225
0.985163
0.985148
0.985156
0.985196
0.985331
0.985604
0.986023
0.986989
0.988524
0.989827
0.990475
0.990588
0.990501
0.990377
0.990396
0.990623
0.991655
0.993912
0.995546
0.99655
0.99717
0.997627
0.997995
0.998273
0.998579
0.998863
0.999003
0.999025
0.999004
0.998949
0.998953
0.999104
0.999552
0.999826
0.999944
0.999985
0.999997
0.999999
1
1
1
1
1
1
1
1
1
1
1
1
1
1
1
1
1
1
1
1
1
1
0.999999
0.999995
0.999978
0.999957
0.999948
0.999946
0.999948
0.999957
0.999972
0.999983
0.999989
0.999993
0.999995
0.999996
0.999996
0.999996
0.999993
0.999982
0.99997
0.999943
0.999913
0.999914
0.999926
0.999955
0.999977
0.99999
0.999996
0.999998
0.999999
1
1
1
1
1
1
1
1
1
1
1
1
1
1
1
1
1
1
1
1
1
1
1
1
1
1
1
1
1
1
1
1
1
1
1
1
1
1
1
1
1
1
1
1
1
1
1
1
1
1
1
1
1
1
1
1
1
1
1
1
1
1
1
1
0.999999
0.999995
0.999973
0.99989
0.999672
0.999217
0.998181
0.994862
0.990189
0.986418
0.983843
0.982729
0.982676
0.983151
0.985305
0.990113
0.992247
0.992929
0.993161
0.99303
0.992486
0.991229
0.989065
0.987315
0.986395
0.985927
0.985639
0.985516
0.98552
0.985572
0.985728
0.986154
0.986612
0.987405
0.988671
0.989978
0.990796
0.991027
0.990963
0.990713
0.990674
0.990765
0.991276
0.993132
0.995103
0.996365
0.997148
0.997691
0.998144
0.998523
0.998833
0.999148
0.99938
0.999474
0.999482
0.999451
0.999353
0.999336
0.999403
0.999687
0.999885
0.999966
0.999992
0.999999
1
1
1
1
1
1
1
1
1
1
1
1
1
1
1
1
1
1
1
1
1
1
1
0.999999
0.999996
0.999984
0.999971
0.999966
0.999966
0.999967
0.999974
0.999983
0.999989
0.999993
0.999996
0.999997
0.999998
0.999998
0.999998
0.999998
0.999996
0.999995
0.99999
0.999987
0.999988
0.999991
0.999995
0.999998
0.999999
1
1
1
1
1
1
1
1
1
1
1
1
1
1
1
1
1
1
1
1
1
1
1
1
1
1
1
1
1
1
1
1
1
1
1
1
1
1
1
1
1
1
1
1
1
1
1
1
1
1
1
1
1
1
1
1
1
1
1
1
1
1
1
1
1
1
1
1
0.999998
0.99999
0.999951
0.99982
0.999507
0.998839
0.996965
0.991911
0.987546
0.984655
0.983137
0.982746
0.982828
0.983522
0.98601
0.990332
0.992337
0.993031
0.993355
0.993317
0.993054
0.992399
0.991027
0.989291
0.988112
0.987198
0.986788
0.986792
0.986917
0.987289
0.987779
0.988336
0.989232
0.990333
0.991185
0.991519
0.99147
0.991152
0.990995
0.991022
0.99129
0.992467
0.994687
0.996159
0.997092
0.997743
0.998305
0.99875
0.999138
0.99945
0.99963
0.999721
0.999746
0.999742
0.999704
0.999626
0.999612
0.999648
0.999809
0.999936
0.999983
0.999996
0.999999
1
1
1
1
1
1
1
1
1
1
1
1
1
1
1
1
1
1
1
1
1
1
1
0.999999
0.999997
0.999988
0.999981
0.999979
0.999979
0.99998
0.999985
0.99999
0.999994
0.999996
0.999997
0.999998
0.999999
0.999999
0.999999
0.999999
0.999999
0.999999
0.999998
0.999998
0.999999
0.999999
1
1
1
1
1
1
1
1
1
1
1
1
1
1
1
1
1
1
1
1
1
1
1
1
1
1
1
1
1
1
1
1
1
1
1
1
1
1
1
1
1
1
1
1
1
1
1
1
1
1
1
1
1
1
1
1
1
1
1
1
1
1
1
1
1
1
1
1
1
1
1
1
0.999997
0.99998
0.999909
0.999704
0.999262
0.998272
0.994935
0.989391
0.985686
0.983691
0.982932
0.982853
0.982997
0.983797
0.986364
0.990447
0.992369
0.993164
0.993539
0.993614
0.993519
0.993211
0.992517
0.99149
0.990589
0.989805
0.9894
0.989411
0.989532
0.989816
0.990277
0.990989
0.991706
0.992071
0.992031
0.991682
0.99136
0.991337
0.991466
0.992104
0.994161
0.995914
0.997019
0.997771
0.998425
0.998977
0.999397
0.999618
0.999748
0.999827
0.999858
0.99986
0.999853
0.999806
0.999737
0.999727
0.99976
0.999884
0.999962
0.99999
0.999998
1
1
1
1
1
1
1
1
1
1
1
1
1
1
1
1
1
1
1
1
1
1
1
1
0.999999
0.999997
0.999991
0.999988
0.999987
0.999987
0.999988
0.999991
0.999995
0.999997
0.999998
0.999998
0.999999
0.999999
0.999999
1
1
1
1
1
1
1
1
1
1
1
1
1
1
1
1
1
1
1
1
1
1
1
1
1
1
1
1
1
1
1
1
1
1
1
1
1
1
1
1
1
1
1
1
1
1
1
1
1
1
1
1
1
1
1
1
1
1
1
1
1
1
1
1
1
1
1
1
1
1
1
1
1
1
1
1
1
1
1
1
0.999999
0.999993
0.999963
0.999839
0.999544
0.99896
0.997545
0.993089
0.987889
0.98487
0.983445
0.982998
0.983009
0.98321
0.984001
0.986155
0.990183
0.992231
0.993229
0.993604
0.993861
0.99388
0.993794
0.993527
0.993115
0.992699
0.992187
0.991839
0.991836
0.991916
0.992125
0.992514
0.992729
0.992664
0.992284
0.991791
0.991692
0.991752
0.992132
0.993614
0.995659
0.996925
0.997819
0.998544
0.999171
0.999536
0.999722
0.999821
0.999882
0.999916
0.999925
0.999923
0.999913
0.999861
0.999796
0.999786
0.999816
0.999917
0.999974
0.999994
0.999999
1
1
1
1
1
1
1
1
1
1
1
1
1
1
1
1
1
1
1
1
1
1
1
1
0.999999
0.999997
0.999994
0.999992
0.999992
0.999992
0.999993
0.999995
0.999997
0.999998
0.999999
0.999999
0.999999
1
1
1
1
1
1
1
1
1
1
1
1
1
1
1
1
1
1
1
0.999999
0.999999
0.999999
0.999999
1
1
1
1
1
1
1
1
1
1
1
1
1
1
1
1
1
1
1
1
1
1
1
1
1
1
1
1
1
1
1
1
1
1
1
1
1
1
1
1
1
1
1
1
1
1
1
1
1
1
1
1
1
1
1
1
1
1
1
1
0.999998
0.999989
0.999942
0.999748
0.999394
0.998715
0.997034
0.992783
0.98806
0.985164
0.983807
0.983328
0.983342
0.983555
0.98418
0.985578
0.988922
0.991621
0.99299
0.993638
0.993922
0.994136
0.99418
0.994157
0.994091
0.993943
0.993886
0.993768
0.993615
0.993595
0.993587
0.993465
0.992972
0.992312
0.99212
0.992146
0.992391
0.993392
0.995509
0.996978
0.997912
0.998746
0.999332
0.999642
0.999802
0.999881
0.999923
0.999949
0.999962
0.999964
0.999962
0.999952
0.999904
0.99984
0.999831
0.999857
0.999939
0.999982
0.999996
0.999999
1
1
1
1
1
1
1
1
1
1
1
1
1
1
1
1
1
1
1
1
1
1
1
1
0.999999
0.999997
0.999995
0.999995
0.999995
0.999995
0.999996
0.999998
0.999999
0.999999
0.999999
1
1
1
1
1
1
1
1
1
1
1
1
1
1
1
1
1
1
1
1
0.999999
0.999998
0.999998
0.999998
0.999999
1
1
1
1
1
1
1
1
1
1
1
1
1
1
1
1
1
1
1
1
1
1
1
1
1
1
1
1
1
1
1
1
1
1
1
1
1
1
1
1
1
1
1
1
1
1
1
1
1
1
1
1
1
1
1
1
1
1
1
1
1
0.999998
0.999989
0.999938
0.999699
0.999305
0.998652
0.997064
0.994018
0.990365
0.987252
0.985328
0.984328
0.984118
0.984273
0.984703
0.985605
0.987408
0.990303
0.992302
0.993379
0.993926
0.994185
0.994374
0.994476
0.994515
0.994535
0.994538
0.994488
0.994393
0.994221
0.993709
0.992952
0.992665
0.992668
0.992847
0.993547
0.99559
0.997142
0.998167
0.999013
0.999487
0.999737
0.999864
0.999927
0.999957
0.999972
0.999981
0.999985
0.999984
0.999982
0.999974
0.999932
0.999875
0.999867
0.999895
0.999961
0.99999
0.999998
1
1
1
1
1
1
1
1
1
1
1
1
1
1
1
1
1
1
1
1
1
1
1
1
1
0.999999
0.999998
0.999997
0.999997
0.999997
0.999997
0.999998
0.999999
0.999999
1
1
1
1
1
1
1
1
1
1
1
1
1
1
1
1
1
1
1
1
1
0.999999
0.999995
0.999994
0.999994
0.999996
0.999997
1
1
1
1
1
1
1
1
1
1
1
1
1
1
1
1
1
1
1
1
1
1
1
1
1
1
1
1
1
1
1
1
1
1
1
1
1
1
1
1
1
1
1
1
1
1
1
1
1
1
1
1
1
1
1
1
1
1
1
1
1
1
0.999999
0.999993
0.999964
0.999846
0.999471
0.998745
0.997422
0.995414
0.993238
0.990815
0.988764
0.987268
0.985991
0.98574
0.985904
0.986381
0.987205
0.988947
0.991126
0.99273
0.993635
0.994134
0.994395
0.994531
0.994594
0.994611
0.994608
0.994559
0.99434
0.993629
0.993282
0.993276
0.993443
0.994058
0.995948
0.99748
0.998571
0.999251
0.999625
0.999819
0.999913
0.999958
0.999978
0.999987
0.999992
0.999994
0.999995
0.999994
0.999992
0.999985
0.999947
0.9999
0.999898
0.999931
0.999979
0.999995
0.999999
1
1
1
1
1
1
1
1
1
1
1
1
1
1
1
1
1
1
1
1
1
1
1
1
1
0.999999
0.999998
0.999998
0.999998
0.999998
0.999999
0.999999
1
1
1
1
1
1
1
1
1
1
1
1
1
1
1
1
1
1
1
1
1
0.999999
0.999998
0.999995
0.999986
0.999984
0.999986
0.99999
0.999994
1
1
1
1
1
1
1
1
1
1
1
1
1
1
1
1
1
1
1
1
1
1
1
1
1
1
1
1
1
1
1
1
1
1
1
1
1
1
1
1
1
1
1
1
1
1
1
1
1
1
1
1
1
1
1
1
1
1
1
1
1
1
1
0.999999
0.999996
0.999983
0.999934
0.999775
0.999282
0.998064
0.996579
0.994881
0.993127
0.991336
0.989806
0.988579
0.98759
0.987362
0.98747
0.987817
0.988626
0.990056
0.991531
0.992705
0.993524
0.994019
0.994249
0.994306
0.994302
0.994257
0.993989
0.993878
0.993923
0.994167
0.994889
0.99673
0.998116
0.998975
0.999475
0.999747
0.999885
0.99995
0.999978
0.99999
0.999995
0.999997
0.999998
0.999999
0.999998
0.999998
0.999997
0.99999
0.999952
0.999921
0.999925
0.999962
0.999991
0.999998
1
1
1
1
1
1
1
1
1
1
1
1
1
1
1
1
1
1
1
1
1
1
1
1
1
1
0.999999
0.999999
0.999999
0.999999
0.999999
0.999999
1
1
1
1
1
1
1
1
1
1
1
1
1
1
1
1
1
1
1
0.999999
0.999999
0.999999
0.999998
0.999995
0.999984
0.999967
0.999966
0.99997
0.999981
0.999989
1
1
1
1
1
1
1
1
1
1
1
1
1
1
1
1
1
1
1
1
1
1
1
1
1
1
1
1
1
1
1
1
1
1
1
1
1
1
1
1
1
1
1
1
1
1
1
1
1
1
1
1
1
1
1
1
1
1
1
1
1
1
1
1
1
0.999998
0.999993
0.999972
0.999903
0.9997
0.999119
0.99777
0.996268
0.994597
0.992799
0.991078
0.989705
0.988819
0.988423
0.988424
0.988664
0.989533
0.990951
0.992133
0.993006
0.993592
0.993928
0.99407
0.994114
0.994157
0.994257
0.99449
0.99496
0.996198
0.997769
0.998756
0.999345
0.999678
0.999853
0.999938
0.999976
0.999991
0.999996
0.999998
0.999999
0.999999
1
1
1
0.999999
0.999998
0.99999
0.999952
0.999938
0.999951
0.999984
0.999997
0.999999
1
1
1
1
1
1
1
1
1
1
1
1
1
1
1
1
1
1
1
1
1
1
1
1
1
0.999999
0.999999
0.999999
0.999999
0.999999
1
1
1
1
1
1
1
1
1
1
1
1
1
1
1
1
1
1
1
1
0.999998
0.999997
0.999997
0.999996
0.999993
0.999985
0.999961
0.999943
0.999942
0.999948
0.999967
0.999982
1
1
1
1
1
1
1
1
1
1
1
1
1
1
1
1
1
1
1
1
1
1
1
1
1
1
1
1
1
1
1
1
1
1
1
1
1
1
1
1
1
1
1
1
1
1
1
1
1
1
1
1
1
1
1
1
1
1
1
1
1
1
1
1
1
1
0.999999
0.999998
0.999991
0.999967
0.999894
0.999688
0.999076
0.997822
0.996476
0.995019
0.99346
0.99197
0.990884
0.990368
0.990302
0.990586
0.9916
0.992568
0.993326
0.993788
0.994033
0.994268
0.994518
0.994875
0.995633
0.996847
0.998064
0.998903
0.99941
0.999702
0.999862
0.999942
0.999978
0.999993
0.999998
0.999999
0.999999
0.999999
1
1
1
1
1
0.999999
0.999997
0.999978
0.999953
0.999955
0.999981
0.999996
0.999999
1
1
1
1
1
1
1
1
1
1
1
1
1
1
1
1
1
1
1
1
1
1
1
1
1
1
1
1
1
1
1
1
1
1
1
1
1
1
1
1
1
1
1
1
1
1
1
1
1
1
0.999997
0.999992
0.999991
0.99999
0.999989
0.999983
0.999964
0.999941
0.999931
0.999931
0.999937
0.999957
0.999976
1
1
1
1
1
1
1
1
1
1
1
1
1
1
1
1
1
1
1
1
1
1
1
1
1
1
1
1
1
1
1
1
1
1
1
1
1
1
1
1
1
1
1
1
1
1
1
1
1
1
1
1
1
1
1
1
1
1
1
1
1
1
1
1
1
1
1
1
0.999999
0.999997
0.999989
0.999963
0.999882
0.999644
0.999109
0.998278
0.997242
0.996313
0.995466
0.994586
0.993915
0.993695
0.99375
0.994016
0.994431
0.994808
0.995318
0.996018
0.996883
0.997864
0.99869
0.999259
0.999615
0.999814
0.999915
0.999964
0.999986
0.999995
0.999999
1
1
1
0.999999
0.999999
0.999999
1
1
1
1
0.999998
0.999987
0.999964
0.999962
0.999979
0.999995
0.999999
1
1
1
1
1
1
1
1
1
1
1
1
1
1
1
1
1
1
1
1
1
1
1
1
1
1
1
1
1
1
1
1
1
1
1
1
1
1
1
1
1
1
1
1
1
1
1
1
1
1
0.999998
0.999989
0.999977
0.999977
0.999977
0.999975
0.999966
0.999952
0.999935
0.999927
0.999927
0.999932
0.99995
0.999971
1
1
1
1
1
1
1
1
1
1
1
1
1
1
1
1
1
1
1
1
1
1
1
1
1
1
1
1
1
1
1
1
1
1
1
1
1
1
1
1
1
1
1
1
1
1
1
1
1
1
1
1
1
1
1
1
1
1
1
1
1
1
1
1
1
1
1
1
1
1
0.999999
0.999996
0.999985
0.999953
0.999865
0.999615
0.99923
0.998811
0.998319
0.997777
0.99736
0.997176
0.997119
0.997127
0.99722
0.997529
0.998103
0.998673
0.999156
0.999516
0.999745
0.999875
0.999944
0.999976
0.99999
0.999996
0.999999
1
1
1
1
1
0.999998
0.999997
0.999998
0.999999
1
0.999999
0.999998
0.999989
0.999972
0.999966
0.999979
0.999994
0.999999
1
1
1
1
1
1
1
1
1
1
1
1
1
1
1
1
1
1
1
1
1
1
1
1
1
1
1
1
1
1
1
1
1
1
1
1
1
1
1
1
1
1
1
1
1
1
1
1
1
1
0.999999
0.999994
0.99997
0.999954
0.999955
0.999958
0.999958
0.999956
0.999949
0.999933
0.999926
0.999926
0.999932
0.999952
0.999971
1
1
1
1
1
1
1
1
1
1
1
1
1
1
1
1
1
1
1
1
1
1
1
1
1
1
1
1
1
1
1
1
1
1
1
1
1
1
1
1
1
1
1
1
1
1
1
1
1
1
1
1
1
1
1
1
1
1
1
1
1
1
1
1
1
1
1
1
1
1
1
1
0.999998
0.999994
0.999982
0.999946
0.99986
0.999743
0.999567
0.99935
0.999175
0.999097
0.999089
0.999107
0.999166
0.999332
0.999563
0.999741
0.999861
0.999932
0.999969
0.999987
0.999995
0.999998
0.999999
1
1
1
1
1
1
0.999999
0.999997
0.999996
0.999996
0.999997
0.999996
0.999994
0.999987
0.999978
0.999972
0.99998
0.999993
0.999998
1
1
1
1
1
1
1
1
1
1
1
1
1
1
1
1
1
1
1
1
1
1
1
1
1
1
1
1
1
1
1
1
1
1
1
1
1
1
1
1
1
1
1
1
1
1
1
1
1
1
1
0.999998
0.999982
0.999946
0.999936
0.999937
0.999943
0.999952
0.999955
0.99995
0.999933
0.999926
0.999927
0.999934
0.999955
0.999972
1
1
1
1
1
1
1
1
1
1
1
1
1
1
1
1
1
1
1
1
1
1
1
1
1
1
1
1
1
1
1
1
1
1
1
1
1
1
1
1
1
1
1
1
1
1
1
1
1
1
1
1
1
1
1
1
1
1
1
1
1
1
1
1
1
1
1
1
1
1
1
1
1
0.999999
0.999998
0.999994
0.999984
0.999965
0.999923
0.999864
0.999814
0.999795
0.999795
0.999803
0.999826
0.999886
0.999937
0.999968
0.999986
0.999994
0.999998
0.999999
1
1
1
1
1
1
1
1
1
0.999999
0.999997
0.999994
0.999992
0.999991
0.999989
0.999985
0.999982
0.999979
0.999982
0.999993
0.999998
1
1
1
1
1
1
1
1
1
1
1
1
1
1
1
1
1
1
1
1
1
1
1
1
1
1
1
1
1
1
1
1
1
1
1
1
1
1
1
1
1
1
1
1
1
1
1
1
1
1
1
0.999999
0.999993
0.999959
0.999936
0.999931
0.999932
0.99994
0.999955
0.99996
0.999955
0.999939
0.999931
0.999931
0.999941
0.999961
0.999974
1
1
1
1
1
1
1
1
1
1
1
1
1
1
1
1
1
1
1
1
1
1
1
1
1
1
1
1
1
1
1
1
1
1
1
1
1
1
1
1
1
1
1
1
1
1
1
1
1
1
1
1
1
1
1
1
1
1
1
1
1
1
1
1
1
1
1
1
1
1
1
1
1
1
1
1
0.999999
0.999997
0.999992
0.99998
0.99997
0.999967
0.999967
0.999969
0.999976
0.999988
0.999994
0.999998
0.999999
1
1
1
1
1
1
1
1
1
1
1
1
0.999999
0.999997
0.999994
0.999992
0.999989
0.999987
0.999985
0.999984
0.999987
0.999994
0.999998
0.999999
1
1
1
1
1
1
1
1
1
1
1
1
1
1
1
1
1
1
1
1
1
1
1
1
1
1
1
1
1
1
1
1
1
1
1
1
1
1
1
1
1
1
1
1
1
1
1
1
1
1
1
0.999998
0.999982
0.999943
0.999933
0.999931
0.999933
0.999946
0.999958
0.999963
0.999961
0.999949
0.999941
0.999943
0.999952
0.999969
0.999977
1
1
1
1
1
1
1
1
1
1
1
1
1
1
1
1
1
1
1
1
1
1
1
1
1
1
1
1
1
1
1
1
1
1
1
1
1
1
1
1
1
1
1
1
1
1
1
1
1
1
1
1
1
1
1
1
1
1
1
1
1
1
1
1
1
1
1
1
1
1
1
1
1
1
1
1
1
1
0.999999
0.999998
0.999996
0.999996
0.999996
0.999997
0.999998
0.999999
1
1
1
1
1
1
1
1
1
1
1
1
1
1
1
1
0.999998
0.999996
0.999994
0.999992
0.999991
0.99999
0.999992
0.999996
0.999998
0.999999
1
1
1
1
1
1
1
1
1
1
1
1
1
1
1
1
1
1
1
1
1
1
1
1
1
1
1
1
1
1
1
1
1
1
1
1
1
1
1
1
1
1
1
1
1
1
1
1
1
1
1
0.999999
0.999995
0.999962
0.999933
0.999934
0.999936
0.999941
0.999953
0.999959
0.999964
0.999966
0.999962
0.999955
0.999957
0.999964
0.999975
0.999978
1
1
1
1
1
1
1
1
1
1
1
1
1
1
1
1
1
1
1
1
1
1
1
1
1
1
1
1
1
1
1
1
1
1
1
1
1
1
1
1
1
1
1
1
1
1
1
1
1
1
1
1
1
1
1
1
1
1
1
1
1
1
1
1
1
1
1
1
1
1
1
1
1
1
1
1
1
1
1
1
1
1
1
1
1
1
1
1
1
1
1
1
1
1
1
1
1
1
1
1
1
1
0.999999
0.999999
0.999998
0.999997
0.999996
0.999997
0.999998
0.999999
0.999999
1
1
1
1
1
1
1
1
1
1
1
1
1
1
1
1
1
1
1
1
1
1
1
1
1
1
1
1
1
1
1
1
1
1
1
1
1
1
1
1
1
1
1
1
1
1
1
1
1
1
0.999999
0.999998
0.999995
0.999981
0.999936
0.999926
0.999934
0.999943
0.999949
0.999954
0.999956
0.999963
0.999967
0.999969
0.999967
0.999968
0.999972
0.999977
0.999977
1
1
1
1
1
1
1
1
1
1
1
1
1
1
1
1
1
1
1
1
1
1
1
1
1
1
1
1
1
1
1
1
1
1
1
1
1
1
1
1
1
1
1
1
1
1
1
1
1
1
1
1
1
1
1
1
1
1
1
1
1
1
1
1
1
1
1
1
1
1
1
1
1
1
1
1
1
1
1
1
1
1
1
1
1
1
1
1
1
1
1
1
1
1
1
1
1
1
1
1
1
1
1
1
0.999999
0.999999
0.999999
0.999999
0.999999
1
1
1
1
1
1
1
1
1
1
1
1
1
1
1
1
1
1
1
1
1
1
1
1
1
1
1
1
1
1
1
1
1
1
1
1
1
1
1
1
1
1
1
1
1
1
1
1
1
0.999999
0.999998
0.999995
0.999988
0.999982
0.99997
0.99993
0.999908
0.999914
0.999934
0.999944
0.999948
0.999947
0.999945
0.999954
0.999966
0.99997
0.999972
0.999974
0.999975
0.999977
0.99997
1
1
1
1
1
1
1
1
1
1
1
1
1
1
1
1
1
1
1
1
1
1
1
1
1
1
1
1
1
1
1
1
1
1
1
1
1
1
1
1
1
1
1
1
1
1
1
1
1
1
1
1
1
1
1
1
1
1
1
1
1
1
1
1
1
1
1
1
1
1
1
1
1
1
1
1
1
1
1
1
1
1
1
1
1
1
1
1
1
1
1
1
1
1
1
1
1
1
1
1
1
1
1
1
1
1
1
1
1
1
1
1
1
1
1
1
1
1
1
1
1
1
1
1
1
1
1
1
1
1
1
1
1
1
1
1
1
1
1
1
1
1
1
1
1
1
1
1
1
1
1
1
1
1
1
1
0.999999
0.999998
0.999988
0.999964
0.999951
0.999915
0.999878
0.999871
0.999872
0.999883
0.999909
0.999927
0.999937
0.999938
0.999929
0.99992
0.999929
0.99995
0.999964
0.999971
0.999973
0.999974
0.99997
0.999937
1
1
1
1
1
1
1
1
1
1
1
1
1
1
1
1
1
1
1
1
1
1
1
1
1
1
1
1
1
1
1
1
1
1
1
1
1
1
1
1
1
1
1
1
1
1
1
1
1
1
1
1
1
1
1
1
1
1
1
1
1
1
1
1
1
1
1
1
1
1
1
1
1
1
1
1
1
1
1
1
1
1
1
1
1
1
1
1
1
1
1
1
1
1
1
1
1
1
1
1
1
1
1
1
1
1
1
1
1
1
1
1
1
1
1
1
1
1
1
1
1
1
1
1
1
1
1
1
1
1
1
1
1
1
1
1
1
1
1
1
1
1
1
1
1
1
1
1
1
1
1
1
0.999999
0.999992
0.99998
0.999977
0.999972
0.999953
0.999879
0.999799
0.999766
0.999765
0.999792
0.999841
0.99987
0.999887
0.999898
0.999906
0.999912
0.999911
0.999895
0.999875
0.999873
0.999891
0.999914
0.999933
0.999941
0.999925
0.999848
0.999775
1
1
1
1
1
1
1
1
1
1
1
1
1
1
1
1
1
1
1
1
1
1
1
1
1
1
1
1
1
1
1
1
1
1
1
1
1
1
1
1
1
1
1
1
1
1
1
1
1
1
1
1
1
1
1
1
1
1
1
1
1
1
1
1
1
1
1
1
1
1
1
1
1
1
1
1
1
1
1
1
1
1
1
1
1
1
1
1
1
1
1
1
1
1
1
1
1
1
1
1
1
1
1
1
1
1
1
1
1
1
1
1
1
1
1
1
1
1
1
1
1
1
1
1
1
1
1
1
1
1
1
0.999999
0.999999
0.999998
0.999996
0.999993
0.999988
0.999976
0.999954
0.999931
0.999908
0.999887
0.999869
0.99985
0.999829
0.999807
0.999788
0.999772
0.999761
0.999753
0.999748
0.999742
0.999726
0.999697
0.999681
0.999678
0.999683
0.999716
0.99978
0.999822
0.999847
0.999862
0.999873
0.99988
0.999887
0.999893
0.999895
0.999896
0.999895
0.999893
0.999882
0.999855
0.999835
0.999816
0.999793
0.99978
0.999775
0.999761
0.999728
0.999715
0.995383
0.995545
0.9956
0.995523
0.99494
0.99412
0.993885
0.993762
0.993507
0.992864
0.990968
0.990121
0.990334
0.991678
0.993479
0.995192
0.99622
0.996496
0.996444
0.996317
0.996165
0.996148
0.9961
0.995962
0.995729
0.992228
0.99359
0.995028
0.995927
0.996223
0.996287
0.996295
0.996197
0.99572
0.994009
0.992451
0.992292
0.992466
0.992362
0.992249
0.992775
0.995299
0.996368
0.996139
0.995683
0.99545
0.995407
0.995401
0.995334
0.995307
0.989632
0.989759
0.990664
0.992943
0.994641
0.995407
0.995669
0.995733
0.995647
0.99482
0.994072
0.994191
0.994756
0.994805
0.994148
0.993722
0.994769
0.996107
0.99587
0.995488
0.995333
0.995277
0.995263
0.995251
0.995258
0.990192
0.98958
0.98948
0.989752
0.991258
0.993134
0.994311
0.995051
0.995309
0.995155
0.994569
0.994517
0.99495
0.995569
0.995472
0.994625
0.994854
0.995944
0.995849
0.995491
0.995337
0.995272
0.995246
0.995248
0.99526
0.993502
0.991187
0.989924
0.989512
0.98953
0.989983
0.991416
0.99336
0.994752
0.995048
0.994861
0.994808
0.995247
0.996411
0.996489
0.995618
0.995183
0.995799
0.99584
0.995533
0.995371
0.995289
0.995251
0.995264
0.995294
0.996481
0.994902
0.992098
0.990388
0.989697
0.989598
0.989766
0.990702
0.993279
0.9948
0.995136
0.995327
0.996167
0.997338
0.997478
0.99676
0.995617
0.995817
0.99586
0.995627
0.995446
0.995327
0.995269
0.995294
0.995349
0.997191
0.997118
0.995643
0.99267
0.990849
0.990152
0.990075
0.990329
0.991816
0.993963
0.994753
0.99571
0.997036
0.997747
0.997864
0.997478
0.996059
0.99589
0.995912
0.995768
0.995547
0.99537
0.995295
0.995313
0.995396
0.997124
0.99774
0.997573
0.995887
0.993
0.991521
0.991113
0.991143
0.99167
0.993374
0.994798
0.996344
0.997458
0.997893
0.997968
0.997788
0.996553
0.996012
0.995977
0.995912
0.99567
0.995412
0.99532
0.995336
0.995436
0.996255
0.997792
0.998204
0.997888
0.995871
0.993656
0.992798
0.992649
0.992734
0.993494
0.99535
0.996895
0.997742
0.997983
0.998001
0.997908
0.996994
0.996176
0.996056
0.996005
0.995759
0.995446
0.995341
0.995363
0.995486
0.994732
0.997318
0.998399
0.998572
0.998101
0.996274
0.995032
0.994532
0.994355
0.994438
0.995506
0.997115
0.997934
0.998045
0.998017
0.99794
0.997294
0.996341
0.99613
0.996068
0.99581
0.995472
0.995361
0.995387
0.995541
0.993065
0.996426
0.998232
0.998871
0.998892
0.998461
0.997552
0.996763
0.996066
0.995712
0.99597
0.997326
0.998149
0.998091
0.997808
0.997817
0.997494
0.996499
0.996213
0.996127
0.995844
0.995494
0.995377
0.995408
0.995593
0.992246
0.99532
0.997793
0.998884
0.999208
0.999215
0.999109
0.998798
0.997946
0.99708
0.996976
0.99778
0.998417
0.998002
0.997347
0.99752
0.99745
0.996711
0.996289
0.996175
0.995873
0.995516
0.99539
0.995429
0.99565
0.992213
0.994295
0.99724
0.998721
0.999294
0.999479
0.99952
0.9995
0.999289
0.998531
0.998326
0.998722
0.998819
0.997701
0.996627
0.996938
0.997305
0.996886
0.996396
0.996246
0.995913
0.995539
0.995402
0.995451
0.995708
0.992446
0.993626
0.996688
0.998488
0.999265
0.99958
0.99971
0.999737
0.999704
0.999475
0.999355
0.999404
0.999112
0.997126
0.99586
0.996129
0.997013
0.996916
0.996489
0.996316
0.995965
0.995561
0.995412
0.995471
0.995764
0.992768
0.993419
0.996127
0.998243
0.999204
0.999611
0.99979
0.999851
0.999852
0.999815
0.999769
0.999681
0.999034
0.996515
0.99527
0.995447
0.996595
0.996843
0.996604
0.996387
0.996021
0.995584
0.995418
0.995489
0.995818
0.993061
0.993447
0.995665
0.998007
0.999135
0.99962
0.999826
0.999902
0.999916
0.999911
0.999886
0.999746
0.998806
0.996052
0.994847
0.994943
0.996103
0.996707
0.996645
0.996474
0.996115
0.995606
0.99542
0.995502
0.995865
0.99325
0.993534
0.995401
0.997819
0.999068
0.999619
0.999845
0.999928
0.999948
0.999946
0.99992
0.999728
0.998509
0.995689
0.994536
0.994571
0.9956
0.996549
0.99662
0.996525
0.996221
0.995615
0.995419
0.995511
0.995905
0.993338
0.993599
0.99533
0.997745
0.999033
0.999614
0.999852
0.999941
0.999963
0.999962
0.99993
0.999687
0.998218
0.995451
0.994345
0.994328
0.995143
0.996342
0.996558
0.996511
0.99625
0.995599
0.995411
0.995512
0.995936
0.993382
0.993648
0.995343
0.997734
0.999026
0.999614
0.999857
0.999948
0.999972
0.999971
0.999932
0.99965
0.998053
0.995337
0.994225
0.994166
0.994761
0.99612
0.996483
0.996474
0.996229
0.995565
0.995399
0.99551
0.99596
0.993426
0.99371
0.995425
0.997759
0.999036
0.999622
0.999863
0.999954
0.999978
0.999977
0.999934
0.999631
0.997984
0.995306
0.994164
0.994061
0.994493
0.995867
0.996381
0.9964
0.996155
0.995516
0.995386
0.995505
0.995978
0.993519
0.993839
0.99562
0.99785
0.999074
0.999641
0.999873
0.999959
0.999982
0.99998
0.999935
0.999624
0.997968
0.995319
0.994151
0.993983
0.99431
0.995617
0.996271
0.996317
0.996064
0.995469
0.995376
0.9955
0.995984
0.993732
0.994113
0.995997
0.99803
0.999146
0.999669
0.999884
0.999964
0.999984
0.999982
0.999937
0.999633
0.99807
0.99547
0.994199
0.993949
0.994188
0.995387
0.996147
0.996217
0.995953
0.995421
0.995367
0.995491
0.995984
0.994136
0.994594
0.996534
0.998298
0.999261
0.999714
0.9999
0.999969
0.999987
0.999986
0.999947
0.999697
0.998445
0.995882
0.994382
0.993956
0.994119
0.995194
0.996018
0.996111
0.995835
0.995379
0.995363
0.995478
0.995972
0.994791
0.995284
0.997117
0.998585
0.999387
0.999764
0.999919
0.999975
0.999991
0.99999
0.999963
0.999794
0.998978
0.996639
0.994777
0.994029
0.994091
0.995027
0.995898
0.996006
0.995711
0.995342
0.995362
0.995465
0.995941
0.995728
0.996161
0.997704
0.998872
0.999512
0.999814
0.999936
0.999981
0.999994
0.999994
0.99998
0.99989
0.999473
0.997818
0.995466
0.994209
0.994116
0.99487
0.995774
0.99589
0.995583
0.995312
0.995365
0.995446
0.995896
0.996901
0.997155
0.998262
0.999144
0.999627
0.999857
0.999951
0.999985
0.999996
0.999997
0.999991
0.999954
0.999775
0.998995
0.996485
0.994528
0.994174
0.99474
0.99565
0.99577
0.995458
0.99529
0.995364
0.995403
0.995844
0.998166
0.998192
0.998782
0.999404
0.99974
0.9999
0.999966
0.99999
0.999997
0.999998
0.999995
0.999977
0.999887
0.999471
0.997544
0.994947
0.99426
0.994632
0.99552
0.995634
0.995336
0.995278
0.995343
0.995332
0.995786
0.99927
0.999207
0.999334
0.999655
0.999847
0.999941
0.99998
0.999994
0.999998
0.999999
0.999997
0.999987
0.999935
0.999676
0.998321
0.995388
0.994369
0.994568
0.995354
0.995463
0.995217
0.995275
0.995269
0.995214
0.995726
0.999749
0.999722
0.999753
0.99986
0.999935
0.999974
0.999991
0.999997
0.999999
0.999999
0.999998
0.999992
0.999955
0.999767
0.99875
0.995806
0.99447
0.994541
0.995188
0.995286
0.995105
0.99527
0.99517
0.995073
0.995672
0.999912
0.999899
0.999907
0.999944
0.999974
0.999989
0.999996
0.999999
1
1
0.999999
0.999994
0.999964
0.999806
0.998938
0.996079
0.99452
0.994485
0.995013
0.995094
0.994997
0.995266
0.995057
0.994931
0.995628
0.99997
0.999964
0.999966
0.999978
0.99999
0.999996
0.999998
1
1
1
0.999999
0.999995
0.999968
0.999828
0.999069
0.996288
0.994547
0.994404
0.994763
0.994843
0.994898
0.995307
0.995028
0.99479
0.995583
0.99999
0.999988
0.999989
0.999992
0.999996
0.999998
0.999999
1
1
1
0.999999
0.999996
0.999974
0.999848
0.999183
0.996508
0.994533
0.994323
0.994557
0.994646
0.994906
0.995348
0.995046
0.994658
0.99555
0.999997
0.999996
0.999996
0.999998
0.999999
0.999999
1
1
1
1
1
0.999997
0.99998
0.999876
0.999301
0.996812
0.99451
0.994181
0.994392
0.994516
0.994926
0.99541
0.995137
0.99447
0.995506
0.999999
0.999999
0.999999
0.999999
1
1
1
1
1
1
1
0.999998
0.999986
0.999902
0.999402
0.997148
0.994558
0.993993
0.994131
0.99429
0.994899
0.995518
0.995299
0.994147
0.995407
1
1
1
1
1
1
1
1
1
1
1
0.999999
0.99999
0.999921
0.999487
0.997434
0.994722
0.99382
0.993843
0.993999
0.994892
0.995677
0.995387
0.993539
0.995103
1
1
1
1
1
1
1
1
1
1
1
0.999999
0.999993
0.999937
0.999555
0.997734
0.99494
0.993772
0.993655
0.993826
0.994974
0.995872
0.995411
0.992474
0.993706
1
1
1
1
1
1
1
1
1
1
1
1
0.999995
0.999952
0.999616
0.99801
0.99527
0.993832
0.99361
0.993812
0.995139
0.99611
0.99536
0.99094
0.98595
1
1
1
1
1
1
1
1
1
1
1
1
0.999997
0.999965
0.999707
0.998293
0.99574
0.994024
0.993653
0.993896
0.995392
0.996382
0.995098
0.988395
0.949972
1
1
1
1
1
1
1
1
1
1
1
1
0.999998
0.999978
0.999807
0.998856
0.996287
0.994445
0.993908
0.994199
0.995679
0.996674
0.994684
0.983509
0.878426
1
1
1
1
1
1
1
1
1
1
1
1
0.999999
0.999988
0.999903
0.999451
0.997473
0.995005
0.994323
0.99455
0.99596
0.996975
0.994105
0.976746
0.803857
0.999999
1
1
1
1
1
1
1
1
1
1
1
0.999999
0.999996
0.999966
0.999821
0.999051
0.996183
0.994906
0.995041
0.9964
0.997303
0.993244
0.967008
0.730598
0.999998
0.999999
0.999999
0.999999
0.999999
0.999999
0.999999
0.999999
1
1
1
1
1
0.999998
0.99999
0.999953
0.999736
0.998057
0.99621
0.996174
0.997129
0.997673
0.99229
0.953974
0.666685
0.999997
0.999998
0.999999
0.999999
0.999999
0.999999
0.999999
0.999999
0.999999
0.999999
0.999999
0.999999
0.999999
0.999999
0.999998
0.99999
0.999938
0.999286
0.997707
0.997506
0.997914
0.99804
0.991891
0.938371
0.619995
0.999994
0.999997
0.999998
0.999998
0.999998
0.999998
0.999998
0.999998
0.999999
0.999999
0.999999
0.999999
0.999999
0.999999
0.999999
0.999998
0.999984
0.999765
0.998785
0.998422
0.998534
0.998384
0.991813
0.922532
0.58263
0.999991
0.999995
0.999997
0.999997
0.999997
0.999997
0.999997
0.999998
0.999998
0.999998
0.999998
0.999998
0.999999
0.999999
0.999999
0.999999
0.999995
0.999919
0.999426
0.999086
0.999038
0.998648
0.991964
0.912254
0.54574
0.999988
0.999993
0.999995
0.999996
0.999996
0.999996
0.999996
0.999996
0.999997
0.999997
0.999997
0.999998
0.999998
0.999998
0.999999
0.999999
0.999998
0.999974
0.999773
0.999548
0.999418
0.998862
0.992829
0.909719
0.537059
0.999984
0.99999
0.999992
0.999993
0.999993
0.999993
0.999994
0.999995
0.999996
0.999996
0.999996
0.999996
0.999996
0.999997
0.999998
0.999998
0.999997
0.999991
0.999934
0.999813
0.999656
0.999034
0.994349
0.910728
0.540341
0.999982
0.999988
0.999991
0.999991
0.999991
0.999991
0.999992
0.999993
0.999994
0.999994
0.999994
0.999995
0.999995
0.999995
0.999994
0.99999
0.999986
0.999985
0.999971
0.99992
0.999792
0.999181
0.995736
0.916246
0.55194
0.999982
0.999987
0.999988
0.999988
0.999988
0.999988
0.999988
0.99999
0.999992
0.999992
0.999992
0.999993
0.999993
0.999991
0.999983
0.999967
0.999964
0.99997
0.999969
0.999948
0.999857
0.999282
0.996416
0.926335
0.577596
0.999982
0.999985
0.999986
0.999986
0.999985
0.999985
0.999986
0.999987
0.999988
0.999988
0.999989
0.99999
0.999989
0.999981
0.999943
0.999916
0.999916
0.999939
0.999957
0.999948
0.999881
0.99935
0.996879
0.945158
0.611801
0.999982
0.999983
0.999983
0.999982
0.999981
0.999982
0.999982
0.999983
0.999984
0.999986
0.999987
0.999987
0.999983
0.99995
0.999851
0.999817
0.999821
0.999875
0.99993
0.999933
0.999883
0.999391
0.997125
0.97174
0.670782
0.999981
0.999981
0.99998
0.999979
0.999978
0.999977
0.999978
0.999979
0.999982
0.999983
0.999983
0.99998
0.999959
0.999844
0.999707
0.999683
0.999699
0.9998
0.999893
0.999905
0.999867
0.99942
0.997266
0.987678
0.783112
0.999978
0.999977
0.999975
0.999972
0.999969
0.999968
0.999969
0.999974
0.999975
0.999974
0.99997
0.999951
0.999851
0.999644
0.999575
0.999576
0.999619
0.999754
0.999836
0.999849
0.99982
0.999418
0.997279
0.993104
0.885474
0.99997
0.999967
0.99996
0.999956
0.999955
0.999957
0.999961
0.999961
0.999957
0.999945
0.99991
0.999783
0.999593
0.999517
0.999512
0.999537
0.999628
0.999733
0.999784
0.999786
0.999752
0.999377
0.996898
0.995
0.949047
0.999937
0.99993
0.999922
0.999922
0.999924
0.999924
0.999919
0.999895
0.999833
0.999775
0.999678
0.999558
0.999484
0.99947
0.999485
0.999545
0.999614
0.999665
0.999683
0.999677
0.999636
0.999262
0.996581
0.995464
0.97948
0.999816
0.999836
0.999839
0.999837
0.999829
0.999811
0.999755
0.999687
0.999654
0.999614
0.999533
0.999464
0.99942
0.999414
0.999449
0.999495
0.999531
0.999554
0.999567
0.999514
0.999318
0.998552
0.995493
0.99533
0.991241
0.999719
0.999722
0.999715
0.999702
0.999688
0.999659
0.999602
0.999543
0.999502
0.99946
0.999376
0.999161
0.998391
0.997282
0.996749
0.996684
0.996637
0.996483
0.996077
0.995307
0.995439
0.995349
0.994602
0.99411
0.993865
)
;

boundaryField
{
    inlet
    {
        type            fixedValue;
        value           uniform 1;
    }
    outlet
    {
        type            inletOutlet;
        inletValue      uniform 0;
        value           nonuniform List<scalar> 
57
(
0.995729
0.995307
0.995258
0.99526
0.995294
0.995349
0.995396
0.995436
0.995486
0.995541
0.995593
0.99565
0.995708
0.995764
0.995818
0.995865
0.995905
0.995936
0.99596
0.995978
0.995984
0.995984
0.995972
0.995941
0.995896
0.995844
0.995786
0.995726
0.995672
0.995628
0.995583
0.99555
0.995506
0.995407
0.995103
0.993706
0.98595
0.949972
0.878426
0.803857
0.730598
0.666685
0.619995
0.58263
0.54574
0.537059
0.540341
0.55194
0.577596
0.611801
0.670782
0.783112
0.885474
0.949047
0.97948
0.991241
0.993865
)
;
    }
    upperWall
    {
        type            zeroGradient;
    }
    lowerWall
    {
        type            zeroGradient;
    }
    frontAndBack
    {
        type            empty;
    }
}


// ************************************************************************* //
