/*--------------------------------*- C++ -*----------------------------------*\
| =========                 |                                                 |
| \\      /  F ield         | OpenFOAM: The Open Source CFD Toolbox           |
|  \\    /   O peration     | Version:  2112                                  |
|   \\  /    A nd           | Website:  www.openfoam.com                      |
|    \\/     M anipulation  |                                                 |
\*---------------------------------------------------------------------------*/
FoamFile
{
    version     2.0;
    format      ascii;
    arch        "LSB;label=32;scalar=64";
    class       volScalarField;
    location    "0.29";
    object      k;
}
// * * * * * * * * * * * * * * * * * * * * * * * * * * * * * * * * * * * * * //

dimensions      [0 2 -2 0 0 0 0];

internalField   nonuniform List<scalar> 
1580
(
0.376143
0.377704
0.381525
0.384372
0.391754
0.396953
0.411109
0.420509
0.374978
0.374914
0.374861
0.374703
0.37463
0.374386
0.374285
0.374168
0.374961
0.374866
0.374734
0.374538
0.374265
0.373837
0.373273
0.372229
0.374959
0.374861
0.374725
0.374534
0.374266
0.373869
0.373325
0.372348
0.374959
0.37486
0.374723
0.374535
0.374275
0.373903
0.373388
0.372515
0.374959
0.37486
0.374724
0.374537
0.374279
0.373913
0.373398
0.372567
0.374959
0.374862
0.374727
0.37454
0.374279
0.373899
0.373345
0.372489
0.374961
0.37487
0.374741
0.374557
0.374285
0.373871
0.373253
0.372351
0.374987
0.374968
0.374937
0.374901
0.374843
0.374829
0.374926
0.375408
0.377195
0.382579
0.389663
0.399897
0.413347
0.432808
0.458256
0.494754
0.0319313
0.0897408
0.172815
0.262556
0.348952
0.430634
0.508032
0.581226
0.650099
0.714338
0.7737
0.828032
0.877361
0.928565
0.981923
1.03162
1.07764
1.1201
1.1601
1.19659
1.22806
1.25476
1.27639
1.29238
1.30223
1.30784
1.31061
1.30896
1.30195
1.29161
1.27732
1.26018
1.24036
1.21841
1.19464
1.16944
1.14314
1.11608
1.08859
1.06095
1.03339
1.00609
0.97935
0.953706
0.930696
0.913364
0.899633
0.886714
0.877882
0.844599
0.040674
0.109391
0.191945
0.28106
0.381765
0.507493
0.658819
0.828379
1.00841
1.19211
1.37402
1.54971
1.71591
1.89411
2.08614
2.26999
2.4424
2.59965
2.73678
2.85522
2.9621
3.05569
3.13573
3.20202
3.25456
3.2936
3.31945
3.33158
3.3343
3.32614
3.30698
3.27877
3.24273
3.2
3.15168
3.09862
3.04182
2.98215
2.92043
2.85737
2.79358
2.72948
2.66559
2.60244
2.54065
2.48095
2.42363
2.3698
2.32199
2.25787
0.0453224
0.119698
0.200707
0.299439
0.426904
0.591636
0.786129
0.999673
1.22334
1.45095
1.67714
1.89663
2.10499
2.3287
2.56951
2.80058
3.01849
3.22059
3.40465
3.56955
3.71575
3.84242
3.94942
4.03671
4.1045
4.15351
4.18437
4.19808
4.19807
4.18338
4.15447
4.11404
4.06375
4.00513
3.93961
3.86815
3.79215
3.71278
3.63102
3.54769
3.46346
3.37876
3.29431
3.21067
3.12833
3.04799
2.97018
2.89591
2.82719
2.75356
0.0450976
0.119221
0.198822
0.296985
0.425295
0.592852
0.796237
1.02484
1.26956
1.52392
1.7813
2.03384
2.2752
2.5354
2.81618
3.08609
3.34071
3.5772
3.79308
3.98634
4.15581
4.30048
4.42051
4.51637
4.58864
4.63835
4.66692
4.67613
4.66958
4.64614
4.60651
4.55465
4.49224
4.42109
4.34286
4.25862
4.16989
4.07788
3.98356
3.88779
3.79123
3.69429
3.59777
3.50221
3.40786
3.31564
3.22563
3.13953
3.05685
2.97605
0.0443024
0.117413
0.194732
0.290681
0.416466
0.581261
0.784376
1.01959
1.28069
1.55877
1.8428
2.12165
2.38766
2.67428
2.98345
3.28018
3.55926
3.81732
4.05143
4.25912
4.43914
4.59059
4.71373
4.80951
4.87897
4.92358
4.94537
4.94704
4.93238
4.89851
4.84911
4.78737
4.71522
4.63459
4.54726
4.45432
4.3572
4.25706
4.15489
4.05152
3.94762
3.84367
3.7403
3.63801
3.53687
3.43804
3.3409
3.24806
3.15659
3.07105
0.0430971
0.114695
0.189478
0.281936
0.403277
0.56417
0.768897
1.01448
1.29331
1.59225
1.89807
2.19662
2.47991
2.78444
3.11225
3.42566
3.71922
3.9888
4.23135
4.44419
4.62645
4.77763
4.89796
4.98894
5.05199
5.08903
5.1026
5.09687
5.07308
5.03017
4.97275
4.90332
4.824
4.73675
4.64339
4.54508
4.443
4.33825
4.23172
4.12425
4.01648
3.90878
3.80171
3.69582
3.59109
3.48875
3.38749
3.29079
3.19392
3.10521
0.0418955
0.11215
0.185088
0.274478
0.392178
0.551714
0.760615
1.01675
1.31209
1.62851
1.95112
2.26351
2.55808
2.87407
3.2137
3.537
3.83842
4.1131
4.35817
4.57097
4.75112
4.89817
5.0128
5.09704
5.15269
5.18197
5.18801
5.17571
5.14383
5.09423
5.03085
4.95602
4.87193
4.78046
4.68348
4.58201
4.47719
4.37003
4.26138
4.15197
4.04242
3.93307
3.8243
3.71674
3.61019
3.50601
3.4025
3.30371
3.20382
3.11328
0.0411409
0.110299
0.181871
0.268733
0.384143
0.544315
0.75881
1.02553
1.33664
1.66804
2.00437
2.32748
2.63097
2.95632
3.30517
3.63542
3.9411
4.21746
4.46198
4.67209
4.84801
4.98939
5.09732
5.17429
5.22235
5.24401
5.24323
5.22391
5.1843
5.12858
5.05978
4.98066
4.89303
4.79867
4.69933
4.596
4.48973
4.38143
4.27187
4.16171
4.05151
3.94144
3.83188
3.7235
3.61593
3.5106
3.40551
3.30518
3.20277
3.11043
0.0407111
0.108916
0.179416
0.264084
0.378255
0.540613
0.76158
1.04022
1.36623
1.71138
2.06045
2.39411
2.70689
3.04091
3.39674
3.7312
4.03821
4.3133
4.55437
4.75906
4.92827
5.06179
5.16107
5.22902
5.26765
5.27991
5.27136
5.24351
5.19658
5.13468
5.06051
4.97656
4.88491
4.78734
4.68552
4.58042
4.47298
4.36397
4.25405
4.14378
4.03362
3.92368
3.81418
3.70572
3.59761
3.4915
3.38506
3.28316
3.17827
3.0833
0.0392179
0.104414
0.172432
0.251612
0.365284
0.537361
0.777651
1.0862
1.44536
1.81902
2.19348
2.54663
2.87352
3.2176
3.5773
3.90925
4.20848
4.47146
4.6974
4.8831
5.03126
5.14293
5.22355
5.27407
5.29636
5.29409
5.2735
5.23081
5.17231
5.10058
5.01836
4.92798
4.83144
4.73039
4.62624
4.51989
4.41209
4.30338
4.19429
4.0852
3.97645
3.86814
3.76027
3.65331
3.54635
3.44104
3.33479
3.23248
3.12653
3.02944
0.0368759
0.0957973
0.16014
0.24851
0.385178
0.601306
0.915331
1.30722
1.74103
2.16488
2.56378
2.9148
3.22882
3.55144
3.87507
4.1653
4.42059
4.63646
4.81393
4.95753
5.0688
5.14684
5.1953
5.21646
5.21336
5.19251
5.15084
5.09386
5.02439
4.94487
4.85775
4.76498
4.66825
4.56881
4.46766
4.36544
4.26262
4.15953
4.05647
3.95367
3.85128
3.74939
3.64778
3.54679
3.44538
3.34505
3.24297
3.14383
3.04045
2.94423
0.0343739
0.0865676
0.168202
0.305695
0.557161
0.919792
1.36473
1.83555
2.28636
2.69531
3.05879
3.36344
3.62788
3.88829
4.1397
4.35892
4.54272
4.69666
4.82071
4.91404
4.98099
5.01924
5.03471
5.02877
5.0058
4.96476
4.91004
4.84409
4.76938
4.68794
4.60176
4.51224
4.42067
4.32783
4.23431
4.14042
4.04645
3.95254
3.85887
3.76552
3.6725
3.57984
3.48717
3.39474
3.30141
3.2085
3.11306
3.01936
2.9208
2.82759
0.0325685
0.0983483
0.284624
0.692313
1.24652
1.7999
2.2856
2.67672
3.01118
3.30177
3.55812
3.78012
3.96838
4.14323
4.30275
4.43989
4.55023
4.63619
4.69978
4.74078
4.76414
4.76411
4.75255
4.72404
4.68228
4.62981
4.56829
4.49978
4.42621
4.34888
4.26921
4.18791
4.10592
4.02359
3.94115
3.85868
3.7763
3.69409
3.61211
3.53035
3.44874
3.36721
3.28535
3.20327
3.11976
3.03596
2.94891
2.86235
2.77029
2.68172
0.0373508
0.238774
0.929823
1.88498
2.59398
3.007
3.28887
3.49136
3.65448
3.79636
3.92302
4.03284
4.12756
4.21887
4.29975
4.36399
4.40548
4.43104
4.44213
4.4391
4.42723
4.40098
4.36654
4.32368
4.27309
4.21691
4.15595
4.09157
4.02493
3.95655
3.88731
3.81738
3.74744
3.67768
3.60801
3.53831
3.46866
3.39909
3.32965
3.26028
3.19091
3.12138
3.05122
2.98041
2.90773
2.83405
2.75649
2.6782
2.59391
2.51113
0.122277
0.781437
2.35754
3.20824
3.58464
3.74021
3.80665
3.83473
3.85303
3.87688
3.90451
3.93223
3.95924
3.98722
4.00941
4.02573
4.02776
4.02316
4.01007
3.98791
3.96179
3.92894
3.89124
3.84953
3.80343
3.75458
3.70231
3.64849
3.59359
3.53762
3.48118
3.42409
3.36713
3.31046
3.25366
3.19651
3.1392
3.08181
3.02445
2.96714
2.90981
2.85218
2.79379
2.73442
2.67293
2.60977
2.54232
2.47298
2.39746
2.32152
0.473589
0.545776
0.72002
0.925182
1.11568
1.2839
1.43323
1.56281
1.6758
1.77415
1.86101
1.93949
2.0092
2.08257
2.15716
2.22665
2.28922
2.34488
2.39372
2.43546
2.47024
2.49894
2.52093
2.53813
2.54908
2.55702
2.55788
2.55662
2.5516
2.54261
2.5307
2.51538
2.49875
2.47874
2.45597
2.4313
2.40548
2.37887
2.3519
2.32492
2.29774
2.2698
2.24071
2.20977
2.17622
2.13945
2.0977
2.05177
1.9996
1.94341
0.376984
0.380493
0.388761
0.404362
0.426427
0.451129
0.476898
0.503429
0.529486
0.555399
0.580049
0.604225
0.62691
0.652355
0.680285
0.710111
0.740787
0.772385
0.803918
0.835574
0.866551
0.896929
0.926079
0.954567
0.981688
1.00822
1.03353
1.05811
1.08194
1.10533
1.12982
1.15423
1.17978
1.20469
1.2288
1.25193
1.27427
1.29544
1.31562
1.33343
1.34954
1.3631
1.37492
1.3831
1.38932
1.38893
1.38517
1.3755
1.35788
1.32905
0.371794
0.371479
0.371945
0.373391
0.376177
0.37979
0.383539
0.387556
0.391457
0.395477
0.399189
0.40293
0.406332
0.410302
0.414491
0.419212
0.424447
0.430346
0.436744
0.443762
0.4513
0.45937
0.467872
0.476835
0.486209
0.495971
0.506197
0.51675
0.527873
0.539298
0.551503
0.564243
0.577951
0.592386
0.607689
0.623502
0.640093
0.65695
0.674459
0.691477
0.70846
0.724539
0.740297
0.754205
0.767154
0.776667
0.784593
0.786873
0.784312
0.769991
0.37149
0.370646
0.370163
0.369933
0.369979
0.370127
0.370372
0.370686
0.370956
0.371255
0.371516
0.371796
0.372011
0.37224
0.37242
0.372613
0.372836
0.373126
0.373518
0.374041
0.374727
0.375584
0.376641
0.377885
0.379358
0.381015
0.382925
0.385011
0.387371
0.389906
0.392732
0.395761
0.39913
0.40275
0.406778
0.411076
0.415832
0.420849
0.42635
0.432062
0.43814
0.444216
0.450484
0.456363
0.462081
0.466696
0.470581
0.472046
0.471162
0.463529
0.371582
0.370671
0.36996
0.36939
0.368918
0.368466
0.368009
0.367562
0.367098
0.36664
0.366182
0.365736
0.365289
0.364787
0.36419
0.363567
0.362929
0.362293
0.361675
0.361091
0.360553
0.360066
0.35964
0.359267
0.358959
0.35869
0.358479
0.358285
0.358133
0.357977
0.357843
0.357693
0.357561
0.357399
0.357269
0.357128
0.35704
0.356958
0.356961
0.357015
0.357117
0.357256
0.357401
0.357512
0.35756
0.35738
0.356951
0.3557
0.353996
0.348549
0.371596
0.37065
0.36982
0.369102
0.368444
0.36779
0.367108
0.36641
0.365697
0.364985
0.364277
0.363587
0.362913
0.36217
0.361323
0.360463
0.359587
0.358717
0.357846
0.356996
0.356154
0.355334
0.354517
0.353709
0.35289
0.352056
0.351186
0.350269
0.349291
0.348233
0.347088
0.345866
0.344553
0.343171
0.341686
0.340148
0.338494
0.336835
0.335036
0.333314
0.331418
0.329692
0.32775
0.326081
0.324147
0.322569
0.320735
0.319221
0.317809
0.316516
0.371446
0.370432
0.369478
0.368607
0.367786
0.366979
0.366151
0.365308
0.36445
0.363595
0.362745
0.361917
0.361108
0.360221
0.359204
0.358185
0.357131
0.356096
0.355026
0.353993
0.35292
0.351891
0.350805
0.349762
0.348637
0.347546
0.346346
0.345167
0.343858
0.342556
0.341116
0.339639
0.338006
0.336344
0.334532
0.332718
0.330752
0.328849
0.326759
0.324862
0.322697
0.32093
0.318798
0.317301
0.315344
0.314363
0.312924
0.312929
0.313342
0.316258
0.371227
0.370194
0.369199
0.368263
0.367353
0.366469
0.365574
0.364679
0.363771
0.362874
0.361979
0.361113
0.360259
0.359326
0.35824
0.357171
0.35603
0.354944
0.353768
0.352699
0.351528
0.350501
0.349352
0.348376
0.34725
0.346322
0.345215
0.344329
0.343236
0.342392
0.341327
0.340545
0.339556
0.338855
0.337997
0.337395
0.336739
0.336257
0.335835
0.335597
0.335412
0.335771
0.335828
0.336803
0.337396
0.339512
0.341209
0.345565
0.349845
0.363992
0.375654
0.376318
0.376985
0.377539
0.377934
0.378235
0.37841
0.378522
0.378546
0.378521
0.378468
0.378399
0.378318
0.378213
0.37809
0.377955
0.377808
0.377834
0.378018
0.378676
0.37934
0.380566
0.381704
0.383449
0.385012
0.38724
0.389159
0.391785
0.39401
0.397027
0.399527
0.402893
0.405566
0.409211
0.411987
0.415846
0.418636
0.422643
0.425379
0.429522
0.432226
0.436606
0.439433
0.444328
0.447624
0.453638
0.458496
0.466476
0.473814
0.495035
0.531845
0.563191
0.591519
0.616373
0.638973
0.65884
0.677076
0.693119
0.707952
0.720981
0.733113
0.743746
0.753714
0.763745
0.774738
0.784797
0.794822
0.803809
0.812202
0.81941
0.825964
0.831188
0.835708
0.838747
0.841065
0.841756
0.840953
0.83925
0.836798
0.83336
0.828804
0.822502
0.815268
0.806788
0.797538
0.787127
0.776163
0.764138
0.75182
0.738521
0.725207
0.710945
0.696926
0.681929
0.667328
0.651714
0.636243
0.620097
0.6025
0.585762
0.898599
0.935599
0.959846
0.973034
0.979955
0.981639
0.973591
0.980683
0.962437
0.992939
2.26527
2.25792
2.24172
2.18708
2.15675
2.06669
2.02679
1.91316
1.87025
1.72876
2.71455
2.66447
2.61803
2.53636
2.48196
2.36177
2.30166
2.15927
2.09889
1.9175
2.90819
2.8287
2.75618
2.65432
2.58426
2.44975
2.38053
2.22536
2.15781
1.9623
2.98521
2.88591
2.79682
2.6839
2.60526
2.46449
2.39128
2.2307
2.16053
1.96124
3.00874
2.89857
2.80046
2.68178
2.59694
2.45295
2.3777
2.21452
2.14411
1.94469
3.01116
2.89461
2.79055
2.66836
2.57923
2.43438
2.35781
2.194
2.12417
1.92591
3.00314
2.88059
2.77066
2.64521
2.55154
2.4069
2.32888
2.16586
2.09696
1.90095
2.97089
2.84247
2.7259
2.5973
2.49842
2.35609
2.2763
2.11825
2.05067
1.85984
2.91307
2.78046
2.65817
2.52783
2.42477
2.28674
2.20563
2.05629
1.9906
1.80796
2.82683
2.69249
2.56634
2.43633
2.33067
2.19885
2.11724
1.97911
1.91631
1.74549
2.71173
2.57871
2.45125
2.32399
2.21749
2.09358
2.01237
1.88694
1.828
1.67276
2.57011
2.44155
2.31547
2.19335
2.08765
1.97302
1.89287
1.78099
1.72655
1.58939
2.40623
2.28495
2.16274
2.04776
1.94429
1.83983
1.76122
1.66322
1.61351
1.49534
2.22524
2.11349
1.99726
1.89096
1.79101
1.69718
1.62065
1.53642
1.49132
1.39246
1.86789
1.77711
1.67548
1.58729
1.49774
1.42465
1.3556
1.29583
1.25915
1.19532
1.29257
1.24435
1.17993
1.12567
1.0663
1.02783
0.984696
0.9599
0.937915
0.917797
0.765415
0.754686
0.733938
0.71673
0.693737
0.685067
0.67059
0.67031
0.66803
0.67533
0.466548
0.464257
0.460685
0.457428
0.453829
0.45441
0.45365
0.460677
0.465349
0.485612
0.349424
0.348106
0.346453
0.344919
0.343742
0.344393
0.344653
0.349594
0.353123
0.368955
0.31598
0.315036
0.313636
0.31182
0.310387
0.309724
0.309856
0.311916
0.314236
0.323951
0.316504
0.317115
0.31725
0.316805
0.317844
0.317972
0.320373
0.321564
0.324373
0.329556
0.364151
0.367626
0.375192
0.376586
0.38053
0.38067
0.382991
0.382345
0.38404
0.383358
0.497114
0.498599
0.497599
0.491431
0.48962
0.484242
0.48427
0.479861
0.480743
0.47796
0.557045
0.538826
0.523825
0.518484
0.51098
0.510927
0.512253
0.518641
0.52776
0.560904
)
;

boundaryField
{
    inlet
    {
        type            fixedValue;
        value           uniform 0.375;
    }
    outlet
    {
        type            zeroGradient;
    }
    upperWall
    {
        type            kqRWallFunction;
        value           nonuniform List<scalar> 
68
(
0.377195
0.382579
0.389663
0.399897
0.413347
0.432808
0.458256
0.494754
0.531845
0.563191
0.591519
0.616373
0.638973
0.65884
0.677076
0.693119
0.707952
0.720981
0.733113
0.743746
0.753714
0.763745
0.774738
0.784797
0.794822
0.803809
0.812202
0.81941
0.825964
0.831188
0.835708
0.838747
0.841065
0.841756
0.840953
0.83925
0.836798
0.83336
0.828804
0.822502
0.815268
0.806788
0.797538
0.787127
0.776163
0.764138
0.75182
0.738521
0.725207
0.710945
0.696926
0.681929
0.667328
0.651714
0.636243
0.620097
0.6025
0.585762
0.557045
0.538826
0.523825
0.518484
0.51098
0.510927
0.512253
0.518641
0.52776
0.560904
)
;
    }
    lowerWall
    {
        type            kqRWallFunction;
        value           nonuniform List<scalar> 
83
(
0.376143
0.377704
0.381525
0.384372
0.391754
0.396953
0.411109
0.420509
0.0319313
0.040674
0.0453224
0.0450976
0.0443024
0.0430971
0.0418955
0.0411409
0.0407111
0.0392179
0.0368759
0.0343739
0.0325685
0.0373508
0.122277
0.0319313
0.0897408
0.172815
0.262556
0.348952
0.430634
0.508032
0.581226
0.650099
0.714338
0.7737
0.828032
0.877361
0.928565
0.981923
1.03162
1.07764
1.1201
1.1601
1.19659
1.22806
1.25476
1.27639
1.29238
1.30223
1.30784
1.31061
1.30896
1.30195
1.29161
1.27732
1.26018
1.24036
1.21841
1.19464
1.16944
1.14314
1.11608
1.08859
1.06095
1.03339
1.00609
0.97935
0.953706
0.930696
0.913364
0.899633
0.886714
0.877882
0.844599
0.898599
0.935599
0.959846
0.973034
0.979955
0.981639
0.973591
0.980683
0.962437
0.992939
)
;
    }
    frontAndBack
    {
        type            empty;
    }
}


// ************************************************************************* //
