/*--------------------------------*- C++ -*----------------------------------*\
| =========                 |                                                 |
| \\      /  F ield         | OpenFOAM: The Open Source CFD Toolbox           |
|  \\    /   O peration     | Version:  2112                                  |
|   \\  /    A nd           | Website:  www.openfoam.com                      |
|    \\/     M anipulation  |                                                 |
\*---------------------------------------------------------------------------*/
FoamFile
{
    version     2.0;
    format      ascii;
    arch        "LSB;label=32;scalar=64";
    class       volVectorField;
    location    "0.02";
    object      U;
}
// * * * * * * * * * * * * * * * * * * * * * * * * * * * * * * * * * * * * * //

dimensions      [0 1 -1 0 0 0 0];

internalField   nonuniform List<vector> 
1580
(
(9.99953 0.00148094 0)
(9.99752 0.0052556 0)
(9.99872 0.00920792 0)
(9.98823 0.0161866 0)
(9.9894 0.0213338 0)
(9.93997 0.0393938 0)
(9.94619 0.0476593 0)
(9.72892 0.133603 0)
(10.0001 0.00183565 0)
(10.0005 0.00656263 0)
(10.0015 0.0132365 0)
(10.0025 0.0222893 0)
(10.0055 0.0351517 0)
(10.004 0.0556859 0)
(10.0152 0.0928863 0)
(10.0195 0.185842 0)
(10 0.00176785 0)
(10.0001 0.00598556 0)
(10.0004 0.0119109 0)
(10.0012 0.0203278 0)
(10.0029 0.0328742 0)
(10.0049 0.0531545 0)
(10.0136 0.0885564 0)
(10.0316 0.175993 0)
(10 0.00161391 0)
(10.0001 0.00551746 0)
(10.0004 0.0110541 0)
(10.0013 0.0190138 0)
(10.0034 0.0309467 0)
(10.0081 0.0500676 0)
(10.0186 0.0833769 0)
(10.0454 0.161413 0)
(10 0.00146728 0)
(10.0002 0.00496892 0)
(10.0007 0.00988368 0)
(10.002 0.0169685 0)
(10.0051 0.0277201 0)
(10.0119 0.0450558 0)
(10.0248 0.075649 0)
(10.061 0.142806 0)
(10 0.00120456 0)
(10.0003 0.00406724 0)
(10.0011 0.00808019 0)
(10.003 0.0139269 0)
(10.0073 0.0230429 0)
(10.016 0.0382716 0)
(10.033 0.0646859 0)
(10.0762 0.120323 0)
(10 0.000754399 0)
(10.0004 0.00256133 0)
(10.0015 0.00517835 0)
(10.004 0.00926317 0)
(10.0095 0.0162045 0)
(10.0203 0.0287405 0)
(10.0414 0.0501943 0)
(10.0907 0.0924367 0)
(10 6.91022e-05 0)
(10.0005 0.000409995 0)
(10.0019 0.0012866 0)
(10.0051 0.00332329 0)
(10.0115 0.00767047 0)
(10.0241 0.0165955 0)
(10.0485 0.0327621 0)
(10.1018 0.0633387 0)
(10.0002 -0.00091516 0)
(10.0012 -0.00297504 0)
(10.0036 -0.00474836 0)
(10.0079 -0.00528332 0)
(10.015 -0.00365465 0)
(10.0281 0.00141486 0)
(10.0518 0.0115014 0)
(10.1039 0.0317371 0)
(9.99772 -0.00145042 0)
(9.99673 -0.00432568 0)
(9.99555 -0.00698791 0)
(9.99227 -0.00898557 0)
(9.98504 -0.0099328 0)
(9.97821 -0.00967994 0)
(9.97229 -0.00754445 0)
(9.99117 -0.00212313 0)
(0.0673052 0.103585 0)
(-0.846235 0.781955 0)
(-2.8498 1.1309 0)
(-4.99578 1.06274 2.62271e-19)
(-6.39833 0.736081 0)
(-7.18971 0.366184 0)
(-7.52022 0.0490187 0)
(-7.54556 -0.19551 0)
(-7.34987 -0.407165 2.56871e-19)
(-6.97686 -0.593342 -2.33574e-19)
(-6.44624 -0.770338 -9.88409e-20)
(-5.76689 -0.938342 0)
(-4.96602 -1.07705 0)
(-3.96111 -1.18683 0)
(-2.7652 -1.22544 0)
(-1.52801 -1.17205 0)
(-0.354887 -1.06307 0)
(0.672135 -0.920121 0)
(1.53995 -0.768853 0)
(2.25221 -0.626751 -1.62572e-19)
(2.80927 -0.497952 0)
(3.22695 -0.383795 1.52292e-19)
(3.52888 -0.292872 0)
(3.7383 -0.23126 0)
(3.88164 -0.195104 0)
(3.9864 -0.174168 0)
(4.07522 -0.159423 -1.27619e-19)
(4.16215 -0.146188 -1.24049e-19)
(4.25322 -0.133194 0)
(4.34916 -0.120377 0)
(4.44855 -0.107951 0)
(4.54974 -0.0963916 1.12903e-19)
(4.65146 -0.0859562 -1.10696e-19)
(4.75259 -0.076635 1.08634e-19)
(4.85189 -0.0680496 0)
(4.94727 -0.0596348 -1.04803e-19)
(5.03622 -0.0507305 -1.02998e-19)
(5.11627 -0.0420017 1.01261e-19)
(5.18756 -0.0345635 0)
(5.25117 -0.0297122 0)
(5.30938 -0.0253818 0)
(5.35935 -0.0205013 -1.89364e-19)
(5.39943 -0.0120752 0)
(5.42327 -0.00441356 0)
(5.43622 0.00479738 1.80914e-19)
(5.4348 0.00575096 0)
(5.43556 0.0144428 1.76336e-19)
(5.41954 0.014478 0)
(5.41341 0.0494805 0)
(5.35556 0.0781502 0)
(-0.309162 0.841854 0)
(-1.48882 2.02416 0)
(-3.1691 2.59548 0)
(-4.52789 2.4528 -3.77453e-19)
(-5.14201 1.81125 -6.40239e-19)
(-5.34524 1.02727 0)
(-5.29492 0.304415 0)
(-5.16547 -0.248902 0)
(-4.87742 -0.672626 -3.73824e-19)
(-4.52206 -1.08032 3.39679e-19)
(-4.06371 -1.51158 -1.88891e-19)
(-3.52336 -1.95395 0)
(-2.87036 -2.35674 -1.85999e-19)
(-1.99035 -2.70212 0)
(-0.960406 -2.83042 4.62725e-20)
(0.0849502 -2.70326 0)
(1.06699 -2.39045 0)
(1.91023 -1.99655 0)
(2.58115 -1.59968 0)
(3.0883 -1.24309 6.71142e-19)
(3.46127 -0.940432 0)
(3.7306 -0.6858 -6.35387e-19)
(3.92356 -0.47237 0)
(4.04821 -0.304673 0)
(4.1057 -0.191329 0)
(4.10271 -0.133601 3.72652e-19)
(4.05865 -0.119625 1.83376e-19)
(3.99983 -0.130244 5.32989e-19)
(3.9489 -0.148664 0)
(3.91946 -0.165553 3.38429e-19)
(3.91648 -0.178045 0)
(3.93973 -0.186339 1.61516e-19)
(3.98653 -0.191034 1.60011e-19)
(4.05308 -0.192126 -1.57052e-19)
(4.13517 -0.18886 0)
(4.2279 -0.18031 4.53821e-19)
(4.32597 -0.166746 1.48937e-19)
(4.42483 -0.15078 1.45919e-19)
(4.52242 -0.135723 0)
(4.61863 -0.122863 0)
(4.71294 -0.109176 0)
(4.80226 -0.0913537 2.73904e-19)
(4.88118 -0.0678083 0)
(4.94604 -0.0440062 0)
(4.99557 -0.0231358 -2.61875e-19)
(5.03627 -0.012428 -2.57835e-19)
(5.06738 0.000462194 -2.55352e-19)
(5.1068 0.0108542 -2.5049e-19)
(5.13262 0.056443 0)
(5.22316 0.110722 0)
(-0.267136 1.39478 0)
(-1.11581 2.65077 4.04318e-19)
(-2.08641 3.28156 7.7538e-19)
(-2.75036 2.98996 0)
(-2.97749 2.11402 -5.90059e-20)
(-3.01378 1.08334 0)
(-2.82923 0.134109 -1.30937e-18)
(-2.55453 -0.574435 0)
(-2.16434 -1.01029 1.24895e-18)
(-1.77065 -1.37881 0)
(-1.33122 -1.83888 4.84348e-19)
(-0.883305 -2.39105 0)
(-0.407309 -2.96249 -4.73073e-20)
(0.285635 -3.47001 0)
(1.08227 -3.70982 -1.28695e-19)
(1.82183 -3.58084 0)
(2.50479 -3.16787 -4.58229e-19)
(3.1115 -2.60871 0)
(3.59517 -2.03434 0)
(3.92602 -1.53452 -6.28586e-19)
(4.12711 -1.14016 5.94246e-19)
(4.24471 -0.834452 1.18007e-18)
(4.3218 -0.587376 0)
(4.38019 -0.383291 0)
(4.41603 -0.219951 0)
(4.41518 -0.105254 -5.31157e-19)
(4.36535 -0.0450466 -5.14487e-19)
(4.26909 -0.0340716 -5.07178e-19)
(4.14554 -0.0565611 0)
(4.02022 -0.0943137 -4.8607e-19)
(3.91248 -0.134613 0)
(3.83214 -0.171102 -9.32942e-19)
(3.78151 -0.201016 0)
(3.75855 -0.223075 0)
(3.75962 -0.236222 0)
(3.78082 -0.239448 -4.36446e-19)
(3.81794 -0.233336 0)
(3.86689 -0.221652 -8.4498e-19)
(3.92467 -0.209347 0)
(3.98994 -0.198246 0)
(4.06118 -0.18448 0)
(4.13539 -0.1629 0)
(4.20638 -0.13191 -7.80173e-19)
(4.26986 -0.0980308 0)
(4.32084 -0.0682933 -7.5745e-19)
(4.36575 -0.0498113 3.73668e-19)
(4.39966 -0.0364405 7.35712e-19)
(4.44592 -0.026064 3.63146e-19)
(4.47838 0.000525501 0)
(4.57601 0.0385035 6.9353e-19)
(-0.119566 1.67343 0)
(-0.590894 2.90087 -5.74764e-19)
(-1.0248 3.54047 -1.10147e-18)
(-1.24977 3.17966 0)
(-1.27123 2.23632 1.40006e-18)
(-1.21244 1.13614 1.75131e-18)
(-0.966357 0.0442306 1.87641e-18)
(-0.695188 -0.80178 1.901e-18)
(-0.328547 -1.31428 -1.78058e-18)
(0.0408043 -1.6729 -1.67835e-18)
(0.440216 -2.10819 0)
(0.847172 -2.67647 0)
(1.27691 -3.30513 4.35332e-19)
(1.83591 -3.8554 0)
(2.42686 -4.10288 8.74702e-20)
(2.9423 -3.93252 0)
(3.36317 -3.47339 4.85182e-20)
(3.72715 -2.87996 7.246e-19)
(4.06599 -2.25263 0)
(4.34686 -1.6732 0)
(4.52012 -1.20525 -8.37763e-19)
(4.59282 -0.856501 -8.19448e-19)
(4.60595 -0.594736 -7.85283e-19)
(4.60491 -0.38932 -7.64795e-19)
(4.6065 -0.223388 7.44487e-19)
(4.60218 -0.0955703 0)
(4.57571 -0.0119346 1.4362e-18)
(4.5137 0.0247852 -7.02905e-19)
(4.41321 0.0199529 0)
(4.28608 -0.0137389 -6.79178e-19)
(4.15224 -0.0613928 0)
(4.02744 -0.1113 6.57718e-19)
(3.92019 -0.156287 0)
(3.83285 -0.192743 6.35611e-19)
(3.76502 -0.218763 -1.25274e-18)
(3.7155 -0.233201 0)
(3.68332 -0.236719 0)
(3.66758 -0.233184 6.00414e-19)
(3.66662 -0.22778 0)
(3.67872 -0.222317 0)
(3.70177 -0.212551 1.14859e-18)
(3.73367 -0.192431 0)
(3.76968 -0.160471 2.2281e-18)
(3.80669 -0.12353 0)
(3.83921 -0.0908327 -2.11028e-22)
(3.87188 -0.0695497 -1.06671e-18)
(3.89786 -0.0566856 -2.1021e-18)
(3.93722 -0.0473332 0)
(3.96779 -0.0287097 0)
(4.05417 -0.0010213 -3.76611e-21)
(0.0194171 1.7717 0)
(-0.159318 2.96475 8.03664e-19)
(-0.230284 3.597 -1.57394e-18)
(-0.157636 3.20599 0)
(-0.0338664 2.24393 0)
(0.10536 1.11882 -2.41286e-18)
(0.392315 -0.0342169 0)
(0.64884 -0.909707 -2.60294e-18)
(0.939585 -1.45997 2.48097e-18)
(1.24735 -1.8341 2.27367e-18)
(1.60266 -2.2768 -2.03937e-18)
(1.98234 -2.86283 8.53891e-19)
(2.38896 -3.51254 6.43957e-19)
(2.87933 -4.0928 0)
(3.33392 -4.3214 6.31084e-21)
(3.69168 -4.10521 0)
(3.95596 -3.59351 4.27384e-20)
(4.14711 -2.9751 -9.95205e-19)
(4.33084 -2.34667 0)
(4.52868 -1.75568 0)
(4.68631 -1.25442 0)
(4.76454 -0.870842 0)
(4.77253 -0.59015 2.12493e-18)
(4.74825 -0.381259 1.04023e-20)
(4.72766 -0.21748 -1.00449e-18)
(4.71489 -0.0888478 -9.72123e-19)
(4.69733 0.00205494 -9.61049e-19)
(4.65915 0.0511171 1.88759e-18)
(4.58979 0.0597599 0)
(4.48727 0.0355346 1.83806e-18)
(4.3634 -0.00916826 -9.04944e-19)
(4.23359 -0.0616308 -1.78234e-18)
(4.10966 -0.112148 0)
(3.9972 -0.154984 -8.66737e-19)
(3.89777 -0.187438 3.41864e-18)
(3.81199 -0.208278 0)
(3.74072 -0.218174 1.6666e-18)
(3.68469 -0.220776 0)
(3.64338 -0.220921 0)
(3.61505 -0.220225 -1.60387e-18)
(3.59753 -0.21456 -1.58217e-18)
(3.59024 -0.197686 0)
(3.59177 -0.16804 9.76612e-22)
(3.60175 -0.132205 0)
(3.61578 -0.100204 1.49784e-18)
(3.63602 -0.0789702 4.79732e-23)
(3.65439 -0.0673668 2.90784e-18)
(3.68484 -0.05926 -1.42931e-18)
(3.71082 -0.0469882 1.40228e-18)
(3.7786 -0.0260819 -1.36991e-18)
(0.127045 1.78184 0)
(0.151937 2.95433 -1.07386e-18)
(0.323755 3.57041 2.08395e-18)
(0.600822 3.17252 0)
(0.831629 2.21158 -5.05126e-18)
(1.04359 1.07345 0)
(1.35186 -0.089393 0)
(1.58267 -0.977879 0)
(1.80759 -1.54359 -3.20996e-18)
(2.05591 -1.93213 0)
(2.37825 -2.38987 2.61155e-18)
(2.74566 -2.99306 -1.08811e-18)
(3.13982 -3.65426 -8.22672e-19)
(3.57549 -4.22757 -7.23001e-19)
(3.93215 -4.42844 -8.21563e-21)
(4.16915 -4.18251 0)
(4.32247 -3.64407 1.01366e-18)
(4.41428 -3.01144 -1.22542e-18)
(4.50696 -2.38493 0)
(4.63667 -1.79637 0)
(4.76875 -1.28477 -1.36967e-18)
(4.8496 -0.88242 0)
(4.86504 -0.586631 -1.34841e-18)
(4.83784 -0.372501 2.619e-18)
(4.80624 -0.210395 0)
(4.78651 -0.083659 5.44823e-21)
(4.77121 0.00882282 -1.18529e-18)
(4.74536 0.0633705 -1.174e-18)
(4.69648 0.0798756 0)
(4.61726 0.0634326 -2.30574e-18)
(4.51058 0.0236222 1.14619e-18)
(4.38792 -0.0275992 2.26465e-18)
(4.26188 -0.0795403 0)
(4.14074 -0.125043 0)
(4.028 -0.160653 -1.28236e-21)
(3.9259 -0.184942 0)
(3.83589 -0.198555 -4.2702e-18)
(3.75925 -0.204938 0)
(3.69596 -0.208576 0)
(3.64432 -0.21088 -1.8447e-22)
(3.60207 -0.207924 0)
(3.56933 -0.193692 0)
(3.54716 -0.166717 -2.00142e-18)
(3.53764 -0.133189 0)
(3.538 -0.103115 0)
(3.54869 -0.0829747 1.92206e-18)
(3.56121 -0.0725972 -3.83101e-22)
(3.58429 -0.0655506 1.86096e-18)
(3.60602 -0.0568179 -1.8263e-18)
(3.65865 -0.0401805 -1.78118e-18)
(0.203549 1.75716 0)
(0.366166 2.92291 -1.31245e-18)
(0.700432 3.52465 0)
(1.11819 3.13029 -4.23475e-18)
(1.4253 2.17678 5.9747e-18)
(1.69432 1.03272 0)
(2.01429 -0.12945 0)
(2.22059 -1.01696 0)
(2.39554 -1.5875 3.91565e-18)
(2.60104 -1.99018 3.60344e-18)
(2.9023 -2.46514 -3.18419e-18)
(3.26374 -3.08199 2.66733e-18)
(3.64732 -3.7467 0)
(4.04272 -4.30754 9.06366e-19)
(4.33055 -4.48341 0)
(4.4848 -4.21507 -7.05456e-19)
(4.56229 -3.66027 -1.23692e-18)
(4.58624 -3.02139 1.58145e-18)
(4.62015 -2.40014 1.69098e-18)
(4.70466 -1.81808 0)
(4.81555 -1.30422 1.66874e-18)
(4.89609 -0.891841 1.62489e-18)
(4.91801 -0.585552 0)
(4.89375 -0.366215 -8.06669e-21)
(4.85779 -0.204538 0)
(4.83345 -0.0797307 1.42316e-18)
(4.81818 0.012593 1.3892e-18)
(4.7987 0.0695677 0)
(4.76188 0.0904466 1.3598e-18)
(4.6991 0.0791782 4.09137e-18)
(4.60768 0.0436648 0)
(4.49461 -0.00527304 0)
(4.37115 -0.0569341 -2.70808e-18)
(4.24757 -0.103408 2.68517e-18)
(4.12908 -0.140638 -2.66411e-18)
(4.0193 -0.166942 0)
(3.92013 -0.182801 5.25266e-18)
(3.8329 -0.191512 0)
(3.75785 -0.197312 0)
(3.69331 -0.201436 2.57201e-18)
(3.63691 -0.20013 0)
(3.58922 -0.187698 0)
(3.55267 -0.162864 2.51894e-18)
(3.53089 -0.131507 0)
(3.52238 -0.103359 2.46545e-18)
(3.52658 -0.0844371 -2.43032e-18)
(3.53503 -0.0750528 -2.39399e-18)
(3.55295 -0.0687937 0)
(3.57153 -0.0620015 -2.31552e-18)
(3.61417 -0.0480735 2.26662e-18)
(0.258675 1.72793 0)
(0.517492 2.88984 1.46671e-18)
(0.966269 3.4794 0)
(1.48822 3.08863 3.0617e-20)
(1.85571 2.14266 0)
(2.17368 0.996335 0)
(2.50459 -0.161021 0)
(2.69357 -1.04101 0)
(2.83247 -1.61328 -3.9785e-18)
(3.00939 -2.02932 -7.26206e-18)
(3.29954 -2.52118 3.18824e-18)
(3.6607 -3.14969 -9.48629e-22)
(4.03794 -3.81482 2.07225e-18)
(4.40486 -4.36063 0)
(4.63499 -4.51316 0)
(4.72397 -4.22804 7.14402e-19)
(4.74424 -3.66246 1.24159e-18)
(4.71855 -3.02032 0)
(4.7082 -2.40501 -1.64235e-18)
(4.75778 -1.83093 3.22537e-18)
(4.85014 -1.31839 -3.06953e-18)
(4.92923 -0.899835 1.48338e-18)
(4.95681 -0.585259 2.95206e-18)
(4.93733 -0.360924 -1.44106e-18)
(4.90015 -0.199004 2.72944e-18)
(4.87261 -0.0760029 0)
(4.85699 0.0155486 0)
(4.84211 0.073871 0)
(4.81488 0.0979289 -1.20036e-18)
(4.76622 0.090927 -2.37945e-18)
(4.69023 0.0596804 2.3757e-18)
(4.58923 0.013777 0)
(4.47134 -0.0366462 2.32331e-18)
(4.3483 -0.0832405 -2.28798e-18)
(4.22731 -0.121448 -2.25105e-18)
(4.11316 -0.149259 -2.21582e-18)
(4.0083 -0.166888 -2.18228e-18)
(3.91394 -0.177481 0)
(3.83044 -0.185076 0)
(3.75621 -0.190683 -2.07915e-18)
(3.68873 -0.190734 0)
(3.6289 -0.17993 0)
(3.58033 -0.157265 -1.97675e-18)
(3.54789 -0.128326 0)
(3.53137 -0.102423 -1.89847e-18)
(3.52939 -0.0850222 1.85452e-18)
(3.53379 -0.0767506 0)
(3.5466 -0.0713636 0)
(3.5619 -0.0662906 1.71936e-18)
(3.59505 -0.0550556 0)
(0.299574 1.70422 0)
(0.627265 2.85843 0)
(1.16246 3.43438 0)
(1.76709 3.04546 1.47146e-17)
(2.18995 2.10745 -1.40628e-17)
(2.55208 0.963301 0)
(2.89471 -0.185273 1.04119e-17)
(3.07329 -1.05632 0)
(3.18728 -1.62981 0)
(3.34652 -2.05818 4.66677e-18)
(3.63351 -2.56565 8.20033e-18)
(3.99964 -3.20466 -6.91922e-18)
(4.37599 -3.86905 -2.73266e-18)
(4.71893 -4.39868 0)
(4.89634 -4.53038 0)
(4.93043 -4.23122 0)
(4.90179 -3.65631 0)
(4.83475 -3.012 0)
(4.7868 -2.4035 0)
(4.80574 -1.83898 -4.38279e-20)
(4.87984 -1.33034 3.6234e-18)
(4.95638 -0.907923 -6.93911e-18)
(4.98919 -0.585949 -6.82288e-18)
(4.97611 -0.356223 0)
(4.94033 -0.193277 -3.14223e-18)
(4.91073 -0.0719776 0)
(4.89454 0.0182439 0)
(4.88327 0.0771225 0)
(4.86462 0.103653 0)
(4.82933 0.1005 2.61826e-18)
(4.77035 0.0738292 -5.20901e-18)
(4.68579 0.0321359 0)
(4.57835 -0.0157107 0)
(4.45918 -0.0615637 0)
(4.33898 -0.100175 -2.44102e-18)
(4.2237 -0.129021 2.39018e-18)
(4.11634 -0.148037 0)
(4.01791 -0.160278 4.5778e-18)
(3.92891 -0.169484 0)
(3.84786 -0.176366 -2.19337e-18)
(3.77207 -0.177576 4.29399e-18)
(3.70265 -0.168427 0)
(3.64441 -0.148317 0)
(3.60314 -0.122494 4.02142e-18)
(3.5798 -0.0995922 -3.91838e-18)
(3.57237 -0.084354 3.81052e-18)
(3.57335 -0.0775143 3.70352e-18)
(3.58181 -0.073267 3.59775e-18)
(3.59453 -0.0698827 3.48769e-18)
(3.61984 -0.0616917 -3.36392e-18)
(0.404342 1.61304 8.59484e-19)
(0.900211 2.75398 0)
(1.63382 3.30412 0)
(2.4164 2.93583 -4.1018e-18)
(2.95528 2.02735 6.0385e-18)
(3.38515 0.898948 -3.73893e-18)
(3.71983 -0.224163 -8.54119e-18)
(3.85034 -1.07971 0)
(3.89964 -1.65895 -4.17473e-18)
(4.01554 -2.11223 0)
(4.28932 -2.64883 -3.6008e-18)
(4.65575 -3.30532 2.34646e-20)
(5.01615 -3.96172 0)
(5.28798 -4.45373 5.3598e-19)
(5.35571 -4.54721 1.00056e-19)
(5.28487 -4.22388 -7.01582e-19)
(5.16573 -3.63276 -1.26568e-18)
(5.02645 -2.98609 0)
(4.91551 -2.39188 0)
(4.88358 -1.8468 -1.93128e-18)
(4.92563 -1.34809 0)
(4.99452 -0.922042 1.91856e-18)
(5.03376 -0.589138 1.92782e-18)
(5.03084 -0.350344 0)
(4.99897 -0.184698 0)
(4.96655 -0.0656569 0)
(4.94802 0.0219328 1.78035e-18)
(4.93928 0.0805507 -1.75466e-18)
(4.92964 0.109518 0)
(4.90929 0.11074 -1.73425e-18)
(4.87078 0.0896857 3.90422e-21)
(4.80852 0.0538635 1.73437e-18)
(4.71934 0.0107757 -1.74145e-18)
(4.60775 -0.0332723 0)
(4.48886 -0.0723137 3.51293e-18)
(4.37132 -0.102792 0)
(4.26002 -0.123984 -1.73971e-18)
(4.15709 -0.138398 -5.2055e-18)
(4.06249 -0.149471 0)
(3.97467 -0.157721 3.44706e-18)
(3.89101 -0.160139 -3.43686e-18)
(3.81255 -0.153018 0)
(3.74566 -0.136113 0)
(3.6966 -0.114167 -1.71233e-18)
(3.66693 -0.0949233 1.70628e-18)
(3.65427 -0.0823437 -3.39632e-18)
(3.65186 -0.0771222 -3.37761e-18)
(3.65646 -0.0741108 -3.35779e-18)
(3.66692 -0.0721908 -3.33158e-18)
(3.68709 -0.0667049 3.28942e-18)
(0.582787 1.4268 -9.29706e-19)
(1.31309 2.5105 0)
(2.33363 3.02955 0)
(3.36628 2.72193 -2.06477e-18)
(4.07063 1.88419 -3.02394e-18)
(4.55881 0.812031 3.96071e-18)
(4.85763 -0.258728 4.38426e-18)
(4.93293 -1.09893 -2.155e-18)
(4.92305 -1.69387 4.24207e-18)
(5.00713 -2.1907 0)
(5.2835 -2.77568 0)
(5.64757 -3.45154 4.25666e-20)
(5.9536 -4.07624 0)
(6.0903 -4.49735 -1.03768e-18)
(5.99012 -4.52724 -5.0242e-20)
(5.76611 -4.16931 6.93986e-19)
(5.51756 -3.56099 6.59957e-19)
(5.28277 -2.91478 0)
(5.09289 -2.34427 0)
(4.99405 -1.83383 -9.33252e-19)
(4.98803 -1.35963 9.51437e-19)
(5.03658 -0.938646 0)
(5.07958 -0.596466 9.64376e-19)
(5.09034 -0.345383 0)
(5.06943 -0.173452 0)
(5.03761 -0.0557996 -9.45473e-19)
(5.01556 0.0274894 -1.85885e-18)
(5.00618 0.0834835 1.82155e-18)
(5.00242 0.112994 0)
(4.99478 0.117566 1.77455e-18)
(4.97561 0.101849 3.53624e-18)
(4.93869 0.0728166 -1.77142e-18)
(4.88069 0.0373755 2.83451e-21)
(4.79537 -0.000795905 0)
(4.68776 -0.0381183 0)
(4.57119 -0.0699224 0)
(4.45579 -0.0935537 1.80917e-18)
(4.34712 -0.110514 1.79818e-18)
(4.24495 -0.123881 0)
(4.14742 -0.13405 0)
(4.05378 -0.138433 1.75535e-18)
(3.96645 -0.133899 0)
(3.89138 -0.120706 0)
(3.83474 -0.103215 -3.45997e-18)
(3.79801 -0.0881903 1.71712e-18)
(3.77875 -0.0787859 0)
(3.77104 -0.0754879 0)
(3.77018 -0.0739138 0)
(3.77659 -0.0734766 0)
(3.79172 -0.070544 -1.62941e-18)
(0.714994 1.18298 0)
(1.66935 2.19559 5.4632e-19)
(2.93925 2.69355 0)
(4.173 2.45227 1.12749e-18)
(5.00931 1.70719 3.12552e-18)
(5.5496 0.712544 1.89368e-18)
(5.83072 -0.294951 -2.11159e-18)
(5.8714 -1.10571 2.21229e-18)
(5.84518 -1.71646 -2.07364e-18)
(5.95241 -2.26699 -9.71965e-19)
(6.25455 -2.90248 0)
(6.59162 -3.57868 1.549e-18)
(6.79394 -4.14079 0)
(6.76898 -4.46967 1.01124e-18)
(6.51142 -4.43651 -4.96067e-20)
(6.15347 -4.05629 0)
(5.79779 -3.45081 6.20607e-19)
(5.49278 -2.81973 0)
(5.24999 -2.27769 0)
(5.10052 -1.80386 9.56776e-19)
(5.05127 -1.35934 -2.00205e-20)
(5.07401 -0.951153 9.49606e-19)
(5.11621 -0.606424 -1.41341e-20)
(5.13718 -0.345328 -9.6778e-19)
(5.12912 -0.165666 0)
(5.10271 -0.0467348 6.91787e-21)
(5.0788 0.0333277 -9.33757e-19)
(5.06711 0.0858861 -9.12416e-19)
(5.06498 0.114171 0)
(5.06488 0.120106 -2.66571e-18)
(5.05892 0.107774 -1.76568e-18)
(5.04133 0.0835535 -8.79566e-19)
(5.00837 0.0537294 1.76947e-18)
(4.95762 0.0225441 0)
(4.87965 -0.00899292 0)
(4.7804 -0.0384692 0)
(4.67245 -0.0627942 0)
(4.56396 -0.0817849 0)
(4.45749 -0.0970569 0)
(4.35185 -0.108858 0)
(4.24876 -0.115014 -2.70312e-18)
(4.15288 -0.11306 0)
(4.06933 -0.103748 -8.86448e-19)
(4.00432 -0.0908329 -3.50327e-22)
(3.95959 -0.0801096 1.73719e-18)
(3.93271 -0.0740424 0)
(3.91867 -0.0729223 0)
(3.91263 -0.0729961 0)
(3.91518 -0.0741251 1.66057e-18)
(3.92672 -0.0737196 1.63195e-18)
(0.844806 0.875627 0)
(1.91042 1.81466 -5.74331e-19)
(3.39244 2.28365 0)
(4.81465 2.11641 1.0545e-18)
(5.77187 1.48997 1.47744e-18)
(6.36598 0.594626 -1.96578e-18)
(6.64789 -0.333866 2.18869e-18)
(6.69182 -1.11248 1.07089e-18)
(6.71139 -1.74877 2.14161e-18)
(6.8825 -2.35836 3.46106e-20)
(7.19057 -3.02667 8.69872e-19)
(7.45328 -3.66978 0)
(7.51441 -4.14633 0)
(7.33251 -4.38712 -2.71679e-19)
(6.94074 -4.30347 1.37363e-20)
(6.47212 -3.91066 0)
(6.02917 -3.31873 2.9601e-19)
(5.67163 -2.71143 0)
(5.39475 -2.19975 0)
(5.20873 -1.76141 -4.67544e-19)
(5.12182 -1.34812 -9.78685e-19)
(5.11524 -0.957989 -9.72437e-19)
(5.15014 -0.616755 -9.65082e-19)
(5.17675 -0.348956 9.76341e-19)
(5.18005 -0.161409 0)
(5.16202 -0.0391244 4.86518e-19)
(5.13867 0.0393658 4.76686e-19)
(5.1242 0.0885327 9.23543e-19)
(5.12083 0.114476 0)
(5.12394 0.120178 4.45962e-19)
(5.12633 0.109584 0)
(5.12218 0.0883419 1.31387e-18)
(5.10729 0.0623927 0)
(5.08073 0.0357967 -4.42395e-19)
(5.03835 0.0103974 0)
(4.97158 -0.0138712 0)
(4.88617 -0.0358213 0)
(4.79154 -0.0544909 0)
(4.69271 -0.0699827 0)
(4.59005 -0.0821742 9.32195e-19)
(4.4855 -0.0896596 9.27221e-19)
(4.38381 -0.0905053 0)
(4.29223 -0.085233 -1.55062e-23)
(4.2179 -0.0770534 1.80692e-18)
(4.16411 -0.0707649 -8.93812e-19)
(4.12856 -0.0681553 0)
(4.10704 -0.0692939 8.74106e-19)
(4.09505 -0.0711622 8.63747e-19)
(4.09296 -0.0740931 -2.5545e-18)
(4.10104 -0.0762964 8.34906e-19)
(0.878146 0.555491 0)
(2.22038 1.4137 -1.30279e-19)
(3.86039 1.8779 0)
(5.33416 1.78723 -4.96067e-19)
(6.36694 1.2623 -1.5384e-18)
(7.01114 0.469122 0)
(7.3289 -0.38069 5.23327e-19)
(7.4482 -1.13715 -1.11063e-18)
(7.57266 -1.80455 0)
(7.79347 -2.45497 1.48257e-18)
(8.06062 -3.12081 -9.03306e-19)
(8.19644 -3.69952 0)
(8.10186 -4.08806 1.29261e-19)
(7.78233 -4.25584 -1.29873e-19)
(7.2786 -4.13298 -1.1319e-20)
(6.71962 -3.73498 -8.30892e-20)
(6.21158 -3.1674 -3.05061e-19)
(5.82028 -2.59349 0)
(5.52704 -2.11481 0)
(5.31937 -1.71022 4.8043e-19)
(5.20262 -1.32752 0)
(5.16665 -0.958223 0)
(5.18554 -0.625289 2.38178e-19)
(5.21372 -0.354991 0)
(5.22511 -0.160346 0)
(5.21593 -0.0334235 4.84185e-19)
(5.1956 0.0452794 7.14795e-19)
(5.17877 0.0917384 0)
(5.17251 0.11481 -2.26665e-19)
(5.17556 0.11912 2.23449e-19)
(5.18229 0.108876 0)
(5.18679 0.0893621 -4.36051e-19)
(5.18502 0.0658247 2.17681e-19)
(5.17439 0.0422536 2.19301e-19)
(5.15496 0.0206481 0)
(5.1218 0.00117592 0)
(5.06869 -0.0164455 0)
(5.0003 -0.0325007 2.33943e-19)
(4.92168 -0.0465481 0)
(4.83463 -0.057899 -9.43975e-19)
(4.74094 -0.0654777 4.71223e-19)
(4.64512 -0.0678502 0)
(4.55526 -0.0657292 9.33164e-19)
(4.4792 -0.0618421 0)
(4.4217 -0.0598917 -9.18199e-19)
(4.38124 -0.0608579 0)
(4.35423 -0.0645553 -1.35028e-18)
(4.33628 -0.0685285 -8.8924e-19)
(4.32869 -0.0735627 8.76179e-19)
(4.33288 -0.078554 -1.28673e-18)
(0.871925 0.084293 0)
(1.78832 0.905267 1.37119e-19)
(3.74797 1.34993 0)
(5.55125 1.37954 5.23877e-19)
(6.81563 0.983431 0)
(7.583 0.310246 0)
(8.01638 -0.467825 -5.64335e-19)
(8.26034 -1.20426 0)
(8.45694 -1.8791 0)
(8.65254 -2.52518 -5.29744e-19)
(8.80982 -3.14589 0)
(8.78356 -3.64788 0)
(8.55172 -3.96549 -1.4354e-19)
(8.12616 -4.08587 -1.19371e-19)
(7.53474 -3.93667 -3.18266e-21)
(6.90729 -3.5424 9.22605e-20)
(6.35664 -3.00763 0)
(5.94667 -2.47249 0)
(5.64838 -2.02639 0)
(5.43093 -1.65198 0)
(5.29323 -1.29795 0)
(5.23131 -0.951045 0)
(5.22846 -0.629881 -2.59659e-19)
(5.25151 -0.361375 0)
(5.26735 -0.162136 0)
(5.26543 -0.0299902 0)
(5.2496 0.0505975 -2.54567e-19)
(5.23158 0.095496 0)
(5.22169 0.115685 2.44552e-19)
(5.22247 0.117788 2.39658e-19)
(5.23028 0.106784 0)
(5.23974 0.0878419 0)
(5.2466 0.0657471 -2.32261e-19)
(5.24806 0.0439832 2.32786e-19)
(5.24288 0.0247563 0)
(5.23027 0.0085518 0)
(5.20509 -0.00584536 0)
(5.16679 -0.0187986 -2.42914e-19)
(5.11546 -0.0301579 0)
(5.05293 -0.0393764 0)
(4.98055 -0.045594 -4.92451e-19)
(4.90199 -0.0480034 0)
(4.82466 -0.0477149 0)
(4.75624 -0.0470865 0)
(4.70204 -0.0487984 0)
(4.66172 -0.0529498 0)
(4.6331 -0.059019 4.72611e-19)
(4.61302 -0.0650396 0)
(4.60259 -0.0723183 0)
(4.60496 -0.0800909 4.50202e-19)
(9.78423 0.190483 -2.81807e-19)
(9.27391 0.450157 0)
(9.03679 0.657189 -5.80866e-19)
(9.26106 0.628223 9.68143e-19)
(9.65837 0.333183 6.92943e-19)
(10.0142 -0.166194 8.6188e-19)
(10.243 -0.771315 -9.56935e-19)
(10.3432 -1.38364 0)
(10.3307 -1.96316 0)
(10.2244 -2.4961 8.4031e-19)
(10.0151 -2.96863 0)
(9.66273 -3.3229 0)
(9.2052 -3.53192 0)
(8.61528 -3.57824 0)
(7.89192 -3.40223 0)
(7.18917 -3.05651 2.0064e-19)
(6.61214 -2.62724 0)
(6.19999 -2.19752 0)
(5.91015 -1.82582 0)
(5.68886 -1.50797 5.50945e-19)
(5.52134 -1.20816 -5.89654e-19)
(5.41103 -0.911033 0)
(5.35748 -0.624614 -6.30676e-19)
(5.35061 -0.371863 0)
(5.36327 -0.172045 0)
(5.37095 -0.0294764 0)
(5.36478 0.0593033 -6.58865e-19)
(5.34664 0.104361 6.61921e-19)
(5.32832 0.11907 -6.63535e-19)
(5.32014 0.11488 0)
(5.32427 0.0999931 6.63051e-19)
(5.33721 0.0800612 0)
(5.35459 0.0590904 6.63914e-19)
(5.37294 0.0396101 -6.66423e-19)
(5.38974 0.0233105 6.69952e-19)
(5.40406 0.0111306 0)
(5.41546 0.0013775 -6.80126e-19)
(5.42046 -0.00737206 0)
(5.4166 -0.0141332 0)
(5.40149 -0.0180894 -1.40039e-18)
(5.37401 -0.0195702 0)
(5.33513 -0.019256 0)
(5.28882 -0.019302 0)
(5.24061 -0.021952 0)
(5.19556 -0.0284912 0)
(5.1564 -0.0374577 0)
(5.12385 -0.0475426 0)
(5.09897 -0.0571983 -1.48445e-18)
(5.08225 -0.0685274 0)
(5.07914 -0.0811233 -1.48416e-18)
(10.134 0.369214 6.62821e-19)
(10.3735 0.711316 0)
(10.7136 0.956693 2.08531e-18)
(11.1125 0.893473 -2.23684e-18)
(11.4703 0.54832 -1.57624e-18)
(11.6911 0.0127796 -3.64505e-18)
(11.7381 -0.579353 2.09094e-18)
(11.6286 -1.17222 0)
(11.3699 -1.72427 0)
(10.9862 -2.19852 -9.84434e-19)
(10.5117 -2.5643 6.14407e-19)
(9.95772 -2.79639 0)
(9.36034 -2.90226 0)
(8.66207 -2.87152 1.02035e-19)
(7.9248 -2.70542 0)
(7.30004 -2.46005 -3.83093e-19)
(6.81244 -2.17861 -5.95852e-19)
(6.45513 -1.88987 0)
(6.19846 -1.61125 8.79847e-19)
(5.99974 -1.3438 -1.003e-18)
(5.83427 -1.07964 1.06145e-18)
(5.6995 -0.820695 0)
(5.60014 -0.576677 1.1091e-18)
(5.54098 -0.35767 0)
(5.51933 -0.174902 -1.07545e-18)
(5.51387 -0.0328769 0)
(5.50715 0.0662368 2.14489e-18)
(5.49054 0.119659 -2.12593e-18)
(5.46623 0.133624 1.05467e-18)
(5.44414 0.121324 0)
(5.4332 0.0965796 -3.65978e-21)
(5.43539 0.0690509 9.96373e-19)
(5.44768 0.0435954 -9.78092e-19)
(5.46592 0.0220733 9.5908e-19)
(5.48699 0.00505571 -9.42914e-19)
(5.50856 -0.00753377 0)
(5.52809 -0.0158537 9.16755e-19)
(5.54366 -0.0201784 0)
(5.55341 -0.0208746 0)
(5.55518 -0.018489 8.8657e-19)
(5.54849 -0.0138964 0)
(5.53404 -0.0086112 0)
(5.51371 -0.00535818 -8.54027e-19)
(5.48983 -0.00657035 0)
(5.46463 -0.0134654 0)
(5.4406 -0.0243231 0)
(5.41971 -0.0378246 0)
(5.40625 -0.051847 1.56808e-18)
(5.40066 -0.0692163 0)
(5.41154 -0.0885343 1.48812e-18)
(10.1079 0.331745 -4.07376e-19)
(10.2896 0.568543 0)
(10.6296 0.746352 -7.13079e-19)
(11.0557 0.68352 1.00254e-18)
(11.4146 0.370532 0)
(11.6141 -0.113132 1.70249e-18)
(11.6339 -0.642191 -8.11992e-19)
(11.4597 -1.1552 0)
(11.1283 -1.60643 7.48162e-19)
(10.6947 -1.96932 -7.54396e-19)
(10.1817 -2.22415 -6.26444e-19)
(9.6331 -2.37083 -4.06249e-19)
(9.0864 -2.4245 -1.30795e-19)
(8.50855 -2.40731 -2.86632e-20)
(7.93867 -2.32041 -6.74728e-20)
(7.44812 -2.16266 1.90793e-19)
(7.02829 -1.94818 6.0015e-19)
(6.67694 -1.71132 0)
(6.39724 -1.47482 -4.56468e-19)
(6.18138 -1.23751 0)
(6.0141 -0.993495 4.96528e-19)
(5.88134 -0.750651 0)
(5.77464 -0.524168 -5.26858e-19)
(5.69522 -0.325554 -5.29587e-19)
(5.64707 -0.16019 1.06868e-18)
(5.62381 -0.0267293 0)
(5.6103 0.0726822 -1.05817e-18)
(5.59364 0.130502 1.05048e-18)
(5.5694 0.146952 -5.16879e-19)
(5.54227 0.132184 -1.02404e-18)
(5.52117 0.101078 -1.0143e-18)
(5.51238 0.0665672 -9.95306e-19)
(5.51589 0.0358155 9.72837e-19)
(5.52839 0.0111685 0)
(5.54617 -0.00721801 -9.33136e-19)
(5.56581 -0.0196709 0)
(5.58465 -0.0265101 -9.00778e-19)
(5.60071 -0.0284493 0)
(5.61216 -0.0261267 0)
(5.61805 -0.0203537 8.66674e-19)
(5.61841 -0.0125287 -8.56541e-19)
(5.61394 -0.00458817 0)
(5.6058 0.000596578 -2.01033e-22)
(5.59491 0.000645639 0)
(5.58209 -0.00590572 8.149e-19)
(5.56885 -0.0174655 8.02746e-19)
(5.55732 -0.0334847 0)
(5.55214 -0.0512341 0)
(5.55428 -0.0751702 -7.61598e-19)
(5.57445 -0.101894 0)
(10.123 0.287958 -2.58403e-20)
(10.277 0.442244 0)
(10.5417 0.540518 -3.61299e-19)
(10.8767 0.472195 -9.98023e-19)
(11.1695 0.215972 5.9296e-19)
(11.3332 -0.144334 0)
(11.3289 -0.571343 8.12433e-19)
(11.1539 -0.986362 0)
(10.843 -1.3436 -7.5038e-19)
(10.4407 -1.62444 0)
(9.98974 -1.8313 0)
(9.52561 -1.96662 4.06614e-19)
(9.07261 -2.04243 1.30797e-19)
(8.58976 -2.06872 -1.00203e-19)
(8.08037 -2.02258 6.75061e-20)
(7.60627 -1.89466 -1.90861e-19)
(7.19046 -1.70907 0)
(6.84366 -1.50704 0)
(6.55974 -1.31022 -4.2523e-19)
(6.33202 -1.11185 -4.52426e-19)
(6.157 -0.899898 -4.95809e-19)
(6.02492 -0.678892 0)
(5.92112 -0.467264 1.23884e-20)
(5.83725 -0.283026 5.29327e-19)
(5.77201 -0.133942 0)
(5.73137 -0.0126072 0)
(5.70738 0.082092 -5.20518e-19)
(5.6886 0.141412 5.19212e-19)
(5.66648 0.161074 5.19475e-19)
(5.63959 0.146729 1.02952e-18)
(5.61298 0.1117 0)
(5.59386 0.0706663 0)
(5.58614 0.0336056 -9.83561e-19)
(5.58871 0.00447024 0)
(5.59818 -0.0162525 1.41047e-18)
(5.61102 -0.0290593 0)
(5.6245 -0.0351039 9.00871e-19)
(5.63645 -0.0353865 0)
(5.64546 -0.0308349 0)
(5.65098 -0.0226817 0)
(5.65319 -0.0127656 4.22929e-19)
(5.65275 -0.00320752 4.17533e-19)
(5.6504 0.00318749 8.24628e-19)
(5.64627 0.00426591 0)
(5.64053 -0.00167891 -1.205e-18)
(5.63371 -0.0132772 -7.91263e-19)
(5.62768 -0.0311376 3.90603e-19)
(5.62605 -0.0518959 -7.68547e-19)
(5.63091 -0.0823525 7.51142e-19)
(5.65272 -0.116335 0)
(10.146 0.242785 4.26403e-19)
(10.2897 0.34982 0)
(10.5084 0.409179 3.5729e-19)
(10.7686 0.344889 2.26907e-19)
(10.9902 0.144475 -5.88767e-19)
(11.1028 -0.150438 0)
(11.0723 -0.493743 0)
(10.9005 -0.831908 0)
(10.6137 -1.12873 0)
(10.2507 -1.36977 0)
(9.84836 -1.55273 0)
(9.43461 -1.67483 0)
(9.02924 -1.7421 0)
(8.5918 -1.76196 2.52443e-20)
(8.12316 -1.72006 -2.19775e-20)
(7.68474 -1.61838 0)
(7.30428 -1.47749 0)
(6.98993 -1.31983 -1.73215e-19)
(6.72509 -1.15729 0)
(6.49872 -0.987794 2.32676e-19)
(6.31402 -0.803196 0)
(6.16964 -0.605069 0)
(6.05559 -0.408594 2.63192e-19)
(5.96134 -0.237025 0)
(5.88445 -0.100096 2.57396e-19)
(5.8295 0.00987417 -2.59497e-19)
(5.79415 0.0959117 2.65702e-19)
(5.77207 0.152648 -7.84525e-19)
(5.75321 0.173927 0)
(5.73095 0.161471 -2.57547e-19)
(5.70524 0.125667 0)
(5.68055 0.0805492 2.52754e-19)
(5.66239 0.0378871 0)
(5.65286 0.00382604 2.4384e-19)
(5.65067 -0.0200554 -2.38528e-19)
(5.65322 -0.0342769 -2.33071e-19)
(5.65798 -0.0403993 0)
(5.66306 -0.0398235 0)
(5.66724 -0.0339848 0)
(5.66996 -0.024534 0)
(5.6714 -0.0135585 2.11695e-19)
(5.67197 -0.00322699 -4.16987e-19)
(5.67204 0.00373869 0)
(5.67126 0.00552321 0)
(5.66937 0.000180881 1.99534e-19)
(5.66597 -0.0110351 0)
(5.66246 -0.0300049 -5.8236e-19)
(5.66123 -0.0526325 7.63067e-19)
(5.66524 -0.0890491 -3.77225e-19)
(5.68455 -0.129488 0)
(10.1659 0.19895 0)
(10.3016 0.275389 0)
(10.4889 0.311422 0)
(10.697 0.255054 -2.24707e-19)
(10.8639 0.0922925 0)
(10.9343 -0.148178 0)
(10.8833 -0.424431 0)
(10.7142 -0.697902 0)
(10.4482 -0.940013 0)
(10.1162 -1.13628 0)
(9.74972 -1.28349 0)
(9.37301 -1.38034 0)
(9.00418 -1.43536 0)
(8.60543 -1.45989 0)
(8.17557 -1.44077 2.20414e-20)
(7.77383 -1.37407 0)
(7.42497 -1.27237 0)
(7.13096 -1.14676 1.73458e-19)
(6.87275 -1.00846 0)
(6.64429 -0.860225 2.20681e-19)
(6.45256 -0.69904 0)
(6.29883 -0.524299 0)
(6.17466 -0.346722 2.53602e-19)
(6.06937 -0.186371 0)
(5.98207 -0.05674 -2.62053e-19)
(5.91382 0.0407293 2.63937e-19)
(5.86718 0.114738 2.64516e-19)
(5.84065 0.164561 2.6399e-19)
(5.82508 0.184369 0)
(5.81057 0.173604 2.60794e-19)
(5.79172 0.139529 0)
(5.76839 0.0939386 -2.56046e-19)
(5.74423 0.048337 0)
(5.72341 0.0103774 -2.47994e-19)
(5.70774 -0.0168352 -2.42917e-19)
(5.69703 -0.0334106 2.37657e-19)
(5.69016 -0.0407394 0)
(5.68585 -0.0405138 0)
(5.68306 -0.0345811 0)
(5.68119 -0.0249344 0)
(5.68022 -0.0138882 2.15045e-19)
(5.68015 -0.00356983 0)
(5.68104 0.00340261 0)
(5.68201 0.00561417 0)
(5.68234 0.00079546 2.01749e-19)
(5.68069 -0.00952168 0)
(5.67794 -0.0289239 1.95931e-19)
(5.67495 -0.0520805 0)
(5.67559 -0.0941739 3.79737e-19)
(5.68905 -0.140018 0)
(10.1828 0.149737 0)
(10.31 0.200475 0)
(10.47 0.218538 0)
(10.6349 0.168963 0)
(10.7553 0.0428269 0)
(10.7915 -0.13986 0)
(10.726 -0.348834 0)
(10.5613 -0.556486 0)
(10.3131 -0.741863 0)
(10.0063 -0.893322 0)
(9.66911 -1.00912 0)
(9.32322 -1.08949 0)
(8.98739 -1.14239 0)
(8.62659 -1.17423 0)
(8.23607 -1.17028 0)
(7.87234 -1.13234 0)
(7.55482 -1.06351 0)
(7.27553 -0.967105 0)
(7.01763 -0.853987 0)
(6.78114 -0.729596 0)
(6.57805 -0.589089 0)
(6.41112 -0.430168 0)
(6.27359 -0.267586 0)
(6.1582 -0.122886 0)
(6.058 -0.00669256 0)
(5.97511 0.0773325 0)
(5.91752 0.137433 0)
(5.8862 0.176236 0)
(5.8741 0.190873 0)
(5.87003 0.180551 0)
(5.86371 0.149985 0)
(5.84919 0.107888 0)
(5.82595 0.0636266 0)
(5.79775 0.0246425 0)
(5.76924 -0.00507045 0)
(5.74362 -0.0245544 0)
(5.72244 -0.0343625 0)
(5.70596 -0.0360276 0)
(5.69378 -0.0315215 0)
(5.68533 -0.0230284 0)
(5.68036 -0.0130647 0)
(5.67838 -0.00367826 0)
(5.67908 0.00268372 0)
(5.68086 0.00503022 0)
(5.68262 0.000595089 0)
(5.68167 -0.00812785 0)
(5.67847 -0.0272789 0)
(5.67152 -0.0490568 0)
(5.66607 -0.0966387 0)
(5.66895 -0.146584 0)
(10.1931 0.102615 0)
(10.3114 0.134116 0)
(10.4501 0.141342 0)
(10.5849 0.103059 0)
(10.6759 0.0129564 0)
(10.6908 -0.116328 0)
(10.6171 -0.264427 0)
(10.457 -0.412895 0)
(10.2233 -0.547056 0)
(9.93864 -0.659676 1.71776e-19)
(9.62846 -0.749637 0)
(9.31249 -0.818204 0)
(9.00882 -0.870814 0)
(8.68072 -0.906611 0)
(8.31824 -0.917939 0)
(7.97534 -0.909136 0)
(7.66447 -0.869175 0)
(7.36667 -0.788059 -1.6024e-19)
(7.07332 -0.684767 0)
(6.80671 -0.582488 -2.05484e-19)
(6.58689 -0.470427 0)
(6.40428 -0.331326 0)
(6.24356 -0.174393 0)
(6.11052 -0.0364254 0)
(6.00444 0.0632054 0)
(5.92131 0.129998 -2.7584e-19)
(5.86712 0.171359 0)
(5.84378 0.192413 5.74981e-19)
(5.84539 0.194913 0)
(5.85993 0.180122 5.86077e-19)
(5.87394 0.151634 0)
(5.87717 0.115122 0)
(5.86537 0.0765703 5.89904e-19)
(5.84023 0.0410776 0)
(5.80706 0.0119721 5.85608e-19)
(5.77189 -0.00901443 0)
(5.73921 -0.0214057 0)
(5.71142 -0.0259168 0)
(5.68963 -0.0241748 0)
(5.6739 -0.0181931 0)
(5.66416 -0.0104871 0)
(5.65955 -0.00289637 0)
(5.65945 0.00213467 0)
(5.66129 0.00424661 0)
(5.6639 0.000164964 0)
(5.66272 -0.00657427 -5.60221e-19)
(5.65846 -0.0249251 0)
(5.64564 -0.0431777 0)
(5.63185 -0.0947154 0)
(5.62318 -0.146955 0)
(10.1907 0.0571746 -4.15478e-19)
(10.2998 0.0765896 0)
(10.4206 0.0800373 0)
(10.5329 0.0563059 0)
(10.6031 -0.00130706 0)
(10.6038 -0.085624 0)
(10.5297 -0.183395 4.24078e-19)
(10.3815 -0.28252 0)
(10.1692 -0.374256 0)
(9.91001 -0.454879 -1.63859e-19)
(9.6231 -0.522703 0)
(9.32293 -0.578667 7.62212e-20)
(9.02237 -0.624509 0)
(8.68096 -0.65525 1.36583e-20)
(8.28236 -0.671956 5.50803e-20)
(7.87598 -0.675459 0)
(7.47987 -0.646733 0)
(7.08696 -0.571525 2.93801e-19)
(6.6986 -0.476903 0)
(6.35533 -0.396136 3.51351e-21)
(6.09098 -0.320869 0)
(5.89361 -0.228337 0)
(5.73528 -0.11509 -4.29164e-19)
(5.61868 0.00146475 0)
(5.55149 0.0892715 4.65611e-19)
(5.52864 0.145809 -2.38443e-19)
(5.54003 0.17628 0)
(5.57785 0.186988 -9.95379e-19)
(5.63332 0.182725 0)
(5.69455 0.167041 -5.01465e-19)
(5.74866 0.143583 5.01207e-19)
(5.78558 0.115881 0)
(5.80053 0.0867329 -4.94792e-19)
(5.79435 0.0583467 4.90955e-19)
(5.77214 0.0328027 -9.71997e-19)
(5.74064 0.0120409 -4.80932e-19)
(5.70612 -0.0026634 0)
(5.67325 -0.0107752 0)
(5.64545 -0.0130109 0)
(5.62439 -0.0107976 -4.59363e-19)
(5.611 -0.0064163 -4.54067e-19)
(5.6043 -0.00139078 0)
(5.60378 0.00175869 0)
(5.60577 0.00340878 0)
(5.60938 -0.000134767 -4.35344e-19)
(5.60719 -0.00419837 8.63121e-19)
(5.60223 -0.0204813 0)
(5.58 -0.032852 0)
(5.56036 -0.0899402 0)
(5.54217 -0.1349 0)
(10.029 0.00533742 4.28848e-19)
(10.0953 0.0112672 0)
(10.1752 0.01262 0)
(10.2422 0.00376649 0)
(10.27 -0.0180303 0)
(10.2273 -0.0492644 0)
(10.0887 -0.0869398 -4.10081e-19)
(9.85215 -0.126514 0)
(9.53174 -0.164951 0)
(9.1441 -0.202095 0)
(8.7117 -0.234261 0)
(8.25276 -0.265241 -7.15877e-20)
(7.77994 -0.291979 0)
(7.24026 -0.300168 -1.27027e-20)
(6.62983 -0.310675 -5.09073e-20)
(5.99708 -0.321891 0)
(5.37825 -0.283996 0)
(4.83576 -0.214919 -1.32472e-19)
(4.38768 -0.178463 0)
(4.00974 -0.161231 1.64494e-19)
(3.69519 -0.106581 0)
(3.47558 -0.016447 0)
(3.37959 0.0675071 3.76381e-19)
(3.40453 0.130616 0)
(3.52567 0.163279 -4.02709e-19)
(3.7103 0.172412 4.12364e-19)
(3.92669 0.167695 0)
(4.15234 0.155111 4.21436e-19)
(4.37213 0.138824 0)
(4.57581 0.121806 0)
(4.75673 0.105417 -4.15485e-19)
(4.91098 0.0897635 0)
(5.0365 0.0744009 0)
(5.13246 0.0590307 -3.98327e-19)
(5.19942 0.0438695 3.91766e-19)
(5.23975 0.0299184 3.85097e-19)
(5.25848 0.0183489 0)
(5.26205 0.0102225 0)
(5.25792 0.00526483 0)
(5.2515 0.00322782 3.58519e-19)
(5.24781 0.0023515 3.52134e-19)
(5.2471 0.0029569 0)
(5.25157 0.00198644 0)
(5.25516 0.00280819 0)
(5.26168 -0.00145062 3.28599e-19)
(5.25543 -0.000174997 -3.23553e-19)
(5.25093 -0.0122159 0)
(5.20915 -0.00935177 0)
(5.17916 -0.0518206 0)
(5.03182 -0.059956 0)
(5.35167 0.223627 0)
(5.57016 0.386148 2.62063e-19)
(5.78369 0.458427 0)
(5.99175 0.479841 6.44405e-18)
(6.11252 0.498001 1.17771e-17)
(6.38232 0.53172 5.22459e-18)
(6.51091 0.565118 0)
(6.92906 0.592275 3.50965e-18)
(6.99183 0.614674 -4.70569e-18)
(7.70954 0.640198 -1.8802e-18)
(5.28811 0.297138 0)
(5.44154 0.449991 1.12255e-17)
(5.63903 0.515042 -5.08185e-18)
(5.85163 0.507722 -1.4024e-17)
(6.02252 0.504909 -3.38545e-20)
(6.28165 0.495439 -1.51066e-17)
(6.48646 0.541958 0)
(6.91686 0.540807 -5.08284e-18)
(7.05728 0.590055 0)
(7.75406 0.555649 2.71994e-18)
(4.64617 0.133056 0)
(4.81549 0.234481 0)
(5.04398 0.311121 7.34757e-18)
(5.29322 0.327173 6.74103e-18)
(5.50346 0.340971 -6.10324e-18)
(5.80566 0.331886 5.41731e-18)
(6.04352 0.384621 0)
(6.52806 0.380006 0)
(6.70524 0.446324 -4.61496e-18)
(7.48224 0.404602 -1.95699e-18)
(4.13186 0.0694673 0)
(4.30413 0.168994 0)
(4.53367 0.237833 1.04197e-17)
(4.80458 0.251633 0)
(5.04035 0.263602 -8.64411e-18)
(5.38252 0.251695 7.63747e-18)
(5.64644 0.296179 0)
(6.18557 0.292989 -5.04808e-18)
(6.3996 0.3572 1.28235e-17)
(7.2506 0.31891 2.71937e-18)
(3.85227 0.0284316 0)
(4.01892 0.107951 0)
(4.24774 0.172477 -9.49157e-21)
(4.53311 0.189074 0)
(4.78262 0.201353 0)
(5.14554 0.187473 0)
(5.41914 0.229161 -8.55375e-18)
(5.98572 0.228497 6.72087e-18)
(6.21636 0.288906 -8.44301e-18)
(7.11323 0.258486 0)
(3.72577 0.0040982 0)
(3.88439 0.0729801 0)
(4.10925 0.131957 -1.83007e-17)
(4.40188 0.149171 0)
(4.65862 0.160573 0)
(5.03149 0.147652 0)
(5.30667 0.18433 2.10752e-17)
(5.88579 0.186896 8.16988e-18)
(6.12211 0.241175 -5.04242e-18)
(7.04312 0.219186 0)
(3.67565 -0.00996039 0)
(3.82752 0.0518555 0)
(4.04745 0.105892 0)
(4.34279 0.123104 0)
(4.60273 0.13366 1.80802e-17)
(4.98038 0.121821 -1.55599e-17)
(5.2543 0.154517 -1.26921e-17)
(5.83866 0.159543 -4.69326e-21)
(6.07656 0.20872 1.18523e-17)
(7.00939 0.193262 0)
(3.65023 -0.0227905 0)
(3.79459 0.0315298 0)
(4.00807 0.0799211 8.52703e-18)
(4.30444 0.0967461 0)
(4.5662 0.106326 -1.37194e-17)
(4.94717 0.0956531 1.19266e-17)
(5.2183 0.124216 0)
(5.80559 0.131587 -1.52202e-17)
(6.04363 0.175334 -9.59359e-21)
(6.98519 0.166509 0)
(3.66841 -0.0357087 -9.94499e-18)
(3.80374 0.009341 0)
(4.00782 0.0503063 -1.72899e-17)
(4.30215 0.0659345 0)
(4.56318 0.0741899 6.96801e-18)
(4.94487 0.0649134 -6.06604e-18)
(5.21037 0.0886689 4.99911e-18)
(5.79637 0.0982969 7.7759e-18)
(6.03191 0.135546 -4.7974e-18)
(6.97719 0.13402 2.07114e-18)
(3.73065 -0.0466868 4.92593e-18)
(3.85778 -0.0107594 0)
(4.05207 0.0224278 8.5585e-18)
(4.34166 0.0363244 0)
(4.59944 0.0430596 -6.9041e-18)
(4.97886 0.0352876 1.20215e-17)
(5.23705 0.0543738 -9.90257e-18)
(5.81737 0.0659885 0)
(6.04801 0.0966159 -2.36582e-18)
(6.99045 0.102004 -2.05076e-18)
(3.83063 -0.0563732 4.87319e-18)
(3.95058 -0.0293356 0)
(4.13541 -0.00416322 4.23638e-18)
(4.41837 0.00762018 0)
(4.67099 0.0126372 -6.83618e-18)
(5.04564 0.00653206 -1.19155e-17)
(5.29524 0.021046 4.90593e-18)
(5.8663 0.0345746 -3.81141e-18)
(6.08984 0.0583513 4.68586e-18)
(7.02374 0.0705356 0)
(3.96218 -0.0649111 -4.87227e-18)
(4.07595 -0.0461901 0)
(4.25191 -0.0288658 -4.23549e-18)
(4.52701 -0.0195606 0)
(4.77298 -0.0165068 6.8247e-18)
(5.14093 -0.0212497 5.92863e-18)
(5.38072 -0.0112163 2.43528e-18)
(5.94001 0.00392141 7.56728e-18)
(6.15441 0.020644 -2.32249e-18)
(7.07517 0.0395234 0)
(4.13212 -0.0726433 4.9724e-18)
(4.2391 -0.0618705 0)
(4.40519 -0.0520912 2.16037e-18)
(4.66915 -0.0452175 0)
(4.90562 -0.0440672 0)
(5.26201 -0.0471533 0)
(5.49029 -0.0413681 -2.46178e-18)
(6.03472 -0.0249895 -5.68911e-18)
(6.23799 -0.0148938 1.16739e-18)
(7.1424 0.00899616 0)
(4.35685 -0.0802484 0)
(4.45463 -0.0774731 0)
(4.60784 -0.075254 -2.21957e-18)
(4.85497 -0.0707853 0)
(5.07744 -0.0715398 0)
(5.41546 -0.0725567 1.54257e-18)
(5.63011 -0.0708263 1.26959e-18)
(6.15217 -0.0526677 2.90667e-18)
(6.34407 -0.0495319 -6.00196e-19)
(7.22269 -0.0200882 2.46685e-19)
(4.62249 -0.0873409 0)
(4.71003 -0.0927039 0)
(4.84884 -0.0977223 0)
(5.0768 -0.0960821 0)
(5.28331 -0.0989378 0)
(5.60172 -0.0987434 -1.66279e-18)
(5.80272 -0.100986 -1.37662e-18)
(6.29571 -0.0813119 -1.05758e-18)
(6.47672 -0.0851983 -6.61049e-19)
(7.31584 -0.0494049 -2.70309e-19)
(5.08825 -0.0985463 0)
(5.16106 -0.119008 -2.13842e-18)
(5.27818 -0.135226 0)
(5.4751 -0.139116 0)
(5.65564 -0.145074 0)
(5.94379 -0.145232 -1.45704e-18)
(6.12562 -0.151537 0)
(6.57362 -0.134288 0)
(6.7333 -0.145005 0)
(7.49961 -0.106176 0)
(5.43712 -0.117581 4.47414e-18)
(5.51876 -0.155099 2.12388e-18)
(5.63881 -0.182407 3.96462e-18)
(5.82361 -0.193534 0)
(5.99005 -0.202477 3.28009e-18)
(6.25744 -0.206967 -1.44468e-18)
(6.43029 -0.214077 0)
(6.84996 -0.205298 0)
(6.98925 -0.214682 0)
(7.7032 -0.184401 0)
(5.61002 -0.144013 -4.42129e-18)
(5.70374 -0.196789 0)
(5.83282 -0.232279 -3.91498e-18)
(6.01482 -0.24807 0)
(6.17449 -0.260418 -9.69198e-18)
(6.43114 -0.267969 8.55006e-18)
(6.59762 -0.276344 0)
(7.00348 -0.272265 -3.75118e-18)
(7.13269 -0.282786 -2.38225e-18)
(7.82787 -0.258603 0)
(5.69206 -0.174019 0)
(5.7966 -0.24276 0)
(5.93605 -0.284529 -7.74624e-18)
(6.11808 -0.302389 0)
(6.27396 -0.316528 1.2738e-17)
(6.52355 -0.326176 -1.12313e-17)
(6.68745 -0.337224 0)
(7.08781 -0.335623 3.7119e-18)
(7.21193 -0.350317 2.36989e-18)
(7.90293 -0.330247 0)
(5.72431 -0.205325 0)
(5.83966 -0.289198 -8.39655e-18)
(5.99055 -0.33521 7.67874e-18)
(6.17449 -0.353754 0)
(6.32878 -0.371044 -1.26527e-17)
(6.57449 -0.381944 5.57385e-18)
(6.73738 -0.398767 0)
(7.13662 -0.39901 0)
(7.25654 -0.419477 4.75253e-18)
(7.94818 -0.402816 0)
(5.72687 -0.238685 0)
(5.85568 -0.337343 8.43377e-18)
(6.01931 -0.386075 0)
(6.20726 -0.404018 0)
(6.35886 -0.42382 -6.39722e-18)
(6.60282 -0.435908 1.12539e-17)
(6.76301 -0.45921 0)
(7.16304 -0.460426 -7.45135e-18)
(7.27836 -0.489033 -9.5565e-18)
(7.97149 -0.475842 0)
(5.70235 -0.272505 0)
(5.8487 -0.395693 0)
(6.02778 -0.441687 0)
(6.22188 -0.455465 0)
(6.36902 -0.474809 1.29417e-17)
(6.61394 -0.48796 -1.14228e-17)
(6.76847 -0.51521 9.64055e-18)
(7.17236 -0.51845 7.54806e-18)
(7.28035 -0.552024 4.81749e-18)
(7.97642 -0.544972 4.07112e-18)
(5.64676 -0.307875 0)
(5.81413 -0.426117 0)
(6.01157 -0.475364 -2.3322e-17)
(6.21115 -0.491026 0)
(6.35333 -0.51482 -1.91029e-17)
(6.59951 -0.530168 -1.68683e-17)
(6.74944 -0.562344 -1.40872e-17)
(7.15857 -0.566172 0)
(7.25754 -0.603912 0)
(7.96271 -0.601635 -5.91962e-18)
(5.55544 -0.390905 0)
(5.73925 -0.5192 0)
(5.94622 -0.552186 1.7244e-17)
(6.1534 -0.553761 0)
(6.29523 -0.570298 1.41758e-17)
(6.54381 -0.583764 2.51928e-17)
(6.69556 -0.617856 1.06402e-17)
(7.10512 -0.624646 -1.68379e-17)
(7.20122 -0.664365 1.09487e-17)
(7.91134 -0.66913 0)
(5.00138 -0.260669 0)
(5.28322 -0.427877 -1.42694e-17)
(5.54311 -0.494618 0)
(5.78695 -0.528307 0)
(5.91164 -0.55159 -1.03965e-17)
(6.18147 -0.580247 -9.18213e-18)
(6.2919 -0.603513 -7.73275e-18)
(6.72238 -0.633209 1.22644e-17)
(6.78428 -0.654875 1.23639e-19)
(7.49024 -0.69294 0)
)
;

boundaryField
{
    inlet
    {
        type            fixedValue;
        value           uniform (10 0 0);
    }
    outlet
    {
        type            zeroGradient;
    }
    upperWall
    {
        type            noSlip;
    }
    lowerWall
    {
        type            noSlip;
    }
    frontAndBack
    {
        type            empty;
    }
}


// ************************************************************************* //
