/*--------------------------------*- C++ -*----------------------------------*\
| =========                 |                                                 |
| \\      /  F ield         | OpenFOAM: The Open Source CFD Toolbox           |
|  \\    /   O peration     | Version:  2112                                  |
|   \\  /    A nd           | Website:  www.openfoam.com                      |
|    \\/     M anipulation  |                                                 |
\*---------------------------------------------------------------------------*/
FoamFile
{
    version     2.0;
    format      ascii;
    arch        "LSB;label=32;scalar=64";
    class       volScalarField;
    location    "0.073";
    object      s_0;
}
// * * * * * * * * * * * * * * * * * * * * * * * * * * * * * * * * * * * * * //

dimensions      [0 0 0 0 0 0 0];

internalField   nonuniform List<scalar> 
12225
(
1
1
1
1
1
1
1
1
1
1
1
1
1
1
1
1
1
1
1
1
1
1
1
1
1
1
1
1
1
1
1
1
1
1
1
1
1
1
1
1
1
1
1
1
1
1
1
1
1
1
1
1
1
1
1
1
1
1
1
1
1
1
1
1
1
1
1
1
1
1
1
1
1
1
1
1
1
1
1
1
1
1
1
1
1
1
1
1
1
1
1
1
1
1
1
1
1
1
1
1
1
1
1
1
1
1
1
1
1
1
1
1
1
1
1
1
1
1
1
1
1
1
1
1
1
1
1
1
1
1
1
1
1
1
1
1
1
1
1
1
1
1
1
1
1
1
1
1
1
1
1
1
1
1
1
1
1
1
1
1
1
1
1
1
1
1
1
1
1
1
1
1
1
1
1
1
1
1
1
1
1
1
1
1
1
1
1
1
1
1
1
1
1
1
1
1
1
1
1
1
1
1
1
1
1
1
1
1
1
1
1
1
1
1
1
1
1
1
1
1
1
1
1
1
1
1
1
1
1
1
1
1
1
1
1
1
1
1
1
1
1
1
1
1
1
1
1
1
1
1
1
1
1
1
1
1
1
1
1
1
1
1
1
1
1
1
1
1
1
1
1
1
1
1
1
1
1
1
1
1
1
1
1
1
1
1
1
1
1
1
1
1
1
1
1
1
1
1
1
1
1
1
1
1
1
1
1
1
1
1
1
1
1
1
1
1
1
1
1
1
1
1
1
1
1
1
1
1
1
1
1
1
1
1
1
1
1
1
1
1
1
1
1
1
1
1
1
1
1
1
1
1
1
1
1
1
1
1
1
1
1
1
1
1
1
1
1
1
1
1
1
1
1
1
1
1
1
1
1
1
1
1
1
1
1
1
1
1
1
1
1
1
1
1
1
1
1
1
1
1
1
1
1
1
1
1
1
1
1
1
1
1
1
1
1
1
1
1
1
1
1
1
1
1
1
1
1
1
1
1
1
1
1
1
1
1
1
1
1
1
1
1
1
1
1
1
1
1
1
1
1
1
1
1
1
1
1
1
1
1
1
1
1
1
1
1
1
1
1
1
1
1
1
1
1
1
1
1
1
1
1
1
1
1
1
1
1
1
1
1
1
1
1
1
1
1
1
1
1
1
1
1
1
1
1
1
1
1
1
1
1
1
1
1
1
1
1
1
1
1
1
1
1
1
1
1
1
1
1
1
1
1
1
1
1
1
1
1
1
1
0.743167
0.689176
0.663396
0.659374
0.659186
0.660207
0.662137
0.664706
0.669864
0.672932
0.677227
0.681484
0.684146
0.685736
0.687188
0.688358
0.689283
0.689196
0.688801
0.687992
0.686336
0.684313
0.683376
0.683251
0.683673
0.686187
0.69531
0.710899
0.729208
0.746598
0.752648
0.741832
0.704415
0.700502
0.706114
0.707115
0.707927
0.709652
0.713642
0.72324
0.735949
0.744148
0.746632
0.745694
0.739824
0.718226
0.70903
0.714759
0.755205
0.791813
0.800593
0.799699
0.793486
0.786362
0.780796
0.776784
0.7729
0.766627
0.756082
0.752326
0.752655
0.756645
0.765057
0.776184
0.787572
0.797442
0.805108
0.810635
0.813984
0.815457
0.816199
0.816773
0.817571
0.81876
0.820461
0.822779
0.825487
0.828415
0.83076
0.83143
0.831394
0.830886
0.830011
0.828726
0.827215
0.825773
0.824473
0.823243
0.821938
0.820427
0.819735
0.819569
0.819549
0.819394
0.818362
0.818191
0.823178
0.834559
0.838846
0.840441
0.840992
0.84109
0.841073
0.840883
0.84038
0.83947
0.838138
0.83644
0.83447
0.832313
0.830584
0.829757
0.829347
0.829277
0.829789
0.831186
0.832699
0.834792
0.836975
0.840226
0.844415
0.848965
0.853912
0.858396
0.862736
0.866362
0.869711
0.872812
0.875788
0.878585
0.881483
0.88417
0.886008
0.88688
0.886707
0.885108
0.88134
0.875381
0.867942
0.860086
0.853432
0.849593
0.848156
0.848339
0.851771
0.865053
0.8788
0.882431
0.878001
0.856334
0.837962
0.832375
0.833198
0.841676
0.852736
0.859088
0.862396
0.863828
0.864214
0.864174
0.863543
0.861004
0.857741
0.855707
0.854851
0.854602
0.854561
0.855
0.857508
0.867723
0.895442
0.920387
0.938245
0.949571
0.954334
0.954886
0.951066
0.917541
0.751502
0.53009
0.754105
0.738066
0.726328
0.70856
0.684133
0.685846
0.692047
0.705623
0.726041
0.744636
0.76432
0.783252
0.795326
0.803291
0.810715
0.81297
0.812383
0.810301
0.805738
0.797284
0.789026
0.775334
0.75264
0.726999
0.706744
0.69681
0.695206
0.696225
0.70088
0.716841
0.740147
0.745128
0.743045
0.73486
0.721322
0.708576
0.701467
0.701516
0.704745
0.713822
0.736979
0.762538
0.774567
0.77515
0.763398
0.732698
0.729129
0.757581
0.794211
0.800346
0.798028
0.79314
0.785513
0.774919
0.770746
0.769266
0.767449
0.766505
0.767131
0.781661
0.810135
0.820066
0.824136
0.825599
0.825854
0.825085
0.824983
0.825353
0.825609
0.825657
0.825628
0.825402
0.825193
0.825164
0.825157
0.825074
0.824565
0.822939
0.819364
0.813269
0.804505
0.797899
0.796272
0.796207
0.797521
0.800183
0.804344
0.809466
0.812531
0.813843
0.814684
0.815605
0.817124
0.819484
0.82219
0.825611
0.829629
0.831079
0.831055
0.827484
0.820552
0.812422
0.803161
0.794529
0.788744
0.78295
0.777253
0.77443
0.772505
0.771713
0.771414
0.771346
0.771769
0.773021
0.774556
0.776741
0.779234
0.781808
0.785275
0.788685
0.792463
0.797678
0.802626
0.808748
0.816937
0.826591
0.837108
0.848353
0.859854
0.870944
0.882159
0.894128
0.906567
0.916813
0.925639
0.933515
0.940509
0.946075
0.948359
0.947285
0.93903
0.925038
0.916886
0.915925
0.923207
0.946566
0.960358
0.963149
0.960126
0.942327
0.888934
0.85427
0.839594
0.830534
0.82476
0.822279
0.821935
0.823388
0.831464
0.84054
0.844382
0.845014
0.844691
0.843606
0.843296
0.843405
0.844159
0.847121
0.852314
0.855986
0.858582
0.86508
0.89129
0.927894
0.948338
0.955624
0.955474
0.948783
0.944494
0.933639
0.751342
0.750242
0.738394
0.709203
0.71223
0.724764
0.752041
0.801995
0.840393
0.869788
0.88549
0.894055
0.89829
0.899558
0.89933
0.89874
0.897705
0.895298
0.893491
0.89121
0.886109
0.881618
0.875274
0.861406
0.833011
0.791916
0.75158
0.729844
0.725477
0.728821
0.742493
0.751937
0.753505
0.752241
0.748164
0.733375
0.721506
0.722136
0.72897
0.751737
0.780218
0.788993
0.787195
0.780773
0.778667
0.781789
0.791325
0.799193
0.796943
0.789596
0.781289
0.776091
0.773077
0.771995
0.771848
0.773857
0.779145
0.791302
0.81749
0.831151
0.834952
0.835146
0.829954
0.819217
0.815415
0.814404
0.814208
0.814514
0.816299
0.820236
0.825559
0.82784
0.828284
0.828312
0.828055
0.827113
0.825039
0.821388
0.815722
0.807393
0.795897
0.783367
0.778165
0.776426
0.776442
0.781071
0.792339
0.801329
0.805116
0.807829
0.810932
0.813523
0.815244
0.817526
0.818626
0.818871
0.816636
0.807062
0.793014
0.782626
0.771418
0.764986
0.762002
0.758919
0.757446
0.756872
0.756725
0.757076
0.758476
0.759942
0.760601
0.761427
0.762427
0.762796
0.763549
0.765402
0.767448
0.770205
0.774802
0.779468
0.78386
0.787666
0.790169
0.792342
0.793856
0.795871
0.797965
0.801198
0.805855
0.812098
0.819982
0.830304
0.845976
0.86981
0.894586
0.915268
0.9335
0.948254
0.959447
0.967695
0.972075
0.972972
0.972633
0.972466
0.973857
0.977887
0.978883
0.976736
0.970318
0.959941
0.934405
0.893526
0.857998
0.837548
0.826798
0.820074
0.815908
0.813577
0.812179
0.811317
0.811098
0.811569
0.815045
0.823564
0.829357
0.833375
0.839627
0.855936
0.889191
0.911358
0.914794
0.908079
0.904647
0.913141
0.939871
0.952833
0.954728
0.954704
0.956663
0.956376
0.732203
0.680617
0.681184
0.699124
0.74813
0.814095
0.87673
0.902925
0.913471
0.917341
0.916725
0.914959
0.913474
0.909993
0.907027
0.904733
0.901927
0.898379
0.895632
0.893869
0.892698
0.890855
0.888636
0.886184
0.882033
0.872406
0.854443
0.831737
0.807887
0.794406
0.786855
0.783277
0.783328
0.783929
0.783675
0.774617
0.758859
0.759907
0.777178
0.802582
0.805367
0.805378
0.805737
0.803945
0.800368
0.797927
0.793544
0.788463
0.779261
0.774879
0.774185
0.774416
0.774654
0.778235
0.786677
0.802328
0.822006
0.837876
0.848357
0.85062
0.850204
0.8443
0.832718
0.81886
0.812226
0.810237
0.809672
0.809588
0.809754
0.810565
0.81258
0.815879
0.820317
0.823208
0.823676
0.82362
0.82314
0.822327
0.820727
0.817106
0.810307
0.799303
0.783393
0.769128
0.764332
0.7627
0.762681
0.767287
0.778815
0.78919
0.793706
0.797818
0.800225
0.80078
0.799198
0.790885
0.778166
0.767207
0.7616
0.75632
0.752538
0.751269
0.750791
0.750673
0.751175
0.752994
0.754888
0.756337
0.758496
0.76088
0.761964
0.762358
0.762358
0.761801
0.761529
0.761534
0.762607
0.765019
0.770137
0.776743
0.783994
0.790562
0.796366
0.800842
0.802583
0.802567
0.80124
0.800817
0.802375
0.805743
0.810549
0.816485
0.823704
0.836132
0.860003
0.887592
0.913168
0.93586
0.954704
0.968406
0.977062
0.98121
0.982379
0.98287
0.983881
0.984588
0.984063
0.975989
0.956295
0.948899
0.935539
0.909563
0.879682
0.852338
0.834924
0.827453
0.826041
0.826669
0.83
0.833425
0.836002
0.841061
0.852811
0.86296
0.872075
0.890832
0.920435
0.948216
0.967924
0.977448
0.978625
0.973127
0.944704
0.932805
0.937765
0.948115
0.951172
0.95112
0.950727
0.952232
0.642222
0.661212
0.726916
0.833838
0.895715
0.917476
0.924847
0.925025
0.924005
0.922248
0.918023
0.914132
0.91015
0.900803
0.894688
0.885558
0.876611
0.869359
0.860142
0.857507
0.858332
0.860919
0.866326
0.873281
0.87536
0.87457
0.872109
0.867433
0.860158
0.854932
0.850355
0.847575
0.84113
0.836528
0.832955
0.811759
0.783281
0.785309
0.805739
0.815809
0.817336
0.815663
0.807531
0.801002
0.790455
0.783997
0.776865
0.773173
0.772487
0.774339
0.775609
0.779827
0.788564
0.807864
0.831684
0.844065
0.854643
0.863916
0.866995
0.867609
0.866955
0.862656
0.853003
0.841274
0.832664
0.828425
0.82574
0.821671
0.815061
0.809467
0.807871
0.807484
0.807446
0.807592
0.808171
0.809679
0.812542
0.816301
0.818394
0.818835
0.818847
0.81771
0.812846
0.801028
0.778841
0.759529
0.753753
0.751879
0.751673
0.754713
0.762438
0.767155
0.768956
0.769507
0.768663
0.762695
0.754094
0.750521
0.748582
0.74691
0.746333
0.746255
0.74677
0.748646
0.751324
0.754149
0.758204
0.764226
0.7705
0.773117
0.77401
0.774057
0.771891
0.76619
0.761652
0.759997
0.759651
0.760979
0.765906
0.773606
0.784155
0.796335
0.805954
0.812312
0.819414
0.823982
0.823562
0.82006
0.815579
0.813605
0.814275
0.817567
0.822855
0.831196
0.848337
0.879138
0.908191
0.932587
0.953215
0.969435
0.980262
0.985943
0.987902
0.988228
0.98846
0.988631
0.987395
0.973537
0.935052
0.924448
0.921285
0.908702
0.885889
0.866067
0.854882
0.853051
0.854362
0.857793
0.860026
0.86224
0.866851
0.880152
0.906049
0.930979
0.95177
0.967706
0.978882
0.985869
0.989688
0.991244
0.991334
0.989609
0.97618
0.950704
0.944733
0.946616
0.948715
0.94899
0.949035
0.949644
0.678221
0.746071
0.881372
0.921872
0.93104
0.930642
0.929205
0.926196
0.92177
0.916576
0.906155
0.896866
0.884341
0.866047
0.848682
0.820543
0.798583
0.776525
0.75669
0.755394
0.759211
0.769388
0.791853
0.820843
0.844782
0.860595
0.8669
0.868076
0.871097
0.874557
0.875397
0.875167
0.873523
0.869337
0.849353
0.800605
0.793876
0.80894
0.820514
0.822688
0.818974
0.808293
0.790452
0.77775
0.7722
0.77068
0.770168
0.772014
0.773987
0.779004
0.787131
0.804912
0.829441
0.849085
0.857948
0.863738
0.869905
0.874569
0.875633
0.87578
0.875617
0.874658
0.872466
0.869432
0.867819
0.867564
0.867475
0.866684
0.864075
0.859339
0.853038
0.844446
0.833118
0.82431
0.821876
0.821507
0.821614
0.82192
0.822307
0.822938
0.824215
0.825333
0.825365
0.824235
0.820144
0.80908
0.786153
0.755414
0.744074
0.741387
0.741273
0.744328
0.749437
0.750998
0.751276
0.749984
0.74562
0.742884
0.742082
0.741817
0.741821
0.742572
0.74453
0.747261
0.750831
0.756316
0.764699
0.775407
0.780351
0.781463
0.781512
0.780469
0.776814
0.77056
0.763289
0.759174
0.758072
0.759977
0.764751
0.772959
0.785803
0.800881
0.815807
0.824401
0.828832
0.833841
0.838052
0.837908
0.83631
0.832315
0.830426
0.830228
0.830825
0.833798
0.844988
0.875744
0.907462
0.93255
0.953127
0.970057
0.982387
0.989639
0.992821
0.993699
0.993802
0.993602
0.99089
0.973428
0.918428
0.896727
0.89736
0.897385
0.886824
0.874363
0.871485
0.873199
0.879078
0.881617
0.881971
0.882319
0.884092
0.892479
0.920351
0.949768
0.96921
0.980784
0.987257
0.99086
0.992812
0.993743
0.993853
0.993216
0.988075
0.966713
0.951198
0.948275
0.948495
0.948664
0.948825
0.949231
0.757551
0.865327
0.926654
0.934897
0.93394
0.93114
0.926948
0.919049
0.912058
0.896416
0.880025
0.860013
0.83164
0.788648
0.733318
0.686725
0.654163
0.63439
0.624853
0.624913
0.628271
0.638496
0.662062
0.699967
0.761509
0.819233
0.849488
0.863112
0.871177
0.879303
0.884227
0.885617
0.88456
0.874091
0.825576
0.79805
0.81253
0.825856
0.828337
0.824308
0.809721
0.7826
0.771363
0.768297
0.76775
0.768594
0.770989
0.775278
0.783709
0.797251
0.81669
0.839693
0.857917
0.865766
0.869545
0.872121
0.875087
0.878539
0.881244
0.88297
0.883639
0.883733
0.883474
0.883214
0.883351
0.884634
0.886965
0.890251
0.893712
0.896505
0.898142
0.898858
0.899084
0.898837
0.896894
0.892812
0.888688
0.885184
0.881768
0.878199
0.874195
0.86863
0.860269
0.850095
0.840983
0.836068
0.830046
0.821593
0.80485
0.775901
0.745003
0.736792
0.735743
0.735993
0.737021
0.738172
0.73845
0.738387
0.738369
0.738484
0.738765
0.739282
0.74049
0.742666
0.745846
0.750241
0.756871
0.766823
0.775087
0.77709
0.777428
0.776291
0.771563
0.764178
0.758754
0.756339
0.757288
0.760343
0.766874
0.779166
0.79663
0.812902
0.827665
0.84098
0.845979
0.846842
0.846131
0.845616
0.844508
0.840558
0.83752
0.837227
0.837919
0.840738
0.848762
0.875451
0.913374
0.940267
0.959132
0.973494
0.984278
0.991302
0.994873
0.99606
0.996172
0.995664
0.991792
0.970181
0.9071
0.878912
0.878321
0.882406
0.881312
0.87691
0.877184
0.88414
0.895199
0.89908
0.899104
0.898428
0.899004
0.903559
0.923773
0.952918
0.971701
0.982528
0.988571
0.992106
0.994056
0.995232
0.995331
0.994887
0.99247
0.979838
0.960148
0.951649
0.949373
0.949079
0.949203
0.949838
0.799655
0.910044
0.936943
0.936034
0.93232
0.927464
0.920389
0.910253
0.892436
0.858368
0.833807
0.783848
0.713595
0.658227
0.625759
0.607376
0.599757
0.595863
0.594996
0.595171
0.595829
0.598774
0.608304
0.634628
0.676964
0.737635
0.805056
0.849578
0.869379
0.88138
0.887709
0.888821
0.885165
0.854648
0.801384
0.813209
0.831728
0.836184
0.833667
0.817967
0.787022
0.770762
0.767069
0.766576
0.767161
0.769301
0.773878
0.782163
0.794706
0.812155
0.83411
0.856981
0.867887
0.87213
0.874203
0.875908
0.879053
0.884401
0.890863
0.897902
0.903988
0.907866
0.910286
0.913674
0.916888
0.919445
0.922024
0.924497
0.926846
0.929051
0.930551
0.932005
0.933772
0.935698
0.937777
0.940384
0.94307
0.945252
0.946461
0.947069
0.947247
0.946246
0.942409
0.935553
0.923044
0.902018
0.879155
0.855477
0.836255
0.825012
0.814891
0.799619
0.778515
0.75252
0.738709
0.734519
0.732859
0.732195
0.731954
0.731888
0.731962
0.732365
0.73319
0.734551
0.736325
0.738438
0.740663
0.742573
0.74399
0.745788
0.749434
0.751758
0.751401
0.750491
0.751552
0.75437
0.758962
0.766572
0.778673
0.79691
0.815944
0.83416
0.843999
0.848404
0.851524
0.852364
0.852256
0.8517
0.849874
0.844741
0.841095
0.840439
0.840924
0.843633
0.853533
0.885906
0.92653
0.953955
0.970719
0.981635
0.989189
0.993996
0.996453
0.997252
0.997272
0.996528
0.991188
0.961233
0.891497
0.863589
0.862637
0.869565
0.874877
0.875579
0.878387
0.891547
0.90511
0.910153
0.910835
0.910781
0.9112
0.9143
0.928984
0.955084
0.973014
0.98394
0.990543
0.994742
0.996728
0.996717
0.99615
0.995248
0.993637
0.98809
0.970996
0.957643
0.951947
0.950675
0.950783
0.951308
0.847093
0.933924
0.938941
0.934158
0.930889
0.924719
0.909957
0.881957
0.838075
0.796262
0.7416
0.677849
0.640896
0.617882
0.605872
0.599524
0.600883
0.603552
0.605773
0.612247
0.617852
0.618259
0.622201
0.641201
0.677709
0.724392
0.779019
0.829492
0.86363
0.881536
0.888977
0.888978
0.876068
0.807822
0.807382
0.837564
0.845925
0.846153
0.834134
0.804103
0.775982
0.768163
0.766658
0.766585
0.767646
0.770922
0.776974
0.78638
0.800053
0.81843
0.840691
0.862719
0.872102
0.875736
0.877877
0.881058
0.887332
0.898528
0.916794
0.934678
0.942029
0.94579
0.949142
0.952734
0.955446
0.95751
0.959432
0.960994
0.962358
0.963201
0.963773
0.964276
0.964563
0.964707
0.964818
0.965023
0.96529
0.965699
0.966225
0.966858
0.967565
0.968076
0.968257
0.968239
0.967264
0.9648
0.959829
0.950072
0.932216
0.90108
0.860612
0.829317
0.812885
0.802449
0.791381
0.780408
0.771116
0.759901
0.74887
0.741148
0.735691
0.73302
0.732128
0.732132
0.732331
0.732619
0.732985
0.733828
0.734913
0.737014
0.73999
0.743906
0.747552
0.750787
0.755547
0.763444
0.77397
0.787668
0.804353
0.823673
0.838025
0.845876
0.850755
0.853622
0.854676
0.854615
0.854403
0.853827
0.851978
0.847652
0.845016
0.844675
0.845349
0.848725
0.861046
0.898223
0.937923
0.964113
0.979191
0.987793
0.993191
0.996462
0.997988
0.99838
0.998321
0.997339
0.990604
0.952411
0.877305
0.849952
0.849249
0.857196
0.867188
0.871343
0.878132
0.895594
0.909802
0.916413
0.918632
0.919584
0.920991
0.924638
0.937899
0.961327
0.978515
0.989633
0.995616
0.997695
0.997766
0.996788
0.993123
0.991197
0.990743
0.989194
0.980891
0.966201
0.957493
0.955022
0.955129
0.955707
0.871629
0.942895
0.938463
0.933575
0.929369
0.914216
0.878576
0.826439
0.77248
0.72468
0.674477
0.64609
0.627871
0.61487
0.616619
0.628432
0.651933
0.664344
0.673427
0.70083
0.703113
0.691687
0.673048
0.671491
0.689937
0.733559
0.783676
0.829348
0.864363
0.88349
0.889308
0.882518
0.829614
0.80587
0.835771
0.856904
0.860785
0.856557
0.8356
0.797394
0.774248
0.76855
0.767483
0.767639
0.769606
0.774456
0.782298
0.792932
0.80698
0.824795
0.84534
0.865484
0.876767
0.881507
0.885438
0.893069
0.908596
0.932535
0.951426
0.959582
0.963558
0.965894
0.967997
0.969839
0.970997
0.971845
0.972596
0.973087
0.973513
0.973778
0.973962
0.974058
0.974092
0.974087
0.974027
0.974058
0.974169
0.974293
0.974431
0.974673
0.974995
0.97545
0.976044
0.976676
0.977201
0.977354
0.977293
0.976244
0.973507
0.968613
0.959864
0.945391
0.922321
0.890553
0.856667
0.828332
0.811596
0.804833
0.801944
0.800404
0.798808
0.797576
0.792833
0.789006
0.781885
0.774156
0.767691
0.764
0.763254
0.76407
0.765823
0.768205
0.773024
0.779168
0.789065
0.801181
0.815415
0.829001
0.841883
0.847912
0.850252
0.851827
0.854046
0.85588
0.856385
0.856352
0.856103
0.855458
0.85355
0.849961
0.848742
0.848889
0.850349
0.855935
0.874648
0.917902
0.953207
0.975465
0.987477
0.993311
0.996383
0.998192
0.999092
0.999302
0.999192
0.997944
0.989763
0.943034
0.864742
0.8383
0.837995
0.847085
0.857447
0.863749
0.87595
0.894718
0.910376
0.920092
0.925431
0.928268
0.931078
0.936997
0.953456
0.974218
0.988493
0.995663
0.998148
0.998382
0.997419
0.991551
0.981786
0.978562
0.979285
0.981476
0.980838
0.97376
0.964841
0.961824
0.961757
0.962619
0.892043
0.94576
0.937237
0.933963
0.923728
0.889653
0.833646
0.775257
0.722604
0.680397
0.658074
0.641584
0.634691
0.645973
0.679852
0.73042
0.764221
0.773423
0.771033
0.76827
0.750496
0.722786
0.7051
0.707494
0.724468
0.759368
0.796148
0.835629
0.87036
0.884702
0.884586
0.847077
0.813277
0.817236
0.86313
0.875781
0.878155
0.871567
0.84405
0.799058
0.777591
0.772642
0.771874
0.772433
0.775906
0.783527
0.794739
0.808182
0.82297
0.838847
0.855405
0.871785
0.885328
0.894702
0.906744
0.922858
0.942248
0.958685
0.96704
0.970616
0.972381
0.97337
0.974157
0.974767
0.975141
0.97545
0.975736
0.975975
0.976202
0.976412
0.976597
0.976779
0.976987
0.977231
0.977464
0.977756
0.978075
0.978445
0.978854
0.979322
0.979834
0.980371
0.980918
0.98147
0.982087
0.982682
0.983209
0.983668
0.983769
0.982832
0.980608
0.97731
0.972273
0.96514
0.954406
0.939756
0.923017
0.908205
0.898165
0.882378
0.871894
0.867167
0.862836
0.857334
0.854397
0.852934
0.850305
0.849108
0.846906
0.845861
0.843092
0.843033
0.843895
0.846316
0.851696
0.858161
0.861744
0.863168
0.86167
0.859024
0.856757
0.856043
0.856652
0.858419
0.859252
0.859265
0.859044
0.858389
0.85651
0.854853
0.854686
0.855262
0.858007
0.867267
0.897166
0.940819
0.970479
0.986546
0.993779
0.996979
0.998514
0.999318
0.999659
0.999703
0.999545
0.998102
0.988982
0.938413
0.854704
0.828596
0.828661
0.838845
0.849204
0.85481
0.865673
0.886536
0.908171
0.926942
0.939984
0.946618
0.950374
0.957575
0.973205
0.987311
0.995271
0.998296
0.998798
0.998098
0.992887
0.976321
0.965268
0.962636
0.963177
0.967551
0.971549
0.971287
0.968134
0.966645
0.966588
0.966493
0.90317
0.945994
0.937079
0.933174
0.911546
0.864541
0.804664
0.741038
0.693902
0.671307
0.660877
0.662962
0.681146
0.720068
0.778232
0.806933
0.813512
0.812813
0.803918
0.781955
0.755704
0.738385
0.732662
0.73741
0.756339
0.78137
0.813648
0.855179
0.876072
0.880978
0.856502
0.820822
0.816465
0.849819
0.884137
0.895231
0.897713
0.893483
0.871808
0.824082
0.796752
0.790436
0.789206
0.789988
0.796409
0.811909
0.832293
0.850733
0.864795
0.876239
0.886219
0.895795
0.907946
0.92347
0.937322
0.950551
0.962122
0.969603
0.972566
0.973698
0.974143
0.974351
0.974488
0.974564
0.974503
0.974394
0.974343
0.974335
0.974525
0.974755
0.975094
0.975483
0.975893
0.976386
0.976858
0.977407
0.977977
0.978622
0.979354
0.98023
0.981185
0.982158
0.983267
0.984528
0.985916
0.987298
0.988432
0.989144
0.989428
0.988882
0.987861
0.98625
0.983997
0.981278
0.979225
0.977534
0.975599
0.972628
0.97051
0.96752
0.966404
0.965364
0.962479
0.95722
0.949975
0.941679
0.932918
0.921998
0.909304
0.898093
0.891629
0.888155
0.887183
0.887377
0.887002
0.885707
0.883566
0.880762
0.876016
0.870421
0.866074
0.863614
0.862974
0.863901
0.865883
0.866289
0.866133
0.865403
0.863931
0.86374
0.864044
0.865703
0.871248
0.888191
0.930505
0.96491
0.98351
0.992467
0.996625
0.998446
0.999277
0.999689
0.999851
0.99986
0.999687
0.998212
0.988857
0.937413
0.849873
0.820958
0.820884
0.831504
0.841577
0.846257
0.853395
0.871741
0.905573
0.936044
0.955393
0.964033
0.969056
0.977071
0.987242
0.994765
0.998224
0.999069
0.998791
0.995163
0.977962
0.96377
0.958524
0.957007
0.956954
0.957777
0.961946
0.966625
0.96826
0.968415
0.968131
0.966847
0.909661
0.945275
0.937648
0.931046
0.904047
0.852976
0.788276
0.723781
0.691489
0.684941
0.687526
0.696233
0.719176
0.766968
0.807175
0.821102
0.824774
0.824877
0.819367
0.804482
0.785356
0.776117
0.772869
0.776041
0.796416
0.819231
0.849141
0.866349
0.872288
0.8602
0.826457
0.818988
0.829243
0.87668
0.898699
0.913953
0.917063
0.915848
0.906177
0.880826
0.852432
0.843356
0.840972
0.841137
0.84774
0.863023
0.881545
0.89671
0.907004
0.91521
0.923058
0.930383
0.938116
0.947487
0.956853
0.965031
0.97037
0.972762
0.973578
0.973817
0.97388
0.9735
0.973181
0.972825
0.972673
0.972639
0.972767
0.973038
0.97343
0.973889
0.974293
0.974691
0.974989
0.975273
0.975459
0.975623
0.975798
0.976008
0.976267
0.976583
0.977151
0.978154
0.979593
0.981575
0.984196
0.986907
0.988958
0.990607
0.991513
0.991798
0.991737
0.991307
0.990039
0.98739
0.98502
0.983862
0.983754
0.983717
0.983591
0.98342
0.983287
0.983253
0.983274
0.983282
0.983028
0.982625
0.981954
0.980175
0.975769
0.969618
0.962274
0.953425
0.944401
0.937772
0.933699
0.929498
0.9256
0.921369
0.913288
0.90083
0.889774
0.882816
0.879477
0.878953
0.880634
0.882069
0.88203
0.881279
0.880525
0.880493
0.881189
0.884379
0.894518
0.926063
0.961403
0.980475
0.990448
0.995517
0.997978
0.999104
0.999609
0.999844
0.999931
0.999933
0.999808
0.998674
0.990746
0.943285
0.849444
0.815035
0.813902
0.822835
0.831643
0.835476
0.841247
0.857732
0.900143
0.938313
0.962258
0.974448
0.981522
0.988162
0.994219
0.997888
0.999166
0.999207
0.997635
0.985612
0.9673
0.959596
0.956751
0.955887
0.955787
0.95593
0.956641
0.95828
0.959749
0.960469
0.961487
0.962083
0.914022
0.945254
0.938757
0.930364
0.90132
0.848547
0.781355
0.726239
0.71147
0.708533
0.708855
0.718766
0.744753
0.777771
0.809502
0.821868
0.827066
0.829151
0.82961
0.828026
0.82214
0.818541
0.817567
0.822625
0.835508
0.847644
0.858165
0.862187
0.854019
0.829086
0.820805
0.824822
0.86076
0.892043
0.90805
0.92859
0.93334
0.933779
0.93093
0.920224
0.902464
0.893802
0.891561
0.891307
0.894329
0.90379
0.916964
0.928346
0.936048
0.941769
0.947123
0.952103
0.956803
0.961719
0.966751
0.970767
0.972581
0.973255
0.973433
0.973314
0.97266
0.972348
0.972218
0.972165
0.972171
0.972337
0.972629
0.973259
0.974296
0.975692
0.977524
0.979011
0.979963
0.980386
0.980367
0.979789
0.978908
0.977864
0.977038
0.976401
0.975926
0.975657
0.975619
0.975863
0.976527
0.97841
0.981799
0.985733
0.988845
0.990381
0.991122
0.991332
0.991128
0.99028
0.989091
0.98783
0.986749
0.985763
0.984571
0.983301
0.982224
0.98179
0.981897
0.982939
0.984201
0.98545
0.986553
0.987344
0.987676
0.987137
0.984992
0.980952
0.976074
0.97198
0.968796
0.965565
0.962486
0.960148
0.956945
0.949685
0.935755
0.922207
0.913723
0.910228
0.909978
0.911132
0.911256
0.91085
0.910152
0.910288
0.911819
0.91789
0.938142
0.960871
0.976325
0.986478
0.992809
0.996469
0.998395
0.999315
0.999722
0.999897
0.999961
0.999967
0.999898
0.999143
0.993226
0.955509
0.855229
0.810629
0.807229
0.814373
0.821733
0.825043
0.830584
0.847781
0.895033
0.93743
0.964339
0.979317
0.987696
0.993314
0.997124
0.998973
0.99937
0.998948
0.994177
0.975749
0.963277
0.957975
0.95601
0.955501
0.955509
0.955774
0.956786
0.957602
0.958898
0.960053
0.962151
0.963348
0.917655
0.945717
0.940887
0.93329
0.90574
0.859529
0.801751
0.7594
0.744991
0.740199
0.73943
0.742084
0.75353
0.772493
0.789584
0.799643
0.812463
0.823724
0.830552
0.833087
0.834412
0.835578
0.837304
0.84078
0.845241
0.849282
0.851878
0.842308
0.827672
0.822277
0.823814
0.843329
0.882448
0.899221
0.917125
0.937282
0.944701
0.947323
0.947027
0.94345
0.935135
0.928273
0.926444
0.926152
0.927398
0.93232
0.940104
0.947688
0.95328
0.957259
0.960526
0.963532
0.966182
0.968583
0.970876
0.972384
0.97295
0.973118
0.972952
0.97233
0.97202
0.971786
0.971667
0.971616
0.971615
0.971789
0.972043
0.972698
0.973981
0.975881
0.978519
0.981449
0.984043
0.986006
0.987808
0.988932
0.989466
0.989154
0.987722
0.985577
0.983075
0.980489
0.978212
0.976654
0.975623
0.975098
0.975231
0.976007
0.978001
0.981203
0.984221
0.986191
0.987166
0.987503
0.987277
0.986241
0.984362
0.980668
0.975519
0.971041
0.968136
0.967311
0.967916
0.969874
0.973138
0.977316
0.982028
0.985919
0.98838
0.989711
0.990086
0.989087
0.984954
0.980238
0.976079
0.97246
0.969502
0.967374
0.965949
0.964283
0.960517
0.954617
0.949451
0.946719
0.946029
0.946396
0.947423
0.947571
0.947481
0.947654
0.948904
0.953196
0.962455
0.971854
0.980622
0.987958
0.993305
0.996641
0.998466
0.999353
0.999746
0.999909
0.99997
0.99998
0.999946
0.999516
0.995706
0.969408
0.872509
0.810194
0.799419
0.803486
0.811442
0.815513
0.822362
0.844129
0.895446
0.937843
0.965539
0.981592
0.990432
0.995479
0.998243
0.999288
0.999336
0.998094
0.98864
0.971014
0.96168
0.956956
0.954928
0.954557
0.954698
0.955443
0.957688
0.960441
0.962692
0.964423
0.965989
0.967285
0.91944
0.946702
0.94328
0.939483
0.923339
0.890801
0.842264
0.803154
0.788982
0.782374
0.779018
0.777346
0.776674
0.77807
0.785897
0.789044
0.792424
0.801113
0.808744
0.817809
0.822492
0.829003
0.833485
0.835711
0.836791
0.835421
0.829904
0.824537
0.822597
0.824434
0.836616
0.874437
0.894517
0.906872
0.926169
0.939587
0.949921
0.956436
0.957331
0.956602
0.953685
0.949668
0.948259
0.948052
0.948592
0.950882
0.954708
0.958928
0.962534
0.965233
0.967233
0.968894
0.970304
0.971368
0.972233
0.972712
0.972867
0.972782
0.972176
0.971556
0.971169
0.970776
0.970454
0.970105
0.969808
0.969641
0.969575
0.969976
0.970581
0.972395
0.97492
0.978339
0.982098
0.985136
0.987991
0.990237
0.991956
0.99323
0.994121
0.994592
0.994452
0.993595
0.991762
0.988702
0.985037
0.981052
0.977593
0.975567
0.974459
0.974115
0.974346
0.974986
0.975818
0.97609
0.975438
0.972982
0.968495
0.963963
0.960943
0.959728
0.959707
0.960501
0.962753
0.964482
0.965778
0.967162
0.969646
0.974716
0.981981
0.987967
0.990756
0.991523
0.990684
0.985793
0.979827
0.975206
0.971733
0.969071
0.967171
0.966068
0.964869
0.962648
0.960295
0.959157
0.95909
0.960115
0.962555
0.963448
0.963489
0.963203
0.963143
0.964239
0.967509
0.973758
0.981015
0.987833
0.993072
0.996475
0.998383
0.999324
0.999739
0.999908
0.999971
0.999986
0.999975
0.9998
0.998006
0.983019
0.903898
0.818452
0.793394
0.792044
0.794895
0.800885
0.812557
0.845946
0.898891
0.940573
0.967683
0.98332
0.991872
0.996483
0.9987
0.99933
0.99917
0.996741
0.984143
0.96968
0.960892
0.955042
0.952066
0.951434
0.951671
0.952912
0.956568
0.959995
0.962376
0.964006
0.964701
0.966263
0.920235
0.947776
0.944882
0.942531
0.933432
0.918384
0.893193
0.86736
0.858114
0.854258
0.850994
0.845862
0.838354
0.830421
0.821493
0.813496
0.805914
0.801679
0.800191
0.802266
0.803679
0.807285
0.813892
0.817407
0.819128
0.820327
0.821309
0.822655
0.825043
0.83538
0.86798
0.8916
0.903921
0.917123
0.932441
0.940645
0.951017
0.960636
0.962871
0.963266
0.962654
0.961057
0.960133
0.959994
0.960299
0.961366
0.963089
0.965127
0.967179
0.968857
0.97014
0.971125
0.971859
0.972306
0.972573
0.972685
0.972598
0.972041
0.97116
0.970172
0.969329
0.968276
0.967184
0.965931
0.964694
0.963902
0.963616
0.96438
0.964938
0.966113
0.967417
0.969471
0.972255
0.976001
0.98085
0.985893
0.989513
0.992176
0.994061
0.995356
0.996217
0.996737
0.996998
0.997009
0.996584
0.995408
0.992886
0.988435
0.983078
0.97796
0.9746
0.972515
0.971242
0.970099
0.967809
0.964183
0.961048
0.959169
0.958614
0.958666
0.95905
0.960195
0.962853
0.965341
0.966643
0.967006
0.967567
0.968825
0.971434
0.978349
0.987213
0.991613
0.992927
0.992617
0.988213
0.980784
0.975494
0.97134
0.968107
0.966275
0.965183
0.963939
0.96292
0.96265
0.962994
0.965188
0.968655
0.9699
0.969935
0.969246
0.967634
0.967009
0.967954
0.971738
0.977749
0.984936
0.991201
0.995475
0.997925
0.999143
0.999677
0.999888
0.999966
0.999988
0.999986
0.999916
0.999149
0.992323
0.943939
0.842823
0.79808
0.78886
0.789116
0.79357
0.809291
0.854914
0.908829
0.948327
0.972738
0.986183
0.993423
0.997279
0.998975
0.999322
0.998945
0.995478
0.982207
0.969596
0.959463
0.951212
0.946434
0.945084
0.945274
0.947156
0.951645
0.955251
0.957496
0.958877
0.95944
0.960613
0.920198
0.949042
0.946984
0.94793
0.947526
0.947213
0.945171
0.942417
0.942936
0.946381
0.948724
0.949638
0.947828
0.943054
0.932374
0.913854
0.889188
0.859229
0.833281
0.818012
0.810529
0.808179
0.810217
0.813448
0.816313
0.818909
0.822152
0.826192
0.835705
0.861552
0.887264
0.9001
0.911771
0.926276
0.936437
0.942226
0.951004
0.961272
0.965553
0.966652
0.966769
0.966359
0.965958
0.965928
0.966187
0.966738
0.967489
0.968403
0.969465
0.970524
0.97133
0.971963
0.972378
0.972576
0.972653
0.972632
0.972331
0.97138
0.969713
0.967561
0.964858
0.961237
0.957652
0.954141
0.951397
0.950004
0.950381
0.952527
0.955732
0.959631
0.962639
0.965072
0.96729
0.969097
0.970866
0.974423
0.980255
0.985512
0.989311
0.992244
0.994378
0.995831
0.996769
0.997356
0.997737
0.997954
0.998013
0.997857
0.996998
0.994625
0.989527
0.982922
0.977093
0.97331
0.97002
0.966415
0.962941
0.96121
0.961136
0.961506
0.962642
0.964247
0.967082
0.970112
0.972289
0.973006
0.9722
0.97099
0.970983
0.97279
0.978868
0.987832
0.992532
0.994185
0.994224
0.992129
0.98681
0.980374
0.973438
0.968224
0.965425
0.964019
0.963611
0.963668
0.964503
0.968759
0.974262
0.975917
0.975798
0.97433
0.970458
0.967325
0.965353
0.965164
0.967348
0.976198
0.98623
0.992961
0.996796
0.998691
0.999515
0.999836
0.99995
0.999986
0.99999
0.999965
0.999653
0.996816
0.975909
0.888103
0.81655
0.793626
0.79101
0.794802
0.814663
0.872096
0.924757
0.959522
0.979254
0.989564
0.995083
0.998007
0.999185
0.999335
0.998771
0.994693
0.982183
0.969533
0.956342
0.945302
0.940162
0.939818
0.941148
0.945112
0.949934
0.953459
0.955521
0.956707
0.957134
0.957741
0.916335
0.950367
0.947217
0.950337
0.953159
0.959414
0.966188
0.969923
0.97318
0.976386
0.977575
0.978103
0.978589
0.97965
0.980549
0.9811
0.977668
0.965774
0.935136
0.890576
0.852463
0.833702
0.823814
0.820241
0.820831
0.823725
0.829907
0.840166
0.861676
0.883808
0.898177
0.907992
0.918285
0.932058
0.939311
0.943877
0.951089
0.960854
0.966015
0.968234
0.968877
0.968911
0.968801
0.96885
0.969106
0.969505
0.969848
0.970198
0.970662
0.971279
0.971817
0.972233
0.972508
0.972639
0.972666
0.97257
0.97187
0.970056
0.966399
0.96217
0.957737
0.953054
0.949089
0.946098
0.944096
0.942995
0.942687
0.943258
0.944978
0.948749
0.955313
0.961192
0.965195
0.967598
0.968994
0.970015
0.971905
0.975565
0.98011
0.984385
0.987913
0.9907
0.992781
0.994352
0.995629
0.996717
0.997602
0.99822
0.99858
0.998694
0.998534
0.997492
0.994161
0.988548
0.982852
0.97701
0.971943
0.969497
0.969373
0.969946
0.971836
0.973153
0.972772
0.972599
0.97369
0.976182
0.977365
0.977094
0.975548
0.975012
0.976251
0.982287
0.990084
0.99412
0.995894
0.996329
0.996046
0.994341
0.987612
0.976276
0.968612
0.965106
0.964168
0.964325
0.966659
0.974801
0.980478
0.982839
0.983194
0.982398
0.977472
0.968674
0.962022
0.958816
0.958814
0.962899
0.977395
0.988745
0.994936
0.99795
0.999248
0.999748
0.999923
0.999979
0.999992
0.999985
0.999868
0.998731
0.990421
0.944785
0.861977
0.817328
0.80535
0.807906
0.834189
0.896238
0.942297
0.970416
0.985228
0.992612
0.996547
0.998604
0.999348
0.999379
0.998687
0.994612
0.983275
0.968287
0.951098
0.940155
0.938094
0.938667
0.940991
0.946282
0.950743
0.95388
0.955598
0.95638
0.956631
0.956961
0.90877
0.953011
0.947956
0.952121
0.956747
0.963169
0.973054
0.976928
0.978678
0.979234
0.979148
0.977706
0.976898
0.97745
0.981038
0.985912
0.990698
0.992622
0.990998
0.97854
0.939804
0.892067
0.865759
0.8505
0.84436
0.84379
0.85196
0.865824
0.881981
0.89667
0.906466
0.915692
0.927005
0.936994
0.942207
0.945767
0.951354
0.959626
0.965818
0.968486
0.969759
0.970182
0.970262
0.970329
0.970543
0.970906
0.971149
0.971262
0.971418
0.971647
0.971976
0.972275
0.972513
0.97264
0.972658
0.972434
0.971409
0.968649
0.963739
0.958619
0.953781
0.949419
0.945985
0.943656
0.942336
0.941787
0.941704
0.941943
0.942765
0.94471
0.949698
0.956526
0.962439
0.966521
0.968689
0.96958
0.970331
0.971618
0.973467
0.975612
0.978494
0.981684
0.984561
0.986772
0.98878
0.990869
0.993098
0.995274
0.997094
0.998325
0.998952
0.999181
0.999166
0.99866
0.996957
0.992508
0.98564
0.981134
0.980214
0.980777
0.981128
0.980343
0.976955
0.975036
0.974994
0.976844
0.979252
0.979894
0.97966
0.978634
0.978455
0.98012
0.987019
0.993022
0.996152
0.997584
0.99793
0.997754
0.996148
0.988077
0.975097
0.968137
0.966098
0.966395
0.970414
0.977406
0.981586
0.983875
0.98474
0.984698
0.983204
0.974604
0.962999
0.957611
0.956659
0.958369
0.969107
0.984242
0.992901
0.997129
0.998948
0.999648
0.999892
0.99997
0.999992
0.999992
0.999953
0.999523
0.996141
0.977388
0.923878
0.877276
0.85539
0.854501
0.875411
0.924655
0.959534
0.979845
0.990033
0.995
0.997673
0.999038
0.999472
0.999442
0.998687
0.994968
0.984702
0.964889
0.944982
0.938083
0.937727
0.939338
0.945102
0.951051
0.95413
0.955492
0.956008
0.956232
0.956284
0.95644
0.897132
0.957535
0.948377
0.950841
0.957582
0.962501
0.972577
0.976734
0.977797
0.977213
0.972355
0.96731
0.96646
0.966722
0.967798
0.971051
0.982305
0.993021
0.99659
0.997414
0.990223
0.953687
0.911316
0.887935
0.875509
0.870415
0.874017
0.88313
0.893537
0.903888
0.912411
0.922358
0.934861
0.943019
0.946385
0.948652
0.95221
0.958714
0.965239
0.968381
0.969882
0.97066
0.970978
0.971107
0.971271
0.971581
0.971816
0.971911
0.971932
0.971969
0.97207
0.972262
0.972492
0.972617
0.972615
0.972348
0.971423
0.968778
0.963792
0.958569
0.953676
0.949399
0.946029
0.943726
0.942393
0.941877
0.941843
0.941995
0.94256
0.944039
0.948186
0.955166
0.961504
0.966066
0.968622
0.969708
0.970254
0.970849
0.971679
0.97246
0.972959
0.973477
0.974406
0.975865
0.977523
0.979745
0.982982
0.987087
0.991217
0.994812
0.9973
0.998701
0.999315
0.999515
0.999511
0.9991
0.996911
0.992125
0.99023
0.99025
0.99033
0.988989
0.983101
0.979311
0.978576
0.979142
0.981191
0.981827
0.981602
0.980557
0.980208
0.980754
0.985003
0.991886
0.995929
0.99789
0.998532
0.998519
0.997655
0.992789
0.980085
0.97152
0.968477
0.968459
0.971629
0.977479
0.980006
0.98223
0.984135
0.984638
0.98414
0.980253
0.96731
0.958591
0.956472
0.957448
0.965795
0.981999
0.991818
0.996674
0.998773
0.999585
0.999871
0.999963
0.999991
0.999995
0.999984
0.999838
0.998559
0.990579
0.961375
0.930363
0.913716
0.910831
0.919204
0.948859
0.973139
0.986753
0.993413
0.996669
0.998449
0.999327
0.999565
0.999498
0.998715
0.995411
0.985463
0.95935
0.941738
0.937393
0.937982
0.943218
0.951177
0.954285
0.955377
0.955828
0.955765
0.955513
0.955336
0.955475
0.874643
0.961258
0.9516
0.946951
0.955995
0.960841
0.969859
0.975724
0.977126
0.976585
0.971755
0.965526
0.965566
0.966246
0.966335
0.96695
0.971262
0.985404
0.995729
0.998735
0.999302
0.993157
0.949488
0.915016
0.897374
0.889046
0.888192
0.893425
0.90055
0.908161
0.915787
0.925216
0.937347
0.946605
0.950593
0.95227
0.954286
0.958622
0.964154
0.968045
0.969819
0.970716
0.971222
0.971474
0.971637
0.971878
0.972096
0.972234
0.972263
0.972251
0.972215
0.972276
0.972412
0.97251
0.972487
0.972294
0.971545
0.969332
0.964509
0.959271
0.954373
0.950138
0.946821
0.944471
0.942971
0.942462
0.942494
0.942776
0.943562
0.945336
0.949607
0.955815
0.961894
0.966552
0.969352
0.970528
0.970749
0.97086
0.971171
0.971612
0.971724
0.971511
0.970627
0.970026
0.969941
0.970295
0.971361
0.974117
0.979749
0.986816
0.992431
0.996164
0.998259
0.999257
0.99963
0.999714
0.99961
0.99879
0.998185
0.998185
0.998213
0.997824
0.994661
0.988118
0.985589
0.985379
0.98581
0.985715
0.984721
0.982248
0.981383
0.981608
0.984375
0.991149
0.995656
0.997915
0.998721
0.998769
0.998129
0.994152
0.982216
0.972979
0.969176
0.968888
0.970686
0.974445
0.97729
0.979075
0.981172
0.982814
0.982997
0.981322
0.97184
0.960514
0.95685
0.957346
0.964338
0.980882
0.991282
0.996449
0.998688
0.999555
0.999861
0.99996
0.99999
0.999997
0.999994
0.999951
0.999523
0.996509
0.98242
0.962725
0.951315
0.948044
0.950824
0.966306
0.982451
0.991338
0.995649
0.997789
0.998969
0.999521
0.999641
0.999547
0.998768
0.995668
0.984115
0.954921
0.939627
0.937184
0.939521
0.948142
0.953228
0.954957
0.955489
0.955259
0.954631
0.954096
0.954242
0.954772
0.843026
0.955708
0.961689
0.948257
0.950518
0.957644
0.964089
0.972482
0.975633
0.975751
0.974699
0.971516
0.97005
0.969214
0.967009
0.966801
0.969859
0.983291
0.994427
0.998427
0.999673
0.999567
0.990226
0.943592
0.916211
0.903338
0.898704
0.900396
0.904379
0.910653
0.91738
0.925202
0.937125
0.946885
0.952501
0.955107
0.956687
0.959026
0.963356
0.967408
0.96961
0.970674
0.971241
0.971586
0.97179
0.971983
0.972175
0.972333
0.972426
0.97243
0.972402
0.972336
0.972393
0.972425
0.972409
0.972283
0.971802
0.970401
0.96642
0.961027
0.956116
0.952051
0.948753
0.94623
0.94441
0.943883
0.943986
0.944465
0.945654
0.94833
0.953738
0.96008
0.965508
0.968899
0.970519
0.971122
0.971222
0.971159
0.971129
0.97127
0.971416
0.971307
0.970398
0.96923
0.968658
0.968497
0.968571
0.968982
0.970246
0.974632
0.983781
0.991081
0.995615
0.998057
0.999224
0.999682
0.999801
0.999797
0.999741
0.999735
0.999728
0.999617
0.998922
0.995795
0.993077
0.99219
0.991646
0.990568
0.98776
0.984506
0.983058
0.983012
0.984637
0.990604
0.995345
0.997837
0.998785
0.998883
0.998379
0.995072
0.983828
0.974021
0.969352
0.968153
0.968369
0.970994
0.976426
0.978685
0.979271
0.980013
0.980288
0.979475
0.972647
0.960986
0.956899
0.957228
0.963698
0.980152
0.990795
0.996197
0.998581
0.999517
0.999848
0.999956
0.999988
0.999997
0.999997
0.999987
0.999862
0.998869
0.99328
0.981097
0.973177
0.970054
0.970611
0.977867
0.988381
0.994224
0.997079
0.998525
0.999313
0.999652
0.999704
0.999591
0.998813
0.995664
0.981334
0.951158
0.938303
0.937143
0.941235
0.950136
0.953978
0.955042
0.954876
0.953869
0.953061
0.953202
0.953916
0.954648
0.818524
0.931518
0.962198
0.955535
0.948931
0.951099
0.957352
0.966125
0.971625
0.973689
0.973688
0.973326
0.972406
0.97028
0.966959
0.966533
0.970378
0.984393
0.995127
0.998654
0.999692
0.99991
0.998854
0.979572
0.936542
0.916377
0.907774
0.906721
0.907678
0.911789
0.91755
0.924588
0.936011
0.94641
0.952549
0.956166
0.958251
0.960207
0.963088
0.966467
0.96919
0.970533
0.971209
0.97159
0.971823
0.972001
0.97218
0.972342
0.97246
0.972521
0.972514
0.972472
0.972419
0.972421
0.972398
0.972294
0.97199
0.971184
0.96918
0.964554
0.959501
0.95502
0.951878
0.949437
0.947166
0.946685
0.946928
0.947797
0.949771
0.954266
0.959712
0.964417
0.967926
0.970102
0.971108
0.971426
0.97143
0.971266
0.971148
0.971165
0.971306
0.971316
0.970997
0.969689
0.968734
0.968386
0.968351
0.968461
0.96881
0.969671
0.973082
0.983308
0.991294
0.995926
0.998275
0.999343
0.999752
0.999881
0.999929
0.999942
0.999938
0.999884
0.999547
0.997807
0.99579
0.995034
0.994445
0.992989
0.98889
0.985625
0.98428
0.984213
0.985392
0.990529
0.995255
0.997793
0.998831
0.99901
0.998734
0.996665
0.987711
0.976398
0.970145
0.968119
0.968139
0.970383
0.97638
0.978983
0.979071
0.97808
0.97737
0.976049
0.970121
0.959833
0.956114
0.95654
0.963387
0.979965
0.990612
0.996056
0.9985
0.999479
0.999834
0.999951
0.999987
0.999997
0.999999
0.999996
0.999966
0.999699
0.99805
0.992041
0.986015
0.982871
0.982492
0.985087
0.991819
0.995895
0.997928
0.998973
0.999522
0.999734
0.999751
0.999621
0.998826
0.995349
0.977802
0.948072
0.937314
0.936872
0.942078
0.950972
0.954322
0.954674
0.954013
0.952381
0.952175
0.952841
0.953986
0.954513
0.830692
0.935944
0.96357
0.963364
0.952878
0.94972
0.950638
0.953675
0.960739
0.966385
0.969404
0.969469
0.968808
0.966104
0.963498
0.965326
0.974894
0.992324
0.997968
0.999491
0.999882
0.99997
0.999841
0.995423
0.963194
0.931362
0.916496
0.91251
0.912
0.913341
0.917576
0.92291
0.933597
0.94499
0.952149
0.956163
0.958744
0.960754
0.963008
0.965608
0.968387
0.97022
0.971102
0.971563
0.971819
0.971998
0.972171
0.972331
0.972456
0.972533
0.97257
0.972559
0.972514
0.972456
0.972414
0.972326
0.972123
0.971673
0.970687
0.968408
0.96452
0.959775
0.95671
0.954061
0.952098
0.952041
0.95253
0.953877
0.956924
0.960932
0.964782
0.968149
0.970347
0.971368
0.971733
0.971772
0.97164
0.971309
0.971148
0.971127
0.971217
0.971327
0.97131
0.970981
0.969795
0.968938
0.968645
0.968626
0.968767
0.969195
0.970037
0.974317
0.985312
0.992847
0.99687
0.998758
0.999552
0.999844
0.999938
0.999963
0.999962
0.999921
0.999654
0.998305
0.996731
0.996093
0.995513
0.994043
0.989742
0.98621
0.984829
0.984761
0.985895
0.990745
0.995286
0.997797
0.998934
0.999252
0.999211
0.998407
0.993315
0.98133
0.973207
0.96989
0.969566
0.971352
0.977484
0.98013
0.979893
0.976885
0.974011
0.970802
0.962884
0.955813
0.95373
0.954812
0.96375
0.980344
0.990681
0.996043
0.998481
0.999468
0.999828
0.999949
0.999986
0.999996
0.999999
0.999999
0.999992
0.999933
0.999556
0.997824
0.994012
0.991114
0.990167
0.990789
0.994056
0.997036
0.998515
0.999278
0.999664
0.999794
0.999793
0.999644
0.998819
0.994815
0.973998
0.94536
0.936341
0.936376
0.942871
0.951718
0.954518
0.954596
0.953122
0.951666
0.95169
0.952834
0.954181
0.954439
0.820959
0.920158
0.954455
0.961632
0.959926
0.954711
0.951894
0.952184
0.953898
0.956757
0.960828
0.960793
0.959324
0.959315
0.961293
0.968877
0.987831
0.996454
0.999053
0.999764
0.999943
0.999988
0.999974
0.998989
0.985884
0.948905
0.926405
0.91776
0.915542
0.915772
0.917852
0.922357
0.92888
0.941905
0.950939
0.955846
0.958716
0.960803
0.962916
0.965018
0.967385
0.969594
0.970854
0.971472
0.971788
0.971983
0.972148
0.972288
0.972427
0.972523
0.972574
0.972594
0.972584
0.972556
0.972488
0.972418
0.972292
0.972043
0.971526
0.970523
0.968659
0.965156
0.962828
0.960314
0.95875
0.9588
0.95936
0.960838
0.963262
0.966017
0.968705
0.970528
0.971467
0.971852
0.971943
0.971899
0.971664
0.971316
0.971129
0.971082
0.971113
0.971282
0.971353
0.971336
0.971152
0.970414
0.969746
0.969481
0.969386
0.969394
0.969697
0.970905
0.978433
0.98895
0.995033
0.997988
0.999255
0.999745
0.999915
0.999961
0.999963
0.999925
0.999672
0.998468
0.997163
0.996609
0.996098
0.994879
0.990879
0.987012
0.985434
0.985323
0.986416
0.991074
0.995388
0.997843
0.999051
0.999491
0.999532
0.999254
0.997247
0.988379
0.978974
0.974444
0.973615
0.974905
0.980468
0.98297
0.982284
0.976103
0.966494
0.958744
0.952694
0.949833
0.949844
0.953021
0.966776
0.982338
0.991512
0.996308
0.998545
0.999479
0.999829
0.999948
0.999985
0.999996
0.999999
0.999999
0.999998
0.999986
0.999909
0.999556
0.998201
0.996101
0.995074
0.995121
0.996275
0.99806
0.999011
0.999519
0.999772
0.999844
0.999831
0.999661
0.998769
0.994011
0.970257
0.943315
0.935383
0.9358
0.943455
0.95228
0.954765
0.954636
0.952535
0.951268
0.951517
0.953294
0.954397
0.954445
0.807664
0.828077
0.867307
0.88254
0.891432
0.899574
0.916181
0.929721
0.935894
0.939992
0.944843
0.949772
0.953727
0.958805
0.969891
0.989394
0.996825
0.999144
0.999784
0.999947
0.999987
0.999997
0.999996
0.999796
0.995832
0.970984
0.940897
0.925903
0.920026
0.918526
0.918961
0.921589
0.926752
0.93702
0.948561
0.954952
0.958464
0.960731
0.962769
0.964595
0.966588
0.968619
0.970329
0.971254
0.971698
0.971939
0.972106
0.972242
0.972356
0.972481
0.972559
0.972593
0.972605
0.972601
0.972581
0.972543
0.972467
0.972337
0.972049
0.971579
0.970852
0.969024
0.967747
0.966075
0.964974
0.96502
0.965428
0.966412
0.968121
0.969773
0.970947
0.971652
0.971966
0.972059
0.972037
0.971935
0.971594
0.971238
0.971049
0.970993
0.971
0.971131
0.97131
0.971352
0.971334
0.971223
0.970891
0.970431
0.970024
0.969827
0.969826
0.970237
0.973544
0.984745
0.992895
0.997061
0.998893
0.999613
0.999872
0.99995
0.999958
0.999925
0.999676
0.998573
0.997577
0.997193
0.996761
0.995566
0.991637
0.987924
0.986386
0.986268
0.987305
0.991653
0.99564
0.997945
0.999117
0.999589
0.999683
0.999599
0.998866
0.994879
0.986498
0.981623
0.980376
0.981191
0.985357
0.987101
0.985978
0.976923
0.961599
0.952212
0.947982
0.947216
0.948042
0.954271
0.972137
0.985533
0.993094
0.996966
0.998778
0.999549
0.999847
0.999952
0.999986
0.999996
0.999999
1
0.999999
0.999997
0.999981
0.999905
0.999587
0.998625
0.997949
0.997895
0.998248
0.999041
0.999489
0.999745
0.999871
0.999897
0.999871
0.999675
0.998674
0.993098
0.967023
0.941514
0.934597
0.935434
0.943983
0.952885
0.955099
0.95477
0.952249
0.951086
0.951536
0.953823
0.954634
0.954523
0.996913
0.994713
0.992242
0.991135
0.991452
0.993922
0.996555
0.997449
0.99598
0.984113
0.974752
0.975057
0.97821
0.987114
0.994511
0.998074
0.999409
0.999835
0.999956
0.999988
0.999997
0.999999
0.999999
0.999966
0.998777
0.98661
0.95272
0.933091
0.924456
0.921837
0.921271
0.922121
0.925046
0.932147
0.943703
0.953021
0.957761
0.960469
0.96257
0.964288
0.966005
0.967769
0.96938
0.970659
0.971434
0.971816
0.972021
0.972169
0.972286
0.972397
0.972507
0.972572
0.9726
0.97261
0.972608
0.9726
0.972575
0.97252
0.972395
0.972162
0.971893
0.971131
0.970601
0.969826
0.969256
0.969285
0.969509
0.970071
0.970849
0.971502
0.9719
0.972106
0.972155
0.972132
0.97206
0.971833
0.971346
0.971
0.970845
0.97081
0.970817
0.9709
0.97112
0.971224
0.971236
0.971207
0.971063
0.970621
0.970138
0.969884
0.969856
0.970037
0.971644
0.980519
0.990564
0.995984
0.998457
0.999451
0.999817
0.999934
0.999954
0.999927
0.999693
0.998851
0.998351
0.998161
0.997808
0.996497
0.992268
0.988847
0.987519
0.987451
0.988522
0.99259
0.996079
0.998114
0.999178
0.999645
0.999779
0.99977
0.999533
0.998286
0.994426
0.990888
0.989607
0.989863
0.991725
0.992192
0.990485
0.979327
0.961626
0.951567
0.947576
0.947099
0.948856
0.959705
0.977875
0.989046
0.994951
0.99782
0.999123
0.999673
0.999887
0.999964
0.999989
0.999997
0.999999
1
1
0.999999
0.999996
0.99998
0.999909
0.999615
0.999321
0.999285
0.999384
0.999643
0.999797
0.999893
0.999936
0.999938
0.999901
0.999676
0.998537
0.992
0.964105
0.93999
0.934285
0.935343
0.944287
0.953369
0.955489
0.954945
0.951987
0.950965
0.951746
0.954374
0.954932
0.954614
0.999991
0.999976
0.999952
0.99994
0.999959
0.99999
0.999996
0.999994
0.999982
0.999952
0.99991
0.999855
0.999753
0.999719
0.99977
0.999883
0.999953
0.999984
0.999995
0.999998
0.999999
1
1
0.999997
0.999829
0.996895
0.977406
0.94623
0.930514
0.924565
0.923547
0.923646
0.92511
0.929058
0.937966
0.948663
0.956052
0.959783
0.962193
0.964017
0.965601
0.967134
0.968567
0.969798
0.970771
0.971488
0.971824
0.972011
0.972147
0.972259
0.972382
0.972488
0.972557
0.972593
0.972606
0.972608
0.972605
0.972593
0.97256
0.972474
0.972381
0.972121
0.971932
0.971669
0.971469
0.971486
0.971579
0.971797
0.972025
0.972186
0.972247
0.972243
0.972213
0.972129
0.971924
0.971442
0.970908
0.970567
0.970457
0.970454
0.970482
0.970583
0.970746
0.970813
0.970801
0.970735
0.970636
0.970416
0.970064
0.969861
0.969815
0.969931
0.970948
0.977288
0.98829
0.994821
0.997953
0.999255
0.999748
0.999917
0.999954
0.999939
0.999769
0.999482
0.99938
0.999277
0.998978
0.997639
0.993359
0.9901
0.988897
0.98887
0.990034
0.993785
0.996673
0.998368
0.999274
0.999699
0.999848
0.999865
0.9998
0.999398
0.998223
0.997217
0.996808
0.996856
0.997201
0.997148
0.995524
0.985482
0.966536
0.955217
0.951065
0.950889
0.954253
0.969376
0.984652
0.992907
0.996928
0.998739
0.999509
0.99982
0.999938
0.99998
0.999994
0.999998
1
1
1
1
0.999999
0.999997
0.999983
0.999913
0.999821
0.999807
0.999831
0.999895
0.999934
0.99996
0.999968
0.999963
0.999912
0.99966
0.998369
0.990946
0.961576
0.939209
0.934233
0.935447
0.9448
0.95402
0.955955
0.955127
0.951699
0.950907
0.952161
0.955058
0.955298
0.954678
1
1
1
1
1
1
1
1
1
1
1
0.999999
0.999998
0.999997
0.999997
0.999998
0.999999
0.999999
1
1
1
1
1
1
0.999974
0.999326
0.993597
0.967965
0.943005
0.930735
0.926127
0.925336
0.925753
0.927715
0.933171
0.942421
0.951865
0.95805
0.96135
0.963511
0.965201
0.966666
0.968007
0.969201
0.970202
0.970935
0.971348
0.971587
0.97176
0.971901
0.972056
0.972224
0.972373
0.972482
0.972549
0.972582
0.972597
0.972596
0.972592
0.972575
0.972552
0.972491
0.97243
0.972359
0.972295
0.972298
0.972324
0.972364
0.97237
0.972356
0.972317
0.972264
0.972154
0.97187
0.971305
0.970734
0.970216
0.969887
0.969792
0.9698
0.969891
0.970087
0.970117
0.970089
0.969973
0.969692
0.969496
0.969599
0.969695
0.969717
0.969747
0.969886
0.970702
0.975468
0.986487
0.993762
0.997453
0.999049
0.999671
0.999894
0.99996
0.999966
0.999937
0.999881
0.999837
0.99975
0.999467
0.998156
0.994376
0.991652
0.990648
0.990651
0.991828
0.995067
0.997358
0.998692
0.999408
0.999755
0.999891
0.999919
0.999903
0.999768
0.999395
0.999128
0.999035
0.999055
0.999104
0.999054
0.99847
0.994739
0.980782
0.968518
0.963681
0.963477
0.967874
0.982135
0.991919
0.996627
0.998649
0.99947
0.999799
0.999927
0.999975
0.999992
0.999998
0.999999
1
1
1
1
1
0.999999
0.999997
0.999983
0.999959
0.999956
0.999961
0.999974
0.99998
0.999984
0.999984
0.999974
0.999913
0.999634
0.998201
0.990171
0.960143
0.938999
0.934594
0.935971
0.94528
0.954626
0.956468
0.955339
0.951551
0.950899
0.952686
0.955643
0.955645
0.954716
1
1
1
1
1
1
1
1
1
1
1
1
1
1
1
1
1
1
1
1
1
1
1
1
0.999996
0.999864
0.998272
0.988578
0.958586
0.940291
0.931935
0.928075
0.927172
0.927965
0.930423
0.936809
0.945077
0.953238
0.959131
0.962321
0.964411
0.966017
0.967364
0.968463
0.969292
0.969796
0.969982
0.969921
0.969843
0.969869
0.970247
0.970859
0.971402
0.971839
0.972149
0.972346
0.972465
0.972527
0.972558
0.972564
0.97256
0.972551
0.972532
0.972517
0.972495
0.972479
0.972464
0.972447
0.972417
0.972334
0.972208
0.972048
0.971732
0.970932
0.970125
0.969546
0.969107
0.968789
0.968654
0.968657
0.968808
0.969052
0.969124
0.969085
0.968752
0.968669
0.968904
0.969389
0.969619
0.969695
0.969751
0.969902
0.970649
0.974721
0.985458
0.993042
0.997057
0.99887
0.999599
0.999869
0.999959
0.999982
0.999983
0.999976
0.999957
0.999904
0.999672
0.998496
0.9955
0.993478
0.992734
0.992754
0.993786
0.996325
0.998041
0.999029
0.999555
0.999814
0.999922
0.999952
0.99995
0.999909
0.999784
0.999705
0.999684
0.999696
0.999709
0.999693
0.999541
0.998683
0.99491
0.988802
0.985497
0.985152
0.98746
0.99352
0.997082
0.998756
0.999485
0.999792
0.999919
0.99997
0.99999
0.999997
0.999999
1
1
1
1
1
1
1
1
0.999997
0.999992
0.999991
0.999993
0.999994
0.999994
0.999994
0.999992
0.999977
0.99991
0.999609
0.998084
0.989663
0.95963
0.939299
0.935714
0.937247
0.945938
0.955289
0.957052
0.955575
0.951473
0.950974
0.953316
0.956263
0.956006
0.955007
1
1
1
1
1
1
1
1
1
1
1
1
1
1
1
1
1
1
1
1
1
1
1
1
0.999999
0.999974
0.999589
0.996552
0.981534
0.953104
0.939008
0.933257
0.930311
0.929247
0.930246
0.932904
0.939023
0.946068
0.952824
0.958698
0.962462
0.9646
0.965999
0.966731
0.966572
0.964727
0.962722
0.961286
0.96047
0.960233
0.960568
0.961603
0.963569
0.965664
0.968537
0.970236
0.971229
0.9718
0.97212
0.972299
0.97239
0.97244
0.972457
0.972455
0.972446
0.972429
0.972387
0.972318
0.972203
0.971925
0.97156
0.971166
0.970371
0.969116
0.968093
0.967497
0.967183
0.966935
0.966707
0.966653
0.966653
0.966969
0.967356
0.967458
0.967602
0.967904
0.968767
0.969487
0.969845
0.969942
0.969977
0.97009
0.970738
0.974472
0.985024
0.992738
0.996881
0.998786
0.999564
0.999855
0.999955
0.999986
0.999993
0.999993
0.999987
0.999962
0.999826
0.999163
0.997169
0.995639
0.995039
0.995033
0.995747
0.99751
0.998684
0.999348
0.999698
0.999871
0.999947
0.999972
0.999974
0.999963
0.99992
0.999892
0.999886
0.999893
0.999902
0.9999
0.999865
0.99967
0.998777
0.997146
0.996202
0.996022
0.99641
0.997918
0.999023
0.999565
0.999813
0.999922
0.999969
0.999988
0.999996
0.999999
1
1
1
1
1
1
1
1
1
1
0.999999
0.999999
0.999999
0.999999
0.999998
0.999998
0.999995
0.999979
0.999908
0.999595
0.998049
0.989754
0.96003
0.940449
0.93764
0.939254
0.94654
0.955893
0.957731
0.955914
0.951452
0.951133
0.953982
0.956798
0.956341
0.955379
1
1
1
1
1
1
1
1
1
1
1
1
1
1
1
1
1
1
1
1
1
1
1
1
1
0.999996
0.999911
0.999096
0.994344
0.974949
0.95043
0.939379
0.934756
0.932343
0.931391
0.932392
0.934894
0.940408
0.946312
0.95188
0.956818
0.959848
0.960654
0.960194
0.958368
0.95734
0.957486
0.958216
0.958937
0.959498
0.959803
0.959772
0.95912
0.959151
0.959588
0.96077
0.962824
0.965442
0.968139
0.969749
0.970691
0.971242
0.971536
0.971735
0.971774
0.971738
0.971624
0.971394
0.970988
0.970287
0.969363
0.968347
0.967191
0.965761
0.964544
0.963823
0.963546
0.963582
0.963507
0.96351
0.963717
0.964362
0.965123
0.965546
0.966089
0.967236
0.968727
0.970038
0.970689
0.97079
0.970721
0.970716
0.971195
0.974576
0.9849
0.992653
0.996827
0.998758
0.999553
0.999851
0.999954
0.999986
0.999995
0.999997
0.999995
0.999985
0.999935
0.999707
0.998896
0.998
0.997535
0.997463
0.997707
0.998602
0.999269
0.999639
0.999832
0.999927
0.99997
0.999985
0.999988
0.999985
0.99997
0.999958
0.999956
0.999959
0.999965
0.999965
0.999958
0.999913
0.999704
0.999242
0.998945
0.998869
0.998937
0.999315
0.999669
0.999848
0.999933
0.999971
0.999988
0.999995
0.999998
0.999999
1
1
1
1
1
1
1
1
1
1
1
1
1
1
1
0.999999
0.999996
0.99998
0.99991
0.999603
0.998105
0.990195
0.961279
0.942464
0.940259
0.941865
0.947169
0.956069
0.958431
0.956416
0.951558
0.951319
0.954478
0.957259
0.956697
0.955779
1
1
1
1
1
1
1
1
1
1
1
1
1
1
1
1
1
1
1
1
1
1
1
1
1
0.999999
0.999983
0.999793
0.998471
0.992337
0.970972
0.949119
0.939968
0.936176
0.934192
0.933598
0.93454
0.936954
0.941642
0.946135
0.94986
0.952124
0.95307
0.953446
0.954334
0.956306
0.959786
0.966238
0.972362
0.976077
0.977215
0.976987
0.974695
0.968138
0.963505
0.961292
0.959837
0.959653
0.95983
0.960434
0.961913
0.963438
0.964962
0.966059
0.967128
0.967266
0.96709
0.966628
0.965897
0.964533
0.962958
0.961655
0.960602
0.959609
0.958984
0.959014
0.959265
0.959916
0.960705
0.961552
0.96261
0.963719
0.964546
0.965046
0.965521
0.966437
0.968718
0.97114
0.972349
0.972508
0.972238
0.97203
0.972358
0.975413
0.985266
0.992795
0.996866
0.998766
0.999554
0.999851
0.999953
0.999986
0.999996
0.999998
0.999998
0.999994
0.999972
0.999874
0.999535
0.999197
0.999023
0.998993
0.999073
0.999413
0.999693
0.999848
0.999929
0.999969
0.999987
0.999993
0.999995
0.999994
0.999988
0.999984
0.999983
0.999984
0.999987
0.999988
0.999986
0.999975
0.999924
0.999788
0.99969
0.99966
0.999673
0.99977
0.999886
0.999947
0.999976
0.99999
0.999996
0.999998
0.999999
1
1
1
1
1
1
1
1
1
1
1
1
1
1
1
1
0.999999
0.999996
0.999982
0.999916
0.999628
0.998244
0.991055
0.963499
0.945278
0.943477
0.944957
0.947899
0.955834
0.959098
0.957017
0.951786
0.951541
0.954874
0.957809
0.957222
0.956175
1
1
1
1
1
1
1
1
1
1
1
1
1
1
1
1
1
1
1
1
1
1
1
1
1
1
0.999997
0.99996
0.999644
0.997921
0.991197
0.97018
0.95011
0.941279
0.937578
0.935904
0.935634
0.93644
0.938504
0.941757
0.944642
0.946688
0.948355
0.95068
0.954446
0.962748
0.973999
0.98157
0.986228
0.989782
0.991922
0.992419
0.992203
0.990964
0.987903
0.981217
0.971961
0.965695
0.962329
0.960389
0.958988
0.958211
0.957854
0.957674
0.957386
0.957116
0.956933
0.956747
0.956568
0.956183
0.955811
0.955745
0.955827
0.956136
0.956795
0.957459
0.958252
0.959119
0.960078
0.961192
0.962499
0.963765
0.964659
0.965152
0.965566
0.96633
0.968696
0.972798
0.975018
0.975365
0.974846
0.974263
0.97451
0.977613
0.986933
0.993629
0.997219
0.998896
0.999597
0.999864
0.999957
0.999987
0.999997
0.999999
0.999999
0.999997
0.999987
0.999941
0.999783
0.999634
0.999559
0.999547
0.99958
0.99973
0.999859
0.99993
0.999968
0.999986
0.999994
0.999997
0.999998
0.999997
0.999995
0.999994
0.999993
0.999994
0.999995
0.999995
0.999995
0.999992
0.999978
0.999937
0.999905
0.999893
0.999896
0.999922
0.99996
0.999981
0.999991
0.999996
0.999998
0.999999
1
1
1
1
1
1
1
1
1
1
1
1
1
1
1
1
1
0.999999
0.999997
0.999985
0.999928
0.999675
0.998469
0.992218
0.966637
0.948963
0.947283
0.947648
0.948461
0.954774
0.959573
0.957619
0.952054
0.951722
0.955222
0.958211
0.957761
0.956658
1
1
1
1
1
1
1
1
1
1
1
1
1
1
1
1
1
1
1
1
1
1
1
1
1
1
1
0.999993
0.999931
0.999525
0.997685
0.991319
0.972823
0.952722
0.943457
0.939162
0.937376
0.937223
0.937835
0.939164
0.941129
0.943313
0.946003
0.950749
0.961509
0.973081
0.979804
0.983369
0.985986
0.988572
0.991432
0.994178
0.995951
0.996408
0.996298
0.995667
0.994026
0.990593
0.983214
0.974419
0.967681
0.96327
0.960525
0.958689
0.95719
0.956105
0.955361
0.954904
0.954737
0.954741
0.954805
0.954986
0.955383
0.956031
0.956855
0.957848
0.958817
0.959633
0.960356
0.961553
0.963449
0.965148
0.966035
0.966346
0.966622
0.96721
0.969152
0.97514
0.978838
0.979506
0.978802
0.977764
0.977936
0.981191
0.989603
0.995076
0.997898
0.999177
0.999702
0.999899
0.999968
0.999991
0.999997
0.999999
0.999999
0.999999
0.999994
0.999972
0.999895
0.999823
0.999788
0.999781
0.999796
0.999866
0.99993
0.999966
0.999984
0.999993
0.999997
0.999999
0.999999
0.999999
0.999998
0.999998
0.999997
0.999998
0.999998
0.999998
0.999998
0.999997
0.999993
0.99998
0.99997
0.999966
0.999966
0.999974
0.999986
0.999993
0.999997
0.999999
0.999999
1
1
1
1
1
1
1
1
1
1
1
1
1
1
1
1
1
1
1
0.999998
0.999988
0.999941
0.999733
0.998733
0.993502
0.970525
0.953639
0.951677
0.948847
0.948589
0.954204
0.95971
0.958177
0.952392
0.951884
0.955468
0.9584
0.958205
0.957281
1
1
1
1
1
1
1
1
1
1
1
1
1
1
1
1
1
1
1
1
1
1
1
1
1
1
1
0.999999
0.999989
0.999909
0.999487
0.997828
0.992494
0.978603
0.957287
0.946443
0.941257
0.93912
0.938615
0.939004
0.939865
0.941613
0.945291
0.955499
0.968361
0.976051
0.979416
0.980151
0.981
0.984963
0.989837
0.993434
0.995993
0.997625
0.998377
0.998515
0.998446
0.99812
0.997101
0.995483
0.99224
0.986678
0.979915
0.973551
0.968636
0.965042
0.96251
0.960686
0.959666
0.959485
0.95957
0.959833
0.960041
0.960286
0.960879
0.962447
0.963601
0.963911
0.964072
0.964687
0.967079
0.969294
0.969986
0.969937
0.969888
0.970177
0.971867
0.978807
0.983865
0.984863
0.984082
0.982725
0.982804
0.985736
0.992452
0.996553
0.998581
0.999464
0.999812
0.999938
0.999981
0.999994
0.999998
1
1
0.999999
0.999997
0.999986
0.999949
0.999913
0.999896
0.999892
0.999899
0.999932
0.999965
0.999983
0.999992
0.999997
0.999999
0.999999
1
0.999999
0.999999
0.999999
0.999999
0.999999
0.999999
0.999999
0.999999
0.999999
0.999998
0.999994
0.99999
0.999989
0.999989
0.999991
0.999995
0.999998
0.999999
0.999999
1
1
1
1
1
1
1
1
1
1
1
1
1
1
1
1
1
1
1
1
0.999998
0.99999
0.999954
0.999791
0.999
0.994811
0.974835
0.959567
0.956222
0.949509
0.948179
0.953851
0.959711
0.958397
0.952772
0.95206
0.955555
0.958568
0.958807
0.958153
1
1
1
1
1
1
1
1
1
1
1
1
1
1
1
1
1
1
1
1
1
1
1
1
1
1
1
1
0.999998
0.999985
0.999905
0.999537
0.998212
0.994217
0.985217
0.964279
0.950718
0.944044
0.94102
0.94001
0.940219
0.941377
0.946138
0.959296
0.970029
0.975838
0.976962
0.976894
0.977607
0.982719
0.989379
0.993871
0.996605
0.998181
0.999036
0.99943
0.999547
0.999549
0.999496
0.999322
0.998919
0.997842
0.996675
0.994852
0.991933
0.988913
0.985921
0.98252
0.979424
0.977682
0.977142
0.976647
0.975809
0.975423
0.975483
0.976237
0.976741
0.976362
0.974953
0.974693
0.975571
0.977416
0.977629
0.97679
0.975921
0.976018
0.977637
0.984768
0.989932
0.990977
0.990256
0.988939
0.988946
0.991081
0.995392
0.997917
0.999147
0.999679
0.999888
0.999963
0.999989
0.999997
0.999999
1
1
1
0.999999
0.999993
0.999975
0.999958
0.999949
0.999948
0.999951
0.999967
0.999983
0.999992
0.999996
0.999998
0.999999
1
1
1
1
1
1
1
1
1
1
1
0.999999
0.999998
0.999997
0.999997
0.999997
0.999997
0.999998
0.999999
1
1
1
1
1
1
1
1
1
1
1
1
1
1
1
1
1
1
1
1
1
1
0.999999
0.999993
0.999966
0.999845
0.999245
0.996018
0.979217
0.966188
0.961278
0.950092
0.946736
0.952577
0.959434
0.958349
0.953225
0.952156
0.955404
0.958645
0.959222
0.958909
1
1
1
1
1
1
1
1
1
1
1
1
1
1
1
1
1
1
1
1
1
1
1
1
1
1
1
1
1
0.999998
0.999985
0.999915
0.999626
0.998643
0.995908
0.989282
0.97349
0.956178
0.947253
0.94308
0.941844
0.942266
0.946375
0.959167
0.969681
0.973915
0.974268
0.974299
0.975919
0.983544
0.990913
0.99537
0.99775
0.998925
0.999487
0.99975
0.999861
0.999897
0.9999
0.999893
0.99986
0.999739
0.999592
0.999304
0.998535
0.99808
0.997655
0.996602
0.995482
0.995003
0.99491
0.994824
0.994181
0.993266
0.993087
0.993189
0.993222
0.992665
0.990413
0.989578
0.989685
0.989835
0.989443
0.986475
0.984284
0.984212
0.986012
0.99203
0.995214
0.995842
0.995529
0.994918
0.994943
0.996081
0.998005
0.999097
0.999627
0.999858
0.999949
0.999983
0.999995
0.999998
1
1
1
1
0.999999
0.999997
0.999988
0.999979
0.999976
0.999975
0.999976
0.999984
0.999992
0.999996
0.999998
0.999999
1
1
1
1
1
1
1
1
1
1
1
1
1
0.999999
0.999999
0.999999
0.999999
0.999999
0.999999
1
1
1
1
1
1
1
1
1
1
1
1
1
1
1
1
1
1
1
1
1
1
1
0.999999
0.999995
0.999976
0.99989
0.999453
0.997024
0.983439
0.972785
0.966453
0.950445
0.944481
0.950414
0.958635
0.957964
0.953417
0.952163
0.954888
0.958661
0.959394
0.959497
1
1
1
1
1
1
1
1
1
1
1
1
1
1
1
1
1
1
1
1
1
1
1
1
1
1
1
1
1
1
0.999998
0.999987
0.999935
0.999735
0.99909
0.99733
0.992892
0.982891
0.966334
0.953187
0.947099
0.946004
0.948157
0.957986
0.966592
0.969737
0.970731
0.972179
0.978438
0.988028
0.994166
0.997377
0.998865
0.999512
0.999789
0.999908
0.999957
0.999977
0.999983
0.999984
0.999983
0.999979
0.999966
0.999935
0.99983
0.999745
0.999681
0.999531
0.999222
0.999054
0.999
0.998949
0.998741
0.99841
0.99829
0.998266
0.998225
0.997901
0.997015
0.996723
0.996753
0.996784
0.996545
0.994914
0.993662
0.993608
0.994569
0.996784
0.997788
0.997961
0.997818
0.997627
0.99766
0.998196
0.999069
0.999573
0.999822
0.999932
0.999976
0.999992
0.999998
0.999999
1
1
1
1
1
0.999998
0.999994
0.99999
0.999989
0.999988
0.999989
0.999993
0.999996
0.999998
0.999999
1
1
1
1
1
1
1
1
1
1
1
1
1
1
1
1
1
1
1
1
1
1
1
1
1
1
1
1
1
1
1
1
1
1
1
1
1
1
1
1
1
1
1
0.999999
0.999996
0.999983
0.999924
0.999615
0.997832
0.987476
0.978955
0.971235
0.950616
0.94156
0.947258
0.957083
0.957146
0.953364
0.952109
0.954301
0.958443
0.959473
0.959828
1
1
1
1
1
1
1
1
1
1
1
1
1
1
1
1
1
1
1
1
1
1
1
1
1
1
1
1
1
1
1
0.999999
0.999992
0.999963
0.999855
0.999519
0.998591
0.996251
0.990918
0.980535
0.970245
0.960417
0.957535
0.960086
0.9659
0.96856
0.970803
0.977758
0.987696
0.994168
0.997484
0.998975
0.999597
0.999844
0.99994
0.999977
0.999991
0.999996
0.999998
0.999998
0.999998
0.999998
0.999998
0.999996
0.999988
0.999981
0.999974
0.999952
0.999913
0.999891
0.99988
0.999863
0.999798
0.999705
0.999666
0.999647
0.999613
0.999453
0.999185
0.999091
0.999078
0.999058
0.99888
0.998244
0.997942
0.997933
0.998207
0.998808
0.999056
0.999076
0.998987
0.998913
0.998933
0.99918
0.999572
0.999802
0.999917
0.999968
0.999989
0.999996
0.999999
1
1
1
1
1
1
0.999999
0.999997
0.999996
0.999995
0.999995
0.999995
0.999997
0.999998
0.999999
1
1
1
1
1
1
1
1
1
1
1
1
1
1
1
1
1
1
1
1
1
1
1
1
1
1
1
1
1
1
1
1
1
1
1
1
1
1
1
1
1
1
1
1
0.999999
0.999997
0.999989
0.999948
0.999735
0.998445
0.990969
0.984313
0.975654
0.950667
0.93728
0.942217
0.95422
0.955859
0.953042
0.951944
0.953495
0.957929
0.95949
0.959939
1
1
1
1
1
1
1
1
1
1
1
1
1
1
1
1
1
1
1
1
1
1
1
1
1
1
1
1
1
1
1
1
0.999999
0.999996
0.999984
0.99994
0.999806
0.999433
0.998451
0.996435
0.992391
0.987382
0.9824
0.978915
0.97915
0.980624
0.985588
0.992426
0.996505
0.998532
0.999423
0.999784
0.999921
0.999972
0.99999
0.999996
0.999999
0.999999
1
1
1
1
1
1
1
0.999999
0.999998
0.999997
0.999995
0.999992
0.999991
0.999988
0.99998
0.999967
0.999959
0.999953
0.99994
0.999885
0.999831
0.999812
0.999802
0.999782
0.999678
0.999497
0.999425
0.999423
0.999489
0.999612
0.999648
0.999639
0.999583
0.999556
0.999564
0.999664
0.999823
0.999917
0.999965
0.999987
0.999995
0.999998
1
1
1
1
1
1
1
1
0.999999
0.999998
0.999998
0.999998
0.999998
0.999999
0.999999
1
1
1
1
1
1
1
1
1
1
1
1
1
1
1
1
1
1
1
1
1
1
1
1
1
1
1
1
1
1
1
1
1
1
1
1
1
1
1
1
1
1
1
1
1
1
0.999998
0.999992
0.999965
0.999816
0.998877
0.993925
0.988846
0.979566
0.950307
0.930575
0.933955
0.948879
0.953735
0.952241
0.951485
0.952613
0.957118
0.959386
0.959969
1
1
1
1
1
1
1
1
1
1
1
1
1
1
1
1
1
1
1
1
1
1
1
1
1
1
1
1
1
1
1
1
1
1
0.999999
0.999995
0.999982
0.999943
0.999834
0.999578
0.999039
0.997783
0.996273
0.995602
0.995655
0.996096
0.997519
0.998809
0.999496
0.9998
0.999925
0.999973
0.99999
0.999997
0.999999
1
1
1
1
1
1
1
1
1
1
1
1
1
1
1
1
0.999999
0.999998
0.999998
0.999997
0.999996
0.999993
0.999984
0.999977
0.999974
0.999971
0.999963
0.999926
0.99989
0.999876
0.999874
0.999885
0.999896
0.999895
0.999882
0.999856
0.999847
0.99985
0.999883
0.999938
0.999971
0.999988
0.999995
0.999998
0.999999
1
1
1
1
1
1
1
1
1
1
0.999999
0.999999
1
1
1
1
1
1
1
1
1
1
1
1
1
1
1
1
1
1
1
1
1
1
1
1
1
1
1
1
1
1
1
1
1
1
1
1
1
1
1
1
1
1
1
1
1
1
1
1
1
0.999999
0.999994
0.999974
0.999867
0.999209
0.996347
0.992261
0.983156
0.950596
0.921348
0.921105
0.939668
0.949855
0.95064
0.950482
0.951668
0.955575
0.95903
0.959913
1
1
1
1
1
1
1
1
1
1
1
1
1
1
1
1
1
1
1
1
1
1
1
1
1
1
1
1
1
1
1
1
1
1
1
1
0.999999
0.999996
0.999989
0.999969
0.999924
0.999788
0.999586
0.99952
0.999532
0.999593
0.999761
0.999887
0.999953
0.999982
0.999994
0.999998
0.999999
1
1
1
1
1
1
1
1
1
1
1
1
1
1
1
1
1
1
1
1
1
1
1
0.999999
0.999999
0.999998
0.999998
0.999997
0.999995
0.999988
0.999983
0.999981
0.99998
0.99998
0.999979
0.999977
0.999968
0.999961
0.999959
0.99996
0.999969
0.999983
0.999992
0.999997
0.999999
1
1
1
1
1
1
1
1
1
1
1
1
1
1
1
1
1
1
1
1
1
1
1
1
1
1
1
1
1
1
1
1
1
1
1
1
1
1
1
1
1
1
1
1
1
1
1
1
1
1
1
1
1
1
1
1
1
1
1
1
1
1
0.999999
0.999998
0.999995
0.999978
0.999895
0.999469
0.998067
0.99484
0.986305
0.952464
0.910102
0.901003
0.924757
0.943531
0.947587
0.94847
0.950102
0.95374
0.958358
0.959583
1
1
1
1
1
1
1
1
1
1
1
1
1
1
1
1
1
1
1
1
1
1
1
1
1
1
1
1
1
1
1
1
1
1
1
1
1
1
1
0.999999
0.999997
0.999989
0.999976
0.999972
0.999973
0.999977
0.999987
0.999994
0.999997
0.999999
1
1
1
1
1
1
1
1
1
1
1
1
1
1
1
1
1
1
1
1
1
1
1
1
1
1
1
1
1
1
1
1
0.999999
0.999998
0.999998
0.999998
0.999998
0.999997
0.999996
0.999994
0.999993
0.999993
0.999993
0.999995
0.999997
0.999999
0.999999
1
1
1
1
1
1
1
1
1
1
1
1
1
1
1
1
1
1
1
1
1
1
1
1
1
1
1
1
1
1
1
1
1
1
1
1
1
1
1
0.999999
0.999999
0.999999
0.999999
0.999999
0.999999
0.999999
0.999999
0.999999
0.999999
0.999999
0.999999
0.999999
0.999999
0.999999
0.999999
0.999999
0.999999
0.999999
1
1
0.999999
0.999999
0.999999
0.999999
0.999998
0.999994
0.999979
0.999914
0.99966
0.998851
0.996616
0.989263
0.957136
0.897281
0.869471
0.898817
0.934819
0.94258
0.944952
0.947474
0.951439
0.957163
0.959294
1
1
1
1
1
1
1
1
1
1
1
1
1
1
1
1
1
1
1
1
1
1
1
1
1
1
1
1
1
1
1
1
1
1
1
1
1
1
1
1
1
1
0.999999
0.999999
0.999999
0.999999
1
1
1
1
1
1
1
1
1
1
1
1
1
1
1
1
1
1
1
1
1
1
1
1
1
1
1
1
1
1
1
1
1
1
1
1
1
1
1
1
1
1
1
1
1
1
1
1
1
1
1
1
1
1
1
1
1
1
1
1
1
1
1
1
1
1
1
1
1
1
1
1
1
1
0.999999
0.999999
0.999999
0.999999
0.999999
0.999998
0.999998
0.999997
0.999997
0.999997
0.999997
0.999998
0.999998
0.999998
0.999998
0.999998
0.999997
0.999997
0.999997
0.999997
0.999997
0.999997
0.999997
0.999997
0.999997
0.999997
0.999997
0.999997
0.999996
0.999996
0.999996
0.999996
0.999997
0.999998
0.999998
0.999999
0.999999
0.999998
0.999998
0.999997
0.999996
0.999995
0.999992
0.999977
0.999921
0.99972
0.999116
0.997401
0.991378
0.964813
0.887426
0.825677
0.851472
0.921617
0.936816
0.939175
0.942605
0.947406
0.954742
0.958675
1
1
1
1
1
1
1
1
1
1
1
1
1
1
1
1
1
1
1
1
1
1
1
1
1
1
1
1
1
1
1
1
1
1
1
1
1
1
1
1
1
1
1
1
1
1
1
1
1
1
1
1
1
1
1
1
1
1
1
1
1
1
1
1
1
1
1
1
1
1
1
1
1
1
1
1
1
1
1
1
1
1
1
1
1
1
1
1
1
1
1
1
1
1
1
1
1
1
1
1
1
1
1
1
1
1
1
1
1
1
1
1
1
1
1
1
1
1
0.999999
0.999997
0.999991
0.99999
0.99999
0.999991
0.999991
0.999989
0.999986
0.999979
0.999979
0.99998
0.999983
0.999985
0.999988
0.99999
0.99999
0.999989
0.999987
0.999986
0.999986
0.999986
0.999988
0.999988
0.999989
0.999991
0.999992
0.999992
0.999992
0.99999
0.999989
0.999988
0.999988
0.999989
0.999991
0.999993
0.999995
0.999995
0.999995
0.999995
0.999993
0.99999
0.99999
0.999989
0.999986
0.999972
0.99992
0.999748
0.99926
0.997897
0.993118
0.972197
0.890556
0.80867
0.803948
0.894748
0.933215
0.934007
0.934827
0.940583
0.950357
0.957166
1
1
1
1
1
1
1
1
1
1
1
1
1
1
1
1
1
1
1
1
1
1
1
1
1
1
1
1
1
1
1
1
1
1
1
1
1
1
1
1
1
1
1
1
1
1
1
1
1
1
1
1
1
1
1
1
1
1
1
1
1
1
1
1
1
1
1
1
1
1
1
1
1
1
1
1
1
1
1
1
1
1
1
1
1
1
1
1
1
1
1
1
1
1
1
1
1
1
1
1
1
1
1
1
1
1
1
1
1
1
1
1
1
1
1
1
1
0.999999
0.999994
0.999968
0.999931
0.999932
0.99994
0.999951
0.999951
0.999944
0.999927
0.999872
0.99987
0.999881
0.999907
0.999933
0.999952
0.999961
0.999961
0.999959
0.999953
0.999948
0.999949
0.999952
0.999958
0.999962
0.999967
0.999974
0.999978
0.999978
0.999978
0.999975
0.999972
0.999971
0.999972
0.999975
0.999979
0.999983
0.999985
0.999987
0.999987
0.999987
0.999984
0.999977
0.999976
0.999976
0.999973
0.999958
0.999902
0.999722
0.999236
0.998023
0.994246
0.978517
0.907422
0.813919
0.79469
0.852707
0.929043
0.932603
0.928487
0.930104
0.941773
0.953407
1
1
1
1
1
1
1
1
1
1
1
1
1
1
1
1
1
1
1
1
1
1
1
1
1
1
1
1
1
1
1
1
1
1
1
1
1
1
1
1
1
1
1
1
1
1
1
1
1
1
1
1
1
1
1
1
1
1
1
1
1
1
1
1
1
1
1
1
1
1
1
1
1
1
1
1
1
1
1
1
1
1
1
1
1
1
1
1
1
1
1
1
1
1
1
1
1
1
1
1
1
0.999999
0.999997
0.999997
0.999997
0.999997
0.999998
0.999999
0.999999
0.999999
0.999999
1
1
1
1
0.999999
0.999998
0.999988
0.999942
0.999754
0.99964
0.999659
0.999728
0.999803
0.999802
0.999759
0.999634
0.999354
0.999367
0.999455
0.999643
0.999772
0.999851
0.999883
0.999883
0.999875
0.999865
0.99983
0.999824
0.999832
0.999851
0.999878
0.999904
0.999926
0.999942
0.999945
0.999944
0.999939
0.999936
0.999936
0.99994
0.999947
0.999953
0.999959
0.999964
0.999967
0.999969
0.999969
0.999965
0.999955
0.999954
0.999954
0.999951
0.999934
0.99987
0.999658
0.99911
0.997913
0.994814
0.983296
0.932832
0.837743
0.798354
0.81662
0.915763
0.932216
0.926958
0.922723
0.927478
0.944586
1
1
1
1
1
1
1
1
1
1
1
1
1
1
1
1
1
1
1
1
1
1
1
1
1
1
1
1
1
1
1
1
1
1
1
1
1
1
1
1
1
1
1
1
1
1
1
1
1
1
1
1
1
1
1
1
1
1
1
1
1
1
1
1
1
1
1
1
1
1
1
1
1
1
1
1
1
1
1
1
1
1
1
1
1
1
1
1
1
1
1
1
1
1
1
1
1
1
1
1
0.999998
0.999989
0.999971
0.999971
0.999974
0.999981
0.999988
0.999992
0.999995
0.999996
0.999998
0.999998
0.999998
0.999998
0.999996
0.999993
0.999982
0.999906
0.999611
0.998863
0.998713
0.99881
0.999129
0.999414
0.999365
0.999053
0.99836
0.998087
0.998137
0.998363
0.998933
0.999402
0.999607
0.999695
0.999691
0.999643
0.999456
0.999133
0.999146
0.999244
0.999453
0.999617
0.999731
0.999808
0.999854
0.999871
0.99987
0.999868
0.999869
0.999876
0.999886
0.999891
0.999896
0.999907
0.999918
0.999926
0.999931
0.999931
0.999927
0.999918
0.999918
0.99992
0.999916
0.999898
0.999833
0.999591
0.998928
0.997734
0.995105
0.986768
0.957268
0.882815
0.81882
0.805931
0.887641
0.931
0.927593
0.920696
0.918471
0.925719
1
1
1
1
1
1
1
1
1
1
1
1
1
1
1
1
1
1
1
1
1
1
1
1
1
1
1
1
1
1
1
1
1
1
1
1
1
1
1
1
1
1
1
1
1
1
1
1
1
1
1
1
1
1
1
1
1
1
1
1
1
1
1
1
1
1
1
1
1
1
1
1
1
1
1
1
1
1
1
1
1
1
1
1
1
1
1
1
1
1
1
1
1
1
1
1
1
1
0.999999
0.999995
0.999971
0.999871
0.999795
0.999803
0.999838
0.999895
0.999936
0.999963
0.999977
0.999985
0.99999
0.999991
0.99999
0.999982
0.999961
0.999948
0.99989
0.999443
0.998235
0.998058
0.997988
0.998043
0.998496
0.998808
0.99791
0.997609
0.997694
0.997702
0.997742
0.997895
0.998312
0.998833
0.999355
0.999442
0.999251
0.998294
0.996944
0.996722
0.996876
0.997287
0.998174
0.998911
0.999316
0.999543
0.999665
0.999714
0.99972
0.99972
0.999728
0.99975
0.999766
0.999775
0.999791
0.999821
0.99984
0.99985
0.999862
0.999867
0.999864
0.99986
0.999863
0.999868
0.999864
0.999843
0.999769
0.999473
0.998493
0.99726
0.994945
0.988975
0.973177
0.941178
0.86601
0.805981
0.84959
0.925518
0.929254
0.920874
0.915975
0.915131
1
1
1
1
1
1
1
1
1
1
1
1
1
1
1
1
1
1
1
1
1
1
1
1
1
1
1
1
1
1
1
1
1
1
1
1
1
1
1
1
1
1
1
1
1
1
1
1
1
1
1
1
1
1
1
1
1
1
1
1
1
1
1
1
1
1
1
1
1
1
1
1
1
1
1
1
1
1
1
1
1
1
1
1
1
1
1
1
1
1
1
1
1
1
1
1
1
1
0.999992
0.999935
0.99971
0.999125
0.999009
0.999079
0.999283
0.999564
0.999756
0.999863
0.999916
0.999954
0.999968
0.999963
0.999941
0.999829
0.999741
0.99973
0.999445
0.997608
0.997631
0.997983
0.997941
0.998225
0.998763
0.996302
0.995852
0.997461
0.997898
0.997751
0.997768
0.997935
0.99835
0.998943
0.999159
0.99825
0.996661
0.996251
0.99599
0.995982
0.996056
0.996274
0.996784
0.997617
0.998406
0.998912
0.999161
0.999284
0.999389
0.999491
0.999563
0.999602
0.999619
0.999637
0.999677
0.999723
0.999745
0.999751
0.999766
0.999775
0.999771
0.999763
0.999769
0.999773
0.999764
0.999729
0.999624
0.999195
0.997426
0.995808
0.994034
0.989847
0.979746
0.968828
0.935204
0.818439
0.80605
0.905684
0.928769
0.925886
0.916054
0.912834
1
1
1
1
1
1
1
1
1
1
1
1
1
1
1
1
1
1
1
1
1
1
1
1
1
1
1
1
1
1
1
1
1
1
1
1
1
1
1
1
1
1
1
1
1
1
1
1
1
1
1
1
1
1
1
1
1
1
1
1
1
1
1
1
1
1
1
1
1
1
1
1
1
1
1
1
1
1
1
1
1
1
1
1
1
1
1
1
1
1
1
1
1
1
1
1
1
0.999993
0.999904
0.999419
0.997856
0.997874
0.998194
0.998492
0.998891
0.999287
0.999577
0.999747
0.999882
0.999924
0.999899
0.999777
0.999559
0.99871
0.998787
0.999011
0.996683
0.996731
0.997365
0.997951
0.998293
0.998052
0.996742
0.993749
0.995277
0.997505
0.998004
0.998117
0.998137
0.998307
0.998604
0.998816
0.996609
0.995718
0.996579
0.996615
0.996141
0.99595
0.995976
0.996124
0.996571
0.997386
0.998057
0.998531
0.998852
0.999074
0.999244
0.999344
0.999366
0.999375
0.999393
0.999427
0.999503
0.999558
0.999575
0.999584
0.999601
0.999614
0.999602
0.999556
0.999563
0.999567
0.999531
0.999427
0.999209
0.998484
0.995724
0.993521
0.992221
0.988525
0.982498
0.976516
0.95719
0.843003
0.754436
0.852691
0.920387
0.927252
0.922483
0.913757
1
1
1
1
1
1
1
1
1
1
1
1
1
1
1
1
1
1
1
1
1
1
1
1
1
1
1
1
1
1
1
1
1
1
1
1
1
1
1
1
1
1
1
1
1
1
1
1
1
1
1
1
1
1
1
1
1
1
1
1
1
1
1
1
1
1
1
1
1
1
1
1
1
1
1
1
1
1
1
1
1
1
1
1
1
1
1
1
1
1
1
1
1
1
1
1
0.999994
0.999888
0.99912
0.996221
0.996404
0.997642
0.998817
0.999232
0.999382
0.999573
0.999766
0.999904
0.99995
0.999776
0.999139
0.998165
0.997229
0.994461
0.994864
0.996664
0.995937
0.995455
0.995355
0.996115
0.996603
0.995391
0.990945
0.98831
0.989727
0.995949
0.997667
0.998138
0.998249
0.998265
0.998191
0.997209
0.99524
0.996284
0.996664
0.996732
0.996269
0.996066
0.996062
0.996246
0.996771
0.997524
0.99812
0.998554
0.998855
0.999092
0.999208
0.999175
0.998635
0.998142
0.998221
0.99838
0.998642
0.99874
0.998734
0.998745
0.998794
0.998831
0.998739
0.998281
0.998266
0.998157
0.997405
0.997049
0.996895
0.995934
0.992024
0.989761
0.989128
0.986652
0.983397
0.977783
0.961447
0.858961
0.692087
0.747099
0.884787
0.91797
0.923667
0.918657
1
1
1
1
1
1
1
1
1
1
1
1
1
1
1
1
1
1
1
1
1
1
1
1
1
1
1
1
1
1
1
1
1
1
1
1
1
1
1
1
1
1
1
1
1
1
1
1
1
1
1
1
1
1
1
1
1
1
1
1
1
1
1
1
1
1
1
1
1
1
1
1
1
1
1
1
1
1
1
1
1
1
1
1
1
1
1
1
1
1
1
1
1
1
1
0.999997
0.999849
0.998653
0.994053
0.993877
0.996235
0.997711
0.998877
0.999796
0.999905
0.999937
0.999935
0.999686
0.99807
0.995075
0.994783
0.994665
0.994461
0.993316
0.993276
0.994005
0.993789
0.992635
0.991907
0.990897
0.988473
0.984681
0.978434
0.975486
0.975159
0.98848
0.994114
0.996094
0.996649
0.996277
0.995153
0.993295
0.992445
0.993902
0.995827
0.996855
0.997065
0.996749
0.996642
0.996892
0.997443
0.997974
0.998425
0.998772
0.999014
0.999096
0.998775
0.9958
0.984294
0.978459
0.978915
0.980475
0.98412
0.986221
0.986863
0.98762
0.989502
0.990817
0.990158
0.986692
0.98498
0.984619
0.982548
0.975792
0.972947
0.972505
0.972002
0.974259
0.981132
0.981569
0.978081
0.965644
0.949898
0.86772
0.627453
0.592379
0.767008
0.866935
0.9003
0.90974
1
1
1
1
1
1
1
1
1
1
1
1
1
1
1
1
1
1
1
1
1
1
1
1
1
1
1
1
1
1
1
1
1
1
1
1
1
1
1
1
1
1
1
1
1
1
1
1
1
1
1
1
1
1
1
1
1
1
1
1
1
1
1
1
1
1
1
1
1
1
1
1
1
1
1
1
1
1
1
1
1
1
0.999999
0.999999
1
1
1
1
1
1
1
1
1
1
0.999994
0.999769
0.996096
0.988457
0.989407
0.993151
0.993075
0.992876
0.993623
0.995315
0.996524
0.996955
0.997058
0.996766
0.995883
0.994941
0.994479
0.994005
0.993463
0.992175
0.99161
0.991729
0.991374
0.991179
0.990989
0.989261
0.984684
0.979432
0.96959
0.958671
0.955316
0.960188
0.9773
0.98381
0.986335
0.986439
0.98371
0.980414
0.97823
0.979992
0.986384
0.992825
0.99659
0.998216
0.99816
0.998297
0.998491
0.99868
0.998849
0.998883
0.998375
0.994559
0.972527
0.907534
0.873965
0.871371
0.881138
0.907134
0.917984
0.918289
0.913584
0.911829
0.91572
0.922557
0.921245
0.915633
0.907516
0.893108
0.882619
0.882523
0.892446
0.921202
0.942977
0.95925
0.968091
0.967688
0.929764
0.856585
0.854591
0.798091
0.573248
0.450217
0.519277
0.68099
0.764706
0.805502
1
1
1
1
1
1
1
1
1
1
1
1
1
1
1
1
1
1
1
1
1
1
1
1
1
1
1
1
1
1
1
1
1
1
1
1
1
1
1
1
1
1
1
1
1
1
1
1
1
1
1
1
1
1
1
1
1
1
1
1
1
1
1
1
1
1
1
1
1
1
1
1
1
1
1
1
1
1
1
1
1
1
0.999999
0.999999
0.999998
0.999997
0.999996
0.999994
0.999992
0.999986
0.999974
0.999942
0.99985
0.999527
0.998132
0.991981
0.984894
0.984249
0.987202
0.990571
0.990931
0.990615
0.990737
0.991481
0.992917
0.9941
0.994472
0.994602
0.994624
0.994555
0.994332
0.994259
0.99429
0.993578
0.992564
0.991349
0.990637
0.990758
0.990937
0.990142
0.988545
0.985584
0.981824
0.978228
0.94859
0.941115
0.94222
0.946185
0.949214
0.950606
0.949932
0.949507
0.952984
0.957502
0.961405
0.964394
0.966468
0.968218
0.969683
0.967653
0.961859
0.951183
0.932459
0.90922
0.874609
0.839149
0.823522
0.821819
0.82773
0.842992
0.854137
0.862504
0.868267
0.872844
0.883035
0.896979
0.904303
0.904446
0.892218
0.822842
0.783923
0.786681
0.805944
0.825851
0.844354
0.861615
0.877634
0.890175
0.891447
0.869072
0.73851
0.550285
0.527173
0.516631
0.452598
0.391768
0.408036
0.48342
0.518639
0.565571
0.520594
0.501478
0.522796
0.590469
0.634909
0.658063
0.667304
0.669233
0.66836
0.663708
0.652181
0.643863
0.642238
0.643417
0.648516
0.653567
0.659327
0.654051
0.636997
0.605354
0.555322
0.50483
0.423974
0.372226
0.27246
0.923723
0.864828
0.737199
0.684689
0.694237
0.759461
0.800499
0.808001
0.806287
0.804738
0.810743
0.832735
0.864253
0.896641
0.923549
0.939542
0.94344
0.945294
0.943717
0.944329
0.939702
0.939705
0.925353
0.921396
0.888315
0.956218
0.954813
0.941292
0.877924
0.836666
0.836774
0.861267
0.883036
0.892243
0.899566
0.90927
0.921153
0.932862
0.942409
0.949457
0.954701
0.958693
0.960257
0.960028
0.957465
0.954886
0.953023
0.950512
0.949252
0.943449
0.955782
0.958533
0.958414
0.949597
0.903615
0.878499
0.880236
0.897738
0.913828
0.9246
0.934413
0.94348
0.951046
0.957908
0.964313
0.969428
0.972834
0.975289
0.976578
0.975907
0.970563
0.963367
0.957528
0.955447
0.951389
0.951137
0.95634
0.960042
0.959406
0.94755
0.909147
0.897416
0.900518
0.914714
0.928068
0.938622
0.947422
0.955303
0.962272
0.967692
0.971303
0.973736
0.97663
0.979808
0.982382
0.983425
0.98222
0.974954
0.969478
0.959331
0.950558
0.954263
0.959828
0.961502
0.959243
0.940089
0.913193
0.908771
0.913628
0.92717
0.93829
0.947253
0.955022
0.960867
0.963179
0.962713
0.963327
0.967946
0.975093
0.981339
0.984994
0.986619
0.986159
0.984051
0.974028
0.9527
0.955091
0.959423
0.962663
0.962564
0.956883
0.931418
0.916302
0.916258
0.924076
0.935715
0.944773
0.951256
0.952556
0.947444
0.94117
0.940654
0.947777
0.960961
0.973968
0.982914
0.987229
0.988662
0.988522
0.984502
0.955366
0.95877
0.960826
0.963778
0.964453
0.962711
0.949379
0.925917
0.917514
0.919377
0.927012
0.936259
0.938213
0.933194
0.922015
0.913444
0.91276
0.9224
0.940899
0.96088
0.976685
0.985694
0.989349
0.990179
0.988607
0.960108
0.96299
0.963631
0.964645
0.965663
0.965179
0.959289
0.939569
0.92118
0.907247
0.907366
0.913061
0.91579
0.909726
0.894164
0.884328
0.884661
0.896753
0.919096
0.94476
0.967091
0.981729
0.988812
0.991223
0.990538
0.964694
0.964992
0.964998
0.965101
0.96606
0.96624
0.963916
0.953426
0.927694
0.898136
0.886623
0.888075
0.888413
0.879127
0.863949
0.857651
0.860219
0.873665
0.89818
0.927925
0.955571
0.975622
0.986804
0.991569
0.991885
0.966317
0.965597
0.965184
0.965175
0.965784
0.966794
0.966009
0.960324
0.938548
0.894656
0.871043
0.867451
0.864102
0.85386
0.844995
0.842713
0.844884
0.854748
0.879467
0.912179
0.94374
0.968304
0.983461
0.990994
0.992511
0.965146
0.964524
0.964184
0.964214
0.964709
0.96657
0.966668
0.963875
0.948001
0.897332
0.861347
0.85174
0.846485
0.839841
0.836922
0.836947
0.838464
0.843604
0.862571
0.897902
0.932598
0.960715
0.979359
0.989636
0.992621
0.963117
0.964184
0.964208
0.964153
0.964251
0.965684
0.966768
0.965466
0.953992
0.902598
0.856178
0.841183
0.835934
0.833462
0.833907
0.834781
0.835998
0.839284
0.850496
0.884352
0.922458
0.953451
0.974934
0.987686
0.992444
0.9662
0.968369
0.968572
0.967444
0.965233
0.965447
0.966647
0.966137
0.957869
0.910174
0.854018
0.834839
0.830498
0.830832
0.833064
0.83412
0.835328
0.837973
0.845104
0.871665
0.913102
0.946862
0.970684
0.985398
0.991941
0.96809
0.969693
0.970718
0.970563
0.968247
0.96624
0.96671
0.966462
0.960314
0.917328
0.854734
0.831778
0.828
0.829979
0.833004
0.834078
0.835325
0.837804
0.843291
0.861665
0.904175
0.940778
0.96679
0.983139
0.991324
0.966914
0.968044
0.970232
0.971175
0.970709
0.967939
0.967103
0.966757
0.962042
0.924404
0.856421
0.83074
0.827096
0.829881
0.833202
0.834661
0.836289
0.8385
0.843045
0.855419
0.894908
0.935066
0.963242
0.981017
0.990713
0.96131
0.962852
0.966989
0.970412
0.971053
0.969915
0.96794
0.967207
0.963185
0.930944
0.859233
0.830852
0.826976
0.830116
0.833969
0.836564
0.839044
0.840948
0.843968
0.852854
0.885838
0.9295
0.959976
0.979085
0.990201
0.958084
0.958789
0.960861
0.967475
0.970646
0.970679
0.96913
0.967874
0.964168
0.936315
0.862868
0.831298
0.827083
0.83084
0.836113
0.841147
0.843965
0.844993
0.846511
0.852542
0.87812
0.924123
0.956933
0.977277
0.989783
0.957192
0.957567
0.958474
0.962343
0.969175
0.97069
0.970241
0.9688
0.96498
0.940602
0.867379
0.832226
0.827554
0.831978
0.841379
0.850429
0.851862
0.850106
0.850133
0.853498
0.872161
0.918901
0.95413
0.97559
0.989423
0.95668
0.957014
0.957584
0.959317
0.966142
0.970285
0.970578
0.969717
0.966077
0.944298
0.872287
0.833697
0.828438
0.834355
0.852381
0.864885
0.864418
0.856473
0.854023
0.855678
0.869022
0.913348
0.951556
0.974079
0.989096
0.955743
0.956428
0.956991
0.958127
0.96282
0.969278
0.970718
0.970304
0.967183
0.947658
0.877214
0.835228
0.829685
0.84008
0.86793
0.881612
0.8796
0.865315
0.858143
0.858515
0.868191
0.908117
0.949174
0.972746
0.988806
0.955138
0.955847
0.956461
0.957379
0.960308
0.967773
0.970612
0.970631
0.968173
0.950736
0.882203
0.83708
0.832275
0.850187
0.882664
0.894838
0.892992
0.876047
0.862914
0.861648
0.868456
0.903648
0.947035
0.97162
0.988565
0.954953
0.95553
0.956113
0.956858
0.958871
0.965776
0.970313
0.97084
0.968957
0.953529
0.887125
0.839642
0.836626
0.861477
0.892843
0.901919
0.901147
0.886961
0.868308
0.864688
0.869515
0.900077
0.945168
0.970726
0.988383
0.954768
0.955288
0.955931
0.956548
0.958019
0.963797
0.969772
0.970966
0.969548
0.955994
0.891946
0.843089
0.841904
0.871269
0.898733
0.905355
0.905181
0.895939
0.873999
0.86765
0.871029
0.897413
0.943578
0.970072
0.988279
0.954524
0.954777
0.955639
0.956322
0.957537
0.962086
0.968984
0.971014
0.970016
0.958157
0.896543
0.847368
0.847555
0.878854
0.902267
0.90741
0.9075
0.901907
0.880174
0.870619
0.872815
0.895514
0.942299
0.969611
0.988236
0.954342
0.954418
0.955056
0.956039
0.957181
0.960783
0.968218
0.970991
0.970367
0.959996
0.901249
0.85227
0.85322
0.884581
0.904215
0.908587
0.909079
0.905663
0.886361
0.873641
0.874799
0.894414
0.941292
0.969349
0.988255
0.954111
0.954084
0.954516
0.955721
0.956847
0.959807
0.967347
0.97093
0.970609
0.961531
0.905774
0.857408
0.858761
0.888533
0.904405
0.908735
0.91031
0.90828
0.892003
0.876668
0.876916
0.894205
0.94057
0.969246
0.98832
0.954071
0.953977
0.954206
0.955402
0.956534
0.959054
0.966377
0.970793
0.970796
0.963015
0.910949
0.8633
0.864377
0.89088
0.902814
0.907459
0.91151
0.910584
0.897416
0.879897
0.879261
0.894482
0.940082
0.969335
0.988484
0.954128
0.95404
0.954271
0.955478
0.956541
0.958638
0.965297
0.970572
0.970898
0.96429
0.916414
0.86964
0.869776
0.891821
0.898726
0.90391
0.912443
0.912665
0.902401
0.883181
0.881699
0.895251
0.939878
0.9697
0.988772
0.954479
0.954609
0.955058
0.95594
0.956705
0.958462
0.964515
0.970294
0.97097
0.965334
0.921726
0.875641
0.874675
0.891672
0.895335
0.900562
0.913178
0.914724
0.906515
0.886179
0.883972
0.896618
0.940439
0.970371
0.989132
0.955126
0.956469
0.957365
0.957125
0.957199
0.958457
0.963823
0.970115
0.970997
0.966194
0.927145
0.881798
0.879241
0.890215
0.892652
0.898207
0.913835
0.916864
0.909901
0.889042
0.886103
0.898154
0.94139
0.971328
0.98963
0.956037
0.958941
0.959474
0.958828
0.95812
0.958696
0.963243
0.969788
0.97098
0.966909
0.932362
0.887291
0.882801
0.888546
0.890865
0.896913
0.9147
0.919077
0.912777
0.891613
0.888197
0.900112
0.942949
0.972439
0.990143
0.957232
0.960884
0.961089
0.96032
0.959069
0.959242
0.962872
0.969541
0.970923
0.967419
0.937027
0.892887
0.88613
0.888557
0.890343
0.896396
0.915799
0.921341
0.915305
0.89376
0.890083
0.902197
0.94503
0.973905
0.990798
0.9583
0.962035
0.962211
0.961472
0.959951
0.95992
0.962729
0.969401
0.970857
0.967918
0.94189
0.899057
0.888944
0.88908
0.890289
0.896594
0.917584
0.923723
0.917537
0.895482
0.89186
0.904536
0.94745
0.975423
0.991455
0.958864
0.962698
0.962901
0.962262
0.96071
0.960559
0.962856
0.969143
0.970707
0.968209
0.946346
0.904492
0.891382
0.889963
0.890783
0.897776
0.920055
0.926171
0.919373
0.896747
0.893521
0.907223
0.950442
0.977219
0.992197
0.959094
0.962915
0.963204
0.962715
0.961377
0.961192
0.963132
0.96901
0.970537
0.968448
0.950543
0.910629
0.894595
0.890998
0.891783
0.899888
0.923143
0.928662
0.920714
0.897575
0.895048
0.910203
0.953614
0.979029
0.992933
0.959094
0.962503
0.963243
0.96294
0.96193
0.961769
0.963498
0.968972
0.97039
0.968612
0.954222
0.917174
0.897828
0.892343
0.893348
0.903109
0.926643
0.931111
0.921453
0.898161
0.896508
0.913852
0.95721
0.980981
0.993691
0.959143
0.96194
0.963151
0.963054
0.962493
0.962363
0.963999
0.968845
0.970022
0.968552
0.957214
0.923733
0.901175
0.894446
0.895791
0.907609
0.930262
0.93342
0.921162
0.898397
0.897812
0.918191
0.960813
0.982922
0.994418
0.959394
0.961176
0.962989
0.963126
0.962921
0.962922
0.964443
0.968818
0.9697
0.968408
0.959673
0.930958
0.905348
0.897375
0.899043
0.913227
0.933963
0.935469
0.919616
0.898354
0.899064
0.923538
0.964617
0.984896
0.995119
0.960138
0.960927
0.962707
0.963149
0.963128
0.963261
0.965099
0.968784
0.969349
0.968206
0.961526
0.937173
0.909145
0.900869
0.903136
0.919912
0.937449
0.936945
0.91653
0.897974
0.900495
0.929767
0.968614
0.986845
0.995777
0.960371
0.961165
0.962456
0.963143
0.963343
0.963664
0.966088
0.968546
0.968713
0.967785
0.962658
0.942941
0.91343
0.905421
0.908472
0.927361
0.940498
0.937494
0.911832
0.897356
0.902472
0.93711
0.972813
0.988786
0.996409
0.96044
0.961397
0.962469
0.963302
0.96385
0.964648
0.966795
0.968216
0.968189
0.967271
0.963392
0.948466
0.918148
0.910988
0.915118
0.935054
0.942609
0.935616
0.905731
0.896669
0.905592
0.945635
0.977089
0.990668
0.997004
0.960324
0.961323
0.962644
0.963624
0.964538
0.965518
0.966951
0.96784
0.967749
0.96682
0.963391
0.95075
0.922042
0.917106
0.922996
0.94147
0.943577
0.929577
0.899772
0.89616
0.910885
0.954801
0.98121
0.992437
0.997557
0.959959
0.960647
0.962256
0.963789
0.964704
0.965725
0.966753
0.967068
0.966913
0.966001
0.963085
0.950554
0.925654
0.923405
0.931846
0.944914
0.943135
0.918615
0.895325
0.895836
0.920002
0.962877
0.984873
0.99399
0.998042
0.95978
0.960129
0.961033
0.963209
0.964546
0.965406
0.965889
0.965845
0.965553
0.9647
0.962278
0.949388
0.929788
0.929495
0.939769
0.946504
0.939148
0.905613
0.892106
0.897223
0.932079
0.970264
0.988202
0.995389
0.998484
0.959495
0.959912
0.960179
0.96136
0.963333
0.964284
0.964669
0.964809
0.964536
0.963727
0.961076
0.946815
0.934027
0.935143
0.945745
0.94676
0.928112
0.895254
0.890705
0.902328
0.945755
0.976559
0.990529
0.996227
0.998727
0.958954
0.959746
0.959849
0.960172
0.961259
0.962487
0.963239
0.963553
0.96348
0.962546
0.958788
0.94418
0.937802
0.941056
0.949158
0.944669
0.911688
0.890377
0.891196
0.914502
0.955657
0.979326
0.991269
0.996433
0.998767
0.957357
0.959565
0.959721
0.959737
0.959982
0.960668
0.961295
0.9616
0.961396
0.959988
0.953876
0.943254
0.941248
0.94736
0.950342
0.936304
0.897837
0.888964
0.896033
0.928084
0.959175
0.979863
0.991049
0.996102
0.998542
0.953008
0.958886
0.959618
0.959641
0.959488
0.95949
0.959577
0.959466
0.958677
0.956371
0.950462
0.944363
0.94588
0.952183
0.949892
0.919247
0.892126
0.891456
0.907938
0.934362
0.957024
0.975613
0.987752
0.993993
0.997497
0.942394
0.956147
0.959176
0.959524
0.95944
0.95913
0.958801
0.958254
0.957127
0.954667
0.950116
0.948698
0.952372
0.954014
0.943401
0.902846
0.892128
0.899693
0.917465
0.927346
0.93986
0.960062
0.977813
0.988096
0.994519
0.921551
0.946043
0.956818
0.959065
0.959281
0.959112
0.958701
0.958098
0.956992
0.95487
0.952957
0.95437
0.955758
0.953454
0.924209
0.895806
0.897744
0.911305
0.905956
0.896981
0.901532
0.921065
0.954943
0.97483
0.987363
0.912527
0.919546
0.944858
0.955768
0.958286
0.958688
0.958586
0.958129
0.95747
0.95675
0.956644
0.956699
0.955869
0.944216
0.903112
0.897498
0.907573
0.90543
0.858758
0.816849
0.823351
0.859444
0.919184
0.952138
0.973293
0.910397
0.909653
0.914664
0.934112
0.950433
0.954989
0.956483
0.956822
0.956707
0.956422
0.95627
0.955508
0.949658
0.914194
0.897069
0.905855
0.906648
0.870962
0.721147
0.670784
0.68928
0.776646
0.874193
0.91912
0.952727
0.911121
0.908223
0.906402
0.908363
0.918142
0.930935
0.939742
0.943692
0.945277
0.94573
0.944913
0.939674
0.916243
0.897603
0.904617
0.909953
0.878503
0.700248
0.480389
0.469097
0.549888
0.726441
0.837375
0.885707
0.930824
0.907096
0.914473
0.908872
0.906596
0.905948
0.907526
0.909899
0.911529
0.912295
0.912092
0.910617
0.905796
0.900045
0.907883
0.916239
0.881383
0.678031
0.310075
0.242439
0.305852
0.533669
0.687111
0.763391
0.81007
0.823446
0.817711
0.882057
0.908493
0.920545
0.924715
0.916997
0.915429
0.914581
0.913634
0.913112
0.912561
0.912657
0.91846
0.921396
0.847742
0.530027
0.170545
0.0894798
0.135721
0.205486
0.222807
0.218889
0.19912
0.1809
0.162529
0.594921
0.649791
0.675686
0.716291
0.737751
0.762442
0.772064
0.775551
0.775703
0.769302
0.757363
0.728497
0.625787
0.326286
0.134212
0.0448306
0.0117046
0.00271382
0.000857965
0.000467365
0.000416585
0.000834353
0.00108072
0.000486321
0.00195764
)
;

boundaryField
{
    inlet
    {
        type            fixedValue;
        value           uniform 1;
    }
    outlet
    {
        type            inletOutlet;
        inletValue      uniform 0;
        value           nonuniform List<scalar> 
57
(
0.27246
0.888315
0.943449
0.951389
0.959331
0.974028
0.984502
0.988607
0.990538
0.991885
0.992511
0.992621
0.992444
0.991941
0.991324
0.990713
0.990201
0.989783
0.989423
0.989096
0.988806
0.988565
0.988383
0.988279
0.988236
0.988255
0.98832
0.988484
0.988772
0.989132
0.98963
0.990143
0.990798
0.991455
0.992197
0.992933
0.993691
0.994418
0.995119
0.995777
0.996409
0.997004
0.997557
0.998042
0.998484
0.998727
0.998767
0.998542
0.997497
0.994519
0.987363
0.973293
0.952727
0.930824
0.823446
0.162529
0.00195764
)
;
    }
    upperWall
    {
        type            zeroGradient;
    }
    lowerWall
    {
        type            zeroGradient;
    }
    frontAndBack
    {
        type            empty;
    }
}


// ************************************************************************* //
