/*--------------------------------*- C++ -*----------------------------------*\
| =========                 |                                                 |
| \\      /  F ield         | OpenFOAM: The Open Source CFD Toolbox           |
|  \\    /   O peration     | Version:  2112                                  |
|   \\  /    A nd           | Website:  www.openfoam.com                      |
|    \\/     M anipulation  |                                                 |
\*---------------------------------------------------------------------------*/
FoamFile
{
    version     2.0;
    format      ascii;
    arch        "LSB;label=32;scalar=64";
    class       volScalarField;
    location    "0.13";
    object      nut;
}
// * * * * * * * * * * * * * * * * * * * * * * * * * * * * * * * * * * * * * //

dimensions      [0 2 -1 0 0 0 0];

internalField   nonuniform List<scalar> 
12225
(
2.82823e-08
0
0
0
0
0
0
0
0
0
0
0
0
0
0
0
0
0
3.891e-08
0
0
0
0
0
0
0
0
0
0
0
0
0
0
0
0
0
7.58427e-08
0
0
0
0
0
0
0
0
0
0
0
0
1.53177e-08
0
0
0
0
1.66331e-05
2.15269e-06
6.51773e-07
2.1425e-07
8.31508e-08
5.08339e-08
2.13714e-08
4.39524e-09
0
0
0
0
0
0
0
0
0
0
0
0
3.20364e-05
0
0
0
8.86793e-06
1.38124e-05
2.28529e-05
2.85582e-05
0
0
0
0
0
0
0
9.96345e-08
0
0
1.72226e-05
0
0
0
8.75829e-07
7.4527e-06
1.14586e-05
1.37022e-05
1.65887e-05
1.98007e-05
0
0
0
0
0
2.19e-06
1.19705e-05
0
0
0
0
0
0
9.47523e-06
1.22131e-05
9.53412e-06
1.08338e-05
1.87867e-05
4.70096e-06
0
0
0
0
0
0.00016219
1.59647e-05
0
0
0
0
0
4.66808e-06
6.85591e-06
5.20838e-06
4.23649e-06
1.1444e-05
0
0
0
0
0
1.50331e-05
0.000183769
2.20998e-05
0
0
0
0
0
0
2.36229e-06
0
0
0
0
0
0
0
2.1894e-05
3.40189e-05
7.39005e-05
0
0
0
0
0
0
0
0
0
0
0
0
0
0
6.21576e-06
1.40111e-05
9.09198e-06
0
0
0
0
1.9455e-05
2.59218e-06
0
0
0
0
0
0
2.90673e-06
1.61034e-05
1.28874e-05
9.11328e-06
6.28656e-06
4.64422e-06
4.89411e-05
0
0
1.68734e-05
3.54207e-05
1.03843e-05
0
0
0
0
0
0
3.03048e-05
2.87002e-05
1.78877e-05
9.35177e-06
4.49202e-06
3.04432e-06
6.00785e-05
5.50595e-05
2.49589e-05
3.80884e-05
7.61638e-05
0
0
0
0
0
0
4.66095e-06
1.74115e-05
1.72753e-05
1.22857e-05
7.54942e-06
7.25662e-06
8.26338e-06
6.82972e-05
5.04555e-05
2.03824e-05
2.38619e-05
7.63214e-05
0
0
0
0
0
0
2.30276e-05
2.96035e-05
1.05795e-05
0
0
0
2.03372e-05
4.58266e-05
4.53693e-05
2.34877e-05
3.03376e-05
7.14017e-05
0
0
0
0
0
0
1.04814e-05
1.9632e-05
1.87042e-05
1.71012e-05
1.902e-05
1.95608e-05
1.80733e-05
5.06495e-05
5.5603e-05
0
0
1.60663e-05
1.6876e-05
0
0
0
0
0
1.57037e-05
6.47406e-05
0.000114213
0.000114491
7.7006e-05
4.87986e-05
3.54803e-05
7.7998e-06
0
0
0
0
0
0
1.31987e-05
0
0
0
5.66684e-05
0.000197679
0.000280926
0.000222177
0.000157496
0.000119097
9.34073e-05
5.70236e-05
6.2652e-05
0
0
0
0
7.87002e-05
0.000140787
8.0454e-05
3.74262e-05
1.48439e-05
2.17965e-05
8.2182e-05
5.40131e-05
2.81532e-05
2.08253e-05
1.78759e-05
1.53234e-05
0
0
0
0
0
2.59484e-05
7.40639e-05
0.000102015
0.00010573
7.69376e-05
1.10273e-05
0
1.77588e-05
2.40077e-05
1.17464e-05
0
0
0
0
0
0
0
0
0
0
0
0
0
0
8.56648e-06
3.14382e-05
3.86537e-05
3.29317e-05
1.22258e-05
0
0
4.43823e-06
2.01614e-05
0
0
0
0
0
0
0
0
0
0
9.52562e-06
3.3722e-05
3.74244e-05
2.577e-05
8.65024e-06
1.10607e-05
0
3.00991e-05
0
0
0
2.44472e-05
0
0
0
0
0
0
0
3.36321e-07
2.40889e-05
3.64386e-05
4.40847e-05
4.69383e-05
0
0
0
4.37319e-06
0.000150834
0.000113442
0
0
0
0
0
0
0
0
2.38017e-05
4.73637e-05
4.94894e-05
4.61201e-05
0
0
0
0
2.98614e-05
1.40408e-05
0
0
0
0
0
0
0
0
0
7.3216e-06
1.94338e-05
1.90408e-05
3.58948e-05
0
0
0
0
2.95018e-06
0
0
0
0
0
0
0
0
0
0
0
0
2.21969e-05
0
0
0
2.49607e-05
3.19816e-05
0
0
0
0
4.71288e-06
1.51098e-05
8.42102e-06
0
0
0
0
0
0
0
0
6.37262e-07
2.55333e-06
1.82437e-06
8.90569e-07
7.86963e-07
6.67469e-07
3.25424e-07
1.17106e-07
5.41917e-08
5.30566e-08
6.09229e-08
6.63059e-08
7.20114e-08
7.26732e-08
7.37576e-08
1.36435e-07
0
0
0
0
0
0
1.9778e-11
3.68466e-09
0
0
0
0
6.48049e-09
1.87016e-08
2.70884e-08
2.93213e-08
2.58428e-08
1.18552e-07
0
0
0
0
0
0
0
0
0
0
0
0
0
0
0
0
0
1.03722e-07
0
0
0
0
0
0
0
0
0
0
0
0
0
0
0
0
0
0
0
2.12076e-06
6.83544e-06
8.92736e-06
7.2492e-06
3.69496e-06
3.82861e-07
0
0
0
0
0
4.86969e-07
1.55554e-06
2.41281e-06
3.1791e-06
4.01677e-06
4.62568e-06
4.79334e-06
4.87682e-06
3.74406e-06
1.2453e-07
0
0
3.57691e-06
1.86075e-05
2.94063e-05
2.42813e-05
1.03998e-05
0
0
0
0
0
0
0
0
0
0
0
0
0
0
1.92841e-06
0.000126989
0.000105286
4.84988e-05
1.79996e-05
6.48975e-06
2.69938e-06
7.28316e-07
1.99951e-07
0
0
0
0
0
0
0
0
0
0
0
0
0
0
0
0
1.61145e-07
3.55452e-07
5.20326e-07
6.45513e-07
7.28882e-07
7.7071e-07
7.73883e-07
7.43115e-07
6.85256e-07
6.06561e-07
5.13837e-07
4.11753e-07
3.06068e-07
1.99349e-07
9.16396e-08
0
0
0
0
0
0
0
0
0
0
0
0
0
0
0
0
0
0
0
0
0
0
0
0
0
0
0
0
0
0
0
0
0
0
0
0
0
0
0
0
0
0
0
0
0
0
0
0
0
0
0
0
5.96021e-07
5.97649e-07
3.61197e-08
0
0
0
0
0
3.87513e-06
1.61639e-05
6.813e-05
0.000138146
5.65154e-05
1.02076e-05
2.52488e-06
1.15028e-06
6.63052e-07
3.53074e-07
9.61119e-08
0
0
0
0
0
0
0
0
0
0
0
0
0
0
0
0
0
0
0
0
0
0
0
0
0
1.61444e-05
1.89014e-06
4.09121e-06
8.90411e-06
1.34667e-05
1.59004e-05
1.50266e-05
1.08677e-05
5.35037e-06
8.88674e-07
0
0
0
4.6322e-07
1.50036e-06
2.0006e-06
2.0967e-06
2.04054e-06
1.85718e-06
1.73145e-06
1.45637e-06
0
0
0
0
0
6.00583e-06
1.65082e-05
2.77877e-05
3.08061e-05
1.31855e-05
0
0
0
0
0
0
0
0
0
0
0
0
0
0
0
1.36245e-05
1.97747e-05
1.14168e-05
6.09972e-06
4.75143e-06
3.28808e-06
2.87953e-06
2.10587e-06
1.63224e-06
1.18059e-06
7.25243e-07
4.57267e-07
2.05387e-07
1.03553e-07
6.7214e-08
1.03965e-07
1.65945e-07
2.03415e-07
2.14472e-07
2.09418e-07
2.16677e-07
2.46941e-07
3.07408e-07
3.93784e-07
4.92386e-07
5.8504e-07
6.59079e-07
7.06843e-07
7.27584e-07
7.1958e-07
6.86862e-07
6.33643e-07
5.62351e-07
4.79106e-07
3.86128e-07
2.88852e-07
1.89084e-07
8.7137e-08
0
0
0
0
0
0
0
0
0
0
0
0
0
0
0
0
0
0
0
0
0
0
0
0
0
0
0
0
0
0
0
0
0
0
0
0
0
0
0
0
0
0
0
0
0
0
0
0
0
0
0
0
0
0
0
0
0
0
0
0
5.83712e-06
2.9382e-05
9.51242e-05
9.68377e-05
4.1497e-05
1.45101e-05
4.9116e-06
2.29694e-06
1.23085e-06
6.1636e-07
1.92206e-07
0
0
0
0
0
0
0
0
0
0
0
0
0
0
0
0
0
0
0
0
0
0
0
0
0
1.10021e-05
6.35444e-06
6.43044e-06
9.35465e-06
1.33891e-05
1.63622e-05
1.65132e-05
1.40785e-05
9.95617e-06
4.7386e-06
0
0
0
0
0
0
0
0
0
0
0
0
0
0
0
0
2.5466e-06
6.9124e-06
9.6136e-06
1.06188e-05
1.06722e-05
8.89252e-06
3.11808e-06
0
0
0
0
0
0
0
0
0
2.91475e-06
3.43707e-06
0
0
7.45149e-06
1.34487e-05
6.41684e-06
4.70203e-06
5.38759e-06
4.79263e-06
5.42403e-06
4.86256e-06
4.7591e-06
4.38097e-06
3.98627e-06
3.78874e-06
3.5138e-06
3.42909e-06
3.34833e-06
3.33909e-06
3.32881e-06
3.27772e-06
3.15745e-06
2.96772e-06
2.70873e-06
2.40036e-06
2.06941e-06
1.76407e-06
1.51985e-06
1.32164e-06
1.17923e-06
1.05627e-06
9.55342e-07
8.57311e-07
7.60202e-07
6.65747e-07
5.67539e-07
4.65727e-07
3.72475e-07
2.81925e-07
1.90026e-07
9.24985e-08
0
0
0
0
0
0
0
0
0
0
0
0
0
0
0
0
0
0
0
0
0
0
0
0
0
0
0
0
0
0
0
0
0
0
0
0
0
0
0
0
0
0
0
0
0
0
0
0
0
0
0
0
0
0
0
0
0
0
0
0
1.21752e-05
2.55051e-05
3.74664e-05
3.19827e-05
2.08445e-05
1.47496e-05
1.15163e-05
7.42164e-06
3.81936e-06
1.68237e-06
5.50802e-07
0
0
0
0
0
0
0
0
0
0
0
0
0
0
0
0
0
0
0
0
0
0
0
0
0
9.19395e-06
9.67153e-06
8.13403e-06
7.98912e-06
1.15676e-05
1.29687e-05
7.71373e-06
0
0
0
0
0
0
0
0
0
0
0
0
0
0
0
0
0
0
0
4.33773e-06
6.38899e-06
6.16789e-06
5.07425e-06
4.43445e-06
4.29003e-06
3.46041e-06
1.06741e-06
0
0
0
0
0
0
0
5.83639e-08
4.55868e-06
9.39336e-06
6.51033e-06
4.3979e-06
1.04324e-05
1.34698e-05
7.6362e-06
9.77187e-06
1.13176e-05
1.15445e-05
1.18247e-05
1.06809e-05
9.98134e-06
9.06759e-06
8.40593e-06
7.85051e-06
7.34984e-06
7.01773e-06
6.69151e-06
6.37448e-06
5.97745e-06
5.47303e-06
4.79541e-06
3.96259e-06
3.03227e-06
2.10497e-06
1.30142e-06
6.98128e-07
3.33594e-07
2.15067e-07
3.33254e-07
6.90373e-07
1.33438e-06
2.3302e-06
3.60865e-06
5.23326e-06
7.04754e-06
9.07078e-06
1.08052e-05
1.0975e-05
7.04686e-06
2.70349e-07
0
0
0
0
0
0
0
0
0
0
0
0
0
0
0
0
0
0
0
0
0
0
0
0
0
0
0
0
0
0
0
0
0
0
0
0
0
0
0
0
0
0
0
0
0
0
0
0
0
0
0
0
0
0
0
0
0
0
0
2.85891e-06
7.68415e-06
1.35676e-05
1.57398e-05
1.32404e-05
1.25416e-05
1.28079e-05
1.39836e-05
1.50379e-05
1.47697e-05
1.24202e-05
7.65412e-06
8.48214e-07
0
0
0
0
0
0
0
0
0
0
0
0
0
0
0
0
0
0
0
0
0
0
0
0
3.73648e-06
6.51158e-06
7.58358e-06
1.05017e-05
8.30981e-06
1.22421e-07
0
0
0
0
0
0
0
0
0
0
0
0
0
0
0
0
0
0
0
2.30083e-06
5.53917e-06
4.77678e-06
3.10436e-06
1.86392e-06
1.28593e-06
2.21019e-07
0
0
0
0
0
0
0
0
0
0
1.16661e-06
4.9884e-06
5.65211e-06
6.91233e-06
8.48404e-06
8.6151e-06
7.72433e-06
6.29273e-06
4.69886e-06
3.32158e-06
2.10854e-06
1.28268e-06
6.34943e-07
1.3504e-07
0
0
0
0
0
0
0
0
0
0
0
0
0
0
0
0
5.86836e-07
2.02228e-06
3.45419e-06
4.61933e-06
5.40955e-06
5.82342e-06
5.97852e-06
5.91254e-06
5.39647e-06
3.83362e-06
8.57523e-07
0
0
0
0
0
0
0
0
0
0
0
0
0
0
0
0
0
0
0
0
0
0
0
0
0
0
0
0
0
0
0
0
0
0
0
0
0
0
0
0
0
0
0
0
0
0
0
0
0
0
0
0
0
0
3.509e-06
4.22338e-06
1.51805e-06
0
0
5.26484e-06
6.23553e-06
1.05874e-05
1.43943e-05
1.20584e-05
9.43889e-06
1.06645e-05
1.38801e-05
1.56649e-05
1.44919e-05
1.10922e-05
5.00375e-06
0
0
0
0
0
0
0
0
0
0
0
0
0
0
0
0
0
0
0
0
0
0
0
0
0
0
5.61911e-07
1.25363e-06
3.38357e-06
1.27202e-05
4.4165e-06
6.34479e-06
3.21431e-06
0
0
0
0
0
0
0
0
0
0
0
0
0
0
0
0
0
0
1.91423e-06
2.44557e-06
4.00037e-07
0
0
0
0
0
0
0
0
0
0
0
0
0
0
5.12436e-08
3.93961e-06
5.59571e-06
5.79879e-06
5.12302e-06
4.41505e-06
3.8429e-06
2.8557e-06
1.98461e-06
1.22264e-06
4.61071e-07
0
0
0
0
0
0
0
0
0
0
0
0
0
0
0
0
0
4.45991e-07
1.81119e-06
2.96373e-06
3.59735e-06
3.72234e-06
3.51535e-06
3.16786e-06
2.80958e-06
2.51031e-06
2.26553e-06
1.90193e-06
9.693e-07
0
0
0
0
0
0
0
0
0
0
0
0
0
0
0
0
0
0
0
0
0
0
0
0
0
0
0
0
0
0
0
0
0
0
0
0
0
0
0
0
0
0
0
0
0
0
0
0
0
0
0
0
0
0
0
5.24579e-06
4.43978e-06
2.80827e-06
0
3.92308e-06
8.53562e-06
1.09747e-05
1.44257e-05
1.53844e-05
1.09752e-05
8.55955e-06
1.19943e-05
1.59215e-05
1.39958e-05
9.32549e-06
1.8339e-06
0
0
0
1.8011e-05
2.4347e-08
0
0
0
0
0
0
0
0
0
0
0
0
0
0
0
0
0
0
0
0
0
0
0
8.42068e-08
1.03754e-06
3.82844e-06
0
0
0
0
0
0
0
0
0
0
0
0
0
0
0
0
0
0
0
0
0
0
0
0
0
4.44289e-07
1.05251e-06
0
0
0
0
0
0
0
0
0
0
0
2.40931e-06
5.4643e-06
6.73465e-06
6.77086e-06
5.34226e-06
3.89676e-06
2.87187e-06
1.66625e-06
8.13772e-07
1.73502e-07
0
0
0
0
0
0
0
0
0
0
0
0
0
0
0
0
0
1.00536e-06
1.89406e-06
2.32994e-06
2.34902e-06
2.1081e-06
1.7357e-06
1.341e-06
1.03114e-06
8.68501e-07
8.12037e-07
7.2547e-07
4.1496e-07
0
0
0
0
1.32826e-07
6.69313e-07
9.59486e-07
1.127e-06
1.21531e-06
1.25662e-06
1.24661e-06
1.17706e-06
1.00077e-06
6.6617e-07
1.50497e-07
0
0
0
0
0
0
0
0
0
0
0
0
0
0
0
0
0
0
0
0
0
0
0
0
0
0
0
0
0
0
0
0
0
0
0
0
0
1.22055e-06
0
0
0
0
0
0
0
7.24211e-06
1.03546e-05
1.44289e-05
1.6978e-05
1.54877e-05
1.03126e-05
7.95409e-06
1.29366e-05
1.34043e-05
7.31683e-06
0
0
0
0
0
8.55239e-06
1.52106e-05
4.83189e-07
0
0
0
0
0
0
0
0
0
0
0
0
0
0
0
0
0
0
0
0
0
0
0
0
1.03572e-05
3.24736e-05
5.34917e-05
7.56695e-05
7.32162e-05
0
0
0
0
0
0
0
0
0
0
0
0
0
3.93501e-06
9.7561e-06
1.45681e-05
1.16895e-05
1.12902e-06
0
3.9081e-06
1.11936e-05
1.32339e-05
9.66427e-06
3.78511e-06
0
0
0
0
0
0
0
0
0
0
5.79845e-06
7.84846e-06
7.38408e-06
6.0379e-06
3.93082e-06
2.24872e-06
1.11149e-06
5.5311e-08
0
0
0
0
0
0
0
0
0
0
0
0
0
0
0
0
0
4.02113e-07
1.07828e-06
1.3965e-06
1.3566e-06
1.15733e-06
9.61746e-07
7.8033e-07
5.76308e-07
3.88989e-07
3.3957e-07
5.4076e-07
9.44327e-07
1.31507e-06
1.30934e-06
2.77912e-07
0
0
0
0
0
0
0
0
0
0
0
0
0
0
0
3.29157e-07
3.5072e-07
3.31263e-08
0
0
0
0
0
0
0
0
0
0
0
0
0
0
0
0
0
0
0
0
0
0
0
0
0
0
0
0
0
0
0
0
0
9.37733e-06
1.09103e-05
0
0
0
0
0
1.80395e-05
7.76915e-06
1.0811e-05
1.60996e-05
1.79333e-05
1.47197e-05
9.22701e-06
7.29686e-06
1.12622e-05
6.98046e-06
0
0
0
0
0
0
0
1.10493e-05
1.02063e-05
0
0
0
0
0
0
0
0
0
0
0
0
0
0
0
0
0
0
0
0
0
0
0
0
8.52088e-06
1.73377e-05
2.55995e-05
4.13981e-05
6.63322e-05
7.31418e-05
0
0
0
0
0
0
0
0
1.18696e-07
3.2411e-06
6.55649e-06
9.86779e-06
1.3263e-05
1.69052e-05
1.93754e-05
1.80035e-05
1.04443e-05
0
7.46835e-07
3.08452e-05
4.12977e-05
2.39376e-05
1.09655e-05
3.56171e-06
0
0
0
0
0
0
0
0
1.17845e-06
6.36824e-06
5.7856e-06
3.41537e-06
1.64733e-06
0
0
0
0
0
0
0
0
0
0
0
0
0
0
0
0
0
0
0
1.12465e-07
7.01762e-07
1.02826e-06
9.92631e-07
6.9942e-07
3.65859e-07
1.68191e-07
1.43088e-07
2.02106e-07
2.52647e-07
3.03242e-07
4.40007e-07
7.59482e-07
1.20784e-06
1.49256e-06
1.12485e-06
0
0
0
0
6.93536e-08
6.2023e-07
5.14982e-07
3.08265e-08
0
0
0
0
0
0
0
0
0
0
0
0
0
0
0
0
0
0
0
0
0
0
0
0
0
0
0
0
0
0
0
0
0
0
0
0
0
0
0
0
0
0
0
0
1.03351e-05
9.27369e-06
1.08826e-05
8.64397e-06
3.5764e-06
2.70352e-06
1.3959e-05
2.16445e-05
6.29097e-06
9.94695e-06
1.62777e-05
1.81161e-05
1.37689e-05
7.71209e-06
6.27758e-06
7.43413e-06
0
0
0
0
0
0
0
0
5.82915e-06
9.8286e-06
6.80674e-06
0
0
0
0
0
0
0
0
0
0
0
0
0
0
0
0
0
0
0
0
0
0
0
0
2.14067e-06
5.85396e-06
1.33588e-05
2.77131e-05
4.91695e-05
0
0
0
1.25157e-06
8.13844e-06
1.22711e-05
1.40666e-05
1.42215e-05
1.3548e-05
1.28665e-05
1.2257e-05
1.13116e-05
9.81592e-06
7.32132e-06
2.49625e-06
0
0
0
0
1.94958e-05
2.49097e-05
1.77562e-05
1.03325e-05
3.92068e-06
0
0
0
0
0
0
0
0
0
3.89532e-07
0
0
0
0
0
0
0
0
0
0
0
0
0
0
0
0
0
0
0
0
1.95762e-08
4.97921e-07
8.65584e-07
1.00643e-06
8.43523e-07
4.3686e-07
0
0
0
0
7.65833e-08
2.877e-07
3.88663e-07
4.53241e-07
6.15839e-07
8.73656e-07
9.292e-07
2.32e-07
0
0
0
6.49722e-07
2.78219e-06
3.71876e-06
3.88038e-06
3.45172e-06
2.51965e-06
1.07136e-06
0
0
0
0
0
0
0
0
0
0
0
0
0
0
0
0
0
0
0
0
0
0
0
0
0
0
0
0
0
0
0
0
0
0
0
0
0
0
0
0
0
0
0
2.08211e-06
6.08223e-06
8.30198e-06
1.78043e-05
4.9562e-05
3.76682e-05
1.42229e-05
4.04792e-06
8.23502e-06
1.53615e-05
1.77022e-05
1.28732e-05
6.03869e-06
4.57772e-06
2.36984e-06
0
0
0
0
0
0
0
0
5.82939e-06
9.09335e-06
8.20171e-06
3.85716e-06
0
0
0
0
0
0
0
0
0
0
0
0
0
0
0
0
0
0
0
0
0
0
0
0
0
0
5.13891e-06
2.00153e-05
1.19296e-05
1.03886e-05
1.17107e-05
1.17658e-05
1.00304e-05
7.06684e-06
3.70973e-06
4.5287e-07
0
0
0
0
0
0
0
0
0
0
0
6.75178e-06
9.56819e-06
7.57558e-06
3.31797e-06
0
0
0
0
0
0
0
0
0
0
0
0
0
0
0
0
0
0
0
0
0
0
0
0
0
0
0
0
0
3.35283e-07
6.62474e-07
8.8618e-07
1.05381e-06
1.10607e-06
9.39687e-07
5.38957e-07
1.64408e-08
0
0
0
0
1.29938e-07
3.42736e-07
3.13379e-07
1.81855e-07
1.57651e-07
2.68091e-07
2.15744e-07
0
0
0
0
0
0
1.02695e-06
2.27932e-06
3.00905e-06
3.18295e-06
2.55326e-06
1.12539e-06
0
0
0
0
0
0
0
0
0
0
0
0
0
0
0
0
0
0
0
0
0
0
0
0
0
0
0
0
0
0
0
0
0
0
0
0
0
0
0
0
0
0
0
0
3.3038e-06
1.37657e-05
6.6169e-05
4.498e-05
6.71311e-06
1.65668e-06
6.05402e-06
1.36555e-05
1.6703e-05
1.1969e-05
4.44467e-06
2.2771e-06
0
0
0
0
0
0
0
0
6.7597e-07
9.2447e-06
1.12039e-05
9.21932e-06
5.79008e-06
8.48894e-07
0
0
0
0
0
0
0
0
0
0
0
0
0
0
0
0
0
0
0
0
0
0
0
0
0
0
0
0
0
0
0
0
0
0
0
0
0
0
0
0
0
0
0
0
0
0
2.34951e-06
3.55227e-06
1.98357e-06
0
0
0
0
0
0
0
0
0
0
0
0
0
0
0
0
0
0
0
0
0
0
0
0
0
1.56106e-06
1.687e-06
1.23826e-06
1.51249e-06
1.68403e-06
1.7203e-06
1.67626e-06
1.59628e-06
1.4981e-06
1.311e-06
9.38674e-07
4.05267e-07
0
0
0
0
0
1.95093e-07
2.34019e-07
0
0
0
0
0
0
0
0
0
0
0
0
0
5.18104e-07
1.45332e-06
2.15508e-06
1.86335e-06
5.39952e-07
0
0
0
0
0
6.12942e-07
7.4525e-07
5.07773e-07
4.42475e-08
0
0
0
0
0
0
0
0
0
0
0
0
0
0
0
0
0
0
0
0
0
0
0
0
0
0
0
0
0
0
0
0
0
0
0
1.28498e-05
6.77625e-05
3.50451e-05
1.12432e-06
0
3.7877e-06
1.15411e-05
1.51667e-05
1.09973e-05
3.02524e-06
0
0
0
0
0
0
0
0
0
3.54745e-06
1.17329e-05
1.34459e-05
1.08953e-05
6.85945e-06
2.75391e-06
0
0
0
0
0
0
0
0
0
0
0
0
0
0
0
0
0
0
0
0
0
0
0
0
0
0
0
0
0
0
0
0
2.8413e-06
3.60574e-06
1.93837e-06
0
0
0
0
0
0
0
0
0
0
0
2.3148e-06
3.26565e-06
1.35666e-06
0
0
0
0
0
0
0
0
0
0
0
0
0
0
0
0
0
0
0
0
0
0
0
0
1.39697e-06
4.14269e-06
5.24839e-06
4.76751e-06
4.09275e-06
3.5673e-06
3.15194e-06
2.79995e-06
2.48234e-06
2.18556e-06
1.80491e-06
1.22903e-06
5.36433e-07
0
0
0
1.62467e-08
2.66368e-07
3.53781e-07
1.75628e-07
0
0
0
0
0
0
0
0
0
0
0
0
0
0
0
1.04269e-06
1.99294e-06
1.57109e-06
0
0
0
0
1.14251e-06
1.98443e-06
2.10388e-06
1.77928e-06
1.08842e-06
3.93254e-07
1.18393e-07
2.04147e-07
3.40463e-07
3.68164e-07
2.63742e-07
3.85958e-08
0
0
0
0
0
0
0
0
0
0
0
0
0
0
0
0
0
0
0
0
0
0
0
0
0
0
0
0
1.62776e-05
4.63556e-05
2.20166e-05
0
0
1.33594e-06
9.01917e-06
1.3252e-05
9.82587e-06
1.80086e-06
0
0
0
0
0
0
0
0
0
4.42538e-06
1.06842e-05
1.27778e-05
1.13105e-05
7.535e-06
3.3967e-06
0
0
0
0
0
0
0
0
0
0
0
0
0
0
0
0
0
0
0
0
0
0
0
0
0
0
0
0
0
0
0
0
0
1.03698e-06
6.42504e-06
1.24817e-05
1.6714e-05
1.69422e-05
1.30614e-05
7.33378e-06
1.887e-06
0
0
0
0
0
0
0
0
0
0
0
5.49339e-08
1.39705e-06
1.88737e-06
1.25292e-06
0
0
0
0
0
0
0
0
0
0
0
0
0
0
0
0
3.32654e-07
2.5512e-06
4.98341e-06
6.35361e-06
6.50844e-06
6.0571e-06
5.43571e-06
4.82031e-06
4.24939e-06
3.70461e-06
3.16858e-06
2.54741e-06
1.76879e-06
9.31853e-07
2.9477e-07
0
0
3.59585e-07
7.47627e-07
9.21697e-07
7.29792e-07
0
0
0
0
0
0
0
0
0
0
0
0
0
0
0
1.84105e-07
1.70506e-06
1.97011e-06
6.95683e-07
0
0
8.13878e-07
2.96948e-06
3.57485e-06
3.46606e-06
3.02899e-06
2.22943e-06
1.1347e-06
3.38989e-07
2.45805e-07
4.88704e-07
6.39661e-07
6.07029e-07
4.04222e-07
8.81365e-09
0
0
0
0
7.67727e-08
3.93003e-07
0
0
0
0
0
0
0
2.85972e-07
3.83999e-07
0
0
0
0
0
0
0
0
0
0
0
0
1.97222e-05
3.01643e-05
1.14054e-05
0
0
0
6.24719e-06
1.10616e-05
8.44185e-06
7.42756e-07
0
0
0
0
0
0
0
0
0
5.17279e-06
8.63679e-06
1.01e-05
9.65963e-06
7.11233e-06
3.39531e-06
5.09767e-07
0
0
0
0
0
0
0
0
0
0
0
0
0
0
0
0
0
0
0
0
0
0
0
0
0
0
0
0
0
0
0
0
0
7.48792e-07
6.68865e-06
1.4866e-05
2.49011e-05
3.44227e-05
3.99116e-05
3.87977e-05
3.05284e-05
1.7199e-05
3.00712e-06
0
0
0
0
0
3.66525e-06
6.01038e-06
6.72216e-06
6.34221e-06
5.40753e-06
4.42288e-06
2.74246e-06
0
0
0
0
0
0
0
0
0
0
0
0
0
0
2.7011e-07
8.29517e-07
1.65855e-06
3.09353e-06
4.90987e-06
6.42835e-06
7.2788e-06
7.42965e-06
7.12607e-06
6.65727e-06
6.15147e-06
5.59414e-06
4.96402e-06
4.23142e-06
3.35161e-06
2.31011e-06
1.27149e-06
3.94244e-07
0
1.33019e-07
8.02508e-07
1.51221e-06
1.86378e-06
1.47945e-06
3.41531e-07
0
0
0
0
0
0
0
0
0
0
0
0
0
0
1.50596e-06
2.01132e-06
1.04595e-06
0
7.26258e-07
3.61719e-06
5.30437e-06
5.37713e-06
4.70974e-06
3.75296e-06
2.6079e-06
1.18732e-06
0
0
0
1.1914e-07
4.46798e-07
4.3546e-07
1.10428e-07
0
0
0
0
0
4.09246e-07
1.47408e-06
7.71776e-07
0
0
0
0
6.53342e-07
9.61472e-07
1.0227e-06
1.45208e-07
0
0
0
0
0
0
0
0
0
0
0
1.6434e-05
1.88744e-05
3.66863e-07
0
0
0
3.46374e-06
8.70595e-06
7.00614e-06
0
0
0
0
0
0
0
0
0
4.61781e-06
7.53324e-06
8.40173e-06
8.11514e-06
7.26438e-06
5.58924e-06
2.77103e-06
2.85081e-07
0
0
0
0
0
0
0
0
0
0
0
0
0
0
0
0
0
0
0
0
0
0
0
0
0
0
0
0
0
0
0
0
0
0
0
0
8.4897e-07
2.68251e-06
3.80215e-06
4.43588e-06
4.91891e-06
5.22292e-06
5.55157e-06
6.12689e-06
7.07104e-06
8.10625e-06
9.07347e-06
9.50944e-06
9.5051e-06
8.93831e-06
8.19846e-06
7.47249e-06
6.90141e-06
6.60164e-06
5.93055e-06
0
0
0
0
0
0
0
0
0
0
4.21814e-07
1.16921e-06
1.86169e-06
2.59537e-06
3.27127e-06
3.29083e-06
1.88144e-06
0
0
1.30223e-06
3.41712e-06
5.05968e-06
6.06668e-06
6.5773e-06
6.69236e-06
6.42742e-06
5.9242e-06
5.29315e-06
4.47902e-06
3.48186e-06
2.35557e-06
1.2348e-06
3.87588e-07
1.19905e-07
5.11891e-07
1.35637e-06
2.26909e-06
2.71857e-06
2.32295e-06
1.13518e-06
0
0
0
0
0
0
0
0
0
0
0
0
2.30555e-07
1.77596e-06
2.16525e-06
1.50145e-06
2.10123e-06
4.62973e-06
6.99964e-06
8.28491e-06
7.67587e-06
5.85061e-06
3.49438e-06
1.33801e-06
0
0
0
0
0
0
0
7.82929e-08
0
0
0
0
0
0
0
1.58958e-08
0
0
0
1.19549e-06
2.19525e-06
2.30494e-06
1.98167e-06
1.14272e-06
0
0
0
0
0
0
0
0
0
0
0
5.60482e-06
6.8627e-06
0
0
0
0
1.09132e-06
6.57549e-06
5.63579e-06
0
0
0
0
0
0
0
1.56338e-06
8.43845e-06
1.15607e-05
1.19752e-05
1.05689e-05
7.93563e-06
5.51813e-06
3.72909e-06
1.67704e-06
0
0
0
0
0
0
0
0
0
0
0
0
0
0
0
0
0
0
0
0
0
0
0
0
0
0
0
0
0
0
0
0
0
0
0
0
0
0
0
0
0
6.85055e-07
1.91027e-06
3.18301e-06
4.41701e-06
5.54975e-06
6.32824e-06
6.83824e-06
7.00134e-06
6.92004e-06
6.67359e-06
6.51753e-06
6.55058e-06
6.7646e-06
5.45034e-06
4.14381e-07
0
0
0
0
0
0
0
0
3.47747e-07
1.06697e-06
1.45652e-06
1.79488e-06
2.34893e-06
3.20036e-06
4.1221e-06
4.45955e-06
3.62483e-06
2.08218e-06
1.05405e-06
1.08037e-06
1.65433e-06
2.17356e-06
2.48368e-06
2.69113e-06
3.00917e-06
3.58956e-06
4.28789e-06
4.78793e-06
4.80863e-06
4.32573e-06
3.42398e-06
2.20493e-06
9.08821e-07
0
0
2.4743e-07
1.24928e-06
2.24674e-06
2.78124e-06
2.68607e-06
1.92933e-06
6.40235e-07
0
0
0
0
0
0
0
6.592e-08
0
0
8.62678e-07
2.26547e-06
2.38261e-06
2.94905e-06
6.56586e-06
8.78979e-06
1.08855e-05
1.12501e-05
8.35964e-06
5.12697e-06
2.82411e-06
1.1218e-06
0
0
0
0
0
0
0
0
0
0
0
0
0
0
0
0
0
0
0
1.13821e-06
3.01993e-06
3.3478e-06
2.94189e-06
2.16192e-06
8.51325e-07
0
0
0
0
9.33743e-07
0
0
0
0
0
0
0
0
0
0
0
0
5.0225e-06
4.2907e-06
0
4.36493e-07
5.15399e-06
5.97426e-07
0
0
8.49927e-06
1.67701e-05
2.00545e-05
1.97276e-05
1.75376e-05
1.38713e-05
8.79116e-06
4.43277e-06
1.96535e-06
3.65656e-07
0
0
4.32397e-07
7.35332e-07
0
0
0
1.92854e-07
1.85121e-06
1.86992e-06
1.17483e-06
0
0
0
0
0
0
0
0
0
0
0
0
0
0
0
0
0
0
0
0
0
0
0
0
0
0
0
0
0
0
3.60184e-08
7.0665e-07
1.48295e-06
2.26312e-06
2.97319e-06
3.50845e-06
3.8452e-06
3.99894e-06
4.04904e-06
4.03952e-06
3.99364e-06
3.57832e-06
2.04333e-06
1.12102e-07
0
0
0
0
0
0
1.32495e-07
1.09807e-06
1.85154e-06
2.14419e-06
2.0735e-06
1.98301e-06
2.17706e-06
2.77606e-06
3.75269e-06
4.85602e-06
5.4676e-06
5.00294e-06
3.90844e-06
3.21076e-06
3.10159e-06
3.08594e-06
2.86155e-06
2.37627e-06
1.78262e-06
1.37968e-06
1.35613e-06
1.50278e-06
1.41421e-06
1.09626e-06
1.00976e-06
1.29505e-06
1.52977e-06
1.35226e-06
7.30494e-07
0
0
0
3.07664e-07
1.142e-06
1.84032e-06
2.24154e-06
2.27128e-06
1.96619e-06
1.26115e-06
4.34427e-08
0
0
0
0
0
0
0
1.63012e-06
2.59909e-06
3.03654e-06
7.08932e-06
1.06758e-05
1.21755e-05
1.49174e-05
1.18421e-05
6.99466e-06
4.54615e-06
3.34979e-06
2.61377e-06
1.29725e-06
0
0
0
0
0
0
0
0
0
0
0
0
0
1.5847e-06
3.47281e-06
3.11192e-06
0
0
0
2.01713e-06
3.32105e-06
3.14301e-06
2.52916e-06
1.87737e-06
8.80598e-07
0
0
0
2.20317e-06
2.14346e-07
0
0
0
0
0
0
0
0
0
0
0
4.3527e-06
2.9938e-06
0
2.69865e-06
1.76867e-05
3.07481e-05
2.83554e-05
2.43541e-05
2.87321e-05
3.25838e-05
3.24315e-05
2.89662e-05
2.38913e-05
1.7482e-05
9.89161e-06
3.61754e-06
3.81085e-07
0
0
0
1.3197e-06
3.29252e-06
2.50204e-06
7.24065e-07
8.92798e-07
3.75675e-06
5.35522e-06
4.75469e-06
3.33421e-06
1.19357e-07
0
0
0
0
0
0
0
0
0
0
0
0
0
0
0
0
0
0
0
0
0
0
0
0
0
0
0
0
0
0
2.3794e-07
8.10204e-07
1.41386e-06
1.95128e-06
2.35038e-06
2.58176e-06
2.65472e-06
2.6144e-06
2.45996e-06
2.09424e-06
1.44895e-06
7.54569e-07
2.9076e-07
4.1156e-08
0
0
0
0
0
0
0
1.6906e-07
3.88757e-07
5.68612e-07
8.33554e-07
1.28926e-06
1.99185e-06
3.01478e-06
4.44113e-06
5.86942e-06
5.27368e-06
2.74142e-06
1.63464e-06
1.80113e-06
2.16234e-06
2.3184e-06
2.1346e-06
1.61463e-06
9.43243e-07
3.72975e-07
0
0
0
0
0
0
0
0
0
0
0
0
0
0
0
7.65806e-07
1.72363e-06
2.9829e-06
5.05434e-06
8.99163e-06
0
0
0
0
0
7.89491e-07
2.12674e-06
2.7308e-06
6.04761e-06
1.08706e-05
1.22915e-05
1.46954e-05
1.68102e-05
9.77156e-06
6.42589e-06
4.95993e-06
4.23905e-06
3.77674e-06
3.21392e-06
1.75228e-06
0
0
0
0
0
0
0
0
0
0
0
0
3.35854e-06
7.04537e-06
7.59318e-06
5.12807e-06
0
0
0
1.73224e-06
2.56918e-06
2.29125e-06
2.26842e-06
2.50132e-06
1.37715e-06
0
1.70646e-07
3.05989e-06
1.65406e-06
0
0
0
0
0
0
0
0
0
0
0
3.78707e-06
1.04655e-06
0
0
1.90862e-05
4.30172e-05
5.79373e-05
5.36858e-05
4.9829e-05
4.83358e-05
4.49838e-05
3.88291e-05
3.0764e-05
2.10761e-05
1.06275e-05
2.58899e-06
0
0
0
0
2.5719e-06
5.99393e-06
6.22664e-06
4.51176e-06
4.42177e-06
7.30193e-06
8.42748e-06
7.13014e-06
4.82762e-06
0
0
0
0
0
0
0
0
0
0
0
0
0
0
0
0
0
0
0
0
0
0
0
0
0
0
0
0
0
0
0
0
3.93325e-08
5.97066e-07
1.15782e-06
1.59757e-06
1.8631e-06
1.94568e-06
1.87593e-06
1.68758e-06
1.41024e-06
1.09636e-06
7.93077e-07
5.01172e-07
2.67804e-07
1.12231e-07
0
0
0
0
0
0
0
0
0
0
0
0
0
0
0
0
0
0
0
0
9.99417e-08
2.18951e-07
2.0232e-07
8.91805e-08
5.34527e-09
0
0
0
0
0
0
0
0
0
0
0
0
0
0
0
0
0
0
2.15565e-06
5.66537e-06
0
0
0
0
0
8.26515e-07
1.69219e-06
4.80261e-06
9.74257e-06
1.16893e-05
1.31897e-05
1.71893e-05
1.39759e-05
8.6476e-06
6.83779e-06
5.84202e-06
5.12337e-06
4.66137e-06
4.31268e-06
3.88441e-06
2.23008e-06
0
0
0
0
0
0
0
0
0
0
1.3553e-06
5.22617e-06
8.39538e-06
9.31808e-06
8.35262e-06
1.49746e-06
0
0
0
1.13505e-06
1.81052e-06
2.43494e-06
3.61113e-06
3.75148e-06
2.31007e-06
1.75848e-06
3.75086e-06
3.16206e-06
0
0
0
0
0
0
0
0
0
0
0
2.41664e-06
0
0
0
1.1804e-05
3.67575e-05
6.43449e-05
7.42015e-05
7.0067e-05
6.4897e-05
5.88059e-05
5.02427e-05
3.90799e-05
2.52168e-05
1.10469e-05
1.19729e-06
0
0
0
0
4.59786e-06
9.17336e-06
1.0182e-05
8.57287e-06
8.21075e-06
1.07569e-05
1.11366e-05
9.13659e-06
5.71526e-06
0
0
0
0
0
4.40012e-06
0
0
0
0
0
0
0
3.6562e-07
3.44378e-07
0
0
0
0
0
0
0
0
0
0
0
0
0
0
0
0
0
0
0
2.46381e-07
6.79388e-07
9.29581e-07
9.83061e-07
9.29054e-07
8.35016e-07
7.22428e-07
5.86953e-07
4.03269e-07
1.9046e-07
2.72477e-08
0
0
0
0
0
0
0
0
0
0
0
0
0
0
0
0
0
0
8.37384e-06
4.9466e-06
2.48717e-06
8.8888e-07
0
0
0
0
0
0
0
0
0
0
0
0
0
0
0
0
0
0
0
0
0
0
4.48948e-07
3.55373e-06
4.43406e-06
0
0
0
0
0
3.80974e-06
8.14414e-06
1.03836e-05
1.17899e-05
1.45352e-05
1.81829e-05
1.08867e-05
8.60052e-06
7.59659e-06
6.99555e-06
6.36489e-06
5.71266e-06
5.03627e-06
4.68706e-06
4.30012e-06
2.27015e-06
0
0
0
0
0
0
0
0
2.26745e-06
5.50607e-06
7.38362e-06
9.24223e-06
1.00064e-05
9.50325e-06
5.48306e-06
0
0
0
0
1.30625e-06
2.77572e-06
4.54851e-06
5.67428e-06
4.96493e-06
3.88663e-06
4.60761e-06
4.85497e-06
4.11679e-07
0
1.50037e-07
0
0
0
2.83775e-06
0
0
0
0
1.27597e-08
0
0
0
2.28112e-06
2.30715e-05
5.21206e-05
7.63483e-05
8.3577e-05
8.1271e-05
7.48209e-05
6.49715e-05
5.08429e-05
3.12672e-05
1.16959e-05
0
0
0
0
2.21024e-06
7.68037e-06
1.30015e-05
1.43884e-05
1.27896e-05
1.21675e-05
1.40812e-05
1.3609e-05
1.09675e-05
5.98808e-06
0
0
0
0
2.75342e-07
4.0136e-06
0
0
0
0
0
1.35439e-07
3.81511e-06
2.36687e-06
1.42642e-06
0
0
0
0
0
0
0
0
0
0
0
0
0
0
0
0
0
0
0
0
1.22736e-07
2.91588e-07
2.85418e-07
2.20646e-07
1.6717e-07
1.33111e-07
9.32291e-08
1.65025e-08
0
0
0
0
0
0
0
0
0
0
0
0
0
0
0
0
0
0
0
0
2.09495e-05
1.26381e-05
6.94499e-06
3.29646e-06
8.29469e-07
0
0
0
0
0
0
0
0
0
0
0
0
0
0
0
0
0
0
0
0
0
8.27639e-07
5.08753e-06
8.15917e-06
2.51424e-06
0
0
0
3.55144e-06
6.57868e-06
8.71198e-06
1.03798e-05
1.24899e-05
1.82771e-05
1.28991e-05
1.00641e-05
9.05207e-06
8.57375e-06
8.18595e-06
7.71999e-06
6.77267e-06
5.38198e-06
4.39502e-06
4.47557e-06
4.26975e-06
2.03632e-06
0
0
0
0
0
2.89934e-06
7.23145e-06
7.32801e-06
8.177e-06
8.87971e-06
9.73931e-06
1.02929e-05
9.7762e-06
7.37131e-06
0
0
0
0
7.83099e-07
3.5353e-06
5.62101e-06
7.26918e-06
7.37432e-06
6.23025e-06
5.86202e-06
6.47766e-06
1.43913e-06
0
1.80496e-06
0
0
0
4.94332e-06
4.54991e-07
0
0
0
0
0
0
0
0
9.83011e-06
3.27828e-05
6.01961e-05
8.06558e-05
8.95667e-05
8.93685e-05
8.30938e-05
6.86461e-05
4.21803e-05
1.31822e-05
0
0
0
2.37682e-06
5.871e-06
1.19312e-05
1.74258e-05
1.87479e-05
1.70559e-05
1.616e-05
1.71969e-05
1.5898e-05
1.29249e-05
5.3882e-06
0
0
0
1.74404e-06
7.67247e-06
7.89853e-06
1.25499e-06
0
0
6.59083e-08
4.08539e-07
2.19857e-07
3.89997e-06
1.60055e-06
8.26535e-07
0
0
0
0
0
0
0
0
0
0
0
0
0
0
0
0
0
0
0
0
0
0
0
0
0
0
0
0
0
0
1.05468e-08
1.47633e-07
1.57379e-07
1.29987e-08
0
0
0
0
0
0
0
0
0
0
0
0
0
0
2.55829e-05
1.96045e-05
1.17398e-05
6.35834e-06
2.72512e-06
4.4855e-07
0
0
0
0
0
0
0
0
0
0
0
0
0
0
0
0
0
0
0
0
0
0
0
0
0
3.83987e-07
2.59987e-06
4.59985e-06
6.64823e-06
8.70701e-06
1.09866e-05
1.63982e-05
1.36601e-05
1.09221e-05
1.01875e-05
9.75207e-06
9.42601e-06
9.20579e-06
8.83091e-06
7.96159e-06
6.42982e-06
4.70909e-06
4.01865e-06
4.55259e-06
4.38127e-06
2.0669e-06
0
0
0
0
1.19344e-05
9.76208e-06
9.06906e-06
9.59518e-06
9.98225e-06
1.03268e-05
1.05976e-05
9.87695e-06
8.4085e-06
4.31697e-06
0
0
0
0
4.77872e-06
6.93268e-06
8.71521e-06
9.40776e-06
8.55491e-06
7.47009e-06
7.75711e-06
3.09568e-06
0
1.74692e-06
0
0
0
5.06255e-06
4.0984e-06
0
0
0
0
0
0
0
0
0
1.52422e-05
3.6336e-05
5.85287e-05
7.59067e-05
8.68979e-05
9.33929e-05
9.14509e-05
6.42322e-05
1.69807e-05
0
0
2.13946e-06
6.98248e-06
1.10269e-05
1.72175e-05
2.21364e-05
2.29743e-05
2.11496e-05
2.00136e-05
2.00008e-05
1.80808e-05
1.54685e-05
3.31786e-06
0
0
9.43132e-07
8.44395e-06
1.32258e-05
1.06888e-05
5.69327e-06
0
1.46075e-06
3.21029e-06
0
0
0
0
0
6.67503e-08
3.67968e-06
4.17639e-06
0
0
0
0
0
0
0
0
0
0
1.40706e-07
7.23008e-07
1.06652e-06
1.20059e-06
1.40477e-06
1.60205e-06
0
0
0
0
0
0
0
0
0
0
0
0
1.09542e-07
1.45008e-07
4.94407e-09
0
0
0
0
0
0
0
0
0
0
0
0
0
0
1.54021e-05
2.01469e-05
1.43562e-05
8.66923e-06
4.50196e-06
1.7288e-06
0
0
0
0
0
0
0
0
0
0
0
0
0
0
0
0
0
0
0
0
0
0
0
0
0
0
1.99773e-06
4.3324e-06
6.77412e-06
9.73272e-06
1.44055e-05
1.25707e-05
1.09423e-05
1.06612e-05
1.04602e-05
1.0329e-05
1.02088e-05
9.97929e-06
9.52217e-06
8.7325e-06
7.48675e-06
5.80813e-06
4.47883e-06
4.41908e-06
5.07001e-06
4.76662e-06
2.55484e-06
0
0
0
1.13278e-05
8.32065e-06
8.71404e-06
9.94661e-06
1.07306e-05
1.125e-05
1.14914e-05
1.04403e-05
9.51885e-06
7.90757e-06
3.39136e-06
0
0
0
6.20628e-06
8.31065e-06
9.97242e-06
1.10496e-05
1.06637e-05
9.18089e-06
8.71643e-06
5.33511e-06
0
4.93341e-07
8.30026e-07
0
0
3.42287e-06
5.58486e-06
0
0
0
0
0
0
0
0
0
2.4616e-06
1.58669e-05
3.05763e-05
4.40823e-05
5.5061e-05
6.58197e-05
7.98725e-05
8.90935e-05
3.05618e-05
0
0
8.00484e-06
1.34939e-05
1.73401e-05
2.29274e-05
2.64905e-05
2.65917e-05
2.47444e-05
2.34402e-05
2.24291e-05
2.03711e-05
1.88802e-05
0
0
0
6.73748e-06
1.07669e-05
1.12381e-05
1.09067e-05
7.12015e-06
9.66172e-07
7.13395e-07
0
0
0
0
0
0
3.43287e-07
4.04886e-06
5.09562e-06
1.93956e-07
0
0
0
0
0
0
0
0
0
7.04797e-07
1.91222e-06
2.87638e-06
3.64154e-06
4.5343e-06
5.79053e-06
0
0
0
0
0
0
0
0
0
0
0
0
0
0
0
0
0
0
8.19913e-09
0
0
0
0
0
0
0
0
0
0
5.94387e-06
1.57439e-05
1.51329e-05
1.0502e-05
6.04394e-06
2.74869e-06
5.8346e-07
0
0
0
0
0
0
0
0
0
0
0
0
0
0
0
0
0
0
0
0
0
0
0
0
0
1.19246e-06
4.25388e-06
8.28001e-06
1.09937e-05
1.04137e-05
1.02393e-05
1.03344e-05
1.05352e-05
1.08361e-05
1.09454e-05
1.08003e-05
1.03893e-05
9.77952e-06
9.03984e-06
8.03435e-06
6.66107e-06
5.26891e-06
4.65758e-06
5.11229e-06
5.71784e-06
5.41524e-06
3.59069e-06
3.0743e-07
0
1.20453e-06
8.54941e-06
8.58636e-06
9.91635e-06
1.12273e-05
1.20949e-05
1.25485e-05
1.16654e-05
1.10897e-05
1.05549e-05
8.51402e-06
2.31163e-06
0
0
6.6391e-06
9.30548e-06
1.07664e-05
1.22288e-05
1.23941e-05
1.07549e-05
9.50138e-06
7.4729e-06
0
0
2.98081e-06
0
0
1.15646e-07
5.78027e-06
1.06768e-06
0
0
0
0
0
0
0
0
0
2.32753e-06
1.03354e-05
1.66509e-05
2.0623e-05
2.31027e-05
2.65364e-05
3.63932e-05
4.22745e-05
0
4.64266e-06
1.74762e-05
2.11987e-05
2.38937e-05
2.78849e-05
2.9611e-05
2.90202e-05
2.74017e-05
2.60105e-05
2.43352e-05
2.29549e-05
2.29706e-05
0
0
4.48758e-06
8.99883e-06
6.21715e-06
9.04798e-06
1.04482e-05
7.00831e-06
1.74345e-06
2.73293e-07
0
0
0
0
0
0
0
1.46824e-06
9.65879e-07
0
0
0
0
0
0
0
0
0
0
1.65762e-06
4.17697e-06
5.76645e-06
6.20706e-06
6.0626e-06
5.03294e-06
5.71777e-07
0
0
0
0
0
0
0
0
0
0
0
0
0
0
0
0
0
3.79666e-08
2.87376e-08
0
0
0
0
0
0
0
0
0
1.20818e-06
1.03177e-05
1.37541e-05
1.12016e-05
6.94687e-06
3.36897e-06
1.00687e-06
0
0
0
0
0
0
0
0
0
0
0
0
0
0
0
0
0
0
0
0
0
0
0
0
0
2.30366e-06
5.47716e-06
7.15905e-06
8.14549e-06
8.84364e-06
9.39592e-06
1.00826e-05
1.08793e-05
1.13209e-05
1.12709e-05
1.09517e-05
1.03878e-05
9.7157e-06
8.9981e-06
8.10575e-06
6.9852e-06
5.81217e-06
5.05382e-06
5.11591e-06
5.81933e-06
6.36758e-06
6.1728e-06
4.7407e-06
2.66584e-06
3.16181e-06
9.77191e-06
9.92242e-06
1.01151e-05
1.13261e-05
1.23897e-05
1.29529e-05
1.26867e-05
1.28528e-05
1.26552e-05
1.16181e-05
7.60239e-06
0
0
3.57686e-06
8.53586e-06
1.05729e-05
1.2678e-05
1.35426e-05
1.19719e-05
1.00208e-05
8.812e-06
1.07052e-06
0
2.7623e-06
0
0
0
4.59011e-06
1.34079e-06
0
0
0
0
0
0
0
0
0
0
0
1.50236e-06
2.64644e-06
2.91714e-06
2.88348e-06
2.96323e-06
1.87304e-06
0
2.06443e-05
2.70289e-05
2.70085e-05
2.81693e-05
3.00866e-05
3.02738e-05
2.94626e-05
2.84346e-05
2.70853e-05
2.53907e-05
2.59978e-05
2.26025e-05
0
1.76914e-06
1.00941e-05
2.742e-06
1.92741e-06
7.40106e-06
9.43408e-06
6.04818e-06
1.86163e-06
8.2293e-07
0
0
0
0
0
0
0
2.15457e-07
6.65551e-07
1.06864e-08
0
0
7.97443e-08
0
0
0
0
0
0
3.04565e-06
5.89012e-06
6.62831e-06
6.11612e-06
4.69817e-06
2.9359e-06
8.39473e-07
0
0
0
0
0
0
0
0
0
0
0
0
0
0
0
0
0
8.63193e-08
1.45664e-07
9.52527e-10
0
0
0
0
0
0
0
0
0
5.93085e-06
1.07634e-05
1.03869e-05
7.04334e-06
3.5947e-06
1.18436e-06
0
0
0
0
0
0
0
0
0
0
0
0
0
0
0
0
0
0
0
0
0
0
0
0
1.53884e-06
3.26529e-06
4.71493e-06
5.98435e-06
7.04899e-06
8.03304e-06
9.18503e-06
1.03002e-05
1.1018e-05
1.10616e-05
1.07333e-05
1.04367e-05
1.00687e-05
9.46447e-06
8.63789e-06
7.69569e-06
6.77198e-06
5.915e-06
5.29253e-06
5.09697e-06
5.50515e-06
6.22248e-06
6.72552e-06
6.53921e-06
5.44599e-06
5.38895e-06
8.558e-06
1.0074e-05
1.00156e-05
1.06632e-05
1.17223e-05
1.22522e-05
1.23153e-05
1.33796e-05
1.37962e-05
1.30236e-05
1.05759e-05
3.62928e-06
0
0
4.42843e-06
8.53319e-06
1.17452e-05
1.37207e-05
1.24872e-05
9.86748e-06
8.99502e-06
3.2885e-06
0
4.71528e-07
0
0
0
1.18917e-06
9.87979e-07
0
0
0
0
0
0
0
0
0
0
0
0
0
0
0
0
0
0
7.45313e-06
1.76074e-05
2.23492e-05
2.52356e-05
2.69582e-05
2.72198e-05
2.70752e-05
2.69941e-05
2.58123e-05
2.46305e-05
2.65091e-05
7.09209e-06
6.30706e-07
1.34239e-05
3.29353e-06
0
0
5.80455e-06
7.7837e-06
4.60872e-06
9.15268e-07
5.12921e-07
0
0
8.99255e-08
1.54359e-06
2.39552e-06
7.83102e-07
0
1.95817e-07
9.54484e-07
1.03769e-06
1.25305e-06
1.26889e-06
2.08825e-06
1.67608e-06
3.59228e-08
0
0
0
0
2.86447e-06
5.19652e-06
5.55435e-06
4.28512e-06
4.09583e-07
0
5.24456e-06
4.09196e-09
0
0
0
0
0
0
0
0
0
0
0
0
0
0
0
0
1.45651e-07
2.6995e-07
2.36849e-07
9.92287e-08
0
0
0
0
0
0
0
0
2.66182e-06
7.00111e-06
8.30148e-06
6.31432e-06
3.44102e-06
1.17802e-06
0
0
0
0
0
0
0
0
0
0
0
0
0
0
0
0
0
0
0
0
0
0
0
0
1.44543e-06
2.88017e-06
4.25395e-06
5.57598e-06
6.89802e-06
8.28166e-06
9.47873e-06
1.03018e-05
1.05375e-05
1.03745e-05
1.0331e-05
1.02519e-05
9.95707e-06
9.32832e-06
8.38313e-06
7.42714e-06
6.68815e-06
6.0732e-06
5.58317e-06
5.3653e-06
5.41789e-06
5.8809e-06
6.57035e-06
7.03387e-06
6.85388e-06
6.99896e-06
8.62549e-06
1.00249e-05
1.02355e-05
1.04286e-05
1.11594e-05
1.18279e-05
1.20497e-05
1.26531e-05
1.40556e-05
1.38969e-05
1.24517e-05
7.71187e-06
0
0
0
4.31517e-06
9.41277e-06
1.33399e-05
1.29581e-05
9.6606e-06
8.5832e-06
5.13133e-06
0
0
4.18317e-07
0
0
0
0
0
0
0
0
0
0
0
0
0
0
0
0
0
0
0
0
0
0
0
1.83669e-06
9.64552e-06
1.66507e-05
2.09093e-05
2.30306e-05
2.43769e-05
2.54665e-05
2.4483e-05
2.26364e-05
1.03982e-05
0
1.32171e-05
1.28928e-05
0
0
0
4.80514e-06
6.53415e-06
3.47172e-06
7.05914e-07
0
0
0
2.38116e-08
2.71487e-06
2.71673e-06
3.28076e-07
0
8.7582e-07
1.16739e-06
1.68691e-07
2.85348e-07
6.96274e-07
2.04588e-06
2.51468e-06
1.67949e-06
9.51635e-07
5.51514e-07
0
0
2.37106e-06
4.22827e-06
4.36995e-06
1.42067e-06
0
3.60136e-07
1.15011e-05
4.22519e-06
0
0
0
0
0
0
0
0
0
0
0
0
0
0
0
0
1.61421e-07
3.20163e-07
3.61236e-07
3.6126e-07
3.17594e-07
1.33371e-07
0
0
0
0
0
0
1.79951e-07
3.17311e-06
5.30401e-06
4.78585e-06
2.85831e-06
1.01286e-06
0
0
0
0
0
0
0
0
0
0
0
0
0
0
0
0
0
0
0
0
0
0
0
0
1.20207e-06
2.72283e-06
4.19934e-06
5.62893e-06
6.92644e-06
7.99798e-06
8.7853e-06
9.22289e-06
9.36745e-06
9.56677e-06
9.78363e-06
9.74014e-06
9.3921e-06
8.67771e-06
7.69931e-06
6.88958e-06
6.3759e-06
5.9854e-06
5.60526e-06
5.45374e-06
5.3777e-06
5.45747e-06
5.86268e-06
6.56301e-06
7.10095e-06
7.77995e-06
9.037e-06
1.01826e-05
1.04921e-05
1.04526e-05
1.06112e-05
1.13291e-05
1.1767e-05
1.1417e-05
1.22119e-05
1.30593e-05
1.29513e-05
1.01515e-05
2.41395e-06
0
0
0
4.16568e-06
1.03255e-05
1.17078e-05
8.4817e-06
7.08127e-06
5.78154e-06
0
0
0
0
0
0
0
0
0
0
0
0
0
0
0
0
0
0
0
0
0
0
0
2.59576e-08
0
0
0
0
5.9664e-06
1.17105e-05
1.57584e-05
1.89528e-05
2.13246e-05
2.02685e-05
1.44485e-05
0
0
2.11122e-05
0
0
0
0
3.83529e-06
5.29394e-06
2.34735e-06
2.4612e-07
0
0
0
7.03753e-08
2.3942e-06
1.89071e-06
0
0
3.08162e-08
0
0
0
1.23818e-06
4.70053e-06
3.3793e-06
1.88732e-06
1.43391e-06
2.29845e-06
1.44861e-06
1.20382e-06
2.55737e-06
3.51937e-06
2.80916e-06
0
0
0
9.47084e-06
5.10654e-06
9.67312e-07
0
0
0
0
0
0
0
0
0
0
0
0
0
0
0
1.22809e-07
2.82051e-07
3.57005e-07
4.46933e-07
6.08876e-07
8.28349e-07
1.06834e-06
1.09923e-06
5.05758e-07
0
0
0
0
0
1.79604e-06
2.62818e-06
1.86046e-06
6.5369e-07
0
0
0
0
0
0
0
0
0
0
0
0
0
0
0
0
0
0
0
0
0
0
0
0
1.5823e-06
3.15415e-06
4.56007e-06
5.79909e-06
6.84459e-06
7.6102e-06
8.05706e-06
8.28403e-06
8.63044e-06
9.18257e-06
9.46053e-06
9.36881e-06
8.92188e-06
8.08986e-06
7.15865e-06
6.54563e-06
6.20387e-06
5.93454e-06
5.64188e-06
5.51622e-06
5.52723e-06
5.48966e-06
5.54966e-06
6.0427e-06
6.98877e-06
8.16948e-06
9.33996e-06
1.03512e-05
1.07514e-05
1.0723e-05
1.07188e-05
1.14376e-05
1.20617e-05
1.14462e-05
1.08432e-05
1.19113e-05
1.31132e-05
1.16587e-05
6.69373e-06
0
0
0
0
5.17747e-06
9.10475e-06
7.26339e-06
5.49807e-06
5.37915e-06
1.33363e-06
0
0
0
0
0
0
0
0
0
0
0
0
0
0
0
0
0
0
0
0
7.71533e-07
1.05668e-06
6.57097e-07
0
0
0
0
0
4.06435e-06
9.54926e-06
1.46962e-05
1.78447e-05
1.59366e-05
2.40165e-06
0
0
0
0
0
0
0
3.03558e-06
4.63114e-06
1.6101e-06
2.2577e-07
0
0
0
6.31345e-07
1.36095e-06
1.20341e-06
0
0
0
0
0
0
3.96722e-06
4.89031e-06
2.65783e-06
1.04976e-06
1.00916e-06
1.79249e-06
1.37032e-06
1.19041e-06
2.26224e-06
2.54325e-06
1.06469e-06
0
0
0
4.90754e-06
3.85985e-06
9.43152e-07
0
0
0
0
0
0
0
0
0
0
0
0
0
0
0
7.39417e-08
2.16782e-07
2.94497e-07
4.22225e-07
7.28676e-07
1.30252e-06
2.11259e-06
2.80606e-06
2.79914e-06
1.90759e-06
3.61633e-07
0
0
0
0
7.93035e-08
5.70715e-07
1.43354e-07
0
0
0
0
0
0
0
0
0
0
0
0
0
0
0
0
0
0
0
0
0
0
0
4.55915e-07
2.12638e-06
3.55917e-06
4.78513e-06
5.83477e-06
6.63242e-06
7.08712e-06
7.28994e-06
7.64184e-06
8.39425e-06
9.03073e-06
9.21498e-06
9.03722e-06
8.4512e-06
7.5313e-06
6.7595e-06
6.35899e-06
6.12696e-06
5.90249e-06
5.6453e-06
5.4851e-06
5.55287e-06
5.59153e-06
5.62122e-06
5.9163e-06
6.83548e-06
8.16214e-06
9.09384e-06
9.91289e-06
1.05071e-05
1.06715e-05
1.07981e-05
1.1701e-05
1.24883e-05
1.19707e-05
1.06338e-05
1.09887e-05
1.29536e-05
1.24426e-05
9.45737e-06
4.65331e-06
0
0
0
0
4.2774e-06
5.62891e-06
4.28028e-06
4.16976e-06
2.5622e-06
0
0
0
0
0
0
0
0
0
0
0
0
0
0
0
0
0
0
0
7.03634e-07
7.31321e-07
4.64891e-07
0
0
0
0
0
0
0
5.18256e-06
1.22238e-05
1.5042e-05
1.10776e-05
0
0
0
0
0
0
0
0
2.46221e-06
4.59318e-06
1.31821e-06
4.54823e-06
5.92203e-06
0
0
0
1.70118e-06
2.48092e-06
2.01484e-07
0
0
0
0
0
8.27791e-07
2.01295e-06
1.47258e-06
4.59613e-07
4.92618e-07
9.52784e-07
1.22331e-06
1.44474e-06
2.04308e-06
1.91052e-06
3.77583e-07
0
0
0
2.37198e-06
2.43292e-06
8.11182e-07
0
0
0
0
0
0
0
0
0
0
0
0
0
0
0
5.69539e-08
1.75293e-07
2.32088e-07
3.48769e-07
7.28727e-07
1.57736e-06
2.9361e-06
4.45721e-06
5.46952e-06
5.20045e-06
2.86178e-06
0
0
0
0
0
0
0
0
0
0
0
0
0
0
0
0
0
0
0
0
0
0
0
0
0
0
0
0
0
0
7.87591e-07
2.39678e-06
3.85172e-06
5.08787e-06
6.01966e-06
6.55222e-06
6.75403e-06
7.01492e-06
7.70019e-06
8.50627e-06
8.93566e-06
8.9684e-06
8.62917e-06
7.8038e-06
6.87909e-06
6.39329e-06
6.19747e-06
6.01764e-06
5.78854e-06
5.54341e-06
5.34534e-06
5.34089e-06
5.4147e-06
5.53879e-06
5.87328e-06
6.71119e-06
7.93827e-06
8.59441e-06
9.06974e-06
9.78498e-06
1.02321e-05
1.06219e-05
1.17813e-05
1.27567e-05
1.24267e-05
1.0961e-05
1.03025e-05
1.22442e-05
1.26054e-05
1.10063e-05
8.44225e-06
5.04119e-06
1.77045e-06
1.3562e-07
0
0
3.21972e-06
3.49025e-06
2.84736e-06
2.52363e-06
0
0
0
0
0
0
0
0
0
0
0
0
0
0
0
0
0
0
0
0
0
0
0
0
0
0
0
0
0
3.01561e-06
1.13998e-05
1.266e-05
5.97244e-06
0
0
0
0
0
0
0
0
2.619e-06
5.15452e-06
1.4876e-06
6.67964e-06
5.97166e-06
1.59323e-06
0
0
2.03367e-06
2.64837e-06
1.60641e-06
0
5.58792e-07
9.82185e-07
0
0
4.33633e-07
1.54521e-06
1.47828e-06
5.71231e-07
1.79747e-07
2.80876e-07
4.11487e-07
8.88507e-07
1.61532e-06
1.78845e-06
1.08685e-06
0
0
0
5.05276e-07
1.29766e-06
8.18361e-07
4.24067e-08
0
0
0
0
0
0
0
0
0
0
0
0
0
0
6.59627e-08
1.84407e-07
2.19265e-07
2.8622e-07
6.4617e-07
1.61972e-06
3.38792e-06
5.81055e-06
8.32174e-06
9.45827e-06
6.35813e-06
0
0
0
0
0
0
0
0
0
1.48146e-07
3.04389e-07
1.51403e-07
0
0
0
0
0
0
0
0
0
0
0
0
0
0
0
0
0
0
7.54751e-07
2.30983e-06
3.96048e-06
5.44763e-06
6.43413e-06
6.80933e-06
6.96468e-06
7.36136e-06
7.98122e-06
8.4883e-06
8.75071e-06
8.71686e-06
8.11413e-06
6.97507e-06
6.149e-06
5.90434e-06
5.81223e-06
5.62505e-06
5.3714e-06
5.13218e-06
4.96193e-06
4.89452e-06
4.95553e-06
5.15934e-06
5.55452e-06
6.40116e-06
7.51005e-06
8.13285e-06
8.50898e-06
9.09346e-06
9.6625e-06
1.02506e-05
1.15232e-05
1.26797e-05
1.25837e-05
1.12858e-05
9.79854e-06
1.09067e-05
1.20417e-05
1.15306e-05
1.02602e-05
8.54392e-06
5.92583e-06
1.15885e-06
0
0
6.42814e-07
2.77499e-06
1.98955e-06
1.58468e-06
0
0
0
0
0
0
0
0
0
0
0
0
0
0
0
0
0
0
0
0
0
8.26897e-07
7.85325e-07
0
0
0
0
0
0
2.89097e-06
1.13908e-05
1.04958e-05
2.3767e-06
0
0
0
0
0
0
0
0
3.85645e-06
6.18861e-06
2.13154e-06
5.22728e-06
4.19551e-06
9.8586e-07
0
0
4.19144e-07
1.58619e-06
1.75013e-06
1.92743e-07
0
0
0
0
3.78691e-07
1.21041e-06
1.00527e-06
2.29252e-07
0
0
0
0
4.7575e-07
1.19324e-06
1.29458e-06
1.48184e-06
2.25881e-06
8.47121e-07
0
1.38353e-06
1.4701e-06
6.40787e-07
8.29328e-09
0
0
0
0
0
0
0
0
0
0
0
0
0
1.2353e-07
2.52966e-07
2.70447e-07
2.63895e-07
5.10158e-07
1.39851e-06
3.30731e-06
6.46597e-06
1.07874e-05
1.50731e-05
1.3272e-05
0
0
0
0
0
0
0
0
0
4.45863e-07
7.70629e-07
7.05704e-07
4.22817e-07
5.45164e-08
0
0
0
0
0
0
0
0
0
0
0
0
0
0
0
0
1.94003e-07
1.63699e-06
3.5212e-06
5.36277e-06
6.58258e-06
7.09027e-06
7.26931e-06
7.58456e-06
7.94759e-06
8.25003e-06
8.43123e-06
8.24809e-06
7.35908e-06
6.33156e-06
5.72889e-06
5.38452e-06
5.08235e-06
4.72542e-06
4.41603e-06
4.23148e-06
4.17879e-06
4.23144e-06
4.39767e-06
4.71059e-06
5.24978e-06
6.10017e-06
7.07951e-06
7.74992e-06
8.15577e-06
8.69609e-06
9.22175e-06
9.86201e-06
1.09864e-05
1.22106e-05
1.2389e-05
1.138e-05
9.53732e-06
9.32075e-06
1.07665e-05
1.1166e-05
1.05791e-05
9.21349e-06
6.06422e-06
7.13052e-07
0
0
0
1.8632e-06
1.6769e-06
4.6389e-07
0
0
0
0
0
0
0
0
0
0
0
0
0
0
0
0
0
0
0
0
1.94296e-06
4.01489e-06
3.60495e-06
0
0
0
0
0
0
3.389e-06
1.15718e-05
8.62581e-06
1.63842e-06
0
0
0
0
0
0
0
0
5.87253e-06
7.40249e-06
3.16661e-06
2.02872e-05
9.19992e-06
3.34535e-06
3.1309e-07
0
2.75962e-07
1.92627e-06
2.40053e-06
3.48217e-07
0
0
0
0
1.51696e-08
7.73547e-07
6.89778e-07
4.28463e-08
0
0
0
0
0
3.26426e-07
7.57179e-07
1.41606e-06
2.93241e-06
1.46331e-06
0
2.18503e-06
1.9014e-06
9.53799e-07
2.28368e-07
0
0
0
0
0
0
0
0
0
0
0
0
0
1.9668e-07
4.72836e-07
5.28041e-07
4.27799e-07
4.61018e-07
1.00764e-06
2.54414e-06
5.61299e-06
1.08865e-05
1.92821e-05
2.62991e-05
0
0
0
0
0
0
0
0
1.12016e-08
8.01558e-07
1.21959e-06
1.18188e-06
9.09421e-07
5.63535e-07
1.13283e-07
0
0
0
0
0
0
0
0
0
0
0
0
0
0
0
0
5.84694e-07
2.91391e-06
5.306e-06
6.83463e-06
7.47333e-06
7.5448e-06
7.59768e-06
7.66501e-06
7.72326e-06
7.73985e-06
7.36833e-06
6.60919e-06
6.01936e-06
5.58806e-06
5.15199e-06
4.56297e-06
3.76788e-06
3.14314e-06
2.93479e-06
3.05485e-06
3.3481e-06
3.75224e-06
4.28397e-06
4.98402e-06
5.83862e-06
6.71189e-06
7.39119e-06
7.88538e-06
8.49862e-06
9.0427e-06
9.61486e-06
1.04278e-05
1.15041e-05
1.19795e-05
1.13482e-05
9.62035e-06
8.18411e-06
8.99339e-06
1.01254e-05
1.00298e-05
8.46672e-06
4.97172e-06
6.56127e-07
0
0
0
8.13779e-07
1.54211e-06
0
0
0
0
0
0
0
0
0
0
0
0
0
0
0
0
0
0
0
0
2.37242e-06
4.7764e-06
7.00399e-06
7.13398e-06
1.0165e-06
0
0
0
0
0
3.71077e-06
1.21656e-05
7.92224e-06
3.26784e-06
2.71671e-06
0
0
0
0
0
0
0
7.74235e-06
8.114e-06
4.11239e-06
1.61127e-05
9.79275e-06
6.21779e-06
3.89165e-06
2.70587e-06
3.06851e-06
4.79195e-06
6.55241e-06
3.60042e-06
0
0
0
0
0
3.74605e-07
2.6399e-07
0
0
0
0
0
0
3.85022e-07
7.70797e-07
1.30709e-06
1.18485e-06
0
2.68256e-07
1.99389e-06
1.50859e-06
7.40342e-07
2.14777e-07
0
0
0
0
0
0
0
0
0
0
0
0
0
0
2.45543e-07
7.04488e-07
8.34508e-07
8.3955e-07
1.08071e-06
1.9873e-06
3.99489e-06
7.66098e-06
1.33321e-05
1.5471e-05
0
0
0
0
0
0
0
0
3.37828e-07
1.21596e-06
1.61018e-06
1.54166e-06
1.30149e-06
1.00407e-06
5.53874e-07
0
0
0
0
0
0
0
0
0
0
0
0
0
0
0
0
3.27901e-08
2.98135e-06
5.77666e-06
7.2925e-06
7.74764e-06
7.53822e-06
7.26449e-06
7.04601e-06
6.90096e-06
6.7923e-06
6.49918e-06
6.01876e-06
5.55659e-06
5.20246e-06
4.7802e-06
3.96673e-06
2.82523e-06
1.98398e-06
1.70565e-06
1.90365e-06
2.40791e-06
3.09363e-06
3.90301e-06
4.78671e-06
5.66258e-06
6.43824e-06
7.06185e-06
7.60222e-06
8.29953e-06
8.90884e-06
9.45047e-06
1.00659e-05
1.08741e-05
1.14921e-05
1.1249e-05
9.94707e-06
8.02083e-06
7.42336e-06
8.6614e-06
9.21675e-06
7.64627e-06
4.07711e-06
6.45249e-07
0
0
0
0
9.81842e-07
0
0
0
0
0
0
0
0
0
0
0
0
0
0
0
0
0
0
0
2.08916e-06
4.35567e-06
6.76276e-06
9.54605e-06
1.0883e-05
6.67639e-06
0
0
0
0
0
8.78398e-06
1.45551e-05
8.82465e-06
6.16326e-06
5.86127e-06
0
0
0
0
0
0
0
7.95564e-06
6.84965e-06
3.70067e-06
4.91978e-06
4.25187e-06
3.94715e-06
3.68259e-06
3.65326e-06
4.28595e-06
6.02108e-06
8.58376e-06
1.15828e-05
9.20562e-06
3.09726e-06
7.33129e-07
0
0
0
0
0
0
0
0
0
2.44771e-07
5.04008e-07
6.87048e-07
6.36248e-07
0
0
1.62748e-07
1.00926e-06
7.61744e-07
2.46892e-07
0
0
0
0
0
0
0
0
0
0
0
0
0
0
0
0
0
1.49891e-07
7.35948e-07
1.25057e-06
1.97094e-06
3.14015e-06
4.82386e-06
6.07401e-06
4.16225e-06
0
0
0
0
0
0
0
0
8.59191e-07
1.67913e-06
1.92851e-06
1.81687e-06
1.66058e-06
1.36332e-06
9.16046e-07
3.49194e-07
0
0
0
0
0
0
0
0
4.24928e-07
2.41e-06
0
0
0
0
0
1.14304e-06
3.91407e-06
6.2176e-06
7.38439e-06
7.596e-06
7.12153e-06
6.61967e-06
6.30552e-06
6.11963e-06
5.84577e-06
5.25655e-06
4.82343e-06
4.54168e-06
4.20559e-06
3.45628e-06
2.35839e-06
1.41507e-06
9.15441e-07
8.69582e-07
1.17548e-06
1.76868e-06
2.61731e-06
3.66647e-06
4.75966e-06
5.70762e-06
6.42852e-06
6.97925e-06
7.49614e-06
8.20842e-06
8.83629e-06
9.329e-06
9.83669e-06
1.04228e-05
1.10108e-05
1.11127e-05
1.03489e-05
8.7045e-06
7.09884e-06
7.32277e-06
8.56728e-06
7.57285e-06
3.75975e-06
4.16448e-07
5.73046e-07
9.25451e-07
2.53055e-07
0
0
0
0
0
0
0
0
0
0
0
0
0
0
0
0
0
0
0
0
4.47717e-07
3.46266e-06
5.53763e-06
8.11492e-06
1.15664e-05
1.35893e-05
1.16102e-05
0
0
0
1.77446e-06
2.38178e-06
1.2132e-05
1.62442e-05
1.08184e-05
9.63576e-06
9.43003e-06
0
0
0
0
0
0
0
3.68295e-06
4.95751e-07
0
2.96868e-06
2.90013e-06
3.02726e-06
3.18151e-06
3.37972e-06
3.63741e-06
3.89182e-06
4.08478e-06
4.44042e-06
5.46276e-06
5.92539e-06
4.05741e-06
1.60485e-06
0
0
0
0
0
0
0
0
0
2.14366e-07
3.33031e-07
1.16081e-07
0
0
0
2.23983e-07
1.76432e-07
0
0
0
0
0
0
0
0
0
0
0
0
0
0
0
0
0
0
0
0
0
5.19341e-07
1.23344e-06
1.72908e-06
1.39126e-06
0
0
0
0
0
5.1023e-07
6.51677e-07
1.49715e-07
5.51481e-07
1.57738e-06
2.18491e-06
2.25104e-06
2.17629e-06
2.06807e-06
1.73184e-06
1.29231e-06
7.92825e-07
1.83858e-07
0
0
0
0
0
0
0
4.05686e-06
1.70027e-06
0
0
0
4.62835e-07
1.68566e-06
3.16688e-06
4.77786e-06
6.23992e-06
7.14193e-06
7.25384e-06
6.71236e-06
6.3269e-06
6.10519e-06
5.91637e-06
5.40772e-06
4.04371e-06
3.30887e-06
3.27113e-06
2.33261e-06
1.102e-06
2.48635e-07
0
0
3.17855e-07
8.25607e-07
1.5171e-06
2.41142e-06
3.58034e-06
4.85573e-06
5.92378e-06
6.65574e-06
7.17991e-06
7.69887e-06
8.39893e-06
8.96166e-06
9.37706e-06
9.78191e-06
1.02319e-05
1.06912e-05
1.10217e-05
1.07688e-05
9.72002e-06
8.18358e-06
7.38477e-06
8.10197e-06
8.03377e-06
3.67247e-06
0
4.63113e-07
1.48058e-06
1.15985e-06
0
0
0
0
0
0
0
0
0
0
0
0
0
0
0
0
0
0
0
0
8.65312e-07
3.8959e-06
5.96913e-06
8.95133e-06
1.25987e-05
1.42392e-05
1.14141e-05
0
1.7187e-06
1.77467e-06
0
0
9.71481e-06
1.60419e-05
1.29888e-05
1.32332e-05
1.26841e-05
0
0
0
0
0
0
0
0
0
0
2.07008e-06
1.78046e-06
1.49995e-06
1.30906e-06
1.22321e-06
1.18968e-06
1.16557e-06
1.04487e-06
7.20933e-07
1.92325e-07
0
0
0
1.20657e-07
1.45353e-07
0
0
0
0
0
0
0
2.13259e-07
2.72721e-07
4.92803e-08
0
0
0
0
0
0
0
0
0
0
0
0
0
0
0
0
0
0
0
0
0
0
0
0
0
0
0
0
0
0
0
0
0
2.30084e-08
9.77874e-07
1.09129e-06
3.85604e-07
1.71848e-07
9.82255e-07
1.83083e-06
2.15624e-06
2.18372e-06
2.24066e-06
2.07385e-06
1.73387e-06
1.34926e-06
9.54429e-07
5.25885e-07
1.41809e-08
0
0
0
0
0
1.03241e-06
2.92603e-06
0
0
3.08954e-07
1.38903e-06
2.43562e-06
3.39966e-06
4.15142e-06
4.81547e-06
5.68626e-06
6.50858e-06
6.64883e-06
6.33262e-06
6.10736e-06
5.89127e-06
5.69438e-06
5.26767e-06
3.49807e-06
1.99281e-06
1.53774e-06
1.0401e-08
0
0
0
0
0
3.13567e-07
1.07847e-06
1.97839e-06
3.11984e-06
4.438e-06
5.58414e-06
6.34721e-06
6.88577e-06
7.48089e-06
8.15887e-06
8.65282e-06
8.98897e-06
9.29189e-06
9.62461e-06
1.00018e-05
1.04472e-05
1.06219e-05
1.01554e-05
9.21411e-06
8.54718e-06
8.37699e-06
7.49679e-06
2.10741e-06
0
0
8.42953e-07
1.28808e-06
7.10118e-08
0
0
0
0
0
0
0
0
0
0
0
0
0
0
0
0
0
0
0
7.93873e-07
3.56201e-06
5.77478e-06
8.96893e-06
1.18991e-05
1.22957e-05
7.44602e-06
0
0
0
0
1.19646e-06
1.32264e-05
1.65979e-05
1.45267e-05
1.62171e-05
1.47814e-05
0
0
0
0
0
0
0
0
0
0
4.43052e-06
2.9701e-06
2.43277e-06
2.26776e-06
2.30333e-06
2.32414e-06
2.14342e-06
1.67471e-06
9.22087e-07
1.85001e-07
5.02184e-08
6.40527e-07
1.23797e-06
1.41564e-06
1.0495e-06
2.36194e-07
0
0
0
0
0
7.07038e-08
6.68914e-07
9.3229e-07
6.95595e-07
0
0
0
0
0
0
0
0
0
0
0
0
0
0
0
0
0
0
0
1.81644e-07
4.73864e-07
7.30089e-07
9.1784e-07
9.85121e-07
9.2464e-07
7.85838e-07
6.89144e-07
7.32261e-07
7.80669e-07
6.93935e-07
6.2727e-07
5.79678e-07
5.57019e-07
6.76597e-07
6.38672e-07
1.94146e-07
0
1.08977e-07
6.9667e-07
1.11888e-06
1.2942e-06
1.38963e-06
1.34994e-06
1.11717e-06
8.1626e-07
5.36586e-07
3.14384e-07
1.38283e-07
0
0
0
0
4.33703e-07
1.64903e-06
2.63031e-06
0
0
2.35616e-09
1.26732e-06
2.18887e-06
2.95757e-06
3.56026e-06
3.93385e-06
4.21263e-06
4.79138e-06
5.65208e-06
6.03511e-06
5.9835e-06
5.76312e-06
5.43757e-06
5.18131e-06
4.8833e-06
2.94741e-06
0
0
0
0
0
0
0
0
0
1.38068e-07
1.07263e-06
2.21703e-06
3.52752e-06
4.70843e-06
5.54011e-06
6.14407e-06
6.8188e-06
7.46053e-06
7.90227e-06
8.20231e-06
8.47194e-06
8.73554e-06
9.10745e-06
9.60141e-06
1.00814e-05
1.00654e-05
9.6087e-06
9.45949e-06
9.04806e-06
6.22065e-06
0
0
0
0
7.16138e-07
2.53973e-07
0
0
0
0
0
0
0
0
0
0
0
0
0
0
0
0
0
0
0
6.13895e-07
3.28125e-06
5.78289e-06
8.39189e-06
9.74883e-06
1.03484e-05
9.87624e-06
0
0
0
0
6.6006e-06
1.6056e-05
1.6551e-05
1.5492e-05
1.83105e-05
1.56671e-05
0
0
0
0
0
1.18831e-07
5.50844e-05
6.95174e-05
3.9849e-05
0
1.51708e-05
9.38375e-06
7.10444e-06
6.51321e-06
6.59114e-06
6.80401e-06
6.8435e-06
6.41484e-06
5.19206e-06
3.77634e-06
2.49877e-06
1.47023e-06
5.10155e-07
0
0
0
0
0
0
0
4.25232e-07
1.85126e-06
2.99022e-06
3.51269e-06
3.31305e-06
2.44229e-06
1.27453e-06
4.18482e-07
0
0
0
0
0
0
0
0
2.87603e-07
5.6648e-07
8.4168e-07
1.10688e-06
1.38667e-06
1.6159e-06
1.77498e-06
1.88458e-06
2.01653e-06
2.13954e-06
2.3009e-06
2.46387e-06
2.52557e-06
2.4621e-06
2.27362e-06
1.97084e-06
1.61782e-06
1.27896e-06
9.0577e-07
3.90678e-07
0
0
0
0
0
0
0
0
0
0
0
0
0
0
0
0
0
0
0
0
0
1.28965e-06
2.87903e-06
0
0
0
3.00958e-07
1.10395e-06
1.66728e-06
2.09169e-06
2.3865e-06
2.54838e-06
2.64979e-06
2.93367e-06
3.64845e-06
4.41492e-06
4.79223e-06
4.79499e-06
4.54382e-06
4.38279e-06
4.59724e-06
4.5781e-06
0
0
0
0
0
0
0
0
0
0
0
9.27016e-07
2.14628e-06
3.23935e-06
4.10162e-06
4.77949e-06
5.46276e-06
6.00762e-06
6.34499e-06
6.57912e-06
6.80654e-06
7.0502e-06
7.47322e-06
8.01703e-06
8.64072e-06
8.94774e-06
8.81234e-06
8.8973e-06
7.6288e-06
3.06542e-06
0
0
0
0
0
0
0
0
0
0
0
0
0
0
0
0
0
0
0
0
0
0
0
0
0
5.80162e-07
3.38781e-06
6.06126e-06
7.27669e-06
7.58063e-06
9.72706e-06
9.92918e-06
0
0
0
0
8.37311e-06
1.3377e-05
1.48819e-05
1.56817e-05
1.89846e-05
1.53693e-05
0
0
0
0
9.16501e-06
6.76186e-05
6.48877e-05
7.72674e-05
9.8174e-05
0
1.3183e-05
1.30033e-05
1.25082e-05
1.16595e-05
1.11585e-05
1.10281e-05
1.0993e-05
1.08172e-05
1.00104e-05
8.72338e-06
7.85164e-06
7.43508e-06
6.72535e-06
5.12788e-06
3.00489e-06
2.05421e-07
0
0
0
0
0
1.89765e-06
4.43751e-06
6.76889e-06
8.52366e-06
9.9239e-06
1.10186e-05
1.14853e-05
2.5694e-06
0
0
0
0
1.32252e-07
6.46824e-07
1.20094e-06
1.79291e-06
2.41649e-06
3.05117e-06
3.66276e-06
4.16733e-06
4.36668e-06
4.48374e-06
4.57429e-06
4.59304e-06
4.60171e-06
4.63092e-06
4.53632e-06
4.37362e-06
4.109e-06
3.62104e-06
2.96602e-06
2.29099e-06
1.70928e-06
1.32981e-06
1.05447e-06
7.44419e-07
3.83633e-07
0
0
0
0
0
0
0
0
0
0
0
0
0
0
0
0
0
0
0
0
7.00037e-07
0
0
0
1.11573e-07
4.47851e-07
6.88862e-07
8.75512e-07
1.00178e-06
1.08002e-06
1.12917e-06
1.24563e-06
1.65226e-06
2.38692e-06
3.11169e-06
3.6139e-06
3.97852e-06
4.46567e-06
5.87238e-06
8.79778e-06
6.42502e-06
8.46853e-07
0
0
0
0
0
0
0
0
0
0
7.04186e-07
1.66747e-06
2.51195e-06
3.2099e-06
3.862e-06
4.37574e-06
4.70855e-06
4.88963e-06
5.00383e-06
5.15953e-06
5.59968e-06
6.31815e-06
7.05403e-06
7.64045e-06
7.80168e-06
7.91287e-06
5.22177e-06
3.87075e-07
0
0
0
0
0
0
0
0
0
0
0
0
0
0
0
0
0
0
0
0
0
0
0
0
0
7.1044e-07
3.86983e-06
6.15853e-06
6.16172e-06
6.82357e-06
6.36231e-06
1.19987e-07
0
0
0
0
0
5.77847e-06
1.15619e-05
1.47013e-05
1.80478e-05
1.37494e-05
0
0
0
5.31649e-06
2.91947e-05
6.81215e-05
6.29859e-05
8.38288e-05
0.000113901
1.49327e-05
2.44208e-05
2.54802e-05
2.62249e-05
2.36896e-05
2.00892e-05
1.78715e-05
1.75301e-05
1.82552e-05
1.90943e-05
1.96696e-05
2.00305e-05
2.0682e-05
2.07621e-05
1.88924e-05
1.43438e-05
7.33336e-06
0
0
0
0
0
0
0
1.29396e-06
4.51499e-06
6.63798e-06
7.58296e-06
7.78045e-06
7.50754e-06
5.03906e-06
3.02175e-06
2.38586e-06
2.42767e-06
2.73783e-06
3.16732e-06
3.73108e-06
4.4307e-06
5.23326e-06
6.05086e-06
6.79466e-06
7.43028e-06
7.91347e-06
8.23949e-06
8.37643e-06
8.42389e-06
8.47522e-06
8.48153e-06
8.43438e-06
8.2988e-06
8.01239e-06
7.52999e-06
6.90081e-06
6.06207e-06
4.95444e-06
3.83896e-06
2.83215e-06
1.7124e-06
4.0229e-07
0
0
0
0
0
0
0
0
0
0
0
0
0
0
0
0
0
0
0
0
0
0
0
0
0
0
0
0
0
0
1.42268e-09
7.60896e-08
3.13695e-07
7.79943e-07
1.4348e-06
2.27318e-06
3.22085e-06
4.21654e-06
5.60573e-06
7.30425e-06
7.67383e-06
6.33199e-06
4.85326e-06
3.17349e-06
1.32897e-06
0
0
0
0
0
0
0
0
3.70843e-07
1.15559e-06
1.70187e-06
2.16762e-06
2.67308e-06
3.11053e-06
3.36099e-06
3.46936e-06
3.54413e-06
3.76625e-06
4.27915e-06
4.6701e-06
5.00809e-06
5.22293e-06
4.82901e-06
1.43097e-06
0
0
0
0
0
0
0
0
0
0
0
0
0
0
0
0
0
0
0
0
0
0
0
0
0
0
7.12134e-07
4.00484e-06
5.42602e-06
5.20403e-06
4.6202e-06
1.41588e-07
0
0
0
0
0
0
0
6.97145e-06
1.16934e-05
1.47904e-05
1.01489e-05
0
0
0
1.10164e-05
4.18278e-05
5.08538e-05
5.75281e-05
8.76721e-05
7.69136e-05
3.16462e-05
6.39671e-05
4.68463e-05
3.33652e-05
2.42548e-05
1.94705e-05
1.77861e-05
1.77044e-05
1.80114e-05
1.78635e-05
1.68001e-05
1.47073e-05
1.17954e-05
8.52885e-06
5.39921e-06
2.66796e-06
3.12269e-07
0
0
0
0
0
0
0
3.95793e-06
7.97822e-06
1.1189e-05
1.36611e-05
1.55603e-05
1.63775e-05
1.57197e-05
1.41795e-05
1.26218e-05
1.14442e-05
1.07129e-05
1.04263e-05
1.05302e-05
1.09005e-05
1.13968e-05
1.19246e-05
1.24266e-05
1.28376e-05
1.3151e-05
1.35287e-05
1.42994e-05
1.4818e-05
1.49643e-05
1.48199e-05
1.44521e-05
1.38693e-05
1.30363e-05
1.18948e-05
1.04063e-05
8.69235e-06
6.86845e-06
5.03951e-06
3.13484e-06
1.10478e-06
0
0
0
0
0
0
0
0
0
0
0
0
0
0
0
0
0
0
0
0
0
0
0
0
0
0
0
0
0
0
0
0
0
0
0
0
6.30838e-07
1.54346e-06
2.63945e-06
3.98294e-06
5.46625e-06
7.07625e-06
8.29154e-06
7.68278e-06
5.85939e-06
3.62567e-06
1.40134e-06
0
0
0
0
0
0
0
0
1.03969e-07
3.32101e-07
5.14596e-07
8.88791e-07
1.32929e-06
1.64684e-06
1.86409e-06
2.02398e-06
2.191e-06
2.60453e-06
2.92968e-06
3.06122e-06
3.49876e-06
1.01014e-06
0
3.42751e-08
0
0
0
0
0
0
0
0
0
0
0
0
0
0
0
0
0
0
0
0
0
0
0
0
0
4.9323e-07
3.36507e-06
4.45535e-06
3.85458e-06
1.12861e-06
0
0
0
0
0
0
0
0
2.41567e-06
7.68356e-06
1.02498e-05
4.65388e-06
0
0
1.45158e-06
1.51183e-05
3.52474e-05
3.47609e-05
4.88307e-05
6.89165e-05
4.35906e-05
2.08762e-05
7.99513e-06
6.27528e-06
5.93685e-06
7.05266e-06
9.40072e-06
1.23194e-05
1.51629e-05
1.72367e-05
1.82755e-05
1.77778e-05
1.51568e-05
1.00315e-05
2.75222e-06
0
0
0
0
0
0
0
0
1.02893e-06
7.96887e-06
1.24457e-05
1.47634e-05
1.54413e-05
1.50032e-05
1.39624e-05
1.27938e-05
1.17416e-05
1.09061e-05
1.03798e-05
1.03711e-05
1.11666e-05
1.25983e-05
1.43993e-05
1.62715e-05
1.79711e-05
1.93908e-05
2.04953e-05
2.12928e-05
2.18154e-05
2.21689e-05
2.22653e-05
2.20276e-05
2.15011e-05
2.06925e-05
1.96163e-05
1.83262e-05
1.68432e-05
1.51739e-05
1.33231e-05
1.13411e-05
9.31048e-06
7.12429e-06
4.64077e-06
1.94651e-06
0
0
0
0
0
0
0
0
0
0
0
0
0
0
0
0
0
0
0
0
0
0
0
0
0
0
0
0
0
0
0
0
0
0
0
0
0
0
4.97314e-07
1.88607e-06
3.35315e-06
5.25252e-06
6.20417e-06
4.7839e-06
2.56113e-06
6.76631e-07
0
0
0
0
2.25511e-07
1.01958e-06
1.35092e-06
1.22852e-06
8.09689e-07
3.11527e-07
0
0
0
2.44724e-07
5.34282e-07
6.65826e-07
5.81099e-07
1.50491e-07
0
0
0
0
0
0
4.50865e-06
6.81861e-07
0
0
0
0
0
0
0
0
0
0
0
0
0
0
0
0
0
0
0
0
0
0
0
0
2.94197e-07
2.67561e-06
3.73383e-06
2.16657e-06
0
0
5.12441e-07
0
0
0
0
0
0
0
3.15877e-06
4.64964e-06
0
0
0
2.89625e-06
1.56609e-05
2.00286e-05
2.17877e-05
3.9861e-05
5.31689e-05
3.85458e-05
1.57847e-05
1.16633e-05
1.89533e-05
2.29816e-05
2.4031e-05
2.32274e-05
2.15482e-05
1.89283e-05
1.59112e-05
1.34273e-05
1.10472e-05
8.02474e-06
3.87914e-06
0
0
0
0
0
0
0
6.64399e-06
1.67371e-05
2.32673e-05
2.69224e-05
2.80985e-05
2.71558e-05
2.46718e-05
2.15168e-05
1.87088e-05
1.70882e-05
1.68304e-05
1.73669e-05
1.81377e-05
1.95228e-05
2.18148e-05
2.39416e-05
2.5894e-05
2.76677e-05
2.92373e-05
3.05674e-05
3.16273e-05
3.23806e-05
3.27423e-05
3.2503e-05
3.18047e-05
3.07191e-05
2.92985e-05
2.76209e-05
2.57637e-05
2.37767e-05
2.16844e-05
1.94979e-05
1.72558e-05
1.50407e-05
1.28411e-05
1.02097e-05
7.072e-06
3.72224e-06
3.0843e-07
0
0
0
0
0
0
0
0
0
0
0
0
0
0
0
0
0
0
0
0
0
0
0
0
0
0
0
0
0
0
0
0
0
0
0
0
0
0
0
7.04798e-07
1.36121e-06
0
0
0
0
0
0
0
0
1.1237e-05
1.20431e-05
9.85016e-06
7.31685e-06
4.83552e-06
2.72071e-06
1.07977e-06
1.21759e-07
0
0
0
0
0
0
0
0
0
0
0
0
1.92195e-05
8.48474e-06
0
0
3.10154e-07
0
0
0
0
0
0
0
0
0
0
0
0
0
0
0
0
0
0
0
0
1.77294e-07
7.01016e-07
3.13273e-06
3.34524e-06
1.55949e-06
1.7318e-06
4.34123e-06
6.06482e-06
2.20111e-06
0
0
0
0
0
0
0
0
0
0
0
3.49857e-06
1.05264e-05
4.90059e-06
1.1534e-05
3.312e-05
4.7066e-05
4.02275e-05
1.60944e-05
0
0
3.18643e-06
0.000171601
0.000245062
0.000172382
9.36726e-05
4.68293e-05
2.5977e-05
1.93122e-05
1.78998e-05
1.71823e-05
1.64026e-05
1.4602e-05
8.49938e-06
1.55226e-06
0
0
3.60815e-06
1.11355e-05
1.83237e-05
2.37604e-05
2.61781e-05
2.52498e-05
2.24599e-05
1.83204e-05
1.54999e-05
1.54505e-05
1.76075e-05
2.05819e-05
2.31698e-05
2.4835e-05
2.62226e-05
2.70185e-05
2.70686e-05
2.68696e-05
2.68272e-05
2.71858e-05
2.79872e-05
2.89632e-05
2.95243e-05
2.96518e-05
2.92446e-05
2.82259e-05
2.66252e-05
2.4561e-05
2.22123e-05
1.98139e-05
1.76314e-05
1.56703e-05
1.3919e-05
1.23585e-05
1.07719e-05
8.86558e-06
6.58285e-06
4.1012e-06
1.43527e-06
0
0
0
0
0
0
0
0
0
0
0
0
0
0
0
0
0
0
0
0
0
0
0
1.85197e-06
3.46182e-06
3.56933e-06
2.78672e-06
1.52369e-06
1.46243e-07
0
0
0
0
0
0
0
0
0
0
0
0
0
0
0
0
0
0
0
0
0
0
0
1.42924e-06
4.38069e-06
4.76829e-06
3.45041e-06
1.70511e-06
5.62985e-07
0
0
0
0
0
0
0
1.55034e-07
2.58272e-06
3.65853e-06
0
0
0
0
1.03251e-07
3.4273e-07
0
0
0
0
0
0
0
0
0
0
0
0
0
0
0
0
0
0
0
0
1.17797e-06
4.34946e-07
1.81034e-06
3.66471e-06
3.08447e-06
1.88182e-06
4.31816e-06
9.13053e-06
1.04919e-05
5.79668e-06
0
0
0
0
0
0
0
0
0
0
0
2.82509e-06
1.60841e-07
0
2.52565e-06
2.67963e-05
4.23649e-05
3.85009e-05
1.76501e-05
3.82362e-05
7.26517e-05
9.25125e-05
9.14369e-05
6.80116e-05
4.36541e-05
2.96945e-05
2.42303e-05
2.27336e-05
2.23628e-05
2.16419e-05
1.98135e-05
1.65352e-05
1.18362e-05
6.26393e-06
9.63034e-07
0
0
1.24098e-06
4.91959e-06
7.32965e-06
8.68392e-06
8.31191e-06
6.22529e-06
4.3624e-06
3.90485e-06
5.28882e-06
7.95193e-06
1.12358e-05
1.46694e-05
1.78616e-05
2.05019e-05
2.22949e-05
2.29828e-05
2.26866e-05
2.14983e-05
1.97408e-05
1.8062e-05
1.69846e-05
1.64912e-05
1.61817e-05
1.62631e-05
1.64503e-05
1.64777e-05
1.6188e-05
1.55776e-05
1.49157e-05
1.44558e-05
1.39269e-05
1.32715e-05
1.24097e-05
1.11977e-05
9.33939e-06
6.73838e-06
3.93615e-06
1.65695e-06
1.70776e-07
0
0
0
0
0
0
0
0
0
0
0
0
0
0
0
0
0
0
0
0
0
0
4.84586e-07
2.69005e-06
3.87951e-06
3.67369e-06
2.5403e-06
1.15902e-06
0
0
0
0
0
0
0
0
0
0
0
0
0
0
0
0
0
3.16282e-06
3.17146e-06
0
0
0
0
0
0
0
6.3116e-07
1.16288e-06
4.54664e-07
0
0
0
0
0
0
0
0
0
6.43687e-07
0
0
0
0
0
0
0
0
0
0
0
0
0
0
0
0
0
0
0
0
0
0
0
0
0
0
0
1.14331e-06
1.40471e-07
2.5279e-06
3.50009e-06
2.71086e-06
3.12002e-06
6.32987e-06
1.28583e-05
1.34958e-05
8.90408e-06
9.54567e-07
0
0
0
0
0
0
0
0
0
0
1.11116e-07
0
0
0
1.9118e-05
3.87075e-05
3.46122e-05
1.91805e-05
3.57513e-05
2.73607e-05
1.73131e-05
9.52264e-06
5.74593e-06
6.2614e-06
1.0162e-05
1.55087e-05
2.04396e-05
2.34695e-05
2.34812e-05
1.9945e-05
1.25506e-05
1.02265e-06
0
0
0
0
0
0
0
1.33182e-06
3.52957e-06
4.17907e-06
4.6075e-06
5.24009e-06
6.17013e-06
7.32856e-06
8.68455e-06
1.02787e-05
1.18811e-05
1.28978e-05
1.37426e-05
1.42229e-05
1.39919e-05
1.28945e-05
1.16284e-05
1.06961e-05
1.00408e-05
9.8329e-06
1.00017e-05
1.03621e-05
1.07171e-05
1.09067e-05
1.08568e-05
1.05658e-05
1.01232e-05
9.6922e-06
9.30805e-06
8.87335e-06
8.21293e-06
7.08839e-06
5.25433e-06
2.90017e-06
7.82937e-07
1.8864e-07
1.55137e-06
3.94724e-06
5.77467e-06
5.85935e-06
4.00698e-06
9.05697e-07
0
0
0
0
0
0
0
0
0
0
0
0
2.3284e-06
4.78883e-06
5.5311e-06
5.4291e-06
5.56148e-06
5.60406e-06
5.35113e-06
5.06183e-06
4.63551e-06
3.55878e-06
1.97715e-06
5.48118e-07
0
0
0
2.61863e-07
2.21145e-07
0
0
3.87809e-07
2.50279e-07
0
0
0
0
0
0
3.55562e-06
4.44439e-06
0
0
0
0
0
0
0
0
0
0
0
0
0
0
0
0
0
0
0
0
0
0
0
0
0
8.16732e-07
0
0
0
0
0
0
0
0
0
0
0
0
0
0
0
0
0
0
0
0
0
3.89579e-07
0
2.49756e-07
2.26178e-06
3.09068e-06
3.24749e-06
3.95403e-06
8.25222e-06
1.44854e-05
1.57562e-05
1.2048e-05
4.53538e-06
0
0
0
0
0
0
0
0
0
0
0
0
0
0
9.63666e-06
3.48498e-05
3.26505e-05
2.27684e-05
3.16929e-05
2.07943e-05
6.1944e-06
0
0
0
0
0
0
4.92169e-06
7.22464e-06
3.21398e-06
0
0
0
0
0
0
0
0
7.98823e-07
5.55566e-06
7.7677e-06
8.11383e-06
7.37621e-06
6.25838e-06
5.23796e-06
4.48189e-06
3.96654e-06
3.66473e-06
3.7444e-06
4.2739e-06
5.21953e-06
6.25393e-06
6.68355e-06
6.1237e-06
5.27321e-06
4.51976e-06
4.21232e-06
4.55455e-06
5.34553e-06
6.24069e-06
6.9317e-06
7.23444e-06
7.11254e-06
6.65237e-06
6.00787e-06
5.34094e-06
4.86158e-06
4.66083e-06
4.54965e-06
4.21798e-06
3.47159e-06
2.11136e-06
2.667e-07
0
2.64079e-06
6.83942e-06
9.40967e-06
9.27248e-06
7.56088e-06
5.71588e-06
4.5029e-06
4.08204e-06
4.32727e-06
5.00829e-06
5.78563e-06
6.13704e-06
5.92271e-06
4.75396e-06
2.49535e-06
2.09911e-07
0
7.50335e-07
3.65834e-06
6.99097e-06
8.86673e-06
8.23106e-06
6.76891e-06
5.36155e-06
4.02243e-06
2.96845e-06
2.36904e-06
2.16343e-06
2.076e-06
1.61715e-06
1.09016e-06
9.41601e-07
6.22141e-07
1.43594e-06
9.72205e-07
0
1.80888e-07
1.19219e-06
1.42649e-06
3.91337e-07
0
1.01968e-07
0
1.16148e-07
3.20775e-06
4.64888e-06
1.8897e-06
0
0
0
0
0
0
0
0
0
0
0
0
0
0
0
0
0
0
0
0
0
0
0
3.70196e-08
1.99019e-07
3.62606e-08
0
0
0
0
0
0
0
0
0
0
0
0
0
0
0
0
0
0
0
0
0
2.88462e-07
0
0
7.68977e-07
2.53436e-06
3.2427e-06
4.5129e-06
8.95462e-06
1.42339e-05
1.67826e-05
1.50844e-05
9.35908e-06
0
0
3.4275e-06
0
0
0
0
0
0
6.92976e-06
0
0
0
0
0
2.86851e-05
2.82922e-05
0
1.08714e-05
0
0
0
0
0
0
0
0
0
0
0
0
0
0
0
0
0
0
0
0
4.74153e-07
2.69252e-06
3.34165e-06
2.35072e-06
1.773e-07
0
0
0
0
0
0
0
8.90836e-07
2.74336e-06
3.76706e-06
3.98969e-06
3.58809e-06
3.22096e-06
3.33211e-06
3.83768e-06
4.31287e-06
4.37947e-06
3.95912e-06
3.25062e-06
2.44677e-06
1.68465e-06
1.0824e-06
6.96346e-07
5.45103e-07
5.05723e-07
3.79308e-07
9.65215e-08
0
0
0
7.78512e-06
1.47154e-05
1.28807e-05
1.05818e-05
9.39986e-06
9.01897e-06
9.08234e-06
9.37279e-06
9.79064e-06
1.03183e-05
1.08218e-05
1.07676e-05
9.88435e-06
8.52221e-06
6.70809e-06
5.05089e-06
4.6577e-06
5.81443e-06
6.99397e-06
6.27334e-06
4.4114e-06
2.82031e-06
2.02589e-06
1.78821e-06
1.59356e-06
1.40199e-06
1.18464e-06
1.5409e-06
1.56382e-06
8.53008e-07
7.17015e-07
1.65328e-07
1.85278e-07
1.76227e-06
1.09553e-06
0
0
1.82667e-06
1.60312e-06
9.34388e-08
2.9929e-07
8.98424e-07
2.87033e-07
2.21572e-06
7.18066e-06
6.05327e-06
2.47891e-06
0
0
0
0
0
2.58236e-06
2.27268e-06
0
0
0
0
0
0
0
0
0
0
0
0
0
0
0
0
0
0
0
0
0
0
0
0
0
0
0
0
0
0
0
0
0
0
0
0
0
0
0
0
2.66279e-07
1.45057e-07
0
1.37153e-07
1.30974e-06
2.68601e-06
4.79458e-06
7.63461e-06
1.22064e-05
1.65139e-05
1.7333e-05
1.45583e-05
6.71188e-06
0
0
0
0
0
0
0
0
8.96701e-06
0
0
0
0
0
1.69995e-05
0
0
0
0
0
0
0
0
0
0
0
0
0
0
0
0
0
0
0
0
0
0
0
0
0
0
0
0
0
0
0
0
0
0
0
0
0
3.86513e-07
1.05948e-06
1.484e-06
1.70022e-06
1.54683e-06
7.23415e-07
0
0
0
0
0
0
0
0
0
0
0
0
0
0
0
1.68952e-06
3.64941e-06
3.60337e-06
3.45354e-06
3.47318e-06
3.59571e-06
3.73628e-06
3.76656e-06
3.47587e-06
2.84824e-06
2.05752e-06
1.36301e-06
9.86063e-07
8.62911e-07
7.49468e-07
4.83107e-07
1.24408e-07
0
0
7.67537e-08
2.82474e-07
3.04052e-07
2.66456e-07
1.36674e-07
4.14774e-10
0
0
3.35589e-07
4.94058e-07
2.61884e-07
3.32653e-07
0
6.60993e-07
1.57181e-06
5.00336e-07
0
1.02594e-07
3.03658e-07
0
0
0
5.26923e-07
9.71595e-07
8.22987e-06
1.37543e-05
1.15428e-05
6.15423e-06
4.81367e-07
0
0
0
3.22352e-06
6.78904e-06
3.69609e-06
0
0
0
0
0
0
0
0
0
0
0
0
0
0
0
0
0
0
0
0
0
0
0
0
0
0
0
0
0
0
1.23043e-07
3.76027e-08
0
0
0
0
1.59921e-07
8.9826e-08
0
0
2.0384e-07
1.64915e-07
0
0
5.17053e-07
1.98053e-06
3.71765e-06
5.51534e-06
9.67805e-06
1.46681e-05
1.7345e-05
1.72195e-05
1.3672e-05
6.19794e-06
0
0
0
0
0
0
0
4.21939e-06
0
0
0
0
0
0
0
0
0
0
0
0
0
0
0
0
0
0
0
0
0
0
0
0
0
0
0
0
0
0
0
0
0
0
0
0
0
0
0
0
0
0
0
0
0
0
0
0
0
0
0
0
0
0
0
0
0
0
0
0
0
6.71391e-08
3.66569e-07
3.67146e-07
2.77263e-07
2.01363e-07
1.45392e-07
9.99281e-08
5.74332e-08
4.58426e-09
0
0
0
0
0
0
0
7.30071e-08
1.49569e-07
1.37275e-07
4.70429e-08
0
0
0
9.34148e-08
1.77471e-07
2.00928e-07
1.91897e-07
2.05256e-07
0
0
8.01159e-07
6.15027e-07
3.14243e-07
1.86374e-07
0
7.06045e-07
1.17991e-06
0
0
0
0
0
0
0
0
3.77257e-06
1.09446e-05
1.53455e-05
2.04009e-05
1.65974e-05
7.24846e-06
0
0
0
5.7587e-06
7.26003e-06
1.09134e-06
0
0
0
0
0
0
0
0
0
0
0
0
0
0
0
0
0
0
0
0
0
3.94278e-08
1.55527e-07
2.31519e-07
2.61238e-07
2.83406e-07
3.24207e-07
3.34927e-07
3.14077e-07
2.70448e-07
1.67471e-07
8.58746e-08
2.55952e-08
0
0
1.25677e-07
2.85535e-07
1.51283e-08
0
0
6.99367e-08
0
0
0
0
9.52478e-07
2.15215e-06
3.63285e-06
6.92612e-06
1.12923e-05
1.39028e-05
1.48371e-05
1.37285e-05
8.34534e-06
0
0
0
0
0
2.13538e-08
0
0
0
0
0
0
0
0
3.12284e-07
0
6.4273e-08
5.67313e-08
4.15217e-08
2.25074e-08
2.38558e-09
0
0
0
0
0
0
0
0
0
0
0
0
0
0
0
0
0
0
0
0
0
0
0
0
0
3.45233e-10
4.24196e-09
9.93928e-09
1.75041e-08
2.5557e-08
3.1198e-08
3.22269e-08
2.56568e-08
1.3652e-08
0
0
0
0
0
0
0
0
0
0
0
0
0
0
0
0
0
0
0
1.19169e-08
6.39783e-08
1.0378e-07
1.22273e-07
1.27893e-07
1.07016e-07
1.05034e-07
8.95672e-08
4.1462e-08
6.33978e-08
1.42185e-07
1.81801e-07
7.0376e-08
3.86535e-08
4.37973e-08
5.01038e-08
4.70992e-08
6.14509e-08
5.51648e-08
6.35943e-08
9.87441e-08
2.28823e-07
3.78602e-07
0
3.17565e-07
1.7939e-06
1.41992e-06
6.9961e-07
1.18963e-07
0
3.39722e-08
4.57695e-07
0
0
0
0
0
0
0
0
0
0
9.7691e-06
1.85007e-05
2.25668e-05
1.94478e-05
1.10317e-05
0
0
5.93435e-06
1.88337e-06
0
0
0
0
0
0
0
0
0
0
0
0
0
0
0
0
0
2.54258e-09
5.08378e-08
9.29319e-08
1.38421e-07
1.91601e-07
2.45118e-07
2.83704e-07
2.91407e-07
2.76804e-07
2.68085e-07
2.53906e-07
2.04988e-07
1.53181e-07
1.24008e-07
9.2682e-08
4.90738e-08
0
0
0
7.3292e-08
3.77479e-08
0
0
0
0
0
0
0
0
9.67617e-08
8.57516e-07
1.82232e-06
4.28689e-06
7.57702e-06
9.47631e-06
9.88147e-06
9.3804e-06
4.75136e-06
0
0
0
0
0
0
0
0
0
0
0
0
0
0
5.97192e-07
0
2.2641e-08
1.53618e-08
7.80816e-09
3.0109e-10
0
0
0
0
0
0
0
0
0
0
0
0
0
0
0
0
0
0
0
0
0
0
0
0
0
0
3.43475e-09
9.89989e-09
1.59458e-08
2.16699e-08
2.66614e-08
2.99758e-08
3.06259e-08
2.77027e-08
2.18802e-08
1.49272e-08
7.59711e-09
5.0199e-11
0
0
0
0
0
2.23258e-09
1.79705e-08
5.15551e-08
9.06418e-08
8.50156e-08
0
0
0
0
0
0
0
0
0
0
9.80477e-08
1.80575e-07
2.9684e-07
3.68974e-07
3.92675e-07
5.78755e-07
8.84208e-07
9.20931e-07
4.93361e-07
1.54155e-07
0
0
4.42618e-08
1.29332e-07
1.11333e-07
8.64082e-08
1.24152e-07
2.60435e-07
3.69893e-07
0
5.37407e-07
2.63999e-06
2.56056e-06
1.5029e-06
2.12337e-07
0
0
1.7572e-07
0
0
0
0
0
0
0
0
0
1.07434e-05
3.12752e-05
3.48118e-05
2.3044e-05
1.12977e-05
3.69778e-06
1.15952e-06
1.79081e-07
0
0
0
0
0
0
0
0
0
0
0
0
0
0
0
0
1.22458e-07
1.41897e-07
1.22205e-07
1.14659e-07
1.34109e-07
1.64349e-07
1.89955e-07
2.07037e-07
2.17881e-07
2.19227e-07
2.05119e-07
1.84218e-07
1.72706e-07
1.61447e-07
1.3105e-07
9.9189e-08
8.72008e-08
6.19432e-08
9.32315e-09
0
0
0
0
0
0
0
0
0
0
0
0
0
6.40744e-08
1.18059e-07
0
6.64151e-08
6.33546e-07
2.81223e-06
6.08714e-06
9.63801e-06
3.20197e-06
0
0
0
0
4.40964e-09
1.53114e-07
0
0
0
0
0
0
0
0
1.64778e-07
0
0
0
0
0
0
0
0
0
0
0
0
0
0
0
0
0
0
0
0
0
0
0
0
0
0
0
0
0
0
1.64274e-09
1.07008e-08
1.70357e-08
2.14454e-08
2.39017e-08
2.39436e-08
2.12838e-08
1.61244e-08
9.74987e-09
3.24773e-09
0
0
0
0
0
0
0
0
0
0
8.40146e-09
6.25148e-08
7.88345e-08
0
0
0
0
0
0
0
0
0
0
0
1.13197e-07
3.39943e-07
5.34174e-07
7.21326e-07
1.20758e-06
2.03057e-06
2.65658e-06
2.02366e-06
1.0216e-06
1.69293e-07
0
0
6.23364e-08
2.89002e-07
4.28937e-07
4.68734e-07
2.87596e-07
0
0
0
1.25344e-06
2.90706e-06
2.16695e-06
8.84727e-07
0
0
5.31998e-08
0
0
0
0
0
0
0
0
0
3.26799e-06
2.70554e-05
6.92274e-05
3.08189e-05
4.15333e-06
5.74953e-07
7.34393e-08
0
0
0
0
0
0
0
0
0
0
0
0
0
0
0
7.26681e-08
1.4954e-07
1.64722e-07
1.354e-07
1.05468e-07
1.08563e-07
1.33506e-07
1.56993e-07
1.68956e-07
1.72249e-07
1.73256e-07
1.72011e-07
1.63163e-07
1.49844e-07
1.43732e-07
1.38793e-07
1.17223e-07
9.26644e-08
8.05183e-08
3.9694e-08
0
0
6.80476e-09
0
0
0
0
0
0
2.131e-07
0
0
0
1.1269e-07
3.00179e-07
1.12063e-07
0
0
0
2.54844e-07
4.59961e-06
9.73885e-06
6.42073e-07
0
0
0
0
0
4.61937e-07
0
0
0
1.20332e-07
0
0
0
0
0
0
0
0
0
0
0
0
0
0
0
0
0
0
0
0
0
0
0
0
0
0
0
0
0
0
0
0
0
0
0
5.79819e-09
1.20927e-08
1.58012e-08
1.72157e-08
1.61393e-08
1.22955e-08
5.87292e-09
0
0
0
0
0
0
0
0
0
0
0
0
0
0
0
2.01326e-08
0
0
0
0
0
0
0
0
0
0
0
0
2.2157e-07
5.3202e-07
9.34213e-07
2.052e-06
5.49676e-06
8.49652e-06
6.75907e-06
5.42556e-06
3.46726e-06
1.38539e-06
0
0
4.49687e-07
1.32073e-06
1.77493e-06
8.63968e-07
0
0
0
0
1.15029e-06
3.04875e-06
4.58475e-06
0
0
0
3.19348e-06
0
0
0
0
0
0
0
0
1.00756e-06
1.13437e-05
5.52508e-05
2.5057e-05
1.65391e-06
3.76812e-08
0
0
0
0
0
0
0
0
0
0
0
0
0
1.56178e-07
6.1473e-07
7.57942e-07
5.50869e-07
1.29842e-07
0
0
0
3.59031e-08
9.70604e-08
1.33738e-07
1.5017e-07
1.55316e-07
1.57158e-07
1.5764e-07
1.51484e-07
1.40096e-07
1.34716e-07
1.30295e-07
1.10367e-07
8.86742e-08
7.63605e-08
2.53977e-08
0
0
2.01221e-08
0
0
0
0
0
3.3302e-07
6.72073e-07
8.59464e-08
0
0
2.96977e-07
3.84372e-07
1.669e-07
2.76547e-08
0
0
0
4.01159e-06
1.00941e-05
5.58192e-07
0
0
0
0
0
1.1351e-06
0
0
1.07995e-07
2.96395e-07
2.5795e-08
0
0
0
0
0
7.40104e-07
8.6526e-08
3.29842e-08
1.43858e-07
1.11999e-07
0
0
0
0
0
0
0
0
0
2.2678e-07
7.70343e-07
6.54483e-07
5.58588e-08
0
0
0
4.45283e-06
0
0
3.00121e-07
5.86532e-07
0
0
5.62555e-08
3.97426e-08
0
0
0
0
0
0
0
0
0
0
7.50481e-07
5.75893e-07
3.74342e-08
0
0
8.1544e-07
1.0496e-05
0
0
0
1.40397e-07
0
0
0
0
0
0
0
0
0
0
0
0
0
0
0
9.58361e-07
5.36976e-08
0
8.70227e-07
7.44776e-06
3.70706e-05
0
0
0
0
0
0
0
0
0
0
0
0
0
0
0
0
0
0
0
0
5.33168e-06
1.99117e-05
2.46974e-05
3.2717e-05
5.19824e-05
0
0
0
0
0
0
0
0
0
0
0
0
0
0
0
0
2.62475e-07
0
0
0
1.17846e-05
3.64939e-05
4.08058e-05
4.36489e-05
5.39209e-05
0
0
0
0
0
0
0
0
0
0
0
0
0
0
0
0
1.10966e-06
0
0
3.35906e-07
1.48826e-05
3.95488e-05
4.69372e-05
4.78774e-05
4.896e-05
0
0
0
0
0
0
0
0
0
0
0
0
0
0
0
0
2.49007e-06
5.82993e-07
0
4.46354e-06
1.97195e-05
4.19963e-05
5.18934e-05
4.81373e-05
3.84131e-05
2.15405e-05
0
0
0
0
0
0
0
0
0
0
0
0
0
0
0
4.70799e-06
5.10691e-06
3.35686e-06
1.01673e-05
2.54386e-05
4.43764e-05
5.51389e-05
4.58319e-05
2.47044e-05
5.52265e-05
0
0
0
0
0
0
0
0
0
0
0
0
0
0
9.51715e-06
1.03672e-05
1.39509e-05
1.04019e-05
1.67798e-05
3.09687e-05
4.67593e-05
5.70453e-05
4.21172e-05
3.98993e-06
7.92407e-05
0
0
0
0
0
0
0
0
0
0
0
0
0
0
4.41915e-05
3.29068e-05
2.7941e-05
1.97109e-05
2.36023e-05
3.56554e-05
4.8777e-05
5.80916e-05
3.81691e-05
0
8.63779e-05
0
0
0
0
0
0
0
0
0
0
0
0
0
4.47769e-06
7.2326e-05
8.26891e-05
4.37931e-05
2.99609e-05
2.98496e-05
3.91959e-05
5.03885e-05
5.75785e-05
3.11238e-05
0
8.29984e-05
0
0
0
0
0
0
0
0
0
0
0
0
0
2.42596e-05
9.87998e-05
0.000126204
5.36875e-05
3.94076e-05
3.5069e-05
4.17291e-05
5.13508e-05
5.49196e-05
1.85286e-05
2.97991e-05
8.32377e-05
0
0
0
0
0
0
0
0
0
0
0
1.84355e-05
0
4.54033e-05
0.000120968
0.000146129
5.28058e-05
4.66516e-05
3.92406e-05
4.32634e-05
5.15867e-05
5.02002e-05
9.43519e-07
7.40656e-05
8.94155e-05
7.76278e-06
0
0
0
0
0
0
0
0
0
0
3.01705e-05
0
4.71582e-05
0.000127211
0.000142326
4.3234e-05
5.11197e-05
4.23005e-05
4.37528e-05
5.09441e-05
4.36093e-05
0
6.63586e-05
9.53329e-05
1.42735e-05
0
0
0
0
0
0
0
0
0
0
3.35486e-05
0
0
9.53363e-05
9.07422e-05
2.9362e-05
5.2834e-05
4.42986e-05
4.35661e-05
4.94151e-05
3.53527e-05
0
5.35655e-05
9.57894e-05
1.94248e-05
0
0
0
0
0
0
0
0
0
0
3.4338e-05
0
0
1.39027e-05
0
1.41619e-05
5.22171e-05
4.54144e-05
4.27547e-05
4.66271e-05
2.57145e-05
0
4.58798e-05
9.14174e-05
2.34184e-05
0
0
0
0
0
0
0
0
0
1.58354e-06
2.84219e-05
0
0
0
0
0
4.97982e-05
4.58416e-05
4.12347e-05
4.28164e-05
1.48802e-05
0
4.25651e-05
8.48684e-05
2.63785e-05
0
0
0
0
0
0
0
0
0
2.26275e-06
4.83935e-06
0
0
0
0
0
4.59781e-05
4.57464e-05
3.90643e-05
3.77715e-05
3.15707e-06
0
4.25765e-05
7.8519e-05
2.84656e-05
0
0
0
0
0
0
0
0
0
0
0
0
0
0
0
0
4.0956e-05
4.51262e-05
3.62041e-05
3.11032e-05
0
0
4.53422e-05
7.34502e-05
2.98611e-05
0
0
0
0
0
0
0
0
0
0
0
7.13491e-06
0
0
0
0
3.47866e-05
4.38826e-05
3.25872e-05
2.26261e-05
0
0
5.05386e-05
6.97607e-05
3.07525e-05
0
0
0
0
0
0
0
0
0
0
0
2.22991e-05
0
0
0
0
2.75354e-05
4.16555e-05
2.77304e-05
1.1593e-05
0
0
5.81572e-05
6.73336e-05
3.1375e-05
0
0
0
0
0
0
0
0
0
0
0
3.27859e-05
0
0
0
0
1.93595e-05
3.76179e-05
2.1308e-05
0
0
2.31883e-05
6.84211e-05
6.61559e-05
3.18554e-05
1.31107e-07
0
0
0
0
0
0
0
0
0
0
3.95245e-05
0
0
0
0
1.05437e-05
3.02677e-05
1.26325e-05
0
0
5.40964e-05
8.15058e-05
6.60556e-05
3.22205e-05
4.84533e-06
9.38564e-07
0
0
0
0
0
0
0
0
0
4.25324e-05
1.37805e-05
0
0
0
1.66742e-06
1.82169e-05
1.77904e-06
0
8.00886e-07
8.92521e-05
9.75834e-05
6.69632e-05
3.2455e-05
1.03151e-05
9.89875e-07
0
0
0
0
0
0
0
0
0
4.29391e-05
2.71875e-05
0
0
0
0
3.18305e-06
0
0
4.98623e-05
0.000123819
0.00011711
6.88288e-05
3.25187e-05
1.67212e-05
2.1864e-07
0
0
0
0
0
0
0
0
0
4.1102e-05
3.72747e-05
0
0
0
0
0
0
5.79257e-05
0.000108092
0.000150197
0.000140677
7.15422e-05
3.21154e-05
2.43117e-05
0
0
0
0
0
0
0
0
0
0
3.56244e-05
4.28216e-05
0
0
0
0
0
0
9.3894e-05
0.000133031
0.000158231
0.000166714
7.51298e-05
3.09143e-05
3.3196e-05
0
0
0
0
0
0
0
0
0
0
2.6983e-05
4.77394e-05
3.39195e-06
0
0
0
0
0
3.9461e-05
0.000117036
0.000157533
0.00020693
8.93816e-05
3.17298e-05
4.7203e-05
0
0
0
0
0
0
0
2.18401e-05
2.53258e-06
0
7.42427e-06
4.39901e-05
1.02467e-05
0
0
0
0
0
0
6.79002e-05
0.000123235
0.000216753
9.84528e-05
2.70723e-05
5.96091e-05
0
0
0
0
0
0
8.38196e-06
8.63952e-05
8.34504e-06
0
0
3.43645e-05
1.21691e-05
0
0
0
0
0
0
2.40636e-05
7.89244e-05
0.000191708
0.000104858
1.80453e-05
7.33174e-05
0
0
0
0
0
0
4.30319e-05
0.0001999
4.26211e-05
0
0
1.75946e-05
8.8679e-06
0
0
0
0
0
0
0
3.43804e-05
0.000122298
4.66519e-05
2.85086e-06
8.56679e-05
0
0
0
0
0
0
8.23503e-05
0.000300055
0.000210425
0
0
0
1.12641e-06
0
0
0
0
0
0
0
0
4.73828e-05
0
0
9.16857e-05
0
0
0
0
0
7.56038e-06
0.000110513
0.000314961
0.000264635
0
0
0
0
0
0
0
0
0
0
0
0
1.03721e-06
0
0
8.54435e-05
0
0
0
0
0
1.48759e-05
0.000123029
0.000287173
0.000259281
0
0
0
0
0
0
0
0
0
0
0
0
0
0
0
6.38825e-05
0
0
0
0
0
1.87917e-05
0.000125071
0.000265697
0.00027682
0
0
0
0
0
0
0
0
0
0
0
0
0
0
0
3.24368e-05
0
0
0
0
0
2.14156e-05
0.000126432
0.000260804
0.000311187
0.000141839
1.08928e-05
0
0
0
0
0
0
0
0
0
0
0
0
0
2.10751e-06
6.02563e-07
4.6275e-06
4.219e-06
3.22068e-06
7.25508e-06
2.76272e-05
0.000136596
0.000270674
0.000362693
0.000258952
8.87631e-05
2.07229e-05
0
0
0
0
0
0
0
0
0
0
0
0
0
0
1.64662e-05
1.49738e-05
1.53037e-05
2.12778e-05
4.22385e-05
0.00016187
0.00029579
0.000440396
0.000354177
0.000145662
3.58702e-05
0
0
0
0
0
0
0
0
0
0
6.39099e-06
0
0
0
1.87779e-05
1.80734e-05
2.43443e-05
4.40027e-05
6.98207e-05
0.000205058
0.000356245
0.000559419
0.000427291
0.000176186
3.74468e-05
0
0
0
0
0
0
0
0
0
0
1.36448e-05
0
0
0
1.58664e-05
5.81018e-06
8.5924e-06
5.65556e-05
0.00012408
0.000283924
0.000522812
0.000737827
0.000471015
0.000179842
2.87107e-05
0
0
0
0
0
0
0
0
0
0
1.65807e-05
0
0
2.95907e-06
1.168e-05
0
0
0
0.00012617
0.00040753
0.00035318
0.000867909
0.000471904
0.000161818
1.49653e-05
0
0
0
0
0
0
0
0
0
0
1.64819e-05
1.01805e-06
0
5.30482e-06
4.89887e-06
0
0
0
0
0
0
0.000381006
0.000421423
0.000130338
3.51835e-07
0
0
0
0
0
0
0
0
0
0
1.44863e-05
3.87285e-06
0
6.61709e-06
0
0
0
0
1.23959e-05
0
0
0
0.000318374
9.26499e-05
0
0
0
0
0
0
0
0
0
0
0
1.07469e-05
6.55508e-06
0
7.78936e-06
0
0
0
0
3.75762e-05
4.24318e-06
0
0
0.000211503
6.00146e-05
0
0
0
0
0
0
0
0
0
0
0
5.86656e-06
9.32256e-06
0
4.82005e-06
1.66194e-06
0
0
7.15707e-06
5.52619e-05
3.22037e-05
0
0
0.000128047
3.73573e-05
0
0
0
0
0
0
0
0
0
0
0
1.26593e-07
1.21444e-05
0
1.26747e-06
6.81899e-06
0
0
2.11321e-05
6.40885e-05
4.54585e-05
0
0
7.11864e-05
2.16011e-05
0
0
0
0
0
0
0
0
0
0
0
0
1.46883e-05
0
4.28313e-07
1.24565e-05
0
0
2.81663e-05
6.69946e-05
5.40493e-05
1.6501e-05
0
3.24555e-05
8.82593e-06
0
0
0
0
0
0
0
0
0
0
0
0
1.62239e-05
0
6.57826e-06
1.90573e-05
0
4.00155e-06
3.15558e-05
6.3657e-05
5.93902e-05
3.32184e-05
0
2.09562e-06
0
0
0
0
0
0
0
0
0
0
0
0
0
1.60347e-05
0
2.00122e-05
1.23906e-05
0
1.25179e-05
3.25991e-05
5.67507e-05
6.04699e-05
4.32541e-05
0
0
0
0
0
0
0
0
0
0
0
0
0
0
0
1.50365e-05
4.7878e-07
2.88551e-06
0
0
1.11788e-05
3.08293e-05
4.84217e-05
5.76298e-05
4.45264e-05
8.78336e-06
0
0
0
0
0
0
0
0
0
0
0
0
0
0
1.47949e-05
7.01484e-06
0
0
0
3.20534e-06
2.66177e-05
3.89153e-05
5.1536e-05
3.93549e-05
3.41226e-05
0
0
0
0
0
0
0
0
0
0
0
0
0
1.46955e-07
1.59841e-05
9.08074e-07
0
0
0
0
1.47395e-05
2.96943e-05
4.33228e-05
3.34671e-05
4.18041e-05
0
0
0
0
0
0
0
0
0
0
0
0
0
5.63971e-08
2.05146e-06
0
0
0
0
0
4.4132e-07
2.16189e-05
3.41813e-05
2.96427e-05
2.38901e-05
3.8488e-05
0
0
0
0
0
0
0
0
0
0
0
0
9.49849e-08
1.09121e-08
0
2.07362e-07
0
0
0
0
5.46572e-06
2.83424e-05
2.90164e-05
8.43735e-06
8.66134e-06
0
0
0
0
0
0
0
0
0
0
0
0
0
0
0
4.17756e-07
0
1.11761e-07
0
5.65924e-07
7.83318e-07
1.52145e-05
3.90924e-05
4.11082e-06
1.92301e-07
1.79524e-07
1.24774e-07
1.80497e-08
0
0
0
0
0
0
0
0
0
0
0
0
5.41814e-07
2.37593e-07
2.63349e-07
0
1.88154e-06
8.86419e-08
2.91867e-06
4.35338e-05
3.82063e-06
0
1.14135e-07
1.2837e-07
1.69507e-07
4.67112e-08
0
0
0
0
0
0
0
0
0
0
0
6.14507e-07
3.7819e-07
4.03316e-07
0
3.36077e-06
0
2.43754e-06
2.70671e-05
2.8757e-06
0
1.44299e-07
1.62974e-07
2.20434e-07
1.77438e-07
0
0
1.02301e-07
4.06302e-10
0
0
0
0
0
0
0
)
;

boundaryField
{
    inlet
    {
        type            calculated;
        value           nonuniform List<scalar> 
30
(
3.96283e-20
5.28996e-20
9.96192e-20
2.11005e-17
0
0
1.36794e-17
1.79117e-16
1.96024e-16
7.61507e-17
0
5.13127e-17
5.69871e-17
5.87417e-17
3.56939e-17
3.57512e-17
4.98581e-18
3.30188e-17
0
0
2.91449e-18
0
0
0
3.11148e-17
2.06189e-17
0
1.4564e-19
1.35577e-19
1.26533e-19
)
;
    }
    outlet
    {
        type            calculated;
        value           nonuniform List<scalar> 
57
(
1.67865e-19
0
0
0
0
0
0
0
0
0
0
0
0
0
0
0
0
0
0
0
0
7.33314e-20
2.71011e-18
5.76946e-18
9.35258e-18
1.35981e-17
1.85673e-17
2.41014e-17
3.04358e-17
3.74352e-17
4.37412e-17
4.68138e-17
4.36266e-17
3.26178e-17
1.65619e-17
1.07607e-18
0
0
0
0
0
0
0
0
0
0
0
0
3.44143e-19
5.29814e-18
7.20657e-19
0
0
0
0
0
0
)
;
    }
    upperWall
    {
        type            fixedValue;
        value           uniform 0;
    }
    lowerWall
    {
        type            fixedValue;
        value           uniform 0;
    }
    frontAndBack
    {
        type            empty;
    }
}


// ************************************************************************* //
