/*--------------------------------*- C++ -*----------------------------------*\
| =========                 |                                                 |
| \\      /  F ield         | OpenFOAM: The Open Source CFD Toolbox           |
|  \\    /   O peration     | Version:  2112                                  |
|   \\  /    A nd           | Website:  www.openfoam.com                      |
|    \\/     M anipulation  |                                                 |
\*---------------------------------------------------------------------------*/
FoamFile
{
    version     2.0;
    format      ascii;
    arch        "LSB;label=32;scalar=64";
    class       volScalarField;
    location    "0.14";
    object      nut;
}
// * * * * * * * * * * * * * * * * * * * * * * * * * * * * * * * * * * * * * //

dimensions      [0 2 -1 0 0 0 0];

internalField   nonuniform List<scalar> 
12225
(
1.13558e-07
0
0
0
0
0
0
0
0
0
0
0
0
0
0
0
0
0
1.08341e-07
0
0
0
0
0
0
0
0
0
0
0
0
0
0
0
0
0
3.386e-08
0
0
0
0
0
0
0
0
0
0
0
0
0
0
0
0
0
0
0
0
0
0
0
0
0
0
0
0
0
0
0
0
0
0
0
0
4.23936e-05
6.64997e-05
0
0
0
2.91693e-05
2.27808e-05
1.27494e-05
0
0
0
0
0
0
0
0
0
0
0
0
0
0
0
1.26607e-05
1.9826e-05
1.28807e-05
2.48001e-06
1.24627e-06
2.17731e-06
2.50477e-06
3.68348e-06
1.86384e-07
2.65498e-06
4.03808e-06
4.6812e-06
0
0
0
0
7.8534e-08
1.10507e-05
7.10184e-06
8.64426e-06
1.04885e-05
5.82949e-06
8.42945e-06
1.11555e-05
1.16912e-05
1.37359e-05
1.85181e-05
1.65477e-05
1.09794e-05
8.67037e-06
0
0
0
6.1172e-07
2.68993e-05
2.0437e-05
1.30892e-06
7.31095e-07
1.00866e-05
1.30874e-05
1.63977e-05
1.78282e-05
1.48708e-05
2.41399e-05
3.08446e-05
2.37055e-05
1.45857e-05
6.31957e-06
0
0
0
1.18094e-07
2.56851e-06
0
0
2.72631e-07
2.8231e-05
3.2465e-05
2.24838e-05
1.76039e-05
1.22542e-05
3.13161e-05
5.43029e-05
3.31705e-05
1.97207e-05
1.54378e-05
0
0
0
0
1.37733e-05
5.11872e-07
1.70171e-05
4.71159e-05
4.66276e-05
4.13331e-05
2.96627e-05
1.76612e-05
5.4377e-06
1.61156e-05
6.2782e-05
3.5928e-05
2.31343e-05
1.8161e-05
0
0
0
0
0
0
2.66461e-05
0.00011724
7.85762e-05
5.60159e-05
4.10868e-05
2.27716e-05
1.03466e-05
5.8517e-06
6.41117e-06
9.29933e-06
1.21479e-05
1.36881e-05
0
0
0
0
0
0
0
3.31194e-05
7.42998e-05
8.2822e-05
3.6381e-05
1.40603e-05
9.01943e-06
8.34314e-06
7.12294e-06
4.82488e-06
5.83164e-07
0
0
0
0
7.81663e-07
3.21882e-05
5.93464e-05
7.73208e-06
0
0
1.07915e-05
6.41186e-06
4.33297e-06
8.44248e-06
1.28108e-05
1.3059e-05
9.6428e-06
3.49139e-06
0
0
0
0
1.97129e-05
4.33796e-05
5.40362e-05
1.06855e-05
0
0
0
0
0
1.90166e-06
1.62172e-05
1.98709e-05
1.58891e-05
8.83555e-06
2.09872e-06
0
0
0
3.81661e-05
7.35843e-05
6.60164e-05
2.14318e-05
0
0
0
0
0
2.36903e-07
2e-05
1.8908e-05
1.03823e-05
2.19332e-06
0
1.22455e-05
1.41272e-05
0
1.02403e-07
1.75236e-05
2.38327e-07
0
0
0
1.23952e-05
0
0
1.68481e-05
2.22561e-05
8.79077e-06
8.61563e-07
0
0
2.9359e-05
3.93538e-05
4.0017e-05
0
0
0
0
0
0
0.000118052
7.44614e-05
6.40606e-05
4.27906e-05
0
0
0
0
0
3.9604e-05
6.45828e-05
6.69872e-06
0
0
0
0
0
0
7.40977e-05
9.41085e-05
3.02972e-05
0
0
0
0
0
0
1.82091e-05
5.16617e-05
6.19908e-05
3.00924e-05
0
5.43117e-06
0
0
0
0
0
0
0
0
0
0
0
0
6.07644e-05
5.79451e-05
4.16903e-05
0
0
0.00011485
8.91621e-05
6.69972e-05
1.5779e-05
0
0
0
0
0
0
0
0
0
5.60661e-05
0
0
0
2.49556e-05
0.000179536
0.000140073
6.23808e-05
1.36099e-05
1.52552e-07
0
0
0
0
0
0
0
0
8.00147e-05
2.43122e-05
0
0
0.000241561
0.00024209
6.77293e-05
0
0
0
0
0
0
0
0
0
0
0
8.48613e-05
0.000154118
7.93163e-06
0
9.90342e-05
7.05759e-07
0
0
0
0
0
0
0
0
0
0
0
0
6.32753e-05
0.000109445
8.69752e-05
0
2.24092e-05
6.5633e-05
4.11574e-05
5.29985e-06
0
0
0
0
0
0
0
0
0
0
6.96958e-05
9.33234e-05
5.66473e-05
6.56454e-05
6.56621e-05
7.11013e-05
7.83274e-05
5.99116e-05
0
0
0
0
0
0
0
0
0
0
1.21434e-05
1.8177e-05
1.96922e-05
3.0544e-05
1.52088e-05
0
0
0
0
0
0
0
0
0
0
0
0
0
0
0
0
1.70345e-06
2.03897e-06
3.3105e-07
0
0
0
0
0
0
0
0
0
0
0
0
0
0
0
0
0
0
0
0
0
0
0
0
0
0
0
0
0
0
0
0
0
0
0
0
0
0
0
0
0
0
0
0
0
0
0
0
0
0
0
0
0
0
0
0
0
0
0
0
0
0
0
0
0
0
0
1.59128e-06
1.76093e-05
0
0
0
0
3.26031e-06
3.99264e-06
2.76401e-06
1.21217e-06
1.61464e-07
0
0
0
3.50913e-07
7.01646e-07
9.56092e-07
1.06452e-06
1.047e-06
9.87588e-07
9.9503e-07
1.14865e-06
1.3955e-06
1.4768e-06
1.39854e-06
1.07098e-06
0
0
0
8.39271e-07
3.57003e-06
6.15834e-06
5.5943e-06
2.4199e-06
2.71347e-06
3.43004e-06
2.22397e-06
9.31952e-08
0
0
0
0
0
0
3.65278e-07
1.0424e-06
1.75412e-06
2.48995e-06
3.2916e-06
4.03878e-06
4.78105e-06
5.24693e-06
5.43251e-06
5.01065e-06
4.97333e-06
1.06564e-05
3.71288e-05
6.83855e-05
2.49271e-05
0
0
0
1.8112e-05
0.000107675
0.000100192
4.72031e-05
1.79471e-05
5.73429e-06
8.56183e-07
0
0
0
0
4.4439e-07
8.00351e-07
1.01408e-06
1.10598e-06
1.10744e-06
1.05078e-06
9.57593e-07
8.44687e-07
7.2414e-07
6.02743e-07
4.80179e-07
3.59847e-07
2.38711e-07
1.15983e-07
0
0
0
0
0
0
0
0
0
0
0
0
0
0
0
0
0
0
0
0
0
0
0
0
0
0
0
0
0
0
0
0
0
0
8.20905e-08
0
0
0
0
0
0
0
0
0
0
0
0
0
0
0
0
0
5.23926e-08
1.40569e-07
2.63877e-08
0
0
0
0
0
0
7.1477e-08
0
0
0
0
9.33409e-09
1.46304e-06
1.5515e-06
0
0
4.79047e-07
2.38362e-07
0
1.78531e-07
5.56588e-06
1.83439e-05
3.45381e-05
5.78746e-05
4.4063e-05
8.18879e-06
1.97274e-06
1.01402e-06
7.09307e-07
4.61478e-07
2.21787e-07
6.9772e-09
0
0
0
0
0
0
0
0
0
3.34668e-07
4.05853e-06
7.24977e-06
9.15956e-06
9.49679e-06
8.36772e-06
6.21111e-06
3.76149e-06
1.80778e-06
7.31592e-07
3.9323e-07
4.50358e-07
6.69831e-07
9.36162e-07
1.20727e-06
1.48177e-06
1.79336e-06
2.18418e-06
2.70328e-06
3.18959e-06
3.11975e-06
2.48941e-06
1.8502e-06
0
0
0
0
0
0
0
0
0
0
3.69608e-07
7.85902e-07
0
0
0
0
0
0
2.38543e-07
7.56953e-07
1.27832e-06
1.81328e-06
2.36928e-06
2.88271e-06
3.42781e-06
3.95568e-06
4.61725e-06
5.60496e-06
8.57501e-06
1.70889e-05
2.82776e-05
2.20589e-05
0
0
0
0
0
4.54297e-07
1.81172e-05
1.91245e-05
1.21891e-05
6.8689e-06
3.42517e-06
1.4345e-06
5.08699e-07
3.4205e-07
5.27889e-07
8.17753e-07
1.05461e-06
1.1911e-06
1.23743e-06
1.21397e-06
1.14109e-06
1.04032e-06
9.21338e-07
7.95736e-07
6.65921e-07
5.3414e-07
4.02699e-07
2.69046e-07
1.31822e-07
0
0
0
0
0
0
0
0
0
0
0
0
0
0
0
0
0
0
0
0
0
0
0
0
0
0
0
0
0
0
0
0
0
0
0
2.57896e-08
0
0
0
0
0
0
0
0
0
0
0
0
0
0
0
0
3.51989e-08
9.33997e-08
3.80649e-08
0
0
0
0
0
0
0
0
0
0
0
0
4.32374e-07
6.24845e-07
0
0
2.93904e-07
5.3411e-07
0
8.04758e-07
9.92049e-06
3.39261e-05
6.15383e-05
6.52063e-05
4.12283e-05
1.6977e-05
5.94614e-06
2.75437e-06
1.60828e-06
9.53134e-07
4.71059e-07
1.0579e-07
0
0
0
0
0
2.72649e-06
6.50997e-06
0
5.66613e-07
3.98918e-06
7.85897e-06
1.08013e-05
1.24077e-05
1.26328e-05
1.19569e-05
1.06961e-05
8.87939e-06
6.58277e-06
4.00533e-06
1.40261e-06
0
0
0
0
0
0
0
2.24637e-06
5.04435e-06
6.28288e-06
6.19044e-06
6.17948e-06
0
0
0
0
0
0
0
0
0
0
0
0
0
0
4.1183e-07
3.10805e-07
0
0
0
0
0
0
0
0
0
0
0
0
0
0
0
0
0
0
0
8.69444e-07
2.6236e-06
2.7085e-06
1.14194e-05
1.34003e-05
9.85286e-06
7.78536e-06
6.25587e-06
5.21039e-06
4.62942e-06
4.26865e-06
3.79206e-06
3.27061e-06
2.85118e-06
2.51827e-06
2.24324e-06
1.99507e-06
1.72559e-06
1.44502e-06
1.18624e-06
9.43618e-07
7.36334e-07
5.5805e-07
4.01103e-07
2.69924e-07
1.40573e-07
0
0
0
0
0
0
0
0
0
0
0
0
0
0
0
0
0
0
0
0
0
0
0
0
0
0
0
0
0
0
0
0
0
0
0
0
0
0
0
0
0
0
0
0
0
0
0
0
1.0869e-09
2.61222e-08
3.73771e-08
2.68995e-08
6.90929e-09
9.22652e-09
2.02946e-08
1.53535e-08
6.70222e-08
1.99479e-07
0
0
0
0
0
0
0
0
0
0
0
0
0
0
2.33431e-06
6.14431e-07
6.43796e-06
3.85477e-05
5.82792e-05
4.89723e-05
3.64682e-05
2.9023e-05
2.30142e-05
1.67845e-05
1.09209e-05
6.40118e-06
3.43591e-06
1.61809e-06
5.58719e-07
0
0
0
0
0
3.38744e-05
5.26785e-06
4.5959e-07
4.81499e-07
3.05933e-06
7.02428e-06
1.12685e-05
1.3802e-05
1.39881e-05
1.26775e-05
1.06969e-05
8.44569e-06
6.02688e-06
3.50499e-06
4.48189e-07
0
0
0
0
0
0
0
0
0
0
3.92335e-07
3.60697e-06
5.83533e-06
6.54046e-06
5.83909e-06
4.53149e-06
2.95614e-06
0
0
0
0
0
0
1.75729e-06
3.40677e-06
3.83948e-06
3.48183e-06
2.5465e-06
1.14082e-06
0
0
0
0
0
0
0
0
0
0
0
0
0
0
0
0
0
0
3.18454e-06
6.46269e-06
5.60106e-06
1.21712e-05
1.45907e-05
1.5214e-05
1.66149e-05
1.54794e-05
1.19033e-05
7.63837e-06
4.11127e-06
1.91831e-06
8.98431e-07
7.2991e-07
1.16221e-06
1.98115e-06
2.59322e-06
2.8005e-06
2.92242e-06
3.13316e-06
3.61819e-06
4.43209e-06
5.5055e-06
6.34833e-06
5.46305e-06
1.29146e-06
0
0
0
0
0
0
0
0
0
0
0
0
0
0
0
0
0
0
0
0
0
0
0
0
0
0
0
0
0
0
0
0
0
0
0
0
0
0
0
0
0
0
0
0
0
0
0
0
0
0
8.64876e-07
1.48954e-06
1.75124e-06
1.28674e-06
0
0
5.64874e-06
5.23679e-06
0
0
0
0
0
0
0
0
0
0
0
0
0
0
0
1.103e-05
1.73744e-05
2.90349e-05
3.34357e-05
2.6282e-05
2.36248e-05
2.25315e-05
2.15871e-05
2.10979e-05
2.08501e-05
2.20829e-05
2.34189e-05
1.82e-05
0
2.86153e-05
1.12119e-05
0
0
0
2.00778e-05
7.05907e-06
2.9488e-06
2.28839e-06
3.7256e-06
7.84841e-06
1.24972e-05
1.24683e-05
9.36642e-06
6.43668e-06
4.60872e-06
4.05962e-06
4.48638e-06
5.21734e-06
5.13917e-06
3.04018e-06
0
0
0
0
0
0
0
0
0
0
1.58531e-06
3.22821e-06
4.04972e-06
3.61535e-06
2.00091e-06
7.58851e-07
6.35148e-07
2.53222e-06
5.40711e-06
7.29847e-06
8.29757e-06
8.75527e-06
8.87985e-06
8.12323e-06
6.49343e-06
4.27674e-06
2.43664e-06
2.03297e-06
3.34626e-06
4.82293e-06
4.33367e-06
2.09408e-06
0
0
0
0
0
0
0
0
0
0
0
0
0
0
2.16945e-06
4.65301e-06
8.51537e-06
1.22673e-05
9.80424e-06
6.37221e-06
3.292e-06
1.17567e-06
0
0
0
0
0
0
8.31758e-07
1.73326e-06
1.86371e-06
1.38675e-06
8.56587e-07
6.26833e-07
6.83317e-07
9.21332e-07
1.19959e-06
1.01848e-06
0
0
0
0
0
0
0
0
0
0
0
0
0
0
0
0
0
0
0
0
0
0
0
0
0
0
0
0
0
0
0
0
0
0
0
0
0
0
0
0
0
0
0
0
0
0
0
0
0
0
0
0
8.14757e-07
1.70974e-06
2.12964e-06
1.66137e-06
0
0
0
1.09572e-06
2.07341e-06
0
0
0
0
0
0
0
0
0
0
0
0
0
0
0
9.28285e-06
2.05025e-05
2.65894e-05
2.2196e-05
2.09485e-05
2.05608e-05
2.03396e-05
2.14581e-05
2.50122e-05
2.70075e-05
2.10102e-05
0
0
2.6745e-05
1.94358e-05
5.70598e-06
0
0
1.17368e-05
1.01645e-05
6.17578e-06
3.92197e-06
3.8421e-06
1.67373e-06
0
0
0
0
0
0
1.19771e-07
6.74578e-06
1.05739e-05
1.14312e-05
9.16742e-06
2.30155e-06
0
0
0
0
0
0
0
0
0
0
0
0
0
0
2.17881e-06
5.32431e-06
6.86879e-06
7.64918e-06
7.83706e-06
7.30909e-06
4.66121e-06
0
0
0
0
0
2.01762e-05
3.53486e-05
2.94259e-05
1.94252e-05
1.04329e-05
3.64242e-06
0
0
0
0
0
0
0
0
0
0
0
0
5.16276e-07
6.08868e-06
5.72484e-06
3.16382e-06
1.84102e-06
9.37442e-07
1.0889e-07
0
0
0
0
0
0
0
4.32057e-07
7.07953e-07
5.61881e-07
1.23313e-07
0
0
9.99674e-09
1.01606e-07
2.08335e-07
5.31455e-08
0
0
0
0
0
0
0
0
0
0
0
0
0
0
0
0
0
0
0
0
0
0
0
0
0
0
0
0
0
0
0
0
0
0
0
0
0
0
0
0
0
0
0
0
0
0
0
0
0
0
0
0
1.12391e-06
2.08253e-06
2.4774e-06
1.748e-06
0
0
0
0
5.35982e-07
7.92836e-08
0
0
0
0
0
0
0
0
0
0
0
0
0
0
5.84716e-06
1.47082e-05
2.09208e-05
1.97398e-05
1.97477e-05
1.99794e-05
2.13099e-05
2.59773e-05
2.88245e-05
2.40811e-05
6.1796e-06
0
3.39098e-06
2.48691e-05
2.1625e-05
1.17169e-05
3.13287e-06
0
2.9543e-06
4.56509e-06
4.72378e-06
3.60979e-06
0
0
0
0
0
0
0
0
0
9.8799e-06
1.88524e-05
2.27148e-05
2.46245e-05
2.66929e-05
1.85642e-05
2.92839e-06
0
0
0
0
0
0
0
0
0
0
0
0
2.64417e-06
3.99313e-06
4.91816e-06
4.95133e-06
2.71276e-06
0
0
0
0
0
0
0
5.04793e-05
6.93852e-05
4.93978e-05
3.20397e-05
1.875e-05
8.65594e-06
1.64157e-06
0
0
0
0
0
0
0
0
0
0
0
3.38068e-06
3.90737e-06
2.0128e-06
8.5416e-07
4.83922e-07
9.77092e-09
0
0
0
0
0
0
0
0
0
0
9.83819e-08
0
0
5.30417e-07
1.21775e-06
1.75781e-06
1.77451e-06
5.41707e-07
0
0
0
0
0
0
0
0
0
0
0
0
0
0
0
0
0
0
0
0
0
0
0
0
0
0
0
0
0
0
0
0
0
0
0
0
0
0
0
0
0
0
0
0
0
0
0
0
0
0
0
2.44133e-07
1.41313e-06
2.46818e-06
2.65879e-06
1.31358e-06
0
0
0
0
0
0
0
0
0
0
0
0
0
0
0
0
0
0
0
0
5.51957e-06
1.11651e-05
1.6037e-05
1.80784e-05
1.90973e-05
2.00372e-05
2.43953e-05
2.89049e-05
2.60508e-05
1.17391e-05
0
0
1.28317e-05
2.85586e-05
2.72825e-05
1.85575e-05
8.7501e-06
0
2.70673e-07
6.19247e-07
1.3091e-06
0
0
0
0
0
0
0
0
0
0
1.22498e-05
2.59291e-05
3.65518e-05
4.42925e-05
5.86116e-05
6.12175e-05
2.04923e-05
2.85533e-06
0
0
0
0
0
0
0
0
0
0
5.79088e-07
1.82969e-06
2.09908e-06
7.93486e-07
0
0
0
0
0
0
0
0
0
1.56779e-05
3.40323e-05
3.7143e-05
3.11108e-05
2.15096e-05
1.17723e-05
3.66978e-06
0
0
0
0
0
0
0
0
0
0
0
0
0
1.99206e-07
3.204e-07
2.34786e-07
0
0
0
0
0
0
0
0
0
0
0
5.37391e-07
6.02614e-07
8.66124e-07
1.87751e-06
2.79535e-06
2.58659e-06
5.20022e-07
0
0
0
0
0
0
0
0
0
0
0
6.44057e-09
0
0
0
0
0
0
0
0
0
0
0
0
0
0
0
0
0
0
0
0
0
0
0
0
0
0
0
0
0
0
0
0
0
0
0
0
0
0
0
0
0
1.55156e-06
2.87701e-06
2.5282e-06
2.55271e-07
0
0
0
0
0
0
0
0
0
0
0
0
0
4.67178e-06
2.52197e-06
0
0
0
0
0
6.5845e-06
9.61933e-06
1.25377e-05
1.71328e-05
1.85724e-05
2.08983e-05
2.6632e-05
2.72424e-05
1.77765e-05
0
0
0
2.07298e-05
3.42467e-05
3.31355e-05
2.42526e-05
1.32559e-05
1.29082e-06
0
0
0
0
0
0
0
0
0
0
0
0
0
3.0959e-06
1.69703e-05
3.54053e-05
5.62039e-05
8.13233e-05
8.16986e-05
2.75669e-05
5.02444e-06
0
0
0
0
0
0
0
0
0
0
1.65434e-07
3.17614e-07
0
0
0
0
0
0
0
0
0
0
0
2.87228e-06
7.34972e-06
9.95826e-06
1.02347e-05
7.50931e-06
3.04882e-06
0
0
0
0
0
0
0
0
0
0
0
0
0
0
2.45663e-07
4.52842e-07
2.59771e-07
0
0
0
0
0
0
0
0
0
0
6.29381e-08
1.35255e-06
1.3619e-06
1.41699e-06
2.32435e-06
2.74998e-06
1.04837e-06
0
0
1.11845e-06
1.65747e-06
1.64116e-06
1.23378e-06
6.97465e-07
3.17763e-07
1.96973e-07
2.1678e-07
2.74962e-07
3.03131e-07
2.72461e-07
1.94563e-07
1.05834e-07
1.99081e-08
0
0
0
0
0
0
0
0
0
0
0
0
0
0
0
0
0
0
0
0
0
0
0
0
0
0
0
0
0
0
0
0
0
0
0
0
0
0
4.08288e-07
2.52191e-06
2.21464e-06
0
0
0
0
0
0
0
0
0
0
0
0
0
0
2.47679e-06
1.76643e-06
0
0
0
0
8.48111e-07
7.82567e-06
9.0285e-06
1.03991e-05
1.63241e-05
1.80234e-05
2.18324e-05
2.58891e-05
2.24265e-05
6.13379e-06
0
0
5.35029e-06
2.85982e-05
3.90589e-05
3.65372e-05
2.71404e-05
1.56249e-05
2.75683e-06
0
0
0
0
0
0
0
0
0
0
0
0
0
0
9.18765e-06
3.63074e-05
6.98639e-05
8.7584e-05
7.03714e-05
2.9197e-05
5.41201e-06
0
0
0
0
0
0
0
0
0
0
0
0
0
0
0
0
0
7.07101e-07
2.0495e-06
3.06243e-06
3.86387e-06
4.11097e-06
2.53975e-06
0
0
0
0
0
0
0
0
0
0
0
0
0
0
0
0
0
0
0
0
1.2681e-06
6.83799e-07
1.59099e-07
0
0
0
0
0
0
0
0
0
0
4.20345e-07
1.94319e-06
1.65481e-06
1.1941e-06
1.8504e-06
2.01147e-06
0
0
0
1.36855e-06
2.17966e-06
2.10651e-06
1.44595e-06
5.08736e-07
0
0
0
2.47993e-07
4.44043e-07
4.4739e-07
3.41917e-07
1.75481e-07
1.5649e-08
0
0
0
0
0
0
0
0
0
0
0
0
0
0
0
0
0
0
0
0
0
0
0
0
0
0
0
0
0
0
0
0
0
0
0
0
0
0
0
0
0
0
0
0
0
0
0
0
0
0
0
0
0
0
0
0
0
0
0
0
0
3.02229e-06
8.77424e-06
8.4959e-06
8.98953e-06
1.51522e-05
1.7408e-05
2.13422e-05
2.29556e-05
1.54703e-05
0
0
0
1.71856e-05
3.7131e-05
4.433e-05
4.02367e-05
2.99899e-05
1.79658e-05
4.26727e-06
0
0
0
0
0
1.02677e-05
1.4364e-05
0
0
0
0
0
0
0
0
4.47443e-05
0.000118197
0.000105167
5.75297e-05
1.97129e-05
0
0
0
0
0
0
0
0
0
0
0
0
0
0
0
0
0
0
3.76828e-07
3.29376e-06
7.45334e-06
1.25357e-05
1.65971e-05
1.44003e-05
0
0
0
0
0
0
0
5.74404e-07
4.12723e-06
3.866e-06
0
0
0
6.55179e-07
3.12095e-06
1.84351e-06
9.11065e-07
0
0
1.56496e-06
2.49286e-06
6.95064e-07
0
0
0
0
0
0
0
0
0
0
0
2.50845e-07
2.13774e-06
1.5719e-06
2.75771e-07
3.63672e-07
5.27689e-07
0
0
0
7.44775e-07
1.94749e-06
1.99924e-06
1.30136e-06
5.53402e-08
0
0
0
5.85138e-07
9.92007e-07
9.58954e-07
7.5195e-07
4.6422e-07
1.88793e-07
2.58232e-08
0
0
0
0
0
0
0
0
0
0
0
0
0
0
0
0
0
0
0
0
0
0
0
0
0
0
0
0
0
0
0
0
0
0
0
0
0
0
0
0
0
0
0
0
0
0
0
0
0
0
0
2.23185e-07
0
0
0
0
0
0
0
0
4.51529e-06
9.41617e-06
7.63482e-06
7.63601e-06
1.36267e-05
1.61523e-05
1.95556e-05
1.87517e-05
7.87975e-06
0
0
5.07225e-06
2.95483e-05
4.61233e-05
5.04978e-05
4.57765e-05
3.45609e-05
2.15476e-05
6.43412e-06
0
0
0
0
0
1.34908e-06
2.09959e-05
3.43303e-05
3.28463e-05
2.5371e-05
1.59421e-05
5.60839e-06
0
0
1.45228e-06
4.86373e-05
0.000126146
9.89774e-05
4.46021e-05
5.46993e-06
0
0
0
0
0
0
0
0
0
0
0
0
0
0
0
0
0
0
0
1.76292e-06
6.52611e-06
1.44265e-05
2.56125e-05
3.42773e-05
0
0
0
0
0
1.85962e-06
7.83314e-06
1.01203e-05
9.45755e-06
6.0606e-06
0
0
2.11661e-06
5.20927e-06
4.27495e-06
2.96835e-06
2.24997e-06
1.50579e-06
1.35753e-06
3.73278e-06
3.13822e-06
4.69577e-07
0
0
0
0
0
0
0
0
0
0
0
0
2.03162e-06
1.8237e-06
0
0
0
0
0
0
0
1.40865e-06
1.66856e-06
1.02801e-06
0
0
0
0
5.97948e-07
1.06347e-06
9.32331e-07
6.42345e-07
3.74175e-07
1.59184e-07
2.92286e-08
0
0
7.03025e-09
0
0
0
0
0
0
0
0
0
0
0
0
0
0
0
0
0
0
0
0
0
0
0
0
0
0
0
0
0
0
0
0
0
0
0
0
0
0
0
3.43471e-07
6.95763e-07
3.65713e-08
0
0
0
0
0
1.10494e-06
2.68449e-06
3.05871e-06
1.30852e-07
0
0
0
0
0
0
5.53115e-06
9.64222e-06
6.27896e-06
5.95337e-06
1.16751e-05
1.41962e-05
1.69533e-05
1.4037e-05
1.73576e-06
0
0
1.92535e-05
4.24179e-05
5.5849e-05
5.80459e-05
5.31206e-05
4.05207e-05
2.58173e-05
8.88847e-06
0
0
0
0
0
0
1.90287e-06
1.38895e-05
2.23935e-05
2.76773e-05
3.00985e-05
2.80574e-05
2.28157e-05
1.77531e-05
1.6266e-05
2.21417e-05
3.90776e-05
5.2159e-05
0
0
0
8.26842e-07
5.28309e-07
0
0
0
0
0
0
0
0
0
0
0
0
0
0
0
0
0
3.21823e-06
9.98393e-06
2.26897e-05
4.1236e-05
0
0
0
3.72769e-07
6.1887e-06
9.25099e-06
9.88024e-06
8.87886e-06
5.4627e-06
0
0
2.73039e-06
5.734e-06
5.66908e-06
4.74266e-06
3.79472e-06
3.41162e-06
3.04623e-06
3.22379e-06
4.75097e-06
2.93389e-06
9.49361e-07
7.28661e-07
3.29708e-07
0
0
0
0
0
0
0
0
0
0
1.27049e-07
1.70776e-06
9.17536e-08
0
0
0
0
0
0
5.76679e-08
8.65344e-07
4.621e-07
0
0
0
0
3.8789e-07
9.66914e-07
8.66936e-07
5.73137e-07
3.3275e-07
1.39745e-07
0
0
2.19346e-08
1.33792e-07
2.08236e-07
1.84182e-07
5.13729e-08
0
0
8.3208e-08
0
0
0
0
0
0
0
0
0
8.88977e-07
1.57953e-06
6.1112e-07
0
0
0
0
0
0
0
0
0
0
0
0
0
0
0
0
0
0
0
0
0
1.27448e-06
1.76431e-06
1.82007e-06
1.63293e-07
0
0
1.16286e-06
2.41038e-06
3.46981e-06
5.14218e-06
6.28418e-06
2.92297e-06
0
0
3.01597e-06
0
0
0
6.01459e-06
9.11768e-06
4.31907e-06
3.89215e-06
9.27249e-06
1.1751e-05
1.3907e-05
9.94235e-06
0
0
7.59312e-06
3.34954e-05
5.53753e-05
6.61258e-05
6.67182e-05
6.09579e-05
4.64973e-05
2.98906e-05
1.12007e-05
0
0
0
0
0
0
0
0
5.81148e-06
1.06917e-05
1.38618e-05
1.46211e-05
1.28574e-05
9.52518e-06
5.61751e-06
9.91235e-07
0
0
0
0
1.85098e-07
3.84217e-06
0
0
0
0
0
0
0
0
0
0
0
0
0
0
0
0
0
3.91262e-08
3.28958e-06
9.48762e-06
2.08945e-05
1.48043e-05
0
0
0
0
2.27642e-06
3.26131e-06
3.03199e-06
1.8591e-06
8.46295e-07
2.07431e-06
4.78143e-06
6.35552e-06
6.44812e-06
5.7408e-06
4.86338e-06
4.19206e-06
4.01691e-06
3.58331e-06
3.84591e-06
4.4275e-06
3.13694e-06
2.3019e-06
2.38028e-06
2.06546e-06
1.78989e-06
1.52987e-06
1.10417e-06
8.77987e-07
8.39625e-07
7.99472e-07
0
0
0
0
0
0
0
0
0
0
0
0
0
0
7.96858e-07
7.43978e-07
0
0
0
0
3.57649e-07
1.24634e-06
1.29061e-06
1.0331e-06
7.35305e-07
4.32621e-07
1.84897e-07
8.77197e-08
1.42334e-07
3.00798e-07
4.67227e-07
5.42188e-07
5.08279e-07
3.54303e-07
2.20253e-07
3.1249e-07
3.27455e-07
0
0
0
0
3.18056e-07
2.47918e-07
0
0
0
0
2.83187e-07
0
0
0
0
0
0
0
0
0
0
0
0
0
0
0
0
0
0
0
0
0
0
6.01811e-06
1.37075e-05
8.2819e-06
2.94616e-06
3.36345e-06
5.55423e-06
5.8873e-06
5.8784e-06
6.98678e-06
8.26329e-06
4.34243e-06
2.81528e-08
2.28074e-06
6.35144e-06
0
0
0
5.66166e-06
7.58956e-06
1.79185e-06
1.59892e-06
6.62621e-06
8.99994e-06
1.06662e-05
7.15556e-06
0
1.53287e-06
2.0942e-05
4.79191e-05
6.82345e-05
7.73264e-05
7.65095e-05
6.8991e-05
5.27796e-05
3.44253e-05
1.40122e-05
0
0
0
0
0
0
0
0
0
0
2.07658e-06
3.34768e-06
3.29076e-06
2.33081e-06
8.91147e-07
0
0
0
0
1.5082e-07
1.84433e-06
5.77978e-07
0
0
0
0
0
0
0
0
0
0
0
0
0
0
0
0
0
7.22715e-07
5.71876e-06
1.38023e-05
1.73094e-05
4.11119e-06
0
9.5786e-08
1.22225e-06
2.26677e-06
3.17371e-06
3.85927e-06
4.46693e-06
5.2248e-06
6.19429e-06
7.0942e-06
7.46155e-06
7.22913e-06
6.61715e-06
5.7408e-06
4.91831e-06
4.53477e-06
4.1315e-06
3.51947e-06
3.52725e-06
3.63793e-06
2.98559e-06
2.57328e-06
2.77143e-06
2.53986e-06
2.44184e-06
2.45117e-06
2.2933e-06
2.1967e-06
2.10487e-06
2.17647e-06
2.03074e-06
3.3341e-07
0
0
0
0
0
0
0
0
0
0
0
0
1.41174e-06
1.70086e-06
0
0
0
0
6.5048e-07
1.88246e-06
1.95985e-06
1.67445e-06
1.31373e-06
9.21583e-07
5.67143e-07
3.91735e-07
4.14984e-07
5.80976e-07
8.02883e-07
9.28025e-07
9.42308e-07
8.60926e-07
5.63731e-07
3.52411e-07
4.47829e-07
1.49347e-07
0
0
0
4.86984e-07
6.08641e-07
0
0
0
0
0
0
0
0
0
0
0
0
0
0
0
0
0
0
0
0
0
0
0
0
0
0
5.39379e-06
1.09864e-05
1.58122e-05
1.72688e-05
1.81097e-05
1.87367e-05
1.29887e-05
9.1927e-06
7.46186e-06
7.77599e-06
8.97741e-06
4.8887e-06
1.94769e-06
1.82763e-06
7.04821e-06
0
0
0
4.22123e-06
5.15121e-06
0
0
3.90581e-06
6.08708e-06
7.51438e-06
5.61815e-06
3.7209e-06
1.21607e-05
3.46929e-05
6.20804e-05
8.07999e-05
8.91722e-05
8.68304e-05
7.7645e-05
6.01845e-05
3.99468e-05
1.76022e-05
0
0
0
0
0
0
0
0
0
0
0
0
0
0
5.24887e-07
1.16448e-06
2.10425e-06
3.4262e-06
5.0891e-06
6.55837e-06
7.13544e-06
6.57102e-06
5.02898e-06
3.10245e-06
1.45815e-06
1.63567e-06
0
0
0
0
0
0
0
0
0
0
0
0
0
0
0
1.50618e-06
0
0
2.85474e-07
2.40018e-06
3.81721e-06
4.85778e-06
5.6429e-06
6.15234e-06
6.46963e-06
6.62157e-06
6.63387e-06
6.53883e-06
6.35629e-06
6.0665e-06
5.72087e-06
5.36037e-06
5.10625e-06
4.83743e-06
3.99484e-06
3.23097e-06
2.95651e-06
2.89575e-06
2.18283e-06
1.74386e-06
2.10686e-06
2.05158e-06
2.0447e-06
2.13403e-06
2.15313e-06
2.32894e-06
2.50195e-06
2.78951e-06
3.20641e-06
3.13884e-06
1.20701e-06
0
0
0
0
0
0
0
0
0
0
3.02937e-07
2.6107e-06
2.93741e-06
5.15012e-07
0
0
0
2.52482e-06
3.33881e-06
2.93185e-06
2.37525e-06
1.91681e-06
1.51003e-06
1.07556e-06
7.68794e-07
7.23674e-07
8.99795e-07
1.196e-06
1.39577e-06
1.38444e-06
1.28287e-06
9.94926e-07
4.69869e-07
1.43703e-07
0
0
0
0
4.13636e-07
7.9962e-07
0
0
0
0
0
0
0
0
0
0
0
0
0
0
0
0
0
0
0
0
0
0
0
0
0
0
1.47107e-05
1.3198e-05
1.50633e-05
1.80786e-05
1.11968e-05
1.20777e-05
1.51177e-05
1.14097e-05
8.82798e-06
8.46759e-06
9.39306e-06
5.60347e-06
3.1218e-06
0
5.16252e-06
0
0
0
1.67015e-06
2.16295e-06
0
0
1.19715e-06
3.16237e-06
4.56205e-06
4.88744e-06
8.74919e-06
2.33029e-05
4.87309e-05
7.57313e-05
9.33869e-05
0.000101083
9.76746e-05
8.78691e-05
6.96697e-05
4.7196e-05
2.24622e-05
0
0
0
0
0
0
0
0
0
0
0
0
0
7.40737e-08
1.55545e-06
3.01448e-06
4.44609e-06
5.70455e-06
6.58365e-06
6.77963e-06
6.4145e-06
5.77368e-06
5.15521e-06
4.77193e-06
4.16354e-06
1.25318e-06
0
0
0
0
0
0
0
0
0
0
0
0
0
0
2.58457e-07
0
0
0
5.22147e-07
2.17974e-06
3.21715e-06
3.87286e-06
4.24766e-06
4.3874e-06
4.37828e-06
4.31487e-06
4.14872e-06
3.96217e-06
3.87204e-06
3.86909e-06
3.87747e-06
3.93051e-06
3.86648e-06
3.63788e-06
3.12819e-06
2.27403e-06
2.11277e-06
2.2974e-06
1.44285e-06
7.69147e-07
1.17171e-06
1.2392e-06
1.33776e-06
1.49416e-06
1.47573e-06
1.5514e-06
1.68366e-06
1.97377e-06
2.44121e-06
2.96566e-06
2.94756e-06
1.27575e-06
0
0
0
0
0
0
0
0
0
7.80762e-07
3.19228e-06
3.29051e-06
1.35544e-07
0
0
6.11373e-06
7.57346e-06
6.06676e-06
4.05033e-06
2.71365e-06
2.07487e-06
1.71293e-06
1.301e-06
9.02491e-07
7.68896e-07
9.50408e-07
1.32295e-06
1.59091e-06
1.51391e-06
1.2016e-06
7.87559e-07
2.75821e-07
0
0
0
0
0
0
6.99254e-07
3.44679e-07
0
0
0
0
0
0
0
0
0
0
0
0
0
0
0
0
0
0
0
0
0
0
0
0
0
1.28679e-05
1.0436e-05
9.94644e-06
1.29142e-05
1.27195e-05
6.42649e-06
9.24288e-06
1.21174e-05
9.93652e-06
8.84443e-06
9.29452e-06
6.01963e-06
4.05934e-06
0
1.06708e-06
0
0
0
0
0
0
0
0
2.98138e-07
1.71313e-06
4.32704e-06
1.34411e-05
3.34622e-05
6.23206e-05
8.90806e-05
0.000106104
0.000112895
0.000109732
0.000100526
8.22946e-05
5.7384e-05
2.95003e-05
0
0
0
0
0
0
0
0
0
0
0
0
0
3.51088e-07
1.83215e-06
3.1396e-06
4.14841e-06
4.81076e-06
5.09787e-06
4.94201e-06
4.62341e-06
4.25183e-06
3.90954e-06
3.23268e-06
1.56371e-06
0
0
0
0
0
0
0
0
0
4.90242e-08
1.33369e-06
2.79274e-06
4.51242e-06
6.43276e-06
7.6978e-06
4.01487e-06
0
0
3.91899e-07
1.82899e-06
2.5788e-06
2.97682e-06
3.26266e-06
3.47297e-06
3.59557e-06
3.58068e-06
3.38457e-06
3.0072e-06
2.46102e-06
1.81699e-06
1.25032e-06
8.99662e-07
7.92943e-07
1.26373e-06
2.39713e-06
2.59565e-06
1.50302e-06
9.31075e-07
1.33881e-06
8.49085e-07
2.44634e-07
6.24617e-07
6.8385e-07
6.70977e-07
8.2225e-07
8.62546e-07
8.99921e-07
8.6314e-07
9.07629e-07
1.08043e-06
1.38809e-06
1.74385e-06
1.65351e-06
5.87937e-07
0
0
0
0
0
0
0
0
0
1.97151e-06
1.65858e-06
0
0
1.42951e-05
1.906e-05
1.56124e-05
1.00575e-05
5.20344e-06
2.89382e-06
1.94419e-06
1.47636e-06
1.07119e-06
7.07812e-07
5.99212e-07
8.73052e-07
1.45179e-06
1.95879e-06
1.96666e-06
1.54726e-06
9.13401e-07
2.16828e-07
0
0
0
0
0
0
2.34658e-08
5.17842e-09
0
4.45314e-07
5.56019e-07
4.48459e-08
0
0
0
0
0
0
0
0
0
0
0
0
0
0
0
0
0
0
0
0
0
7.65952e-06
8.61319e-06
8.67233e-06
9.47005e-06
1.18628e-05
8.76398e-06
4.55366e-06
1.02419e-05
1.07549e-05
8.80487e-06
8.35721e-06
5.95619e-06
4.83962e-06
0
0
0
0
0
0
0
0
0
0
0
0
3.50154e-06
1.68023e-05
4.15768e-05
7.48976e-05
0.000103226
0.000120686
0.000127008
0.00012578
0.00011797
0.000100803
7.31821e-05
3.7796e-05
0
0
0
0
0
0
0
0
0
0
0
0
0
2.53989e-07
1.23984e-06
2.08233e-06
2.7197e-06
3.08048e-06
3.16397e-06
3.04185e-06
2.87964e-06
2.68043e-06
2.24003e-06
1.30076e-06
2.37598e-07
0
0
0
0
0
0
0
1.03258e-07
1.14143e-06
2.51327e-06
3.94165e-06
5.12911e-06
5.59903e-06
4.43282e-06
9.94782e-07
0
0
0
0
0
0
0
0
2.17993e-07
1.10422e-06
1.79937e-06
2.05937e-06
1.95128e-06
1.63729e-06
1.2768e-06
6.27025e-07
0
0
0
0
0
3.38243e-07
1.49754e-07
3.34094e-07
0
0
0
1.94148e-07
2.46989e-07
2.18149e-07
8.88381e-08
2.13275e-08
0
0
0
0
0
0
0
0
0
0
1.46244e-06
8.53228e-06
5.04179e-06
0
0
0
0
0
0
1.51903e-05
3.10278e-05
2.87159e-05
2.46292e-05
1.39066e-05
5.92194e-06
3.32469e-06
2.44337e-06
1.92362e-06
1.32234e-06
7.086e-07
5.18931e-07
8.2596e-07
1.56551e-06
2.42525e-06
2.75383e-06
2.3534e-06
1.66624e-06
1.03771e-06
4.79209e-07
0
0
0
0
0
0
0
0
1.98349e-07
4.00366e-07
0
0
0
0
0
0
0
0
0
0
0
0
0
0
0
0
0
0
0
0
5.76082e-07
5.93551e-07
4.65082e-06
8.86554e-06
9.70312e-06
1.04706e-05
1.09721e-05
1.08561e-05
5.33983e-06
3.66321e-06
8.84323e-06
7.68931e-06
6.10421e-06
5.03163e-06
5.16342e-06
0
0
0
0
0
0
0
0
0
0
0
0
1.99686e-06
1.79697e-05
4.63286e-05
8.42674e-05
0.000117441
0.000137665
0.000146037
0.000148729
0.000143203
0.00013044
9.50821e-05
3.19347e-05
0
0
0
0
0
0
0
0
0
0
0
0
0
0
3.59396e-07
9.66806e-07
1.33586e-06
1.51428e-06
1.55199e-06
1.5237e-06
1.53468e-06
1.52488e-06
1.25253e-06
7.26591e-07
2.29358e-07
0
0
0
0
0
0
0
0
1.44877e-07
7.53043e-07
1.05438e-06
7.76392e-07
0
0
0
0
0
0
0
0
0
0
0
0
0
0
0
0
0
0
0
0
0
0
0
0
0
0
0
0
0
0
0
0
0
0
0
0
0
0
0
0
0
0
0
0
0
6.17278e-07
4.41584e-06
5.71194e-06
1.00747e-06
0
0
0
0
6.60545e-06
3.70238e-05
3.30347e-05
3.42971e-05
3.35668e-05
1.54262e-05
5.54826e-06
4.08887e-06
3.62537e-06
3.24391e-06
2.62587e-06
1.52964e-06
6.64084e-07
6.06115e-07
1.19439e-06
2.15324e-06
2.75372e-06
2.46338e-06
1.70612e-06
1.28496e-06
1.20183e-06
8.91122e-07
4.78547e-07
2.244e-07
2.50533e-07
4.64897e-07
0
0
0
0
0
0
0
0
0
0
0
0
0
0
0
0
0
0
0
0
0
0
0
0
1.25083e-06
4.89785e-06
7.42309e-06
7.06385e-06
1.00801e-05
1.12027e-05
1.13941e-05
1.14989e-05
1.06016e-05
6.9327e-06
0
4.48994e-06
5.3209e-06
1.74244e-06
2.47636e-06
4.67329e-06
0
0
0
0
0
0
0
0
0
0
0
0
0
1.66334e-05
4.65948e-05
8.79446e-05
0.000128192
0.000155178
0.000171256
0.000178714
0.000177796
0.000176704
3.38292e-05
1.77386e-05
0
0
0
0
0
0
0
0
0
0
0
0
0
0
0
1.06712e-07
3.62374e-07
4.82963e-07
4.93355e-07
5.21548e-07
6.68048e-07
8.32055e-07
8.08297e-07
5.78219e-07
3.35791e-07
1.82618e-07
3.27751e-08
0
0
0
0
0
0
0
0
0
0
0
0
0
0
0
0
0
0
0
0
0
0
0
0
0
0
0
0
0
0
0
0
0
0
0
0
0
0
0
0
0
0
0
0
0
0
0
0
0
0
0
0
0
0
0
0
8.07027e-07
2.9954e-06
1.55336e-06
0
0
0
2.84883e-06
3.98582e-05
3.41309e-05
3.25032e-05
3.85464e-05
4.17244e-05
1.18761e-05
4.7022e-06
5.06105e-06
4.92553e-06
4.61553e-06
4.20779e-06
3.21857e-06
1.74347e-06
7.96216e-07
7.75377e-07
1.40027e-06
1.91629e-06
1.5867e-06
9.73571e-07
1.01773e-06
1.44917e-06
1.53806e-06
1.37742e-06
1.20657e-06
1.28176e-06
1.47347e-06
7.24153e-07
0
0
0
0
1.09696e-07
0
0
0
0
0
0
0
0
0
0
0
0
0
0
0
0
4.42635e-07
1.4375e-06
3.78405e-06
7.17179e-06
1.02732e-05
1.13042e-05
1.10506e-05
1.23807e-05
1.22059e-05
1.19569e-05
1.07292e-05
7.79084e-06
3.36995e-07
1.96378e-06
3.73763e-06
0
0
2.87808e-06
0
0
0
0
0
0
0
0
0
0
0
0
0
1.30782e-05
4.21012e-05
8.3451e-05
0.000127322
0.000163843
0.000190268
0.000194275
0.00018946
4.54712e-05
0
2.73708e-05
0
0
0
0
0
0
0
0
0
0
0
0
0
0
0
0
0
0
0
0
1.92586e-07
4.37235e-07
4.95356e-07
3.35345e-07
1.6052e-07
1.16947e-07
6.95277e-08
0
0
0
0
0
0
0
0
0
0
0
0
0
0
0
0
0
0
0
0
0
0
0
0
0
7.72371e-09
0
0
0
0
0
0
0
0
0
0
0
0
0
0
0
0
0
0
0
0
0
0
0
0
0
0
0
0
0
0
0
7.66514e-07
1.5732e-06
0
0
1.76113e-05
4.07598e-05
3.48945e-05
3.11942e-05
3.25805e-05
4.30873e-05
4.47287e-05
4.38579e-06
4.88777e-06
6.20873e-06
6.10212e-06
5.77483e-06
5.54135e-06
4.98452e-06
3.70937e-06
2.25127e-06
1.41119e-06
1.26001e-06
1.10949e-06
3.99671e-07
1.13051e-07
8.20698e-07
1.67404e-06
2.01065e-06
1.86122e-06
1.42361e-06
1.42881e-06
1.84074e-06
1.56337e-06
0
0
0
0
4.3231e-09
0
0
0
0
6.09011e-07
0
0
0
0
0
0
0
0
0
0
8.10204e-07
2.62761e-06
4.37226e-06
6.56726e-06
9.14296e-06
1.19572e-05
1.38903e-05
1.29302e-05
1.31057e-05
1.30655e-05
1.25846e-05
1.16848e-05
9.35617e-06
3.5605e-06
2.4624e-06
4.25643e-06
0
0
0
0
0
0
0
0
0
0
0
0
0
0
0
0
8.18402e-06
3.38114e-05
7.047e-05
0.000109388
0.000145448
0.000160883
0.000138339
5.58469e-05
0
1.95014e-05
3.09246e-05
0
0
0
0
0
1.59969e-06
6.49542e-06
1.36819e-06
0
0
0
0
0
0
0
0
0
0
0
0
0
0
0
0
0
0
0
0
0
0
0
0
0
3.1658e-09
1.90947e-07
2.70181e-07
2.19248e-08
0
0
0
0
0
0
0
0
0
0
0
0
0
0
0
7.94715e-09
1.27751e-07
0
0
0
0
0
0
0
0
0
0
0
0
0
0
0
0
0
0
0
0
0
0
0
0
0
0
0
0
0
0
1.11728e-06
5.64045e-06
1.39562e-05
3.36769e-05
3.73452e-05
3.33602e-05
3.08086e-05
2.98741e-05
3.36103e-05
4.82295e-05
2.43712e-05
1.06519e-06
6.3282e-06
7.4353e-06
7.17617e-06
6.78836e-06
6.58134e-06
6.28019e-06
5.36532e-06
3.9892e-06
2.76555e-06
1.79753e-06
6.7796e-07
0
0
8.92663e-07
2.13744e-06
2.68594e-06
2.61614e-06
1.80089e-06
1.30567e-06
1.73264e-06
2.30724e-06
0
0
0
0
0
0
0
0
0
0
0
0
0
0
0
0
0
0
0
0
1.66552e-06
4.1974e-06
6.7739e-06
9.04258e-06
1.10437e-05
1.32039e-05
1.53695e-05
1.51517e-05
1.40494e-05
1.40301e-05
1.36316e-05
1.32238e-05
1.12819e-05
6.45107e-06
4.40539e-06
6.27299e-06
0
0
0
0
0
0
0
0
0
0
0
0
0
0
0
0
3.14613e-06
2.39245e-05
5.25162e-05
8.03774e-05
9.91598e-05
8.8366e-05
4.54754e-05
0
1.34023e-06
2.89358e-05
3.11079e-05
0
0
0
0
1.48875e-06
2.14687e-06
0
0
0
0
0
0
0
0
0
0
0
0
0
0
0
0
0
0
0
0
0
0
0
0
0
0
1.78039e-07
5.84214e-07
1.32149e-06
2.17062e-06
2.76616e-06
2.93913e-06
2.5217e-06
1.23157e-06
0
0
0
0
0
0
0
0
2.31341e-07
4.13204e-07
3.72991e-07
1.25489e-07
0
0
0
0
0
0
0
0
0
0
0
0
0
0
0
0
0
0
0
0
0
0
0
0
0
0
0
0
0
0
0
7.09232e-07
5.82655e-06
1.40224e-05
2.54441e-05
2.93159e-05
2.87327e-05
2.9008e-05
2.89729e-05
2.96225e-05
3.53552e-05
4.9984e-05
0
3.30491e-06
8.09286e-06
8.63114e-06
8.20592e-06
7.7471e-06
7.38694e-06
7.0403e-06
6.27756e-06
5.04003e-06
3.66776e-06
2.16589e-06
4.40281e-07
0
0
1.00535e-06
2.58083e-06
3.29425e-06
3.42138e-06
2.73507e-06
1.55662e-06
1.66043e-06
2.67276e-06
5.38329e-07
0
0
0
0
0
0
0
0
0
0
0
0
0
0
0
0
0
0
8.05308e-08
2.51288e-06
5.35801e-06
8.54622e-06
1.1106e-05
1.27171e-05
1.43242e-05
1.63361e-05
1.65911e-05
1.51605e-05
1.48096e-05
1.46803e-05
1.47416e-05
1.31762e-05
8.97035e-06
6.56219e-06
8.2752e-06
2.87063e-06
0
0
0
0
0
0
0
0
0
0
0
0
0
0
0
0
1.46354e-05
3.50019e-05
5.1788e-05
5.47932e-05
3.54465e-05
0
0
1.92365e-05
3.20137e-05
2.99115e-05
3.64724e-06
7.88885e-07
2.81738e-07
6.42553e-07
1.51214e-06
3.83526e-08
0
0
0
0
0
0
0
0
0
0
0
0
0
0
0
0
0
0
0
0
0
0
0
0
0
0
1.43396e-07
8.3658e-07
2.05091e-06
3.64708e-06
5.21482e-06
6.41909e-06
6.59406e-06
4.57745e-06
1.15353e-07
0
0
0
0
0
0
7.38257e-07
8.50212e-07
6.29036e-07
5.25288e-07
4.67968e-07
2.23853e-07
0
0
0
0
0
0
0
0
0
0
0
0
0
0
0
0
0
0
0
0
0
0
0
0
0
0
0
0
0
1.29893e-06
4.66587e-06
9.4596e-06
1.58451e-05
2.10492e-05
2.30859e-05
2.51469e-05
2.72654e-05
2.82746e-05
2.99743e-05
3.69767e-05
2.73136e-05
0
6.67145e-06
9.60816e-06
9.6994e-06
9.1986e-06
8.68619e-06
8.09958e-06
7.4648e-06
6.62159e-06
5.4115e-06
3.95173e-06
2.21857e-06
3.70588e-07
0
0
1.06586e-06
2.83068e-06
3.5785e-06
3.88181e-06
3.68232e-06
2.2153e-06
1.8684e-06
2.73936e-06
1.34516e-06
0
0
0
0
0
0
0
0
0
1.82789e-06
0
0
0
0
0
0
0
0
9.17307e-07
3.4641e-06
6.36478e-06
9.76614e-06
1.27126e-05
1.41149e-05
1.52515e-05
1.684e-05
1.73422e-05
1.61548e-05
1.54891e-05
1.55553e-05
1.58766e-05
1.49708e-05
1.10909e-05
8.16286e-06
9.35262e-06
6.83053e-06
0
0
0
0
0
0
0
0
0
0
0
0
0
0
0
0
7.08371e-06
2.09356e-05
3.00477e-05
2.63966e-05
7.41156e-06
0
4.4267e-06
2.72983e-05
3.21979e-05
2.77653e-05
1.42532e-06
2.25976e-07
0
0
0
0
0
0
0
0
0
0
0
0
0
0
0
0
0
0
0
0
0
0
0
0
0
0
0
0
0
0
0
8.42057e-07
2.25615e-06
4.26428e-06
6.59715e-06
8.89975e-06
1.00025e-05
6.92455e-06
0
0
0
0
0
0
9.77218e-07
1.4631e-06
1.29091e-06
8.37915e-07
5.25404e-07
4.39445e-07
2.84707e-07
0
0
0
0
0
0
0
0
0
0
0
0
0
0
0
0
0
0
0
0
0
0
0
0
0
0
0
1.78444e-07
1.33917e-06
3.35245e-06
6.27625e-06
9.95654e-06
1.42483e-05
1.77476e-05
2.04782e-05
2.3699e-05
2.66245e-05
2.7783e-05
3.02116e-05
3.48686e-05
0
1.29375e-06
9.14286e-06
1.06562e-05
1.05271e-05
1.00193e-05
9.50608e-06
8.75014e-06
7.82719e-06
6.7823e-06
5.45363e-06
3.88883e-06
2.15646e-06
4.84267e-07
0
0
9.69181e-07
2.76862e-06
3.45804e-06
3.89412e-06
4.2241e-06
2.97698e-06
2.26956e-06
2.75678e-06
2.19522e-06
0
0
0
0
0
0
0
0
0
3.23161e-06
0
0
0
0
0
0
0
0
1.51775e-06
4.2802e-06
7.17194e-06
1.04795e-05
1.35836e-05
1.50118e-05
1.57447e-05
1.6829e-05
1.73373e-05
1.65837e-05
1.59581e-05
1.60662e-05
1.63546e-05
1.57829e-05
1.24609e-05
8.87082e-06
9.12874e-06
7.27716e-06
0
0
0
0
0
0
0
0
0
0
0
0
0
0
0
0
0
9.19349e-06
1.32701e-05
7.28568e-06
0
0
1.77185e-05
2.98221e-05
3.03264e-05
2.51022e-05
9.80921e-07
1.18568e-07
0
0
0
0
0
0
4.45042e-07
7.74697e-07
0
0
0
0
0
0
0
0
0
0
0
0
0
0
0
0
0
0
0
0
0
0
0
7.7465e-07
2.00585e-06
3.6098e-06
5.42199e-06
6.98724e-06
6.44536e-06
0
0
0
0
0
0
8.4022e-07
1.61379e-06
1.52183e-06
1.02245e-06
4.71231e-07
1.48889e-07
1.12951e-07
1.19465e-07
0
0
0
0
0
0
0
0
0
0
0
0
0
0
0
0
0
0
0
0
0
0
0
0
0
0
8.51716e-09
8.63714e-07
2.12163e-06
3.98143e-06
6.35413e-06
9.26313e-06
1.25979e-05
1.56683e-05
1.89156e-05
2.29272e-05
2.55421e-05
2.64169e-05
2.88631e-05
1.79659e-05
0
6.18597e-06
1.0333e-05
1.10781e-05
1.08845e-05
1.03866e-05
9.86876e-06
9.0411e-06
7.98697e-06
6.83569e-06
5.42701e-06
3.80184e-06
2.17999e-06
7.99589e-07
0
0
5.7066e-07
2.23078e-06
2.80171e-06
3.37031e-06
4.15954e-06
3.46307e-06
2.59172e-06
2.75215e-06
2.88895e-06
0
0
0
0
0
0
0
0
0
0
0
0
0
0
0
0
0
0
1.63397e-06
4.615e-06
7.50546e-06
1.05253e-05
1.33996e-05
1.50061e-05
1.53545e-05
1.59422e-05
1.63874e-05
1.59878e-05
1.55862e-05
1.56933e-05
1.58968e-05
1.56112e-05
1.2639e-05
8.27371e-06
7.50797e-06
4.99314e-06
0
0
0
0
0
0
0
0
0
0
0
0
0
0
0
0
0
0
0
0
0
6.84604e-06
2.2752e-05
2.86173e-05
2.60793e-05
2.21603e-05
2.96593e-07
2.03395e-08
0
0
0
0
0
1.23043e-06
3.66561e-06
1.75367e-06
0
0
0
0
0
0
0
0
0
0
0
0
0
0
0
0
0
0
0
0
0
0
0
6.29471e-07
1.6223e-06
2.42254e-06
2.73804e-06
1.99505e-06
0
0
0
0
0
0
2.07295e-07
1.31073e-06
1.46969e-06
9.19815e-07
1.72629e-07
0
0
0
1.1674e-07
3.62172e-08
0
0
0
0
0
0
1.86498e-08
0
0
0
0
0
0
0
0
0
0
0
0
0
0
0
0
0
0
0
7.055e-07
2.01968e-06
3.77473e-06
5.90601e-06
8.54889e-06
1.16616e-05
1.49515e-05
1.8958e-05
2.29675e-05
2.42263e-05
2.48041e-05
2.37285e-05
0
1.04964e-06
8.92236e-06
1.10257e-05
1.1491e-05
1.12765e-05
1.07975e-05
1.02628e-05
9.39545e-06
8.26526e-06
7.08266e-06
5.68539e-06
4.0597e-06
2.50212e-06
1.31193e-06
2.29855e-07
0
0
1.3712e-06
1.77543e-06
2.47491e-06
3.76191e-06
3.80163e-06
2.90136e-06
2.87411e-06
3.2229e-06
0
0
0
0
0
0
0
0
0
0
2.38592e-07
0
0
0
0
0
0
0
1.4426e-06
4.81404e-06
8.03883e-06
1.10451e-05
1.3747e-05
1.55787e-05
1.58586e-05
1.59328e-05
1.61285e-05
1.59687e-05
1.57244e-05
1.57995e-05
1.58251e-05
1.56318e-05
1.30152e-05
7.48914e-06
4.30401e-06
3.41291e-07
0
0
0
0
0
0
0
0
0
0
0
0
0
0
0
0
0
0
0
0
1.93774e-06
1.5159e-05
2.44366e-05
2.65604e-05
2.1765e-05
2.01211e-05
3.81159e-07
0
0
0
0
0
0
1.06796e-06
3.00261e-06
9.17374e-07
0
0
0
0
0
0
0
0
0
0
0
0
0
0
0
0
0
0
0
0
0
0
0
2.17285e-07
1.18759e-06
1.57723e-06
1.02193e-06
0
0
0
0
0
0
0
6.97113e-07
1.29694e-06
9.38732e-07
0
0
0
0
3.08602e-07
3.58684e-07
1.89311e-07
0
0
0
0
0
0
2.18334e-07
3.31763e-07
1.56303e-07
0
0
0
0
0
0
0
0
0
0
0
0
0
0
0
0
0
7.76802e-07
2.07105e-06
3.75394e-06
5.88495e-06
8.61091e-06
1.17741e-05
1.5326e-05
1.92286e-05
2.11249e-05
2.10077e-05
2.03639e-05
7.78391e-06
0
6.26215e-06
9.95292e-06
1.0988e-05
1.13123e-05
1.11386e-05
1.0679e-05
1.01249e-05
9.30642e-06
8.20493e-06
7.10895e-06
5.86208e-06
4.35847e-06
2.85781e-06
1.77594e-06
6.34659e-07
0
0
4.48244e-07
5.05167e-07
1.072e-06
2.78505e-06
3.78001e-06
2.95127e-06
2.80717e-06
3.1877e-06
0
0
0
0
0
0
0
0
0
0
8.13307e-07
0
0
0
0
0
0
0
1.12258e-06
4.55299e-06
8.04049e-06
1.11062e-05
1.35789e-05
1.53296e-05
1.57639e-05
1.54156e-05
1.52746e-05
1.5089e-05
1.48581e-05
1.49063e-05
1.4772e-05
1.43716e-05
1.20116e-05
6.20201e-06
0
0
0
0
0
0
0
0
0
0
0
0
0
0
0
0
0
0
0
0
0
0
8.14264e-06
1.67328e-05
2.11979e-05
1.88786e-05
1.60011e-05
1.66035e-05
3.19491e-07
0
0
0
0
2.53116e-07
0
3.6699e-07
2.58244e-06
7.07294e-07
0
0
0
0
0
0
0
0
0
0
0
0
0
0
0
0
0
0
0
0
0
0
0
0
9.12262e-07
1.47434e-06
7.16177e-07
0
0
0
0
0
0
0
7.94874e-07
9.04242e-07
0
0
0
0
8.10708e-07
9.09556e-07
6.50063e-07
3.95206e-07
2.06595e-07
2.69617e-08
0
0
0
7.69781e-08
5.07925e-07
7.71275e-07
7.38744e-07
4.27465e-07
0
0
0
0
0
0
0
0
0
0
0
0
0
0
0
9.6149e-07
2.10032e-06
3.52843e-06
5.32546e-06
7.57031e-06
1.01916e-05
1.30018e-05
1.57071e-05
1.72632e-05
1.72193e-05
1.64282e-05
1.07275e-05
0
3.44027e-06
8.47179e-06
1.00705e-05
1.07299e-05
1.10736e-05
1.09642e-05
1.04902e-05
9.89994e-06
9.18183e-06
8.22006e-06
7.28464e-06
6.21781e-06
4.81552e-06
3.25818e-06
2.14195e-06
1.02407e-06
0
0
5.4711e-08
0
0
1.34276e-06
3.51701e-06
2.84072e-06
2.58081e-06
2.80324e-06
1.04777e-06
0
0
0
0
0
0
0
0
0
0
0
0
0
0
0
0
0
1.17611e-06
4.46243e-06
7.94484e-06
1.11907e-05
1.36325e-05
1.52479e-05
1.5834e-05
1.52735e-05
1.48602e-05
1.4562e-05
1.42318e-05
1.42243e-05
1.40709e-05
1.34891e-05
1.14583e-05
6.31391e-06
0
0
0
0
0
0
0
0
0
0
0
0
0
0
0
0
0
0
0
0
0
2.31599e-06
9.42087e-06
1.47074e-05
1.4749e-05
1.17919e-05
1.17741e-05
1.42578e-05
9.88947e-08
0
0
0
0
2.80256e-07
0
0
1.28746e-06
5.68583e-07
0
9.1971e-08
0
0
0
0
0
0
0
0
0
0
0
0
0
0
0
0
0
0
0
0
0
0
7.87946e-08
1.8441e-06
2.1257e-06
7.03439e-07
0
0
0
0
0
3.74338e-07
1.08052e-06
5.94521e-07
0
0
0
1.6782e-06
1.78007e-06
1.3203e-06
8.80905e-07
6.14545e-07
4.90596e-07
3.8914e-07
2.52066e-07
1.48289e-07
2.30597e-07
6.11411e-07
1.16109e-06
1.51869e-06
1.47491e-06
1.10557e-06
5.06027e-07
0
0
0
0
0
0
0
0
0
0
0
0
0
0
0
1.5026e-06
3.29823e-06
5.20784e-06
7.18814e-06
9.29058e-06
1.10892e-05
1.21035e-05
1.243e-05
1.20196e-05
8.60438e-06
0
1.36274e-06
6.79574e-06
8.93912e-06
9.74891e-06
1.03724e-05
1.07539e-05
1.06882e-05
1.01967e-05
9.57838e-06
9.01055e-06
8.29891e-06
7.55128e-06
6.62469e-06
5.19683e-06
3.49129e-06
2.26946e-06
1.18329e-06
3.57385e-08
0
3.01478e-07
0
0
0
2.77112e-06
2.49554e-06
2.05779e-06
2.06116e-06
2.47399e-06
0
0
0
0
0
0
0
0
0
0
0
0
0
0
0
0
0
1.97795e-06
4.88546e-06
8.04458e-06
1.1176e-05
1.36209e-05
1.51399e-05
1.5745e-05
1.51731e-05
1.45168e-05
1.40863e-05
1.36297e-05
1.34956e-05
1.336e-05
1.27066e-05
1.07855e-05
7.58683e-06
2.20845e-06
0
0
0
0
0
0
0
0
0
0
0
0
0
0
0
0
0
0
0
0
2.91865e-06
7.79181e-06
9.32793e-06
7.03659e-06
6.14397e-06
9.89614e-06
1.34523e-05
4.78123e-08
0
1.05675e-07
2.19375e-07
1.87643e-07
1.50588e-07
4.66518e-08
0
2.70487e-07
7.14147e-07
4.64547e-07
5.46358e-08
0
0
0
0
1.61811e-08
0
0
0
0
0
0
0
0
0
0
0
0
0
0
0
0
0
0
0
1.46539e-06
1.82181e-06
1.35749e-07
0
0
0
8.00697e-07
2.8044e-06
3.03228e-06
1.38042e-06
0
1.43292e-06
3.26679e-06
3.08497e-06
2.27939e-06
1.52569e-06
1.08872e-06
9.65646e-07
9.95244e-07
1.03392e-06
1.02821e-06
1.08016e-06
1.38056e-06
2.11236e-06
2.87746e-06
2.91762e-06
2.38027e-06
1.66439e-06
8.62893e-07
0
0
0
0
0
0
0
0
0
0
0
0
0
0
0
0
2.19111e-07
1.71802e-06
3.43001e-06
5.26829e-06
6.58052e-06
7.33588e-06
7.25886e-06
4.65978e-06
0
4.19799e-07
5.27807e-06
7.65158e-06
8.65385e-06
9.29757e-06
9.91443e-06
1.03321e-05
1.03082e-05
9.85433e-06
9.27822e-06
8.89522e-06
8.49468e-06
7.92086e-06
6.9861e-06
5.41553e-06
3.47421e-06
1.99438e-06
9.28761e-07
2.31944e-08
0
7.3494e-07
2.24287e-07
0
0
1.57674e-06
2.00175e-06
1.19044e-06
9.93748e-07
2.16534e-06
0
0
0
0
0
0
0
0
0
0
0
0
0
0
0
0
2.85285e-07
3.1097e-06
5.91083e-06
8.71609e-06
1.12761e-05
1.34559e-05
1.48803e-05
1.54442e-05
1.49436e-05
1.4121e-05
1.35721e-05
1.30075e-05
1.26567e-05
1.24609e-05
1.18761e-05
1.00707e-05
7.26449e-06
2.95539e-06
0
0
0
0
0
0
0
0
0
0
0
0
0
0
0
0
0
0
0
0
1.41886e-06
3.02869e-06
1.6279e-06
0
4.64379e-06
1.11358e-05
1.36762e-05
6.23371e-06
6.03544e-06
5.57961e-06
6.39448e-06
9.50671e-06
7.72609e-06
4.63663e-06
2.2126e-06
1.46795e-06
1.03336e-06
1.82083e-07
0
0
0
2.57204e-07
6.42637e-07
0
0
0
0
0
0
0
0
3.8965e-07
0
0
0
0
0
0
0
0
0
0
0
0
0
0
0
0
1.13142e-06
6.26115e-06
8.15213e-06
6.57476e-06
4.86603e-06
5.93634e-06
6.35924e-06
5.288e-06
3.90898e-06
2.68221e-06
1.95864e-06
1.869e-06
2.10097e-06
2.39416e-06
2.64599e-06
2.89979e-06
3.34296e-06
4.32773e-06
5.5918e-06
5.48455e-06
4.03982e-06
2.5828e-06
1.51872e-06
6.30659e-07
0
0
0
0
0
0
0
0
0
0
0
0
0
0
0
0
0
0
9.29333e-07
2.1834e-06
2.73882e-06
2.3189e-06
1.05039e-07
0
2.26843e-07
4.13337e-06
6.32972e-06
7.4505e-06
8.19311e-06
8.74943e-06
9.35278e-06
9.78091e-06
9.84727e-06
9.59636e-06
9.19436e-06
8.95687e-06
8.82681e-06
8.38095e-06
7.39835e-06
5.50728e-06
3.16194e-06
1.40514e-06
3.14651e-07
0
0
7.51204e-07
1.07688e-06
0
0
5.31831e-07
1.63106e-06
1.57979e-07
0
8.15323e-07
1.38242e-06
0
0
0
1.66122e-05
0
0
0
0
0
0
0
0
0
0
0
8.80635e-07
4.05557e-06
7.18007e-06
9.97055e-06
1.195e-05
1.33323e-05
1.44189e-05
1.48969e-05
1.44795e-05
1.3592e-05
1.2979e-05
1.23776e-05
1.17929e-05
1.14347e-05
1.09448e-05
9.5129e-06
6.60502e-06
1.06615e-07
0
0
0
0
0
0
0
0
0
0
0
0
0
0
0
0
0
0
0
0
0
0
0
1.52379e-08
8.42522e-06
1.29132e-05
1.34946e-05
5.94081e-06
3.90042e-06
2.02511e-06
1.79547e-06
3.8349e-06
4.68072e-06
3.70067e-06
2.47917e-06
1.63205e-06
1.11001e-06
6.62818e-07
1.9712e-07
0
0
0
0
0
0
0
0
1.95456e-07
0
0
0
8.8161e-08
0
0
0
0
0
0
0
0
0
0
0
0
0
9.61572e-07
5.42042e-06
9.42211e-06
1.00977e-05
1.09191e-05
1.18959e-05
1.26887e-05
1.24735e-05
1.05616e-05
8.55365e-06
6.6429e-06
4.71363e-06
3.60817e-06
3.52673e-06
3.62773e-06
3.53642e-06
3.35284e-06
3.2081e-06
3.16602e-06
3.39436e-06
4.19222e-06
5.0888e-06
4.71237e-06
3.18381e-06
1.73054e-06
7.50213e-07
0
0
0
0
0
0
0
0
0
0
0
0
0
0
0
0
0
0
0
0
0
0
0
0
4.75934e-07
3.28706e-06
5.06121e-06
6.12843e-06
6.93148e-06
7.53955e-06
8.03496e-06
8.61982e-06
9.14571e-06
9.55627e-06
9.52345e-06
9.16475e-06
8.89686e-06
8.84259e-06
8.60905e-06
7.59526e-06
5.38241e-06
2.64307e-06
5.35341e-07
0
0
0
1.35236e-07
1.28812e-06
7.29736e-07
0
1.49022e-07
1.69182e-06
0
0
0
1.46411e-06
0
0
2.98476e-07
1.35112e-05
9.89944e-06
0
0
0
0
0
0
0
0
0
0
1.25737e-06
4.88591e-06
8.63769e-06
1.14938e-05
1.30375e-05
1.36034e-05
1.39714e-05
1.4207e-05
1.37875e-05
1.28774e-05
1.22374e-05
1.1649e-05
1.08701e-05
1.02629e-05
9.8154e-06
8.70724e-06
5.73168e-06
0
0
0
0
0
0
0
0
0
0
0
0
0
0
0
0
0
0
0
0
0
0
0
0
6.69595e-06
1.16666e-05
1.36501e-05
1.2602e-05
0
0
0
0
0
6.00101e-07
2.2403e-06
2.01401e-06
1.59453e-06
1.25632e-06
9.84549e-07
7.33118e-07
5.91459e-07
5.37377e-07
5.3269e-07
6.78597e-07
6.97126e-07
2.2214e-07
0
0
0
0
0
0
0
0
0
0
0
0
0
0
0
0
0
0
0
0
0
0
5.23649e-06
1.45253e-05
1.75455e-05
1.5934e-05
1.27805e-05
1.11439e-05
1.04251e-05
9.40948e-06
7.28356e-06
5.82679e-06
4.78032e-06
3.66469e-06
2.79781e-06
2.28281e-06
2.01725e-06
1.89151e-06
1.86811e-06
2.09292e-06
2.7556e-06
3.45808e-06
3.35026e-06
2.40522e-06
1.30036e-06
3.74068e-07
0
0
0
0
0
0
0
0
0
0
0
0
0
0
0
0
0
0
0
0
0
0
0
6.38741e-07
2.46999e-06
3.78648e-06
4.71677e-06
5.52052e-06
6.17807e-06
6.65522e-06
7.19052e-06
8.06061e-06
9.03354e-06
9.61735e-06
9.54269e-06
9.02759e-06
8.57948e-06
8.47593e-06
8.49814e-06
7.65762e-06
5.08668e-06
1.75138e-06
0
0
0
0
0
6.20439e-07
1.01483e-06
4.22236e-07
2.32414e-07
2.18722e-06
0
0
0
0
9.20784e-07
0
6.23954e-07
9.95842e-06
9.02209e-06
2.53019e-06
2.06782e-07
0
0
0
0
0
0
0
0
1.79124e-06
5.86083e-06
1.03447e-05
1.3193e-05
1.4192e-05
1.40956e-05
1.37373e-05
1.34857e-05
1.28932e-05
1.19805e-05
1.1348e-05
1.08007e-05
9.90119e-06
8.97571e-06
8.40653e-06
7.37446e-06
4.41625e-06
0
0
0
0
0
0
0
0
0
0
0
0
0
0
0
0
0
0
0
0
0
0
5.64038e-08
6.23114e-06
1.041e-05
1.28336e-05
1.34246e-05
1.06988e-05
1.06821e-05
5.39204e-06
0
0
0
6.61891e-06
6.69378e-06
4.2991e-06
2.64562e-06
1.73933e-06
1.48104e-06
1.69669e-06
2.03285e-06
2.14915e-06
2.03556e-06
1.76867e-06
1.2355e-06
3.81789e-07
0
0
0
0
0
0
0
0
0
0
0
0
0
0
0
0
0
0
0
0
0
0
0
1.6367e-07
4.49323e-06
6.21071e-06
7.72731e-06
9.5676e-06
1.08071e-05
1.00217e-05
7.14588e-06
4.40379e-06
2.8617e-06
2.06162e-06
1.68696e-06
1.52223e-06
1.45671e-06
1.4329e-06
1.45102e-06
1.6086e-06
1.82191e-06
1.88979e-06
1.67046e-06
1.20707e-06
6.30924e-07
2.66204e-08
0
0
0
0
0
0
0
0
0
0
0
0
0
0
0
0
0
0
0
0
0
0
1.921e-07
1.39511e-06
2.41441e-06
3.27353e-06
4.06966e-06
4.76014e-06
5.31764e-06
5.90128e-06
6.97437e-06
8.33852e-06
9.27677e-06
9.60438e-06
9.33098e-06
8.68293e-06
8.04038e-06
7.74669e-06
8.0777e-06
7.69481e-06
4.26457e-06
1.50549e-07
0
0
0
0
0
0
5.68773e-07
5.45968e-07
4.00582e-07
2.79892e-06
1.10405e-06
0
0
0
7.206e-07
2.34376e-06
2.36301e-06
8.12347e-06
6.14916e-06
2.12957e-06
7.75422e-07
1.05052e-06
5.68486e-06
0
0
0
0
0
0
2.55645e-06
6.79346e-06
1.19569e-05
1.49644e-05
1.53359e-05
1.45268e-05
1.35421e-05
1.26698e-05
1.17249e-05
1.08169e-05
1.01877e-05
9.6462e-06
8.66718e-06
7.4252e-06
6.47833e-06
5.17481e-06
2.35468e-06
0
0
0
0
0
0
0
0
0
0
0
0
0
0
0
0
0
0
0
0
0
2.68561e-07
5.20871e-06
8.70809e-06
1.13419e-05
1.30151e-05
1.24429e-05
8.2319e-06
1.35064e-05
1.19653e-05
1.04336e-05
9.18892e-06
8.33376e-06
7.68864e-06
6.44145e-06
4.47286e-06
2.55171e-06
1.24894e-06
6.52191e-07
5.11417e-07
5.6475e-07
7.12998e-07
6.71059e-07
2.15738e-07
0
0
0
0
0
0
0
0
0
0
0
0
0
0
0
0
0
0
0
0
0
0
0
0
0
0
0
2.51024e-06
6.29161e-06
9.65393e-06
8.41284e-06
5.08539e-06
3.20465e-06
2.18326e-06
1.68252e-06
1.45523e-06
1.35206e-06
1.28592e-06
1.23722e-06
1.1982e-06
1.18105e-06
1.12732e-06
9.53484e-07
7.38628e-07
5.42693e-07
3.16292e-07
1.88696e-08
0
0
0
0
0
0
0
0
0
0
0
0
0
0
0
0
0
0
0
0
0
0
0
3.73095e-07
1.24054e-06
2.08505e-06
2.90361e-06
3.65654e-06
4.32687e-06
5.0465e-06
6.11168e-06
7.59718e-06
8.63801e-06
9.1456e-06
9.22956e-06
8.89432e-06
8.28952e-06
7.60731e-06
7.05688e-06
7.50967e-06
7.73073e-06
2.65061e-06
0
0
0
0
0
0
0
0
3.70262e-07
5.79549e-07
3.25382e-06
3.38415e-06
0
0
0
0
3.43253e-06
8.56639e-06
6.50232e-06
3.32172e-06
9.30004e-07
2.54567e-07
1.49126e-06
3.96207e-06
0
0
0
0
0
1.97404e-07
2.4267e-06
6.32395e-06
1.23846e-05
1.62776e-05
1.62588e-05
1.47502e-05
1.32391e-05
1.17824e-05
1.05048e-05
9.5076e-06
8.82598e-06
8.20562e-06
7.12431e-06
5.61081e-06
4.09315e-06
2.25889e-06
5.56997e-08
0
0
0
0
0
0
0
0
0
0
0
0
0
0
0
0
0
0
0
0
0
2.2985e-06
6.528e-06
9.23496e-06
1.20133e-05
1.29807e-05
1.04356e-05
6.52426e-06
1.23576e-05
1.13919e-05
9.19699e-06
6.4774e-06
3.84179e-06
1.86676e-06
7.99405e-07
3.8294e-07
2.07532e-07
7.43625e-08
0
0
0
0
0
0
0
0
0
0
0
0
0
0
0
0
0
0
0
0
0
0
0
0
0
0
0
0
0
0
0
0
0
0
1.3734e-06
2.55522e-06
2.3335e-06
1.86835e-06
1.51422e-06
1.33351e-06
1.32808e-06
1.37762e-06
1.35602e-06
1.27979e-06
1.20516e-06
1.14274e-06
1.02516e-06
7.59049e-07
4.55101e-07
2.51346e-07
9.2189e-08
0
0
0
0
0
0
0
0
0
0
0
0
0
0
0
0
0
0
0
0
0
0
0
0
0
5.87228e-07
1.48783e-06
2.38615e-06
3.19702e-06
3.89971e-06
4.61012e-06
5.61238e-06
6.92167e-06
7.9153e-06
8.4928e-06
8.75862e-06
8.76416e-06
8.481e-06
8.06014e-06
7.64344e-06
7.11344e-06
7.45165e-06
8.0575e-06
0
0
0
0
0
0
0
0
0
1.19532e-07
9.1375e-07
3.57194e-06
5.66853e-06
1.83969e-06
0
0
0
2.77505e-06
1.12534e-05
2.98307e-06
8.74045e-07
0
0
1.30296e-06
0
0
0
0
0
2.56338e-06
0
0
1.35633e-06
9.40698e-06
1.60583e-05
1.67513e-05
1.47353e-05
1.26528e-05
1.07964e-05
9.21443e-06
8.06287e-06
7.28825e-06
6.50948e-06
5.21537e-06
3.45619e-06
1.47283e-06
0
0
0
0
0
0
0
0
0
0
0
0
0
0
0
0
0
0
0
0
0
0
0
3.32089e-06
7.39447e-06
1.03116e-05
1.30664e-05
1.21166e-05
8.65023e-06
5.86187e-06
0
0
1.06893e-06
1.76957e-06
1.40983e-06
4.55136e-07
0
0
0
0
0
0
0
0
0
0
0
0
0
0
0
0
0
0
0
0
0
0
0
0
9.41537e-08
2.43509e-07
3.53462e-07
3.41883e-07
1.8528e-07
0
0
0
0
0
0
0
0
4.19963e-07
1.0044e-06
1.20525e-06
1.25149e-06
1.26374e-06
1.34385e-06
1.52029e-06
1.61673e-06
1.58599e-06
1.45307e-06
1.28497e-06
1.11317e-06
9.50737e-07
7.87747e-07
6.64833e-07
6.08117e-07
5.21849e-07
3.23221e-07
4.70871e-08
0
0
0
0
0
0
0
0
0
0
0
0
0
0
0
0
0
0
0
0
0
0
0
2.48197e-07
1.15063e-06
2.05472e-06
2.84081e-06
3.46593e-06
4.02698e-06
4.80904e-06
5.77355e-06
6.66125e-06
7.3409e-06
7.73387e-06
7.892e-06
7.91292e-06
7.60168e-06
7.42314e-06
7.42674e-06
7.16463e-06
7.47158e-06
7.37054e-06
0
0
0
0
0
0
0
0
0
0
1.11799e-06
3.43984e-06
6.57961e-06
4.43031e-06
0
0
0
2.40192e-06
5.16609e-06
0
0
0
2.96937e-07
5.21503e-07
0
0
0
0
1.28537e-05
1.07539e-05
0
0
0
1.28739e-06
1.30954e-05
1.58356e-05
1.36948e-05
1.12674e-05
9.2512e-06
7.54439e-06
6.29061e-06
5.39169e-06
4.35494e-06
2.77338e-06
9.05402e-07
0
0
0
0
0
0
0
0
0
0
0
0
0
0
0
0
0
0
0
0
0
0
0
0
4.87109e-06
8.78488e-06
1.18159e-05
1.36617e-05
1.05441e-05
7.22477e-06
6.15623e-06
0
0
0
1.27533e-06
4.7976e-06
5.06884e-06
2.46693e-06
0
0
0
0
0
0
0
0
0
0
0
0
0
0
0
0
0
5.15925e-07
8.97816e-07
9.96157e-07
9.60027e-07
9.01666e-07
8.64893e-07
8.68313e-07
9.44549e-07
1.05162e-06
1.1565e-06
1.22156e-06
1.20722e-06
1.09287e-06
8.96884e-07
6.82253e-07
4.91621e-07
4.12559e-07
5.52876e-07
7.38324e-07
8.93488e-07
9.99209e-07
1.04851e-06
1.08316e-06
1.08588e-06
9.79392e-07
7.85954e-07
5.8809e-07
4.50788e-07
3.73095e-07
3.17196e-07
2.63929e-07
2.2542e-07
2.14072e-07
2.16935e-07
1.83521e-07
8.09152e-08
0
0
0
0
0
0
0
0
0
0
0
0
0
0
0
0
0
0
0
0
0
0
0
0
1.40797e-07
9.1242e-07
1.67104e-06
2.34159e-06
2.85323e-06
3.245e-06
3.67186e-06
4.33249e-06
5.15618e-06
5.92188e-06
6.51594e-06
6.80604e-06
6.91926e-06
6.82437e-06
6.34725e-06
6.32312e-06
6.49733e-06
6.24472e-06
6.41988e-06
8.87662e-07
0
0
0
0
0
0
0
0
0
0
1.10349e-06
3.10197e-06
6.25294e-06
5.70323e-06
1.23118e-06
0
1.14254e-07
2.13725e-06
2.79763e-06
0
0
5.30664e-07
7.23619e-07
0
0
0
0
6.15108e-06
3.5911e-05
0
0
0
0
0
8.04926e-06
1.35315e-05
1.17512e-05
9.32655e-06
7.38788e-06
5.7196e-06
4.42961e-06
3.3962e-06
2.09924e-06
3.22678e-07
0
0
0
0
0
0
0
0
0
0
0
0
0
0
0
0
0
0
0
0
0
0
0
0
0
6.5492e-06
1.00868e-05
1.31558e-05
1.34879e-05
8.85281e-06
6.59221e-06
7.30383e-06
0
0
3.84607e-06
8.45877e-06
1.04871e-05
9.47012e-06
4.98901e-06
0
0
0
0
0
0
0
0
0
0
0
0
0
0
0
7.23716e-07
1.38069e-06
1.83947e-06
2.13943e-06
2.31342e-06
2.41275e-06
2.48736e-06
2.5363e-06
2.55059e-06
2.58095e-06
2.71459e-06
2.79842e-06
2.8192e-06
2.77037e-06
2.63753e-06
2.43617e-06
2.17828e-06
1.85183e-06
1.52315e-06
1.26246e-06
9.85499e-07
7.07644e-07
4.16141e-07
1.313e-08
0
0
0
0
0
0
0
0
0
0
0
0
0
0
0
0
0
0
0
0
0
0
0
4.58723e-07
4.66598e-07
1.26404e-08
0
0
0
0
0
0
0
0
0
1.80291e-08
1.81203e-07
4.07996e-07
7.95154e-07
1.24784e-06
1.67287e-06
2.01816e-06
2.26358e-06
2.46926e-06
2.77691e-06
3.3563e-06
4.01951e-06
4.55724e-06
4.9417e-06
5.0465e-06
5.03671e-06
4.7637e-06
4.26554e-06
4.4647e-06
4.5167e-06
4.11367e-06
5.66698e-06
9.17469e-07
4.36143e-07
0
0
0
0
0
0
0
0
0
1.15623e-06
2.8529e-06
5.50251e-06
5.71443e-06
2.39216e-06
0
6.89517e-07
2.04026e-06
2.20203e-06
3.41391e-07
9.41581e-07
1.39263e-06
6.22342e-07
0
8.07047e-08
1.92604e-07
0
3.39531e-06
0
0
0
0
0
0
2.4943e-06
1.00491e-05
8.88086e-06
6.72653e-06
5.03268e-06
3.60072e-06
2.43859e-06
1.37759e-06
0
0
0
0
0
0
0
0
0
0
0
0
0
0
0
0
0
0
0
0
0
0
0
0
0
0
8.74014e-07
7.76883e-06
1.13668e-05
1.43805e-05
1.28455e-05
7.58124e-06
7.03524e-06
8.81019e-06
0
9.49516e-07
2.59304e-06
3.94331e-06
4.42973e-06
3.47029e-06
8.71417e-07
0
0
0
0
0
0
0
0
0
0
6.4929e-07
2.00104e-06
3.26803e-06
4.34145e-06
5.16324e-06
5.73853e-06
6.09042e-06
6.26405e-06
6.33813e-06
6.38708e-06
6.47026e-06
6.62546e-06
6.83901e-06
7.0562e-06
7.25619e-06
7.34159e-06
7.24389e-06
6.92136e-06
6.3704e-06
5.60213e-06
4.76703e-06
3.95256e-06
3.1733e-06
2.48619e-06
1.76924e-06
9.07156e-07
0
0
0
0
0
0
0
0
0
0
0
0
0
0
0
0
0
0
0
0
0
0
0
0
1.00416e-06
2.02581e-06
2.59518e-06
2.6664e-06
2.20852e-06
1.28443e-06
3.72739e-08
0
0
0
4.61823e-07
1.76994e-06
2.54354e-06
2.57578e-06
2.04643e-06
1.47515e-06
1.27795e-06
1.44419e-06
1.71997e-06
1.94195e-06
2.04365e-06
2.02251e-06
1.98331e-06
2.05227e-06
2.31886e-06
2.59322e-06
2.74161e-06
2.81836e-06
2.62526e-06
2.51455e-06
2.20388e-06
1.80069e-06
2.04326e-06
1.71173e-06
2.27952e-06
4.06412e-06
1.26857e-06
2.54259e-06
5.39335e-07
0
1.05459e-06
1.59795e-06
0
0
0
0
8.04724e-07
2.93651e-06
4.07308e-06
5.8079e-06
5.59755e-06
2.66952e-06
0
1.35875e-06
2.06718e-06
2.14571e-06
1.64058e-06
1.86836e-06
1.52041e-06
3.06348e-07
2.8247e-07
1.45038e-06
1.11343e-06
0
0
0
0
0
0
0
0
0
6.22148e-06
5.37251e-06
3.67125e-06
2.41695e-06
1.35663e-06
4.14371e-07
0
0
0
0
0
0
0
0
0
0
0
0
0
0
0
0
0
0
0
0
0
0
0
0
0
0
0
1.5253e-06
9.31303e-06
1.34733e-05
1.54782e-05
1.18141e-05
7.13163e-06
8.43463e-06
1.01695e-05
0
0
0
0
0
0
2.64276e-07
0
0
0
0
0
0
0
0
0
0
0
0
2.20119e-06
4.08534e-06
5.53047e-06
6.5698e-06
7.2883e-06
7.82314e-06
8.41862e-06
9.07027e-06
9.76844e-06
1.05724e-05
1.14858e-05
1.2432e-05
1.32722e-05
1.38452e-05
1.4015e-05
1.37007e-05
1.28903e-05
1.16375e-05
1.00758e-05
8.34582e-06
6.64998e-06
5.09088e-06
3.31751e-06
1.27755e-06
0
0
0
0
0
0
0
0
0
0
0
0
0
0
0
0
0
0
0
0
0
0
1.34286e-06
2.7303e-06
3.3657e-06
3.97516e-06
4.66947e-06
5.21233e-06
5.26717e-06
4.71902e-06
4.01715e-06
3.83418e-06
4.42636e-06
5.46289e-06
6.37973e-06
6.74991e-06
6.35273e-06
5.23284e-06
3.77999e-06
2.59555e-06
1.97876e-06
1.79717e-06
1.75108e-06
1.65554e-06
1.4334e-06
1.13039e-06
8.84852e-07
7.5509e-07
7.81222e-07
7.75226e-07
6.72803e-07
4.25609e-07
0
0
0
0
0
0
0
0
0
0
0
3.04182e-06
7.52861e-06
8.68531e-06
7.23906e-06
4.44267e-06
4.59548e-06
6.96121e-06
8.89394e-06
1.01852e-05
1.00548e-05
8.85376e-06
6.22027e-06
2.88058e-06
1.09771e-06
1.98648e-06
2.06218e-06
2.04931e-06
1.94775e-06
1.83422e-06
1.16716e-06
4.69731e-07
1.22833e-06
2.25538e-06
6.24435e-07
0
0
0
0
0
0
0
0
0
2.78609e-06
1.71916e-06
5.31209e-07
0
0
0
0
0
0
0
0
0
0
0
0
0
0
0
0
0
0
0
0
0
0
0
0
0
0
0
0
0
0
2.01575e-06
1.14893e-05
1.55048e-05
1.49875e-05
9.75641e-06
7.20369e-06
9.31351e-06
1.10201e-05
0
0
0
0
0
0
0
1.21581e-05
1.62427e-05
1.55783e-05
1.2472e-05
7.94355e-06
4.54476e-06
4.34135e-06
7.8463e-06
1.31823e-05
1.81529e-05
2.15385e-05
2.28475e-05
2.2814e-05
2.18899e-05
2.05024e-05
1.90773e-05
1.8081e-05
1.77702e-05
1.77888e-05
1.80678e-05
1.84938e-05
1.89411e-05
1.9304e-05
1.95176e-05
1.95593e-05
1.94118e-05
1.90561e-05
1.84695e-05
1.76329e-05
1.65538e-05
1.53368e-05
1.38576e-05
1.19873e-05
9.43587e-06
6.1025e-06
2.34377e-06
0
0
0
0
0
0
0
0
0
0
0
0
0
0
0
0
0
0
0
0
0
3.09524e-06
4.45523e-06
4.59884e-06
4.71383e-06
5.25751e-06
6.21275e-06
7.25372e-06
7.79069e-06
7.4203e-06
6.8753e-06
7.33887e-06
8.64699e-06
9.88178e-06
1.04315e-05
1.00432e-05
8.76865e-06
7.07134e-06
5.62703e-06
4.72247e-06
3.99521e-06
3.1716e-06
2.3789e-06
1.63858e-06
9.24511e-07
2.87877e-07
0
0
0
0
0
0
0
0
0
0
0
0
0
0
0
0
0
6.13169e-06
1.25186e-05
1.44601e-05
1.0556e-05
9.60913e-06
2.0533e-05
2.7855e-05
2.64465e-05
2.39266e-05
2.07197e-05
1.48595e-05
7.29692e-06
2.6842e-06
1.51024e-06
1.71857e-06
1.27868e-06
1.15984e-06
1.4796e-06
1.50069e-06
1.21437e-06
1.16341e-06
2.04187e-06
2.58894e-06
0
0
0
0
0
0
0
0
0
0
6.29687e-09
0
0
0
0
0
0
0
0
0
0
0
0
0
0
0
0
0
0
0
0
0
0
0
0
0
0
0
0
0
0
0
0
3.01952e-06
1.47298e-05
1.6313e-05
1.22896e-05
7.49031e-06
7.87155e-06
9.35692e-06
1.19907e-05
0
0
0
0
0
0
0
0
1.06473e-05
2.4646e-05
2.88138e-05
2.82972e-05
2.49924e-05
2.14453e-05
2.09845e-05
2.29193e-05
2.58143e-05
2.80698e-05
2.89144e-05
2.83085e-05
2.67343e-05
2.5337e-05
2.3847e-05
2.25967e-05
2.21407e-05
2.2636e-05
2.3822e-05
2.52146e-05
2.63748e-05
2.69926e-05
2.67664e-05
2.60505e-05
2.51373e-05
2.40442e-05
2.27066e-05
2.10439e-05
1.9111e-05
1.72905e-05
1.54266e-05
1.3334e-05
1.10659e-05
8.98075e-06
7.51336e-06
6.52396e-06
5.20458e-06
2.76416e-06
0
0
0
0
0
0
0
0
0
0
0
0
0
0
0
0
0
2.54908e-06
5.15239e-06
6.02173e-06
5.88161e-06
6.07412e-06
7.45347e-06
9.84362e-06
1.21896e-05
1.28734e-05
1.07112e-05
6.61543e-06
4.55549e-06
6.57791e-06
9.66273e-06
1.11745e-05
1.08609e-05
9.28168e-06
7.34206e-06
6.01218e-06
5.36882e-06
4.69191e-06
3.48052e-06
1.95667e-06
5.98683e-07
0
0
0
0
0
0
0
0
0
0
0
0
0
0
0
0
0
0
0
5.44522e-06
7.61512e-06
0
0
0
2.55536e-06
3.2624e-05
3.29935e-05
2.92805e-05
2.5421e-05
1.93184e-05
9.63765e-06
3.65357e-06
2.15561e-06
1.56155e-06
5.14516e-07
2.36959e-08
4.75187e-07
8.06702e-07
1.18156e-06
1.52457e-06
2.50594e-06
3.16175e-06
2.21859e-07
0
0
0
0
0
0
0
0
0
0
0
0
0
0
0
0
0
0
0
0
0
0
0
0
0
0
0
0
0
0
0
0
0
0
0
0
0
0
0
0
0
0
6.51217e-06
1.674e-05
1.34813e-05
8.31963e-06
6.97934e-06
7.66057e-06
8.57309e-06
1.29959e-05
0
0
0
0
0
0
0
0
4.14885e-06
1.75884e-05
2.55298e-05
2.91482e-05
2.95276e-05
2.77252e-05
2.48344e-05
2.20145e-05
2.02123e-05
1.95353e-05
1.90886e-05
1.79185e-05
1.64763e-05
1.66543e-05
1.78993e-05
1.95593e-05
2.1511e-05
2.34235e-05
2.50774e-05
2.64651e-05
2.77424e-05
2.88873e-05
2.92006e-05
2.89009e-05
2.82046e-05
2.69368e-05
2.4997e-05
2.24333e-05
1.96773e-05
1.73884e-05
1.48928e-05
1.22595e-05
1.00147e-05
8.72869e-06
8.72263e-06
9.86658e-06
1.14924e-05
1.24058e-05
1.12976e-05
7.42843e-06
1.24824e-06
0
0
0
0
0
0
0
0
0
0
0
3.41095e-06
6.88057e-06
7.95404e-06
6.50787e-06
3.96008e-06
2.46755e-06
3.20386e-06
6.3521e-06
1.10969e-05
1.53787e-05
1.71492e-05
1.52656e-05
9.70167e-06
2.04041e-06
0
0
0
2.02445e-06
4.40637e-06
5.38855e-06
5.48217e-06
5.41691e-06
5.27007e-06
4.54363e-06
2.89059e-06
7.91331e-07
0
0
0
0
0
0
0
0
0
0
0
0
0
0
0
0
0
0
0
0
0
0
0
0
0
0
0
0
6.14907e-07
5.71537e-06
6.4929e-06
2.81547e-06
9.81203e-07
1.04793e-06
5.90037e-07
0
0
0
3.48781e-07
1.05476e-06
1.63919e-06
3.48583e-06
5.67565e-06
4.76671e-06
2.64842e-07
0
0
0
0
0
1.73421e-06
0
0
0
0
0
0
0
0
0
0
0
0
0
0
0
0
0
0
0
0
0
0
0
0
0
0
0
0
0
0
0
0
0
0
0
1.06538e-05
1.18206e-05
9.00468e-06
6.81067e-06
6.32043e-06
6.01619e-06
7.72475e-06
1.34802e-05
0
0
0
0
0
0
0
0
0
3.62026e-06
1.05899e-05
1.43344e-05
1.54766e-05
1.50071e-05
1.3706e-05
1.28192e-05
1.26493e-05
1.28585e-05
1.30994e-05
1.33482e-05
1.38592e-05
1.47642e-05
1.58655e-05
1.6799e-05
1.71217e-05
1.6539e-05
1.5139e-05
1.3409e-05
1.21155e-05
1.18548e-05
1.22595e-05
1.31967e-05
1.40448e-05
1.40368e-05
1.27513e-05
1.0474e-05
8.28229e-06
5.73678e-06
2.79589e-06
0
0
0
0
0
0
0
0
0
1.05911e-05
1.66305e-05
7.23199e-06
0
0
0
0
0
0
0
6.35869e-06
1.8193e-05
2.83857e-05
3.29766e-05
1.99153e-05
0
0
0
0
0
0
0
7.56413e-06
1.51112e-05
1.62717e-05
1.39868e-05
1.0185e-05
5.44466e-06
7.72979e-07
0
0
0
0
2.34544e-06
4.17956e-06
4.36418e-06
2.89762e-06
5.72371e-07
0
0
0
0
0
0
0
0
1.14523e-07
0
0
0
0
0
0
0
0
0
0
0
0
0
0
0
0
0
0
0
0
0
0
0
0
0
0
0
0
2.64756e-07
2.8653e-07
4.31513e-07
1.18591e-06
4.5831e-06
9.11365e-06
1.10003e-05
9.0058e-06
3.30853e-06
0
0
0
2.37744e-05
5.89766e-06
0
0
0
0
0
0
0
0
0
0
0
0
0
0
0
0
0
0
0
0
0
0
0
0
0
0
0
0
0
0
0
0
0
0
0
1.53706e-07
4.06969e-06
5.44689e-06
4.94839e-06
4.13868e-06
4.37037e-06
7.02115e-06
1.24958e-05
0
0
0
0
0
0
0
0
0
0
0
0
2.72053e-07
6.86483e-06
1.18769e-05
1.51079e-05
1.64981e-05
1.59742e-05
1.3348e-05
8.62924e-06
2.22111e-06
0
0
0
0
0
0
0
0
0
3.88774e-06
8.07327e-06
1.10884e-05
1.2758e-05
1.32541e-05
1.30572e-05
1.11916e-05
7.53708e-06
2.61602e-06
0
0
0
0
0
0
0
0
3.20695e-06
3.73099e-05
5.67654e-05
4.87646e-05
2.39336e-05
1.7988e-06
0
0
0
0
0
6.28356e-06
2.19207e-05
4.04861e-05
0
0
0
0
0
0
0
0
0
0
8.35542e-06
1.19491e-05
9.73995e-06
6.28548e-06
3.77661e-06
2.07747e-06
6.7541e-08
0
0
0
0
2.22475e-06
1.83673e-06
2.86506e-07
0
0
1.80706e-07
2.8109e-07
0
0
0
0
5.27394e-07
2.54251e-06
5.36552e-06
1.0556e-05
2.9526e-06
0
0
0
1.67931e-06
0
0
9.35766e-07
0
0
0
0
0
0
0
0
0
0
0
0
0
0
0
0
0
0
4.8065e-07
0
0
7.26636e-07
6.31286e-06
1.24089e-05
1.70457e-05
1.64042e-05
1.106e-05
0
0
6.36997e-07
1.15794e-05
0
0
0
0
0
0
0
0
0
0
0
0
0
0
0
0
0
0
0
0
0
0
0
0
0
0
0
0
0
0
0
0
0
0
0
0
0
3.07558e-07
2.11175e-06
2.49312e-06
2.79905e-06
3.25592e-06
6.02023e-06
1.02927e-05
0
0
0
7.239e-06
1.30103e-05
1.40158e-05
1.00435e-05
2.65744e-06
0
0
0
0
0
5.16651e-06
1.15698e-05
1.59109e-05
1.73473e-05
1.5365e-05
1.0154e-05
1.40588e-06
0
0
0
0
0
0
0
0
6.43975e-06
1.13608e-05
1.39593e-05
1.4896e-05
1.4743e-05
1.4031e-05
1.29169e-05
1.14429e-05
9.6733e-06
7.6448e-06
5.35635e-06
3.04441e-06
8.64639e-07
0
1.23293e-06
6.01377e-06
1.43993e-05
2.46576e-05
3.53997e-05
4.58995e-05
5.51387e-05
6.05053e-05
5.62631e-05
3.69362e-05
1.25622e-05
0
0
0
0
0
0
7.6656e-07
1.82864e-05
4.37495e-05
4.92294e-05
0
0
0
0
0
0
0
0
2.08873e-06
2.99773e-06
1.793e-06
1.03159e-06
1.24307e-06
1.68963e-06
1.61519e-06
1.42705e-07
0
0
0
0
0
3.54296e-07
9.39512e-07
1.31559e-06
1.59587e-06
1.39292e-06
9.15862e-07
1.2954e-07
0
0
2.32831e-07
1.60272e-06
2.89258e-06
3.6405e-06
4.17369e-06
0
0
1.87785e-06
5.80111e-06
1.09579e-06
5.73624e-07
1.06337e-05
4.6379e-06
2.15922e-06
4.49195e-06
0
0
0
0
0
3.6014e-07
3.96506e-06
0
0
0
0
0
0
0
0
0
0
0
3.90324e-07
8.80926e-06
1.45106e-05
2.10658e-05
2.17625e-05
1.72643e-05
8.06122e-06
0
2.32777e-06
0
0
0
0
0
0
0
0
0
0
0
0
0
0
0
0
0
0
0
0
0
0
0
0
0
0
0
0
0
0
0
0
0
0
0
0
0
0
5.3095e-08
8.32542e-07
1.39692e-06
1.95989e-06
2.10663e-06
4.27971e-06
7.47092e-06
0
1.7299e-06
6.02373e-06
8.10032e-06
7.86976e-06
5.60475e-06
1.81106e-06
0
0
0
0
0
0
0
0
4.30611e-06
6.87967e-06
6.07879e-06
1.91995e-06
0
0
0
0
0
6.15536e-08
6.14751e-06
1.09726e-05
1.38462e-05
1.43318e-05
1.2699e-05
9.65918e-06
6.39131e-06
3.74598e-06
2.26224e-06
2.02219e-06
2.34983e-06
2.63036e-06
2.48703e-06
1.89254e-06
1.25852e-06
1.36389e-06
3.38535e-06
8.36381e-06
1.62989e-05
2.57132e-05
3.45739e-05
4.19147e-05
4.80291e-05
5.26899e-05
5.38885e-05
4.79343e-05
3.11368e-05
1.12805e-05
4.46583e-06
7.35797e-06
9.09762e-06
7.83135e-06
5.70484e-06
6.1914e-06
1.11878e-05
1.93211e-05
2.67188e-05
3.12711e-05
2.52896e-05
1.14166e-06
0
0
0
0
0
0
0
0
0
0
4.8297e-07
7.79732e-07
2.24637e-07
0
0
0
5.86297e-06
2.99397e-06
2.96252e-07
0
1.76095e-07
8.11899e-07
1.47387e-06
1.51214e-06
1.42882e-06
2.82899e-07
0
0
0
3.31412e-07
9.04171e-07
3.23365e-07
0
0
0
0
8.77478e-06
3.43306e-06
3.75739e-06
1.87017e-05
9.82292e-06
5.30877e-06
9.35204e-06
3.73776e-06
0
0
0
0
1.92966e-05
8.29307e-06
0
0
0
0
0
0
0
0
0
0
0
2.00009e-06
1.16777e-05
1.4011e-05
2.15043e-05
2.39314e-05
2.07513e-05
1.33572e-05
5.14275e-06
0
0
0
0
0
0
0
0
0
0
0
0
0
0
0
0
0
0
0
0
0
0
0
0
0
0
0
0
0
0
0
0
0
0
1.73947e-07
2.58069e-08
0
0
0
0
2.45673e-07
7.69676e-07
1.05493e-06
9.64009e-07
2.68958e-06
4.63261e-06
0
0
0
2.17867e-06
2.38689e-06
8.55511e-07
0
0
0
0
0
0
0
0
0
0
0
0
0
0
0
0
0
0
2.98011e-06
5.54584e-06
7.36032e-06
8.19933e-06
7.82331e-06
5.93687e-06
2.12967e-06
0
0
0
0
0
0
0
0
0
0
0
0
0
0
0
0
5.06302e-06
9.3654e-06
8.17304e-06
4.32156e-06
6.19132e-06
1.49133e-05
2.65059e-05
3.55456e-05
3.80565e-05
3.38763e-05
2.56532e-05
1.86933e-05
1.60424e-05
1.54819e-05
1.40993e-05
1.05856e-05
5.78781e-06
2.52722e-06
3.92442e-06
1.06904e-05
1.99483e-05
2.12246e-05
0
0
0
0
0
0
0
0
0
0
0
0
1.93316e-06
1.50829e-06
6.72601e-07
1.78239e-07
0
9.47911e-07
1.80762e-06
1.61244e-06
2.49135e-06
1.0529e-06
0
6.94625e-07
1.37465e-07
8.19893e-07
1.80837e-06
0
0
0
0
0
4.75267e-06
3.14692e-06
5.88068e-06
2.32007e-05
1.28473e-05
7.45287e-06
1.39902e-05
9.98186e-06
0
0
0
1.01369e-05
1.91042e-05
2.18904e-06
0
0
0
0
0
0
0
0
0
0
0
8.3108e-06
1.51402e-05
1.38834e-05
1.8555e-05
2.33864e-05
2.17056e-05
1.5663e-05
6.65175e-06
0
0
0
0
0
0
0
0
0
0
0
0
0
0
0
0
0
0
0
0
0
0
0
0
0
0
0
0
0
0
4.99396e-08
3.94166e-08
0
1.29083e-07
2.96495e-07
1.19277e-07
0
0
0
0
0
1.83907e-07
3.81114e-07
2.10962e-07
1.63135e-06
1.76681e-06
0
5.28326e-06
1.14595e-05
1.41973e-05
1.50414e-05
1.40323e-05
1.02993e-05
2.83341e-06
0
0
0
0
0
0
0
0
0
0
0
0
0
0
0
0
0
0
0
0
0
0
0
0
0
0
0
0
0
0
0
0
0
0
0
0
0
0
6.90701e-06
1.79311e-05
3.08814e-05
4.40479e-05
5.07061e-05
5.81609e-05
7.35466e-05
8.49931e-05
8.77639e-05
8.24222e-05
7.07567e-05
4.89566e-05
2.70372e-05
1.33102e-05
6.81872e-06
4.28991e-06
3.40569e-06
4.04619e-06
7.05623e-06
1.19359e-05
1.69076e-05
2.00172e-05
1.90635e-05
1.17074e-05
3.6628e-06
0
0
0
0
0
0
0
0
0
0
2.68343e-07
5.05306e-07
4.34827e-07
1.80456e-07
0
0
3.54819e-07
3.25972e-07
7.60714e-07
0
0
1.343e-06
8.46214e-07
2.07464e-06
4.4324e-06
1.02384e-06
0
0
0
0
0
0
4.95947e-06
2.33673e-05
1.3437e-05
1.03377e-05
1.6546e-05
1.57265e-05
7.06958e-06
0
0
2.28675e-05
5.99728e-06
0
0
0
0
0
0
0
0
0
0
0
0
1.58587e-05
1.84646e-05
1.45119e-05
1.45699e-05
2.01027e-05
2.10436e-05
1.66232e-05
7.49884e-06
0
0
0
0
0
0
0
0
0
0
0
0
0
0
0
0
0
0
0
0
0
0
0
0
0
0
1.04998e-07
1.04153e-07
0
6.64961e-09
3.25738e-07
2.62361e-07
7.7066e-09
0
1.62294e-07
1.9285e-07
0
0
0
0
0
0
6.19506e-08
0
1.03484e-06
0
0
0
0
0
0
0
1.94407e-06
5.31387e-06
3.41349e-06
0
0
0
0
0
0
0
3.39832e-06
4.6332e-06
9.57908e-07
0
0
0
0
0
0
0
0
0
0
0
0
0
0
0
0
0
0
0
0
0
0
0
0
0
2.93151e-08
4.7502e-07
9.19116e-07
1.30929e-06
1.60724e-06
1.79751e-06
1.85834e-06
1.78328e-06
1.58318e-06
1.26164e-06
9.20341e-07
6.05017e-07
3.30705e-07
1.38063e-07
3.59177e-08
0
0
0
0
0
0
0
2.01361e-09
2.00954e-08
0
0
0
0
0
0
0
0
2.04903e-07
2.69565e-07
1.71682e-07
0
0
1.1422e-07
1.85647e-07
2.1234e-07
0
0
5.54612e-07
6.27028e-07
4.86849e-07
4.67397e-07
0
0
9.93148e-07
3.84454e-07
3.96914e-06
7.86379e-06
3.82618e-06
0
0
0
0
0
0
0
1.85075e-05
1.34644e-05
1.58015e-05
1.74827e-05
1.8156e-05
1.38529e-05
3.5637e-06
0
9.81319e-06
0
0
0
0
0
0
0
0
0
0
0
0
1.23194e-05
2.24253e-05
2.15004e-05
1.55355e-05
1.34457e-05
1.42155e-05
1.76345e-05
1.60903e-05
8.49086e-06
0
0
0
0
0
0
0
0
0
0
0
0
0
0
0
0
0
0
0
0
0
0
0
0
2.66945e-08
2.14716e-07
3.36593e-07
1.34132e-07
0
2.02246e-10
8.16913e-08
0
0
0
0
2.13022e-07
0
0
0
0
0
0
6.54274e-08
0
5.46219e-07
0
0
0
0
0
0
2.14324e-09
3.87758e-08
5.25895e-08
5.14136e-08
4.51725e-08
3.87644e-08
3.32163e-08
2.81822e-08
2.30238e-08
1.63543e-08
7.58542e-09
0
0
0
0
0
0
0
0
0
3.64499e-09
2.06731e-08
2.94668e-08
2.80939e-08
2.08192e-08
1.10846e-08
9.82178e-10
0
0
0
0
0
0
0
0
0
0
0
0
0
0
0
0
0
4.64974e-09
1.55429e-08
2.76192e-08
3.81998e-08
4.71788e-08
5.40553e-08
5.67667e-08
5.3255e-08
4.44787e-08
2.95801e-08
1.3825e-08
4.3379e-10
0
0
0
2.5803e-09
0
2.33981e-09
1.93203e-08
0
3.47192e-08
0
0
5.72772e-08
0
1.25698e-07
7.11726e-07
2.26494e-07
0
0
0
6.38075e-08
2.72424e-08
0
0
0
0
1.47245e-06
1.93948e-06
1.67048e-06
1.04962e-06
0
0
0
0
4.46556e-06
9.05127e-06
5.57949e-06
9.77973e-08
0
0
6.59765e-08
0
0
0
9.62711e-06
2.01043e-05
2.37221e-05
2.04917e-05
1.74612e-05
1.61661e-05
1.252e-05
2.82403e-06
0
0
0
0
0
0
0
0
0
0
0
0
0
1.04366e-05
2.74399e-05
2.41168e-05
1.83531e-05
1.38126e-05
1.19629e-05
1.18405e-05
1.2718e-05
8.82324e-06
0
0
0
0
0
0
0
0
0
0
0
0
0
0
0
0
0
0
0
3.69034e-08
8.199e-08
9.60361e-08
8.22829e-08
5.93337e-08
8.49571e-08
1.15382e-07
2.34696e-08
0
0
0
0
0
0
0
0
1.58489e-07
2.00445e-08
0
0
0
0
2.20988e-07
1.33273e-07
4.64866e-08
1.98355e-07
0
0
0
0
0
0
0
2.93019e-09
1.77388e-08
2.82343e-08
3.33928e-08
3.35124e-08
2.9196e-08
2.10111e-08
1.02196e-08
0
0
0
0
0
0
0
0
4.04133e-10
2.34391e-08
4.40465e-08
5.74242e-08
6.10351e-08
5.56477e-08
4.30412e-08
2.58795e-08
6.64965e-09
0
0
0
0
0
0
2.55288e-08
3.87815e-08
2.5334e-08
0
0
0
0
0
1.00992e-08
4.89072e-10
0
0
0
0
0
0
0
0
0
0
0
0
0
0
0
0
0
0
0
1.06546e-08
4.52094e-08
4.15916e-08
1.04924e-07
7.03038e-08
1.26519e-07
2.60502e-07
1.33973e-07
1.06868e-06
2.28127e-06
1.01991e-06
0
0
0
0
0
0
0
0
0
1.7777e-06
3.30384e-06
3.52532e-06
2.65883e-06
0
0
0
0
2.72602e-06
1.00911e-05
1.08591e-05
8.86645e-06
4.41402e-06
0
0
0
0
0
0
5.03331e-05
5.23033e-05
2.52082e-05
1.12472e-05
3.24799e-06
8.03829e-07
1.22323e-07
0
0
0
0
0
0
0
0
0
0
0
0
0
0
4.36186e-06
1.08167e-05
2.03043e-05
2.11454e-05
1.2327e-05
4.39266e-06
6.69001e-07
5.96941e-08
0
0
0
0
0
0
0
0
0
0
0
0
0
0
1.7279e-08
5.01025e-08
7.20178e-08
7.88758e-08
8.32097e-08
9.48374e-08
8.74226e-08
5.53142e-08
3.68335e-08
3.95387e-08
1.06605e-08
0
0
0
0
0
0
0
0
0
0
6.59148e-08
0
0
0
7.81256e-08
2.29942e-07
2.4722e-07
1.98084e-07
1.21262e-07
1.01874e-07
0
0
0
0
0
0
0
0
0
0
0
0
0
0
0
0
0
0
0
0
0
0
0
0
1.48135e-08
3.3491e-08
4.42264e-08
4.64187e-08
4.07618e-08
2.80609e-08
1.02851e-08
0
0
0
0
0
0
0
0
6.27987e-10
0
0
0
0
0
0
0
0
0
0
0
0
0
0
0
0
0
0
0
0
0
0
0
0
0
0
0
5.10096e-09
3.37118e-08
3.989e-08
8.97323e-08
6.11423e-08
1.3161e-07
2.62207e-07
3.25154e-07
1.71064e-06
4.32743e-06
3.92152e-06
0
0
0
0
0
4.01399e-07
5.03144e-07
0
0
0
2.16901e-06
4.34896e-06
4.89816e-06
0
0
0
0
2.38212e-06
2.18095e-05
3.26084e-05
1.4041e-05
3.96843e-06
0
0
0
0
0
0
1.95068e-05
7.86362e-05
3.55381e-05
4.34037e-06
6.49441e-07
9.91528e-08
0
0
0
0
0
0
0
0
0
0
0
0
0
0
0
8.75524e-07
2.0031e-06
5.75643e-06
2.09893e-05
1.93482e-05
1.59747e-06
6.11082e-08
0
0
0
0
0
0
0
0
0
0
0
0
0
5.3316e-08
7.77073e-08
8.70217e-08
9.01251e-08
8.75192e-08
7.74102e-08
6.98181e-08
6.85305e-08
4.72938e-08
1.29616e-08
1.37157e-08
2.7761e-08
0
0
0
0
0
0
1.08381e-07
0
0
0
0
0
0
0
0
5.32642e-08
1.72582e-07
2.63629e-07
2.30573e-07
1.33487e-07
1.23223e-07
2.78543e-08
0
0
0
0
0
0
0
0
0
0
0
0
0
0
0
0
0
0
0
0
0
0
0
1.12496e-09
1.27509e-08
1.85709e-08
1.85883e-08
1.37298e-08
4.82205e-09
0
0
0
0
0
0
0
0
0
0
0
0
0
0
0
0
0
0
0
0
0
0
0
0
0
0
0
0
0
0
0
0
0
0
0
0
0
0
1.4948e-08
1.86462e-08
5.10143e-08
2.01408e-08
7.18274e-08
1.69637e-07
2.71263e-07
1.87335e-06
8.55094e-06
1.1527e-05
6.54449e-06
1.49575e-06
0
0
0
2.24671e-06
4.46525e-06
6.92817e-07
0
0
0
3.56624e-06
1.01191e-05
8.87172e-06
0
0
0
5.27915e-06
3.48657e-05
1.65178e-05
4.45056e-06
1.02627e-06
0
0
0
0
0
0
9.66416e-06
5.29686e-05
2.84777e-05
1.74093e-06
8.46705e-08
0
0
0
0
0
0
0
0
0
0
0
0
0
0
0
0
6.00037e-07
1.12773e-06
2.97576e-06
1.15587e-05
1.64532e-05
6.83693e-07
0
0
0
0
0
0
0
0
0
0
0
0
1.81756e-08
7.8117e-08
9.53474e-08
9.71061e-08
9.2493e-08
8.64645e-08
7.80312e-08
6.51361e-08
5.71443e-08
5.50048e-08
2.87319e-08
0
7.16545e-09
2.57628e-08
0
0
0
0
0
1.21144e-07
3.95592e-07
1.56964e-07
0
0
0
0
0
0
5.04897e-08
0
2.07269e-07
3.96949e-07
3.58753e-07
2.15381e-07
2.0321e-07
6.78169e-08
0
0
0
0
0
0
0
0
0
0
0
0
0
0
0
0
1.12254e-07
0
0
1.05449e-07
0
0
0
0
0
0
0
0
0
0
0
0
0
0
0
0
0
0
0
0
0
6.63749e-08
0
0
4.83997e-08
0
0
0
0
0
0
0
0
0
0
0
0
0
0
0
0
0
0
0
0
0
1.58678e-08
0
0
0
0
0
0
0
0
0
0
0
0
0
0
0
0
0
0
0
0
0
0
0
0
0
0
0
0
0
0
0
1.50245e-06
9.11769e-07
0
0
0
0
0
0
0
0
0
0
0
0
0
1.40175e-05
1.25645e-05
2.35408e-05
0
0
0
0
0
0
0
3.32346e-06
2.53214e-06
0
0
0
0
0
0
0
0
0
0
0
0
0
1.31217e-05
1.39911e-05
2.03877e-05
0
0
0
0
0
0
0
5.96768e-06
4.57958e-06
0
0
0
0
0
0
0
0
0
0
0
0
1.23771e-06
6.50757e-06
1.65371e-05
4.31128e-06
0
0
0
0
0
0
0
9.75066e-06
7.70126e-06
0
0
0
0
0
0
0
0
0
0
0
6.58215e-06
1.80972e-05
6.02817e-06
1.99547e-05
0
0
0
0
0
0
0
0
1.3613e-05
1.27724e-05
0
0
0
0
0
0
0
0
0
0
0
1.22027e-05
2.85048e-05
3.46284e-05
2.29108e-05
0
1.4259e-05
0
0
0
0
0
0
1.39272e-05
2.00443e-05
0
0
0
0
0
0
0
0
0
0
0
1.6015e-05
3.46397e-05
6.71165e-05
2.08876e-05
0
8.64997e-06
0
0
0
0
0
0
1.20612e-05
2.88941e-05
0
0
0
0
0
0
0
0
0
0
0
1.42284e-05
3.91787e-05
8.65766e-05
9.654e-06
0
1.13603e-05
0
0
0
0
0
0
1.23641e-05
3.88109e-05
0
0
0
0
0
0
0
0
0
0
0
0
4.43099e-05
9.30225e-05
0
3.27964e-06
1.95258e-05
0
0
0
0
0
0
1.49421e-05
4.87479e-05
0
0
0
0
0
0
0
0
0
0
1.96508e-06
0
5.23586e-05
8.73415e-05
0
1.21442e-05
2.26466e-05
0
0
0
0
0
0
1.86081e-05
5.90783e-05
9.38279e-07
0
0
0
0
0
4.4388e-06
0
0
0
1.21166e-05
0
6.08041e-05
7.03322e-05
0
1.57497e-05
2.01943e-05
0
0
0
0
0
0
2.18679e-05
7.06029e-05
3.14538e-06
0
0
0
0
2.84902e-06
9.12675e-06
0
0
0
1.51425e-05
0
2.43777e-05
4.27535e-05
5.52084e-06
1.6468e-05
1.17073e-05
0
0
0
0
0
0
2.35312e-05
8.37784e-05
6.40023e-06
0
0
0
0
3.34504e-06
9.92064e-06
0
0
0
1.62858e-05
0
0
6.61179e-06
1.23384e-05
1.48714e-05
0
0
0
0
0
0
0
2.26064e-05
9.95288e-05
1.1154e-05
2.30747e-07
0
0
0
0
6.71064e-07
0
0
0
1.98628e-05
2.51972e-06
0
0
1.5426e-05
1.11422e-05
0
0
0
0
0
0
0
1.75169e-05
0.000118151
1.58396e-05
2.25198e-06
0
0
0
0
0
3.92405e-07
0
0
2.70751e-05
1.86423e-05
0
0
1.4155e-05
5.06965e-06
0
0
0
0
0
2.15855e-05
0
6.82101e-06
0.000139791
1.19757e-05
0
0
0
0
0
0
4.72849e-05
0
0
3.49275e-05
2.94832e-05
0
0
1.02235e-05
0
0
0
0
0
0
6.16204e-05
7.13167e-05
0
0.00016352
1.16104e-05
0
0
0
0
0
0
4.15047e-05
0
0
3.99367e-05
3.63415e-05
1.00233e-05
0
5.45997e-06
0
0
0
0
0
0
0.000109448
0.000183174
0
0.000186773
1.63031e-05
0
0
0
0
0
0
2.17199e-05
0
0
4.07796e-05
4.0368e-05
2.58839e-05
0
4.70949e-07
0
0
0
0
0
1.83703e-05
0.000165264
0.000304466
0
0.000204667
1.90613e-05
0
0
0
0
0
0
6.25577e-06
0
0
3.7459e-05
4.21176e-05
3.52434e-05
0
0
0
0
0
0
0
4.04902e-05
0.000226311
0.000408921
6.61691e-06
0.000210271
2.04694e-05
1.03327e-06
0
0
0
8.14784e-05
1.21391e-05
0
0
0
3.02779e-05
4.18112e-05
3.85103e-05
0
0
0
0
0
0
0
6.22423e-05
0.000284388
0.000485782
0.000144698
0.000197665
2.1264e-05
8.40468e-06
0
0
0
8.33357e-05
4.12483e-06
0
0
0
1.97662e-05
3.93785e-05
3.7354e-05
3.23418e-06
0
0
0
0
0
0
8.27684e-05
0.0003288
0.000537327
0.00029789
0.000167932
2.16703e-05
1.42869e-05
6.47327e-07
0
0
1.86403e-05
0
0
0
0
7.10772e-06
3.48273e-05
3.42347e-05
6.54448e-06
0
0
0
0
0
0
0.000100701
0.000351657
0.000567461
0.00039228
0.000129164
2.16682e-05
1.85895e-05
1.32766e-05
0
0
0
0
0
0
0
0
2.84354e-05
3.08343e-05
9.21109e-06
0
0
0
0
0
0
0.000113865
0.000350323
0.000576886
0.000435228
9.16704e-05
2.06895e-05
1.99352e-05
1.71915e-05
0
0
0
0
3.18379e-06
0
0
0
2.02722e-05
2.75235e-05
1.03079e-05
0
0
0
0
0
0
0.000120096
0.000328569
0.000567481
0.000448307
6.42411e-05
1.98751e-05
1.87039e-05
1.37503e-05
0
0
0
0
6.29361e-06
0
0
0
1.10367e-05
2.62931e-05
9.22587e-06
0
0
0
0
0
0
0.000131765
0.000328067
0.000601414
0.000493113
6.51408e-05
1.65549e-05
1.44567e-05
9.37157e-06
0
0
0
0
0
0
0
0
6.31468e-07
2.37008e-05
6.00236e-06
0
0
0
0
0
0
0.000125758
0.00029478
0.000586163
0.000493072
6.71539e-05
1.42952e-05
1.22497e-05
8.02712e-06
0
0
0
0
0
0
0
0
0
2.10991e-05
0
0
0
0
0
0
5.74703e-06
0.000116032
0.000264035
0.000578633
0.000494079
7.94404e-05
1.37741e-05
1.28742e-05
1.02204e-05
0
0
0
0
0
0
0
0
0
1.7676e-05
0
0
0
0
0
0
1.50383e-05
0.000103477
0.000234379
0.000580505
0.000495455
9.91928e-05
1.3465e-05
1.28692e-05
1.15557e-05
0
0
0
0
0
0
0
0
0
1.25253e-05
0
0
0
0
0
0
2.49163e-05
8.72736e-05
0.000204319
0.000594154
0.0004959
0.000122354
1.18582e-05
1.05346e-05
6.77919e-06
1.32554e-05
1.4471e-05
0
0
0
0
0
0
0
4.44722e-06
0
0
3.2913e-06
0
0
0
3.5599e-05
6.79534e-05
0.000170019
0.000621487
0.000493846
0.000145537
9.3119e-06
7.30212e-06
3.21766e-06
4.40202e-06
0
0
0
0
0
0
0
0
0
0
0
5.70446e-06
7.82679e-06
0
0
4.7067e-05
4.5976e-05
0.000123863
0.000661838
0.000486449
0.000165329
6.68246e-06
4.78239e-06
2.90096e-06
5.49161e-06
0
0
0
0
0
0
0
0
0
0
0
5.79668e-06
1.63985e-05
0
7.44698e-06
5.85366e-05
2.04788e-05
5.95087e-05
0.000711775
0.000471571
0.000178949
4.98017e-06
3.73094e-06
3.88636e-06
8.05968e-06
0
0
0
0
0
0
0
1.82051e-05
0
0
0
4.19083e-06
1.83212e-05
0
1.94863e-05
6.95568e-05
0
0
0.000762288
0.000445355
0.000179422
4.55033e-06
3.83039e-06
5.30428e-06
1.05593e-05
3.76874e-06
0
0
0
0
0
2.33348e-05
6.82333e-06
1.12379e-05
0
0
2.12752e-06
8.59607e-06
1.15544e-05
2.92148e-05
7.9941e-05
0
0
0.00079524
0.000407318
0.000158644
4.98591e-06
4.58218e-06
7.31777e-06
1.28315e-05
9.503e-06
0
0
0
0
0
1.48489e-05
0
3.44824e-05
1.18875e-05
6.98768e-06
1.74965e-06
0
1.80642e-05
3.54718e-05
8.70556e-05
2.28917e-06
0
0.000792313
0.000358418
0.000112586
5.84706e-06
5.7122e-06
9.48743e-06
1.50425e-05
1.65693e-05
0
0
0
0
0
0
0
4.54063e-05
4.15137e-05
2.8556e-05
8.24624e-06
0
0
4.13747e-05
8.8903e-05
2.70123e-05
0
0.000733706
0.000296353
4.13182e-05
6.78405e-06
7.05569e-06
1.09941e-05
1.62223e-05
2.30381e-05
0
0
0
0
0
0
0
5.21242e-05
5.0749e-05
5.67852e-05
3.76354e-05
0
0
5.19904e-05
8.33752e-05
4.64036e-05
0
0.000574003
0.000218426
0
7.79618e-06
8.68053e-06
1.08523e-05
1.46795e-05
2.22916e-05
0
0
0
0
0
0
9.56126e-06
4.76492e-05
3.1844e-05
6.96454e-05
0.000126907
0
0
6.36426e-05
7.07445e-05
5.52961e-05
1.47032e-05
0.000290351
0.000127668
0
9.33756e-06
1.09275e-05
8.61101e-06
8.3445e-06
4.7255e-06
0
0
0
0
0
0
3.63052e-05
2.70518e-05
3.40856e-06
5.40764e-05
0.00021465
0
1.60562e-05
6.92479e-05
5.89276e-05
5.64895e-05
3.89878e-05
2.65882e-05
3.54303e-05
0
1.1522e-05
1.36305e-05
4.45017e-06
0
0
0
0
0
0
8.87592e-06
2.12074e-05
4.41841e-05
2.28729e-06
0
2.53346e-05
0.000171801
0
3.22903e-05
6.98676e-05
5.23369e-05
5.34524e-05
5.21496e-05
0
0
0
1.40752e-05
1.63617e-05
0
0
0
0
0
5.34185e-06
1.52621e-05
9.36048e-06
1.8981e-05
2.82931e-05
0
0
1.2253e-06
0.000109132
0
4.32513e-05
6.96456e-05
5.17102e-05
5.02611e-05
6.21576e-05
0
0
0
1.53604e-05
1.73844e-05
0
0
1.01101e-05
0
0
2.84741e-05
9.14216e-06
5.39159e-06
1.25082e-05
1.31387e-05
0
0
0
6.50026e-05
0
5.10176e-05
6.94328e-05
5.29491e-05
4.40307e-05
6.88856e-05
0
0
0
1.50091e-05
1.50041e-05
0
0
1.94462e-05
9.89602e-06
0
2.08462e-05
4.51003e-06
3.28392e-06
8.07646e-06
0
0
0
0
3.55066e-05
1.08695e-06
5.66585e-05
6.80506e-05
5.54832e-05
3.42956e-05
6.91105e-05
1.26991e-05
0
0
1.36452e-05
9.64504e-06
0
7.62035e-06
2.98251e-05
2.2669e-05
0
1.13459e-05
1.94374e-06
2.0559e-06
2.39289e-06
0
0
0
0
1.55496e-05
2.70963e-05
6.06608e-05
6.54011e-05
5.80695e-05
2.58815e-05
6.08475e-05
3.47083e-05
0
0
1.10927e-05
3.65013e-06
0
2.13953e-05
4.00833e-05
2.98965e-05
9.49964e-06
2.6935e-06
5.00699e-07
0
0
0
0
0
0
0
5.70274e-05
6.3691e-05
6.1237e-05
5.99282e-05
2.474e-05
3.86029e-05
3.90632e-05
0
0
7.57372e-06
0
0
3.29941e-05
4.74968e-05
3.06174e-05
1.88872e-05
0
0
0
0
0
0
0
0
0
6.50331e-05
6.5695e-05
5.55395e-05
5.93461e-05
3.07957e-05
9.65614e-06
3.76852e-05
0
0
2.91733e-06
0
2.10376e-05
3.90656e-05
5.13888e-05
3.15541e-05
2.50531e-05
0
0
0
0
0
0
0
0
0
3.22602e-05
6.6014e-05
4.92121e-05
5.55351e-05
4.06143e-05
0
4.38476e-05
0
0
0
9.58385e-07
2.93014e-05
4.11822e-05
5.08466e-05
3.93324e-05
3.28096e-05
3.23493e-06
0
0
0
0
0
0
0
0
1.0097e-05
6.30297e-05
4.30475e-05
4.87195e-05
5.04171e-05
1.53125e-08
5.09197e-05
0
0
0
0
2.92646e-05
3.86204e-05
4.28537e-05
3.45545e-05
2.39849e-05
3.59754e-06
0
0
0
0
0
0
0
0
2.39712e-06
5.73018e-05
3.84974e-05
4.09067e-05
5.11225e-05
1.008e-05
4.75961e-05
0
0
0
0
2.43943e-05
3.11387e-05
3.05892e-05
1.72838e-05
9.1272e-06
1.78222e-06
0
0
0
0
0
0
0
0
2.17322e-07
1.67217e-05
3.76694e-05
3.36754e-05
2.80136e-05
3.1644e-05
4.79594e-05
0
0
0
0
0
9.84998e-06
2.03434e-05
1.00551e-05
5.20152e-06
1.38455e-06
0
0
0
0
0
0
0
0
7.67221e-08
4.0462e-07
6.93218e-06
3.16432e-05
1.42874e-05
4.62713e-06
5.77595e-05
0
0
2.63963e-08
0
0
0
3.58502e-06
8.65978e-06
4.96152e-06
1.40219e-06
0
0
0
0
0
0
0
3.38609e-09
1.59073e-08
2.12865e-08
1.07755e-07
2.16465e-06
1.79472e-05
4.70011e-07
8.55572e-06
0
0
8.84326e-08
0
0
0
3.15641e-07
1.81064e-06
7.30906e-06
1.98718e-06
0
4.9299e-06
0
0
1.53813e-07
2.12489e-07
5.87353e-09
0
0
0
0
1.98142e-07
1.23326e-05
0
7.2812e-07
2.26692e-08
0
1.70541e-07
0
0
0
1.66375e-07
6.7778e-07
4.83154e-06
8.69118e-06
4.62003e-05
5.1694e-06
0
0
4.68831e-07
2.22043e-07
0
0
0
0
0
0
5.31341e-06
0
4.22551e-07
1.38089e-07
0
)
;

boundaryField
{
    inlet
    {
        type            calculated;
        value           nonuniform List<scalar> 
30
(
1.5801e-19
1.47279e-19
4.44751e-20
0
0
0
0
0
0
0
0
0
0
0
0
8.64346e-18
1.87669e-17
2.29288e-17
9.55e-18
3.72474e-17
3.6836e-17
5.63392e-17
6.40375e-17
5.11475e-17
6.04121e-17
1.1283e-17
0
0
0
0
)
;
    }
    outlet
    {
        type            calculated;
        value           nonuniform List<scalar> 
57
(
0
0
0
5.09974e-19
1.41629e-18
2.56146e-18
4.3075e-18
7.14389e-18
1.12113e-17
1.61611e-17
2.17079e-17
2.72659e-17
3.30439e-17
3.94899e-17
4.68592e-17
5.56688e-17
6.60846e-17
7.81882e-17
9.14606e-17
1.04467e-16
1.14475e-16
1.17609e-16
1.10559e-16
9.39284e-17
7.22445e-17
5.12734e-17
3.59316e-17
3.32603e-17
3.42881e-17
4.05615e-17
5.06469e-17
6.24726e-17
7.431e-17
8.44154e-17
9.13698e-17
9.16111e-17
8.1002e-17
5.74856e-17
2.10966e-17
0
0
0
0
0
0
0
0
0
0
0
0
0
0
0
0
0
0
)
;
    }
    upperWall
    {
        type            fixedValue;
        value           uniform 0;
    }
    lowerWall
    {
        type            fixedValue;
        value           uniform 0;
    }
    frontAndBack
    {
        type            empty;
    }
}


// ************************************************************************* //
