/*--------------------------------*- C++ -*----------------------------------*\
| =========                 |                                                 |
| \\      /  F ield         | OpenFOAM: The Open Source CFD Toolbox           |
|  \\    /   O peration     | Version:  2112                                  |
|   \\  /    A nd           | Website:  www.openfoam.com                      |
|    \\/     M anipulation  |                                                 |
\*---------------------------------------------------------------------------*/
FoamFile
{
    version     2.0;
    format      ascii;
    arch        "LSB;label=32;scalar=64";
    class       volScalarField;
    location    "0.14";
    object      s;
}
// * * * * * * * * * * * * * * * * * * * * * * * * * * * * * * * * * * * * * //

dimensions      [0 0 0 0 0 0 0];

internalField   nonuniform List<scalar> 
12225
(
1
1
1
1
1
1
1
1
1
1
1
1
1
1
1
1
1
1
1
1
1
1
1
1
1
1
1
1
1
1
1
1
1
1
1
1
1
1
1
1
1
1
1
1
1
1
1
1
1
1
1
1
1
1
1
1
1
1
1
1
1
1
1
1
1
1
1
1
1
1
1
1
1
1
1
1
1
1
1
1
1
1
1
1
1
1
1
1
1
1
1
1
1
1
1
1
1
1
1
1
1
1
1
1
1
1
1
1
1
1
1
1
1
1
1
1
1
1
1
1
1
1
1
1
1
1
1
1
1
1
1
1
1
1
1
1
1
1
1
1
1
1
1
1
1
1
1
1
1
1
1
1
1
1
1
1
1
1
1
1
1
1
1
1
1
1
1
1
1
1
1
1
1
1
1
1
1
1
1
1
1
1
1
1
1
1
1
1
1
1
1
1
1
1
1
1
1
1
1
1
1
1
1
1
1
1
1
1
1
1
1
1
1
1
1
1
1
1
1
1
1
1
1
1
1
1
1
1
1
1
1
1
1
1
1
1
1
1
1
1
1
1
1
1
1
1
1
1
1
1
1
1
1
1
1
1
1
1
1
1
1
1
1
1
1
1
1
1
1
1
1
1
1
1
1
1
1
1
1
1
1
1
1
1
1
1
1
1
1
1
1
1
1
1
1
1
1
1
1
1
1
1
1
1
1
1
1
1
1
1
1
1
1
1
1
1
1
1
1
1
1
1
1
1
1
1
1
1
1
1
1
1
1
1
1
1
1
1
1
1
1
1
1
1
1
1
1
1
1
1
1
1
1
1
1
1
1
1
1
1
1
1
1
1
1
1
1
1
1
1
1
1
1
1
1
1
1
1
1
1
1
1
1
1
1
1
1
1
1
1
1
1
1
1
1
1
1
1
1
1
1
1
1
1
1
1
1
1
1
1
1
1
1
1
1
1
1
1
1
1
1
1
1
1
1
1
1
1
1
1
1
1
1
1
1
1
1
1
1
1
1
1
1
1
1
1
1
1
1
1
1
1
1
1
1
1
1
1
1
1
1
1
1
1
1
1
1
1
1
1
1
1
1
1
1
1
1
1
1
1
1
1
1
1
1
1
1
1
1
1
1
1
1
1
1
1
1
1
1
1
1
1
1
1
1
1
1
1
1
1
1
1
1
1
1
1
1
1
1
1
1
1
1
1
1
1
1
1
1
1
1
1
1
1
1
1
1
1
1
1
0.921537
0.920693
0.920221
0.920157
0.92041
0.921279
0.922585
0.92327
0.923953
0.924481
0.924589
0.924492
0.924292
0.924201
0.924316
0.924607
0.924694
0.924688
0.924575
0.924039
0.922465
0.920755
0.919506
0.918958
0.91894
0.919593
0.921698
0.919581
0.903007
0.892874
0.891465
0.891527
0.892385
0.894559
0.896632
0.898649
0.902289
0.910863
0.922847
0.933256
0.94022
0.944502
0.946503
0.947364
0.947435
0.947342
0.947331
0.947506
0.94805
0.948717
0.949416
0.949961
0.950239
0.950301
0.95024
0.949836
0.948622
0.947124
0.946775
0.945865
0.945081
0.949833
0.953874
0.954431
0.961086
0.976233
0.979671
0.979946
0.980133
0.980342
0.980631
0.981039
0.981543
0.98207
0.982507
0.98286
0.983125
0.983325
0.983497
0.983617
0.983719
0.983834
0.983945
0.984093
0.984234
0.984369
0.984532
0.98472
0.984907
0.985145
0.985295
0.985407
0.985491
0.985536
0.985558
0.985563
0.985522
0.985416
0.985242
0.985051
0.984828
0.984576
0.984303
0.984015
0.98372
0.983428
0.98317
0.982943
0.982721
0.982549
0.982379
0.982204
0.982049
0.981897
0.981756
0.981625
0.981498
0.981345
0.981201
0.981057
0.980917
0.980787
0.980678
0.980594
0.980536
0.980494
0.980452
0.980386
0.98026
0.980071
0.979768
0.979406
0.979012
0.978552
0.978055
0.977663
0.977481
0.977442
0.977462
0.977632
0.977891
0.97793
0.977778
0.976622
0.97043
0.95625
0.949538
0.948857
0.951721
0.960812
0.96638
0.968023
0.967948
0.965923
0.960106
0.957704
0.957711
0.959429
0.963977
0.966766
0.967938
0.968978
0.969311
0.969119
0.96707
0.96416
0.964022
0.965065
0.966234
0.967301
0.968429
0.969612
0.970693
0.971631
0.972294
0.9727
0.973358
0.973884
0.974416
0.974578
0.921527
0.921402
0.921094
0.920797
0.924812
0.929411
0.931879
0.932999
0.933225
0.933643
0.93392
0.933993
0.933991
0.933764
0.932409
0.930402
0.929945
0.930662
0.932861
0.93326
0.93284
0.930329
0.92515
0.921767
0.92042
0.920418
0.921689
0.921718
0.919479
0.907182
0.895381
0.889764
0.88919
0.891286
0.895499
0.899108
0.902312
0.907234
0.91859
0.934454
0.948494
0.958821
0.965677
0.970111
0.972908
0.974533
0.974785
0.974542
0.97383
0.972657
0.971181
0.969168
0.967541
0.965017
0.963093
0.95991
0.956669
0.951858
0.948986
0.948634
0.950883
0.960203
0.977113
0.977916
0.978401
0.97972
0.980171
0.980352
0.980666
0.98105
0.981598
0.982347
0.983312
0.984546
0.986016
0.987639
0.988604
0.989274
0.990295
0.990924
0.991264
0.991759
0.992232
0.992464
0.992678
0.992913
0.993027
0.993114
0.993164
0.993189
0.993226
0.993236
0.993243
0.993257
0.993297
0.993379
0.993498
0.993608
0.993691
0.993759
0.993826
0.993892
0.993925
0.993896
0.993764
0.993544
0.993273
0.992931
0.992433
0.991898
0.991352
0.99079
0.990289
0.989804
0.989344
0.988909
0.988445
0.987903
0.987264
0.986581
0.985778
0.984877
0.983968
0.983119
0.98238
0.981851
0.981594
0.981565
0.981765
0.982265
0.982787
0.983236
0.983527
0.983776
0.98402
0.984172
0.984221
0.984276
0.984395
0.984653
0.985092
0.98548
0.985513
0.985273
0.984157
0.980441
0.975185
0.972639
0.972572
0.973262
0.973969
0.9738
0.972201
0.9683
0.96698
0.967501
0.970102
0.973324
0.976099
0.978138
0.978853
0.978753
0.97786
0.974096
0.966623
0.963972
0.964454
0.966243
0.968623
0.971989
0.977
0.979888
0.982099
0.983066
0.98346
0.983574
0.98327
0.98322
0.983511
0.983594
0.919212
0.915038
0.919144
0.932022
0.937237
0.937674
0.937224
0.936374
0.935133
0.934617
0.934708
0.935075
0.935927
0.937621
0.939156
0.939657
0.939441
0.938847
0.93917
0.942081
0.943744
0.943005
0.936696
0.928267
0.925227
0.924979
0.926032
0.927833
0.927857
0.926456
0.920967
0.91219
0.902803
0.898309
0.897646
0.898533
0.902111
0.907087
0.917175
0.933426
0.948918
0.96017
0.967441
0.971661
0.97418
0.975812
0.976944
0.977621
0.978103
0.978258
0.978173
0.977827
0.977202
0.975833
0.974515
0.971893
0.96899
0.962817
0.955104
0.952766
0.973876
0.978495
0.979442
0.979889
0.980411
0.980696
0.98096
0.981303
0.981852
0.982759
0.984236
0.986525
0.989311
0.991173
0.992054
0.99256
0.992827
0.993015
0.993207
0.993282
0.993314
0.993326
0.993309
0.993218
0.993123
0.993006
0.992794
0.99252
0.992211
0.991922
0.991739
0.991598
0.991487
0.991441
0.991441
0.991633
0.992032
0.992453
0.992929
0.993406
0.993887
0.994387
0.994902
0.995415
0.995843
0.996245
0.996624
0.996971
0.997207
0.997405
0.997552
0.997592
0.997546
0.997446
0.99732
0.997174
0.996996
0.996825
0.996565
0.996244
0.995755
0.995007
0.993849
0.992154
0.989855
0.986985
0.984008
0.9818
0.980621
0.980164
0.980127
0.980385
0.981164
0.981871
0.982561
0.98334
0.984098
0.984627
0.984929
0.985192
0.985573
0.986073
0.986579
0.98693
0.987025
0.987008
0.986897
0.986343
0.985145
0.984615
0.984161
0.983411
0.9822
0.979266
0.975714
0.973634
0.973155
0.973443
0.975507
0.978815
0.980327
0.98045
0.979706
0.974555
0.965556
0.963982
0.965823
0.970458
0.977797
0.982381
0.98409
0.984457
0.984233
0.982588
0.980661
0.977899
0.975622
0.974437
0.973807
0.973416
0.905383
0.920117
0.938501
0.939667
0.938832
0.93684
0.932604
0.929213
0.926163
0.924236
0.924038
0.924365
0.925451
0.927862
0.933319
0.93803
0.940554
0.941624
0.94306
0.947746
0.953285
0.953882
0.951409
0.943552
0.940989
0.941324
0.943275
0.94537
0.946115
0.945625
0.943284
0.941049
0.937854
0.930338
0.925331
0.925155
0.926656
0.932348
0.947138
0.960377
0.967478
0.970719
0.972315
0.973543
0.974466
0.975138
0.975895
0.976675
0.97749
0.978111
0.97846
0.978729
0.978732
0.978512
0.977906
0.976484
0.973939
0.967192
0.95833
0.967571
0.978524
0.979777
0.980258
0.98064
0.981068
0.981382
0.982017
0.982774
0.984064
0.985969
0.988859
0.991481
0.992413
0.992734
0.992785
0.992664
0.99237
0.991948
0.991277
0.990506
0.989624
0.98857
0.987382
0.986234
0.985174
0.984297
0.983453
0.982565
0.981908
0.981298
0.980984
0.980729
0.980595
0.980545
0.980689
0.981059
0.981754
0.982594
0.983697
0.984848
0.986122
0.98739
0.988627
0.989967
0.991165
0.992453
0.993727
0.995003
0.996267
0.99707
0.997828
0.998328
0.998655
0.998867
0.999011
0.999119
0.9992
0.999249
0.999261
0.999242
0.999175
0.999042
0.998868
0.998608
0.998209
0.997523
0.996113
0.992849
0.988094
0.983609
0.980762
0.979482
0.979101
0.979076
0.979201
0.979594
0.980131
0.980685
0.981082
0.981309
0.981444
0.981541
0.9817
0.982162
0.983424
0.984857
0.986131
0.987284
0.988214
0.988542
0.988408
0.986931
0.983003
0.980218
0.978333
0.976899
0.975901
0.975592
0.975902
0.977966
0.980565
0.980964
0.980068
0.973548
0.96467
0.964371
0.969589
0.978699
0.983012
0.984161
0.984108
0.98269
0.978374
0.969491
0.957945
0.952362
0.949595
0.94866
0.948745
0.949444
0.907413
0.934963
0.938715
0.937076
0.93229
0.925273
0.922331
0.921104
0.92054
0.919975
0.919551
0.919318
0.919284
0.919481
0.920513
0.924585
0.934083
0.938875
0.941611
0.947484
0.953265
0.957502
0.9581
0.957168
0.95693
0.957533
0.95861
0.958693
0.9582
0.956119
0.953677
0.950957
0.947243
0.939718
0.939682
0.942725
0.952355
0.963592
0.969013
0.971326
0.972316
0.972848
0.973132
0.973213
0.973259
0.973337
0.973488
0.973822
0.97456
0.975772
0.977419
0.978353
0.978735
0.978776
0.978608
0.97785
0.975331
0.966566
0.964036
0.97604
0.979529
0.980156
0.980464
0.980882
0.981258
0.981758
0.982613
0.983798
0.985766
0.988557
0.991695
0.992699
0.992876
0.992753
0.992156
0.99093
0.988548
0.985075
0.982267
0.980835
0.979044
0.97796
0.977334
0.976706
0.976231
0.975777
0.975311
0.97485
0.974437
0.974083
0.973744
0.973528
0.973413
0.973382
0.973538
0.973881
0.974321
0.974991
0.975893
0.976948
0.978205
0.979623
0.981151
0.982756
0.984239
0.985606
0.986815
0.988029
0.989488
0.991314
0.993413
0.995525
0.99707
0.998037
0.998677
0.999067
0.999319
0.999488
0.999602
0.999681
0.999734
0.999768
0.999779
0.999757
0.999674
0.999493
0.999239
0.998842
0.998029
0.996015
0.991066
0.985839
0.982213
0.980262
0.97944
0.979209
0.979214
0.979421
0.97982
0.980045
0.980141
0.980176
0.980192
0.980218
0.980276
0.980399
0.980647
0.981176
0.982565
0.985414
0.988007
0.989082
0.988954
0.986762
0.982236
0.9795
0.977892
0.977248
0.977306
0.978803
0.981247
0.981496
0.980126
0.971551
0.964064
0.965574
0.975795
0.982374
0.983891
0.983883
0.981683
0.973837
0.955618
0.945378
0.9411
0.939506
0.939137
0.939497
0.940451
0.941971
0.93322
0.938769
0.935883
0.927313
0.92096
0.920026
0.920168
0.920573
0.920973
0.92089
0.920524
0.919712
0.919104
0.918875
0.91897
0.919737
0.922608
0.930439
0.937653
0.945149
0.951919
0.956837
0.959081
0.960864
0.962447
0.963661
0.964078
0.963483
0.960562
0.957712
0.954232
0.948258
0.938269
0.942173
0.953979
0.96588
0.97043
0.971912
0.972354
0.972522
0.972625
0.97269
0.972752
0.972806
0.972808
0.972828
0.972877
0.972994
0.97326
0.97375
0.974715
0.976594
0.978263
0.978695
0.978636
0.977995
0.97434
0.967615
0.969758
0.97832
0.97979
0.980153
0.980464
0.980875
0.981238
0.981749
0.982632
0.984001
0.986436
0.990031
0.992516
0.992977
0.992895
0.992084
0.989882
0.985336
0.979354
0.976702
0.975373
0.97438
0.973424
0.97297
0.972727
0.972556
0.972429
0.972294
0.972083
0.971718
0.97134
0.971021
0.970791
0.970708
0.970689
0.970729
0.970913
0.971183
0.971491
0.971919
0.97247
0.973233
0.974304
0.975678
0.97737
0.979323
0.981244
0.982925
0.984271
0.985341
0.986286
0.987042
0.98783
0.988997
0.991028
0.993448
0.995589
0.996991
0.997941
0.998604
0.999067
0.999393
0.999617
0.999762
0.99985
0.999897
0.999916
0.999917
0.999885
0.999798
0.999634
0.999288
0.998447
0.995875
0.990403
0.985762
0.982627
0.980811
0.979918
0.979592
0.979524
0.979547
0.979708
0.979925
0.980063
0.980196
0.980317
0.98041
0.980469
0.980521
0.980626
0.980952
0.982172
0.986109
0.989056
0.989515
0.9888
0.985859
0.982192
0.979782
0.979287
0.980083
0.981863
0.981835
0.979652
0.969308
0.963799
0.968785
0.979819
0.983386
0.983737
0.981972
0.973924
0.952505
0.941853
0.937729
0.936307
0.935917
0.935936
0.936551
0.937579
0.939341
0.942579
0.937279
0.922469
0.917106
0.918171
0.920447
0.924172
0.927592
0.929616
0.929325
0.928264
0.926008
0.923325
0.921096
0.920096
0.920082
0.92073
0.923174
0.929524
0.937036
0.946859
0.954215
0.958194
0.960747
0.963283
0.964873
0.964986
0.963245
0.959208
0.954525
0.944774
0.93778
0.947581
0.967559
0.971691
0.972417
0.972478
0.972447
0.97247
0.972594
0.972987
0.973484
0.973881
0.974121
0.974243
0.97417
0.973989
0.973628
0.973465
0.973618
0.974002
0.974971
0.976938
0.978418
0.978565
0.977768
0.972697
0.968777
0.973688
0.979048
0.979817
0.980095
0.98037
0.980789
0.981137
0.981673
0.982513
0.983841
0.986299
0.990227
0.992738
0.993063
0.992583
0.990373
0.985433
0.978351
0.974392
0.972808
0.971994
0.971273
0.970738
0.970505
0.970323
0.97013
0.969983
0.969868
0.969753
0.969674
0.969638
0.96963
0.969645
0.969719
0.969849
0.970033
0.970258
0.970494
0.970754
0.971035
0.971302
0.971626
0.971978
0.972467
0.973176
0.974266
0.97618
0.978817
0.981634
0.983706
0.985176
0.986133
0.986789
0.987245
0.987728
0.98858
0.990021
0.992102
0.994134
0.99581
0.997022
0.997951
0.998662
0.999187
0.999547
0.999769
0.999887
0.999939
0.999958
0.999961
0.999949
0.999899
0.999763
0.999401
0.998279
0.994279
0.988349
0.984235
0.981743
0.980362
0.979688
0.979435
0.979414
0.979488
0.979826
0.980408
0.980919
0.981257
0.981388
0.981361
0.981116
0.980946
0.981024
0.981713
0.985174
0.98941
0.99097
0.991239
0.990671
0.986674
0.983154
0.983038
0.98346
0.982854
0.978846
0.967101
0.96386
0.972225
0.981705
0.983436
0.982854
0.976906
0.955675
0.941589
0.936466
0.934807
0.934346
0.934215
0.934168
0.934425
0.935213
0.936934
0.937708
0.921938
0.913852
0.915539
0.922343
0.930094
0.935023
0.938913
0.941342
0.941718
0.940799
0.937485
0.932169
0.926922
0.923291
0.921769
0.921831
0.923377
0.927479
0.932187
0.938125
0.947019
0.955071
0.959994
0.963368
0.965086
0.964828
0.961216
0.953756
0.938366
0.944903
0.968008
0.97222
0.972459
0.972427
0.9723
0.972281
0.972437
0.973072
0.97402
0.974494
0.974672
0.974738
0.974782
0.974866
0.974932
0.974915
0.974759
0.974274
0.973886
0.974034
0.97458
0.975953
0.977605
0.978285
0.977182
0.97183
0.970237
0.976371
0.979306
0.979747
0.979927
0.980237
0.980734
0.981114
0.981678
0.982492
0.983707
0.985925
0.989837
0.992691
0.993057
0.992208
0.988712
0.982081
0.975317
0.972805
0.971763
0.97117
0.970516
0.970181
0.970007
0.969756
0.969511
0.969425
0.969387
0.969374
0.969373
0.969396
0.969439
0.969519
0.969628
0.969789
0.970039
0.970348
0.970641
0.97094
0.971236
0.971462
0.971665
0.971851
0.972072
0.972363
0.972724
0.973188
0.974001
0.975524
0.978479
0.981945
0.984702
0.986311
0.987106
0.987487
0.987779
0.988252
0.98899
0.990077
0.991479
0.993174
0.994889
0.996416
0.997655
0.998578
0.99922
0.999611
0.999824
0.999925
0.999965
0.999976
0.999977
0.999967
0.999921
0.999772
0.999257
0.997403
0.991583
0.985818
0.982309
0.980434
0.979609
0.979335
0.979324
0.979501
0.980179
0.981014
0.981651
0.982052
0.98222
0.982211
0.981882
0.981398
0.981387
0.982023
0.985633
0.990362
0.992467
0.992811
0.992053
0.98852
0.987179
0.986633
0.984519
0.97689
0.96551
0.964625
0.975052
0.982288
0.983269
0.980576
0.965311
0.944478
0.936593
0.934103
0.933365
0.933044
0.932593
0.932032
0.931542
0.931981
0.933693
0.935921
0.915919
0.912199
0.918235
0.928737
0.934338
0.939202
0.943234
0.945781
0.946847
0.946734
0.945914
0.943484
0.937682
0.932097
0.927727
0.925542
0.925805
0.928173
0.93246
0.936554
0.942363
0.950469
0.95839
0.96363
0.965217
0.962891
0.949837
0.945738
0.956737
0.970444
0.971792
0.972132
0.972425
0.972367
0.972348
0.972663
0.97349
0.97433
0.974617
0.974716
0.974697
0.974591
0.974498
0.974528
0.974782
0.975119
0.975126
0.974801
0.974305
0.974202
0.974647
0.975854
0.977383
0.977836
0.975702
0.971559
0.971916
0.977761
0.979281
0.979578
0.979738
0.980248
0.980818
0.981388
0.982149
0.98301
0.984088
0.985923
0.989178
0.992527
0.993112
0.992342
0.988789
0.981419
0.974778
0.972661
0.971758
0.971176
0.97071
0.970575
0.970554
0.970529
0.970402
0.970143
0.969848
0.969731
0.969649
0.969615
0.969604
0.969605
0.969671
0.969847
0.970199
0.970705
0.971315
0.972013
0.972665
0.973074
0.973235
0.973205
0.973007
0.97285
0.972827
0.972963
0.973241
0.973659
0.974335
0.975747
0.978969
0.983272
0.986271
0.987636
0.98812
0.988285
0.988566
0.989152
0.98986
0.990728
0.991873
0.993357
0.995014
0.996637
0.997996
0.99893
0.999471
0.999762
0.999901
0.999961
0.999981
0.999986
0.999984
0.999969
0.999901
0.999612
0.99854
0.994619
0.987389
0.982737
0.980414
0.979535
0.979305
0.979302
0.979433
0.979882
0.980791
0.981657
0.982217
0.982419
0.982415
0.982163
0.98175
0.981811
0.982986
0.987588
0.991252
0.992654
0.992719
0.99162
0.990353
0.988976
0.985257
0.974222
0.964583
0.965851
0.977012
0.98238
0.982714
0.975948
0.953017
0.938644
0.93408
0.932767
0.932297
0.931925
0.931066
0.929759
0.929139
0.929725
0.932097
0.935235
0.9135
0.911528
0.91963
0.929887
0.936024
0.941366
0.94571
0.947909
0.94868
0.948766
0.948577
0.948099
0.947221
0.944533
0.940778
0.936492
0.932955
0.931595
0.933767
0.937148
0.942637
0.951046
0.95957
0.964356
0.963123
0.95239
0.949758
0.957674
0.969185
0.971562
0.972569
0.972771
0.972497
0.972459
0.972646
0.973119
0.973953
0.974502
0.974609
0.974599
0.9745
0.974423
0.974437
0.974642
0.974995
0.975102
0.975073
0.974695
0.974398
0.974379
0.974888
0.976127
0.977125
0.977053
0.97343
0.971789
0.974025
0.978402
0.979216
0.979434
0.979749
0.980454
0.981506
0.983019
0.984539
0.985518
0.986284
0.987139
0.989109
0.992211
0.993231
0.992729
0.989431
0.98209
0.97502
0.972843
0.972065
0.971781
0.971767
0.972674
0.97365
0.974142
0.974323
0.974232
0.97328
0.972049
0.97067
0.969998
0.969678
0.969561
0.969537
0.969615
0.969954
0.970603
0.971375
0.972306
0.973332
0.974207
0.974899
0.975361
0.975592
0.97532
0.974739
0.974109
0.973769
0.973704
0.973911
0.974339
0.975059
0.976779
0.981002
0.985702
0.987991
0.988848
0.989165
0.989294
0.989677
0.990326
0.991162
0.99236
0.99376
0.995155
0.99648
0.997738
0.998761
0.999401
0.99973
0.999888
0.999957
0.999983
0.99999
0.999991
0.999985
0.99995
0.99977
0.99902
0.996283
0.988663
0.98311
0.980528
0.979599
0.979377
0.979366
0.979399
0.979564
0.9802
0.981218
0.982006
0.982369
0.982387
0.982147
0.981948
0.982193
0.984122
0.988477
0.991232
0.992217
0.992212
0.991749
0.990187
0.985141
0.971534
0.964148
0.966995
0.978039
0.982341
0.981718
0.968509
0.945419
0.935406
0.93248
0.931737
0.931508
0.930971
0.929711
0.928197
0.927397
0.928082
0.930758
0.934967
0.912525
0.910434
0.918868
0.92993
0.936975
0.942435
0.946926
0.948777
0.949269
0.949297
0.949089
0.948796
0.948712
0.947847
0.946342
0.9441
0.940897
0.937193
0.936776
0.93875
0.944634
0.955204
0.961998
0.962688
0.954455
0.951749
0.956649
0.968755
0.972128
0.973127
0.973232
0.972738
0.972565
0.972568
0.972724
0.973231
0.973976
0.974392
0.974549
0.974592
0.974596
0.97456
0.974557
0.974623
0.974743
0.974767
0.974717
0.974577
0.974546
0.974803
0.975734
0.976392
0.976574
0.974944
0.97262
0.972443
0.976071
0.97869
0.979213
0.979441
0.979986
0.981385
0.984302
0.986888
0.988093
0.989112
0.989648
0.989952
0.990353
0.992087
0.99345
0.993374
0.990888
0.983888
0.975867
0.97354
0.973153
0.973341
0.974261
0.975738
0.976719
0.977204
0.977439
0.977517
0.977359
0.976459
0.97463
0.971765
0.969909
0.969149
0.968876
0.968806
0.96896
0.969768
0.970881
0.972079
0.973267
0.974257
0.975066
0.975756
0.976362
0.976861
0.977149
0.977087
0.976361
0.97543
0.974844
0.974611
0.974764
0.975315
0.976357
0.979206
0.984562
0.988022
0.989423
0.990041
0.990374
0.990646
0.991176
0.992271
0.993602
0.994911
0.996092
0.997121
0.998031
0.998827
0.999412
0.999736
0.999889
0.999957
0.999984
0.999993
0.999994
0.999992
0.999971
0.999847
0.999282
0.997157
0.990119
0.983945
0.981145
0.980119
0.979898
0.97991
0.979987
0.980138
0.98047
0.981217
0.981906
0.982281
0.982309
0.982119
0.982093
0.982571
0.985094
0.989191
0.991434
0.991989
0.991856
0.990691
0.984854
0.969706
0.964143
0.967993
0.978327
0.982148
0.97946
0.961101
0.940742
0.933437
0.931403
0.930899
0.930778
0.930141
0.928297
0.926277
0.925588
0.926438
0.929607
0.935507
0.912139
0.907805
0.914094
0.927494
0.937369
0.942756
0.947326
0.949033
0.949466
0.949441
0.949029
0.948329
0.947935
0.947512
0.946296
0.94429
0.941179
0.939117
0.939133
0.942776
0.952912
0.959599
0.960847
0.955643
0.953382
0.956374
0.967899
0.971975
0.973379
0.973652
0.973514
0.972867
0.972609
0.972582
0.97265
0.972851
0.973229
0.97396
0.974418
0.974591
0.974659
0.974683
0.974693
0.974699
0.974724
0.974771
0.974797
0.974858
0.975121
0.975531
0.975797
0.975893
0.97464
0.973208
0.972857
0.974037
0.977737
0.978891
0.979257
0.979679
0.98097
0.984392
0.987765
0.989315
0.990313
0.991335
0.991966
0.992363
0.992514
0.99269
0.993814
0.994042
0.992733
0.98747
0.977861
0.974488
0.974344
0.97476
0.97578
0.977178
0.977847
0.978197
0.978493
0.978835
0.978972
0.97899
0.978533
0.976496
0.972004
0.968909
0.967821
0.967555
0.967508
0.968268
0.96985
0.971406
0.972743
0.973852
0.974739
0.975518
0.976265
0.976944
0.977526
0.97812
0.978648
0.978669
0.977775
0.976747
0.976001
0.975695
0.975918
0.976792
0.978712
0.98357
0.987837
0.989824
0.990766
0.991565
0.992316
0.993157
0.994221
0.995232
0.99619
0.997078
0.997874
0.998538
0.99908
0.999504
0.999771
0.999903
0.999961
0.999986
0.999994
0.999996
0.999995
0.999981
0.999891
0.999467
0.997916
0.992728
0.986315
0.983439
0.982744
0.982522
0.981994
0.981523
0.981419
0.981438
0.981604
0.98213
0.982358
0.982308
0.982143
0.982228
0.983082
0.986727
0.990415
0.991698
0.99175
0.990832
0.984527
0.96859
0.964287
0.968143
0.978273
0.981598
0.976333
0.955592
0.937774
0.931914
0.930444
0.93
0.930022
0.92905
0.926443
0.924803
0.924838
0.925974
0.929377
0.937437
0.912109
0.906803
0.911224
0.924498
0.935843
0.941228
0.946859
0.949047
0.949567
0.94959
0.948884
0.947694
0.946779
0.946322
0.945268
0.943705
0.942734
0.942698
0.946605
0.953532
0.957603
0.958703
0.955762
0.954386
0.956199
0.966208
0.971268
0.973583
0.974359
0.974443
0.974158
0.973184
0.972746
0.972678
0.972671
0.972702
0.972835
0.973041
0.973383
0.973934
0.974353
0.97455
0.974679
0.974728
0.974753
0.974808
0.974887
0.974976
0.975106
0.975167
0.974841
0.973968
0.973477
0.973348
0.973994
0.977049
0.978527
0.979118
0.97961
0.980755
0.984061
0.987526
0.989322
0.990291
0.991184
0.992154
0.992934
0.993624
0.994135
0.994254
0.994667
0.994813
0.99427
0.991368
0.98336
0.975931
0.974855
0.975214
0.976147
0.977287
0.977963
0.978261
0.978462
0.978661
0.978923
0.979682
0.979993
0.979649
0.976535
0.970223
0.967345
0.966289
0.966068
0.966559
0.968506
0.970358
0.971682
0.972756
0.973639
0.974467
0.975364
0.976343
0.977227
0.978073
0.978962
0.979867
0.980415
0.980128
0.979105
0.97802
0.977231
0.977042
0.977562
0.979094
0.983083
0.987633
0.990013
0.991513
0.992905
0.99445
0.995864
0.996827
0.997295
0.9976
0.99803
0.998533
0.998996
0.99936
0.999635
0.999822
0.999923
0.999969
0.999988
0.999996
0.999997
0.999997
0.999987
0.999924
0.999635
0.99853
0.995256
0.992767
0.992037
0.991004
0.98861
0.985922
0.984034
0.983022
0.982598
0.982512
0.982543
0.982525
0.982303
0.98224
0.98255
0.98474
0.989374
0.991419
0.991692
0.990943
0.984668
0.968448
0.964365
0.96802
0.97808
0.980397
0.973695
0.951359
0.935869
0.930998
0.929496
0.929023
0.928897
0.927713
0.924902
0.924296
0.92456
0.925893
0.929968
0.938881
0.913675
0.90625
0.909873
0.92248
0.933694
0.939093
0.944242
0.948246
0.949637
0.949963
0.949988
0.949339
0.948137
0.947535
0.947204
0.94715
0.948941
0.95112
0.953983
0.956106
0.956745
0.95536
0.954858
0.956387
0.963441
0.969868
0.972856
0.974972
0.975569
0.975668
0.975432
0.974261
0.973318
0.973071
0.972942
0.972823
0.972796
0.972799
0.972857
0.973008
0.973216
0.973406
0.973593
0.973852
0.974007
0.974083
0.974117
0.97412
0.974005
0.973807
0.973683
0.973641
0.973796
0.974533
0.976691
0.978336
0.979045
0.979806
0.98113
0.984039
0.98698
0.988637
0.989625
0.990412
0.991248
0.992191
0.993017
0.993829
0.994694
0.995152
0.995535
0.995687
0.995409
0.994091
0.989913
0.98032
0.976025
0.975556
0.976099
0.977035
0.97783
0.978153
0.978238
0.978105
0.978089
0.978595
0.980295
0.980777
0.979467
0.973428
0.967646
0.965497
0.965121
0.965555
0.967283
0.969143
0.970186
0.970822
0.971365
0.972119
0.973094
0.974414
0.975845
0.977219
0.978567
0.979881
0.981103
0.982052
0.98217
0.98158
0.980395
0.979278
0.978658
0.978753
0.979902
0.983133
0.987472
0.990362
0.992583
0.994523
0.99619
0.997483
0.998335
0.998746
0.99882
0.998862
0.999065
0.999347
0.999585
0.999757
0.999876
0.999944
0.999977
0.999991
0.999997
0.999998
0.999998
0.999991
0.999951
0.999767
0.999004
0.998306
0.998093
0.997775
0.996832
0.993664
0.989546
0.98654
0.984564
0.983549
0.983219
0.983031
0.982555
0.982327
0.982439
0.983677
0.988233
0.991142
0.991701
0.991104
0.985078
0.968641
0.964416
0.967648
0.977618
0.979105
0.971681
0.949076
0.93496
0.93017
0.928565
0.928043
0.927497
0.92579
0.924223
0.924077
0.924489
0.926271
0.932024
0.939924
0.91559
0.9052
0.9065
0.917013
0.93033
0.937742
0.940844
0.944971
0.948695
0.950064
0.950584
0.950816
0.950955
0.951045
0.95134
0.951785
0.952693
0.953493
0.954449
0.954945
0.954796
0.955203
0.956545
0.962198
0.968057
0.973032
0.976595
0.977892
0.978424
0.978773
0.978693
0.977202
0.975529
0.975187
0.975011
0.974635
0.974076
0.973757
0.973533
0.973336
0.97325
0.97322
0.973214
0.973256
0.973424
0.973565
0.973629
0.973731
0.973867
0.973966
0.974212
0.974729
0.975765
0.977359
0.978657
0.979486
0.980449
0.981962
0.984125
0.986254
0.987721
0.988708
0.989545
0.990265
0.99103
0.991911
0.992751
0.993648
0.994661
0.995303
0.995797
0.996211
0.996182
0.995727
0.993968
0.989263
0.979777
0.976746
0.976316
0.976711
0.977244
0.97763
0.977721
0.97774
0.977807
0.978118
0.979726
0.981002
0.980679
0.976235
0.968458
0.965285
0.964824
0.965184
0.966802
0.96825
0.968867
0.969032
0.968962
0.968539
0.968781
0.970352
0.972475
0.974801
0.977024
0.979089
0.980923
0.982542
0.983862
0.984218
0.98389
0.982853
0.981543
0.980513
0.980254
0.980938
0.983514
0.987862
0.991329
0.994006
0.996041
0.997489
0.998452
0.99905
0.99937
0.999473
0.999454
0.99946
0.99959
0.999742
0.999849
0.99992
0.999963
0.999984
0.999994
0.999998
0.999999
0.999998
0.999995
0.999972
0.999863
0.999738
0.99968
0.999582
0.999321
0.998535
0.995977
0.99133
0.987525
0.985135
0.984148
0.983774
0.983035
0.982529
0.982519
0.983201
0.987012
0.990777
0.991732
0.991315
0.985876
0.969262
0.964454
0.96698
0.976413
0.977327
0.969872
0.947601
0.934297
0.929651
0.927824
0.927111
0.926311
0.924524
0.923933
0.924
0.924658
0.927286
0.935591
0.941922
0.920936
0.904372
0.901948
0.905984
0.92128
0.934263
0.939149
0.941435
0.94454
0.948147
0.949721
0.950438
0.950929
0.951418
0.951814
0.952263
0.952759
0.953146
0.953633
0.954179
0.955138
0.956936
0.961416
0.966803
0.973554
0.980036
0.982332
0.983123
0.983497
0.983652
0.983327
0.981898
0.980563
0.980246
0.980087
0.979693
0.979241
0.978866
0.978189
0.977509
0.977075
0.976768
0.976385
0.976054
0.975836
0.975739
0.975723
0.975929
0.976345
0.976813
0.977557
0.978433
0.979385
0.980223
0.98108
0.981715
0.982798
0.984025
0.985276
0.986566
0.987651
0.988489
0.989145
0.989654
0.990067
0.990603
0.991488
0.992706
0.994189
0.995148
0.99575
0.996249
0.99655
0.996458
0.995927
0.994195
0.98979
0.981608
0.978049
0.977185
0.977257
0.977396
0.977547
0.977642
0.977765
0.97809
0.979699
0.981568
0.981456
0.97774
0.968859
0.965313
0.964766
0.965086
0.966646
0.967781
0.968375
0.968614
0.968483
0.967491
0.965021
0.963979
0.96578
0.96951
0.973311
0.976724
0.979641
0.982114
0.984235
0.985971
0.986625
0.986309
0.985278
0.98372
0.982301
0.981765
0.982159
0.984376
0.98903
0.992773
0.995431
0.997221
0.99836
0.999045
0.999436
0.999649
0.999747
0.999764
0.999748
0.999766
0.999845
0.99991
0.999952
0.999977
0.99999
0.999996
0.999998
0.999999
0.999999
0.999997
0.999987
0.999971
0.999957
0.999929
0.99986
0.999649
0.998939
0.996397
0.991116
0.987211
0.985286
0.984647
0.983732
0.982891
0.982709
0.983051
0.985829
0.990262
0.991713
0.991517
0.987145
0.970671
0.964589
0.966448
0.974611
0.975484
0.96875
0.947769
0.934458
0.929316
0.927174
0.926327
0.924993
0.924005
0.923862
0.924055
0.925158
0.928906
0.940726
0.944701
0.930588
0.907823
0.900642
0.900358
0.906552
0.924907
0.935993
0.940081
0.941907
0.944192
0.947253
0.948855
0.949627
0.950551
0.951348
0.95174
0.952351
0.952948
0.953634
0.954778
0.957028
0.961198
0.966458
0.973725
0.981444
0.985033
0.986047
0.986249
0.986253
0.985681
0.985049
0.983742
0.98299
0.982672
0.982256
0.981834
0.981653
0.981391
0.980891
0.980414
0.980055
0.979782
0.979659
0.979572
0.979499
0.979455
0.979352
0.979313
0.979307
0.979467
0.979891
0.980105
0.980509
0.981023
0.981484
0.982153
0.983017
0.984139
0.985183
0.986319
0.98719
0.987649
0.98773
0.987886
0.987866
0.988068
0.988723
0.990263
0.992642
0.994423
0.995412
0.996117
0.996544
0.996708
0.996614
0.996131
0.994679
0.991412
0.984828
0.980168
0.978525
0.978006
0.977904
0.977958
0.978145
0.978696
0.980869
0.982624
0.982409
0.977987
0.96904
0.965393
0.964795
0.965188
0.966698
0.967616
0.968259
0.968789
0.96884
0.968109
0.965018
0.96097
0.958884
0.960226
0.965906
0.971824
0.976545
0.980283
0.983416
0.98608
0.988164
0.989139
0.988885
0.987603
0.985524
0.983773
0.983165
0.983526
0.985972
0.9908
0.994246
0.996501
0.997947
0.998843
0.999365
0.999647
0.999792
0.999866
0.999894
0.999894
0.99989
0.99991
0.999948
0.999972
0.999987
0.999994
0.999998
0.999999
1
0.999999
0.999999
0.999997
0.999994
0.999987
0.999967
0.999897
0.999624
0.998544
0.994572
0.989532
0.986668
0.985666
0.984668
0.983473
0.982999
0.983124
0.984815
0.989528
0.991607
0.991656
0.988582
0.973127
0.964941
0.965806
0.972649
0.973869
0.968405
0.948629
0.93501
0.929451
0.926897
0.925568
0.92436
0.923889
0.923916
0.924373
0.926107
0.931518
0.947456
0.945461
0.935212
0.917249
0.900688
0.898431
0.898991
0.906389
0.926379
0.937029
0.940726
0.942295
0.94407
0.946982
0.949028
0.949879
0.950656
0.951555
0.952429
0.953385
0.954751
0.957431
0.961434
0.96634
0.971851
0.979892
0.985591
0.987368
0.987686
0.98754
0.986748
0.985997
0.985123
0.983749
0.982806
0.982231
0.981297
0.98028
0.979529
0.978733
0.97818
0.977938
0.977851
0.977841
0.978055
0.978265
0.978824
0.979519
0.980361
0.98096
0.981142
0.981218
0.980914
0.980568
0.980363
0.980218
0.980371
0.980791
0.981536
0.983048
0.984285
0.985314
0.985876
0.985977
0.985811
0.984689
0.984681
0.98498
0.985693
0.987281
0.989744
0.992556
0.994402
0.995604
0.996347
0.996685
0.996757
0.996678
0.996293
0.99523
0.9928
0.988424
0.98399
0.981352
0.97998
0.979829
0.980108
0.981232
0.983556
0.984279
0.983438
0.976979
0.968375
0.965294
0.964919
0.965557
0.966971
0.967645
0.968287
0.969963
0.971063
0.970911
0.968628
0.962163
0.95739
0.955567
0.956475
0.962922
0.97096
0.97676
0.981184
0.98491
0.987991
0.990175
0.991173
0.991036
0.989627
0.986808
0.984954
0.984529
0.985158
0.988459
0.992598
0.995309
0.997128
0.998337
0.999092
0.999526
0.999755
0.999867
0.999921
0.999946
0.999952
0.99995
0.999954
0.999971
0.999985
0.999993
0.999997
0.999999
0.999999
1
1
1
0.999999
0.999997
0.99999
0.99996
0.999826
0.999247
0.996813
0.991577
0.988054
0.986654
0.985718
0.984293
0.983425
0.983366
0.984257
0.988413
0.991342
0.991737
0.989854
0.976594
0.96564
0.965209
0.969744
0.971582
0.967803
0.95058
0.936137
0.929877
0.927015
0.925413
0.924311
0.92408
0.924239
0.925061
0.927646
0.935565
0.954975
0.945647
0.938619
0.928174
0.904651
0.897874
0.896709
0.897547
0.9055
0.926235
0.937926
0.941576
0.942962
0.944211
0.946855
0.949472
0.950899
0.952066
0.953289
0.955065
0.957734
0.960918
0.964532
0.969116
0.975916
0.983849
0.987505
0.988378
0.988423
0.987834
0.98675
0.985898
0.984803
0.983007
0.981155
0.979647
0.977876
0.976948
0.976533
0.976109
0.975893
0.97571
0.975499
0.97509
0.974837
0.974473
0.974037
0.973816
0.973732
0.974133
0.975838
0.978635
0.981979
0.984049
0.984869
0.984331
0.982598
0.980566
0.979487
0.979995
0.981766
0.983637
0.984728
0.984991
0.984933
0.984333
0.982978
0.982556
0.982858
0.98377
0.986073
0.989039
0.991949
0.994255
0.99567
0.996425
0.996705
0.99673
0.996667
0.996393
0.995657
0.994034
0.991341
0.988811
0.98616
0.985176
0.985306
0.985744
0.986217
0.986061
0.983826
0.974556
0.967429
0.965201
0.965085
0.966011
0.96735
0.968004
0.969029
0.972227
0.976208
0.977074
0.976068
0.969161
0.959467
0.955027
0.954092
0.955146
0.961982
0.971213
0.97758
0.982519
0.986704
0.98993
0.991905
0.992623
0.992512
0.991028
0.987673
0.986063
0.985945
0.987138
0.990836
0.993877
0.996036
0.997578
0.998617
0.999262
0.999628
0.999819
0.99991
0.999951
0.999969
0.999976
0.999976
0.999978
0.999985
0.999992
0.999996
0.999998
0.999999
1
1
1
1
0.999999
0.999996
0.999981
0.999907
0.999568
0.998109
0.99356
0.989531
0.987739
0.986845
0.985237
0.983955
0.983661
0.98407
0.987131
0.990843
0.991747
0.990787
0.980901
0.966962
0.965109
0.967732
0.969535
0.967096
0.953137
0.938194
0.930805
0.927417
0.925538
0.924511
0.924474
0.924835
0.926217
0.930022
0.941858
0.961796
0.944872
0.940129
0.937405
0.915125
0.900857
0.896238
0.89514
0.89594
0.903479
0.923969
0.93859
0.942721
0.944131
0.945161
0.947433
0.950431
0.952715
0.955042
0.95778
0.960515
0.963351
0.966992
0.971624
0.978557
0.985632
0.988309
0.988814
0.98868
0.987839
0.986596
0.985408
0.983699
0.98081
0.978589
0.977562
0.977087
0.97702
0.977432
0.978902
0.980077
0.98062
0.980738
0.979677
0.978245
0.976859
0.975911
0.974786
0.973385
0.971015
0.968062
0.966228
0.96487
0.969733
0.978648
0.98607
0.989265
0.989501
0.986245
0.980837
0.978355
0.97921
0.982241
0.983911
0.984352
0.984194
0.983256
0.982051
0.981244
0.981428
0.982296
0.984412
0.987958
0.991214
0.993958
0.995543
0.996325
0.996616
0.996649
0.996586
0.996381
0.995867
0.994884
0.993048
0.9914
0.990207
0.989148
0.988699
0.988252
0.987035
0.981882
0.97181
0.966546
0.965181
0.965296
0.966542
0.96778
0.968854
0.970761
0.975819
0.983648
0.986992
0.986751
0.981644
0.96658
0.95708
0.95402
0.953972
0.95622
0.964965
0.974031
0.980495
0.985279
0.989085
0.991824
0.993257
0.993606
0.993372
0.9913
0.988151
0.987148
0.987335
0.989189
0.992423
0.994866
0.996695
0.998006
0.99888
0.999415
0.999714
0.999866
0.999938
0.999969
0.999981
0.999986
0.999988
0.99999
0.999994
0.999996
0.999998
0.999999
1
1
1
1
1
0.999998
0.99999
0.999948
0.999744
0.998843
0.995389
0.991239
0.989148
0.988287
0.986761
0.984906
0.984115
0.984207
0.985924
0.990089
0.991638
0.991326
0.985691
0.969588
0.965072
0.965864
0.967436
0.966113
0.956276
0.940681
0.932293
0.928318
0.925946
0.9251
0.925226
0.925994
0.928165
0.933529
0.949106
0.967635
0.942129
0.940535
0.941617
0.93084
0.908526
0.900108
0.895664
0.893714
0.894237
0.90034
0.91881
0.938313
0.943772
0.945451
0.946596
0.948676
0.951954
0.954859
0.957818
0.960729
0.963508
0.967039
0.971581
0.978348
0.985528
0.988365
0.989011
0.988879
0.987874
0.985807
0.983527
0.981004
0.978714
0.977497
0.977101
0.977085
0.978176
0.980355
0.982069
0.982699
0.982888
0.982623
0.981802
0.980058
0.977758
0.976981
0.976979
0.977264
0.977075
0.975564
0.970336
0.962844
0.956723
0.954633
0.960457
0.973875
0.986152
0.991915
0.993123
0.990535
0.982048
0.978858
0.979482
0.98236
0.983592
0.983494
0.982674
0.981398
0.980533
0.980612
0.98125
0.982936
0.98669
0.990312
0.993256
0.995089
0.99601
0.996388
0.996473
0.996395
0.996202
0.995817
0.994865
0.993961
0.992568
0.99105
0.990206
0.989169
0.986636
0.977936
0.969438
0.965902
0.965265
0.965642
0.967098
0.968358
0.970101
0.973676
0.981538
0.991103
0.995347
0.995754
0.993414
0.978318
0.962611
0.955869
0.954547
0.955712
0.96264
0.972808
0.979971
0.984956
0.988707
0.991578
0.993428
0.994169
0.994225
0.993609
0.99059
0.988399
0.988041
0.988572
0.990968
0.993674
0.995732
0.997288
0.998398
0.999124
0.999557
0.999791
0.999906
0.999958
0.99998
0.999989
0.999992
0.999994
0.999995
0.999997
0.999998
0.999999
1
1
1
1
1
0.999999
0.999995
0.99997
0.99985
0.999297
0.996908
0.992869
0.990559
0.989629
0.988357
0.986151
0.984743
0.984531
0.985288
0.988863
0.991363
0.991517
0.988806
0.974807
0.96583
0.964506
0.964951
0.964484
0.959363
0.94492
0.934935
0.92984
0.926874
0.926365
0.926729
0.928013
0.931053
0.938282
0.956678
0.973192
0.934597
0.938793
0.943961
0.944699
0.925479
0.907699
0.900787
0.896292
0.892688
0.892792
0.897739
0.913903
0.937109
0.944584
0.946759
0.94813
0.950255
0.953501
0.957039
0.960249
0.963115
0.966556
0.970958
0.977355
0.984834
0.988181
0.989025
0.989079
0.98807
0.985807
0.982338
0.979523
0.977601
0.976749
0.976522
0.976923
0.97821
0.98076
0.982296
0.982983
0.983347
0.983195
0.98248
0.980845
0.97783
0.975179
0.975366
0.976979
0.97747
0.977317
0.976227
0.972032
0.960878
0.952408
0.949086
0.94977
0.957068
0.975103
0.988387
0.993815
0.994294
0.99003
0.982093
0.98042
0.981045
0.982739
0.982766
0.982323
0.980941
0.980072
0.980066
0.980486
0.981924
0.98541
0.989184
0.992049
0.994171
0.995369
0.995932
0.996117
0.996057
0.995828
0.99535
0.994628
0.993171
0.991805
0.990792
0.989051
0.983518
0.973448
0.967513
0.96558
0.965467
0.966253
0.967709
0.969243
0.972338
0.979132
0.989112
0.9955
0.99802
0.998412
0.997568
0.989257
0.970792
0.960572
0.957332
0.957505
0.962274
0.972543
0.979957
0.985016
0.988693
0.991503
0.993475
0.99449
0.994725
0.994557
0.992842
0.989771
0.988706
0.988737
0.989758
0.992384
0.994612
0.996402
0.997779
0.998741
0.999342
0.999682
0.999856
0.999938
0.999974
0.999988
0.999993
0.999995
0.999997
0.999998
0.999999
0.999999
1
1
1
1
1
1
0.999997
0.999984
0.999917
0.999603
0.998212
0.994723
0.992384
0.991366
0.990279
0.987785
0.985638
0.984951
0.985201
0.987502
0.990801
0.991543
0.990454
0.981257
0.967935
0.964156
0.963399
0.962735
0.959825
0.949609
0.938816
0.932712
0.929134
0.928791
0.929317
0.930994
0.934835
0.944579
0.963739
0.978596
0.928024
0.936403
0.941178
0.94994
0.945236
0.927111
0.910828
0.904138
0.896264
0.892415
0.891544
0.894255
0.905863
0.930695
0.944129
0.947779
0.94963
0.951872
0.954822
0.958402
0.962113
0.965448
0.969382
0.975364
0.983293
0.987542
0.988915
0.989104
0.988543
0.986223
0.982476
0.979429
0.977461
0.97648
0.97615
0.976431
0.977613
0.980113
0.98173
0.982525
0.982716
0.982404
0.981411
0.979133
0.975268
0.97319
0.97393
0.976468
0.977443
0.977437
0.97658
0.973262
0.963265
0.952939
0.94694
0.944926
0.945247
0.94928
0.966006
0.983514
0.992667
0.994927
0.993379
0.985572
0.981525
0.981169
0.981963
0.982171
0.981882
0.98067
0.979789
0.97966
0.979974
0.981182
0.984335
0.9879
0.990508
0.992642
0.994238
0.995065
0.995373
0.99534
0.9951
0.994532
0.99316
0.99198
0.990544
0.98692
0.977417
0.969843
0.966413
0.965621
0.965842
0.967074
0.968407
0.970908
0.976548
0.987531
0.994601
0.99785
0.99912
0.99935
0.999012
0.995403
0.980377
0.968306
0.963227
0.962406
0.964376
0.973208
0.981213
0.986133
0.989298
0.991656
0.99352
0.994715
0.99513
0.995102
0.99435
0.991339
0.989433
0.989088
0.989376
0.990895
0.993229
0.995248
0.996946
0.998214
0.999044
0.999528
0.999784
0.999907
0.999962
0.999984
0.999993
0.999996
0.999997
0.999998
0.999999
0.999999
1
1
1
1
1
1
0.999999
0.999992
0.999958
0.999791
0.999041
0.996601
0.994561
0.993606
0.992669
0.990349
0.987198
0.985617
0.985487
0.986475
0.98988
0.991412
0.991159
0.987165
0.97289
0.964998
0.962584
0.961568
0.959489
0.952715
0.943466
0.936842
0.93252
0.932108
0.932787
0.934918
0.939697
0.95209
0.970554
0.98266
0.925778
0.92947
0.929945
0.946575
0.951776
0.946472
0.937448
0.923238
0.904399
0.897446
0.893272
0.891123
0.892316
0.900701
0.921991
0.94179
0.948155
0.950855
0.953374
0.955899
0.959629
0.963034
0.967538
0.972372
0.980096
0.986109
0.98849
0.989049
0.988813
0.987192
0.983127
0.979693
0.977471
0.976368
0.975841
0.975903
0.976442
0.978052
0.979785
0.980709
0.980523
0.979724
0.977874
0.974048
0.970978
0.971059
0.973283
0.976433
0.977657
0.977516
0.976197
0.971769
0.961137
0.95022
0.944215
0.942042
0.941817
0.942686
0.948193
0.965308
0.98165
0.991904
0.995058
0.994298
0.987862
0.982472
0.981297
0.981554
0.981705
0.981486
0.98044
0.979588
0.97936
0.979606
0.980635
0.983389
0.986482
0.988814
0.9906
0.992179
0.993315
0.993698
0.993653
0.99333
0.992391
0.991034
0.988115
0.9802
0.972297
0.967672
0.966037
0.965939
0.966587
0.967856
0.969668
0.973875
0.984293
0.993069
0.997199
0.998946
0.999596
0.999724
0.9996
0.998275
0.989914
0.97876
0.972872
0.971021
0.971541
0.977331
0.984851
0.98891
0.991039
0.992435
0.993713
0.994812
0.995402
0.995481
0.995168
0.993009
0.990354
0.989487
0.989469
0.989941
0.991575
0.993799
0.995846
0.997492
0.998625
0.999308
0.999678
0.99986
0.999943
0.999978
0.999991
0.999996
0.999998
0.999999
0.999999
0.999999
1
1
1
1
1
1
0.999999
0.999996
0.999979
0.999895
0.99951
0.99805
0.996573
0.995854
0.995138
0.993546
0.989696
0.986843
0.985982
0.986292
0.988601
0.991071
0.991338
0.989849
0.980549
0.967544
0.962929
0.961123
0.959401
0.955071
0.948013
0.940938
0.936688
0.936479
0.937262
0.939614
0.945254
0.959725
0.976727
0.985975
0.923783
0.923939
0.926731
0.937111
0.949155
0.954445
0.958872
0.958892
0.923992
0.908536
0.898564
0.893162
0.89126
0.89138
0.895156
0.908709
0.931604
0.946225
0.951307
0.954227
0.957342
0.960734
0.964094
0.968777
0.976965
0.983064
0.987368
0.988789
0.988768
0.988066
0.984546
0.980385
0.977726
0.97596
0.975104
0.974916
0.974637
0.974753
0.975167
0.975117
0.974479
0.972908
0.97044
0.968925
0.968893
0.970063
0.974144
0.977505
0.977925
0.977383
0.974485
0.965129
0.953092
0.946833
0.943045
0.941114
0.940695
0.941016
0.943547
0.954738
0.970459
0.983577
0.992588
0.995351
0.994743
0.98895
0.983026
0.98132
0.981271
0.981313
0.981106
0.980196
0.979393
0.979136
0.979333
0.980194
0.98251
0.984923
0.986761
0.988226
0.989205
0.989588
0.989569
0.989331
0.988595
0.986392
0.980732
0.974156
0.969149
0.966775
0.966285
0.9665
0.96753
0.968896
0.971649
0.979381
0.990161
0.995914
0.998471
0.999471
0.999812
0.999881
0.999839
0.999403
0.996943
0.990664
0.985918
0.983665
0.983505
0.986267
0.990899
0.992893
0.993601
0.993811
0.99422
0.994907
0.995486
0.995664
0.995548
0.994346
0.991382
0.989967
0.989691
0.989809
0.990387
0.992118
0.994495
0.996554
0.998053
0.998997
0.999525
0.999791
0.999914
0.999967
0.999987
0.999995
0.999998
0.999999
0.999999
1
1
1
1
1
1
1
1
0.999998
0.99999
0.99995
0.999761
0.99898
0.998064
0.997613
0.99715
0.99615
0.993117
0.988868
0.986802
0.986607
0.987574
0.990418
0.991335
0.99092
0.987116
0.97353
0.964581
0.961364
0.959648
0.956152
0.951114
0.945612
0.941553
0.941062
0.94169
0.944229
0.951973
0.968043
0.981907
0.988933
0.923494
0.923798
0.927706
0.934403
0.94374
0.956775
0.971397
0.975939
0.957877
0.939235
0.909659
0.897297
0.893222
0.891626
0.891483
0.892749
0.898343
0.917958
0.941482
0.950477
0.954542
0.958388
0.961915
0.964801
0.971178
0.979646
0.985172
0.987993
0.988543
0.988195
0.986371
0.981689
0.978348
0.976086
0.974324
0.973133
0.972289
0.971653
0.971184
0.970631
0.969752
0.968496
0.967755
0.967699
0.968179
0.970918
0.976451
0.978069
0.978003
0.976442
0.970251
0.956812
0.950108
0.946262
0.943326
0.941567
0.940944
0.941054
0.942701
0.950722
0.966471
0.978311
0.987871
0.994278
0.995913
0.99513
0.989234
0.983159
0.981239
0.980968
0.98095
0.980738
0.979915
0.979179
0.978935
0.979096
0.979799
0.9816
0.983291
0.984483
0.985037
0.985084
0.984932
0.984403
0.982793
0.979498
0.975109
0.97066
0.967807
0.966851
0.966857
0.967427
0.968512
0.970365
0.974816
0.985899
0.993914
0.997698
0.999204
0.999741
0.999913
0.999948
0.999934
0.999785
0.999038
0.997349
0.995898
0.994994
0.994812
0.995601
0.996957
0.997028
0.9967
0.995694
0.995119
0.995096
0.995481
0.995743
0.995726
0.99516
0.992589
0.990566
0.989957
0.989932
0.990158
0.990868
0.99296
0.995421
0.997325
0.998583
0.999313
0.999692
0.999871
0.99995
0.999981
0.999993
0.999997
0.999999
0.999999
1
1
1
1
1
1
1
1
0.999999
0.999995
0.999976
0.999887
0.999502
0.998997
0.998747
0.998487
0.997914
0.996198
0.991533
0.98809
0.987091
0.987372
0.989397
0.991161
0.991234
0.989939
0.983686
0.968984
0.962766
0.960308
0.956653
0.953806
0.949273
0.945145
0.944588
0.945521
0.949896
0.961202
0.97497
0.986364
0.991359
0.928017
0.929843
0.930813
0.936402
0.941809
0.947592
0.974039
0.988282
0.973053
0.944688
0.934662
0.907566
0.899549
0.896652
0.895864
0.896218
0.89572
0.89663
0.906003
0.929378
0.94691
0.95385
0.958678
0.961883
0.966591
0.973203
0.980876
0.986159
0.98792
0.987981
0.987246
0.98408
0.979494
0.976509
0.974402
0.972632
0.971174
0.970023
0.969182
0.968523
0.967848
0.967369
0.967278
0.967434
0.968735
0.974201
0.977744
0.978241
0.97755
0.973553
0.961218
0.953349
0.949222
0.946507
0.945139
0.944063
0.943304
0.943195
0.944138
0.950091
0.965305
0.977211
0.985506
0.992067
0.995922
0.996532
0.995432
0.988961
0.982992
0.981035
0.980622
0.980575
0.980347
0.979612
0.97896
0.97873
0.978856
0.979417
0.98059
0.981387
0.981637
0.98161
0.981377
0.980468
0.97807
0.975334
0.97207
0.969142
0.967693
0.967484
0.967686
0.968498
0.969762
0.97248
0.980696
0.990731
0.996335
0.998748
0.999601
0.999876
0.99996
0.999977
0.999972
0.999914
0.999633
0.999107
0.998679
0.998416
0.998362
0.998598
0.998944
0.998966
0.998806
0.99772
0.996206
0.9956
0.995564
0.995759
0.995801
0.995559
0.993809
0.991317
0.990319
0.990147
0.990217
0.99055
0.991571
0.994154
0.996467
0.998073
0.999042
0.999561
0.999813
0.999925
0.999972
0.99999
0.999996
0.999999
0.999999
1
1
1
1
1
1
1
1
1
0.999998
0.999989
0.999949
0.999772
0.999523
0.999396
0.999265
0.998966
0.998038
0.994617
0.989891
0.987782
0.987606
0.98851
0.990763
0.991345
0.991001
0.988521
0.97863
0.967185
0.961981
0.958015
0.955624
0.950821
0.948101
0.948353
0.950976
0.959808
0.968874
0.980658
0.990116
0.993773
0.997708
0.99733
0.995146
0.987664
0.984645
0.985736
0.993333
0.996431
0.99539
0.959638
0.933517
0.921546
0.91902
0.91957
0.926691
0.933867
0.930744
0.908623
0.899427
0.903489
0.917889
0.931969
0.947825
0.955413
0.961451
0.96851
0.976072
0.982396
0.986287
0.9874
0.987151
0.985804
0.981599
0.977511
0.97481
0.972756
0.971141
0.969781
0.968727
0.967967
0.96748
0.967309
0.96736
0.967975
0.971601
0.976779
0.978256
0.978102
0.975788
0.965664
0.956544
0.952235
0.949166
0.948861
0.949608
0.950039
0.949781
0.949675
0.950691
0.956362
0.968811
0.978756
0.985657
0.991012
0.995202
0.997108
0.997142
0.995656
0.98866
0.982825
0.980802
0.980188
0.980124
0.979894
0.979289
0.978732
0.978494
0.978559
0.978886
0.979235
0.979309
0.979253
0.97891
0.977386
0.975398
0.973314
0.970787
0.968926
0.968359
0.968397
0.968806
0.969684
0.971457
0.975942
0.987123
0.994771
0.9982
0.999417
0.999817
0.999944
0.999983
0.999991
0.999988
0.999966
0.99986
0.999692
0.999558
0.999478
0.999462
0.999536
0.999622
0.999619
0.999537
0.999057
0.997355
0.996156
0.995793
0.995795
0.995838
0.995744
0.994837
0.992249
0.990819
0.990415
0.990397
0.990527
0.990996
0.992743
0.995461
0.997455
0.998703
0.999391
0.999734
0.999891
0.999958
0.999985
0.999995
0.999998
0.999999
1
1
1
1
1
1
1
1
1
0.999999
0.999995
0.999978
0.999905
0.9998
0.999743
0.999682
0.999541
0.999076
0.997287
0.992333
0.988917
0.987994
0.988237
0.989929
0.991273
0.991357
0.990629
0.987248
0.9789
0.968133
0.962648
0.95856
0.954415
0.95426
0.955833
0.962794
0.969316
0.975579
0.985914
0.993316
0.996086
0.999977
0.999952
0.99988
0.999644
0.999116
0.998922
0.999034
0.999331
0.999503
0.999144
0.997697
0.995655
0.991082
0.98855
0.987061
0.981852
0.967119
0.960803
0.935115
0.906822
0.908253
0.910577
0.91571
0.924246
0.937069
0.95423
0.968035
0.977399
0.983443
0.986136
0.986688
0.98623
0.984575
0.980234
0.976154
0.973455
0.971493
0.969997
0.968847
0.968017
0.967639
0.96763
0.967945
0.969779
0.975401
0.978118
0.978355
0.97714
0.970527
0.959277
0.954996
0.952049
0.952411
0.954245
0.958717
0.961325
0.961886
0.962454
0.964545
0.971988
0.980654
0.986701
0.990272
0.992635
0.995156
0.997248
0.997927
0.997715
0.995963
0.988903
0.982848
0.980654
0.979682
0.979526
0.979278
0.978784
0.978433
0.978257
0.978254
0.978262
0.978215
0.978042
0.977418
0.975888
0.974492
0.972559
0.970543
0.969547
0.969437
0.969583
0.970079
0.971222
0.9741
0.982754
0.992736
0.997463
0.999175
0.999744
0.999923
0.999977
0.999993
0.999996
0.999996
0.999987
0.99995
0.9999
0.999861
0.999839
0.999836
0.999858
0.999876
0.999871
0.999833
0.999623
0.998478
0.996801
0.996037
0.995866
0.995855
0.995817
0.99542
0.993441
0.991498
0.990742
0.990587
0.990616
0.990851
0.991709
0.994336
0.996745
0.998303
0.999185
0.999635
0.999846
0.999939
0.999978
0.999992
0.999997
0.999999
1
1
1
1
1
1
1
1
1
1
0.999998
0.999991
0.999963
0.999926
0.999903
0.999875
0.99981
0.999585
0.998689
0.995184
0.990633
0.988636
0.988431
0.989095
0.990956
0.991549
0.991416
0.990369
0.986297
0.979386
0.974354
0.967444
0.965619
0.966241
0.968648
0.972614
0.975356
0.981309
0.991529
0.996765
0.998361
1
0.999999
0.999998
0.999991
0.999972
0.999947
0.999946
0.999956
0.999963
0.999955
0.999908
0.999774
0.999433
0.998594
0.997917
0.996945
0.994769
0.990753
0.985546
0.971077
0.94841
0.943635
0.949671
0.953233
0.945527
0.945143
0.948586
0.959537
0.975642
0.98282
0.985446
0.985832
0.98538
0.983949
0.980565
0.975996
0.973116
0.971158
0.969625
0.968755
0.968672
0.968922
0.970114
0.974663
0.978042
0.978652
0.978007
0.973735
0.962049
0.956856
0.954811
0.95573
0.958927
0.966021
0.973764
0.979
0.980946
0.982254
0.985394
0.988882
0.991845
0.994038
0.995498
0.996101
0.996668
0.997703
0.998466
0.998567
0.998235
0.996444
0.989865
0.983262
0.980544
0.979335
0.978799
0.978529
0.978252
0.978073
0.978007
0.977961
0.977861
0.977636
0.976894
0.975763
0.974343
0.972457
0.971087
0.97067
0.970686
0.970888
0.971524
0.973429
0.97954
0.990928
0.996687
0.998898
0.999658
0.999899
0.999971
0.999992
0.999998
0.999999
0.999998
0.999995
0.999983
0.999968
0.999957
0.999952
0.999951
0.999958
0.999961
0.999959
0.999943
0.999854
0.999346
0.997602
0.99636
0.995928
0.995846
0.995816
0.995651
0.994561
0.992337
0.991158
0.990776
0.99075
0.990869
0.99139
0.993321
0.996049
0.997899
0.99897
0.999526
0.999794
0.999916
0.999968
0.999989
0.999996
0.999999
1
1
1
1
1
1
1
1
1
1
0.999999
0.999997
0.999986
0.999975
0.999966
0.999953
0.99992
0.999803
0.999327
0.997328
0.992514
0.989533
0.988699
0.98885
0.990211
0.991576
0.991793
0.991524
0.989923
0.985349
0.981139
0.976632
0.974804
0.97494
0.975699
0.977108
0.980071
0.988666
0.995983
0.998529
0.999313
1
1
1
1
0.999999
0.999998
0.999998
0.999998
0.999998
0.999998
0.999996
0.999989
0.999967
0.999905
0.999769
0.999586
0.999233
0.99842
0.997182
0.995036
0.989588
0.985833
0.986066
0.987264
0.985615
0.97811
0.957089
0.95416
0.957228
0.969184
0.980333
0.98407
0.984836
0.984526
0.983648
0.981625
0.978893
0.975845
0.973186
0.972552
0.972772
0.973577
0.97613
0.978586
0.979143
0.978758
0.975694
0.964445
0.958229
0.95693
0.958349
0.963144
0.97437
0.984184
0.989783
0.992691
0.994046
0.994696
0.995274
0.996042
0.996863
0.997486
0.997972
0.998293
0.998403
0.998633
0.99902
0.999172
0.99913
0.998737
0.997115
0.991612
0.984487
0.980712
0.979173
0.978319
0.977693
0.977427
0.977389
0.977396
0.977364
0.977213
0.976693
0.975602
0.974283
0.972978
0.972024
0.971702
0.971734
0.97208
0.973509
0.978002
0.989659
0.996082
0.998659
0.999578
0.999876
0.999965
0.99999
0.999997
0.999999
1
0.999999
0.999998
0.999994
0.99999
0.999987
0.999986
0.999986
0.999988
0.999989
0.999988
0.999982
0.999948
0.99976
0.998674
0.996911
0.996057
0.995798
0.995744
0.995665
0.995226
0.993389
0.991729
0.991061
0.990955
0.991018
0.991366
0.992664
0.995467
0.997536
0.998767
0.999418
0.999738
0.999889
0.999956
0.999984
0.999995
0.999998
0.999999
1
1
1
1
1
1
1
1
1
1
0.999999
0.999995
0.999992
0.999989
0.999982
0.999963
0.999894
0.999608
0.998419
0.994404
0.990625
0.989069
0.988905
0.98941
0.991192
0.992135
0.992169
0.991741
0.990147
0.986787
0.982595
0.979882
0.979653
0.980122
0.981812
0.987939
0.995196
0.998299
0.999357
0.999711
1
1
1
1
1
1
1
1
1
1
1
1
0.999998
0.999995
0.999984
0.999961
0.999913
0.999808
0.999555
0.999216
0.998402
0.997238
0.996953
0.996969
0.996799
0.995657
0.989996
0.970459
0.958586
0.958328
0.962453
0.97509
0.981314
0.983411
0.983397
0.983029
0.982343
0.981122
0.979374
0.978638
0.978664
0.979015
0.979706
0.979796
0.979394
0.976781
0.965892
0.95882
0.957775
0.959669
0.966865
0.981836
0.990023
0.994196
0.996355
0.997489
0.998048
0.998293
0.998438
0.998606
0.998815
0.998981
0.999082
0.999178
0.99921
0.999253
0.999395
0.999531
0.999546
0.999485
0.999141
0.997852
0.994453
0.986638
0.981894
0.979344
0.978073
0.977331
0.976852
0.976414
0.976174
0.975981
0.975513
0.974876
0.974075
0.973041
0.972433
0.972406
0.9727
0.974121
0.978425
0.989628
0.995918
0.99856
0.999537
0.999862
0.999961
0.99999
0.999997
0.999999
1
1
1
0.999999
0.999998
0.999997
0.999997
0.999996
0.999996
0.999997
0.999997
0.999997
0.999995
0.999983
0.999916
0.999525
0.997861
0.996398
0.995773
0.995588
0.995519
0.995338
0.99436
0.992459
0.991491
0.991273
0.991306
0.991527
0.992437
0.995059
0.997305
0.998632
0.999333
0.999685
0.999859
0.999942
0.999978
0.999993
0.999998
0.999999
1
1
1
1
1
1
1
1
1
1
0.999999
0.999999
0.999998
0.999996
0.999992
0.99998
0.999932
0.999729
0.998897
0.995704
0.99163
0.989523
0.988991
0.989111
0.990247
0.99204
0.992771
0.99276
0.992428
0.991399
0.988237
0.986308
0.986386
0.987289
0.990578
0.99534
0.99807
0.999266
0.999713
0.999879
1
1
1
1
1
1
1
1
1
1
1
1
1
1
0.999999
0.999997
0.999993
0.999982
0.999951
0.999903
0.999807
0.999591
0.999465
0.999418
0.999348
0.999133
0.998195
0.994405
0.979523
0.963537
0.958832
0.959805
0.964754
0.975198
0.979778
0.98162
0.981862
0.981702
0.98129
0.980783
0.980531
0.980449
0.98026
0.979475
0.97633
0.964625
0.957855
0.957399
0.959822
0.970429
0.985215
0.992641
0.996205
0.997918
0.998758
0.999182
0.999387
0.999472
0.999509
0.999543
0.999586
0.999622
0.999633
0.999646
0.999653
0.999656
0.999677
0.999746
0.999778
0.999772
0.999715
0.999462
0.998645
0.996603
0.991582
0.984832
0.980973
0.978711
0.977429
0.976655
0.976069
0.975483
0.975086
0.974499
0.973622
0.973293
0.973376
0.97392
0.975775
0.981305
0.991177
0.996416
0.998696
0.999568
0.999868
0.999962
0.99999
0.999997
0.999999
1
1
1
1
1
1
0.999999
0.999999
0.999999
0.999999
0.999999
0.999999
0.999999
0.999999
0.999995
0.999972
0.999838
0.999039
0.997101
0.995888
0.995347
0.995197
0.995095
0.994721
0.993246
0.992013
0.991671
0.991676
0.991809
0.992459
0.994848
0.997209
0.998579
0.999297
0.999657
0.999836
0.999927
0.999971
0.99999
0.999997
0.999999
1
1
1
1
1
1
1
1
1
1
1
1
0.999999
0.999999
0.999997
0.999989
0.999954
0.999804
0.999172
0.99657
0.992446
0.99001
0.989158
0.989116
0.989485
0.991183
0.992875
0.993677
0.993755
0.993603
0.9927
0.992459
0.992731
0.993695
0.995991
0.997962
0.999117
0.999652
0.999868
0.999949
1
1
1
1
1
1
1
1
1
1
1
1
1
1
1
1
1
0.999999
0.999996
0.999991
0.999981
0.999956
0.999928
0.999911
0.999892
0.999847
0.999692
0.999026
0.996287
0.987479
0.969553
0.961137
0.958389
0.959088
0.962233
0.969432
0.974807
0.977655
0.97886
0.97895
0.978806
0.978334
0.976928
0.971063
0.959519
0.955404
0.955607
0.959017
0.973391
0.98741
0.994112
0.99723
0.998659
0.999312
0.999615
0.999759
0.999825
0.99985
0.999859
0.999864
0.99987
0.999874
0.999872
0.999866
0.999865
0.999864
0.999865
0.999877
0.999899
0.999902
0.999895
0.999855
0.999704
0.999267
0.998153
0.995684
0.991239
0.986106
0.982093
0.979591
0.978024
0.976967
0.976052
0.975487
0.975505
0.975892
0.977148
0.980131
0.98784
0.994193
0.997537
0.999062
0.999675
0.999897
0.99997
0.999992
0.999998
0.999999
1
1
1
1
1
1
1
1
1
1
1
1
1
1
1
0.999999
0.999991
0.999945
0.999668
0.998272
0.996326
0.995135
0.994615
0.994513
0.994383
0.993684
0.992557
0.992056
0.991943
0.992004
0.992537
0.994795
0.997198
0.998576
0.999292
0.99965
0.999828
0.999918
0.999965
0.999987
0.999996
0.999999
1
1
1
1
1
1
1
1
1
1
1
1
1
0.999999
0.999998
0.999994
0.999972
0.999875
0.999457
0.997684
0.993566
0.990807
0.989589
0.989345
0.989506
0.990374
0.992363
0.993784
0.994694
0.995041
0.995149
0.995362
0.995763
0.996671
0.997939
0.998961
0.999556
0.99983
0.999941
0.999977
1
1
1
1
1
1
1
1
1
1
1
1
1
1
1
1
1
1
1
0.999999
0.999999
0.999997
0.999993
0.99999
0.999986
0.999978
0.999954
0.999853
0.999408
0.997732
0.993056
0.979788
0.966396
0.960477
0.956901
0.956598
0.957123
0.959095
0.962508
0.963191
0.962792
0.961237
0.956066
0.952719
0.952361
0.953697
0.959999
0.978004
0.989573
0.995255
0.997892
0.999067
0.999578
0.999798
0.999894
0.999937
0.999956
0.999962
0.999964
0.999964
0.999964
0.999963
0.999961
0.999958
0.999955
0.999955
0.999954
0.999954
0.999959
0.999962
0.999962
0.999957
0.999934
0.999861
0.999658
0.99917
0.998048
0.996285
0.993298
0.990517
0.988003
0.985527
0.984641
0.984789
0.985536
0.987353
0.991189
0.994747
0.997282
0.998759
0.999494
0.999814
0.999937
0.999981
0.999994
0.999999
1
1
1
1
1
1
1
1
1
1
1
1
1
1
1
1
1
1
0.999997
0.999981
0.999873
0.999268
0.997176
0.995284
0.994208
0.993788
0.99369
0.993527
0.992893
0.99222
0.992023
0.992077
0.992671
0.99507
0.997442
0.998743
0.999387
0.999693
0.99984
0.999917
0.999961
0.999984
0.999995
0.999998
1
1
1
1
1
1
1
1
1
1
1
1
1
1
0.999999
0.999997
0.999985
0.999931
0.9997
0.998755
0.995703
0.992466
0.990726
0.990152
0.990141
0.990596
0.992173
0.993767
0.994869
0.995639
0.996115
0.996453
0.997024
0.997892
0.998787
0.999434
0.999775
0.99992
0.999974
0.999987
1
1
1
1
1
1
1
1
1
1
1
1
1
1
1
1
1
1
1
1
1
1
0.999999
0.999999
0.999999
0.999998
0.999994
0.999981
0.99992
0.999661
0.998819
0.996396
0.99116
0.979421
0.967477
0.960929
0.95752
0.955336
0.954163
0.95335
0.952504
0.951712
0.95167
0.952433
0.955613
0.968129
0.983632
0.992225
0.996506
0.998494
0.999368
0.999737
0.999888
0.99995
0.999975
0.999986
0.99999
0.999992
0.999992
0.999992
0.999992
0.999991
0.99999
0.999989
0.999988
0.999988
0.999988
0.999987
0.999987
0.999988
0.999988
0.999987
0.999984
0.999975
0.999945
0.999869
0.999691
0.999304
0.998484
0.997852
0.996768
0.99578
0.995636
0.995782
0.996245
0.997241
0.998255
0.999038
0.999533
0.999798
0.999921
0.999972
0.999991
0.999997
0.999999
1
1
1
1
1
1
1
1
1
1
1
1
1
1
1
1
1
1
1
0.999999
0.999993
0.999946
0.999658
0.998192
0.995807
0.994291
0.993572
0.993321
0.993153
0.992725
0.992181
0.992036
0.992144
0.993065
0.99592
0.998035
0.999109
0.9996
0.999812
0.999902
0.999942
0.999967
0.999985
0.999994
0.999998
1
1
1
1
1
1
1
1
1
1
1
1
1
1
1
0.999998
0.999993
0.999968
0.99986
0.999426
0.997771
0.995303
0.99355
0.992546
0.992174
0.992204
0.992727
0.994037
0.995199
0.996082
0.996719
0.997298
0.998035
0.998826
0.999421
0.999749
0.9999
0.999964
0.999988
0.999991
1
1
1
1
1
1
1
1
1
1
1
1
1
1
1
1
1
1
1
1
1
1
1
1
1
1
0.999999
0.999998
0.999991
0.999959
0.999839
0.999465
0.998524
0.996396
0.991854
0.984807
0.977242
0.969794
0.964109
0.961748
0.961614
0.962302
0.964675
0.971886
0.982861
0.990766
0.995469
0.997939
0.999117
0.999638
0.999856
0.999943
0.999977
0.99999
0.999995
0.999998
0.999998
0.999999
0.999999
0.999999
0.999999
0.999998
0.999998
0.999998
0.999998
0.999998
0.999997
0.999997
0.999997
0.999997
0.999997
0.999997
0.999996
0.999995
0.999992
0.999983
0.99996
0.999902
0.999773
0.999671
0.999427
0.999243
0.999241
0.999292
0.999437
0.999623
0.999779
0.999885
0.999947
0.999978
0.999992
0.999997
0.999999
1
1
1
1
1
1
1
1
1
1
1
1
1
1
1
1
1
1
1
1
1
1
0.999997
0.999975
0.999823
0.99897
0.996523
0.994657
0.993702
0.99335
0.992972
0.992417
0.992075
0.992039
0.992286
0.993881
0.996908
0.998654
0.999455
0.999782
0.999909
0.999956
0.999974
0.999981
0.999988
0.999995
0.999998
1
1
1
1
1
1
1
1
1
1
1
1
1
1
1
0.999999
0.999997
0.999986
0.999943
0.999772
0.999124
0.997736
0.996573
0.995839
0.995529
0.995394
0.99538
0.995587
0.996299
0.997171
0.99784
0.998466
0.999049
0.99948
0.999746
0.999887
0.999954
0.999984
0.999994
0.999991
1
1
1
1
1
1
1
1
1
1
1
1
1
1
1
1
1
1
1
1
1
1
1
1
1
1
1
1
0.999999
0.999996
0.999983
0.999937
0.999809
0.999496
0.998672
0.997251
0.995804
0.992726
0.989024
0.987742
0.987878
0.98866
0.990805
0.994007
0.996575
0.998244
0.999177
0.999642
0.999853
0.999942
0.999978
0.999992
0.999997
0.999999
0.999999
1
1
1
1
1
1
1
1
1
1
1
1
1
1
0.999999
0.999999
0.999999
0.999999
0.999999
0.999999
0.999998
0.999996
0.999989
0.999977
0.999965
0.999932
0.999918
0.999921
0.999931
0.999951
0.999969
0.999983
0.999992
0.999996
0.999999
0.999999
1
1
1
1
1
1
1
1
1
1
1
1
1
1
1
1
1
1
1
1
1
1
1
1
0.999999
0.999988
0.999904
0.999403
0.997321
0.995267
0.994304
0.993667
0.992965
0.992345
0.992114
0.992155
0.992688
0.995145
0.997877
0.999201
0.999728
0.999906
0.999963
0.999983
0.999989
0.999991
0.999993
0.999996
0.999999
1
1
1
1
1
1
1
1
1
1
1
1
1
1
1
1
0.999999
0.999994
0.999978
0.999917
0.999702
0.999141
0.998571
0.998162
0.997952
0.997902
0.997915
0.997984
0.998203
0.998595
0.998975
0.999316
0.999585
0.999769
0.999882
0.999944
0.999977
0.999992
0.999995
0.999988
1
1
1
1
1
1
1
1
1
1
1
1
1
1
1
1
1
1
1
1
1
1
1
1
1
1
1
1
1
1
0.999998
0.999994
0.99998
0.999943
0.999843
0.999624
0.999404
0.998916
0.998012
0.997727
0.997768
0.997985
0.998561
0.999124
0.999525
0.999767
0.999895
0.999956
0.999982
0.999993
0.999997
0.999999
1
1
1
1
1
1
1
1
1
1
1
1
1
1
1
1
1
1
1
1
1
1
1
1
1
0.999999
0.999998
0.999997
0.999995
0.999995
0.999995
0.999996
0.999997
0.999999
0.999999
1
1
1
1
1
1
1
1
1
1
1
1
1
1
1
1
1
1
1
1
1
1
1
1
1
1
1
1
0.999999
0.999994
0.999945
0.99961
0.997923
0.996192
0.995382
0.994437
0.99329
0.992538
0.992388
0.992528
0.993561
0.996721
0.998812
0.999641
0.999893
0.999966
0.999987
0.999994
0.999996
0.999996
0.999997
0.999998
0.999999
1
1
1
1
1
1
1
1
1
1
1
1
1
1
1
1
0.999999
0.999997
0.999991
0.999968
0.999896
0.999712
0.999508
0.999332
0.999222
0.999193
0.999197
0.999219
0.99928
0.999412
0.999559
0.999696
0.999807
0.999886
0.999938
0.99997
0.999987
0.999995
0.999996
0.999978
1
1
1
1
1
1
1
1
1
1
1
1
1
1
1
1
1
1
1
1
1
1
1
1
1
1
1
1
1
1
1
1
0.999998
0.999995
0.999986
0.999964
0.999939
0.999888
0.999763
0.999729
0.999737
0.999777
0.999851
0.999912
0.999953
0.999977
0.99999
0.999996
0.999998
0.999999
1
1
1
1
1
1
1
1
1
1
1
1
1
1
1
1
1
1
1
1
1
1
1
1
1
1
1
1
1
1
1
1
1
1
1
1
1
1
1
1
1
1
1
1
1
1
1
1
1
1
1
1
1
1
1
1
1
1
1
1
1
1
1
1
1
1
0.999997
0.999965
0.999715
0.99838
0.997266
0.996785
0.995808
0.994178
0.993147
0.992996
0.993277
0.995139
0.99815
0.99946
0.999856
0.999962
0.999989
0.999996
0.999998
0.999999
0.999999
0.999998
0.999999
0.999999
1
1
1
1
1
1
1
1
1
1
1
1
1
1
1
1
0.999999
0.999998
0.999994
0.999984
0.999957
0.999911
0.999854
0.999792
0.999739
0.999715
0.999713
0.999718
0.999732
0.999765
0.999809
0.999858
0.999903
0.999939
0.999965
0.999982
0.999993
0.999997
0.999996
0.999957
1
1
1
1
1
1
1
1
1
1
1
1
1
1
1
1
1
1
1
1
1
1
1
1
1
1
1
1
1
1
1
1
1
1
0.999999
0.999998
0.999996
0.999993
0.999983
0.999981
0.999982
0.999986
0.999991
0.999995
0.999997
0.999999
0.999999
1
1
1
1
1
1
1
1
1
1
1
1
1
1
1
1
1
1
1
1
1
1
1
1
1
1
1
1
1
1
1
1
1
1
1
1
1
1
1
1
1
1
1
1
1
1
1
1
1
1
1
1
1
1
1
1
1
1
1
1
1
1
1
0.999999
0.999999
0.999999
0.999999
1
1
0.999998
0.999981
0.999822
0.998894
0.998091
0.997862
0.997468
0.995822
0.994157
0.993913
0.994452
0.997109
0.999156
0.99979
0.999952
0.999989
0.999997
0.999999
1
1
1
0.999999
0.999999
1
1
1
1
1
1
1
1
1
1
1
1
1
1
1
1
1
1
0.999999
0.999995
0.999988
0.999981
0.999974
0.999964
0.999946
0.999923
0.999904
0.999896
0.999896
0.999899
0.999905
0.999917
0.999934
0.999952
0.999969
0.999983
0.999992
0.999997
0.999998
0.999995
0.999913
1
1
1
1
1
1
1
1
1
1
1
1
1
1
1
1
1
1
1
1
1
1
1
1
1
1
1
1
1
1
1
1
1
1
1
1
1
1
0.999999
0.999999
0.999999
0.999999
1
1
1
1
1
1
1
1
1
1
1
1
1
1
1
1
1
1
1
1
1
1
1
1
1
1
1
1
1
1
1
1
1
1
1
1
1
1
1
1
1
1
1
1
1
1
1
1
1
1
1
1
1
1
1
1
1
1
1
1
1
1
1
1
1
1
1
0.999999
0.999996
0.999995
0.999995
0.999996
0.999998
0.999999
0.999999
0.99999
0.999895
0.99941
0.999156
0.999016
0.998503
0.996349
0.994782
0.994746
0.996072
0.998723
0.999685
0.999934
0.999987
0.999998
0.999999
1
1
1
1
1
1
1
1
1
1
1
1
1
1
1
1
1
1
1
1
1
1
1
1
0.999999
0.999997
0.999994
0.999992
0.999991
0.99999
0.999987
0.999982
0.999971
0.999964
0.999962
0.999962
0.999963
0.999967
0.999974
0.999981
0.999989
0.999994
0.999997
0.999999
0.999999
0.999991
0.999825
1
1
1
1
1
1
1
1
1
1
1
1
1
1
1
1
1
1
1
1
1
1
1
1
1
1
1
1
1
1
1
1
1
1
1
1
1
1
1
1
1
1
1
1
1
1
1
1
1
1
1
1
1
1
1
1
1
1
1
1
1
1
1
1
1
1
1
1
1
1
1
1
1
1
1
1
1
1
1
1
1
1
1
1
1
1
1
1
1
1
1
1
1
1
1
1
1
1
1
1
1
1
1
1
1
1
1
1
0.999998
0.999994
0.999987
0.999984
0.999985
0.999989
0.999995
0.999998
0.999999
0.999994
0.999941
0.999752
0.999664
0.999498
0.998679
0.996103
0.995199
0.995618
0.998011
0.999515
0.999905
0.999984
0.999998
1
1
1
1
1
1
1
1
1
1
1
1
1
1
1
1
1
1
1
1
1
1
1
1
1
1
1
0.999999
0.999998
0.999997
0.999997
0.999997
0.999997
0.999996
0.999993
0.999989
0.999987
0.999987
0.999987
0.999988
0.999991
0.999994
0.999996
0.999998
0.999999
1
0.999999
0.99998
0.999659
1
1
1
1
1
1
1
1
1
1
1
1
1
1
1
1
1
1
1
1
1
1
1
1
1
1
1
1
1
1
1
1
1
1
1
1
1
1
1
1
1
1
1
1
1
1
1
1
1
1
1
1
1
1
1
1
1
1
1
1
1
1
1
1
1
1
1
1
1
1
1
1
1
1
1
1
1
1
1
1
1
1
1
1
1
1
1
1
1
1
1
1
1
1
1
1
1
1
1
1
1
1
1
1
1
1
1
0.999998
0.999992
0.999977
0.999964
0.999964
0.999967
0.999973
0.999985
0.999995
0.999998
0.999996
0.999975
0.999923
0.99985
0.999576
0.997928
0.995863
0.995747
0.997227
0.99926
0.999855
0.999978
0.999997
1
1
1
1
1
1
1
1
1
1
1
1
1
1
1
1
1
1
1
1
1
1
1
1
1
1
1
1
1
0.999999
0.999999
0.999999
0.999999
0.999999
0.999999
0.999998
0.999997
0.999996
0.999996
0.999996
0.999996
0.999997
0.999998
0.999999
0.999999
1
1
0.999998
0.999959
0.999372
1
1
1
1
1
1
1
1
1
1
1
1
1
1
1
1
1
1
1
1
1
1
1
1
1
1
1
1
1
1
1
1
1
1
1
1
1
1
1
1
1
1
1
1
1
1
1
1
1
1
1
1
1
1
1
1
1
1
1
1
1
1
1
1
1
1
1
1
1
1
1
1
1
1
1
1
1
1
1
1
1
1
1
1
1
1
1
1
1
1
1
1
1
1
1
1
1
1
1
1
1
1
1
1
1
1
0.999998
0.999987
0.999961
0.999944
0.999947
0.999956
0.999961
0.999966
0.999977
0.999989
0.999996
0.999996
0.999991
0.999969
0.999874
0.999238
0.996842
0.996042
0.99672
0.998934
0.999786
0.999967
0.999996
1
1
1
1
1
1
1
1
1
1
1
1
1
1
1
1
1
1
1
1
1
1
1
1
1
1
1
1
1
1
1
1
1
1
1
1
0.999999
0.999999
0.999999
0.999999
0.999999
0.999999
0.999999
0.999999
1
1
1
1
0.999995
0.999919
0.998895
1
1
1
1
1
1
1
1
1
1
1
1
1
1
1
1
1
1
1
1
1
1
1
1
1
1
1
1
1
1
1
1
1
1
1
1
1
1
1
1
1
1
1
1
1
1
1
1
1
1
1
1
1
1
1
1
1
1
1
1
1
1
1
1
1
1
1
1
1
1
1
1
1
1
1
1
1
1
1
1
1
1
1
1
1
1
1
1
1
1
1
1
1
1
1
1
1
1
1
1
1
1
1
1
1
0.999999
0.999986
0.999935
0.999914
0.999927
0.999956
0.999968
0.999969
0.999972
0.99998
0.99999
0.999996
0.999997
0.999993
0.999964
0.999717
0.99802
0.996638
0.99683
0.998605
0.999714
0.999957
0.999995
1
1
1
1
1
1
1
1
1
1
1
1
1
1
1
1
1
1
1
1
1
1
1
1
1
1
1
1
1
1
1
1
1
1
1
1
1
1
1
1
1
1
1
1
1
1
1
1
0.999999
0.99999
0.999841
0.998107
1
1
1
1
1
1
1
1
1
1
1
1
1
1
1
1
1
1
1
1
1
1
1
1
1
1
1
1
1
1
1
1
1
1
1
1
1
1
1
1
1
1
1
1
1
1
1
1
1
1
1
1
1
1
1
1
1
1
1
1
1
1
1
1
1
1
1
1
1
1
1
1
1
1
1
1
1
1
1
1
1
1
1
1
1
1
1
1
1
1
1
1
1
1
1
1
1
1
1
1
1
1
1
1
1
0.999995
0.999932
0.999867
0.999895
0.99997
0.999992
0.999993
0.999989
0.999984
0.999986
0.999993
0.999997
0.999997
0.999989
0.999899
0.998984
0.997305
0.997141
0.998238
0.999574
0.999932
0.999991
0.999999
1
1
1
1
1
1
1
1
1
1
1
1
1
1
1
1
1
1
1
1
1
1
1
1
1
1
1
1
1
1
1
1
1
1
1
1
1
1
1
1
1
1
1
1
1
1
1
1
0.999999
0.99998
0.999696
0.996848
1
1
1
1
1
1
1
1
1
1
1
1
1
1
1
1
1
1
1
1
1
1
1
1
1
1
1
1
1
1
1
1
1
1
1
1
1
1
1
1
1
1
1
1
1
1
1
1
1
1
1
1
1
1
1
1
1
1
1
1
1
1
1
1
1
1
1
1
1
1
1
1
1
1
1
1
1
1
1
1
1
1
1
1
1
1
1
1
1
1
1
1
1
1
1
1
1
1
1
1
1
1
1
1
1
0.999985
0.999853
0.99983
0.999933
0.999991
0.999998
0.999997
0.999992
0.999991
0.999993
0.999997
0.999998
0.999996
0.999965
0.9996
0.998001
0.997425
0.997857
0.999211
0.999839
0.999977
0.999997
0.999999
1
1
1
1
1
1
1
1
1
1
1
1
1
1
1
1
1
1
1
1
1
1
1
1
1
1
1
1
1
1
1
1
1
1
1
1
1
1
1
1
1
1
1
1
1
1
1
1
0.999997
0.999955
0.999409
0.994932
1
1
1
1
1
1
1
1
1
1
1
1
1
1
1
1
1
1
1
1
1
1
1
1
1
1
1
1
1
1
1
1
1
1
1
1
1
1
1
1
1
1
1
1
1
1
1
1
1
1
1
1
1
1
1
1
1
1
1
1
1
1
1
1
1
1
1
1
1
1
1
1
1
1
1
1
1
1
1
1
1
1
1
1
1
1
1
1
1
1
1
1
1
1
1
1
1
1
1
1
1
1
1
1
0.999999
0.999967
0.999788
0.999792
0.999946
0.999995
0.999998
0.999998
0.999997
0.999996
0.999997
0.999998
0.999997
0.999984
0.99982
0.998631
0.997781
0.997869
0.99881
0.999645
0.999933
0.99999
0.999998
0.999999
1
1
1
1
1
1
1
1
1
1
1
1
1
1
1
1
1
1
1
1
1
1
1
1
1
1
1
1
1
1
1
1
1
1
1
1
1
1
1
1
1
1
1
1
1
1
1
0.999999
0.999992
0.999895
0.998867
0.992497
1
1
1
1
1
1
1
1
1
1
1
1
1
1
1
1
1
1
1
1
1
1
1
1
1
1
1
1
1
1
1
1
1
1
1
1
1
1
1
1
1
1
1
1
1
1
1
1
1
1
1
1
1
1
1
1
1
1
1
1
1
1
1
1
1
1
1
1
1
1
1
1
1
1
1
1
1
1
1
1
1
1
1
1
1
1
1
1
1
1
1
1
1
1
1
1
1
1
1
1
1
1
1
1
0.999998
0.999954
0.999758
0.999731
0.99992
0.999986
0.999998
0.999999
0.999998
0.999998
0.999998
0.999997
0.999987
0.999885
0.99906
0.998121
0.998037
0.998688
0.999445
0.999838
0.999969
0.999994
0.999998
0.999999
1
1
1
1
1
1
1
1
1
1
1
1
1
1
1
1
1
1
1
1
1
1
1
1
1
1
1
1
1
1
1
1
1
1
1
1
1
1
1
1
1
1
1
0.999999
0.999999
0.999999
0.999999
0.999998
0.999978
0.99975
0.997862
0.989906
1
1
1
1
1
1
1
1
1
1
1
1
1
1
1
1
1
1
1
1
1
1
1
1
1
1
1
1
1
1
1
1
1
1
1
1
1
1
1
1
1
1
1
1
1
1
1
1
1
1
1
1
1
1
1
1
1
1
1
1
1
1
1
1
1
1
1
1
1
1
1
1
1
1
1
1
1
1
1
1
1
1
1
1
1
1
1
1
1
1
1
1
1
1
1
1
1
1
1
1
1
1
1
1
0.999998
0.99995
0.999748
0.999651
0.999824
0.999954
0.999989
0.999996
0.999997
0.999995
0.99999
0.999969
0.999868
0.999244
0.998403
0.998235
0.998775
0.999414
0.999754
0.999927
0.999985
0.999996
0.999998
0.999999
1
1
1
1
1
1
1
1
1
1
1
1
1
1
1
1
1
1
1
1
1
1
1
1
1
1
1
1
1
1
1
1
1
1
1
1
1
1
1
1
1
0.999999
0.999997
0.999996
0.999996
0.999997
0.999997
0.999993
0.999933
0.9994
0.99609
0.987671
1
1
1
1
1
1
1
1
1
1
1
1
1
1
1
1
1
1
1
1
1
1
1
1
1
1
1
1
1
1
1
1
1
1
1
1
1
1
1
1
1
1
1
1
1
1
1
1
1
1
1
1
1
1
1
1
1
1
1
1
1
1
1
1
1
1
1
1
1
1
1
1
1
1
1
1
1
1
1
1
1
1
1
1
1
1
1
1
1
1
1
1
1
1
1
1
1
1
1
1
1
1
1
1
0.999999
0.999971
0.999764
0.999627
0.99963
0.999836
0.999934
0.999963
0.999968
0.999951
0.999901
0.999748
0.999204
0.998647
0.998446
0.998901
0.999508
0.999767
0.999899
0.999969
0.999993
0.999998
0.999998
0.999998
0.999999
1
1
1
1
1
1
1
1
1
1
1
1
1
1
1
1
1
1
1
1
1
1
1
1
1
1
1
1
1
1
1
1
1
1
1
1
1
1
1
0.999999
0.999996
0.999991
0.99999
0.999991
0.999993
0.999993
0.999973
0.999783
0.998613
0.99334
0.98627
1
1
1
1
1
1
1
1
1
1
1
1
1
1
1
1
1
1
1
1
1
1
1
1
1
1
1
1
1
1
1
1
1
1
1
1
1
1
1
1
1
1
1
1
1
1
1
1
1
1
1
1
1
1
1
1
1
1
1
1
1
1
1
1
1
1
1
1
1
1
1
1
1
1
1
1
1
1
1
1
1
1
1
1
1
1
1
1
1
1
1
1
1
1
1
1
1
1
1
1
1
1
1
1
0.999999
0.999989
0.999873
0.999625
0.999546
0.999539
0.999677
0.999734
0.999747
0.999648
0.999436
0.999084
0.99884
0.9987
0.999086
0.999628
0.999841
0.99992
0.999963
0.999988
0.999997
0.999998
0.999997
0.999997
0.999999
1
1
1
1
1
1
1
1
1
1
1
1
1
1
1
1
1
1
1
1
1
1
1
1
1
1
1
1
1
1
1
1
1
1
1
1
0.999999
0.999999
0.999998
0.999994
0.999984
0.999978
0.999979
0.999983
0.999984
0.999976
0.9999
0.999393
0.996944
0.990548
0.985443
1
1
1
1
1
1
1
1
1
1
1
1
1
1
1
1
1
1
1
1
1
1
1
1
1
1
1
1
1
1
1
1
1
1
1
1
1
1
1
1
1
1
1
1
1
1
1
1
1
1
1
1
1
1
1
1
1
1
1
1
1
1
1
1
1
1
1
1
1
1
1
1
1
1
1
1
1
1
1
1
1
1
1
1
1
1
1
1
1
1
1
1
1
1
1
1
1
1
1
1
1
1
1
1
1
0.999996
0.999959
0.999758
0.999539
0.999448
0.999395
0.999351
0.999314
0.999236
0.999119
0.999044
0.999015
0.999359
0.999759
0.99991
0.99996
0.999977
0.999989
0.999997
0.999999
0.999999
0.999997
0.999996
0.999998
0.999999
1
1
1
1
1
1
1
1
1
1
1
1
1
1
1
1
1
1
1
1
1
1
1
1
1
1
1
1
1
1
1
1
0.999999
0.999998
0.999998
0.999996
0.999993
0.999988
0.999974
0.999963
0.999959
0.999959
0.999958
0.999955
0.999926
0.999715
0.998517
0.994002
0.988975
0.985404
1
1
1
1
1
1
1
1
1
1
1
1
1
1
1
1
1
1
1
1
1
1
1
1
1
1
1
1
1
1
1
1
1
1
1
1
1
1
1
1
1
1
1
1
1
1
1
1
1
1
1
1
1
1
1
1
1
1
1
1
1
1
1
1
1
1
1
1
1
1
1
1
1
1
1
1
1
1
1
1
1
1
1
1
1
1
1
1
1
1
1
1
1
1
1
1
1
1
1
1
1
1
1
1
1
0.999999
0.999987
0.999934
0.999757
0.999579
0.999466
0.999398
0.999355
0.999336
0.999334
0.999459
0.999701
0.99988
0.999959
0.999985
0.999992
0.999995
0.999998
0.999999
1
0.999999
0.999997
0.999994
0.999996
0.999998
0.999999
1
1
1
1
1
1
1
1
1
1
1
1
1
1
1
1
1
1
1
1
1
1
1
1
1
1
1
1
1
0.999999
0.999997
0.99999
0.999988
0.999987
0.999981
0.999964
0.999954
0.999951
0.999948
0.999946
0.999947
0.999946
0.999931
0.999829
0.999263
0.996362
0.991326
0.988337
0.986322
1
1
1
1
1
1
1
1
1
1
1
1
1
1
1
1
1
1
1
1
1
1
1
1
1
1
1
1
1
1
1
1
1
1
1
1
1
1
1
1
1
1
1
1
1
1
1
1
1
1
1
1
1
1
1
1
1
1
1
1
1
1
1
1
1
1
1
1
1
1
1
1
1
1
1
1
1
1
1
1
1
1
1
1
1
1
1
1
1
1
1
1
1
1
1
1
1
1
1
1
1
1
1
1
1
1
0.999996
0.999983
0.999955
0.999907
0.999852
0.999805
0.999786
0.999805
0.999863
0.999917
0.999964
0.999987
0.999996
0.999998
0.999999
0.999999
1
1
1
0.999999
0.999996
0.999992
0.999993
0.999995
0.999997
0.999998
0.999999
1
1
1
1
1
1
1
1
1
1
1
1
1
1
1
1
1
1
1
1
1
1
1
0.999999
0.999999
0.999999
0.999998
0.999987
0.999962
0.999954
0.999953
0.999949
0.999943
0.999941
0.999941
0.999943
0.999941
0.999932
0.999926
0.999917
0.999834
0.99946
0.998003
0.993584
0.990103
0.988247
0.987829
1
1
1
1
1
1
1
1
1
1
1
1
1
1
1
1
1
1
1
1
1
1
1
1
1
1
1
1
1
1
1
1
1
1
1
1
1
1
1
1
1
1
1
1
1
1
1
1
1
1
1
1
1
1
1
1
1
1
1
1
1
1
1
1
1
1
1
1
1
1
1
1
1
1
1
1
1
1
1
1
1
1
1
1
1
1
1
1
1
1
1
1
1
1
1
1
1
1
1
1
1
1
1
1
1
1
0.999998
0.999993
0.99999
0.999987
0.999985
0.999984
0.999982
0.999984
0.99999
0.999995
0.999998
0.999999
1
1
1
1
1
1
0.999998
0.999994
0.999992
0.999991
0.999992
0.999993
0.999993
0.999993
0.999993
0.999993
0.999993
0.999993
0.999992
0.999991
0.99999
0.999988
0.999986
0.999984
0.999982
0.999981
0.99998
0.999979
0.999979
0.99998
0.999982
0.999986
0.999989
0.99999
0.99999
0.999988
0.999981
0.999953
0.999922
0.99991
0.999909
0.999913
0.999925
0.999932
0.999935
0.999936
0.999937
0.999937
0.999938
0.999937
0.999929
0.999893
0.999791
0.999586
0.999177
0.99823
0.995794
0.992596
0.990328
0.989078
0.98788
0.987837
0.973927
0.974527
0.974391
0.973573
0.972185
0.970528
0.968957
0.967875
0.96745
0.967743
0.970079
0.973381
0.975602
0.977833
0.979695
0.980292
0.98081
0.982065
0.9827
0.983153
0.983191
0.979174
0.959203
0.951562
0.954175
0.984083
0.984691
0.985363
0.98609
0.986437
0.98582
0.983485
0.978544
0.971376
0.965136
0.962907
0.963235
0.964823
0.966391
0.968692
0.96918
0.969997
0.974333
0.978068
0.978614
0.980752
0.980261
0.970742
0.959748
0.960264
0.975816
0.976401
0.979795
0.983971
0.987343
0.989092
0.989663
0.989569
0.987908
0.9796
0.967774
0.963155
0.962441
0.962856
0.963894
0.964091
0.964149
0.964783
0.96693
0.967554
0.970683
0.976788
0.975214
0.968294
0.968329
0.951815
0.953107
0.956996
0.965196
0.977132
0.985301
0.989017
0.990132
0.990172
0.988858
0.979906
0.96738
0.962872
0.962179
0.962583
0.963333
0.963687
0.963823
0.963934
0.964345
0.966336
0.973202
0.974744
0.97251
0.972131
0.944224
0.946176
0.948527
0.95129
0.958089
0.973657
0.984323
0.988971
0.990254
0.990141
0.987379
0.974566
0.964767
0.961975
0.961791
0.962499
0.963604
0.964141
0.964307
0.964755
0.967301
0.973421
0.974987
0.974273
0.973783
0.941933
0.944736
0.947521
0.949442
0.951989
0.959304
0.975622
0.985447
0.989472
0.990252
0.989428
0.981922
0.968129
0.962346
0.961153
0.961549
0.963565
0.965131
0.965653
0.966521
0.971606
0.975885
0.976086
0.975313
0.974708
0.939769
0.943924
0.947493
0.949573
0.951396
0.954864
0.965955
0.980227
0.98762
0.990032
0.989961
0.986377
0.972605
0.963444
0.96082
0.960852
0.962808
0.965969
0.967824
0.971404
0.981255
0.982911
0.980783
0.976906
0.975624
0.936915
0.942485
0.948211
0.951321
0.9524
0.954528
0.960175
0.974726
0.985094
0.989472
0.990082
0.988308
0.977368
0.965293
0.961087
0.960625
0.961731
0.966459
0.975011
0.982674
0.987626
0.988364
0.986753
0.9807
0.97741
0.936206
0.941639
0.949265
0.954608
0.955786
0.956288
0.959044
0.969637
0.982368
0.988642
0.990093
0.989185
0.981343
0.967734
0.961772
0.960863
0.962259
0.970308
0.981309
0.986601
0.988651
0.98966
0.989224
0.985815
0.979379
0.936245
0.941913
0.949923
0.9576
0.960261
0.960114
0.960475
0.965922
0.979606
0.987656
0.990008
0.989596
0.98425
0.970324
0.96295
0.961708
0.963257
0.972147
0.983087
0.987086
0.987593
0.988707
0.989359
0.988127
0.982285
0.937595
0.94525
0.952269
0.959988
0.964015
0.964137
0.963703
0.965671
0.976579
0.986581
0.989849
0.98975
0.985813
0.972649
0.964526
0.963131
0.964606
0.97347
0.983297
0.985722
0.985844
0.986362
0.988736
0.988726
0.984766
0.939369
0.950653
0.958093
0.964011
0.967365
0.967585
0.966995
0.967454
0.974399
0.98557
0.989688
0.989798
0.986565
0.974325
0.966033
0.964564
0.966009
0.974566
0.982576
0.984545
0.985008
0.985399
0.987513
0.988688
0.986158
0.941908
0.954551
0.963711
0.969304
0.97117
0.970995
0.969992
0.969892
0.973821
0.984791
0.9896
0.989875
0.986947
0.97539
0.967351
0.965912
0.967338
0.975366
0.981793
0.98392
0.984844
0.985139
0.986361
0.988502
0.986923
0.947405
0.959644
0.967765
0.972979
0.97442
0.974179
0.972821
0.972335
0.974505
0.984076
0.989583
0.990011
0.987174
0.97603
0.968465
0.96713
0.968557
0.976108
0.981659
0.983709
0.984861
0.985123
0.985739
0.98805
0.987293
0.953602
0.966515
0.973003
0.975616
0.976432
0.976284
0.975172
0.974525
0.975782
0.983678
0.98964
0.990199
0.987341
0.976434
0.969423
0.968227
0.969709
0.977007
0.981865
0.983655
0.985081
0.985321
0.985596
0.987525
0.987337
0.95877
0.970939
0.976348
0.977847
0.977778
0.97737
0.976492
0.976195
0.977098
0.98367
0.989762
0.990398
0.987424
0.976652
0.970225
0.96921
0.970882
0.978186
0.982353
0.983693
0.985377
0.985673
0.985694
0.987081
0.987277
0.965143
0.974246
0.977982
0.978837
0.978694
0.977868
0.977288
0.977277
0.978186
0.98407
0.989999
0.990622
0.987435
0.97676
0.970959
0.970174
0.97225
0.979595
0.982927
0.983847
0.985726
0.98606
0.985872
0.986761
0.987141
0.970915
0.978158
0.979998
0.980011
0.979533
0.9782
0.977773
0.9779
0.979128
0.985016
0.990431
0.99092
0.987403
0.976825
0.97165
0.971135
0.97395
0.980927
0.983339
0.984102
0.986058
0.986554
0.986152
0.986592
0.986998
0.97481
0.980547
0.981646
0.981418
0.98004
0.978584
0.978207
0.97851
0.980299
0.986522
0.991062
0.991319
0.987365
0.976922
0.972338
0.972127
0.975974
0.981932
0.983584
0.984339
0.986495
0.987149
0.986547
0.986614
0.986877
0.978627
0.98228
0.982852
0.981966
0.980018
0.978869
0.978772
0.979513
0.982334
0.988255
0.991733
0.991761
0.987313
0.977074
0.973023
0.97314
0.977983
0.982656
0.983732
0.984575
0.986985
0.987732
0.987029
0.986683
0.986793
0.982145
0.984392
0.983999
0.982047
0.980098
0.979292
0.979461
0.981348
0.985595
0.989984
0.992437
0.992225
0.98718
0.977198
0.973648
0.974214
0.979808
0.983128
0.983849
0.984843
0.987423
0.988238
0.987598
0.986827
0.986755
0.984948
0.985626
0.984481
0.981862
0.980257
0.979833
0.980455
0.984514
0.988663
0.991774
0.99324
0.992761
0.986994
0.977213
0.974202
0.975452
0.981313
0.98339
0.983927
0.985136
0.987812
0.988626
0.988148
0.987028
0.986739
0.986572
0.986609
0.984644
0.98211
0.980942
0.980748
0.982108
0.988008
0.99179
0.993583
0.994094
0.993324
0.986695
0.977153
0.974764
0.976993
0.982342
0.983497
0.983954
0.985472
0.988146
0.988935
0.98859
0.987305
0.986751
0.988394
0.987858
0.984967
0.983165
0.982338
0.982368
0.984927
0.991374
0.994446
0.995141
0.995068
0.993906
0.986282
0.97711
0.975389
0.978717
0.982902
0.983516
0.983942
0.985832
0.988439
0.989174
0.988914
0.987612
0.986783
0.99022
0.989068
0.986401
0.985457
0.985001
0.985465
0.989392
0.993716
0.995866
0.996177
0.995975
0.99443
0.985832
0.977185
0.976232
0.980362
0.983207
0.983452
0.983872
0.98619
0.988678
0.989357
0.989162
0.987934
0.986836
0.991912
0.990528
0.989234
0.98929
0.989497
0.990916
0.994064
0.995376
0.996483
0.996788
0.99658
0.994801
0.985472
0.977506
0.977227
0.981717
0.983318
0.983296
0.983766
0.986552
0.988878
0.989486
0.98934
0.988223
0.9869
0.994065
0.993227
0.99322
0.994143
0.995388
0.995855
0.996057
0.996163
0.996628
0.997112
0.996961
0.995049
0.985247
0.977957
0.978388
0.982785
0.983299
0.983045
0.983668
0.986875
0.989045
0.989581
0.98947
0.98849
0.986975
0.996621
0.996931
0.997246
0.997939
0.998112
0.997669
0.996737
0.996435
0.99659
0.997239
0.997174
0.995167
0.985168
0.978795
0.980008
0.983509
0.983185
0.982705
0.983537
0.987178
0.989202
0.98965
0.989567
0.988752
0.987054
0.998811
0.99898
0.99915
0.999251
0.999071
0.998194
0.996884
0.996453
0.996579
0.99729
0.997277
0.995189
0.985458
0.980456
0.982111
0.98403
0.982886
0.982322
0.983385
0.987482
0.989362
0.989701
0.98963
0.988963
0.987149
0.99955
0.999652
0.999694
0.999627
0.999287
0.99819
0.996704
0.996262
0.996494
0.997373
0.99736
0.995239
0.986468
0.982581
0.984002
0.984443
0.982403
0.981919
0.98324
0.987767
0.989505
0.989732
0.989665
0.989108
0.987264
0.99983
0.999869
0.999852
0.999714
0.999211
0.997614
0.996147
0.995901
0.996426
0.997495
0.997474
0.995522
0.988056
0.984692
0.985615
0.984853
0.981887
0.981564
0.983093
0.987921
0.989609
0.989745
0.989671
0.989194
0.987361
0.999933
0.999936
0.999893
0.999672
0.998631
0.996443
0.995552
0.99559
0.996625
0.997684
0.997646
0.996122
0.989929
0.986938
0.987244
0.985051
0.981639
0.981276
0.982933
0.98799
0.989712
0.989747
0.989659
0.989247
0.987453
0.999967
0.999958
0.999884
0.999408
0.997341
0.995461
0.99504
0.995305
0.996956
0.997925
0.997864
0.996683
0.991831
0.989447
0.988769
0.984983
0.981596
0.981072
0.982776
0.988009
0.989873
0.989724
0.989588
0.989237
0.987508
0.99998
0.99996
0.999789
0.99881
0.995926
0.994574
0.994474
0.995121
0.997359
0.998185
0.998109
0.997269
0.993802
0.991847
0.989778
0.985342
0.981749
0.980869
0.982552
0.987975
0.990035
0.989636
0.989386
0.989193
0.987557
0.999984
0.999934
0.999572
0.997592
0.994684
0.993933
0.994065
0.995375
0.99783
0.998462
0.998383
0.997838
0.995698
0.993813
0.990444
0.98617
0.982208
0.980723
0.982288
0.987814
0.990072
0.989562
0.989146
0.989096
0.987596
0.999979
0.999869
0.999139
0.996045
0.993658
0.993418
0.993834
0.995953
0.998273
0.998739
0.998666
0.998337
0.997164
0.995273
0.991177
0.987145
0.982983
0.980677
0.981991
0.987529
0.990068
0.989498
0.989019
0.988986
0.987628
0.999963
0.999732
0.998341
0.994459
0.992687
0.992693
0.993663
0.996745
0.998693
0.99901
0.99895
0.998758
0.998056
0.996292
0.991804
0.988097
0.984015
0.980753
0.981691
0.987081
0.989997
0.989481
0.988995
0.98889
0.987642
0.999926
0.999459
0.997028
0.993038
0.9914
0.991595
0.993548
0.997297
0.999007
0.99927
0.999231
0.999109
0.998602
0.996852
0.99222
0.988926
0.985175
0.981032
0.981418
0.986393
0.989789
0.989566
0.989033
0.988819
0.987633
0.99985
0.998918
0.995528
0.991476
0.989687
0.989985
0.993201
0.997485
0.99921
0.999491
0.999474
0.999378
0.998926
0.997056
0.992425
0.98954
0.986323
0.981578
0.981052
0.985317
0.989357
0.989965
0.989143
0.988788
0.987613
0.999698
0.997858
0.994079
0.989632
0.987724
0.988885
0.992878
0.99749
0.999276
0.999619
0.999622
0.999534
0.99907
0.997073
0.99242
0.989693
0.987297
0.982474
0.980666
0.983777
0.988603
0.990434
0.989438
0.988789
0.987613
0.999399
0.996316
0.992527
0.987445
0.986286
0.98873
0.993054
0.997387
0.999258
0.999645
0.999668
0.999581
0.999093
0.996942
0.992273
0.989583
0.987684
0.98365
0.980639
0.981844
0.987395
0.990579
0.990062
0.988803
0.987662
0.998821
0.994618
0.990301
0.985856
0.985546
0.990144
0.993477
0.997042
0.99911
0.99961
0.99966
0.999576
0.999063
0.996509
0.991971
0.989453
0.987736
0.984884
0.980901
0.980637
0.985721
0.990614
0.99033
0.988792
0.987741
0.9978
0.992526
0.988442
0.984915
0.984934
0.990881
0.994406
0.99656
0.998641
0.999421
0.999584
0.999522
0.998925
0.995821
0.991708
0.989394
0.987657
0.98567
0.981654
0.980404
0.984179
0.990586
0.990413
0.988792
0.987876
0.9962
0.990419
0.987522
0.984334
0.984755
0.991345
0.995619
0.996626
0.997981
0.998866
0.9993
0.999319
0.998596
0.995298
0.991513
0.989356
0.987633
0.985835
0.982894
0.980545
0.983543
0.990447
0.990438
0.988921
0.988162
0.9941
0.988785
0.986764
0.984155
0.984829
0.991823
0.996171
0.996842
0.997716
0.998473
0.99893
0.99898
0.998213
0.994774
0.991172
0.98916
0.987702
0.985854
0.984173
0.981284
0.983304
0.990209
0.99039
0.989539
0.988878
0.991734
0.987529
0.98624
0.984112
0.985168
0.991957
0.996283
0.997043
0.997677
0.998257
0.99857
0.998565
0.997532
0.993965
0.990694
0.9887
0.987731
0.985975
0.98452
0.982712
0.983031
0.98983
0.990156
0.99025
0.989655
0.989439
0.98652
0.985727
0.984137
0.985434
0.991416
0.995977
0.997119
0.99757
0.997846
0.997908
0.997746
0.996327
0.993103
0.989975
0.988169
0.987524
0.986373
0.984588
0.98369
0.982468
0.98912
0.989591
0.990456
0.990114
0.9876
0.98574
0.985321
0.984143
0.985595
0.990812
0.995329
0.996842
0.997176
0.996936
0.996551
0.996337
0.994982
0.991877
0.98902
0.987752
0.987416
0.986706
0.984654
0.983852
0.981838
0.987471
0.988176
0.990411
0.990246
0.986168
0.985102
0.984939
0.984095
0.985671
0.990241
0.994366
0.996003
0.996172
0.994776
0.993849
0.993958
0.992914
0.990144
0.988209
0.987566
0.987471
0.987041
0.984744
0.983852
0.981335
0.983955
0.984835
0.989893
0.9902
0.985013
0.984554
0.984571
0.983981
0.985683
0.98985
0.993018
0.994435
0.994289
0.991656
0.990757
0.991046
0.990403
0.988783
0.987943
0.987727
0.987777
0.987448
0.984798
0.983734
0.981212
0.980873
0.981336
0.987303
0.989687
0.984213
0.984115
0.984283
0.98386
0.98554
0.989513
0.991751
0.992689
0.991829
0.989415
0.988802
0.989021
0.988844
0.988434
0.988381
0.988478
0.98853
0.98807
0.984951
0.983476
0.981342
0.979638
0.980011
0.982375
0.987124
0.98369
0.983727
0.984006
0.983779
0.985056
0.98873
0.99044
0.991114
0.989438
0.98815
0.988135
0.988499
0.988673
0.989124
0.989803
0.98973
0.989396
0.988539
0.98518
0.983331
0.982316
0.979458
0.97987
0.980435
0.982359
0.983457
0.983507
0.983761
0.983727
0.984396
0.987581
0.989099
0.989601
0.98823
0.987687
0.98829
0.989139
0.989857
0.990711
0.990699
0.990065
0.989644
0.988822
0.985519
0.983318
0.983092
0.980288
0.980871
0.980552
0.980372
0.983505
0.983448
0.98344
0.983695
0.984174
0.985938
0.987892
0.988465
0.987265
0.987584
0.989587
0.990742
0.991108
0.991119
0.990583
0.989941
0.989676
0.989006
0.985703
0.98329
0.983521
0.983258
0.983464
0.982862
0.980453
0.984038
0.983194
0.983082
0.984177
0.98432
0.984852
0.985707
0.986223
0.986109
0.988313
0.991117
0.99135
0.991224
0.990694
0.99011
0.989921
0.989805
0.989225
0.985777
0.983002
0.983393
0.984096
0.984161
0.984191
0.982557
0.985391
0.983476
0.983524
0.986055
0.986543
0.985581
0.98507
0.985333
0.987392
0.992704
0.993197
0.992201
0.991265
0.990814
0.990751
0.990791
0.990743
0.989471
0.984606
0.981896
0.981305
0.983137
0.983758
0.984126
0.983962
0.98688
0.986015
0.986242
0.989464
0.990799
0.990056
0.989632
0.992671
0.99549
0.995694
0.994998
0.993774
0.992751
0.991449
0.989077
0.986046
0.983542
0.981753
0.980556
0.978994
0.977607
0.977497
0.977558
0.978766
0.979611
)
;

boundaryField
{
    inlet
    {
        type            fixedValue;
        value           uniform 1;
    }
    outlet
    {
        type            inletOutlet;
        inletValue      uniform 0;
        value           nonuniform List<scalar> 
57
(
0.954175
0.960264
0.968329
0.972131
0.973783
0.974708
0.975624
0.97741
0.979379
0.982285
0.984766
0.986158
0.986923
0.987293
0.987337
0.987277
0.987141
0.986998
0.986877
0.986793
0.986755
0.986739
0.986751
0.986783
0.986836
0.9869
0.986975
0.987054
0.987149
0.987264
0.987361
0.987453
0.987508
0.987557
0.987596
0.987628
0.987642
0.987633
0.987613
0.987613
0.987662
0.987741
0.987876
0.988162
0.988878
0.989655
0.990114
0.990246
0.9902
0.989687
0.987124
0.982359
0.980372
0.980453
0.982557
0.983962
0.979611
)
;
    }
    upperWall
    {
        type            zeroGradient;
    }
    lowerWall
    {
        type            zeroGradient;
    }
    frontAndBack
    {
        type            empty;
    }
}


// ************************************************************************* //
