/*--------------------------------*- C++ -*----------------------------------*\
| =========                 |                                                 |
| \\      /  F ield         | OpenFOAM: The Open Source CFD Toolbox           |
|  \\    /   O peration     | Version:  2112                                  |
|   \\  /    A nd           | Website:  www.openfoam.com                      |
|    \\/     M anipulation  |                                                 |
\*---------------------------------------------------------------------------*/
FoamFile
{
    version     2.0;
    format      ascii;
    arch        "LSB;label=32;scalar=64";
    class       volScalarField;
    location    "0.07";
    object      s;
}
// * * * * * * * * * * * * * * * * * * * * * * * * * * * * * * * * * * * * * //

dimensions      [0 0 0 0 0 0 0];

internalField   nonuniform List<scalar> 
12225
(
1
1
1
1
1
1
1
1
1
1
1
1
1
1
1
1
1
1
1
1
1
1
1
1
1
1
1
1
1
1
1
1
1
1
1
1
1
1
1
1
1
1
1
1
1
1
1
1
1
1
1
1
1
1
1
1
1
1
1
1
1
1
1
1
1
1
1
1
1
1
1
1
1
1
1
1
1
1
1
1
1
1
1
1
1
1
1
1
1
1
1
1
1
1
1
1
1
1
1
1
1
1
1
1
1
1
1
1
1
1
1
1
1
1
1
1
1
1
1
1
1
1
1
1
1
1
1
1
1
1
1
1
1
1
1
1
1
1
1
1
1
1
1
1
1
1
1
1
1
1
1
1
1
1
1
1
1
1
1
1
1
1
1
1
1
1
1
1
1
1
1
1
1
1
1
1
1
1
1
1
1
1
1
1
1
1
1
1
1
1
1
1
1
1
1
1
1
1
1
1
1
1
1
1
1
1
1
1
1
1
1
1
1
1
1
1
1
1
1
1
1
1
1
1
1
1
1
1
1
1
1
1
1
1
1
1
1
1
1
1
1
1
1
1
1
1
1
1
1
1
1
1
1
1
1
1
1
1
1
1
1
1
1
1
1
1
1
1
1
1
1
1
1
1
1
1
1
1
1
1
1
1
1
1
1
1
1
1
1
1
1
1
1
1
1
1
1
1
1
1
1
1
1
1
1
1
1
1
1
1
1
1
1
1
1
1
1
1
1
1
1
1
1
1
1
1
1
1
1
1
1
1
1
1
1
1
1
1
1
1
1
1
1
1
1
1
1
1
1
1
1
1
1
1
1
1
1
1
1
1
1
1
1
1
1
1
1
1
1
1
1
1
1
1
1
1
1
1
1
1
1
1
1
1
1
1
1
1
1
1
1
1
1
1
1
1
1
1
1
1
1
1
1
1
1
1
1
1
1
1
1
1
1
1
1
1
1
1
1
1
1
1
1
1
1
1
1
1
1
1
1
1
1
1
1
1
1
1
1
1
1
1
1
1
1
1
1
1
1
1
1
1
1
1
1
1
1
1
1
1
1
1
1
1
1
1
1
1
1
1
1
1
1
1
1
1
1
1
1
1
1
1
1
1
1
1
1
1
1
1
1
1
1
1
1
1
1
1
1
1
1
1
1
1
1
1
1
1
1
1
1
1
1
1
1
1
1
1
1
1
1
1
1
1
1
1
1
1
1
1
1
1
1
1
1
1
1
1
1
1
0.741263
0.766583
0.768558
0.768636
0.767711
0.765779
0.76503
0.763156
0.76216
0.759283
0.757966
0.758235
0.758408
0.75825
0.757681
0.757128
0.756498
0.755951
0.755003
0.754205
0.753112
0.751575
0.749583
0.747537
0.745063
0.739177
0.735375
0.735027
0.70046
0.670276
0.670298
0.673511
0.679645
0.68394
0.685799
0.684789
0.683733
0.684261
0.686993
0.694354
0.736561
0.852187
0.853428
0.828424
0.817397
0.811058
0.80904
0.808189
0.807665
0.807192
0.806966
0.806721
0.806351
0.806052
0.805796
0.805265
0.803937
0.80159
0.799036
0.795843
0.7923
0.789037
0.785702
0.782953
0.780622
0.778973
0.777624
0.7766
0.775337
0.774115
0.772826
0.771639
0.770527
0.769299
0.768051
0.765984
0.761268
0.751892
0.744225
0.743004
0.743352
0.745896
0.751968
0.761588
0.771883
0.780305
0.789111
0.800626
0.810868
0.817444
0.824338
0.831727
0.834232
0.837641
0.838732
0.836394
0.826126
0.818346
0.817347
0.817842
0.819332
0.823055
0.826884
0.82553
0.813923
0.803798
0.802104
0.801937
0.802119
0.802916
0.80454
0.80688
0.809454
0.811681
0.813522
0.816049
0.819666
0.823854
0.827177
0.830189
0.833159
0.836242
0.838678
0.839856
0.84025
0.83895
0.836824
0.835456
0.834654
0.833965
0.833598
0.833676
0.834119
0.834817
0.835657
0.83639
0.836757
0.836722
0.835758
0.830402
0.825794
0.824875
0.825376
0.82857
0.835482
0.842712
0.849646
0.855507
0.859833
0.862594
0.864066
0.864645
0.864738
0.864603
0.863771
0.860828
0.85759
0.855703
0.854976
0.85492
0.855305
0.857727
0.868367
0.893636
0.917542
0.935918
0.94549
0.948023
0.948564
0.949846
0.952698
0.95311
0.951162
0.940824
0.907018
0.860782
0.73775
0.45751
0.373557
0.427736
0.713963
0.735583
0.762201
0.755588
0.747477
0.737288
0.734087
0.730016
0.732876
0.739249
0.747144
0.757413
0.765486
0.77342
0.78452
0.794058
0.800606
0.808131
0.811198
0.810897
0.809141
0.80504
0.796097
0.784743
0.772086
0.758232
0.74481
0.740485
0.732274
0.714746
0.707152
0.700774
0.699359
0.711979
0.720513
0.720384
0.712444
0.7029
0.791151
0.848283
0.843072
0.847432
0.833844
0.828052
0.826096
0.828084
0.836289
0.84324
0.847444
0.851691
0.853737
0.854698
0.854886
0.853237
0.849277
0.84411
0.836007
0.827967
0.818942
0.807616
0.796806
0.787402
0.780404
0.777911
0.776997
0.776506
0.775875
0.774703
0.772764
0.770151
0.767178
0.765102
0.764239
0.763259
0.760588
0.757127
0.756736
0.759821
0.767698
0.775914
0.783255
0.795919
0.820148
0.838351
0.842415
0.842912
0.842295
0.840558
0.838641
0.837307
0.83571
0.832341
0.8273
0.823081
0.821669
0.821482
0.821997
0.825637
0.828725
0.828876
0.82766
0.824525
0.820555
0.81288
0.79448
0.774963
0.767467
0.764091
0.762744
0.762425
0.763617
0.767966
0.772899
0.776745
0.782363
0.789836
0.796166
0.802681
0.811739
0.820975
0.830969
0.840597
0.850629
0.861047
0.870222
0.878091
0.882739
0.882916
0.878177
0.870671
0.861434
0.852802
0.846271
0.843737
0.843298
0.843809
0.844555
0.845537
0.849183
0.852978
0.852345
0.843062
0.824363
0.813504
0.808841
0.807441
0.80736
0.808222
0.812321
0.821296
0.831136
0.840363
0.846879
0.849909
0.850515
0.850388
0.849687
0.849348
0.849445
0.850144
0.852119
0.855583
0.863542
0.886888
0.916375
0.940207
0.953331
0.956832
0.957329
0.957661
0.95912
0.960479
0.960292
0.956307
0.939816
0.908043
0.874978
0.78012
0.624943
0.588986
0.706031
0.761913
0.745235
0.699448
0.668412
0.651529
0.657499
0.675375
0.704351
0.730778
0.767122
0.803327
0.839591
0.866351
0.88197
0.890863
0.896704
0.900468
0.902159
0.901981
0.900887
0.897995
0.892908
0.881097
0.864377
0.841226
0.792956
0.762426
0.746753
0.732358
0.72389
0.722169
0.724047
0.727294
0.739763
0.75301
0.835549
0.841048
0.85387
0.853734
0.849041
0.84847
0.846199
0.857602
0.873935
0.884404
0.891981
0.894789
0.896019
0.896373
0.895666
0.892862
0.889787
0.884921
0.877999
0.870309
0.859626
0.846861
0.83282
0.816276
0.799348
0.785018
0.776341
0.772419
0.770044
0.768075
0.766232
0.764036
0.761576
0.76076
0.760656
0.760865
0.76179
0.76416
0.769673
0.78254
0.806256
0.833227
0.843701
0.847699
0.850124
0.853252
0.854175
0.853952
0.851759
0.847036
0.839596
0.830009
0.821608
0.817704
0.815995
0.815569
0.815757
0.816466
0.818819
0.824414
0.831116
0.83275
0.832383
0.828507
0.820572
0.81152
0.799276
0.776859
0.752724
0.743472
0.739963
0.738783
0.738487
0.738626
0.740028
0.741241
0.741696
0.742622
0.744315
0.745425
0.747325
0.750639
0.754827
0.760865
0.769591
0.782071
0.797394
0.817285
0.842215
0.870103
0.894137
0.912206
0.923655
0.931591
0.936814
0.937073
0.931231
0.920013
0.912099
0.906869
0.898347
0.878086
0.850699
0.845247
0.858206
0.873702
0.873323
0.861951
0.83702
0.823649
0.817178
0.813724
0.811387
0.809852
0.809172
0.809025
0.809226
0.81105
0.817453
0.823586
0.827409
0.830044
0.833536
0.840675
0.859188
0.881572
0.898809
0.914081
0.932128
0.948024
0.954277
0.95399
0.95143
0.951288
0.954283
0.959821
0.96179
0.961586
0.958858
0.949049
0.923168
0.88802
0.831181
0.796384
0.750598
0.737938
0.66835
0.613364
0.6069
0.615065
0.638021
0.675687
0.74087
0.818566
0.867975
0.890979
0.900709
0.906352
0.908504
0.908542
0.908066
0.907263
0.906935
0.906108
0.903893
0.901625
0.900222
0.898055
0.894522
0.8872
0.870227
0.82197
0.777529
0.753305
0.736685
0.729848
0.72889
0.729842
0.792268
0.853898
0.861527
0.862103
0.862192
0.860861
0.861699
0.872594
0.89269
0.90371
0.910629
0.914151
0.916495
0.917635
0.918708
0.92
0.921292
0.92227
0.922616
0.922601
0.92097
0.916682
0.909495
0.898221
0.8816
0.858623
0.832153
0.806602
0.784853
0.772259
0.766627
0.763558
0.761255
0.760496
0.760393
0.760629
0.761789
0.764612
0.770054
0.779777
0.795855
0.818815
0.845391
0.857265
0.861058
0.862991
0.865818
0.867501
0.867588
0.865459
0.858981
0.848928
0.836359
0.820735
0.809665
0.806933
0.806682
0.807189
0.808601
0.811214
0.816133
0.825258
0.835088
0.837206
0.836208
0.829172
0.813492
0.791462
0.769222
0.748469
0.73589
0.731756
0.730469
0.730185
0.730178
0.73071
0.731596
0.731913
0.732211
0.733068
0.734061
0.734714
0.73569
0.736929
0.738339
0.740364
0.743167
0.747153
0.752459
0.75902
0.768757
0.785153
0.815691
0.861189
0.906494
0.929294
0.9449
0.956459
0.965302
0.970083
0.970755
0.96995
0.966206
0.954824
0.923294
0.860625
0.840561
0.846487
0.878013
0.895505
0.8956
0.885249
0.862324
0.850353
0.845948
0.845132
0.845199
0.845176
0.844806
0.845018
0.845946
0.848288
0.85259
0.859613
0.875879
0.904898
0.929166
0.940614
0.941494
0.941204
0.944354
0.951633
0.953161
0.949983
0.94752
0.947662
0.950057
0.957612
0.96329
0.964586
0.964268
0.961787
0.953201
0.927081
0.886464
0.864967
0.731345
0.660273
0.595191
0.591498
0.599719
0.627224
0.687025
0.798959
0.868002
0.893756
0.902264
0.905284
0.904746
0.902385
0.897601
0.887735
0.879191
0.872575
0.86304
0.860487
0.861705
0.865253
0.873259
0.884998
0.890225
0.889605
0.885564
0.868707
0.818432
0.765244
0.738285
0.729913
0.729396
0.778771
0.860785
0.870899
0.871402
0.870994
0.873225
0.880871
0.897769
0.913633
0.921537
0.928089
0.931783
0.934008
0.936965
0.939058
0.942134
0.94477
0.947693
0.949944
0.951855
0.953411
0.954279
0.954482
0.953641
0.949596
0.942174
0.929773
0.909785
0.878957
0.841146
0.804278
0.781147
0.770768
0.765772
0.763816
0.763267
0.763296
0.764636
0.768455
0.775125
0.785019
0.799258
0.819541
0.846415
0.865909
0.872333
0.875302
0.877026
0.87759
0.877592
0.8765
0.872849
0.865373
0.853481
0.835496
0.811969
0.802224
0.800241
0.800181
0.801173
0.803811
0.808943
0.818401
0.833554
0.841876
0.842521
0.837033
0.819833
0.793511
0.762813
0.737882
0.729739
0.727532
0.727077
0.727071
0.727524
0.728625
0.729865
0.730716
0.7316
0.732767
0.733912
0.73474
0.735387
0.736129
0.737072
0.738421
0.740305
0.743044
0.747335
0.752159
0.756886
0.763414
0.773763
0.792867
0.836054
0.886245
0.921539
0.946352
0.964067
0.975039
0.979976
0.980794
0.978986
0.966124
0.947527
0.911166
0.85454
0.839099
0.847483
0.884027
0.908438
0.912089
0.907221
0.88504
0.869424
0.865735
0.866499
0.873822
0.892049
0.90732
0.920328
0.932385
0.944823
0.957839
0.969399
0.976857
0.979414
0.97897
0.97319
0.959234
0.954092
0.953823
0.951938
0.947707
0.946665
0.947031
0.949383
0.956481
0.963781
0.967082
0.967424
0.966834
0.96383
0.953599
0.920994
0.891248
0.615713
0.582597
0.579073
0.592466
0.642632
0.750388
0.86412
0.900199
0.907652
0.906752
0.902977
0.894497
0.881354
0.863847
0.846283
0.831684
0.819286
0.809728
0.807094
0.807858
0.810595
0.817706
0.825086
0.839418
0.86487
0.882072
0.883331
0.871003
0.815735
0.760023
0.734188
0.728646
0.74619
0.852794
0.881418
0.884147
0.884757
0.887938
0.896922
0.911653
0.925623
0.933645
0.939923
0.944056
0.94673
0.94973
0.952443
0.954487
0.957772
0.95953
0.962047
0.963288
0.965109
0.966454
0.967456
0.967806
0.967877
0.967382
0.965613
0.9626
0.95764
0.948972
0.934331
0.910741
0.874622
0.83166
0.801704
0.78749
0.779627
0.776029
0.774775
0.77459
0.776171
0.782006
0.793028
0.810616
0.837336
0.866182
0.876077
0.87882
0.879594
0.879803
0.879875
0.879909
0.879729
0.878238
0.874068
0.86557
0.848104
0.818697
0.801091
0.797044
0.796517
0.797011
0.799752
0.806698
0.820542
0.841384
0.849118
0.848499
0.836773
0.808065
0.770894
0.740272
0.729632
0.726682
0.726146
0.726226
0.727044
0.728759
0.730905
0.733383
0.736192
0.739133
0.741033
0.741787
0.741628
0.739616
0.7388
0.738633
0.740034
0.742241
0.74631
0.751739
0.756189
0.761298
0.768414
0.779745
0.804838
0.857016
0.904632
0.939586
0.961799
0.975921
0.983238
0.985107
0.984108
0.971298
0.937802
0.92121
0.87912
0.840809
0.835174
0.849682
0.894625
0.919518
0.924284
0.920392
0.900075
0.884447
0.881336
0.883239
0.896357
0.925489
0.949166
0.9666
0.97841
0.985695
0.989642
0.991265
0.991504
0.990832
0.985912
0.97098
0.961329
0.955898
0.950479
0.947196
0.946694
0.947306
0.950813
0.958301
0.964722
0.969099
0.970422
0.970363
0.96931
0.964925
0.948873
0.912818
0.596292
0.56906
0.580784
0.653483
0.813658
0.900369
0.919614
0.916662
0.90884
0.894187
0.871799
0.850142
0.830579
0.813013
0.802115
0.79222
0.783038
0.78099
0.782136
0.785917
0.790794
0.795667
0.804353
0.826145
0.860374
0.879515
0.8806
0.863154
0.795966
0.739056
0.726852
0.735267
0.811538
0.884827
0.895828
0.897967
0.900238
0.90711
0.918284
0.930817
0.940874
0.947096
0.95205
0.954487
0.957277
0.96004
0.962214
0.96453
0.966547
0.968331
0.969665
0.970381
0.971297
0.971704
0.971901
0.971964
0.971965
0.971781
0.971491
0.971041
0.970171
0.968746
0.966052
0.961342
0.953147
0.939663
0.918845
0.889221
0.855583
0.834739
0.823381
0.816983
0.814378
0.813531
0.813888
0.820443
0.837971
0.864373
0.87497
0.87727
0.877632
0.877651
0.877811
0.878886
0.880454
0.88085
0.880703
0.879152
0.874987
0.864515
0.842147
0.810294
0.797981
0.795397
0.7952
0.796917
0.803916
0.821082
0.847434
0.856511
0.855191
0.838389
0.799725
0.753794
0.732796
0.727182
0.726109
0.726099
0.727052
0.729699
0.73464
0.742155
0.751776
0.760148
0.764778
0.766439
0.763082
0.75471
0.746437
0.742922
0.741786
0.742338
0.746101
0.753352
0.759513
0.762956
0.768236
0.777558
0.795305
0.841325
0.896027
0.937704
0.964797
0.980046
0.986798
0.988373
0.987702
0.978737
0.928677
0.89996
0.886389
0.848598
0.829171
0.830426
0.857725
0.906587
0.927943
0.931185
0.926078
0.907485
0.898338
0.897764
0.902548
0.924878
0.953129
0.972008
0.983385
0.989465
0.99224
0.993161
0.993236
0.992773
0.989823
0.978509
0.966291
0.95742
0.950676
0.94776
0.947686
0.948741
0.953887
0.962281
0.966878
0.969981
0.971876
0.97227
0.972032
0.970367
0.963279
0.936494
0.594491
0.566177
0.614405
0.797903
0.907883
0.928769
0.925379
0.90996
0.877246
0.858392
0.841047
0.825236
0.804864
0.785129
0.762838
0.742076
0.739075
0.742126
0.749095
0.765443
0.78361
0.795867
0.810765
0.839028
0.866687
0.877318
0.872051
0.823537
0.738207
0.721387
0.73018
0.768876
0.872941
0.9024
0.907862
0.910021
0.91417
0.922355
0.932338
0.942415
0.951017
0.956359
0.959322
0.961578
0.964229
0.966144
0.968403
0.970203
0.971248
0.972017
0.972383
0.972544
0.972601
0.972591
0.972516
0.972491
0.972429
0.972332
0.972264
0.972201
0.972076
0.971936
0.971702
0.971243
0.970328
0.968589
0.965405
0.959873
0.951086
0.938352
0.921553
0.901773
0.88687
0.87854
0.873817
0.872374
0.872809
0.875824
0.876206
0.876415
0.876558
0.876605
0.87656
0.876778
0.878381
0.880481
0.881049
0.881124
0.880691
0.879272
0.875389
0.865387
0.84318
0.811843
0.797883
0.795154
0.795373
0.800382
0.818095
0.850164
0.862409
0.861981
0.843738
0.800034
0.749436
0.731
0.726706
0.726249
0.727672
0.733447
0.745356
0.762133
0.775385
0.784513
0.788382
0.789147
0.785034
0.7763
0.761374
0.75035
0.745916
0.745486
0.747121
0.755035
0.766096
0.771049
0.773744
0.77916
0.793519
0.832298
0.890721
0.936702
0.96776
0.984706
0.991042
0.99196
0.990925
0.982575
0.933032
0.872532
0.864994
0.853659
0.82763
0.821347
0.828707
0.872785
0.917993
0.933435
0.934232
0.926705
0.915537
0.913294
0.915075
0.927267
0.95377
0.972653
0.98392
0.989837
0.9925
0.993369
0.993437
0.993046
0.990921
0.982692
0.969895
0.959004
0.951428
0.949153
0.949344
0.951161
0.95788
0.965138
0.968501
0.970281
0.972023
0.973011
0.973137
0.972688
0.969733
0.955624
0.594248
0.568572
0.663357
0.869544
0.929194
0.931603
0.918357
0.878818
0.859251
0.845575
0.828358
0.801159
0.762224
0.718159
0.683375
0.684981
0.694621
0.723519
0.75283
0.771378
0.787458
0.803683
0.825969
0.84975
0.865801
0.862878
0.814638
0.732139
0.711072
0.722768
0.751083
0.850063
0.901911
0.914255
0.917645
0.919951
0.924723
0.932298
0.941301
0.950792
0.958233
0.96172
0.963916
0.966311
0.968234
0.96983
0.97159
0.972281
0.972581
0.972679
0.97268
0.972529
0.972387
0.972277
0.972229
0.972207
0.972198
0.972198
0.972207
0.972197
0.972153
0.972114
0.972066
0.972034
0.972015
0.971973
0.971864
0.971548
0.970783
0.969158
0.966272
0.961481
0.954164
0.943806
0.929226
0.91263
0.900864
0.892336
0.889398
0.888723
0.888728
0.888838
0.888052
0.885608
0.883866
0.883169
0.883016
0.882317
0.881195
0.880572
0.88038
0.879723
0.877177
0.868874
0.848053
0.815577
0.798984
0.795692
0.797487
0.811217
0.84703
0.865755
0.867763
0.852731
0.811493
0.753594
0.732504
0.727447
0.727471
0.731486
0.74309
0.760235
0.778972
0.789484
0.793634
0.793506
0.789667
0.781807
0.766945
0.755482
0.749844
0.749056
0.750564
0.756845
0.77049
0.778934
0.78349
0.787696
0.796965
0.830047
0.889895
0.937252
0.968967
0.98659
0.994002
0.995599
0.994921
0.987874
0.944003
0.861472
0.842395
0.840489
0.827198
0.815197
0.816229
0.837294
0.897132
0.930369
0.939258
0.938724
0.93293
0.930238
0.930925
0.937071
0.95712
0.974786
0.985243
0.990743
0.993201
0.993945
0.99395
0.9934
0.991162
0.98421
0.972384
0.960653
0.953087
0.951397
0.951948
0.955528
0.964057
0.968015
0.969607
0.970302
0.971395
0.97267
0.973257
0.973254
0.972287
0.965372
0.594365
0.581511
0.709727
0.900998
0.935909
0.930635
0.89538
0.867891
0.854603
0.83892
0.807151
0.75693
0.698442
0.645987
0.629309
0.639598
0.664769
0.68044
0.707391
0.739876
0.768221
0.793395
0.817363
0.833844
0.827589
0.774714
0.716887
0.698525
0.711446
0.738828
0.818319
0.895087
0.917052
0.922711
0.924825
0.927098
0.932054
0.93933
0.948065
0.956954
0.962333
0.964809
0.966905
0.969075
0.970393
0.971713
0.972471
0.97266
0.972692
0.972628
0.972408
0.972313
0.972291
0.972356
0.972461
0.972612
0.972725
0.972759
0.97276
0.972659
0.972467
0.972287
0.97208
0.971964
0.971923
0.971926
0.972016
0.972077
0.972161
0.972183
0.972168
0.971895
0.971204
0.969621
0.966788
0.9622
0.955771
0.947874
0.941272
0.938257
0.936733
0.936172
0.935019
0.931211
0.924794
0.91745
0.909917
0.901862
0.893871
0.886647
0.882548
0.880497
0.880352
0.879969
0.878753
0.870543
0.848288
0.815847
0.800297
0.798773
0.80597
0.836488
0.865708
0.870015
0.860495
0.829536
0.768318
0.739065
0.730207
0.730926
0.7347
0.746236
0.769331
0.782048
0.787386
0.789017
0.786607
0.778895
0.765689
0.756489
0.75338
0.75377
0.756366
0.765915
0.780196
0.787309
0.791107
0.795823
0.805609
0.834231
0.896708
0.943058
0.972338
0.988805
0.995945
0.997575
0.997025
0.990474
0.950016
0.856245
0.826416
0.825586
0.822227
0.810613
0.80923
0.819001
0.86971
0.923437
0.946145
0.952157
0.952449
0.952032
0.952396
0.955253
0.966856
0.98071
0.989119
0.993587
0.995566
0.996068
0.995963
0.994959
0.991519
0.983537
0.972778
0.961563
0.955138
0.954401
0.95584
0.962935
0.967549
0.969033
0.969533
0.969794
0.97008
0.970755
0.972394
0.973015
0.972801
0.969752
0.595376
0.598798
0.766395
0.921276
0.938133
0.92368
0.885917
0.865476
0.853407
0.832006
0.790027
0.728648
0.652946
0.599817
0.585914
0.585699
0.58969
0.601792
0.621868
0.65109
0.68803
0.721965
0.738391
0.740052
0.712457
0.691834
0.685289
0.698503
0.726821
0.796074
0.88412
0.916876
0.92599
0.928738
0.930095
0.932346
0.937088
0.944302
0.95339
0.961316
0.964903
0.966796
0.968733
0.970483
0.971396
0.972304
0.972589
0.972642
0.972587
0.972379
0.972313
0.972341
0.97258
0.972954
0.973132
0.973201
0.973218
0.973215
0.973165
0.97314
0.973074
0.972987
0.972878
0.972712
0.972424
0.972206
0.972024
0.971796
0.971679
0.971656
0.971793
0.972123
0.972261
0.972334
0.972354
0.971695
0.971088
0.969902
0.968541
0.967284
0.966276
0.965483
0.964929
0.96436
0.963463
0.961911
0.95928
0.954747
0.947003
0.933074
0.916258
0.898035
0.885634
0.880267
0.878861
0.879226
0.878283
0.870998
0.847685
0.814335
0.805247
0.808258
0.82603
0.860544
0.868483
0.864604
0.84674
0.800919
0.754244
0.738023
0.73582
0.737391
0.742585
0.752856
0.765287
0.766216
0.763896
0.75889
0.756246
0.755308
0.755771
0.757757
0.763842
0.779656
0.794978
0.801148
0.802637
0.805335
0.813841
0.846075
0.910164
0.954442
0.979076
0.991677
0.997131
0.998436
0.997873
0.991383
0.951801
0.853016
0.813979
0.812286
0.812591
0.806674
0.803949
0.809109
0.845248
0.912642
0.95148
0.968519
0.974269
0.975761
0.976386
0.977594
0.981552
0.989214
0.994606
0.997432
0.998459
0.998623
0.998396
0.997084
0.992458
0.982996
0.971791
0.96157
0.95787
0.958373
0.963323
0.968242
0.968904
0.968735
0.967969
0.967829
0.968036
0.968504
0.969646
0.971924
0.972414
0.971287
0.598652
0.618096
0.820487
0.93255
0.93875
0.917743
0.88322
0.8661
0.8557
0.829889
0.783631
0.715586
0.632956
0.586807
0.573873
0.571952
0.574274
0.584464
0.601581
0.620894
0.637889
0.651526
0.66194
0.666435
0.666549
0.673174
0.687071
0.716387
0.785368
0.875632
0.914712
0.927681
0.931424
0.932767
0.933698
0.936272
0.94126
0.948798
0.957901
0.963682
0.966152
0.967856
0.969855
0.971078
0.971749
0.972339
0.972505
0.972481
0.97229
0.972205
0.972197
0.972271
0.972512
0.972664
0.97268
0.972588
0.972452
0.972376
0.972362
0.972599
0.97272
0.972884
0.972946
0.972952
0.972908
0.972904
0.972882
0.972867
0.972854
0.972491
0.971863
0.97124
0.971042
0.970992
0.971318
0.971519
0.971528
0.971355
0.970852
0.970242
0.969594
0.968995
0.968604
0.968457
0.968432
0.968521
0.968719
0.968913
0.968776
0.967682
0.964371
0.956487
0.938877
0.91471
0.89132
0.879213
0.8765
0.877056
0.876007
0.867885
0.841772
0.816653
0.816271
0.823523
0.845711
0.862969
0.863873
0.856611
0.83421
0.785986
0.757397
0.745284
0.744355
0.74522
0.745901
0.74764
0.751033
0.753605
0.755381
0.758251
0.763301
0.769649
0.78202
0.802495
0.811552
0.812678
0.812927
0.815073
0.824795
0.861787
0.924311
0.964865
0.985475
0.994586
0.99828
0.999094
0.99855
0.99265
0.956384
0.854622
0.804253
0.800398
0.802072
0.800427
0.799055
0.802659
0.829577
0.900782
0.949746
0.974847
0.985405
0.988947
0.989929
0.990635
0.992406
0.995963
0.998278
0.999267
0.999531
0.999507
0.999125
0.997606
0.992481
0.980164
0.96833
0.962703
0.96281
0.967119
0.970194
0.969765
0.968141
0.965562
0.965507
0.966141
0.967391
0.968094
0.968556
0.96959
0.971402
0.971182
0.605321
0.638761
0.852016
0.93819
0.940846
0.915235
0.883717
0.874223
0.864158
0.837676
0.786973
0.714029
0.631297
0.587939
0.575126
0.572754
0.57476
0.584768
0.601826
0.618447
0.627865
0.634164
0.64293
0.653225
0.664437
0.68066
0.713658
0.787503
0.873113
0.91336
0.929073
0.934056
0.935471
0.936027
0.937014
0.939561
0.944576
0.952378
0.961226
0.965235
0.967123
0.968515
0.97028
0.971233
0.971752
0.972234
0.972319
0.972313
0.97211
0.97195
0.97187
0.971747
0.971468
0.970767
0.969811
0.969017
0.968473
0.968252
0.968579
0.969298
0.970559
0.971394
0.972265
0.972665
0.972853
0.972928
0.972961
0.973043
0.973377
0.974095
0.97458
0.97465
0.973338
0.971543
0.970613
0.970016
0.96968
0.969432
0.969146
0.96887
0.968376
0.967843
0.967464
0.96733
0.967373
0.967792
0.968557
0.969461
0.970409
0.971214
0.971739
0.971207
0.969428
0.965411
0.955604
0.93013
0.898354
0.876395
0.872022
0.873225
0.871741
0.863634
0.84028
0.827194
0.828293
0.835669
0.85437
0.8616
0.860246
0.852508
0.834884
0.801631
0.776289
0.764415
0.757732
0.757803
0.759124
0.762507
0.767001
0.775019
0.784835
0.795899
0.814494
0.824822
0.823826
0.820692
0.820118
0.822563
0.837104
0.889355
0.944223
0.974347
0.989119
0.995922
0.998759
0.999506
0.999262
0.995321
0.967499
0.866145
0.801139
0.790174
0.792266
0.793633
0.793956
0.79748
0.820699
0.890526
0.945103
0.97425
0.987999
0.993432
0.995029
0.996042
0.997526
0.998836
0.999544
0.999793
0.99982
0.999719
0.999195
0.997163
0.990413
0.980143
0.974689
0.974261
0.975133
0.974359
0.971884
0.965771
0.963233
0.963519
0.964482
0.967048
0.969136
0.969495
0.969361
0.969513
0.970119
0.97043
0.614123
0.657515
0.87073
0.942582
0.942658
0.915174
0.888926
0.879698
0.872657
0.854765
0.815629
0.760043
0.691011
0.625623
0.598388
0.588679
0.586915
0.594049
0.61263
0.626083
0.63225
0.637468
0.648157
0.663983
0.687052
0.730169
0.807635
0.878185
0.914593
0.930481
0.936215
0.937778
0.938204
0.938405
0.939454
0.942307
0.947553
0.955847
0.962907
0.965843
0.967368
0.968933
0.970407
0.971194
0.97168
0.972002
0.972031
0.971902
0.971661
0.971329
0.970943
0.970034
0.967667
0.963494
0.960083
0.957831
0.956513
0.956072
0.957617
0.959843
0.963309
0.966396
0.969077
0.971136
0.972223
0.972736
0.972892
0.97292
0.972887
0.973308
0.974762
0.976408
0.977683
0.978369
0.976804
0.973945
0.971495
0.96995
0.968815
0.96782
0.966945
0.966126
0.965489
0.965147
0.96517
0.965546
0.96647
0.967919
0.969576
0.971121
0.972423
0.973329
0.973376
0.972661
0.971135
0.96847
0.96302
0.946408
0.899397
0.866161
0.860662
0.863309
0.862991
0.858475
0.844104
0.838194
0.839483
0.844653
0.855935
0.858868
0.857986
0.854283
0.84652
0.833739
0.820453
0.810617
0.807279
0.808469
0.81198
0.819184
0.825935
0.831975
0.835206
0.833643
0.828254
0.82398
0.824473
0.831067
0.857786
0.921958
0.965127
0.986245
0.994722
0.998024
0.999355
0.999783
0.999722
0.997917
0.980123
0.889606
0.804404
0.782741
0.782693
0.78516
0.787588
0.793805
0.82078
0.890367
0.942929
0.973048
0.988002
0.994479
0.997033
0.998279
0.999122
0.999634
0.999859
0.999911
0.99989
0.999732
0.998996
0.996003
0.991448
0.987894
0.98559
0.983309
0.978953
0.969445
0.961683
0.960833
0.961617
0.963548
0.967973
0.972002
0.973809
0.973844
0.973198
0.970981
0.970393
0.970205
0.624241
0.675154
0.885159
0.946513
0.945722
0.919047
0.896608
0.890478
0.886555
0.874823
0.846291
0.802319
0.757673
0.712971
0.670296
0.650854
0.643237
0.642886
0.656394
0.659663
0.661164
0.671304
0.695011
0.732824
0.782437
0.84387
0.890738
0.919244
0.932781
0.938302
0.940061
0.940474
0.940047
0.940125
0.941016
0.943751
0.949575
0.958106
0.963918
0.966357
0.967598
0.969011
0.970357
0.971088
0.971493
0.971743
0.971811
0.971689
0.971359
0.970775
0.969497
0.965961
0.9594
0.953898
0.949865
0.946912
0.944992
0.944281
0.944627
0.946356
0.94989
0.955804
0.961109
0.966014
0.969565
0.971741
0.972697
0.972986
0.972857
0.972586
0.972515
0.97451
0.977583
0.98016
0.982302
0.98342
0.982312
0.979626
0.976654
0.973736
0.971539
0.969795
0.968431
0.967486
0.967012
0.966945
0.967168
0.968099
0.969543
0.971028
0.972496
0.973973
0.97477
0.974839
0.974437
0.973078
0.970486
0.968369
0.965867
0.957364
0.915747
0.874272
0.860788
0.858081
0.855677
0.853041
0.847076
0.846195
0.847127
0.849811
0.854971
0.857202
0.857399
0.857053
0.85644
0.854801
0.851896
0.849374
0.847762
0.846412
0.844607
0.842948
0.840663
0.835803
0.829291
0.828609
0.831681
0.846837
0.896832
0.954291
0.983388
0.993988
0.997826
0.999233
0.99976
0.999917
0.999895
0.999138
0.989556
0.921283
0.816668
0.780944
0.776145
0.776973
0.779931
0.789394
0.825169
0.894919
0.94495
0.973842
0.988412
0.995014
0.997797
0.999
0.999576
0.999842
0.999931
0.999936
0.999892
0.999628
0.998534
0.994827
0.988738
0.981219
0.976033
0.967339
0.959945
0.957584
0.95803
0.959789
0.964493
0.970987
0.974198
0.97586
0.976557
0.976565
0.976274
0.974807
0.971677
0.970613
0.636068
0.693125
0.894637
0.951414
0.951299
0.928405
0.903981
0.898396
0.896941
0.894928
0.882816
0.85516
0.822311
0.800514
0.780691
0.764051
0.756537
0.754049
0.757554
0.757497
0.765778
0.787869
0.814186
0.847884
0.877999
0.907302
0.926638
0.936267
0.94076
0.942467
0.942907
0.942076
0.941718
0.941808
0.942789
0.945603
0.951693
0.959245
0.964256
0.966426
0.967943
0.969283
0.970308
0.970856
0.971152
0.971313
0.971332
0.971224
0.970733
0.96938
0.966078
0.959728
0.952625
0.947452
0.943957
0.941641
0.940637
0.940432
0.940714
0.94161
0.943714
0.948058
0.954248
0.960462
0.965535
0.968891
0.971326
0.972719
0.973122
0.97287
0.972045
0.971384
0.97296
0.977813
0.982203
0.985459
0.987745
0.988806
0.988752
0.987417
0.985175
0.982918
0.981013
0.979448
0.977962
0.976904
0.976168
0.975487
0.974999
0.974897
0.975108
0.975555
0.976097
0.976157
0.975902
0.97514
0.973926
0.970829
0.968497
0.967643
0.966756
0.959951
0.930671
0.887891
0.868268
0.859415
0.854639
0.851355
0.850002
0.8502
0.850813
0.852349
0.854662
0.855922
0.856281
0.856264
0.856045
0.855279
0.853291
0.850708
0.847374
0.844503
0.841122
0.834879
0.833295
0.835481
0.84606
0.880373
0.948286
0.980682
0.992942
0.997442
0.999082
0.999677
0.999898
0.999967
0.999961
0.999661
0.995416
0.955118
0.842215
0.786375
0.773776
0.773324
0.776436
0.789924
0.838787
0.905509
0.950643
0.976604
0.989733
0.99571
0.998242
0.999294
0.999738
0.999908
0.999947
0.999936
0.999811
0.999118
0.995682
0.983643
0.966943
0.959201
0.956032
0.954678
0.954918
0.955917
0.958913
0.966765
0.972558
0.975136
0.976288
0.976867
0.97723
0.977302
0.97724
0.97679
0.974598
0.971802
0.649581
0.714035
0.904311
0.956368
0.956878
0.938294
0.91184
0.904807
0.9044
0.906113
0.906804
0.896947
0.876869
0.862216
0.854394
0.847674
0.844572
0.84347
0.847017
0.850528
0.863957
0.875002
0.887876
0.909363
0.921575
0.93252
0.93988
0.943168
0.944643
0.945068
0.944529
0.94349
0.94324
0.943325
0.944191
0.947442
0.953533
0.959886
0.964111
0.966299
0.967895
0.969306
0.970266
0.970724
0.970939
0.971033
0.970992
0.970793
0.970335
0.969157
0.966118
0.95978
0.952707
0.947436
0.943917
0.941592
0.940252
0.939799
0.939888
0.940492
0.94201
0.945487
0.951401
0.958355
0.964205
0.967864
0.970067
0.971557
0.97282
0.973183
0.972982
0.971387
0.969799
0.970354
0.976692
0.983778
0.988086
0.990623
0.99219
0.99303
0.993137
0.992586
0.991403
0.990161
0.988902
0.987374
0.985361
0.982911
0.980563
0.978843
0.97788
0.977392
0.977139
0.976977
0.976487
0.975206
0.974585
0.97415
0.972946
0.968304
0.965682
0.965753
0.964906
0.958945
0.93623
0.895751
0.873634
0.861597
0.855334
0.852327
0.851437
0.851359
0.851466
0.852121
0.852877
0.852934
0.852739
0.852211
0.851246
0.849448
0.845608
0.841631
0.83815
0.836396
0.838593
0.848295
0.876301
0.943061
0.97901
0.992475
0.997319
0.999041
0.999658
0.999879
0.999961
0.999988
0.999987
0.999881
0.998261
0.980148
0.886848
0.805379
0.779074
0.775445
0.778883
0.799162
0.862143
0.921344
0.959671
0.981238
0.991891
0.996651
0.998657
0.999484
0.99982
0.999934
0.999948
0.999897
0.999507
0.997107
0.984184
0.964186
0.956198
0.953739
0.953353
0.953616
0.954841
0.958967
0.968395
0.972999
0.975136
0.976079
0.976595
0.976875
0.977104
0.97721
0.977201
0.977026
0.97623
0.973504
0.663929
0.737923
0.913643
0.960268
0.96219
0.952137
0.925844
0.910605
0.908335
0.910382
0.91707
0.919568
0.91464
0.903093
0.898727
0.896784
0.896345
0.899478
0.902015
0.90493
0.911457
0.915633
0.924901
0.934123
0.938402
0.942634
0.945146
0.946162
0.946514
0.946523
0.945632
0.944534
0.944233
0.944195
0.945151
0.948411
0.953955
0.959707
0.963773
0.966024
0.967717
0.969221
0.970195
0.970662
0.970863
0.970928
0.970891
0.970718
0.970329
0.969325
0.966803
0.961113
0.954287
0.948838
0.945154
0.942764
0.941165
0.940815
0.941028
0.941726
0.943235
0.945701
0.951036
0.958183
0.964162
0.967859
0.969901
0.971272
0.972186
0.972991
0.973168
0.972909
0.970537
0.968236
0.968441
0.97503
0.983807
0.988988
0.992023
0.993872
0.995031
0.995728
0.996114
0.996162
0.995829
0.994767
0.99238
0.988272
0.983814
0.980811
0.979152
0.978123
0.977327
0.976824
0.976192
0.974147
0.972194
0.972119
0.9726
0.97275
0.970952
0.96415
0.962457
0.963186
0.962589
0.958188
0.943366
0.907544
0.880945
0.865661
0.85738
0.852691
0.850183
0.849446
0.849076
0.848605
0.847715
0.846644
0.844313
0.842451
0.840602
0.838308
0.838426
0.841598
0.853239
0.882551
0.947974
0.980002
0.992701
0.997417
0.999092
0.999677
0.999884
0.999959
0.999986
0.999996
0.999996
0.999961
0.999394
0.992683
0.938946
0.843746
0.800454
0.790028
0.794356
0.827859
0.891949
0.939051
0.969094
0.985787
0.993914
0.997498
0.998998
0.99962
0.99987
0.999942
0.999936
0.999793
0.998754
0.991975
0.970527
0.958119
0.953887
0.953041
0.953141
0.954238
0.958584
0.968187
0.972724
0.974621
0.975584
0.975921
0.975794
0.975658
0.975592
0.975755
0.976088
0.976427
0.976137
0.974998
0.679786
0.76488
0.925251
0.96445
0.966503
0.959781
0.941964
0.919167
0.912115
0.912008
0.918856
0.929164
0.931927
0.931241
0.926739
0.925253
0.9249
0.926546
0.928695
0.93186
0.934773
0.936715
0.941852
0.944438
0.945763
0.947151
0.947937
0.948265
0.948325
0.947394
0.946332
0.945184
0.944812
0.944773
0.945649
0.948743
0.953908
0.959158
0.963095
0.965538
0.967436
0.969013
0.970118
0.970645
0.970854
0.970914
0.970887
0.970737
0.970392
0.969704
0.968178
0.96454
0.957831
0.952217
0.948262
0.945845
0.943899
0.9437
0.944081
0.94521
0.947403
0.951032
0.95735
0.964425
0.968432
0.970033
0.97077
0.971381
0.972064
0.972663
0.973063
0.97308
0.972611
0.969413
0.966991
0.967267
0.973758
0.981926
0.987233
0.990925
0.993515
0.995246
0.996364
0.997139
0.997707
0.998073
0.998135
0.997326
0.993135
0.987292
0.984191
0.982014
0.979331
0.977172
0.975857
0.973374
0.968876
0.966439
0.96654
0.968955
0.971542
0.971376
0.966227
0.960077
0.959445
0.961383
0.961705
0.959709
0.952047
0.927828
0.896595
0.876106
0.863382
0.854726
0.849521
0.847099
0.844931
0.843564
0.84218
0.841334
0.841742
0.843861
0.850282
0.866428
0.90227
0.957917
0.983307
0.993771
0.997768
0.999217
0.999725
0.999901
0.999964
0.999987
0.999995
0.999999
0.999999
0.999989
0.99981
0.997545
0.977183
0.899463
0.846576
0.831991
0.837292
0.87445
0.922453
0.956004
0.97753
0.989615
0.995534
0.998149
0.99925
0.999716
0.999901
0.999941
0.999912
0.999597
0.997343
0.984369
0.964875
0.95604
0.953296
0.952979
0.953611
0.956919
0.966342
0.971826
0.97388
0.974898
0.974872
0.974535
0.973368
0.972269
0.971217
0.97147
0.972239
0.973997
0.975254
0.974889
0.696771
0.794257
0.93792
0.968319
0.970202
0.965669
0.953725
0.935397
0.917602
0.913837
0.915453
0.925544
0.939975
0.944516
0.94529
0.944781
0.943647
0.942902
0.942787
0.943284
0.944395
0.945535
0.948355
0.949497
0.950014
0.950291
0.950364
0.950037
0.949687
0.948807
0.94736
0.946083
0.945685
0.945727
0.946553
0.949368
0.954129
0.958921
0.962408
0.964871
0.967067
0.968751
0.970003
0.970704
0.970899
0.970946
0.970924
0.970808
0.970528
0.970039
0.969202
0.967429
0.964169
0.95922
0.954832
0.952343
0.950089
0.950154
0.950859
0.952632
0.955597
0.960443
0.965819
0.969068
0.970358
0.97081
0.971294
0.971744
0.972132
0.972487
0.972821
0.972963
0.972874
0.972013
0.968053
0.965648
0.965899
0.971381
0.977657
0.982704
0.986926
0.9903
0.992914
0.994968
0.996608
0.997823
0.998524
0.998756
0.998497
0.996508
0.994314
0.992629
0.988796
0.982419
0.978297
0.974599
0.969153
0.963623
0.960392
0.960263
0.963917
0.970188
0.970991
0.967898
0.958853
0.955719
0.955963
0.95984
0.962746
0.962566
0.960277
0.95094
0.923397
0.899003
0.881055
0.869393
0.860746
0.855945
0.856169
0.858266
0.86379
0.874769
0.896925
0.93997
0.972348
0.988345
0.995406
0.998272
0.999371
0.999775
0.999919
0.99997
0.999989
0.999996
0.999998
0.999999
1
0.999997
0.999946
0.99926
0.992627
0.951977
0.900178
0.883368
0.886305
0.912939
0.946357
0.969172
0.983988
0.992499
0.996741
0.998631
0.999438
0.999787
0.999919
0.999936
0.999872
0.999298
0.995548
0.979013
0.962422
0.955138
0.95315
0.953189
0.955014
0.962815
0.970294
0.973123
0.974128
0.974031
0.973461
0.971945
0.96898
0.966464
0.965306
0.965453
0.966178
0.967973
0.972475
0.974087
0.712215
0.822829
0.947247
0.971927
0.973682
0.969533
0.959778
0.948996
0.932042
0.918134
0.916247
0.91995
0.93223
0.945762
0.951211
0.954063
0.955386
0.955317
0.95478
0.954154
0.953373
0.9525
0.952358
0.952417
0.952323
0.952306
0.952285
0.952077
0.951199
0.950091
0.948628
0.947635
0.947269
0.947361
0.948152
0.950673
0.954851
0.959036
0.962195
0.964444
0.966686
0.968463
0.969831
0.970669
0.9711
0.971129
0.971093
0.970997
0.970778
0.97042
0.97
0.969067
0.967894
0.965585
0.962956
0.961334
0.960298
0.960546
0.961416
0.963281
0.966199
0.968645
0.970224
0.971046
0.971403
0.971546
0.971637
0.971868
0.972195
0.972426
0.972581
0.972684
0.972703
0.972495
0.971111
0.966428
0.963311
0.962605
0.965436
0.970434
0.975299
0.979788
0.983982
0.987958
0.991711
0.994968
0.99734
0.998617
0.999058
0.999138
0.99901
0.998743
0.998045
0.994675
0.984945
0.977591
0.971331
0.964616
0.958957
0.956135
0.956104
0.960637
0.96973
0.971293
0.968828
0.958914
0.951982
0.95065
0.951396
0.957429
0.963846
0.966069
0.966154
0.964501
0.954566
0.939914
0.924199
0.91765
0.918473
0.922737
0.933161
0.953054
0.972031
0.985276
0.992923
0.996816
0.998638
0.999443
0.999782
0.999918
0.99997
0.999989
0.999996
0.999998
0.999999
1
1
0.999999
0.999986
0.999796
0.997825
0.983444
0.944261
0.925913
0.925312
0.939152
0.962705
0.978403
0.98859
0.994578
0.997623
0.998993
0.999585
0.999842
0.999929
0.999931
0.999817
0.998934
0.993694
0.975674
0.961207
0.954684
0.953157
0.953613
0.957582
0.967433
0.972132
0.973542
0.973568
0.973131
0.9715
0.96734
0.96497
0.963622
0.963163
0.962906
0.963125
0.963975
0.966858
0.972164
0.723345
0.833958
0.949327
0.973102
0.975506
0.974542
0.968207
0.95811
0.949259
0.929844
0.919625
0.918636
0.92349
0.935856
0.947831
0.953801
0.957436
0.960257
0.961572
0.96189
0.961876
0.96146
0.960501
0.958768
0.956689
0.955184
0.95441
0.953862
0.953221
0.95185
0.949924
0.948834
0.948707
0.948776
0.949375
0.951455
0.954905
0.958958
0.962039
0.964191
0.966312
0.968125
0.969575
0.970565
0.971099
0.971404
0.971456
0.971411
0.971295
0.971021
0.97081
0.970332
0.96991
0.969109
0.968234
0.967383
0.96741
0.967709
0.968439
0.969628
0.970656
0.97133
0.971639
0.971713
0.971735
0.971751
0.9718
0.971954
0.972221
0.972384
0.972414
0.972386
0.972341
0.97229
0.971915
0.96995
0.963982
0.959405
0.957067
0.957089
0.959751
0.964051
0.96941
0.975754
0.98244
0.9888
0.993848
0.997108
0.99873
0.99936
0.999614
0.999681
0.999611
0.998985
0.994878
0.982794
0.974459
0.967805
0.961032
0.955925
0.954008
0.954331
0.960522
0.971801
0.974144
0.972232
0.962953
0.953731
0.949404
0.948731
0.949854
0.956726
0.965355
0.970126
0.97259
0.974382
0.974664
0.974788
0.975734
0.978088
0.982536
0.987461
0.991813
0.99506
0.997216
0.998534
0.999282
0.999674
0.999863
0.999947
0.999981
0.999993
0.999998
0.999999
1
1
1
1
0.999996
0.999948
0.999417
0.995151
0.974901
0.956987
0.953766
0.958661
0.97389
0.984979
0.991989
0.99615
0.998299
0.999279
0.999706
0.999887
0.999937
0.999926
0.999751
0.998547
0.992013
0.973748
0.960393
0.954302
0.953208
0.954279
0.961156
0.969744
0.972926
0.973504
0.973346
0.972155
0.968253
0.96482
0.963346
0.962737
0.962423
0.962254
0.961824
0.962007
0.96324
0.968155
0.730137
0.834547
0.944114
0.970769
0.975514
0.975967
0.974633
0.970514
0.961005
0.951247
0.930468
0.922262
0.922348
0.930078
0.940561
0.946835
0.950548
0.953016
0.955067
0.958107
0.961714
0.963579
0.964299
0.964695
0.964134
0.962345
0.959784
0.95727
0.955773
0.954405
0.951969
0.950213
0.949707
0.949783
0.950174
0.951589
0.954754
0.958673
0.961808
0.964013
0.965939
0.967687
0.969177
0.970338
0.971041
0.971427
0.971664
0.97174
0.971711
0.971609
0.971522
0.971341
0.97114
0.970975
0.970793
0.970691
0.970778
0.971027
0.971444
0.971806
0.972012
0.972021
0.971962
0.971845
0.971813
0.971825
0.971902
0.97208
0.972244
0.972272
0.972248
0.972118
0.971899
0.971799
0.971677
0.971129
0.968351
0.960773
0.955578
0.953004
0.952229
0.952561
0.95431
0.959061
0.968427
0.979179
0.988003
0.994023
0.997413
0.998983
0.99959
0.999775
0.999787
0.999593
0.998123
0.990114
0.980368
0.974522
0.967724
0.959906
0.954666
0.953256
0.954067
0.962266
0.976173
0.981132
0.981268
0.979528
0.972089
0.96199
0.955869
0.954166
0.954893
0.960411
0.969319
0.975551
0.979395
0.98228
0.984774
0.987215
0.989721
0.99219
0.994441
0.99632
0.997751
0.998741
0.999357
0.9997
0.999872
0.99995
0.999982
0.999994
0.999998
0.999999
1
1
1
1
0.999999
0.999987
0.999857
0.99874
0.991632
0.977431
0.97261
0.973517
0.980931
0.98924
0.994278
0.997233
0.99877
0.99948
0.999791
0.999916
0.999943
0.999921
0.999682
0.998178
0.99058
0.972652
0.959844
0.953981
0.95319
0.955106
0.96418
0.971156
0.973203
0.973461
0.97301
0.970424
0.965899
0.96349
0.962626
0.962457
0.962272
0.962094
0.961549
0.961091
0.961472
0.964287
0.737942
0.819694
0.913741
0.954853
0.967129
0.972074
0.974888
0.975115
0.970928
0.961267
0.948207
0.930451
0.926315
0.930072
0.94132
0.948455
0.954384
0.960998
0.965334
0.967109
0.966812
0.964246
0.96213
0.959761
0.964073
0.965437
0.965207
0.964144
0.961434
0.959182
0.955746
0.952695
0.951201
0.950777
0.95096
0.951839
0.954254
0.958082
0.961412
0.963776
0.965621
0.96721
0.968739
0.970012
0.970898
0.971393
0.971685
0.971873
0.971961
0.97198
0.971976
0.971957
0.971911
0.971911
0.971927
0.97197
0.97205
0.972179
0.972225
0.972221
0.972189
0.972092
0.971913
0.971822
0.971816
0.971852
0.971954
0.972104
0.972115
0.972083
0.971954
0.971625
0.971299
0.971132
0.971068
0.970937
0.970234
0.96635
0.958062
0.95314
0.951132
0.950645
0.950797
0.951836
0.955134
0.965849
0.9796
0.989395
0.995158
0.998028
0.999272
0.999716
0.999795
0.999706
0.998882
0.993704
0.985329
0.981878
0.977884
0.969402
0.959719
0.954418
0.953553
0.95553
0.967391
0.980794
0.988041
0.990979
0.991434
0.990453
0.983499
0.968609
0.960513
0.958493
0.959098
0.964358
0.972938
0.979039
0.9833
0.986579
0.989388
0.991923
0.994184
0.996088
0.997575
0.998628
0.999293
0.999669
0.99986
0.999946
0.999981
0.999994
0.999998
0.999999
1
1
1
1
1
0.999997
0.999966
0.999702
0.997929
0.990839
0.985543
0.984895
0.986809
0.992116
0.995799
0.997967
0.9991
0.999623
0.999851
0.999936
0.999948
0.999913
0.9996
0.99778
0.989292
0.972193
0.959431
0.953563
0.953036
0.956055
0.966275
0.971728
0.973232
0.973226
0.972253
0.968168
0.964175
0.962646
0.962334
0.962393
0.962404
0.962286
0.961835
0.960505
0.96048
0.961822
0.761241
0.833443
0.871149
0.914662
0.938361
0.948103
0.963652
0.970049
0.972592
0.969973
0.961426
0.947489
0.937553
0.935572
0.948101
0.960425
0.969846
0.976313
0.979276
0.982047
0.983501
0.985325
0.986297
0.977547
0.96122
0.957606
0.962351
0.965477
0.965502
0.964581
0.962264
0.957694
0.954094
0.952576
0.952131
0.952456
0.953817
0.956908
0.960661
0.963351
0.965311
0.966883
0.96831
0.969663
0.970664
0.971292
0.971659
0.971878
0.972031
0.972125
0.972184
0.972222
0.972237
0.972256
0.972275
0.972295
0.972307
0.972294
0.972234
0.972098
0.971867
0.971739
0.97173
0.97174
0.971782
0.971865
0.971951
0.97192
0.971841
0.971671
0.971254
0.97086
0.9706
0.970454
0.970407
0.97038
0.97023
0.969329
0.964328
0.956367
0.952122
0.95068
0.950553
0.950996
0.952454
0.956148
0.96904
0.983179
0.992026
0.996621
0.998708
0.99954
0.999766
0.999737
0.999197
0.995612
0.988528
0.985679
0.984441
0.981336
0.969945
0.9589
0.954779
0.954751
0.959257
0.97454
0.985462
0.990981
0.99301
0.993292
0.992744
0.988944
0.974737
0.963419
0.958883
0.957746
0.95857
0.964014
0.971356
0.977645
0.982864
0.987294
0.991061
0.994089
0.9964
0.997995
0.998985
0.999539
0.999812
0.999931
0.999977
0.999993
0.999998
0.999999
1
1
1
1
1
0.999999
0.999992
0.999929
0.999503
0.997274
0.994066
0.993015
0.993157
0.994783
0.997157
0.998624
0.999399
0.999754
0.999903
0.999953
0.999955
0.999901
0.999505
0.997401
0.988506
0.972008
0.958793
0.952917
0.952648
0.956977
0.967266
0.971868
0.972832
0.972615
0.970805
0.965607
0.96284
0.96222
0.962246
0.962679
0.963027
0.9629
0.962389
0.960606
0.959656
0.960265
0.752888
0.820626
0.844911
0.887864
0.921033
0.935258
0.949755
0.960356
0.963795
0.970099
0.970853
0.962927
0.95289
0.948338
0.958828
0.969207
0.974225
0.97579
0.973956
0.971626
0.973091
0.976829
0.984521
0.991403
0.99151
0.97433
0.961184
0.961787
0.964902
0.966397
0.965921
0.964024
0.959622
0.956168
0.954426
0.953725
0.954223
0.95582
0.959358
0.962521
0.964834
0.966546
0.967909
0.969137
0.970278
0.971074
0.971561
0.971843
0.972023
0.972138
0.972217
0.972262
0.972277
0.972279
0.97227
0.972231
0.972119
0.971853
0.971663
0.971609
0.971612
0.971629
0.971674
0.971701
0.971739
0.971708
0.971605
0.971356
0.971049
0.97054
0.969967
0.969685
0.969636
0.969686
0.96977
0.969807
0.969805
0.969595
0.968439
0.962773
0.95579
0.952306
0.951314
0.951369
0.952232
0.954605
0.960387
0.976031
0.988103
0.994806
0.997959
0.999279
0.99972
0.999756
0.999453
0.997269
0.992831
0.990959
0.99001
0.988047
0.980374
0.965503
0.95757
0.955828
0.957134
0.966659
0.98015
0.987563
0.990954
0.992219
0.992433
0.99192
0.988277
0.974554
0.962724
0.956795
0.954137
0.953706
0.955019
0.961168
0.970115
0.978198
0.985099
0.990409
0.994381
0.997055
0.998622
0.999418
0.999776
0.999921
0.999975
0.999992
0.999998
0.999999
1
1
1
1
1
1
0.999998
0.999982
0.999874
0.999261
0.997928
0.997309
0.997211
0.997419
0.998343
0.999194
0.999652
0.999859
0.999943
0.999966
0.999961
0.999884
0.999392
0.997005
0.98801
0.971823
0.958073
0.952151
0.952079
0.957312
0.967489
0.971515
0.971954
0.971495
0.968546
0.963827
0.962204
0.962033
0.962226
0.963242
0.964102
0.964043
0.963508
0.961127
0.959103
0.95924
0.743153
0.773945
0.790581
0.812198
0.861376
0.925759
0.955053
0.96517
0.962269
0.962592
0.970952
0.97477
0.968173
0.961935
0.965295
0.97289
0.975182
0.973892
0.969591
0.969009
0.971472
0.974704
0.978169
0.98558
0.993317
0.993611
0.980453
0.964642
0.963347
0.965336
0.967056
0.966779
0.965177
0.961214
0.958193
0.956158
0.955401
0.95607
0.957939
0.961237
0.963935
0.965918
0.967375
0.968556
0.96962
0.970618
0.971309
0.971704
0.971943
0.972087
0.972162
0.972176
0.972146
0.972012
0.971789
0.971551
0.971443
0.97144
0.971471
0.97153
0.971573
0.971596
0.971582
0.971518
0.971334
0.971088
0.970678
0.970075
0.969448
0.968921
0.968505
0.968337
0.968335
0.968454
0.968787
0.968989
0.96909
0.969112
0.968895
0.967585
0.961991
0.956236
0.953682
0.953252
0.953487
0.954735
0.958257
0.969328
0.983859
0.992694
0.997056
0.998939
0.999646
0.999812
0.999728
0.998806
0.997255
0.996606
0.995918
0.994071
0.98669
0.970771
0.960713
0.957339
0.957499
0.962328
0.975312
0.98345
0.987271
0.989029
0.98991
0.990113
0.989537
0.985074
0.97074
0.959432
0.953235
0.950367
0.949824
0.950759
0.956744
0.968805
0.97915
0.987522
0.993257
0.996683
0.99851
0.999387
0.999769
0.99992
0.999974
0.999992
0.999998
0.999999
1
1
1
1
1
1
0.999999
0.999995
0.999966
0.999797
0.999332
0.999079
0.999023
0.999055
0.999318
0.999667
0.999858
0.999943
0.999974
0.999979
0.999968
0.999864
0.999275
0.99666
0.987871
0.971666
0.957139
0.951083
0.951185
0.957321
0.967331
0.970378
0.970507
0.969873
0.966509
0.962869
0.961867
0.961863
0.96227
0.963525
0.964556
0.964682
0.964365
0.962179
0.958721
0.958409
0.993483
0.981577
0.95401
0.929088
0.930188
0.943777
0.974281
0.991435
0.995534
0.983564
0.963209
0.972386
0.976875
0.970609
0.969287
0.973434
0.976265
0.974739
0.970823
0.971638
0.975825
0.977166
0.978252
0.98349
0.991894
0.995603
0.994257
0.978059
0.964995
0.963765
0.965905
0.967622
0.967453
0.966104
0.962823
0.959939
0.957747
0.95714
0.958009
0.960014
0.962747
0.964991
0.966641
0.967882
0.968926
0.969835
0.970655
0.971234
0.971581
0.971712
0.971687
0.97157
0.971428
0.97134
0.971319
0.971348
0.971433
0.971528
0.971592
0.971616
0.97161
0.971559
0.971503
0.971362
0.971108
0.970786
0.970241
0.969581
0.968993
0.968506
0.968142
0.967946
0.967897
0.967925
0.968118
0.968308
0.968404
0.968439
0.968428
0.968225
0.967057
0.962226
0.957873
0.95642
0.956401
0.956863
0.958606
0.96475
0.979675
0.990388
0.996022
0.998529
0.999516
0.999828
0.999867
0.999735
0.999277
0.998937
0.998415
0.996985
0.991146
0.975365
0.964014
0.959258
0.958677
0.960769
0.971052
0.980906
0.985584
0.987002
0.987338
0.987539
0.987516
0.986301
0.978964
0.964414
0.954608
0.949239
0.94722
0.947183
0.949557
0.960826
0.975864
0.986336
0.992869
0.996569
0.99848
0.999381
0.999767
0.999919
0.999974
0.999992
0.999998
0.999999
1
1
1
1
1
1
1
0.999999
0.999992
0.99995
0.999808
0.999711
0.999683
0.999685
0.999753
0.999878
0.999948
0.999978
0.999988
0.999987
0.999969
0.999838
0.999149
0.996391
0.988154
0.971443
0.955832
0.949539
0.94981
0.956851
0.965614
0.968224
0.968332
0.967697
0.964486
0.961863
0.961483
0.961625
0.96225
0.963567
0.964644
0.964952
0.964796
0.963271
0.958774
0.957674
0.999918
0.999633
0.998826
0.996554
0.995945
0.996421
0.997812
0.998841
0.999372
0.999615
0.999759
0.999816
0.999776
0.997981
0.98242
0.976616
0.977367
0.977288
0.977104
0.978846
0.979305
0.979192
0.979839
0.983635
0.991338
0.996285
0.997034
0.993755
0.974877
0.964772
0.964016
0.966321
0.968113
0.968112
0.967126
0.964618
0.961754
0.959493
0.959022
0.959961
0.961881
0.963989
0.965764
0.967115
0.968204
0.969061
0.969767
0.970279
0.970622
0.970826
0.970926
0.971068
0.971119
0.971235
0.971335
0.97135
0.971404
0.971564
0.97181
0.972028
0.972187
0.972317
0.972363
0.9723
0.972089
0.971676
0.970904
0.970041
0.969356
0.968811
0.968348
0.968041
0.967926
0.967929
0.968067
0.968216
0.968283
0.968304
0.968302
0.968271
0.968109
0.967211
0.963482
0.960684
0.960065
0.960214
0.960926
0.963953
0.975605
0.988009
0.994894
0.998066
0.999343
0.999793
0.999911
0.999913
0.999853
0.999711
0.999386
0.9983
0.99356
0.979233
0.967689
0.962166
0.960915
0.961816
0.968899
0.979717
0.985138
0.986435
0.985852
0.984537
0.984187
0.983568
0.980582
0.969394
0.957024
0.949169
0.945664
0.945151
0.946833
0.957692
0.974664
0.985974
0.992772
0.996547
0.998477
0.999382
0.99977
0.999921
0.999975
0.999993
0.999998
0.999999
1
1
1
1
1
1
1
1
0.999998
0.99999
0.999955
0.999924
0.999912
0.999911
0.999923
0.999961
0.999983
0.999992
0.999994
0.999991
0.999966
0.999803
0.998993
0.996177
0.988739
0.971183
0.953992
0.947217
0.947466
0.954051
0.961518
0.964679
0.965513
0.96524
0.962819
0.961216
0.961125
0.961294
0.961855
0.963052
0.964463
0.964985
0.964867
0.963337
0.958514
0.956863
0.999999
0.999995
0.999979
0.999914
0.9999
0.999921
0.999952
0.999973
0.999986
0.999993
0.999993
0.999991
0.999982
0.999748
0.997198
0.985886
0.980531
0.979454
0.979689
0.980376
0.980042
0.979964
0.981079
0.98675
0.9932
0.99693
0.998221
0.997738
0.992066
0.97222
0.964611
0.964146
0.966627
0.96835
0.968862
0.968252
0.966571
0.964037
0.961732
0.961049
0.961882
0.96353
0.965121
0.96648
0.967596
0.968452
0.969135
0.969679
0.970119
0.970476
0.970754
0.970952
0.970985
0.97086
0.970846
0.971185
0.972255
0.973777
0.975109
0.976148
0.976981
0.97755
0.97773
0.977634
0.977285
0.976599
0.97504
0.9732
0.971923
0.971007
0.97006
0.969221
0.968768
0.96863
0.968625
0.968588
0.968487
0.968428
0.96843
0.968494
0.968666
0.96875
0.968221
0.965542
0.963911
0.963703
0.96396
0.965354
0.97295
0.985928
0.993823
0.997607
0.999165
0.999735
0.999914
0.999955
0.999953
0.999917
0.999759
0.999016
0.995523
0.983346
0.9721
0.966342
0.964694
0.965123
0.97017
0.980239
0.985515
0.986704
0.985736
0.980772
0.97883
0.978272
0.976897
0.970681
0.957917
0.948642
0.944126
0.943384
0.945202
0.957108
0.974598
0.986073
0.992904
0.996648
0.998539
0.999415
0.999785
0.999927
0.999977
0.999993
0.999998
1
1
1
1
1
1
1
1
1
1
0.999998
0.999991
0.999982
0.999978
0.999977
0.999979
0.999988
0.999995
0.999997
0.999997
0.999993
0.999964
0.999773
0.998873
0.996087
0.989377
0.971167
0.951756
0.943968
0.94345
0.947189
0.95399
0.959928
0.963605
0.963832
0.961839
0.960724
0.960697
0.960611
0.960719
0.961479
0.96347
0.964603
0.964615
0.963019
0.957821
0.956008
1
1
1
0.999999
0.999999
0.999999
1
1
1
1
1
1
0.999999
0.999967
0.999549
0.997262
0.989344
0.984126
0.983031
0.981721
0.981588
0.982298
0.985893
0.993446
0.997137
0.998779
0.999366
0.99931
0.99797
0.989526
0.970578
0.96447
0.964153
0.96665
0.968639
0.969537
0.969287
0.96837
0.966465
0.964317
0.963204
0.963785
0.965044
0.966259
0.967323
0.968189
0.968916
0.969533
0.970047
0.970467
0.970772
0.970948
0.971145
0.971814
0.974859
0.978584
0.981469
0.984004
0.986169
0.987835
0.989112
0.990016
0.990338
0.990114
0.989508
0.988556
0.98605
0.981854
0.979014
0.977179
0.975133
0.973007
0.971621
0.971027
0.970788
0.970401
0.969675
0.969216
0.969129
0.969236
0.969777
0.970299
0.970482
0.969976
0.967852
0.966958
0.966951
0.967634
0.972401
0.984645
0.992992
0.997213
0.999006
0.999677
0.999902
0.999966
0.999976
0.999969
0.999908
0.999564
0.997744
0.989272
0.97817
0.972067
0.970016
0.970129
0.973579
0.982391
0.987431
0.988645
0.987577
0.979822
0.971986
0.970333
0.969038
0.965287
0.954414
0.945038
0.940517
0.939866
0.943294
0.958611
0.976155
0.987269
0.993679
0.997079
0.998749
0.999506
0.99982
0.99994
0.999981
0.999994
0.999998
1
1
1
1
1
1
1
1
1
1
1
0.999998
0.999996
0.999995
0.999995
0.999995
0.999997
0.999999
0.999999
0.999998
0.999994
0.999962
0.999753
0.998802
0.996072
0.989614
0.970428
0.948934
0.939793
0.93697
0.937284
0.943581
0.95531
0.962739
0.963226
0.960683
0.959978
0.959913
0.959665
0.959699
0.960037
0.961643
0.963482
0.96375
0.961959
0.956743
0.955149
1
1
1
1
1
1
1
1
1
1
1
1
1
0.999996
0.99994
0.999565
0.997911
0.995069
0.991276
0.989169
0.989412
0.990937
0.995046
0.997702
0.998963
0.999542
0.999786
0.9998
0.999548
0.997523
0.987231
0.969933
0.964327
0.964003
0.966342
0.968992
0.970082
0.970292
0.96986
0.968785
0.967123
0.965846
0.965892
0.966413
0.967368
0.968215
0.968983
0.969666
0.970188
0.970584
0.97096
0.971993
0.974724
0.977377
0.979347
0.981879
0.984829
0.987769
0.990391
0.992571
0.994295
0.995574
0.996416
0.996828
0.99693
0.996874
0.996523
0.994561
0.991159
0.988614
0.98519
0.980888
0.977622
0.976071
0.975526
0.974821
0.97298
0.971401
0.970888
0.970973
0.971899
0.973032
0.973375
0.973294
0.971948
0.970306
0.969991
0.9703
0.973193
0.983995
0.992609
0.997
0.998905
0.999634
0.999887
0.999966
0.999985
0.999985
0.999966
0.999851
0.999229
0.995901
0.986321
0.979836
0.977294
0.977099
0.979062
0.98577
0.990194
0.991406
0.990689
0.983474
0.968245
0.959521
0.955719
0.949662
0.941394
0.935458
0.934097
0.935523
0.943601
0.964468
0.980327
0.989997
0.995273
0.997908
0.999134
0.999667
0.999882
0.999961
0.999988
0.999997
0.999999
1
1
1
1
1
1
1
1
1
1
1
1
0.999999
0.999999
0.999999
0.999999
0.999999
1
1
0.999999
0.999994
0.999962
0.99975
0.998822
0.996193
0.989704
0.96886
0.945479
0.934982
0.931722
0.932176
0.936812
0.952078
0.962451
0.962755
0.959672
0.959357
0.959336
0.959273
0.959277
0.959185
0.959494
0.96078
0.96127
0.958925
0.954923
0.954105
1
1
1
1
1
1
1
1
1
1
1
1
1
1
0.999994
0.999948
0.999731
0.999255
0.997976
0.997466
0.997594
0.998096
0.998944
0.999486
0.999759
0.999892
0.999952
0.999958
0.999914
0.999492
0.996987
0.985729
0.969545
0.964054
0.96357
0.96566
0.969138
0.970287
0.971037
0.970973
0.970572
0.969721
0.968849
0.968291
0.968436
0.968955
0.969797
0.970396
0.970755
0.971182
0.972168
0.973356
0.974136
0.974795
0.977419
0.981744
0.985828
0.989406
0.992355
0.994721
0.996535
0.997731
0.998412
0.998785
0.998958
0.998994
0.998966
0.998768
0.997949
0.997182
0.99601
0.992372
0.986901
0.983957
0.982951
0.981967
0.979142
0.975663
0.974087
0.973961
0.974782
0.976464
0.977031
0.976979
0.97596
0.973817
0.973055
0.973134
0.974935
0.983832
0.992486
0.996922
0.998864
0.999615
0.999879
0.999964
0.999988
0.999992
0.999987
0.999951
0.99976
0.998853
0.994802
0.989085
0.986222
0.985632
0.986356
0.990223
0.993593
0.994667
0.99438
0.9902
0.972483
0.954671
0.942912
0.935529
0.931823
0.930939
0.931418
0.935372
0.952314
0.973296
0.986453
0.993769
0.997374
0.998961
0.999611
0.999862
0.999953
0.999985
0.999996
0.999999
1
1
1
1
1
1
1
1
1
1
1
1
1
1
1
1
1
1
1
1
0.999999
0.999995
0.999963
0.999766
0.998929
0.996492
0.989787
0.966778
0.941376
0.930647
0.929969
0.93098
0.93512
0.950767
0.96244
0.962374
0.958674
0.958784
0.959013
0.959027
0.958997
0.958462
0.957656
0.957352
0.956532
0.954597
0.953131
0.95303
1
1
1
1
1
1
1
1
1
1
1
1
1
1
1
0.999996
0.999975
0.999922
0.999727
0.999647
0.999669
0.999747
0.999857
0.999928
0.999965
0.999984
0.999993
0.999994
0.999987
0.999909
0.999363
0.996575
0.984971
0.969337
0.963638
0.962822
0.964448
0.96858
0.970601
0.971382
0.971825
0.97176
0.971509
0.971213
0.971039
0.97094
0.971022
0.971129
0.971277
0.97169
0.972102
0.971637
0.970398
0.971146
0.976747
0.98353
0.988737
0.992545
0.995244
0.997079
0.998231
0.998926
0.999327
0.999549
0.999665
0.999709
0.999711
0.999686
0.999538
0.999322
0.99903
0.998413
0.995961
0.993154
0.99185
0.99036
0.98656
0.981464
0.978445
0.977683
0.977885
0.978916
0.979392
0.979365
0.978632
0.976449
0.975468
0.975479
0.976887
0.984386
0.992606
0.996933
0.998858
0.999611
0.999877
0.999964
0.999989
0.999995
0.999994
0.999983
0.999923
0.999658
0.998511
0.996181
0.9946
0.994018
0.994055
0.995131
0.997006
0.997756
0.99773
0.996244
0.986085
0.960914
0.944253
0.936197
0.933954
0.934094
0.936407
0.947359
0.96984
0.985112
0.993547
0.997432
0.999013
0.999629
0.999864
0.999952
0.999984
0.999995
0.999998
1
1
1
1
1
1
1
1
1
1
1
1
1
1
1
1
1
1
1
1
1
0.999999
0.999995
0.999966
0.999798
0.999087
0.996875
0.989867
0.964473
0.936832
0.928559
0.929218
0.930855
0.934779
0.950249
0.962586
0.962089
0.957788
0.958422
0.958563
0.958608
0.95861
0.957901
0.956645
0.955018
0.953436
0.952373
0.952099
0.952461
1
1
1
1
1
1
1
1
1
1
1
1
1
1
1
1
0.999998
0.999994
0.999976
0.999968
0.99997
0.999979
0.999988
0.999994
0.999997
0.999999
0.999999
0.999999
0.999998
0.999986
0.99988
0.99925
0.996346
0.984965
0.969287
0.963206
0.9618
0.962875
0.967055
0.970227
0.971579
0.972154
0.972392
0.972405
0.972358
0.972083
0.971638
0.971445
0.971441
0.97145
0.969516
0.965101
0.964015
0.966458
0.975622
0.983889
0.989978
0.994112
0.99669
0.998191
0.999025
0.999476
0.999713
0.999835
0.999897
0.999924
0.99993
0.999927
0.999909
0.999869
0.999801
0.999654
0.999089
0.998263
0.997601
0.99633
0.992273
0.986491
0.982412
0.98066
0.980348
0.980516
0.980801
0.98074
0.979922
0.977597
0.976567
0.976597
0.978309
0.986062
0.993368
0.99721
0.998944
0.999633
0.999882
0.999965
0.99999
0.999996
0.999997
0.999993
0.999972
0.999879
0.999492
0.998731
0.998205
0.998017
0.998034
0.998386
0.999013
0.999269
0.999274
0.998943
0.996818
0.986009
0.968468
0.959869
0.958025
0.958624
0.963015
0.977727
0.988971
0.99495
0.997849
0.999135
0.999665
0.999874
0.999953
0.999983
0.999994
0.999998
0.999999
1
1
1
1
1
1
1
1
1
1
1
1
1
1
1
1
1
1
1
1
1
0.999999
0.999996
0.99997
0.99983
0.99923
0.997209
0.989876
0.961904
0.93319
0.926582
0.928743
0.931036
0.934795
0.949704
0.96267
0.961983
0.956963
0.957731
0.958132
0.958212
0.958245
0.95771
0.95633
0.954077
0.952375
0.95169
0.951808
0.952471
1
1
1
1
1
1
1
1
1
1
1
1
1
1
1
1
1
1
0.999999
0.999998
0.999998
0.999999
0.999999
1
1
1
1
1
1
0.999998
0.999979
0.999849
0.999169
0.996277
0.985569
0.969435
0.962924
0.960697
0.961133
0.964084
0.969005
0.971284
0.972187
0.972469
0.972491
0.972306
0.971804
0.971544
0.97134
0.969592
0.96329
0.960127
0.959943
0.963513
0.974572
0.98388
0.990556
0.994858
0.997378
0.998737
0.999418
0.999735
0.999876
0.99994
0.999968
0.999981
0.999985
0.999985
0.999984
0.99998
0.999969
0.99994
0.999846
0.999676
0.999381
0.998697
0.995727
0.989262
0.98442
0.98231
0.982108
0.982799
0.983501
0.983366
0.981613
0.978473
0.9773
0.977387
0.979698
0.988058
0.994462
0.997716
0.999145
0.999705
0.999905
0.999971
0.999992
0.999997
0.999998
0.999997
0.999989
0.999952
0.999805
0.999555
0.999379
0.999313
0.999317
0.999429
0.999663
0.999774
0.999791
0.999745
0.999407
0.997659
0.992936
0.990151
0.989483
0.98962
0.990859
0.99428
0.99695
0.998535
0.999354
0.999734
0.999895
0.99996
0.999985
0.999995
0.999998
0.999999
1
1
1
1
1
1
1
1
1
1
1
1
1
1
1
1
1
1
1
1
1
1
0.999999
0.999996
0.999976
0.999863
0.999368
0.997531
0.989985
0.959625
0.930725
0.923496
0.927487
0.931881
0.93506
0.94846
0.962649
0.961966
0.956053
0.956895
0.957347
0.957774
0.95803
0.957697
0.95672
0.954296
0.95241
0.951762
0.951949
0.953087
1
1
1
1
1
1
1
1
1
1
1
1
1
1
1
1
1
1
1
1
1
1
1
1
1
1
1
1
1
1
0.999997
0.999973
0.999829
0.999152
0.996446
0.987142
0.970412
0.962887
0.960016
0.959928
0.961272
0.965643
0.969428
0.971053
0.97179
0.97183
0.971671
0.971443
0.970613
0.965088
0.959825
0.958357
0.958669
0.962386
0.974736
0.985373
0.992278
0.996247
0.998306
0.999279
0.999703
0.999878
0.999949
0.999979
0.999991
0.999995
0.999997
0.999998
0.999998
0.999997
0.999996
0.999992
0.999979
0.999946
0.999861
0.999593
0.998289
0.992091
0.986612
0.984984
0.985181
0.987184
0.988268
0.987932
0.984233
0.979877
0.978507
0.978712
0.981919
0.990198
0.995538
0.998198
0.99934
0.999777
0.999929
0.999979
0.999994
0.999998
0.999999
0.999999
0.999995
0.99998
0.999922
0.999837
0.999776
0.99975
0.99975
0.999782
0.999872
0.999925
0.999941
0.999938
0.999896
0.999668
0.998796
0.998039
0.997789
0.99778
0.997925
0.998529
0.999188
0.999597
0.999817
0.999923
0.999969
0.999988
0.999995
0.999998
0.999999
1
1
1
1
1
1
1
1
1
1
1
1
1
1
1
1
1
1
1
1
1
1
1
1
0.999997
0.99998
0.99989
0.999475
0.997786
0.990216
0.958911
0.928281
0.918208
0.924224
0.933414
0.935745
0.946307
0.962309
0.962241
0.95567
0.95575
0.956429
0.95699
0.957665
0.957787
0.957448
0.956002
0.953907
0.95293
0.953276
0.955693
1
1
1
1
1
1
1
1
1
1
1
1
1
1
1
1
1
1
1
1
1
1
1
1
1
1
1
1
1
1
0.999999
0.999995
0.999968
0.999824
0.999202
0.996855
0.989627
0.972852
0.963679
0.960236
0.959371
0.959717
0.96099
0.963518
0.967192
0.969685
0.970742
0.970762
0.969004
0.962783
0.959284
0.958638
0.959205
0.963704
0.977412
0.988194
0.994495
0.997636
0.999037
0.999622
0.999856
0.999946
0.99998
0.999993
0.999997
0.999999
0.999999
1
1
1
1
0.999999
0.999997
0.99999
0.999968
0.999872
0.999323
0.995632
0.991122
0.990233
0.991005
0.993486
0.993971
0.992517
0.986397
0.981889
0.980737
0.981257
0.985884
0.99292
0.996882
0.998766
0.999557
0.999854
0.999955
0.999987
0.999996
0.999999
1
0.999999
0.999998
0.999992
0.999968
0.999939
0.999919
0.999909
0.999909
0.999919
0.999951
0.999973
0.999982
0.999983
0.999977
0.999943
0.999785
0.99959
0.999509
0.999497
0.999514
0.999618
0.999783
0.99989
0.999949
0.999978
0.999991
0.999996
0.999999
0.999999
1
1
1
1
1
1
1
1
1
1
1
1
1
1
1
1
1
1
1
1
1
1
1
1
1
0.999997
0.999985
0.999914
0.999572
0.998057
0.990798
0.960361
0.925389
0.913794
0.918763
0.935032
0.937054
0.944014
0.961513
0.963374
0.955585
0.953994
0.95477
0.955497
0.957126
0.957694
0.957716
0.957352
0.956472
0.955933
0.956364
0.957715
1
1
1
1
1
1
1
1
1
1
1
1
1
1
1
1
1
1
1
1
1
1
1
1
1
1
1
1
1
1
1
0.999999
0.999994
0.999966
0.999831
0.999289
0.997381
0.99206
0.976887
0.965716
0.961071
0.959545
0.95932
0.959603
0.961075
0.965667
0.968615
0.969198
0.968034
0.96267
0.959953
0.959832
0.960804
0.967372
0.981392
0.990829
0.995958
0.998378
0.999394
0.999785
0.999927
0.999975
0.999992
0.999997
0.999999
1
1
1
1
1
1
1
0.999999
0.999997
0.99999
0.999952
0.999706
0.998108
0.996595
0.99643
0.996949
0.997415
0.997095
0.994238
0.987968
0.984851
0.98435
0.985471
0.991005
0.995838
0.998274
0.999352
0.999774
0.999926
0.999977
0.999993
0.999998
0.999999
1
1
0.999999
0.999996
0.999987
0.999977
0.99997
0.999967
0.999967
0.99997
0.999982
0.99999
0.999994
0.999994
0.999993
0.999984
0.999942
0.999891
0.99987
0.999866
0.99987
0.999895
0.99994
0.999969
0.999986
0.999994
0.999997
0.999999
1
1
1
1
1
1
1
1
1
1
1
1
1
1
1
1
1
1
1
1
1
1
1
1
1
1
1
0.999998
0.999988
0.999931
0.999648
0.998324
0.991837
0.963285
0.92489
0.913072
0.916253
0.935614
0.938913
0.942419
0.959868
0.964538
0.955619
0.952374
0.952412
0.952961
0.955364
0.957147
0.957713
0.957799
0.957698
0.957604
0.957871
0.958364
1
1
1
1
1
1
1
1
1
1
1
1
1
1
1
1
1
1
1
1
1
1
1
1
1
1
1
1
1
1
1
1
0.999999
0.999994
0.999969
0.99986
0.999451
0.998156
0.994605
0.985813
0.972518
0.964791
0.961196
0.96038
0.960743
0.963069
0.965727
0.966588
0.966164
0.962989
0.961578
0.96171
0.963554
0.974022
0.987278
0.99464
0.997948
0.999253
0.999739
0.999911
0.99997
0.99999
0.999997
0.999999
1
1
1
1
1
1
1
1
1
0.999999
0.999997
0.999982
0.999885
0.999372
0.998972
0.998923
0.998985
0.998958
0.998418
0.995138
0.9912
0.989691
0.989673
0.991507
0.995575
0.997969
0.999148
0.99967
0.999881
0.99996
0.999988
0.999996
0.999999
1
1
1
1
0.999999
0.999995
0.999991
0.999989
0.999988
0.999988
0.999989
0.999994
0.999997
0.999998
0.999998
0.999998
0.999995
0.999982
0.999969
0.999964
0.999963
0.999964
0.999971
0.999983
0.999991
0.999996
0.999998
0.999999
1
1
1
1
1
1
1
1
1
1
1
1
1
1
1
1
1
1
1
1
1
1
1
1
1
1
1
1
0.999998
0.99999
0.999944
0.999712
0.998601
0.993293
0.967873
0.927188
0.913881
0.91607
0.935721
0.941392
0.941587
0.957434
0.964818
0.956501
0.951793
0.950127
0.949746
0.951302
0.95491
0.95688
0.95764
0.957854
0.957972
0.958169
0.958419
1
1
1
1
1
1
1
1
1
1
1
1
1
1
1
1
1
1
1
1
1
1
1
1
1
1
1
1
1
1
1
1
1
0.999999
0.999996
0.999979
0.999914
0.999688
0.999032
0.997246
0.993893
0.986623
0.975693
0.96775
0.96448
0.96448
0.965299
0.965632
0.965268
0.963586
0.963342
0.964129
0.97068
0.985312
0.993787
0.997606
0.999135
0.999703
0.999902
0.999969
0.99999
0.999997
0.999999
1
1
1
1
1
1
1
1
1
1
1
0.999999
0.999994
0.999964
0.999832
0.999739
0.999714
0.999697
0.999635
0.999181
0.997574
0.996378
0.995923
0.995952
0.99682
0.998331
0.999219
0.999667
0.99987
0.999953
0.999984
0.999995
0.999999
1
1
1
1
1
0.999999
0.999998
0.999997
0.999996
0.999996
0.999996
0.999997
0.999998
0.999999
0.999999
0.999999
0.999999
0.999998
0.999995
0.999992
0.999991
0.999991
0.999992
0.999993
0.999996
0.999998
0.999999
1
1
1
1
1
1
1
1
1
1
1
1
1
1
1
1
1
1
1
1
1
1
1
1
1
1
1
1
1
1
0.999999
0.999992
0.999955
0.99977
0.998896
0.994814
0.974344
0.932373
0.917198
0.918241
0.935827
0.944482
0.941515
0.954562
0.96484
0.959558
0.951814
0.949514
0.948468
0.948367
0.949657
0.95294
0.955695
0.956932
0.957443
0.957742
0.957994
1
1
1
1
1
1
1
1
1
1
1
1
1
1
1
1
1
1
1
1
1
1
1
1
1
1
1
1
1
1
1
1
1
1
1
0.999998
0.99999
0.999961
0.999872
0.999621
0.999038
0.997501
0.995114
0.990323
0.982413
0.974512
0.970108
0.968003
0.967087
0.967132
0.968306
0.976344
0.988315
0.994963
0.998035
0.999291
0.99976
0.999923
0.999976
0.999993
0.999998
0.999999
1
1
1
1
1
1
1
1
1
1
1
1
1
0.999999
0.999992
0.999968
0.999952
0.999944
0.999932
0.999896
0.999737
0.999251
0.998883
0.998744
0.998749
0.998981
0.999448
0.999736
0.999885
0.999954
0.999983
0.999994
0.999998
0.999999
1
1
1
1
1
1
0.999999
0.999999
0.999999
0.999999
0.999999
0.999999
1
1
1
1
1
1
0.999999
0.999999
0.999998
0.999998
0.999998
0.999999
0.999999
1
1
1
1
1
1
1
1
1
1
1
1
1
1
1
1
1
1
1
1
1
1
1
1
1
1
1
1
1
1
1
1
0.999999
0.999993
0.999964
0.999822
0.999184
0.996281
0.981912
0.941242
0.924165
0.924641
0.937525
0.948028
0.942064
0.951152
0.964629
0.963878
0.953034
0.949543
0.948162
0.947655
0.947688
0.948451
0.95015
0.95221
0.953718
0.954568
0.9552
1
1
1
1
1
1
1
1
1
1
1
1
1
1
1
1
1
1
1
1
1
1
1
1
1
1
1
1
1
1
1
1
1
1
1
1
0.999999
0.999997
0.999988
0.999962
0.999893
0.999716
0.999341
0.998557
0.99708
0.993352
0.987704
0.984812
0.984649
0.985689
0.990346
0.995183
0.997876
0.999155
0.999691
0.999895
0.999966
0.99999
0.999997
0.999999
1
1
1
1
1
1
1
1
1
1
1
1
1
1
1
1
0.999999
0.999996
0.999995
0.999993
0.999989
0.999977
0.999924
0.999797
0.999712
0.999681
0.999683
0.999738
0.999856
0.99993
0.999969
0.999987
0.999995
0.999998
0.999999
1
1
1
1
1
1
1
1
1
1
1
1
1
1
1
1
1
1
1
1
1
1
1
1
1
1
1
1
1
1
1
1
1
1
1
1
1
1
1
1
1
1
1
1
1
1
1
1
1
1
1
1
1
1
1
1
1
1
0.999999
0.999994
0.999969
0.999861
0.999415
0.997484
0.988173
0.953474
0.934755
0.934752
0.942409
0.950125
0.943282
0.946255
0.963502
0.965487
0.95734
0.950564
0.948437
0.947579
0.947374
0.947415
0.947853
0.948805
0.949934
0.950986
0.951965
1
1
1
1
1
1
1
1
1
1
1
1
1
1
1
1
1
1
1
1
1
1
1
1
1
1
1
1
1
1
1
1
1
1
1
1
1
1
0.999999
0.999997
0.999992
0.999978
0.999943
0.999862
0.999687
0.999064
0.998033
0.997649
0.997683
0.998041
0.998999
0.999563
0.999826
0.999936
0.999978
0.999993
0.999998
0.999999
1
1
1
1
1
1
1
1
1
1
1
1
1
1
1
1
1
1
1
1
1
1
0.999999
0.999996
0.999982
0.99996
0.999947
0.999943
0.999943
0.999953
0.999974
0.999987
0.999994
0.999998
0.999999
1
1
1
1
1
1
1
1
1
1
1
1
1
1
1
1
1
1
1
1
1
1
1
1
1
1
1
1
1
1
1
1
1
1
1
1
1
1
1
1
1
1
1
1
1
1
1
1
1
1
1
1
1
1
1
1
1
1
1
0.999999
0.999998
0.999993
0.999971
0.999883
0.999563
0.998302
0.992461
0.966167
0.947236
0.946062
0.948387
0.950694
0.945017
0.942221
0.96032
0.965837
0.96425
0.954431
0.95028
0.948561
0.947765
0.947527
0.947598
0.94823
0.949117
0.950111
0.951036
1
1
1
1
1
1
1
1
1
1
1
1
1
1
1
1
1
1
1
1
1
1
1
1
1
1
1
1
1
1
1
1
1
1
1
1
1
1
1
1
1
0.999999
0.999997
0.999992
0.999979
0.999923
0.99985
0.999834
0.999843
0.999886
0.999951
0.999981
0.999993
0.999998
0.999999
1
1
1
1
1
1
1
1
1
1
1
1
1
1
1
1
1
1
1
1
1
1
1
1
1
1
0.999999
0.999997
0.999996
0.999995
0.999995
0.999995
0.999996
0.999998
0.999999
0.999999
1
1
1
1
1
1
1
1
1
1
1
1
1
1
1
1
1
1
1
1
1
1
1
1
1
1
1
1
1
1
1
1
1
1
1
1
1
1
1
0.999999
0.999999
0.999999
0.999999
0.999999
0.999999
0.999999
0.999999
0.999999
0.999999
0.999999
0.999999
0.999999
0.999999
0.999999
1
1
1
1
1
0.999999
0.999999
0.999999
0.999997
0.999992
0.999972
0.999897
0.999652
0.998806
0.995151
0.97693
0.960385
0.956912
0.951372
0.950259
0.945785
0.941233
0.954568
0.965415
0.966402
0.962943
0.955828
0.952213
0.950079
0.948935
0.948533
0.94871
0.949422
0.950264
0.951013
1
1
1
1
1
1
1
1
1
1
1
1
1
1
1
1
1
1
1
1
1
1
1
1
1
1
1
1
1
1
1
1
1
1
1
1
1
1
1
1
1
1
1
1
0.999999
0.999997
0.999995
0.999995
0.999995
0.999997
0.999999
1
1
1
1
1
1
1
1
1
1
1
1
1
1
1
1
1
1
1
1
1
1
1
1
1
1
1
1
1
1
1
1
1
1
1
1
1
1
1
1
1
1
1
1
1
1
1
1
1
1
1
1
1
1
1
1
1
1
1
1
1
1
1
1
1
1
1
1
1
1
1
1
1
0.999999
0.999998
0.999998
0.999998
0.999998
0.999998
0.999998
0.999997
0.999997
0.999996
0.999995
0.999994
0.999994
0.999994
0.999994
0.999995
0.999996
0.999996
0.999997
0.999997
0.999998
0.999998
0.999999
0.999999
0.999999
0.999999
0.999998
0.999997
0.999996
0.999995
0.99999
0.999971
0.999904
0.999705
0.999093
0.996746
0.984088
0.974245
0.9675
0.953361
0.947103
0.944859
0.940977
0.946113
0.962321
0.966619
0.966713
0.964493
0.960798
0.957355
0.954451
0.952645
0.951862
0.951637
0.951683
0.951641
1
1
1
1
1
1
1
1
1
1
1
1
1
1
1
1
1
1
1
1
1
1
1
1
1
1
1
1
1
1
1
1
1
1
1
1
1
1
1
1
1
1
1
1
1
1
1
1
1
1
1
1
1
1
1
1
1
1
1
1
1
1
1
1
1
1
1
1
1
1
1
1
1
1
1
1
1
1
1
1
1
1
1
1
1
1
1
1
1
1
1
1
1
1
1
1
1
1
1
1
1
1
1
1
1
1
1
1
1
1
1
1
1
1
1
1
1
1
1
1
1
1
0.999998
0.999995
0.999983
0.999981
0.999983
0.999985
0.999987
0.999989
0.999989
0.999988
0.999984
0.999974
0.999965
0.999966
0.999968
0.999973
0.999977
0.999981
0.999985
0.999988
0.99999
0.999992
0.999994
0.999995
0.999995
0.999996
0.999996
0.999995
0.999994
0.999991
0.99999
0.999989
0.999985
0.99997
0.999916
0.999754
0.999284
0.997492
0.988473
0.981998
0.976103
0.956484
0.939517
0.939765
0.940483
0.94141
0.954903
0.964651
0.966889
0.966656
0.965631
0.9637
0.961545
0.959111
0.957076
0.955629
0.954472
0.953087
1
1
1
1
1
1
1
1
1
1
1
1
1
1
1
1
1
1
1
1
1
1
1
1
1
1
1
1
1
1
1
1
1
1
1
1
1
1
1
1
1
1
1
1
1
1
1
1
1
1
1
1
1
1
1
1
1
1
1
1
1
1
1
1
1
1
1
1
1
1
1
1
1
1
1
1
1
1
1
1
1
1
1
1
1
1
1
1
1
1
1
1
1
1
1
1
1
1
1
1
1
1
1
1
1
1
1
1
1
1
1
1
1
1
1
1
1
1
0.999999
0.999999
0.999998
0.999996
0.999985
0.999949
0.99988
0.999882
0.999896
0.999922
0.999942
0.999954
0.999954
0.999946
0.999923
0.99983
0.999789
0.999801
0.999837
0.999886
0.99992
0.999942
0.999957
0.999967
0.999974
0.999979
0.999983
0.999985
0.999986
0.999987
0.999987
0.999987
0.999985
0.999979
0.999976
0.999975
0.999972
0.999961
0.999913
0.999755
0.999294
0.997567
0.990525
0.98601
0.980404
0.960176
0.929593
0.927326
0.937269
0.939709
0.94473
0.958546
0.964363
0.966005
0.96602
0.964811
0.963303
0.961269
0.959049
0.956914
0.954979
0.953214
1
1
1
1
1
1
1
1
1
1
1
1
1
1
1
1
1
1
1
1
1
1
1
1
1
1
1
1
1
1
1
1
1
1
1
1
1
1
1
1
1
1
1
1
1
1
1
1
1
1
1
1
1
1
1
1
1
1
1
1
1
1
1
1
1
1
1
1
1
1
1
1
1
1
1
1
1
1
1
1
1
1
1
1
1
1
1
1
1
1
1
1
1
1
1
1
1
1
1
1
1
1
1
1
1
1
1
1
1
1
1
1
1
1
1
0.999999
0.999998
0.999995
0.999994
0.999993
0.999989
0.999966
0.999891
0.999646
0.999427
0.999451
0.999554
0.999706
0.999808
0.99986
0.999857
0.999806
0.999616
0.999044
0.99894
0.999047
0.999336
0.999615
0.99977
0.99985
0.999895
0.999924
0.999941
0.999951
0.999958
0.999962
0.999964
0.999967
0.999968
0.999968
0.999965
0.999956
0.999952
0.999951
0.999949
0.99994
0.99989
0.9997
0.999156
0.997443
0.991787
0.987728
0.982233
0.964485
0.919757
0.906262
0.924562
0.937415
0.940373
0.949112
0.957826
0.961613
0.963105
0.963481
0.962297
0.96099
0.958695
0.956412
0.954053
0.951812
1
1
1
1
1
1
1
1
1
1
1
1
1
1
1
1
1
1
1
1
1
1
1
1
1
1
1
1
1
1
1
1
1
1
1
1
1
1
1
1
1
1
1
1
1
1
1
1
1
1
1
1
1
1
1
1
1
1
1
1
1
1
1
1
1
1
1
1
1
1
1
1
1
1
1
1
1
1
1
1
1
1
1
1
1
1
1
1
1
1
1
1
1
1
1
1
1
1
1
1
1
1
1
1
1
1
1
1
1
1
1
1
0.999999
0.999998
0.999994
0.999988
0.999973
0.999963
0.999963
0.999961
0.999937
0.999783
0.999384
0.99853
0.998221
0.998303
0.998606
0.999189
0.999542
0.999686
0.999644
0.999208
0.997813
0.996674
0.996642
0.996925
0.997834
0.998875
0.999421
0.999665
0.999783
0.999847
0.999879
0.999892
0.9999
0.999908
0.999916
0.999925
0.99993
0.99993
0.999925
0.999916
0.999915
0.999914
0.999913
0.999906
0.999858
0.999662
0.999081
0.997481
0.992396
0.987928
0.98269
0.968055
0.915798
0.877124
0.892885
0.92918
0.938474
0.941213
0.949446
0.953936
0.955946
0.95675
0.957009
0.956166
0.954571
0.951933
0.948126
0.944467
1
1
1
1
1
1
1
1
1
1
1
1
1
1
1
1
1
1
1
1
1
1
1
1
1
1
1
1
1
1
1
1
1
1
1
1
1
1
1
1
1
1
1
1
1
1
1
1
1
1
1
1
1
1
1
1
1
1
1
1
1
1
1
1
1
1
1
1
1
1
1
1
1
1
1
1
1
1
1
1
1
1
1
1
1
1
1
1
1
1
1
1
1
1
1
1
1
1
1
1
1
1
1
1
1
1
1
1
1
1
0.999999
0.999996
0.99999
0.999971
0.999948
0.9999
0.999788
0.999791
0.999823
0.999829
0.999703
0.998874
0.998199
0.997795
0.99758
0.99764
0.997909
0.998401
0.999042
0.999349
0.998822
0.995794
0.995547
0.995614
0.99572
0.995993
0.996674
0.997936
0.998851
0.999314
0.999541
0.99968
0.999756
0.999788
0.999804
0.999817
0.999833
0.99985
0.999858
0.999858
0.999854
0.999854
0.999858
0.99986
0.99986
0.999855
0.999812
0.999628
0.999051
0.997433
0.992029
0.986685
0.981987
0.970252
0.921681
0.844286
0.837542
0.901194
0.935059
0.938854
0.941108
0.946578
0.949301
0.950062
0.950133
0.94947
0.9479
0.945424
0.94146
0.937482
1
1
1
1
1
1
1
1
1
1
1
1
1
1
1
1
1
1
1
1
1
1
1
1
1
1
1
1
1
1
1
1
1
1
1
1
1
1
1
1
1
1
1
1
1
1
1
1
1
1
1
1
1
1
1
1
1
1
1
1
1
1
1
1
1
1
1
1
1
1
1
1
1
1
1
1
1
1
1
1
1
1
1
1
1
1
1
1
1
1
1
1
1
1
1
1
1
1
1
1
1
1
1
1
1
1
1
0.999999
0.999998
0.999995
0.999986
0.999957
0.999906
0.999783
0.999651
0.999306
0.99898
0.999082
0.999371
0.999495
0.998644
0.99782
0.997931
0.997696
0.997429
0.997462
0.997698
0.998347
0.999061
0.998878
0.993876
0.993699
0.995428
0.99582
0.995856
0.996008
0.996534
0.997596
0.998416
0.998984
0.999361
0.999555
0.999621
0.999645
0.999672
0.999699
0.999724
0.999743
0.999749
0.999745
0.999737
0.99974
0.999754
0.999756
0.999755
0.999754
0.999717
0.999535
0.998922
0.996946
0.990219
0.984521
0.980654
0.971758
0.936015
0.829156
0.766128
0.829814
0.921511
0.937821
0.937929
0.937872
0.93934
0.940684
0.94125
0.94089
0.939644
0.937899
0.935723
0.934394
1
1
1
1
1
1
1
1
1
1
1
1
1
1
1
1
1
1
1
1
1
1
1
1
1
1
1
1
1
1
1
1
1
1
1
1
1
1
1
1
1
1
1
1
1
1
1
1
1
1
1
1
1
1
1
1
1
1
1
1
1
1
1
1
1
1
1
1
1
1
1
1
1
1
1
1
1
1
1
1
1
1
1
1
1
1
1
1
1
1
1
1
1
1
0.999999
0.999999
0.999999
0.999999
1
1
1
1
1
1
1
0.999999
0.999994
0.999984
0.999969
0.999936
0.999846
0.999616
0.999335
0.998824
0.99833
0.997205
0.997358
0.997761
0.99882
0.998832
0.996838
0.997533
0.998061
0.997748
0.997475
0.99754
0.997832
0.998661
0.999021
0.994592
0.987741
0.993364
0.99649
0.996298
0.996059
0.996175
0.996739
0.997692
0.998429
0.998921
0.999203
0.999315
0.999373
0.999442
0.999487
0.999505
0.999525
0.999542
0.999546
0.999539
0.999536
0.999544
0.999554
0.999536
0.999524
0.999525
0.999473
0.999196
0.998383
0.995977
0.98846
0.982652
0.979402
0.972552
0.947988
0.851269
0.716873
0.716008
0.869103
0.93401
0.939417
0.937087
0.935421
0.934917
0.934738
0.934773
0.934793
0.934381
0.933645
0.93313
1
1
1
1
1
1
1
1
1
1
1
1
1
1
1
1
1
1
1
1
1
1
1
1
1
1
1
1
1
1
1
1
1
1
1
1
1
1
1
1
1
1
1
1
1
1
1
1
1
1
1
1
1
1
1
1
1
1
1
1
1
1
1
1
1
1
1
1
1
1
1
1
1
1
1
1
1
1
1
1
1
1
1
1
1
1
1
1
1
1
1
1
0.999999
0.999994
0.999982
0.999981
0.999984
0.999991
0.999996
0.999998
0.999999
1
1
0.999999
0.999993
0.999961
0.99987
0.999778
0.999657
0.999343
0.998524
0.997713
0.996719
0.996115
0.995192
0.994917
0.997022
0.998401
0.998554
0.997146
0.996126
0.997206
0.997987
0.998152
0.998113
0.998174
0.998452
0.998694
0.997177
0.980142
0.981945
0.992798
0.996516
0.996914
0.996559
0.996669
0.997241
0.997965
0.998543
0.998908
0.999077
0.999206
0.999317
0.99934
0.999244
0.998712
0.998439
0.998349
0.998359
0.998328
0.998285
0.99831
0.998286
0.998234
0.998321
0.998551
0.998452
0.997643
0.996708
0.994668
0.985574
0.975502
0.973476
0.969579
0.954538
0.896491
0.725543
0.613573
0.733287
0.904876
0.93986
0.944254
0.942547
0.939955
0.937995
0.93707
0.936946
0.936722
0.935901
0.935387
1
1
1
1
1
1
1
1
1
1
1
1
1
1
1
1
1
1
1
1
1
1
1
1
1
1
1
1
1
1
1
1
1
1
1
1
1
1
1
1
1
1
1
1
1
1
1
1
1
1
1
1
1
1
1
1
1
1
1
1
1
1
1
1
1
1
1
1
1
1
1
1
1
1
1
1
1
1
1
1
1
1
1
1
1
1
1
1
1
1
1
0.999995
0.999971
0.999883
0.999742
0.999761
0.999856
0.999949
0.999984
0.999994
0.999998
1
0.999999
0.999963
0.999725
0.998886
0.998269
0.998022
0.997111
0.995445
0.995024
0.995003
0.995246
0.99516
0.99373
0.993249
0.995236
0.996782
0.997036
0.994764
0.993504
0.995225
0.997177
0.998039
0.998271
0.998194
0.997953
0.996172
0.985311
0.960349
0.96423
0.983837
0.994469
0.997363
0.99779
0.99781
0.998167
0.998519
0.998796
0.99897
0.999118
0.99922
0.999195
0.997879
0.9912
0.979301
0.977135
0.977907
0.980877
0.983706
0.984713
0.985646
0.986324
0.987168
0.989838
0.99202
0.991052
0.986602
0.981976
0.970289
0.946386
0.943717
0.952236
0.957359
0.950486
0.921449
0.804108
0.583074
0.553341
0.780996
0.903344
0.939674
0.952057
0.957522
0.960434
0.961968
0.96262
0.962132
0.960647
0.959572
1
1
1
1
1
1
1
1
1
1
1
1
1
1
1
1
1
1
1
1
1
1
1
1
1
1
1
1
1
1
1
1
1
1
1
1
1
1
1
1
1
1
1
1
1
1
1
1
1
1
1
1
1
1
1
1
1
1
1
1
1
1
1
1
1
1
1
1
1
1
1
1
1
1
1
1
1
1
1
1
1
1
1
1
1
1
1
1
1
1
0.999989
0.99989
0.999467
0.998234
0.996844
0.997252
0.998793
0.999858
0.999978
0.999858
0.999243
0.998314
0.997363
0.994745
0.991853
0.99071
0.991492
0.993379
0.99409
0.994844
0.994926
0.994683
0.994581
0.994137
0.992444
0.991649
0.991518
0.992765
0.993222
0.991455
0.990565
0.991507
0.993544
0.994959
0.995464
0.994748
0.991628
0.981944
0.957463
0.935063
0.932774
0.956422
0.979116
0.992212
0.99753
0.998465
0.998546
0.998655
0.998734
0.99857
0.99761
0.993651
0.97683
0.923956
0.87884
0.866814
0.870178
0.891017
0.906503
0.907178
0.900376
0.894189
0.894578
0.899008
0.915608
0.934632
0.933644
0.925408
0.8982
0.874454
0.87564
0.900235
0.92761
0.93383
0.930882
0.911465
0.836481
0.598711
0.466857
0.521218
0.701866
0.799294
0.852674
0.88033
0.8959
0.906168
0.91468
0.925527
0.935569
0.940438
1
1
1
1
1
1
1
1
1
1
1
1
1
1
1
1
1
1
1
1
1
1
1
1
1
1
1
1
1
1
1
1
1
1
1
1
1
1
1
1
1
1
1
1
1
1
1
1
1
1
1
1
1
1
1
1
1
1
1
1
1
1
1
1
1
1
1
1
1
1
1
1
1
1
1
1
1
1
1
1
1
1
1
1
1
1
1
1
0.999998
0.999981
0.99982
0.998965
0.99661
0.990408
0.982679
0.980964
0.980974
0.982111
0.984281
0.986706
0.988385
0.989172
0.989643
0.98971
0.989629
0.989416
0.990774
0.99309
0.993768
0.99408
0.994289
0.99405
0.994516
0.994387
0.993486
0.991559
0.990244
0.990017
0.990153
0.989595
0.989579
0.990251
0.990111
0.989108
0.987423
0.9853
0.98134
0.975222
0.961025
0.934527
0.921334
0.930221
0.938475
0.943636
0.947791
0.95021
0.946596
0.937642
0.919845
0.89739
0.876711
0.863553
0.858196
0.850141
0.82568
0.817199
0.819939
0.83406
0.8469
0.85548
0.863591
0.87102
0.87913
0.891045
0.903676
0.906902
0.904546
0.868701
0.777899
0.767785
0.784883
0.805069
0.812069
0.804514
0.777911
0.716762
0.59983
0.479881
0.426205
0.430827
0.464258
0.469348
0.456697
0.423856
0.37123
0.338361
0.334582
0.362235
0.415403
0.438801
0.580619
0.631527
0.653671
0.665667
0.672655
0.67175
0.668608
0.662533
0.655762
0.647643
0.642871
0.634415
0.624023
0.604433
0.579786
0.541649
0.501718
0.45175
0.405841
0.351982
0.305025
0.257942
0.210116
0.178594
0.130456
0.66147
0.779022
0.82197
0.831943
0.849888
0.874126
0.899027
0.918191
0.930551
0.93602
0.936757
0.936684
0.936824
0.936479
0.936241
0.935341
0.932958
0.928069
0.917856
0.904445
0.881418
0.861962
0.833377
0.806955
0.77793
0.809289
0.853499
0.890875
0.906739
0.918797
0.929604
0.937685
0.942928
0.946374
0.948489
0.949176
0.948416
0.946874
0.945726
0.944767
0.944451
0.94494
0.946335
0.94699
0.946564
0.943227
0.93633
0.929832
0.922166
0.908123
0.867243
0.880912
0.907237
0.920166
0.926545
0.931471
0.935959
0.940545
0.945863
0.951082
0.955493
0.959227
0.961041
0.959895
0.95501
0.949633
0.947029
0.94693
0.948471
0.949305
0.949253
0.947865
0.943856
0.941477
0.933729
0.887939
0.892503
0.910811
0.921249
0.924126
0.92257
0.919694
0.92151
0.929686
0.941279
0.951995
0.960258
0.966502
0.971228
0.973737
0.972361
0.964506
0.95703
0.9541
0.953349
0.952952
0.952272
0.949434
0.946935
0.94068
0.899774
0.899645
0.910351
0.918609
0.913522
0.886542
0.868683
0.869527
0.887859
0.90978
0.930605
0.947949
0.96117
0.97054
0.976628
0.980185
0.980553
0.977495
0.9704
0.965183
0.962455
0.960434
0.955379
0.951875
0.943876
0.911904
0.906264
0.909837
0.910558
0.889765
0.851699
0.836158
0.834865
0.845079
0.871958
0.899418
0.923932
0.94469
0.961496
0.973605
0.980709
0.98416
0.984604
0.983437
0.979741
0.976196
0.97332
0.965695
0.959906
0.947834
0.92624
0.91218
0.909726
0.903384
0.869163
0.83474
0.824074
0.822991
0.826593
0.839659
0.868131
0.896856
0.922578
0.945561
0.964605
0.977628
0.984403
0.987052
0.987212
0.986521
0.984934
0.982989
0.976947
0.970098
0.954286
0.943156
0.920732
0.912626
0.898871
0.856032
0.827555
0.820439
0.819899
0.821271
0.825578
0.837782
0.866215
0.896953
0.925545
0.951178
0.970793
0.982518
0.987737
0.989131
0.989117
0.988606
0.987268
0.983503
0.977807
0.961505
0.956916
0.930622
0.917954
0.898066
0.851182
0.82578
0.819922
0.819645
0.820382
0.822255
0.82677
0.838965
0.868635
0.902263
0.934385
0.960856
0.978305
0.987175
0.990573
0.991066
0.990876
0.990025
0.987424
0.981689
0.965594
0.964648
0.941037
0.924935
0.899579
0.851296
0.825891
0.820225
0.820169
0.820912
0.821988
0.824401
0.829934
0.84503
0.878695
0.915607
0.94857
0.972038
0.985154
0.990856
0.992667
0.992827
0.99249
0.990825
0.984976
0.968313
0.967958
0.950373
0.932184
0.902614
0.852611
0.826614
0.821591
0.822247
0.822746
0.823198
0.824354
0.827753
0.83565
0.858373
0.896899
0.9349
0.964182
0.981868
0.990284
0.993305
0.993753
0.99356
0.992296
0.986962
0.971722
0.968929
0.957658
0.939922
0.907405
0.855148
0.828441
0.825182
0.827488
0.827245
0.825642
0.82584
0.827648
0.832563
0.84551
0.879783
0.920991
0.955166
0.97741
0.988899
0.993536
0.994746
0.994659
0.993511
0.988173
0.975282
0.969201
0.962294
0.94657
0.913353
0.858357
0.833174
0.833808
0.838987
0.83666
0.83036
0.828355
0.828877
0.831847
0.8398
0.865311
0.908112
0.945907
0.97219
0.986753
0.993177
0.995194
0.995342
0.994486
0.989586
0.979097
0.969419
0.964806
0.951974
0.919056
0.863373
0.842113
0.845348
0.854468
0.851757
0.838874
0.831945
0.830939
0.832106
0.837057
0.854741
0.896772
0.937087
0.966674
0.984114
0.992362
0.995215
0.995613
0.994967
0.990751
0.982856
0.970176
0.966455
0.956032
0.924458
0.869134
0.850098
0.855858
0.86963
0.869445
0.852485
0.83756
0.832931
0.832784
0.835462
0.847991
0.886564
0.929211
0.961306
0.981236
0.991242
0.995005
0.995681
0.995211
0.99177
0.986243
0.971246
0.967689
0.958936
0.929627
0.874899
0.857401
0.86451
0.881264
0.883866
0.869815
0.845802
0.835227
0.833039
0.834255
0.843219
0.877456
0.922382
0.956438
0.978377
0.989968
0.994647
0.995666
0.995344
0.992649
0.988923
0.972774
0.969169
0.961124
0.933941
0.880422
0.864287
0.872762
0.889059
0.892961
0.885492
0.857285
0.838843
0.833249
0.833359
0.839695
0.869497
0.916527
0.952247
0.975754
0.988703
0.99426
0.995666
0.995511
0.993556
0.991021
0.973695
0.970722
0.963366
0.937851
0.885392
0.870143
0.878666
0.894177
0.897898
0.894839
0.871782
0.844377
0.833866
0.83264
0.837161
0.862836
0.911586
0.948803
0.9735
0.98754
0.993916
0.995774
0.995795
0.994535
0.992741
0.973606
0.971704
0.965554
0.942059
0.890336
0.874879
0.881902
0.895389
0.900329
0.899625
0.885476
0.851594
0.835156
0.831895
0.835306
0.85752
0.907434
0.946069
0.971693
0.986546
0.993621
0.995957
0.99618
0.995462
0.994173
0.973019
0.972026
0.967393
0.94635
0.895182
0.878638
0.883381
0.894878
0.901013
0.902181
0.894835
0.86137
0.837395
0.831605
0.833936
0.853288
0.9036
0.943897
0.970324
0.985759
0.993372
0.996149
0.996605
0.996258
0.99538
0.971636
0.971607
0.968477
0.950229
0.900217
0.881891
0.88419
0.891411
0.898184
0.903888
0.900372
0.872005
0.840687
0.831762
0.833171
0.849996
0.899977
0.94211
0.969315
0.98518
0.993184
0.996336
0.997046
0.996936
0.996431
0.969587
0.970722
0.96882
0.954035
0.905209
0.883878
0.884258
0.885644
0.891445
0.90481
0.904188
0.882064
0.844727
0.832344
0.832984
0.84771
0.896846
0.940699
0.96863
0.984815
0.993064
0.996503
0.99747
0.997513
0.997319
0.966922
0.969557
0.96858
0.957055
0.911368
0.886281
0.883005
0.881649
0.886371
0.904809
0.907241
0.890974
0.849309
0.833286
0.833117
0.846196
0.89432
0.939676
0.968254
0.984649
0.993009
0.996634
0.997826
0.99802
0.998008
0.96428
0.968273
0.96804
0.959327
0.917587
0.889162
0.881435
0.87945
0.883398
0.904147
0.910329
0.897976
0.854742
0.83453
0.833456
0.845184
0.892325
0.938971
0.968096
0.984601
0.993008
0.996736
0.99809
0.998416
0.998526
0.961972
0.966854
0.967188
0.960893
0.924276
0.892241
0.881435
0.878835
0.88218
0.903708
0.913436
0.90368
0.860281
0.835979
0.833911
0.844728
0.890898
0.938631
0.968113
0.984741
0.993139
0.996868
0.998301
0.998674
0.998891
0.960099
0.965382
0.966335
0.961902
0.931606
0.895692
0.881823
0.87888
0.882007
0.904196
0.916679
0.908721
0.865606
0.837562
0.834499
0.844658
0.890177
0.938542
0.96839
0.985023
0.993357
0.997024
0.998463
0.998844
0.99914
0.958712
0.963661
0.965363
0.962492
0.939054
0.901056
0.883142
0.879509
0.882922
0.906534
0.92076
0.914008
0.870936
0.839338
0.835342
0.844908
0.889896
0.938833
0.968793
0.985348
0.993593
0.99716
0.998599
0.999002
0.999349
0.957505
0.961862
0.964268
0.9626
0.947309
0.907591
0.885798
0.881576
0.886049
0.911637
0.925536
0.919138
0.875365
0.841109
0.836488
0.845972
0.890958
0.939974
0.969754
0.986015
0.993959
0.997358
0.998756
0.999176
0.999517
0.956518
0.960561
0.963329
0.962429
0.952765
0.917887
0.890224
0.886453
0.892626
0.918914
0.930519
0.923703
0.8784
0.842636
0.83773
0.847402
0.892873
0.941427
0.970748
0.986627
0.994293
0.997565
0.998898
0.99933
0.999637
0.955613
0.959288
0.962392
0.962095
0.956272
0.928991
0.898271
0.89569
0.902724
0.927052
0.935447
0.927656
0.880106
0.843856
0.839034
0.849207
0.895737
0.943711
0.972251
0.987477
0.994721
0.997793
0.999032
0.999454
0.999724
0.954606
0.958294
0.961575
0.961592
0.958286
0.938637
0.909442
0.907958
0.914899
0.934952
0.94007
0.930855
0.880506
0.844802
0.840461
0.851594
0.899502
0.94624
0.973826
0.988363
0.995169
0.998021
0.999157
0.999552
0.999788
0.953998
0.958057
0.960937
0.961121
0.959266
0.945928
0.921938
0.921235
0.926939
0.941718
0.944226
0.933107
0.879674
0.845457
0.841955
0.854612
0.904456
0.949478
0.975725
0.989361
0.995648
0.998252
0.999274
0.999633
0.999835
0.954004
0.958197
0.960543
0.960761
0.959768
0.951519
0.933593
0.933021
0.936902
0.947114
0.947858
0.933963
0.877252
0.845877
0.843571
0.858383
0.910156
0.953044
0.977787
0.990424
0.996146
0.99848
0.999383
0.999701
0.999872
0.954515
0.958541
0.960367
0.960545
0.959885
0.955003
0.942345
0.941349
0.94428
0.951548
0.950993
0.932981
0.87349
0.846216
0.845323
0.863225
0.916675
0.956981
0.98
0.991532
0.996649
0.998701
0.999482
0.999756
0.999899
0.956389
0.959036
0.960084
0.960209
0.959759
0.956138
0.947299
0.946591
0.950298
0.955304
0.95332
0.92932
0.869188
0.846656
0.847265
0.869594
0.923713
0.961172
0.9823
0.992651
0.997141
0.998908
0.999569
0.999801
0.99992
0.957985
0.959175
0.959508
0.959498
0.959222
0.955778
0.950386
0.950792
0.956054
0.958308
0.954325
0.922037
0.864897
0.84723
0.849705
0.877939
0.930934
0.96558
0.984647
0.993754
0.997609
0.999095
0.999643
0.999836
0.999935
0.958578
0.959028
0.959042
0.958963
0.958403
0.955393
0.95375
0.956247
0.960231
0.960264
0.953644
0.912013
0.860592
0.848078
0.852988
0.887963
0.938559
0.970082
0.986953
0.994793
0.99803
0.999254
0.999702
0.999859
0.999943
0.958682
0.958858
0.958959
0.958905
0.958343
0.956859
0.958255
0.961077
0.962177
0.960852
0.950163
0.899017
0.856521
0.849306
0.857631
0.899748
0.94655
0.974594
0.989167
0.995738
0.998386
0.999375
0.99974
0.999871
0.999946
0.958644
0.958827
0.95923
0.959517
0.95965
0.960635
0.961947
0.962858
0.962672
0.960005
0.941744
0.883987
0.853526
0.851095
0.864647
0.913064
0.954599
0.978931
0.991181
0.996538
0.998659
0.999456
0.999761
0.999875
0.999945
0.958288
0.958739
0.959572
0.960504
0.961355
0.962231
0.962843
0.962936
0.962108
0.95649
0.925385
0.871293
0.852358
0.853624
0.876037
0.926695
0.962477
0.983035
0.992989
0.997208
0.998865
0.999506
0.999768
0.99987
0.999937
0.956295
0.957823
0.959155
0.960274
0.961218
0.961948
0.962166
0.961585
0.958826
0.947667
0.902442
0.861467
0.852795
0.858505
0.892671
0.939415
0.969991
0.986754
0.994535
0.997746
0.999018
0.999537
0.999768
0.999859
0.999921
0.953095
0.954595
0.956388
0.957721
0.95859
0.958821
0.95842
0.956912
0.951778
0.928506
0.8791
0.856115
0.854887
0.867772
0.911532
0.951495
0.976764
0.989939
0.995793
0.998173
0.999145
0.999568
0.999771
0.999849
0.999895
0.951669
0.952295
0.953173
0.95392
0.954477
0.954686
0.954243
0.951283
0.938977
0.898444
0.864326
0.85545
0.859038
0.884132
0.928188
0.961971
0.982428
0.992473
0.996761
0.998506
0.999255
0.999606
0.999772
0.999835
0.999856
0.951372
0.951548
0.951801
0.952163
0.952348
0.951907
0.949474
0.940771
0.910511
0.874935
0.858676
0.857757
0.868432
0.903828
0.942513
0.970966
0.987027
0.994438
0.997511
0.998788
0.999371
0.999653
0.999778
0.999814
0.999808
0.951499
0.951194
0.951065
0.950817
0.949916
0.947261
0.939184
0.914574
0.883801
0.864157
0.859247
0.863819
0.88582
0.921135
0.955161
0.978568
0.990714
0.996006
0.998147
0.999054
0.99948
0.999691
0.999777
0.99979
0.999744
0.951673
0.950691
0.949894
0.948297
0.944687
0.934989
0.913461
0.889464
0.871131
0.863025
0.864299
0.879494
0.903945
0.936363
0.966329
0.984898
0.99369
0.997157
0.998534
0.999176
0.99952
0.999691
0.999749
0.999749
0.999626
0.951288
0.949373
0.946766
0.941018
0.928596
0.911037
0.893665
0.878932
0.869451
0.867765
0.87994
0.898948
0.91922
0.950604
0.976407
0.989925
0.995282
0.997562
0.998616
0.999149
0.999446
0.999597
0.999645
0.999634
0.999378
0.948404
0.943883
0.935638
0.923576
0.911309
0.899083
0.887873
0.878546
0.875283
0.884062
0.90316
0.913625
0.933203
0.964947
0.984449
0.992198
0.995666
0.99726
0.998095
0.998622
0.998988
0.999205
0.999279
0.999252
0.998755
0.938555
0.931818
0.924126
0.91554
0.906803
0.897963
0.890068
0.887993
0.896251
0.909012
0.91639
0.924841
0.950215
0.977325
0.988277
0.991821
0.993136
0.994273
0.995503
0.996576
0.997376
0.997853
0.998008
0.997929
0.99703
0.932961
0.928045
0.922294
0.915655
0.909225
0.905086
0.90589
0.911243
0.916467
0.920154
0.924305
0.937715
0.97019
0.984843
0.985415
0.982625
0.982384
0.983571
0.986829
0.990308
0.99255
0.993741
0.994097
0.993922
0.99259
0.931798
0.928563
0.924746
0.921876
0.920403
0.920372
0.92096
0.922228
0.923568
0.926154
0.934585
0.964578
0.982252
0.980741
0.962445
0.94758
0.948073
0.95327
0.965751
0.975346
0.980766
0.983269
0.984266
0.984562
0.985159
0.932169
0.930082
0.928355
0.927225
0.926471
0.926176
0.926516
0.927655
0.930323
0.938288
0.964723
0.982286
0.979304
0.939839
0.869413
0.856722
0.864182
0.892013
0.925268
0.9461
0.958841
0.965374
0.971649
0.974261
0.979639
0.935279
0.933903
0.933314
0.933108
0.933325
0.934338
0.936603
0.941799
0.954518
0.974034
0.984797
0.980121
0.918937
0.734803
0.663871
0.670556
0.722036
0.810866
0.867921
0.904075
0.926006
0.942185
0.952962
0.962602
0.968622
0.960902
0.95841
0.957684
0.959054
0.96119
0.964722
0.969788
0.976372
0.982041
0.983927
0.969875
0.827331
0.477166
0.344372
0.345728
0.433786
0.598586
0.7011
0.760732
0.795951
0.820139
0.833042
0.833425
0.809425
0.744442
0.941195
0.943973
0.946293
0.947048
0.947211
0.945714
0.940144
0.922461
0.869939
0.696956
0.378649
0.178722
0.115316
0.124102
0.206341
0.269574
0.287736
0.283382
0.250554
0.209828
0.189203
0.170635
0.154466
0.137799
0.110578
0.422547
0.445701
0.454003
0.43558
0.411521
0.371728
0.315176
0.239503
0.152682
0.0891154
0.0677581
0.0530031
0.0317732
0.0163022
0.00709452
0.00258327
0.0011033
0.000655241
0.00039072
0.000221671
0.000221779
0.000121459
0.000431753
0.00023162
0.00114411
)
;

boundaryField
{
    inlet
    {
        type            fixedValue;
        value           uniform 1;
    }
    outlet
    {
        type            inletOutlet;
        inletValue      uniform 0;
        value           nonuniform List<scalar> 
57
(
0.130456
0.77793
0.908123
0.933729
0.94068
0.943876
0.947834
0.954286
0.961505
0.965594
0.968313
0.971722
0.975282
0.979097
0.982856
0.986243
0.988923
0.991021
0.992741
0.994173
0.99538
0.996431
0.997319
0.998008
0.998526
0.998891
0.99914
0.999349
0.999517
0.999637
0.999724
0.999788
0.999835
0.999872
0.999899
0.99992
0.999935
0.999943
0.999946
0.999945
0.999937
0.999921
0.999895
0.999856
0.999808
0.999744
0.999626
0.999378
0.998755
0.99703
0.99259
0.985159
0.979639
0.968622
0.744442
0.110578
0.00114411
)
;
    }
    upperWall
    {
        type            zeroGradient;
    }
    lowerWall
    {
        type            zeroGradient;
    }
    frontAndBack
    {
        type            empty;
    }
}


// ************************************************************************* //
