/*--------------------------------*- C++ -*----------------------------------*\
| =========                 |                                                 |
| \\      /  F ield         | OpenFOAM: The Open Source CFD Toolbox           |
|  \\    /   O peration     | Version:  2112                                  |
|   \\  /    A nd           | Website:  www.openfoam.com                      |
|    \\/     M anipulation  |                                                 |
\*---------------------------------------------------------------------------*/
FoamFile
{
    version     2.0;
    format      ascii;
    arch        "LSB;label=32;scalar=64";
    class       volScalarField;
    location    "0.077";
    object      nut;
}
// * * * * * * * * * * * * * * * * * * * * * * * * * * * * * * * * * * * * * //

dimensions      [0 2 -1 0 0 0 0];

internalField   nonuniform List<scalar> 
12225
(
0
0
0
0
0
0
0
0
0
0
0
0
0
0
0
0
0
3.60073e-09
0
0
0
0
0
0
0
0
0
0
0
0
0
0
0
0
0
1.16027e-09
0
0
0
0
0
0
0
0
0
0
0
0
0
0
0
0
0
1.11859e-09
6.12564e-08
0
0
1.37264e-09
0
0
0
0
0
0
0
0
0
0
0
6.88856e-10
0
4.27369e-09
0
0
0
2.79118e-07
0
0
0
0
0
0
0
0
0
0
0
0
0
0
0
0
0
0
0
0
0
0
0
0
0
0
0
0
0
0
0
0
0
0
0
0
0
0
0
0
0
0
0
0
0
0
0
0
0
0
0
0
0
0
0
0
0
0
0
0
0
0
0
0
0
0
0
0
0
0
2.90453e-07
2.10794e-09
0
0
0
0
0
0
0
0
0
0
0
0
0
0
0
0
0
0
0
0
0
0
0
0
0
0
0
0
0
0
0
0
7.26607e-07
0
0
0
0
0
0
2.11622e-07
3.00677e-07
0
0
0
0
0
0
0
0
0
7.96796e-07
0
0
0
0
0
0
0
0
0
0
0
0
0
0
0
0
0
4.41375e-07
0
0
0
0
0
0
0
0
0
0
0
0
0
0
0
0
0
2.56764e-07
7.19582e-07
7.89963e-08
0
0
0
0
0
0
0
0
0
0
0
0
0
0
0
0
2.12812e-07
2.03823e-07
0
0
0
0
0
0
0
0
0
3.0969e-07
1.15092e-07
0
0
0
0
0
0
0
0
0
0
0
0
0
0
0
5.87261e-07
7.6254e-07
2.66585e-07
6.79925e-09
0
1.48829e-08
5.93358e-08
0
0
0
0
0
0
0
0
0
0
0
1.94749e-07
2.27189e-07
7.20381e-08
0
0
0
1.03398e-07
1.07581e-06
1.0567e-06
0
0
5.10244e-07
3.86995e-07
2.6387e-08
0
0
0
0
3.06236e-08
7.41285e-08
3.76008e-08
5.19852e-08
1.98288e-07
3.70171e-07
4.80224e-07
0
0
0
1.48291e-06
1.38033e-06
2.0974e-06
2.35397e-06
1.0163e-06
1.09164e-06
1.2486e-06
7.32058e-07
1.6467e-07
1.33067e-07
4.08626e-07
6.48329e-07
7.60085e-07
7.38062e-07
5.98367e-07
4.50351e-07
3.9973e-07
0
0
0
1.39683e-06
2.17178e-06
1.72042e-06
9.23142e-07
1.54252e-06
1.93058e-06
1.85321e-06
1.22868e-06
8.70349e-07
6.71928e-07
4.73523e-07
2.83476e-07
1.53682e-07
0
0
0
0
0
0
0
0
0
0
0
1.01543e-06
1.1108e-06
4.23871e-07
6.24588e-08
0
2.11473e-07
5.73648e-07
0
0
1.53761e-07
4.39633e-07
5.42747e-07
1.03507e-07
5.3763e-07
1.31223e-06
0
0
0
3.12425e-08
6.47586e-07
2.12577e-07
0
0
7.8954e-08
3.16853e-07
2.72909e-07
5.16233e-07
1.1558e-06
1.22302e-06
7.23011e-07
4.85573e-07
1.01245e-06
2.02812e-06
1.28756e-06
0
0
0
3.0746e-07
1.95214e-07
2.83278e-08
7.90376e-10
5.00797e-08
1.26192e-07
4.10317e-07
2.97896e-07
1.02749e-06
1.24529e-06
6.82395e-07
3.02547e-07
4.90459e-07
9.79252e-07
1.59178e-06
1.47845e-06
1.09727e-06
9.59084e-07
7.87568e-07
6.02737e-07
4.47165e-07
2.9749e-07
1.49737e-07
2.21373e-08
1.78894e-07
2.15044e-07
7.60211e-07
8.57587e-07
6.30892e-09
0
0
1.42231e-07
4.7765e-07
8.89414e-07
1.10696e-06
1.10216e-06
1.02627e-06
9.66507e-07
8.60346e-07
5.88241e-07
1.99154e-07
0
5.24121e-07
2.98462e-08
7.97666e-08
1.15669e-07
0
0
0
2.77196e-07
6.26683e-07
8.45906e-07
9.02838e-07
7.47557e-07
2.01363e-07
0
0
1.86503e-07
1.85826e-07
1.44473e-07
2.08572e-08
2.75951e-08
8.85237e-09
0
0
0
0
0
2.65806e-10
0
0
0
0
0
0
2.19589e-10
4.54407e-10
7.01889e-11
0
0
0
0
0
0
0
0
0
0
0
0
0
0
0
0
0
0
0
0
0
0
0
0
0
0
0
0
0
0
0
0
0
0
0
0
0
0
0
0
0
0
0
0
0
0
0
0
0
0
0
0
0
0
0
1.04301e-05
2.63182e-05
0
0
0
0
0
2.40717e-06
3.60361e-06
2.26444e-06
4.23783e-07
0
0
0
0
0
0
0
0
0
0
0
0
0
0
0
0
0
0
0
0
0
0
3.50978e-08
1.35904e-07
2.22414e-07
2.60938e-07
2.78745e-07
2.65087e-07
7.19993e-08
0
4.24214e-07
8.68192e-07
2.55218e-07
0
0
0
0
0
0
0
0
0
1.03041e-06
4.95893e-07
0
0
0
0
0
2.38986e-08
0
0
0
0
9.60942e-07
7.68179e-06
1.46181e-05
2.09216e-05
2.58819e-05
3.07495e-05
4.12974e-05
2.72985e-05
3.7902e-06
0
0
9.33526e-07
2.20541e-06
9.47846e-07
6.20203e-07
3.9538e-07
1.62374e-07
0
0
0
0
0
0
0
0
0
0
0
0
0
0
0
0
0
0
0
0
0
0
0
0
0
0
0
0
0
0
0
0
0
0
0
0
0
0
0
0
0
0
0
3.07224e-07
4.11494e-07
3.24315e-07
2.17287e-07
1.31185e-07
7.72793e-08
3.99944e-08
1.07815e-08
0
0
0
0
0
0
0
0
0
0
0
0
0
0
0
0
0
0
0
0
0
0
0
5.06078e-08
4.95932e-08
0
0
0
0
0
0
3.66628e-08
3.32556e-07
2.15611e-07
9.73045e-08
4.54499e-08
4.00729e-08
5.89571e-08
4.72523e-08
6.59167e-09
0
2.12724e-08
5.5297e-08
0
0
0
0
0
0
0
0
0
0
0
3.17152e-06
4.97631e-06
3.92876e-06
1.28987e-06
0
0
0
0
0
0
0
0
0
0
0
0
0
0
0
0
0
0
0
0
0
0
0
1.27017e-07
2.60305e-07
3.2683e-07
3.62178e-07
4.23734e-07
2.16805e-07
0
7.81776e-07
1.82223e-06
1.12404e-07
0
0
0
0
0
0
0
0
0
0
3.12109e-07
2.13602e-07
0
0
0
0
0
2.15483e-07
1.09799e-06
1.58555e-06
2.68841e-06
7.7979e-06
1.57491e-05
2.26172e-05
2.42408e-05
2.56042e-05
2.27129e-05
1.40259e-05
4.09877e-06
0
0
0
0
1.89943e-06
9.08376e-07
7.88685e-07
5.29214e-07
1.84816e-07
0
0
0
0
0
0
0
0
0
0
0
0
0
0
0
0
0
0
0
0
0
0
0
0
0
0
0
0
0
0
0
0
0
0
0
0
0
0
0
0
0
0
0
0
0
0
0
0
0
0
0
0
0
5.71542e-09
4.82449e-08
1.03572e-07
1.55377e-07
1.57677e-07
6.7536e-08
0
0
0
0
0
0
0
0
0
0
0
0
0
0
0
0
0
0
0
0
0
0
0
0
1.54631e-07
1.86732e-07
9.27051e-08
3.80165e-08
2.81667e-08
4.47002e-08
4.02534e-08
1.13236e-08
0
1.56275e-09
5.15484e-08
3.63574e-08
0
0
1.15018e-05
9.34847e-06
4.83819e-06
1.19618e-06
0
0
0
0
0
0
0
0
0
0
0
0
0
0
0
0
0
0
0
0
0
0
0
0
0
0
0
0
0
0
0
0
8.42234e-07
1.67875e-06
2.08311e-06
2.62852e-06
2.58218e-06
1.16887e-06
2.28025e-06
4.90029e-06
1.594e-06
0
0
0
0
0
4.74881e-07
1.66375e-06
1.55035e-06
2.17613e-06
1.10632e-06
0
4.32561e-07
1.9374e-06
0
0
0
0
0
0
0
0
2.92133e-06
3.4156e-06
1.60627e-06
0
0
0
0
0
0
0
0
0
6.44141e-07
1.10882e-06
2.27182e-06
1.52094e-06
2.96638e-07
0
0
0
0
0
0
0
0
0
0
0
0
0
0
0
0
0
0
0
0
0
0
0
0
0
0
0
0
0
0
0
0
0
0
0
0
0
0
0
0
0
0
0
0
0
0
0
0
0
0
0
0
0
0
0
0
8.62662e-08
5.88048e-07
9.39552e-07
7.01243e-07
9.69814e-08
0
0
0
0
0
0
0
0
0
0
0
0
0
0
0
0
0
0
0
0
0
0
0
1.3808e-07
8.29178e-08
1.47526e-08
0
3.08956e-09
2.82348e-08
5.09149e-08
0
0
3.79975e-08
1.65343e-07
2.01044e-07
0
5.5115e-06
7.21267e-06
6.05939e-06
3.98704e-06
0
0
0
0
0
0
0
0
0
0
0
0
0
0
0
0
0
0
0
0
0
0
0
0
0
0
0
0
0
0
0
0
0
0
3.1098e-07
3.02457e-06
5.02305e-06
5.64316e-06
5.44482e-06
5.09578e-06
2.08132e-06
0
0
6.18919e-07
3.84882e-06
8.98867e-06
1.13831e-05
9.22308e-06
7.38771e-06
7.15142e-06
1.51739e-06
0
0
0
0
0
0
0
0
0
9.29505e-07
2.30073e-06
2.11389e-06
1.25026e-06
0
0
0
0
0
0
0
0
0
0
0
0
0
0
0
0
0
0
0
0
0
0
0
0
0
0
0
0
0
0
0
0
0
0
0
0
0
0
0
0
0
0
0
0
0
0
0
0
0
0
0
0
0
0
0
0
0
0
0
0
0
0
0
0
0
0
0
0
0
0
0
0
0
0
0
0
0
0
0
0
0
0
0
0
0
0
0
0
0
0
0
0
0
0
0
0
0
7.86985e-07
1.72785e-06
1.54706e-06
8.28611e-07
5.51054e-08
0
0
2.99238e-07
9.71149e-07
7.51723e-07
2.28483e-07
0
9.95134e-08
1.32607e-06
0
2.14684e-06
4.27448e-06
3.00234e-06
0
0
0
0
0
0
9.11631e-07
1.38119e-06
9.29024e-07
8.59469e-08
0
0
0
0
0
0
0
0
0
0
0
0
0
0
0
0
0
0
0
0
0
0
0
0
0
0
0
0
5.419e-07
6.16911e-07
0
0
0
0
4.85924e-07
6.56865e-07
3.18271e-07
0
0
0
0
0
0
0
0
0
0
0
0
4.54012e-07
1.32082e-06
2.12091e-06
2.08097e-06
1.90061e-06
2.1001e-06
2.30727e-06
1.70827e-06
0
0
0
0
0
0
0
0
0
0
0
0
0
0
0
0
0
6.694e-08
1.11452e-07
9.2954e-08
1.53147e-07
1.35928e-07
1.02348e-07
5.42147e-08
0
0
0
0
0
0
0
0
0
0
0
0
0
0
0
0
0
0
0
0
0
0
0
0
0
0
0
0
0
0
0
0
0
0
0
5.45599e-08
1.08524e-08
0
0
0
0
0
0
0
0
0
0
0
1.85804e-07
1.16766e-07
0
0
0
0
0
0
0
0
0
0
0
0
0
0
0
0
0
0
0
0
1.80257e-06
6.8067e-06
7.02825e-06
5.45503e-06
3.43933e-06
1.44469e-06
0
1.52645e-06
5.59586e-06
7.1907e-06
7.03057e-06
6.02428e-06
3.35297e-06
0
0
0
0
0
0
0
0
0
0
0
0
0
0
0
0
0
0
0
0
0
0
0
0
0
0
0
8.08192e-08
3.86392e-07
6.45679e-07
8.16893e-07
8.50987e-07
7.37003e-07
4.40179e-07
0
0
0
0
0
0
0
0
0
0
0
0
0
0
0
4.43897e-08
0
0
0
0
0
0
0
0
0
0
0
0
0
0
6.61264e-07
9.77985e-07
1.39459e-06
1.93232e-06
2.55201e-06
3.58741e-06
5.21353e-06
7.31006e-06
9.60375e-06
1.14799e-05
9.47651e-06
0
0
0
0
0
0
0
0
0
0
0
0
0
7.67512e-08
0
0
0
0
0
0
0
0
0
0
0
1.40585e-08
0
0
0
0
0
0
0
0
0
0
0
0
0
0
0
0
0
0
0
0
0
0
0
0
0
0
0
0
0
0
0
0
0
7.26739e-08
1.25406e-07
1.52754e-07
8.81452e-08
0
0
0
0
0
0
0
8.87412e-07
1.00075e-06
2.64226e-07
0
0
0
0
0
0
0
0
0
0
0
0
0
0
0
0
0
1.35465e-07
4.86022e-06
0
1.24375e-05
1.19433e-05
8.29123e-06
4.93919e-06
1.96731e-06
8.36247e-07
4.26493e-06
6.35688e-06
6.36743e-06
6.52912e-06
5.80145e-06
2.76869e-06
0
0
0
0
0
0
0
0
0
0
0
0
0
0
0
0
0
0
0
0
0
4.74875e-08
2.28097e-07
4.43292e-07
6.79465e-07
9.53728e-07
1.2368e-06
1.46154e-06
1.59768e-06
1.61746e-06
1.46124e-06
1.0823e-06
4.80418e-07
0
0
0
0
0
0
0
0
0
0
0
0
0
0
2.66016e-07
7.99474e-07
0
0
0
0
0
0
0
0
0
0
0
0
0
0
0
0
0
5.34224e-07
1.82093e-06
3.68308e-06
6.37633e-06
1.009e-05
1.44425e-05
1.63971e-05
1.02473e-05
3.13677e-06
4.96283e-07
0
0
0
0
0
0
0
0
2.66391e-07
1.40196e-06
1.01386e-06
7.68688e-07
4.01923e-07
0
0
0
0
0
0
0
0
1.54061e-07
3.38882e-07
5.0766e-07
6.20578e-07
6.56974e-07
6.40331e-07
6.20071e-07
6.06558e-07
5.47347e-07
3.65099e-07
8.60429e-08
0
0
0
0
0
0
0
0
0
0
0
0
0
0
0
0
0
0
0
0
0
0
0
0
0
0
0
0
0
7.11882e-08
1.77218e-07
2.89934e-07
1.50166e-07
0
0
0
4.54682e-07
1.29423e-06
1.36622e-06
7.62668e-07
0
0
0
0
0
0
0
0
2.45968e-07
6.43102e-07
0
0
0
0
0
0
7.42328e-06
2.18646e-05
3.78114e-05
0
5.41803e-06
1.14934e-05
8.92279e-06
5.28602e-06
2.13781e-06
2.55457e-06
5.88401e-06
6.36906e-06
5.91699e-06
6.2702e-06
5.23065e-06
2.97397e-06
0
0
0
0
0
0
0
0
0
0
0
0
0
0
0
0
0
0
8.0978e-08
2.40644e-07
3.98056e-07
5.57859e-07
7.12947e-07
8.49447e-07
9.54656e-07
1.01773e-06
1.02247e-06
9.40567e-07
7.53708e-07
4.36141e-07
0
0
0
0
0
0
0
0
0
0
0
0
0
0
0
0
0
0
0
0
0
0
0
0
0
0
0
0
0
0
0
0
0
0
0
0
6.90678e-07
2.45248e-06
4.26051e-06
5.68895e-06
6.15386e-06
5.22087e-06
3.28787e-06
1.33736e-06
0
0
0
0
0
0
0
0
0
8.41889e-07
3.55244e-06
2.91943e-06
1.84375e-06
1.0566e-06
2.48064e-07
0
0
0
0
9.24892e-08
9.87004e-08
8.96715e-08
1.16453e-07
1.9962e-07
3.39023e-07
5.22701e-07
7.37603e-07
9.81534e-07
1.26881e-06
1.60592e-06
1.90503e-06
2.01277e-06
1.82017e-06
1.38743e-06
7.93869e-07
5.03954e-08
0
0
0
0
0
0
0
0
0
0
0
0
0
0
0
0
0
0
0
0
0
0
0
0
0
0
0
0
0
0
2.50478e-07
5.19465e-07
8.20301e-07
1.20329e-06
1.53966e-06
1.57431e-06
1.24605e-06
6.80088e-07
5.07431e-08
0
0
0
0
0
0
0
1.46121e-07
4.44046e-07
0
0
0
0
0
5.62484e-06
2.57811e-05
4.73479e-05
2.72292e-05
0
0
6.81274e-06
7.22656e-06
4.84116e-06
2.70692e-06
4.60696e-06
6.99255e-06
6.47802e-06
5.39565e-06
6.22456e-06
4.32925e-06
2.59197e-06
0
0
0
0
0
0
0
0
0
0
0
0
0
0
0
0
0
0
0
0
2.24921e-07
7.68865e-07
1.22372e-06
1.58851e-06
1.87021e-06
2.0663e-06
2.18289e-06
2.22267e-06
2.19329e-06
2.09835e-06
1.91344e-06
1.60009e-06
1.1295e-06
5.24956e-07
0
0
0
0
0
2.01417e-07
8.00035e-07
1.19132e-06
1.44701e-06
1.59074e-06
1.45372e-06
9.61441e-07
1.58317e-07
0
0
1.23782e-06
3.66345e-07
0
0
0
0
0
0
0
0
0
0
0
0
0
0
9.49527e-07
2.00488e-06
2.43397e-06
2.31766e-06
1.96972e-06
1.5637e-06
1.07911e-06
5.04787e-07
0
0
0
0
0
0
0
0
0
2.31592e-06
3.03949e-06
1.5552e-06
7.4912e-07
3.22788e-07
7.61443e-08
0
3.91962e-08
3.6007e-07
3.57933e-07
2.77986e-07
1.80601e-07
8.54618e-08
8.19873e-09
0
0
0
0
1.79565e-08
4.74723e-08
1.41524e-07
3.34949e-07
6.06581e-07
8.46802e-07
9.50518e-07
9.39216e-07
8.12253e-07
4.53389e-07
0
0
0
0
0
0
0
0
0
0
0
0
0
0
0
0
0
0
0
0
0
0
0
0
0
0
0
0
0
0
0
2.52e-07
7.51687e-07
1.46934e-06
1.80925e-06
1.33099e-06
5.806e-07
1.05406e-07
0
0
0
0
0
0
0
0
2.09478e-07
4.40295e-07
0
0
0
0
0
5.53289e-06
2.2665e-05
3.10258e-05
6.36718e-06
0
0
2.5152e-06
4.03073e-06
3.44751e-06
3.00887e-06
5.99571e-06
7.52727e-06
6.51516e-06
5.86027e-06
5.37641e-06
3.86883e-06
7.41183e-07
0
0
0
0
0
0
0
0
0
0
0
0
0
0
0
0
0
0
0
0
9.37412e-07
2.01268e-06
2.98252e-06
3.82494e-06
4.54306e-06
5.1393e-06
5.63143e-06
6.03328e-06
6.37755e-06
6.68174e-06
6.91067e-06
7.02127e-06
6.99962e-06
6.79447e-06
6.50813e-06
6.30924e-06
6.24527e-06
6.15237e-06
5.98524e-06
5.81093e-06
5.54154e-06
5.04241e-06
4.39037e-06
3.62712e-06
2.60443e-06
1.13604e-06
0
0
1.03295e-05
9.96746e-06
3.93536e-06
1.54488e-06
2.06922e-07
0
0
0
0
0
0
0
0
0
0
1.77144e-06
2.69102e-06
2.66403e-06
2.14115e-06
1.45909e-06
8.99943e-07
6.05175e-07
4.6878e-07
2.91685e-07
0
0
0
0
0
0
0
0
2.99335e-07
2.73017e-06
1.04897e-06
1.61503e-07
0
0
0
8.71646e-08
8.53739e-07
2.03582e-07
7.8523e-08
9.01113e-08
7.84521e-08
4.34939e-08
0
0
0
0
0
0
0
0
0
0
0
0
0
3.64945e-07
8.55177e-07
1.02099e-06
6.56556e-07
4.51776e-08
0
0
0
0
0
0
0
0
0
0
0
0
0
0
0
0
0
0
0
0
0
0
0
0
0
0
0
0
0
1.58157e-08
2.66619e-07
7.1408e-07
8.04371e-07
0
0
0
0
0
0
0
0
0
0
6.9457e-08
4.55055e-07
5.98556e-07
0
0
0
0
0
0
0
0
0
0
2.44402e-07
1.11889e-06
1.06926e-06
1.19919e-06
1.9491e-06
5.93657e-06
7.06712e-06
5.88047e-06
5.52873e-06
4.65784e-06
3.68289e-06
0
0
0
0
0
0
0
0
0
0
0
0
0
0
0
0
0
0
0
0
1.06903e-06
2.11409e-06
3.08345e-06
3.93954e-06
4.67977e-06
5.29087e-06
5.74857e-06
6.06166e-06
6.24337e-06
6.36113e-06
6.50573e-06
6.61575e-06
6.5602e-06
6.2653e-06
5.76793e-06
5.07232e-06
4.4568e-06
4.14529e-06
4.03557e-06
3.81125e-06
3.24409e-06
2.3532e-06
1.08768e-06
0
0
0
0
0
0
2.48056e-05
1.63086e-05
8.07911e-06
3.8012e-06
1.141e-06
0
0
0
0
0
0
0
0
2.32144e-06
3.92848e-06
3.43134e-06
2.52929e-06
1.76492e-06
1.10402e-06
5.33838e-07
1.58613e-07
3.73892e-08
4.65007e-08
0
0
0
0
0
0
0
0
2.21656e-06
2.76072e-06
9.05591e-07
1.45459e-07
0
0
0
0
3.88881e-07
0
0
0
0
0
0
0
0
0
0
0
0
0
0
0
0
0
0
0
3.64724e-08
9.70861e-07
1.44561e-06
1.04914e-06
1.51411e-07
0
0
0
0
0
0
0
0
0
0
0
0
0
0
0
0
0
0
0
0
0
0
0
0
0
0
0
0
0
0
0
0
0
0
0
0
0
0
0
0
0
0
0
4.80717e-08
4.53361e-07
6.92485e-07
0
0
0
0
0
0
0
0
0
9.25995e-06
6.29168e-06
1.2342e-06
0
0
0
4.66595e-06
5.35014e-06
3.87284e-06
4.68176e-06
4.25568e-06
2.98861e-06
0
0
8.19079e-07
0
0
0
0
0
0
0
0
0
0
0
0
0
0
0
0
0
0
8.59498e-08
8.40909e-07
1.86915e-06
2.94638e-06
3.88949e-06
4.64085e-06
5.13567e-06
5.35777e-06
5.29256e-06
5.13176e-06
4.95273e-06
4.76706e-06
4.52221e-06
4.20876e-06
3.68859e-06
2.99084e-06
2.30415e-06
1.79065e-06
1.18441e-06
0
0
0
0
0
0
0
0
0
3.14725e-05
2.11143e-05
1.13384e-05
5.39601e-06
1.71732e-06
0
0
0
0
0
0
7.30672e-07
3.85951e-06
3.5138e-06
2.3236e-06
1.64762e-06
1.17472e-06
6.82337e-07
1.28842e-07
0
0
0
0
0
0
0
0
0
0
1.49453e-07
2.85957e-06
2.00812e-06
6.58656e-07
1.28734e-07
0
0
0
0
0
0
0
0
0
0
0
0
0
0
0
0
0
0
0
0
0
0
0
0
0
1.96975e-07
1.01788e-06
1.06651e-06
8.94691e-07
5.69769e-07
0
0
0
0
0
0
0
0
0
0
0
0
0
0
0
0
0
0
0
0
0
0
0
0
0
0
0
0
0
0
0
0
0
0
0
0
1.98088e-07
0
0
0
0
0
0
0
6.74209e-08
8.23104e-07
1.80626e-07
0
0
0
0
0
0
0
0
2.59548e-05
1.1137e-05
5.16064e-07
0
0
0
2.64908e-06
2.00846e-06
2.15114e-06
4.25641e-06
4.28053e-06
5.35146e-08
0
4.62596e-06
4.23097e-06
0
0
0
0
0
0
0
0
0
0
7.9017e-07
2.57397e-06
4.02186e-06
4.69841e-06
3.70088e-06
2.19466e-07
0
0
0
0
0
0
7.69511e-07
2.63046e-06
3.59292e-06
3.89657e-06
3.67883e-06
3.3121e-06
3.108e-06
3.07036e-06
2.90682e-06
2.51953e-06
2.00888e-06
1.43623e-06
6.8888e-07
0
0
0
0
0
0
0
0
0
0
0
3.93902e-05
2.48216e-05
1.40366e-05
7.37789e-06
3.28717e-06
8.09243e-07
0
0
0
0
3.06095e-06
3.78474e-06
1.72562e-06
8.06972e-07
6.56113e-07
6.33533e-07
4.58899e-07
2.15752e-08
0
0
0
0
0
0
0
0
0
0
1.31839e-06
2.09077e-06
9.46972e-07
1.51184e-07
0
0
0
0
0
0
0
0
0
0
0
0
0
0
0
0
0
0
0
0
0
0
0
0
0
0
0
1.0491e-06
1.12419e-06
8.8196e-07
1.00541e-06
1.18417e-06
7.23432e-07
0
0
0
0
0
0
0
0
0
0
0
0
0
0
0
0
0
0
0
0
0
0
0
0
0
0
0
0
0
0
0
0
0
0
3.94693e-07
4.62822e-07
7.04361e-08
0
0
0
1.15157e-07
0
0
0
9.97819e-07
4.78438e-07
0
0
0
0
0
0
0
6.27892e-07
3.73519e-05
1.0817e-05
0
0
0
0
0
0
1.74163e-06
4.05211e-06
4.67562e-06
0
0
7.47565e-06
8.24872e-06
2.77921e-06
0
0
0
0
0
0
0
1.57101e-06
4.72793e-06
7.88096e-06
1.10195e-05
1.41476e-05
1.58649e-05
1.02288e-05
0
0
0
0
0
0
0
0
0
5.01561e-07
2.45549e-06
2.77915e-06
2.19864e-06
1.63936e-06
1.39492e-06
1.3125e-06
1.11294e-06
5.56223e-07
0
0
0
0
0
0
0
0
0
0
0
0
8.68321e-06
2.17131e-05
2.07753e-05
1.539e-05
1.01041e-05
5.99727e-06
3.13877e-06
1.65713e-06
1.61967e-06
4.12082e-06
6.11857e-06
2.46472e-06
2.76981e-07
0
0
1.1656e-07
1.81601e-07
6.24297e-09
0
0
0
0
0
0
0
0
0
1.45748e-07
8.76643e-07
9.54921e-07
2.19939e-07
0
0
9.47226e-09
3.79476e-09
0
0
0
0
0
0
0
0
0
0
0
0
0
0
0
0
0
0
0
0
0
0
0
2.05176e-07
1.5244e-06
1.7366e-06
1.37671e-06
8.89963e-07
6.47698e-07
6.91738e-07
7.26693e-07
4.05833e-07
0
0
0
0
0
0
0
0
0
0
0
0
0
0
0
0
0
0
0
0
0
0
0
0
0
0
0
0
0
0
0
0
2.89236e-07
5.82105e-07
5.21752e-07
8.6721e-08
0
0
0
3.29277e-07
4.6265e-07
3.88539e-08
0
1.20738e-06
7.41351e-07
4.08877e-07
5.31998e-07
2.04288e-07
0
0
0
0
3.10652e-06
2.71954e-05
6.09388e-06
0
0
0
0
0
0
2.12455e-06
3.99356e-06
5.4395e-06
0
0
1.09691e-05
1.36382e-05
7.87989e-06
0
0
0
0
0
0
3.73664e-06
8.15317e-06
1.24807e-05
1.69633e-05
2.16008e-05
2.69972e-05
3.06053e-05
1.5921e-05
0
0
0
0
0
0
0
0
0
0
0
1.62975e-06
1.71631e-06
1.18779e-06
7.87883e-07
6.70317e-07
6.76496e-07
5.28381e-07
0
0
0
0
0
0
0
0
0
0
0
1.91699e-06
4.29948e-06
7.11984e-06
9.30856e-06
9.56381e-06
7.95585e-06
5.88217e-06
4.87386e-06
5.70022e-06
8.04575e-06
6.58733e-06
2.67217e-06
6.0418e-07
0
0
0
3.5924e-08
0
0
0
0
0
0
0
0
0
0
0
0
5.65356e-08
0
0
0
3.37536e-08
8.46629e-08
5.12412e-08
0
0
0
0
0
0
0
0
2.16038e-07
5.74349e-07
5.82157e-07
4.37818e-07
2.64011e-07
9.92296e-08
0
0
0
0
0
0
0
0
0
0
0
1.82088e-07
4.61202e-07
4.21422e-07
2.56839e-07
1.54315e-07
2.06702e-07
4.05537e-07
4.03543e-07
0
0
0
0
0
0
0
4.01405e-08
0
0
0
0
0
0
0
0
0
0
0
0
0
8.02998e-07
0
0
0
0
0
0
0
0
1.12864e-07
0
4.35473e-07
5.13248e-07
7.64979e-08
0
0
0
4.97629e-07
1.13812e-06
9.21279e-07
3.30512e-07
1.09862e-06
7.92967e-07
7.37471e-07
1.18374e-06
1.30331e-06
0
0
0
0
6.76531e-07
1.0942e-05
0
0
0
0
0
0
0
3.44076e-06
4.32085e-06
6.8054e-06
0
4.47836e-06
1.58128e-05
1.86989e-05
1.23742e-05
0
0
0
0
1.00513e-07
5.01587e-06
1.14418e-05
1.79478e-05
2.3071e-05
2.75507e-05
3.29673e-05
4.12681e-05
5.17377e-05
4.24314e-05
0
0
0
0
0
1.47255e-06
2.64121e-06
0
0
0
0
0
9.81378e-07
8.28141e-07
4.98506e-07
3.21425e-07
2.77303e-07
2.51694e-07
7.64309e-08
0
0
0
0
0
0
0
0
0
3.06699e-07
1.0775e-06
1.54383e-06
2.15132e-06
3.07732e-06
3.79782e-06
3.96421e-06
4.02557e-06
4.72384e-06
5.82268e-06
5.6891e-06
3.73722e-06
1.96019e-06
9.16715e-07
2.90155e-07
7.13958e-08
1.65489e-07
1.8356e-07
0
0
0
0
0
0
0
0
0
0
0
0
3.9339e-08
1.26354e-08
0
0
0
0
0
0
0
0
0
0
2.01069e-06
5.00467e-06
4.92363e-06
3.16452e-06
2.05911e-06
1.3875e-06
9.20017e-07
5.76566e-07
2.88401e-07
6.73627e-08
0
0
0
0
0
0
0
0
0
0
0
0
0
0
0
0
0
0
0
3.80171e-07
4.13538e-07
1.08749e-07
0
0
2.74368e-08
3.78407e-07
3.18497e-07
0
0
0
0
0
0
0
0
0
0
0
0
4.71493e-06
1.27853e-06
0
0
0
0
0
6.97395e-07
2.41188e-06
4.68426e-06
0
0
1.44442e-07
1.99346e-08
0
0
0
1.06056e-06
2.00038e-06
1.91952e-06
1.32721e-06
4.40894e-07
7.03489e-07
8.98765e-07
1.46278e-06
1.99616e-06
2.88052e-07
1.0433e-06
2.43418e-06
1.63295e-06
1.28526e-06
2.4612e-06
0
0
0
0
0
0
5.84861e-06
4.75851e-06
5.22533e-06
8.35703e-06
0
1.27445e-05
2.02599e-05
2.22043e-05
1.61166e-05
0
0
0
0
0
0
0
2.2873e-06
3.78436e-06
3.68214e-06
1.8378e-06
0
0
0
0
0
0
0
0
0
0
1.09075e-06
0
0
0
0
3.52633e-07
3.49646e-07
1.77602e-07
9.62719e-08
7.54004e-08
6.80183e-08
3.69492e-08
0
0
0
0
0
0
0
0
0
0
2.94065e-07
8.5553e-07
1.16395e-06
1.53247e-06
2.06837e-06
2.58007e-06
3.0454e-06
3.58473e-06
3.83938e-06
3.29753e-06
2.23816e-06
1.46975e-06
1.07908e-06
7.86054e-07
6.18008e-07
5.92936e-07
4.64268e-07
1.00915e-07
0
0
0
0
0
0
0
0
0
0
1.58086e-07
2.24287e-07
1.13063e-07
2.43142e-10
0
0
0
0
0
0
0
0
0
1.13714e-07
4.76626e-06
1.04209e-05
3.73788e-06
1.5567e-06
7.34396e-07
3.88099e-07
2.28632e-07
8.23958e-08
0
0
0
0
0
0
0
0
0
0
0
0
0
0
0
0
0
0
0
0
5.87359e-07
8.61034e-07
7.53934e-07
2.55464e-07
0
0
0
1.85516e-07
0
0
0
0
0
0
0
0
0
0
0
0
3.44701e-06
5.92501e-06
1.34753e-06
2.19497e-07
2.98911e-07
1.14309e-06
2.63359e-06
2.1826e-06
2.76255e-06
5.04949e-06
5.2327e-06
0
0
0
0
2.10761e-08
9.14562e-07
2.20833e-06
2.88842e-06
2.55926e-06
1.89609e-06
8.95676e-07
6.72363e-07
9.75793e-07
1.51048e-06
2.45853e-06
1.08954e-06
9.69191e-07
3.85418e-06
3.92327e-06
2.35931e-06
7.14234e-07
0
0
0
0
0
0
1.18289e-05
4.8138e-06
5.69195e-06
8.17774e-06
1.58693e-05
2.06452e-05
2.21727e-05
2.32561e-05
1.86392e-05
0
0
2.96381e-07
0
0
0
0
0
0
0
0
0
0
0
0
0
0
0
0
0
0
1.63211e-06
1.89385e-06
0
0
7.14088e-07
5.38605e-07
1.37327e-07
0
0
0
0
0
0
0
0
0
0
0
0
0
0
0
1.76108e-07
7.49181e-07
1.06888e-06
1.2339e-06
1.52262e-06
1.87735e-06
2.2215e-06
2.48425e-06
2.44358e-06
1.92635e-06
1.19617e-06
7.52796e-07
6.93105e-07
7.46413e-07
8.01641e-07
8.24796e-07
6.72278e-07
3.11798e-07
0
0
0
0
0
0
2.36011e-07
2.31978e-07
1.16128e-07
1.13223e-07
1.95342e-07
2.18953e-07
1.75374e-07
1.32687e-07
7.73722e-08
0
0
0
0
0
0
0
0
0
0
2.71007e-06
2.29312e-06
7.13407e-07
0
0
0
0
0
0
0
0
0
0
0
0
0
0
0
0
0
0
0
0
0
0
0
1.1445e-07
7.21553e-07
1.17893e-06
1.38284e-06
1.23518e-06
6.43074e-07
0
0
0
0
0
0
0
0
0
0
1.00182e-07
0
0
3.1887e-07
5.49285e-06
3.35773e-06
4.19157e-06
5.00022e-06
1.6326e-06
1.9716e-06
5.72108e-06
4.46923e-06
1.99272e-06
1.86082e-06
3.96924e-06
8.06288e-06
4.06487e-06
0
5.54485e-07
1.44522e-06
1.8917e-06
2.6666e-06
3.51749e-06
3.65821e-06
2.93944e-06
2.1564e-06
1.41186e-06
7.59467e-07
1.0216e-06
1.45224e-06
2.64423e-06
2.44452e-06
2.67371e-08
2.31407e-06
3.09438e-06
2.82771e-06
1.08593e-06
0
0
0
0
1.4976e-06
1.49045e-07
1.14411e-05
3.94153e-06
4.75611e-06
6.43746e-06
2.87132e-05
2.39898e-05
2.1284e-05
2.21889e-05
1.95552e-05
1.15451e-07
3.09528e-07
1.21467e-06
2.1459e-06
1.25492e-07
0
0
0
0
0
0
0
0
0
0
0
4.65421e-06
6.2589e-06
3.05428e-06
1.25377e-06
1.42104e-06
2.27152e-06
2.50678e-06
0
0
1.5408e-06
5.61098e-07
4.96172e-08
0
0
0
0
0
0
0
0
0
0
0
0
0
0
0
1.75783e-07
5.22071e-07
7.74633e-07
9.07913e-07
1.03885e-06
1.20863e-06
1.39606e-06
1.56276e-06
1.5456e-06
1.18192e-06
5.87493e-07
1.64969e-07
1.60861e-07
3.77368e-07
6.07938e-07
7.46974e-07
6.79799e-07
4.13285e-07
3.15616e-08
0
0
0
0
9.2935e-08
3.66696e-07
2.57287e-07
8.58597e-08
4.02822e-08
1.17071e-07
2.08106e-07
2.57742e-07
2.76028e-07
2.28278e-07
6.66977e-09
0
0
0
0
0
0
0
0
0
0
2.51667e-06
1.52367e-06
2.93773e-07
0
0
0
0
0
0
0
0
0
0
0
0
0
0
0
0
0
0
0
0
0
0
3.58389e-07
7.35537e-07
9.29638e-07
1.1462e-06
1.53802e-06
1.35886e-06
7.04816e-07
1.25858e-07
0
0
0
0
2.35121e-07
3.78391e-07
0
0
0
0
1.7598e-08
6.38388e-07
4.47936e-06
5.01748e-06
1.9464e-06
6.65894e-06
4.28908e-06
4.56043e-06
9.86141e-06
6.26048e-06
5.84736e-07
0
6.99215e-07
8.64787e-06
1.03827e-05
1.43463e-05
1.04654e-05
5.57882e-06
4.62085e-06
4.44952e-06
4.56442e-06
4.19423e-06
3.16809e-06
2.26304e-06
1.56497e-06
9.85559e-07
1.09072e-06
1.38128e-06
2.43566e-06
3.2678e-06
0
0
1.24768e-06
2.74761e-06
1.80314e-06
0
0
0
6.06944e-06
0
0
9.081e-06
2.71654e-06
2.85858e-06
4.26054e-06
3.03905e-05
2.24207e-05
1.85447e-05
1.97594e-05
1.89315e-05
4.93956e-07
9.27956e-07
2.20053e-06
3.05594e-06
1.85522e-06
1.76273e-07
0
0
0
0
0
0
0
0
0
0
1.15201e-05
7.06355e-06
3.59614e-06
2.09453e-06
2.11533e-06
3.18143e-06
5.60534e-06
2.0233e-06
3.60208e-06
1.44215e-06
4.01753e-07
2.48686e-08
0
0
0
0
0
0
0
0
0
0
0
0
0
0
9.43693e-08
2.36357e-07
3.45364e-07
4.38952e-07
5.05363e-07
5.74556e-07
6.46422e-07
7.3835e-07
8.44658e-07
8.80066e-07
6.85485e-07
2.52842e-07
0
0
5.63263e-08
2.83697e-07
4.71647e-07
5.06881e-07
3.7211e-07
1.08681e-07
0
0
0
0
0
1.15251e-07
1.39231e-07
2.2785e-08
0
9.34457e-08
2.25366e-07
3.14515e-07
3.50485e-07
3.03643e-07
5.76987e-08
0
0
0
0
0
0
0
0
0
0
1.72687e-06
2.78147e-06
1.757e-06
4.28809e-07
0
0
0
0
0
0
0
0
0
0
0
0
0
0
0
0
0
0
0
0
8.42751e-08
4.43616e-07
5.58303e-07
4.59264e-07
4.7716e-07
8.3737e-07
1.22162e-06
9.44384e-07
3.36887e-07
0
0
0
0
2.84217e-07
5.86225e-07
2.96972e-07
0
0
0
0
1.1389e-07
2.13776e-06
6.29392e-06
1.5187e-06
2.08138e-06
7.44112e-06
8.05013e-06
1.07762e-05
9.23254e-06
1.45294e-06
0
0
1.74992e-06
1.26001e-05
1.8401e-05
8.83687e-06
5.78648e-06
6.00942e-06
5.62527e-06
5.2753e-06
4.53349e-06
3.30954e-06
2.30544e-06
1.53112e-06
1.07903e-06
1.12791e-06
1.2971e-06
1.91445e-06
2.77735e-06
0
0
5.16907e-08
3.17518e-06
2.99286e-06
0
0
1.17156e-06
8.77951e-06
0
0
6.11615e-06
1.26515e-06
5.39397e-07
1.93516e-06
2.56928e-05
1.81757e-05
1.49022e-05
1.64612e-05
1.70434e-05
1.45148e-06
2.35296e-06
3.26953e-06
3.33705e-06
2.40943e-06
1.25245e-06
1.08104e-07
0
0
0
0
0
0
0
0
0
6.81353e-06
4.92815e-06
3.0613e-06
2.1511e-06
2.53129e-06
5.70289e-06
6.65226e-06
3.74603e-06
3.33357e-06
9.97527e-07
2.89468e-07
3.58309e-08
0
0
0
0
0
0
0
0
0
0
0
0
0
0
2.15711e-07
3.0199e-07
3.2864e-07
2.94067e-07
2.25966e-07
1.81089e-07
1.97615e-07
2.50842e-07
3.07603e-07
3.30493e-07
2.45015e-07
1.93605e-08
0
0
0
4.0568e-08
1.83078e-07
2.64577e-07
2.36362e-07
1.06287e-07
0
0
0
0
0
0
4.89031e-08
1.69276e-08
0
7.67509e-08
1.98084e-07
2.85631e-07
3.20286e-07
2.8145e-07
7.55604e-08
0
0
0
0
0
0
0
0
0
0
0
2.03839e-06
2.93561e-06
1.94973e-06
4.31912e-07
0
0
0
0
0
0
0
0
0
0
0
0
0
0
0
0
0
0
0
5.70727e-08
2.45194e-07
3.34752e-07
2.75745e-07
2.46242e-07
4.12827e-07
8.7003e-07
9.35438e-07
4.19292e-07
0
0
0
0
1.70053e-07
5.18527e-07
5.44748e-07
2.8863e-07
0
0
0
0
3.94082e-07
4.97735e-06
2.06244e-06
6.80516e-07
7.85429e-07
7.94995e-06
7.45018e-06
6.69053e-06
4.54884e-06
5.89887e-07
8.94974e-07
1.56868e-06
1.99154e-06
9.57252e-06
5.38008e-06
3.07994e-06
4.37202e-06
5.53763e-06
5.69697e-06
4.80709e-06
3.44584e-06
2.33768e-06
1.46884e-06
1.02009e-06
1.06504e-06
1.19339e-06
1.43658e-06
1.87101e-06
0
0
3.67292e-08
4.97011e-06
4.64629e-06
0
0
9.25565e-06
6.71508e-06
0
0
3.05271e-06
0
0
0
1.88093e-05
1.34009e-05
1.10618e-05
1.27484e-05
1.41399e-05
3.35916e-06
3.47277e-06
2.91316e-06
2.26333e-06
1.6613e-06
1.04355e-06
4.36884e-07
0
0
0
0
0
0
0
0
6.43062e-07
2.50056e-06
2.47445e-06
2.00014e-06
2.04764e-06
4.87585e-06
6.75556e-06
4.12956e-06
4.21187e-06
1.77552e-06
5.27465e-07
1.79316e-07
5.43425e-08
2.35084e-08
3.39111e-08
3.99454e-08
3.31227e-08
2.64385e-08
2.65757e-08
3.15741e-08
3.37481e-08
2.9241e-08
2.8392e-08
4.13539e-09
0
1.11501e-07
2.06244e-07
2.31113e-07
3.02026e-07
3.2131e-07
2.61481e-07
1.11462e-07
0
0
0
0
0
0
0
0
0
0
0
0
4.40131e-08
6.63377e-08
3.75229e-08
0
0
0
0
0
0
0
1.76541e-08
0
3.72138e-09
8.94301e-08
1.63063e-07
1.9808e-07
1.81464e-07
6.44148e-08
0
0
0
0
0
0
0
0
0
0
0
0
1.71014e-06
2.55615e-06
1.90729e-06
4.15905e-07
0
0
0
0
0
0
0
0
0
0
0
0
0
0
0
0
0
1.97283e-08
7.22268e-08
1.94185e-07
2.8457e-07
2.69985e-07
2.5288e-07
3.44153e-07
6.90604e-07
9.25266e-07
6.20365e-07
1.06983e-07
0
3.36292e-08
1.4587e-07
1.94124e-07
3.78623e-07
5.04952e-07
4.90212e-07
2.44346e-07
0
0
0
0
2.4496e-06
2.84899e-06
7.77775e-07
0
3.04176e-07
3.82333e-06
3.91653e-06
4.36907e-06
2.47664e-06
2.18692e-06
2.11577e-06
5.55621e-07
3.60345e-06
4.16236e-06
2.14347e-06
2.38185e-06
4.03945e-06
5.55262e-06
4.95023e-06
3.57651e-06
2.39489e-06
1.44463e-06
9.65042e-07
9.33399e-07
1.06913e-06
1.09702e-06
1.18928e-06
1.1985e-07
0
6.97941e-07
7.28288e-06
5.47269e-06
0
2.35822e-06
1.56966e-05
3.09121e-06
0
0
6.08475e-07
0
0
0
1.26485e-05
8.92825e-06
7.50085e-06
9.00151e-06
1.0529e-05
5.25972e-06
3.02946e-06
1.7084e-06
8.72324e-07
2.81611e-07
3.21281e-08
0
0
0
0
0
0
0
0
0
8.29579e-07
1.98439e-06
2.61867e-06
3.45764e-06
5.215e-06
4.70251e-06
3.07214e-06
3.02118e-06
2.61161e-06
8.96503e-07
3.45593e-07
1.49079e-07
8.11816e-08
7.64894e-08
7.98242e-08
7.41956e-08
6.42036e-08
5.60353e-08
4.90068e-08
4.70994e-08
5.13961e-08
5.46182e-08
5.90568e-08
8.33715e-08
1.29838e-07
2.46425e-07
4.09781e-07
3.16186e-07
1.73525e-07
1.97056e-07
1.73856e-07
4.54234e-08
0
0
0
0
0
0
0
0
0
0
0
0
0
0
0
0
0
0
0
0
0
0
0
0
0
0
0
1.30563e-08
2.0572e-08
4.38192e-09
0
0
0
0
0
0
0
0
0
0
0
0
0
8.94646e-07
1.789e-06
1.6443e-06
2.67516e-07
0
0
0
0
0
0
0
0
0
0
0
0
0
0
0
1.97508e-08
6.33044e-08
1.07095e-07
1.94503e-07
2.76275e-07
2.71964e-07
2.41402e-07
2.75634e-07
4.9628e-07
7.73109e-07
7.16972e-07
3.32577e-07
5.12152e-08
7.42505e-08
1.95848e-07
2.35438e-07
2.91891e-07
3.93997e-07
4.45754e-07
4.27958e-07
1.38721e-07
0
0
0
4.22486e-07
3.29505e-06
9.67104e-07
0
0
1.20022e-06
2.32728e-06
3.63938e-06
3.19714e-06
2.40941e-06
2.08817e-06
4.36901e-07
0
3.47235e-06
2.01542e-06
1.33136e-06
2.15577e-06
4.24115e-06
4.63173e-06
3.53384e-06
2.38258e-06
1.42042e-06
9.29563e-07
8.28818e-07
9.41135e-07
8.89432e-07
7.95286e-07
3.39295e-07
3.35704e-07
1.41957e-06
8.12384e-06
4.98538e-06
0
1.0439e-05
1.62046e-05
5.08099e-07
0
0
0
0
0
0
8.0337e-06
5.14575e-06
4.47385e-06
5.53147e-06
6.70675e-06
8.608e-06
1.67355e-06
6.19728e-07
0
0
0
0
0
0
0
0
0
0
0
1.10639e-07
1.55056e-06
2.69808e-06
3.75091e-06
3.58755e-06
2.97757e-06
2.20644e-06
2.27184e-06
2.62954e-06
1.18431e-06
4.60066e-07
2.17742e-07
1.32688e-07
1.20893e-07
1.21904e-07
1.09512e-07
9.37025e-08
8.95317e-08
8.75461e-08
7.46211e-08
5.68118e-08
4.94304e-08
5.36464e-08
6.53055e-08
8.60216e-08
1.44461e-07
2.71313e-07
4.63186e-07
4.98953e-07
1.45866e-07
0
0
0
0
0
0
0
0
0
0
0
0
0
0
0
0
0
0
0
0
0
0
0
0
0
0
0
0
0
0
0
0
0
1.80383e-07
7.25256e-07
6.48758e-07
0
0
0
0
0
0
0
0
0
0
0
0
8.92302e-07
1.03693e-06
0
0
0
0
0
0
0
0
0
0
0
0
0
0
0
3.86457e-08
9.23271e-08
1.36996e-07
2.03669e-07
2.75173e-07
2.82278e-07
2.51399e-07
2.527e-07
3.80012e-07
6.17878e-07
7.04129e-07
5.04556e-07
2.25107e-07
1.2537e-07
1.75249e-07
2.00273e-07
1.92208e-07
2.52846e-07
3.21651e-07
3.95387e-07
3.19538e-07
1.31426e-08
0
0
0
3.22001e-06
1.13718e-06
4.95124e-07
0
0
1.34337e-06
2.76404e-06
3.09133e-06
2.2395e-06
2.11596e-06
1.26969e-06
0
2.06864e-06
2.00155e-06
7.81994e-07
8.02846e-07
2.34117e-06
3.73247e-06
3.1998e-06
2.22743e-06
1.35509e-06
8.93754e-07
7.71555e-07
8.47633e-07
7.72102e-07
5.90455e-07
3.93655e-07
7.32978e-07
1.88342e-06
7.49739e-06
4.41457e-06
1.95083e-06
1.45303e-05
1.1721e-05
0
0
0
0
0
0
0
4.84972e-06
2.22683e-06
2.05306e-06
2.55704e-06
3.26294e-06
4.0791e-06
0
0
0
0
0
0
0
0
0
0
0
0
0
0
0
1.00547e-06
1.53509e-06
1.44174e-06
1.34813e-06
1.66741e-06
2.18497e-06
1.24044e-06
5.6818e-07
2.80418e-07
1.78751e-07
1.67709e-07
1.73256e-07
1.55438e-07
1.27006e-07
1.16669e-07
1.21056e-07
1.21729e-07
1.05548e-07
7.39898e-08
5.26463e-08
4.53436e-08
5.36534e-08
7.39119e-08
1.11561e-07
2.12362e-07
3.91332e-07
5.59452e-07
3.41384e-07
0
0
0
0
0
0
0
0
0
0
0
0
0
0
0
0
0
0
0
1.36799e-07
6.81757e-09
0
0
0
0
0
0
0
0
0
0
0
0
1.75892e-07
1.41115e-06
2.55424e-06
2.37294e-06
5.34839e-08
0
0
0
0
0
0
0
0
0
0
0
0
0
0
0
0
0
0
0
0
0
0
0
0
0
1.53851e-08
3.61139e-08
6.95015e-08
1.13434e-07
1.54736e-07
2.07061e-07
2.68036e-07
2.82233e-07
2.5867e-07
2.4769e-07
3.23564e-07
5.22081e-07
6.66645e-07
6.0723e-07
3.95747e-07
2.32437e-07
1.96294e-07
1.91569e-07
1.41538e-07
1.43069e-07
2.07348e-07
2.85308e-07
3.46231e-07
2.28276e-07
0
0
0
2.17715e-06
1.31671e-06
6.89695e-07
7.77502e-08
0
3.6643e-07
1.65921e-06
2.58689e-06
2.07348e-06
2.10622e-06
2.33498e-06
4.50822e-07
0
1.82086e-06
3.26528e-07
0
9.63528e-07
2.62374e-06
2.66931e-06
1.96305e-06
1.25083e-06
8.52054e-07
7.40577e-07
7.96835e-07
7.07632e-07
4.8011e-07
3.51483e-07
7.47737e-07
1.92821e-06
6.1844e-06
3.98032e-06
6.79003e-06
9.2542e-06
7.44378e-06
0
0
0
0
0
0
0
2.71835e-06
1.26648e-07
1.73746e-07
2.33289e-07
6.76871e-07
9.07868e-07
0
0
0
0
0
0
0
0
0
0
0
0
0
0
0
3.44851e-07
5.13333e-07
6.25417e-07
1.09779e-06
1.61591e-06
1.07748e-06
6.14975e-07
3.22417e-07
2.13833e-07
2.1001e-07
2.17146e-07
1.94716e-07
1.51651e-07
1.36096e-07
1.3869e-07
1.47372e-07
1.47511e-07
1.3352e-07
9.49881e-08
6.41231e-08
4.88632e-08
4.59384e-08
5.93795e-08
8.24056e-08
1.27221e-07
2.30689e-07
4.34799e-07
4.93431e-07
0
0
0
0
0
0
0
0
0
0
0
0
0
0
0
0
0
0
0
1.72199e-07
5.75802e-07
0
0
0
0
0
0
0
0
0
0
0
0
0
1.69956e-06
3.85269e-06
5.22536e-06
4.35407e-06
1.31082e-06
0
0
0
0
0
9.17905e-07
1.33333e-06
3.56212e-07
0
0
0
0
0
0
0
0
0
0
0
0
7.2319e-08
2.686e-07
2.11137e-07
1.67036e-07
1.30774e-07
1.08871e-07
1.12719e-07
1.37267e-07
1.68297e-07
2.04315e-07
2.50182e-07
2.66946e-07
2.49953e-07
2.34467e-07
2.7626e-07
4.28149e-07
5.93224e-07
6.26014e-07
4.91019e-07
3.13038e-07
2.16735e-07
1.93483e-07
1.36884e-07
8.78661e-08
1.19105e-07
1.91986e-07
2.84134e-07
2.93022e-07
2.0231e-07
0
0
0
1.36164e-06
7.1162e-07
4.16186e-07
0
0
6.24388e-07
1.589e-06
1.5846e-06
1.77001e-06
2.88185e-06
3.45777e-06
2.5342e-06
1.70899e-06
0
0
2.53429e-07
1.65522e-06
2.0694e-06
1.64963e-06
1.11677e-06
7.96831e-07
7.10841e-07
7.61749e-07
6.56769e-07
3.92263e-07
2.78439e-07
5.84893e-07
1.63484e-06
4.73369e-06
3.46693e-06
7.38697e-06
4.31911e-06
5.02618e-06
0
0
0
0
0
0
3.67846e-07
1.29388e-06
0
0
0
0
3.47756e-07
0
0
0
0
0
0
0
0
0
0
0
0
0
0
0
0
1.91865e-07
6.59682e-07
1.067e-06
8.13138e-07
5.19916e-07
3.03184e-07
2.29927e-07
2.40744e-07
2.56645e-07
2.30233e-07
1.73809e-07
1.47245e-07
1.45244e-07
1.52787e-07
1.52257e-07
1.48111e-07
1.3931e-07
1.09671e-07
7.24408e-08
5.35079e-08
4.49034e-08
4.88428e-08
6.3889e-08
8.4179e-08
1.04997e-07
2.39583e-07
4.2876e-07
1.23725e-07
0
0
0
0
0
0
0
0
0
0
0
0
0
0
0
0
0
0
1.20046e-07
9.23972e-07
4.99143e-07
0
0
0
0
0
0
0
0
0
0
0
0
1.54901e-06
4.33322e-06
7.02769e-06
8.03537e-06
5.97429e-06
2.43896e-06
0
0
0
0
2.63795e-07
1.84355e-06
1.74984e-06
1.68819e-07
0
0
0
0
0
0
0
0
0
0
0
4.43679e-07
7.35395e-07
5.59364e-07
3.80476e-07
2.60154e-07
1.87318e-07
1.5883e-07
1.63032e-07
1.81999e-07
2.03198e-07
2.29296e-07
2.43681e-07
2.36391e-07
2.26054e-07
2.56824e-07
3.52899e-07
4.93715e-07
5.6962e-07
5.03894e-07
3.52973e-07
2.18822e-07
1.69259e-07
1.22293e-07
5.87525e-08
5.40707e-08
1.13458e-07
2.06408e-07
2.78474e-07
2.74981e-07
2.3418e-07
4.58496e-08
0
1.04571e-06
6.77519e-07
4.72556e-07
1.66871e-07
0
1.26956e-07
6.92822e-07
1.14192e-06
1.47709e-06
2.70486e-06
3.54723e-06
3.73007e-06
3.23473e-06
0
0
0
5.95009e-07
1.36147e-06
1.27383e-06
9.27721e-07
6.92097e-07
6.40144e-07
6.9469e-07
5.68425e-07
2.71591e-07
1.86362e-07
4.02108e-07
1.21833e-06
3.37346e-06
2.76904e-06
4.58766e-06
2.16756e-06
3.64686e-06
5.64454e-07
0
0
0
0
0
2.69096e-06
3.28162e-07
0
0
0
0
2.67858e-08
0
0
0
0
0
0
0
0
0
0
0
0
0
0
0
0
4.21385e-07
6.72462e-07
5.33414e-07
3.6393e-07
2.38106e-07
2.14476e-07
2.38201e-07
2.68215e-07
2.40531e-07
1.79339e-07
1.4652e-07
1.40604e-07
1.47424e-07
1.4676e-07
1.38077e-07
1.28156e-07
1.20732e-07
1.06027e-07
7.56629e-08
5.29536e-08
4.18421e-08
3.91329e-08
4.65296e-08
5.31808e-08
3.74034e-08
2.66482e-08
2.01807e-07
2.14145e-07
0
0
0
0
0
0
0
0
0
0
0
0
0
0
0
0
0
0
2.29068e-08
1.03185e-06
1.33167e-06
7.33775e-08
0
0
0
0
0
0
0
0
0
0
0
1.07526e-06
4.12927e-06
7.74193e-06
1.0651e-05
1.07313e-05
7.49368e-06
3.52854e-06
5.69661e-07
0
0
0
1.32683e-07
1.72863e-06
1.45106e-06
0
0
0
0
0
0
0
0
0
0
0
8.76713e-07
1.2726e-06
9.85787e-07
6.49221e-07
4.19854e-07
2.81709e-07
2.13264e-07
1.94244e-07
2.01963e-07
2.1507e-07
2.29011e-07
2.38562e-07
2.35081e-07
2.29553e-07
2.57446e-07
3.20038e-07
4.32068e-07
5.19884e-07
5.00212e-07
3.8469e-07
2.39385e-07
1.61939e-07
1.13527e-07
4.85213e-08
1.67395e-08
5.07481e-08
1.43598e-07
2.51519e-07
2.95433e-07
3.07845e-07
3.08424e-07
3.24148e-07
4.77899e-07
6.00831e-07
4.83648e-07
3.84017e-07
8.27557e-08
0
2.43787e-07
7.92172e-07
1.12848e-06
1.98314e-06
2.74864e-06
2.68586e-06
2.01358e-06
1.05935e-06
2.11653e-07
0
0
6.98838e-07
9.11159e-07
7.37577e-07
5.69756e-07
5.58719e-07
6.45679e-07
4.82935e-07
1.26728e-07
9.08068e-08
2.88238e-07
9.1787e-07
2.36781e-06
2.1776e-06
2.40246e-06
1.28878e-06
2.84394e-06
1.16945e-06
0
0
0
0
0
4.14953e-06
0
0
0
0
0
3.10553e-09
0
0
0
0
0
0
0
0
0
0
0
0
0
0
0
2.18169e-07
3.68744e-07
3.05751e-07
2.18578e-07
1.83052e-07
1.89032e-07
2.19079e-07
2.51764e-07
2.25354e-07
1.71595e-07
1.39502e-07
1.31518e-07
1.34713e-07
1.3488e-07
1.26691e-07
1.13283e-07
1.00381e-07
9.5122e-08
9.07242e-08
7.51902e-08
5.24147e-08
3.86718e-08
3.19646e-08
3.17963e-08
3.15212e-08
7.81083e-09
0
0
4.77734e-08
0
0
0
0
0
0
0
0
0
0
0
0
0
0
0
0
0
0
0
9.2345e-07
1.73325e-06
1.06668e-06
1.01458e-07
0
0
0
0
0
0
0
0
0
0
3.26806e-07
3.14203e-06
7.05529e-06
1.12762e-05
1.41491e-05
1.33507e-05
9.1588e-06
4.18035e-06
1.83473e-07
0
0
0
0
1.4231e-06
6.22167e-07
0
0
0
0
0
0
0
0
0
1.61412e-07
1.412e-06
1.85277e-06
1.43723e-06
9.35839e-07
5.85877e-07
3.75877e-07
2.64305e-07
2.18427e-07
2.11852e-07
2.19245e-07
2.26521e-07
2.31308e-07
2.27211e-07
2.1956e-07
2.38461e-07
2.81824e-07
3.70913e-07
4.61863e-07
4.72105e-07
3.83323e-07
2.44776e-07
1.57894e-07
1.095e-07
5.47094e-08
8.02556e-09
1.04857e-08
8.0351e-08
2.04476e-07
2.85187e-07
3.14998e-07
3.36178e-07
3.91358e-07
4.16633e-07
4.04554e-07
4.15817e-07
3.89565e-07
3.68493e-07
2.55549e-07
8.69688e-08
3.24268e-07
7.88595e-07
1.10858e-06
1.78252e-06
1.86428e-06
1.48248e-06
1.55869e-06
1.59309e-06
0
0
1.91007e-07
5.46889e-07
5.02364e-07
3.7158e-07
3.73212e-07
5.11607e-07
3.41535e-07
0
0
2.03734e-07
6.75614e-07
1.4546e-06
1.35108e-06
1.07754e-06
6.58787e-07
1.86823e-06
1.47196e-06
3.76467e-07
0
0
0
4.86323e-07
4.87899e-06
0
0
0
1.73847e-07
0
0
0
0
0
0
0
0
0
0
0
0
0
0
0
3.70259e-08
1.03181e-07
1.23029e-07
1.22377e-07
1.25967e-07
1.40237e-07
1.71464e-07
2.11681e-07
2.13897e-07
1.81546e-07
1.4193e-07
1.18634e-07
1.12522e-07
1.14945e-07
1.14635e-07
1.07266e-07
9.6232e-08
8.13125e-08
7.24992e-08
7.05483e-08
7.40218e-08
6.88467e-08
5.22788e-08
3.59113e-08
2.72866e-08
2.24477e-08
1.76229e-08
0
0
0
0
0
0
0
0
0
0
0
0
0
0
0
0
0
0
0
0
0
0
0
7.03396e-07
1.72964e-06
1.71798e-06
8.19429e-07
3.13587e-07
1.59537e-07
0
0
0
0
0
0
0
0
0
1.77052e-06
5.36038e-06
1.00307e-05
1.50683e-05
1.84966e-05
1.72546e-05
1.0792e-05
3.62638e-06
0
0
0
0
0
1.3238e-06
0
0
0
0
0
0
0
0
0
9.00626e-07
2.05083e-06
2.44994e-06
1.89677e-06
1.23707e-06
7.61955e-07
4.73943e-07
3.1767e-07
2.45859e-07
2.25315e-07
2.26777e-07
2.31071e-07
2.32861e-07
2.27506e-07
2.12973e-07
2.1828e-07
2.51347e-07
3.24125e-07
4.18824e-07
4.53392e-07
3.84069e-07
2.47603e-07
1.54313e-07
1.06581e-07
6.86725e-08
2.35349e-08
4.09309e-09
3.97121e-08
1.57545e-07
2.67407e-07
3.11873e-07
3.27086e-07
3.63498e-07
3.76244e-07
3.45275e-07
3.21109e-07
3.30745e-07
3.06994e-07
3.44304e-07
2.80753e-07
1.55832e-07
5.20059e-07
8.19558e-07
1.27346e-06
1.5698e-06
1.64148e-06
1.76287e-06
1.482e-06
4.51492e-07
0
0
3.19401e-07
3.49698e-07
2.04996e-07
1.2954e-07
3.64633e-07
2.00565e-07
0
0
1.67713e-07
6.17943e-07
9.8562e-07
9.10923e-07
4.86177e-07
3.29172e-07
1.18165e-06
1.4844e-06
5.98146e-07
0
0
0
2.17132e-06
5.31332e-06
0
0
3.73128e-07
1.4342e-06
0
0
0
0
0
0
0
0
0
0
0
0
0
0
2.18333e-08
4.47648e-08
5.84899e-08
7.14173e-08
9.00685e-08
1.20336e-07
1.45807e-07
1.67651e-07
1.51e-07
1.25407e-07
1.05009e-07
9.37875e-08
9.28386e-08
9.70226e-08
9.5295e-08
8.83327e-08
7.75329e-08
6.67576e-08
5.90222e-08
5.47079e-08
5.48661e-08
5.95377e-08
5.97337e-08
4.88666e-08
3.27704e-08
2.2165e-08
1.6313e-08
1.02333e-08
0
0
0
0
0
0
0
0
0
0
0
0
0
0
0
0
0
0
0
0
0
0
0
4.73491e-07
1.50476e-06
1.97028e-06
1.4051e-06
7.38764e-07
3.87034e-07
1.24689e-07
0
0
0
0
0
0
0
0
3.70198e-07
3.10985e-06
7.28057e-06
1.28117e-05
1.95584e-05
2.5181e-05
2.27182e-05
1.15693e-05
0
0
0
0
0
4.73946e-07
0
0
0
0
0
0
0
0
0
1.8443e-06
2.76918e-06
3.01223e-06
2.31836e-06
1.51908e-06
9.32686e-07
5.67752e-07
3.65671e-07
2.68841e-07
2.35937e-07
2.33702e-07
2.37268e-07
2.3787e-07
2.32652e-07
2.17398e-07
2.05729e-07
2.24146e-07
2.77668e-07
3.68811e-07
4.24674e-07
3.82477e-07
2.52873e-07
1.54365e-07
1.05754e-07
8.1864e-08
5.0154e-08
2.16275e-08
2.81607e-08
1.13408e-07
2.38411e-07
3.04359e-07
3.19139e-07
3.20819e-07
3.32072e-07
3.2502e-07
2.95954e-07
2.68174e-07
2.25129e-07
1.97299e-07
3.18817e-07
2.99008e-07
2.39454e-07
4.51791e-07
1.0488e-06
1.52039e-06
1.52807e-06
1.35634e-06
1.04739e-06
5.14716e-07
4.45647e-08
0
1.93532e-07
2.4918e-07
5.76807e-08
0
1.781e-07
4.98628e-08
0
0
1.56585e-07
6.84718e-07
8.64741e-07
7.98041e-07
2.61158e-07
1.48556e-07
6.99386e-07
1.24731e-06
4.50962e-07
1.6988e-07
3.77495e-08
6.68805e-07
4.39146e-06
5.87489e-06
3.89677e-07
8.37288e-07
2.5212e-06
2.43153e-06
4.02976e-07
0
0
0
0
0
0
0
0
0
0
0
0
3.26123e-09
1.47853e-08
3.0248e-08
4.94071e-08
7.13129e-08
8.42205e-08
9.34492e-08
8.83288e-08
8.08934e-08
7.51679e-08
7.33834e-08
7.56349e-08
7.95098e-08
8.24992e-08
7.84458e-08
6.98555e-08
6.05098e-08
5.30002e-08
4.78539e-08
4.4585e-08
4.3063e-08
4.35702e-08
4.59978e-08
4.64192e-08
4.00159e-08
2.69911e-08
1.46638e-08
8.6677e-09
4.32008e-09
0
0
0
0
0
0
0
0
0
0
0
0
0
0
0
0
0
0
0
0
0
0
0
2.62754e-07
1.17689e-06
1.89399e-06
1.76026e-06
1.1401e-06
6.50639e-07
3.08609e-07
0
0
0
0
0
0
0
0
0
9.33165e-07
3.73756e-06
8.06426e-06
1.4386e-05
2.30685e-05
3.2207e-05
3.05646e-05
2.45294e-06
0
0
0
0
0
1.28511e-07
0
0
0
0
0
0
0
0
2.83076e-06
3.43946e-06
3.44902e-06
2.64898e-06
1.73812e-06
1.07704e-06
6.52009e-07
4.0767e-07
2.86274e-07
2.41429e-07
2.35492e-07
2.39008e-07
2.40126e-07
2.37949e-07
2.28075e-07
2.11718e-07
2.06885e-07
2.33872e-07
3.06374e-07
3.72886e-07
3.62455e-07
2.51843e-07
1.51492e-07
1.04566e-07
9.22937e-08
7.79039e-08
5.26886e-08
4.19764e-08
8.57862e-08
1.98688e-07
2.87206e-07
3.15683e-07
3.06536e-07
3.14556e-07
3.16527e-07
3.04153e-07
2.66164e-07
1.82876e-07
1.46932e-07
2.0954e-07
2.89145e-07
1.99328e-07
4.14592e-08
1.79904e-07
6.4319e-07
8.72815e-07
8.47936e-07
7.02167e-07
4.31082e-07
1.62758e-07
0
1.29801e-07
1.71708e-07
0
0
0
0
0
0
1.63999e-07
8.10886e-07
9.18695e-07
8.43711e-07
1.75735e-07
2.80779e-08
2.79867e-07
7.20801e-07
3.09082e-07
1.95456e-07
5.32524e-07
2.0739e-06
6.82244e-06
6.88572e-06
1.50242e-06
3.01237e-06
4.32891e-06
3.18388e-06
8.68044e-07
0
0
0
0
0
0
0
0
0
0
0
6.2966e-09
1.23567e-08
1.88351e-08
2.52954e-08
3.1661e-08
3.6508e-08
3.9642e-08
4.26274e-08
4.568e-08
5.21226e-08
5.90492e-08
6.52729e-08
6.73166e-08
6.44812e-08
5.81198e-08
5.10304e-08
4.55523e-08
4.1567e-08
3.87183e-08
3.66894e-08
3.56392e-08
3.45594e-08
3.30337e-08
3.17541e-08
3.04449e-08
2.67672e-08
1.80455e-08
6.3718e-09
0
0
0
0
0
0
0
0
0
0
0
0
0
0
0
0
0
0
0
0
0
0
0
0
0
3.44614e-08
7.8971e-07
1.53154e-06
1.7732e-06
1.41679e-06
9.18236e-07
5.21076e-07
1.74159e-07
0
0
0
0
0
0
0
0
0
1.02736e-06
3.21024e-06
6.60957e-06
1.0842e-05
1.42767e-05
1.46602e-05
2.74899e-08
0
0
0
0
0
1.22758e-08
0
0
0
0
0
0
0
0
3.42906e-06
3.8613e-06
3.68586e-06
2.83996e-06
1.86399e-06
1.16633e-06
7.1136e-07
4.41556e-07
3.01041e-07
2.43755e-07
2.31126e-07
2.33775e-07
2.36594e-07
2.39285e-07
2.40525e-07
2.31481e-07
2.05406e-07
2.00718e-07
2.43347e-07
3.0467e-07
3.18539e-07
2.37056e-07
1.4154e-07
1.001e-07
9.79595e-08
9.97984e-08
8.64445e-08
7.13082e-08
8.46046e-08
1.60591e-07
2.55157e-07
3.04623e-07
3.01135e-07
2.9716e-07
2.99513e-07
2.99539e-07
2.84452e-07
2.02837e-07
1.54704e-07
1.95933e-07
2.42502e-07
2.05159e-07
3.76258e-08
0
1.75403e-07
4.12138e-07
4.92835e-07
4.56448e-07
3.36065e-07
1.99959e-07
6.17895e-08
1.00519e-07
9.57688e-08
0
0
0
0
0
0
1.72956e-07
9.46091e-07
1.12623e-06
9.71233e-07
1.41009e-07
0
0
4.53668e-07
2.0393e-07
1.20708e-07
7.95296e-07
3.996e-06
8.45138e-06
8.60062e-06
3.1437e-06
5.28741e-06
5.12893e-06
3.74839e-06
1.29423e-06
0
0
0
0
0
0
0
0
0
0
3.48495e-09
8.48288e-09
1.30716e-08
1.70519e-08
2.01442e-08
2.21338e-08
2.41003e-08
2.69955e-08
3.21237e-08
3.76447e-08
4.22567e-08
4.35922e-08
4.2059e-08
3.96365e-08
3.74686e-08
3.59512e-08
3.48041e-08
3.37878e-08
3.25582e-08
3.08534e-08
2.88847e-08
2.75546e-08
2.56273e-08
2.26789e-08
1.9992e-08
1.75957e-08
1.46542e-08
9.52293e-09
1.01048e-09
0
0
0
0
0
0
0
0
0
0
0
0
0
0
0
0
0
0
0
0
0
0
0
0
0
0
4.38601e-07
1.07309e-06
1.45486e-06
1.38488e-06
1.04863e-06
6.79336e-07
3.557e-07
3.14552e-08
0
0
0
0
0
0
0
0
0
7.54171e-07
2.04762e-06
3.40323e-06
3.9212e-06
3.06724e-06
0
0
0
0
0
0
0
0
0
0
0
0
0
0
3.17871e-07
3.26698e-06
3.84211e-06
3.65167e-06
2.88071e-06
1.90844e-06
1.20772e-06
7.43082e-07
4.61736e-07
3.10693e-07
2.44673e-07
2.25636e-07
2.25648e-07
2.29746e-07
2.35986e-07
2.51626e-07
2.56111e-07
2.23667e-07
1.9026e-07
1.98446e-07
2.39838e-07
2.61753e-07
2.04215e-07
1.22986e-07
9.12313e-08
9.78244e-08
1.12221e-07
1.13616e-07
1.04866e-07
1.06336e-07
1.45014e-07
2.21872e-07
2.82407e-07
2.89793e-07
2.81795e-07
2.8484e-07
2.86667e-07
2.82066e-07
2.40339e-07
1.94153e-07
2.19695e-07
2.48787e-07
2.44135e-07
1.51064e-07
2.83952e-08
7.99879e-08
2.38181e-07
3.20116e-07
3.22003e-07
2.82342e-07
2.33401e-07
1.51515e-07
8.8229e-08
9.69348e-09
0
0
0
0
0
0
1.75409e-07
1.03188e-06
1.42333e-06
1.10025e-06
1.1319e-07
0
0
3.27395e-07
9.29203e-08
4.65917e-08
7.08741e-07
5.76963e-06
8.04527e-06
1.11339e-05
5.07931e-06
6.73604e-06
4.63279e-06
4.06279e-06
1.60675e-06
0
0
0
0
0
0
0
0
0
0
0
0
3.19104e-09
7.51242e-09
1.13183e-08
1.51095e-08
1.91032e-08
2.26528e-08
2.52473e-08
2.63415e-08
2.59056e-08
2.5822e-08
2.65809e-08
2.79516e-08
2.90843e-08
2.91015e-08
2.79565e-08
2.60043e-08
2.37317e-08
2.14803e-08
1.93272e-08
1.75739e-08
1.6183e-08
1.39591e-08
1.13853e-08
8.9943e-09
6.50208e-09
3.58118e-09
0
0
0
0
0
0
0
0
0
0
0
0
0
0
0
0
0
0
0
0
0
0
0
0
0
0
0
2.97781e-07
8.05337e-07
1.19109e-06
1.25773e-06
1.04613e-06
7.50841e-07
4.55555e-07
1.84037e-07
0
0
0
0
0
0
0
0
0
0
5.46816e-07
1.27003e-06
1.82932e-06
1.6662e-06
7.04035e-07
0
0
0
0
0
0
0
0
0
0
0
0
0
9.28425e-07
2.69198e-06
3.40308e-06
3.35979e-06
2.74406e-06
1.86439e-06
1.20469e-06
7.51997e-07
4.69724e-07
3.15085e-07
2.44517e-07
2.22136e-07
2.21082e-07
2.26717e-07
2.35007e-07
2.53775e-07
2.77726e-07
2.51618e-07
1.97252e-07
1.76227e-07
1.95832e-07
2.14199e-07
1.67931e-07
1.02347e-07
8.02943e-08
9.23654e-08
1.14718e-07
1.29877e-07
1.33397e-07
1.36914e-07
1.58027e-07
2.09851e-07
2.64206e-07
2.76366e-07
2.64447e-07
2.66972e-07
2.75756e-07
2.77559e-07
2.60755e-07
2.33809e-07
2.4469e-07
2.66632e-07
2.81101e-07
2.71714e-07
2.03112e-07
1.46424e-07
2.20364e-07
2.75865e-07
2.82198e-07
2.90645e-07
3.15793e-07
3.36334e-07
3.9549e-08
0
0
0
0
0
1.22704e-08
0
1.61522e-07
9.97013e-07
1.32359e-06
1.05856e-06
7.36529e-08
0
0
1.91719e-07
0
0
4.08658e-07
5.53285e-06
5.62897e-06
1.27362e-05
6.40281e-06
6.32265e-06
2.75714e-06
3.87221e-06
1.65192e-06
0
0
0
0
0
0
0
0
0
0
0
6.59779e-09
1.34974e-08
1.78955e-08
2.00913e-08
2.06147e-08
2.00951e-08
1.91373e-08
1.79807e-08
1.70009e-08
1.66012e-08
1.67557e-08
1.68881e-08
1.64816e-08
1.54502e-08
1.41957e-08
1.29202e-08
1.16348e-08
1.03696e-08
9.30207e-09
8.53178e-09
8.07424e-09
7.7283e-09
6.35769e-09
3.96583e-09
1.47831e-09
0
0
0
0
0
0
0
0
0
0
0
0
0
0
0
0
0
0
0
0
0
0
0
0
0
0
0
0
0
1.48558e-07
5.94153e-07
9.89351e-07
1.17259e-06
1.08969e-06
8.58654e-07
6.02623e-07
3.48534e-07
9.89253e-08
0
0
0
0
0
0
0
0
0
1.30528e-07
7.86455e-07
1.29593e-06
1.13523e-06
4.61047e-07
0
0
0
0
0
0
0
0
0
0
0
1.58901e-07
5.88381e-07
1.21015e-06
2.19303e-06
2.80594e-06
2.90321e-06
2.42441e-06
1.69669e-06
1.12908e-06
7.24003e-07
4.63033e-07
3.14483e-07
2.43088e-07
2.18815e-07
2.17792e-07
2.25186e-07
2.359e-07
2.56256e-07
2.93747e-07
2.81928e-07
2.12896e-07
1.64741e-07
1.63168e-07
1.72595e-07
1.37106e-07
8.3465e-08
6.88906e-08
8.29857e-08
1.08704e-07
1.34944e-07
1.53082e-07
1.66134e-07
1.83864e-07
2.15992e-07
2.57829e-07
2.75801e-07
2.58636e-07
2.45894e-07
2.62015e-07
2.74825e-07
2.6869e-07
2.52842e-07
2.55688e-07
2.74961e-07
3.02558e-07
3.20042e-07
3.26476e-07
3.17079e-07
3.14517e-07
3.08726e-07
2.87849e-07
3.0484e-07
2.91122e-07
1.69631e-07
0
0
0
0
0
0
7.78007e-08
0
1.41787e-07
8.25981e-07
2.45347e-07
5.01529e-07
5.37684e-08
0
1.31121e-07
1.65167e-07
0
0
6.76135e-08
1.97876e-06
2.77812e-06
8.44327e-06
5.63926e-06
3.45606e-06
0
2.85179e-06
1.21504e-06
0
0
0
0
0
0
0
0
0
4.73606e-09
9.40979e-09
1.2823e-08
1.44451e-08
1.41394e-08
1.23712e-08
9.67082e-09
6.75777e-09
4.43103e-09
3.32055e-09
3.56123e-09
4.61922e-09
5.6702e-09
6.20692e-09
6.38714e-09
6.52444e-09
6.60627e-09
6.11632e-09
4.58918e-09
2.36771e-09
3.65693e-10
0
0
0
0
0
0
0
0
0
0
0
0
0
0
0
0
0
0
0
0
0
0
0
0
0
0
0
0
0
0
0
0
0
0
0
0
2.10259e-07
5.77368e-07
8.42574e-07
9.24167e-07
8.49492e-07
6.94082e-07
5.0188e-07
2.83677e-07
8.47784e-08
0
0
0
0
0
0
0
0
0
2.10992e-07
4.63076e-07
9.76758e-08
0
0
0
0
0
0
0
0
0
0
0
0
5.79e-07
9.40597e-07
1.33831e-06
1.89219e-06
2.30622e-06
2.43199e-06
2.03795e-06
1.46707e-06
1.00686e-06
6.75059e-07
4.50734e-07
3.13272e-07
2.43411e-07
2.17876e-07
2.16927e-07
2.25812e-07
2.38072e-07
2.6021e-07
3.0725e-07
3.12163e-07
2.34441e-07
1.57522e-07
1.36856e-07
1.32917e-07
1.03754e-07
6.50522e-08
5.85422e-08
7.24384e-08
9.83067e-08
1.32942e-07
1.65905e-07
1.91502e-07
2.12232e-07
2.34575e-07
2.63639e-07
2.80174e-07
2.61172e-07
2.25231e-07
2.3032e-07
2.57152e-07
2.64437e-07
2.55029e-07
2.52444e-07
2.65497e-07
2.92346e-07
3.12594e-07
3.27676e-07
3.31667e-07
2.8089e-07
2.08416e-07
1.45562e-07
1.02197e-07
0
0
7.15361e-09
0
0
0
0
0
1.36579e-07
0
1.27566e-07
5.3765e-07
9.29348e-08
3.68468e-07
2.06782e-07
9.96007e-08
3.84475e-07
5.25963e-07
0
0
0
0
5.94e-07
4.16584e-07
1.81431e-06
0
0
8.77377e-07
3.47658e-07
0
0
0
0
3.34868e-10
3.58134e-09
4.97666e-09
5.72088e-09
6.60755e-09
7.84975e-09
9.12135e-09
9.82725e-09
9.62253e-09
8.65583e-09
7.39427e-09
6.42226e-09
5.99429e-09
6.15968e-09
6.82907e-09
7.77684e-09
8.77831e-09
9.71545e-09
1.06908e-08
1.17358e-08
1.22101e-08
1.06415e-08
6.46936e-09
1.23038e-09
0
0
0
0
0
0
0
0
0
0
0
0
0
0
0
0
0
0
0
0
0
0
0
0
0
0
0
0
0
0
0
0
0
0
0
0
0
0
0
1.90066e-07
4.4668e-07
6.00006e-07
6.45573e-07
6.06786e-07
4.95142e-07
3.49525e-07
2.17056e-07
6.61987e-08
0
0
0
0
0
0
0
0
0
0
0
0
0
0
0
0
0
0
0
0
0
0
2.71435e-07
8.24453e-07
1.09651e-06
1.33793e-06
1.66444e-06
1.92365e-06
2.02636e-06
1.71629e-06
1.29266e-06
9.45902e-07
6.68438e-07
4.61157e-07
3.27731e-07
2.54404e-07
2.24958e-07
2.23062e-07
2.33017e-07
2.46028e-07
2.6759e-07
3.20674e-07
3.47055e-07
2.68955e-07
1.57091e-07
1.17568e-07
9.59554e-08
6.47553e-08
4.39363e-08
4.72508e-08
6.15226e-08
8.73033e-08
1.28682e-07
1.76946e-07
2.17048e-07
2.43584e-07
2.62243e-07
2.80976e-07
2.91675e-07
2.71199e-07
2.18294e-07
1.90428e-07
2.20265e-07
2.46534e-07
2.47516e-07
2.42991e-07
2.52078e-07
2.79687e-07
2.99905e-07
3.09037e-07
2.88085e-07
1.68754e-07
2.10004e-08
0
0
0
0
1.8426e-07
1.46985e-07
9.21145e-08
0
0
0
1.77724e-07
0
1.23914e-07
2.75495e-07
3.88525e-07
4.26742e-07
6.88193e-07
3.64502e-07
5.79958e-07
1.03094e-06
3.76836e-08
0
0
0
0
0
0
0
0
0
5.36756e-08
0
0
0
0
0
1.38431e-08
2.79694e-08
3.46613e-08
3.57192e-08
3.39366e-08
3.14248e-08
2.90648e-08
2.69041e-08
2.47237e-08
2.27598e-08
2.07904e-08
1.84607e-08
1.57386e-08
1.31323e-08
1.13693e-08
1.07996e-08
1.12536e-08
1.21956e-08
1.20371e-08
9.02018e-09
3.60179e-09
0
0
0
0
0
0
0
0
0
0
0
0
0
0
0
0
0
0
0
0
0
0
0
0
0
0
0
0
0
0
0
0
0
0
0
0
0
0
0
0
0
9.26491e-08
2.90644e-07
4.32132e-07
5.09575e-07
5.31633e-07
4.954e-07
4.3135e-07
3.80939e-07
3.30316e-07
2.23197e-07
6.87232e-08
0
0
2.50613e-08
0
0
0
4.09198e-07
7.12312e-07
8.73227e-07
1.27196e-06
1.19877e-06
0
0
0
0
0
5.77764e-07
0
0
0
5.1821e-07
7.93687e-07
8.90515e-07
9.90953e-07
1.1742e-06
1.36463e-06
1.47376e-06
1.38809e-06
1.13381e-06
8.78112e-07
6.48943e-07
4.69109e-07
3.40732e-07
2.61152e-07
2.24857e-07
2.2e-07
2.2995e-07
2.43984e-07
2.63235e-07
3.15277e-07
3.68806e-07
3.09812e-07
1.63282e-07
1.05219e-07
6.34801e-08
1.15664e-08
8.36141e-09
2.21354e-08
3.85927e-08
6.73403e-08
1.16258e-07
1.80642e-07
2.35793e-07
2.67293e-07
2.83768e-07
2.96754e-07
3.03233e-07
2.82558e-07
2.23897e-07
1.66624e-07
1.74988e-07
2.12518e-07
2.27226e-07
2.2616e-07
2.39413e-07
2.71464e-07
2.89293e-07
2.89176e-07
2.44747e-07
8.78278e-08
0
0
0
0
1.0768e-07
2.84084e-07
2.73057e-07
2.29002e-07
0
0
0
1.86945e-07
2.33251e-08
6.90377e-08
0
4.3552e-07
3.51758e-07
4.95611e-07
7.01208e-07
6.41437e-07
9.30286e-07
3.54613e-07
0
0
0
0
0
0
0
0
0
2.07403e-06
0
0
0
0
1.90368e-09
4.13669e-08
6.15306e-08
6.71343e-08
6.44773e-08
5.8727e-08
5.25953e-08
4.63881e-08
3.86403e-08
2.78322e-08
1.41207e-08
0
0
0
0
0
0
0
0
0
0
0
0
0
0
0
0
0
0
0
0
0
0
0
0
0
0
0
0
0
0
0
0
0
0
0
0
0
0
0
0
0
0
0
0
0
0
0
0
0
0
0
1.26092e-07
2.50625e-07
3.54304e-07
4.14659e-07
4.39071e-07
4.39999e-07
4.11699e-07
3.76909e-07
3.83291e-07
4.32149e-07
4.58899e-07
4.28292e-07
4.18913e-07
5.30528e-07
6.67799e-07
6.82919e-07
6.47568e-07
6.91316e-07
8.01828e-07
8.58592e-07
9.81443e-07
1.14182e-06
1.38772e-07
0
0
0
0
0
1.68351e-06
0
0
9.95013e-08
5.30447e-07
5.85009e-07
5.99419e-07
6.55199e-07
7.96076e-07
9.63744e-07
1.075e-06
1.11697e-06
9.74914e-07
7.906e-07
6.19926e-07
4.70627e-07
3.46911e-07
2.5743e-07
2.13194e-07
2.07218e-07
2.19209e-07
2.36063e-07
2.54911e-07
3.00079e-07
3.80967e-07
3.6589e-07
1.96208e-07
9.78788e-08
2.15396e-08
0
0
0
0
2.8326e-08
9.5367e-08
1.84843e-07
2.61474e-07
3.00709e-07
3.12751e-07
3.21165e-07
3.28019e-07
3.10233e-07
2.526e-07
1.77629e-07
1.4969e-07
1.78847e-07
2.05633e-07
2.10628e-07
2.3465e-07
2.70421e-07
2.81676e-07
2.62753e-07
1.84243e-07
0
0
0
0
1.04398e-07
2.60392e-07
3.14495e-07
3.09492e-07
2.90557e-07
4.94432e-08
0
0
1.51905e-07
1.36741e-07
0
0
2.12709e-07
1.76288e-07
1.12192e-07
5.31333e-07
5.15779e-07
6.17589e-07
8.60062e-07
0
0
0
0
0
0
0
0
0
7.22741e-06
0
0
0
5.67921e-08
9.80673e-08
1.16089e-07
1.17297e-07
1.09023e-07
9.67272e-08
8.36776e-08
7.14198e-08
5.96195e-08
4.60498e-08
2.80634e-08
5.9199e-09
0
0
0
0
0
0
0
0
0
0
0
0
0
0
0
0
0
0
0
0
0
0
0
0
0
0
0
0
0
0
0
0
0
5.80449e-10
2.48465e-09
2.50007e-09
8.41705e-09
3.41444e-08
8.05528e-08
9.54887e-08
0
0
0
0
0
0
0
0
0
0
0
6.15535e-08
1.80121e-07
2.43487e-07
2.53164e-07
2.2708e-07
1.75601e-07
8.49507e-08
0
0
0
0
0
0
4.23726e-08
1.65149e-07
1.94271e-07
3.22406e-08
0
0
0
1.01796e-07
0
0
0
0
0
0
1.33328e-06
3.54354e-06
1.8636e-06
1.90882e-07
1.78934e-07
2.4105e-07
2.50882e-07
2.72089e-07
3.23394e-07
4.40255e-07
5.77699e-07
6.85031e-07
7.59313e-07
7.26321e-07
6.3694e-07
5.3428e-07
4.23062e-07
3.05005e-07
2.03769e-07
1.59157e-07
1.6402e-07
1.86049e-07
2.08351e-07
2.27553e-07
2.65324e-07
3.60898e-07
4.1525e-07
3.21421e-07
8.86815e-08
0
0
0
0
0
0
5.33278e-08
1.84937e-07
2.95814e-07
3.49381e-07
3.54981e-07
3.49639e-07
3.52984e-07
3.41389e-07
2.92044e-07
2.12502e-07
1.46662e-07
1.44972e-07
1.722e-07
1.85162e-07
2.27425e-07
2.65003e-07
2.63401e-07
2.07942e-07
7.27808e-08
0
0
0
6.18823e-08
2.78213e-07
3.4179e-07
3.33648e-07
3.1912e-07
3.15583e-07
1.32296e-07
0
0
5.82099e-08
2.05279e-07
0
0
0
0
0
0
1.54379e-07
3.35434e-07
1.2375e-06
6.17688e-08
0
0
0
8.22183e-08
0
0
0
1.47893e-06
1.50645e-05
0
0
3.97143e-09
1.98763e-08
2.81594e-08
2.65421e-08
1.47117e-08
0
0
0
0
0
0
0
0
0
0
0
0
0
0
0
0
0
0
0
0
0
0
0
0
0
0
0
0
0
0
0
0
0
0
0
0
0
0
0
5.04164e-10
2.01238e-08
3.49393e-08
4.58442e-08
5.81256e-08
8.23305e-08
1.35174e-07
2.37208e-07
4.0184e-07
6.1518e-07
8.55782e-07
9.0149e-07
7.61909e-07
4.6765e-07
1.26512e-07
0
0
0
0
0
0
0
0
0
0
0
0
0
0
0
0
0
0
0
0
0
0
0
0
0
0
0
0
0
0
0
1.74598e-06
4.25985e-06
6.31606e-06
1.98588e-06
0
0
0
0
0
0
1.93337e-08
1.45832e-07
2.74826e-07
3.86429e-07
4.56231e-07
4.59873e-07
4.23157e-07
3.44874e-07
2.1157e-07
7.62954e-08
4.44311e-08
8.44269e-08
1.33127e-07
1.67073e-07
1.8458e-07
2.14892e-07
3.19645e-07
4.62479e-07
6.44267e-07
9.25753e-07
0
0
0
0
0
0
0
1.78883e-07
3.59047e-07
4.38486e-07
4.31121e-07
4.03974e-07
3.9585e-07
3.84353e-07
3.42292e-07
2.68496e-07
1.71669e-07
1.12121e-07
1.142e-07
1.47939e-07
2.34061e-07
2.74622e-07
2.38074e-07
1.02399e-07
0
0
0
2.34389e-08
2.92982e-07
3.98612e-07
4.09989e-07
3.82759e-07
3.632e-07
3.66292e-07
2.33323e-07
4.84385e-08
0
0
3.34471e-08
0
0
0
0
0
0
0
9.2639e-08
1.21108e-06
2.20495e-07
0
4.13367e-09
0
1.40947e-06
0
0
0
7.39214e-06
2.50134e-05
6.61896e-08
7.4445e-08
8.12868e-08
7.77735e-08
5.79672e-08
1.87074e-08
0
0
0
0
0
0
3.83851e-08
1.1147e-07
1.53175e-07
1.54995e-07
1.16065e-07
4.89549e-08
0
0
0
0
0
0
0
0
0
0
0
0
0
0
0
0
0
0
0
0
0
0
0
0
0
8.65622e-09
1.92423e-08
2.81607e-08
3.57021e-08
4.41544e-08
5.53306e-08
6.96341e-08
8.65215e-08
1.07295e-07
1.38367e-07
1.95397e-07
3.00792e-07
4.76916e-07
7.45662e-07
1.12002e-06
1.49793e-06
1.6913e-06
1.84002e-06
1.77973e-06
1.57296e-06
1.27247e-06
9.29479e-07
5.92507e-07
2.72543e-07
0
0
0
0
0
0
0
0
0
0
0
0
0
0
0
0
0
0
0
0
0
0
0
0
1.11995e-06
2.43496e-06
3.36976e-06
3.59938e-06
8.49646e-08
0
0
0
0
0
0
0
0
0
0
1.09115e-07
2.22347e-07
2.79868e-07
2.40726e-07
3.48917e-08
0
0
0
2.86456e-08
8.87023e-08
1.02314e-07
1.14911e-07
2.10763e-07
4.18658e-07
8.19581e-07
1.59909e-06
5.37133e-07
3.62806e-07
0
0
0
0
0
1.54193e-07
4.61647e-07
5.74216e-07
5.3268e-07
4.70937e-07
4.44846e-07
4.24256e-07
3.76988e-07
2.97979e-07
1.67779e-07
2.4321e-08
0
1.15235e-07
2.76183e-07
2.99857e-07
1.82014e-07
0
0
0
8.52336e-08
3.41068e-07
4.62953e-07
4.86686e-07
4.83633e-07
4.67823e-07
4.69998e-07
4.93842e-07
4.17945e-07
3.22685e-07
1.77437e-07
0
0
9.49064e-08
1.84525e-08
0
0
0
0
0
0
9.43691e-07
4.49412e-07
2.19208e-07
6.31689e-07
6.74872e-07
2.40067e-06
3.44508e-06
0
0
1.33297e-05
3.48953e-05
2.28269e-07
3.6772e-07
4.60015e-07
4.8678e-07
4.45824e-07
3.45032e-07
1.9443e-07
1.39617e-08
0
0
0
5.88431e-08
1.89557e-07
2.53345e-07
2.42626e-07
1.7783e-07
8.87689e-08
0
0
0
0
0
0
0
0
0
0
0
0
0
0
0
0
0
0
0
0
0
0
0
0
0
3.07011e-08
6.02147e-08
7.87389e-08
8.61052e-08
8.91238e-08
9.45007e-08
1.05817e-07
1.23787e-07
1.44843e-07
1.70721e-07
1.96669e-07
2.23049e-07
2.64468e-07
3.38065e-07
4.67357e-07
6.79605e-07
1.03901e-06
1.39651e-06
1.77676e-06
2.28547e-06
2.59135e-06
2.87617e-06
3.07426e-06
3.11922e-06
3.00607e-06
2.74821e-06
2.38156e-06
1.91017e-06
1.36878e-06
7.81339e-07
1.63357e-07
0
0
0
0
0
0
0
0
0
0
0
0
0
0
0
0
3.64386e-07
8.89916e-07
1.39228e-06
1.79428e-06
2.25418e-06
2.46842e-06
2.8454e-06
1.67858e-06
0
0
0
0
0
0
0
0
0
0
0
1.20865e-07
1.9777e-07
0
0
0
0
0
0
0
0
0
1.13263e-07
6.09901e-07
1.4315e-06
1.28568e-06
1.69569e-06
5.15979e-07
0
0
0
0
2.12037e-07
6.89449e-07
7.88881e-07
6.63498e-07
5.44015e-07
4.97479e-07
4.68656e-07
4.06216e-07
2.80829e-07
3.12491e-08
0
0
1.78666e-07
3.63272e-07
3.26032e-07
1.22909e-08
0
0
2.40893e-07
5.05661e-07
5.81055e-07
5.8379e-07
5.61705e-07
5.50586e-07
5.57447e-07
6.26826e-07
7.13366e-07
7.11656e-07
7.7609e-07
6.81151e-07
3.65398e-09
0
1.53013e-07
6.31989e-08
0
0
0
0
0
0
6.42729e-07
7.81881e-07
6.33291e-07
7.48024e-07
1.59686e-06
3.12297e-06
5.18339e-06
8.55121e-07
1.56684e-06
1.75667e-05
4.21314e-05
4.56064e-07
4.32917e-07
3.77412e-07
3.1358e-07
2.28711e-07
9.8692e-08
0
0
0
0
0
0
0
0
0
0
0
0
0
0
0
0
0
0
0
0
0
0
0
0
0
0
0
0
0
0
0
0
0
0
0
0
9.90776e-09
2.48831e-08
4.56257e-08
7.03451e-08
9.67886e-08
1.25614e-07
1.58616e-07
2.02469e-07
2.50346e-07
2.94329e-07
3.37081e-07
3.67731e-07
4.00031e-07
4.43404e-07
4.89442e-07
5.55619e-07
6.69857e-07
8.849e-07
1.07307e-06
1.3798e-06
1.71408e-06
2.0333e-06
2.37169e-06
2.69707e-06
2.95061e-06
3.16509e-06
3.28405e-06
3.35157e-06
3.3418e-06
3.27369e-06
3.1132e-06
2.8681e-06
2.60546e-06
2.38559e-06
2.17584e-06
1.95234e-06
1.71518e-06
1.45693e-06
1.25842e-06
1.26528e-06
1.50645e-06
1.66327e-06
1.50869e-06
1.16057e-06
8.12172e-07
5.85871e-07
4.32784e-07
3.98776e-07
4.63028e-07
6.01199e-07
8.95976e-07
1.37885e-06
1.79498e-06
2.31189e-06
2.65423e-06
8.80422e-07
0
0
0
0
0
0
0
0
0
0
2.21897e-07
6.11877e-07
1.48979e-07
0
0
0
0
0
0
0
0
0
2.25592e-07
6.41664e-07
1.43196e-06
2.83105e-06
1.43659e-06
0
0
0
0
1.04913e-06
1.60455e-06
1.32433e-06
8.5364e-07
5.79815e-07
4.9739e-07
4.63902e-07
3.92928e-07
2.31085e-07
0
0
0
2.30784e-07
4.09629e-07
3.84532e-07
1.54461e-07
2.41377e-07
5.48759e-07
7.15875e-07
7.53846e-07
7.43678e-07
7.15116e-07
6.88966e-07
6.89165e-07
7.55456e-07
9.03356e-07
9.2582e-07
8.06113e-07
5.01262e-07
2.91635e-07
1.89822e-07
0
0
0
0
0
0
0
0
0
3.47475e-07
1.23611e-06
1.01606e-06
4.36704e-07
1.68048e-06
3.48679e-06
5.89571e-06
2.15089e-05
5.32933e-06
1.93179e-05
4.4072e-05
2.87746e-07
2.34597e-09
0
0
8.322e-08
2.44696e-07
2.24153e-07
7.84916e-08
0
0
0
0
0
0
0
0
0
7.90455e-08
1.40278e-07
1.59178e-07
1.53431e-07
1.22115e-07
6.58388e-08
0
0
0
0
0
0
0
0
0
0
0
0
0
0
0
0
0
0
0
0
0
0
0
4.04651e-08
8.50104e-08
1.31409e-07
1.81853e-07
2.48903e-07
3.14713e-07
3.7268e-07
4.2311e-07
4.58841e-07
4.8359e-07
5.18309e-07
5.57381e-07
5.93023e-07
6.72463e-07
7.50766e-07
8.39149e-07
1.01377e-06
1.16309e-06
1.30612e-06
1.48644e-06
1.69872e-06
1.87202e-06
1.96406e-06
2.04763e-06
2.15177e-06
2.23014e-06
2.25659e-06
2.25931e-06
2.26702e-06
2.22619e-06
2.07761e-06
1.87089e-06
1.62878e-06
1.41348e-06
1.27781e-06
1.20702e-06
1.15375e-06
1.02001e-06
7.792e-07
4.93664e-07
2.7263e-07
1.26376e-07
2.91817e-08
1.91886e-08
4.86299e-08
1.65869e-07
5.21826e-07
9.17962e-07
1.47713e-06
2.52482e-06
3.16954e-06
1.25438e-07
0
6.83142e-06
7.84849e-06
6.19319e-06
4.64913e-06
2.47308e-06
2.29894e-07
0
0
0
8.3639e-07
1.50673e-06
2.59388e-06
1.57931e-06
0
0
5.80327e-07
9.8885e-07
3.9483e-07
0
0
0
0
0
3.43927e-07
3.39668e-06
2.02709e-06
0
0
0
2.48318e-07
4.14664e-06
4.44301e-06
2.97532e-06
1.50258e-06
7.08581e-07
4.49619e-07
3.73777e-07
2.81246e-07
9.86192e-08
0
0
0
2.6144e-07
6.5665e-07
1.33428e-06
1.62721e-06
1.26419e-06
1.05456e-06
9.40795e-07
8.80267e-07
8.45315e-07
7.97006e-07
7.42456e-07
7.84375e-07
1.1005e-06
1.07009e-06
7.54406e-07
3.66046e-07
2.29115e-08
1.85305e-07
3.55781e-07
5.03454e-08
0
0
2.89319e-08
9.92417e-07
2.36769e-07
0
0
0
6.54132e-08
1.6711e-06
1.12727e-06
0
0
2.84625e-06
6.59952e-06
1.69005e-05
7.86827e-06
1.85153e-05
3.92757e-05
8.06893e-08
1.43608e-07
2.39322e-07
3.51083e-07
4.78671e-07
6.19542e-07
7.65284e-07
8.96257e-07
9.62343e-07
9.22236e-07
7.91535e-07
6.25628e-07
4.90819e-07
4.2317e-07
4.16747e-07
4.46394e-07
4.94433e-07
5.34083e-07
5.2694e-07
4.70762e-07
3.92846e-07
3.16884e-07
2.51454e-07
1.84242e-07
1.04686e-07
2.06631e-08
0
0
0
0
0
0
0
0
0
0
0
0
0
0
0
0
0
0
7.05833e-10
2.76042e-08
5.89045e-08
9.09341e-08
1.2104e-07
1.5072e-07
1.92082e-07
2.38798e-07
2.77496e-07
3.09249e-07
3.32837e-07
3.50403e-07
3.70103e-07
3.85011e-07
3.99137e-07
4.18308e-07
4.39911e-07
4.75781e-07
5.54851e-07
6.3376e-07
7.02612e-07
7.79352e-07
8.62832e-07
9.22291e-07
9.3385e-07
9.22669e-07
9.28057e-07
9.2965e-07
9.08814e-07
8.86194e-07
8.5199e-07
7.95905e-07
7.26313e-07
6.32113e-07
5.17173e-07
4.23883e-07
3.71426e-07
3.48625e-07
3.27492e-07
2.62198e-07
1.64837e-07
7.85499e-08
1.81732e-08
0
0
0
0
0
2.03671e-07
1.99527e-07
0
0
0
0
0
0
1.28651e-07
5.82448e-06
7.71701e-06
6.55476e-06
3.26478e-06
5.16228e-07
0
3.92832e-08
1.05489e-06
1.85109e-06
2.32069e-06
1.96026e-06
0
0
4.07606e-06
4.81991e-06
2.82765e-06
6.78324e-07
0
1.46891e-07
1.93327e-07
0
1.02163e-07
4.95259e-06
3.46021e-06
0
0
0
0
1.86618e-06
5.07084e-06
3.93019e-06
1.96366e-06
7.9033e-07
3.1173e-07
7.42805e-08
0
0
0
0
5.97218e-07
4.92099e-07
1.06988e-06
1.4492e-06
1.43356e-06
1.33175e-06
1.1774e-06
9.89398e-07
8.5213e-07
7.33289e-07
5.04003e-07
3.55163e-08
0
1.50529e-06
1.18271e-06
4.05742e-07
0
0
3.14923e-07
8.98594e-07
9.1322e-07
9.50611e-08
0
0
1.64551e-06
6.98021e-07
0
0
0
0
1.54572e-06
7.71997e-07
0
0
0
7.63397e-06
7.98643e-06
0
1.53498e-05
2.93423e-05
8.29491e-07
9.59928e-07
9.41939e-07
8.89571e-07
8.67107e-07
9.04329e-07
1.01012e-06
1.18319e-06
1.4011e-06
1.59873e-06
1.69097e-06
1.52456e-06
1.05751e-06
5.35562e-07
2.05184e-07
5.94884e-08
0
0
0
0
0
0
0
0
0
0
0
0
0
0
0
0
0
0
0
1.00174e-08
4.12499e-08
6.21807e-08
6.01658e-08
3.7827e-08
1.09111e-08
0
0
3.11524e-09
1.46393e-08
2.68149e-08
4.5549e-08
7.27518e-08
1.0338e-07
1.32178e-07
1.58855e-07
1.9213e-07
2.22448e-07
2.43349e-07
2.57368e-07
2.67876e-07
2.76285e-07
2.79261e-07
2.79045e-07
2.80831e-07
2.83519e-07
2.85872e-07
2.94469e-07
3.10028e-07
3.33481e-07
3.66292e-07
4.03982e-07
4.32742e-07
4.46529e-07
4.50072e-07
4.50465e-07
4.46602e-07
4.28449e-07
3.94833e-07
3.65809e-07
3.48072e-07
3.18915e-07
2.64423e-07
1.96397e-07
1.45914e-07
1.26023e-07
1.2786e-07
1.25958e-07
8.51082e-08
5.24291e-08
4.09182e-08
1.2527e-08
0
0
0
0
0
1.30687e-07
0
0
0
0
0
0
0
0
0
0
1.13863e-06
1.354e-06
0
0
2.20998e-07
1.37205e-06
1.44488e-06
0
0
0
0
0
4.47318e-06
3.95483e-06
1.67638e-06
9.57228e-07
1.2708e-06
1.18977e-06
2.09619e-07
1.85105e-06
9.65096e-06
8.17458e-06
0
0
0
0
0
1.43072e-06
1.82304e-06
7.61022e-07
1.89535e-08
0
0
0
0
0
0
0
0
0
2.12507e-07
5.26204e-07
8.25918e-07
9.59097e-07
8.86366e-07
6.67584e-07
3.00141e-07
0
0
0
5.70508e-08
5.19026e-07
2.29582e-07
0
2.31235e-07
1.62426e-06
2.16447e-06
1.65014e-06
1.82001e-06
1.13503e-06
0
6.25265e-07
0
0
0
6.63766e-07
0
0
1.45902e-07
0
0
0
9.50802e-06
2.11209e-06
0
8.85127e-06
1.76371e-05
4.95604e-07
7.26964e-07
9.12084e-07
1.03209e-06
1.10173e-06
1.12529e-06
1.10967e-06
1.04946e-06
9.34623e-07
7.64705e-07
5.58421e-07
3.39846e-07
1.40541e-07
0
0
0
0
0
0
0
0
0
0
0
0
0
0
0
0
0
0
0
0
0
2.68726e-08
4.25831e-08
8.62458e-08
1.60201e-07
2.07812e-07
2.03265e-07
1.61516e-07
1.08971e-07
7.1426e-08
6.30177e-08
7.41214e-08
8.51287e-08
8.91801e-08
9.00013e-08
8.84799e-08
8.46347e-08
7.92344e-08
7.38163e-08
7.05313e-08
7.20614e-08
8.07674e-08
9.37543e-08
1.08869e-07
1.23333e-07
1.34465e-07
1.42318e-07
1.45819e-07
1.4662e-07
1.46144e-07
1.44765e-07
1.44314e-07
1.48824e-07
1.56554e-07
1.62926e-07
1.68885e-07
1.7358e-07
1.76412e-07
1.70767e-07
1.44301e-07
1.07466e-07
1.06019e-07
1.43502e-07
1.55832e-07
1.21239e-07
7.15461e-08
5.04186e-08
5.74443e-08
7.48467e-08
6.29227e-08
7.25272e-09
0
3.55291e-08
4.30558e-08
3.44997e-08
0
0
0
4.51948e-07
1.83236e-06
8.02052e-07
0
0
0
0
0
0
0
0
0
0
0
0
0
4.38669e-07
1.24934e-06
0
0
0
0
0
0
5.62265e-07
1.58184e-06
9.89475e-07
1.24523e-06
2.31741e-06
2.71161e-06
2.29333e-06
3.80921e-06
1.39851e-05
1.421e-05
3.98402e-06
0
0
0
0
1.00504e-07
0
0
0
0
0
0
0
0
0
0
0
0
0
5.9497e-08
2.52525e-07
3.62707e-07
3.24796e-07
1.92578e-07
6.44266e-08
0
0
2.53613e-09
1.97376e-08
7.80164e-08
0
0
0
1.63651e-07
1.59999e-07
1.5577e-07
3.11968e-07
1.65725e-07
0
0
0
0
0
0
0
0
0
0
0
0
1.13449e-05
0
0
0
5.74338e-06
1.40013e-07
1.69385e-07
1.90081e-07
2.01416e-07
1.9986e-07
1.82973e-07
1.61367e-07
1.55775e-07
1.79717e-07
2.32724e-07
3.02062e-07
3.69555e-07
4.1412e-07
4.12356e-07
3.4431e-07
2.14025e-07
4.07079e-08
0
0
0
0
0
0
0
0
0
0
0
0
0
0
0
0
0
0
0
0
3.38109e-08
1.01371e-07
7.96033e-08
0
0
0
0
3.1393e-08
7.32759e-08
8.25943e-08
6.59361e-08
4.63836e-08
3.73987e-08
3.62681e-08
3.7513e-08
3.83906e-08
3.83641e-08
3.7923e-08
3.86387e-08
4.201e-08
4.67617e-08
5.19838e-08
5.65675e-08
5.90657e-08
5.93725e-08
5.77198e-08
5.43025e-08
5.08318e-08
4.81801e-08
4.53164e-08
4.61125e-08
4.80307e-08
4.80393e-08
5.38781e-08
4.81719e-08
1.24122e-09
0
0
4.82773e-08
1.16984e-07
7.8285e-08
2.56893e-08
1.48172e-08
3.9369e-08
7.02758e-08
3.16598e-08
0
0
0
0
3.09248e-07
8.27866e-07
2.06176e-08
0
2.27143e-06
5.67394e-06
4.86408e-06
1.51463e-06
1.00674e-06
0
0
0
0
0
0
0
0
0
0
0
1.16513e-06
9.85991e-07
0
0
0
0
0
0
0
0
0
7.1071e-07
2.3303e-06
3.54263e-06
3.88136e-06
4.28537e-06
1.79633e-05
2.01936e-05
7.98216e-06
0
1.49996e-06
1.19385e-06
7.00228e-07
0
0
0
0
0
0
0
0
0
0
0
0
0
0
1.8875e-09
8.44451e-08
8.25535e-08
3.18826e-08
0
0
0
0
0
3.03558e-08
3.42536e-08
0
0
0
0
0
6.14786e-08
9.26595e-08
0
0
0
0
0
0
0
0
0
0
9.68261e-07
0
0
4.69319e-06
0
0
0
0
0
0
7.61574e-08
2.94477e-07
5.45689e-07
7.65811e-07
8.81175e-07
8.57753e-07
7.61249e-07
6.82397e-07
6.60526e-07
6.5267e-07
6.20564e-07
5.51022e-07
4.51249e-07
3.37484e-07
2.22487e-07
1.26459e-07
6.13356e-08
2.98708e-08
2.37454e-08
2.61196e-08
2.24123e-08
8.54379e-09
0
0
1.52351e-08
8.11758e-08
1.42004e-07
1.54551e-07
1.35869e-07
1.1822e-07
1.06807e-07
8.89978e-08
5.74005e-08
1.74801e-08
0
0
0
0
0
0
0
0
0
0
2.7771e-08
3.42475e-08
2.76457e-08
2.11624e-08
1.7851e-08
1.34961e-08
5.49128e-09
0
0
0
0
0
1.20225e-09
9.58185e-09
1.50158e-08
1.6167e-08
1.29319e-08
5.41052e-09
0
0
0
0
0
0
4.81455e-09
0
0
0
0
0
1.47018e-07
6.95399e-08
6.75303e-09
4.04513e-09
5.14082e-08
1.08601e-07
0
0
5.87964e-08
1.40259e-07
0
5.70396e-07
1.24143e-06
0
0
3.37478e-06
1.02907e-05
6.86318e-06
2.73104e-06
2.77017e-06
1.3915e-06
0
0
0
0
0
0
0
0
0
0
3.76838e-06
1.81103e-06
0
0
0
0
0
0
8.04295e-07
3.21332e-07
0
4.2884e-08
5.33467e-07
3.2377e-06
4.90745e-06
3.34948e-06
2.19007e-05
2.95556e-05
1.14183e-05
0
2.64287e-06
2.53338e-06
1.28848e-06
0
0
0
0
0
0
0
0
0
0
0
0
0
0
2.01961e-08
6.67701e-09
0
0
0
0
0
0
0
1.20626e-09
0
0
0
0
0
5.52614e-09
5.80818e-08
3.53668e-08
0
0
2.68958e-08
0
0
0
0
0
0
0
8.62424e-07
0
0
0
0
0
0
0
0
0
1.27846e-07
3.69431e-07
6.1704e-07
8.36655e-07
9.72108e-07
9.78694e-07
8.80644e-07
7.35543e-07
5.96385e-07
4.82875e-07
3.84906e-07
2.89789e-07
2.01995e-07
1.31366e-07
8.58756e-08
7.09118e-08
8.98688e-08
1.38674e-07
2.02217e-07
2.52994e-07
2.55294e-07
1.9997e-07
1.17037e-07
4.60718e-08
1.29906e-08
1.04801e-08
1.88295e-08
2.56437e-08
2.82085e-08
2.985e-08
3.52451e-08
4.73481e-08
6.07903e-08
3.74206e-08
0
0
0
0
0
0
0
0
0
0
0
1.16053e-08
1.99188e-08
1.70779e-08
5.73066e-09
0
0
0
0
0
0
0
0
0
0
0
0
0
0
0
0
0
0
0
0
0
0
0
0
0
4.25091e-08
9.65281e-08
3.09974e-09
0
1.20488e-07
1.25545e-07
0
0
4.50236e-07
0
0
1.26177e-06
1.17154e-06
0
0
1.71539e-06
9.5107e-06
5.22635e-06
2.13885e-06
4.09106e-06
3.3905e-06
0
0
0
0
1.25511e-06
0
0
0
0
1.44918e-06
7.81742e-06
3.91796e-06
5.58445e-07
0
0
0
3.12331e-07
1.59028e-06
1.44002e-06
1.90103e-07
0
0
0
8.45843e-07
4.32788e-06
0
1.60053e-05
3.57212e-05
1.38166e-05
0
2.56874e-06
3.43025e-06
1.34836e-06
0
0
0
0
0
0
0
0
0
0
0
0
0
0
0
0
0
0
0
0
0
0
0
7.08755e-09
0
0
0
0
6.31057e-10
2.50908e-08
4.25615e-08
1.21273e-08
0
1.91822e-08
3.65599e-08
0
0
0
6.3294e-08
0
0
0
5.00832e-07
0
0
0
0
0
0
0
1.78889e-07
1.76899e-07
1.68583e-07
1.50489e-07
1.24941e-07
9.34439e-08
5.93356e-08
2.83317e-08
5.02655e-09
0
0
0
0
1.04374e-09
4.96728e-09
8.41373e-09
1.28519e-08
1.97957e-08
2.98436e-08
4.06754e-08
4.9163e-08
5.28459e-08
5.12371e-08
4.46714e-08
3.42369e-08
2.39752e-08
1.56611e-08
1.01024e-08
7.63224e-09
7.83808e-09
1.03195e-08
1.35565e-08
1.87649e-08
2.60235e-08
3.0269e-08
2.68626e-08
1.26887e-08
0
0
0
0
0
0
0
0
0
0
0
0
0
0
0
0
0
0
0
0
0
0
0
0
0
0
0
0
0
0
0
0
0
0
0
0
8.77707e-08
2.84283e-08
1.10443e-08
5.93703e-08
5.14205e-08
0
0
4.36642e-07
5.61535e-07
0
3.03867e-08
8.71451e-07
0
0
2.397e-06
7.71169e-07
0
0
0
4.37697e-06
2.36487e-06
1.80772e-06
4.9645e-06
4.85935e-06
1.81375e-06
0
0
1.97205e-07
2.63514e-06
0
0
0
0
3.5347e-06
1.22308e-05
9.30945e-06
6.10308e-06
0
0
0
1.207e-06
1.7682e-06
7.8615e-07
0
0
0
0
0
1.70881e-06
0
5.55013e-06
2.22075e-05
1.71453e-05
1.54506e-06
5.95866e-07
3.783e-06
8.4131e-07
0
0
0
0
0
0
0
0
0
0
0
0
0
0
0
0
0
0
0
0
0
2.6458e-08
7.26051e-08
6.49988e-08
3.9116e-08
1.80672e-08
0
0
7.78289e-09
2.20198e-08
2.64414e-08
1.24858e-08
3.04499e-09
2.05585e-08
3.49596e-08
1.39047e-08
0
3.04472e-08
3.9968e-08
0
0
0
1.35545e-07
0
0
0
0
0
1.26272e-06
0
2.95558e-10
2.85605e-10
2.40527e-10
2.14862e-10
2.33112e-10
2.17036e-10
8.46989e-11
0
0
0
0
0
0
0
0
0
0
0
2.3528e-10
1.07148e-10
0
0
0
0
0
0
0
0
0
0
4.56179e-10
6.24893e-10
5.64847e-10
6.05391e-10
5.3381e-10
2.36541e-10
0
0
0
0
0
0
0
0
0
0
0
0
0
0
0
0
0
0
0
4.63749e-11
0
0
0
0
0
0
0
0
8.49763e-11
0
3.93497e-09
0
0
6.3581e-09
4.93143e-08
0
0
0
0
5.92863e-08
1.55502e-07
3.13111e-08
0
0
1.10932e-06
2.25587e-06
3.40833e-07
0
1.52954e-06
0
0
4.06144e-06
2.73945e-06
0
0
0
4.23095e-06
1.25017e-05
8.65177e-06
7.46774e-06
6.64298e-06
3.95965e-06
0
0
3.59059e-06
0
0
0
0
0
0
1.54919e-05
1.8146e-05
1.71625e-05
9.53702e-06
0
0
1.95987e-07
6.2051e-07
1.70578e-07
0
0
0
0
0
2.53407e-07
1.29938e-05
2.06286e-05
3.32815e-05
1.57123e-05
1.14468e-05
0
1.49172e-06
0
0
0
0
0
0
0
0
0
0
0
0
0
0
0
0
0
0
0
0
0
5.42745e-08
7.83227e-08
3.93494e-08
0
0
0
0
2.11446e-09
1.42629e-08
2.02157e-08
2.47856e-08
2.07842e-08
8.29447e-09
1.08978e-08
2.57628e-08
2.17336e-08
5.26917e-09
1.06245e-08
2.16406e-09
0
0
2.88439e-08
4.71972e-09
0
0
0
0
0
2.84032e-07
0
0
0
0
1.9138e-11
1.00466e-10
1.35409e-10
8.66858e-11
0
0
0
0
0
0
0
0
0
0
0
0
0
0
0
0
0
0
0
0
0
0
0
0
0
0
0
0
0
0
0
0
9.62886e-12
6.03193e-11
6.26936e-11
4.38531e-11
1.51458e-11
0
0
0
6.1519e-11
2.21566e-10
4.5176e-10
7.00478e-10
9.16555e-10
1.12088e-09
1.23196e-09
1.26301e-09
1.28737e-09
1.13322e-09
1.00298e-09
9.5331e-10
6.20585e-10
6.64095e-10
6.8193e-10
1.18565e-10
8.24078e-10
4.19292e-10
0
1.73661e-09
0
0
3.83173e-08
2.73593e-07
0
0
0
0
0
0
0
0
0
7.4405e-07
4.37952e-06
1.25625e-06
0
2.32618e-06
0
0
4.89554e-06
6.94011e-06
0
0
0
5.66365e-05
4.66685e-05
2.4308e-05
1.48837e-05
7.90182e-06
3.44684e-06
1.3325e-06
2.63767e-07
0
0
0
0
0
0
0
0
2.36568e-05
1.8367e-05
8.60066e-06
2.13196e-06
3.66616e-07
0
0
0
0
0
0
0
0
0
0
3.88966e-05
4.65839e-05
7.66488e-06
1.38401e-06
0
0
0
0
0
0
0
0
0
0
3.32285e-08
0
0
0
0
0
0
0
0
0
1.27239e-07
1.60329e-07
9.84381e-08
1.51577e-08
0
0
0
0
0
8.05861e-09
2.29764e-08
2.7975e-08
2.8316e-08
2.83398e-08
1.81136e-08
0
0
6.04428e-09
3.92769e-09
0
0
1.5173e-08
3.20206e-08
2.64271e-08
1.84201e-08
5.12153e-08
8.46408e-08
4.45959e-08
0
0
0
2.52307e-08
0
0
0
0
0
0
0
0
0
0
0
0
0
0
0
0
0
0
0
0
0
0
0
0
0
0
0
0
0
0
0
0
0
0
0
0
0
0
4.64272e-11
3.09469e-10
4.7234e-10
5.31598e-10
5.05837e-10
4.43282e-10
3.75244e-10
3.11069e-10
2.68432e-10
2.72949e-10
3.69537e-10
5.76741e-10
8.7862e-10
1.19138e-09
1.43906e-09
1.61525e-09
1.6605e-09
1.62487e-09
1.55009e-09
1.33338e-09
1.18123e-09
1.06241e-09
7.88823e-10
8.41405e-10
7.58598e-10
3.38103e-10
9.66868e-10
7.31908e-11
0
1.10986e-09
0
0
8.92291e-08
7.59734e-07
0
0
0
0
0
0
0
0
0
0
3.34797e-06
0
0
0
0
0
1.9389e-06
1.3901e-05
1.14823e-05
0
0
1.96065e-05
6.03758e-05
2.45109e-05
5.1723e-06
1.57555e-06
6.55125e-07
2.52021e-07
1.76236e-08
0
0
0
0
0
0
0
0
3.56683e-05
2.20614e-05
2.96267e-06
1.23573e-07
0
0
4.20599e-08
2.22763e-08
0
0
0
0
0
0
0
1.77314e-05
5.51678e-05
2.43783e-06
1.04013e-07
0
0
0
0
0
0
0
0
0
0
1.89767e-07
0
0
0
0
0
0
0
0
2.23781e-07
2.45351e-07
1.53238e-07
4.81085e-08
0
0
0
0
0
1.21572e-08
3.33409e-08
3.8004e-08
3.52591e-08
3.2416e-08
2.59052e-08
7.94941e-09
0
0
0
0
0
0
4.48539e-08
6.95285e-08
1.53255e-08
1.66957e-08
1.12007e-07
1.67078e-07
6.15954e-08
0
0
0
1.49357e-08
0
0
0
0
0
0
0
0
0
0
0
0
0
0
0
0
0
0
0
0
0
0
0
0
0
0
0
0
0
0
0
0
0
0
0
0
0
4.71585e-11
5.5689e-10
1.04096e-09
1.34226e-09
1.45972e-09
1.45165e-09
1.408e-09
1.45114e-09
1.56274e-09
1.615e-09
1.76785e-09
2.14994e-09
2.78284e-09
3.60594e-09
4.38343e-09
4.97071e-09
5.36607e-09
5.39386e-09
5.21393e-09
4.95453e-09
4.37555e-09
4.02084e-09
3.68357e-09
2.86314e-09
3.06928e-09
2.45791e-09
1.33568e-09
2.83279e-09
0
0
0
0
0
1.72944e-07
1.49715e-06
9.08581e-07
0
0
0
0
0
0
0
0
0
1.85676e-06
3.56228e-07
0
0
0
0
1.43564e-07
4.64665e-06
4.13798e-06
0
0
9.08826e-06
3.99778e-05
1.50774e-05
1.51905e-06
3.90934e-07
1.50649e-07
4.04461e-08
0
0
0
0
0
0
0
0
0
2.49768e-05
1.68761e-05
9.31665e-07
0
0
0
6.77205e-08
6.30051e-08
0
0
3.8785e-09
0
0
0
0
4.67003e-06
2.48025e-05
7.04171e-07
0
0
0
0
0
0
0
0
0
0
0
5.65463e-09
0
0
0
0
0
0
0
0
2.2011e-07
1.60537e-07
8.27983e-08
1.64241e-08
0
0
0
0
0
2.60314e-08
3.23234e-08
2.83343e-08
2.43199e-08
2.17399e-08
1.44466e-08
1.68844e-10
0
0
0
0
0
0
4.9004e-08
5.97728e-08
0
1.35673e-08
1.25656e-07
1.73038e-07
4.9293e-08
0
0
2.76994e-08
3.09541e-08
0
1.52007e-07
0
0
0
0
0
0
0
0
0
0
0
0
1.0102e-09
1.11876e-08
9.28392e-09
0
0
0
0
0
9.02983e-08
3.32495e-07
0
8.91327e-08
0
0
0
0
0
0
0
0
0
0
0
0
0
1.04731e-08
1.5887e-08
9.32322e-09
0
0
0
0
0
7.63266e-08
1.71677e-07
0
3.16732e-08
0
0
0
0
0
0
0
0
0
0
0
0
0
6.13953e-08
4.92657e-08
1.72277e-08
0
0
0
5.11866e-09
1.16025e-07
3.13614e-07
1.04675e-07
0
0
0
0
0
0
0
0
0
2.1668e-06
4.25153e-06
1.69764e-06
0
0
0
0
3.13655e-07
1.24206e-07
1.07889e-07
5.5773e-07
2.65546e-06
5.13187e-06
7.21635e-06
1.15094e-05
0
0
0
0
0
0
0
0
0
0
2.22061e-06
7.28702e-06
2.36488e-06
0
0
0
0
0
1.02666e-07
1.59211e-06
5.62715e-06
1.03354e-05
1.14442e-05
1.30076e-05
1.93032e-05
0
0
0
0
0
0
0
0
0
0
0
3.7243e-06
0
0
0
0
0
0
0
4.32599e-06
1.00774e-05
1.32695e-05
1.36298e-05
1.5923e-05
2.56778e-05
0
0
0
0
0
0
0
0
0
0
0
0
0
0
0
0
0
0
0
7.20416e-06
1.2631e-05
1.49014e-05
1.56675e-05
1.94889e-05
3.2418e-05
0
0
0
0
0
0
0
0
0
0
0
0
0
0
0
0
0
0
9.11432e-07
9.22703e-06
1.39469e-05
1.60546e-05
1.88356e-05
2.20475e-05
3.32997e-05
0
0
0
0
0
0
0
0
0
0
0
0
0
0
0
1.98647e-06
2.73964e-06
1.96999e-06
3.66155e-06
1.12851e-05
1.514e-05
1.75221e-05
2.23614e-05
2.07914e-05
2.57189e-05
0
0
0
0
0
0
0
0
0
0
0
0
0
0
0
6.33834e-06
7.47218e-06
6.65546e-06
7.976e-06
1.39268e-05
1.66753e-05
1.93409e-05
2.45777e-05
1.55294e-05
0
0
0
0
0
0
0
0
0
0
0
0
0
0
0
2.27549e-06
1.26734e-05
1.38332e-05
1.2846e-05
1.39329e-05
1.71945e-05
1.85653e-05
2.1236e-05
2.49114e-05
5.97988e-06
0
1.42059e-05
0
0
0
0
0
0
0
0
0
0
0
0
0
1.06137e-05
2.03723e-05
2.13249e-05
1.93859e-05
2.04522e-05
2.07955e-05
2.06916e-05
2.28614e-05
2.34141e-05
0
0
3.13908e-05
0
0
0
0
0
0
0
0
0
0
0
0
0
3.07266e-05
3.08034e-05
2.94385e-05
2.60381e-05
2.60203e-05
2.44562e-05
2.2872e-05
2.40394e-05
2.03497e-05
0
0
4.58463e-05
0
0
0
0
0
0
0
0
0
0
0
0
0
3.66306e-05
3.87701e-05
3.62196e-05
3.2078e-05
3.02035e-05
2.78212e-05
2.50159e-05
2.45241e-05
1.61556e-05
0
8.35837e-06
5.93056e-05
0
0
3.19221e-06
0
0
0
0
0
0
0
0
0
0
2.67851e-05
3.57848e-05
3.9935e-05
3.69926e-05
3.33952e-05
3.04553e-05
2.69484e-05
2.44473e-05
1.11333e-05
0
1.05674e-05
7.16724e-05
0
0
6.63515e-06
0
0
0
0
0
0
0
0
0
0
2.51534e-05
3.03109e-05
4.00659e-05
4.05515e-05
3.58205e-05
3.24796e-05
2.86109e-05
2.39066e-05
5.4959e-06
0
0
7.92735e-05
0
0
9.35905e-06
0
0
0
0
0
0
0
0
0
0
2.43522e-05
2.79898e-05
3.82841e-05
4.26731e-05
3.77187e-05
3.3952e-05
2.99051e-05
2.28778e-05
0
0
0
7.66234e-05
0
0
1.1001e-05
0
0
0
0
0
0
0
0
0
0
2.17334e-05
2.69466e-05
3.59961e-05
4.35024e-05
3.91492e-05
3.50066e-05
3.08324e-05
2.14142e-05
0
0
0
6.41634e-05
0
0
1.15852e-05
0
0
0
0
0
0
0
0
0
0
2.04925e-05
2.5781e-05
3.35479e-05
4.36255e-05
4.02748e-05
3.56371e-05
3.14833e-05
1.94341e-05
0
0
0
5.07229e-05
0
0
1.11269e-05
0
0
0
0
0
0
0
0
0
5.04129e-06
2.37018e-05
2.60086e-05
3.09769e-05
4.32414e-05
4.11334e-05
3.58957e-05
3.18258e-05
1.69086e-05
0
0
0
4.41068e-05
0
0
9.56483e-06
0
0
0
0
0
0
0
0
0
9.47382e-06
2.84255e-05
2.98574e-05
2.87706e-05
4.24229e-05
4.1731e-05
3.58374e-05
3.17131e-05
1.37269e-05
0
0
0
4.77204e-05
0
0
6.91052e-06
0
0
0
0
0
0
0
0
0
1.04316e-05
3.14054e-05
3.59116e-05
2.84915e-05
4.12731e-05
4.20803e-05
3.55315e-05
3.10787e-05
9.83308e-06
0
0
0
6.44445e-05
0
0
3.51885e-06
0
0
0
0
0
0
0
0
0
9.37229e-06
3.22632e-05
4.10377e-05
3.10722e-05
3.99167e-05
4.2146e-05
3.49958e-05
2.97238e-05
5.14081e-06
0
0
0
9.89096e-05
7.80968e-06
0
6.57914e-08
0
0
0
0
0
0
0
0
0
7.19209e-06
3.14962e-05
4.40738e-05
3.55561e-05
3.85605e-05
4.1878e-05
3.42473e-05
2.74446e-05
0
0
0
0
0.000153026
1.87323e-05
0
0
0
0
0
0
0
6.83967e-07
0
0
0
4.08538e-06
2.9195e-05
4.54766e-05
3.96292e-05
3.73486e-05
4.12965e-05
3.32634e-05
2.39561e-05
0
0
0
0
0.000209081
3.09354e-05
0
0
0
0
0
5.8004e-06
9.14233e-06
9.98209e-06
5.91442e-06
0
0
0
2.51455e-05
4.56691e-05
4.22274e-05
3.63109e-05
4.02279e-05
3.19053e-05
1.87292e-05
0
0
0
0
0.000227045
4.24365e-05
0
0
0
0
6.51995e-06
1.67141e-05
2.24191e-05
2.72624e-05
2.20157e-05
6.23694e-06
0
0
1.8343e-05
4.34662e-05
4.21116e-05
3.46994e-05
3.84023e-05
2.99792e-05
1.09983e-05
0
0
0
0
0.000194847
5.05216e-05
0
0
0
0
1.3602e-05
2.88182e-05
4.4081e-05
6.15451e-05
6.25678e-05
4.17072e-05
0
0
7.72281e-06
4.18107e-05
4.35156e-05
3.55138e-05
3.88907e-05
3.0062e-05
7.75956e-07
0
0
0
0
0.000159167
5.87758e-05
0
0
0
0
1.51418e-05
3.64989e-05
6.81158e-05
0.000107446
0.000134786
0.000157546
0
0
0
3.39929e-05
3.90894e-05
3.20219e-05
3.51762e-05
2.68025e-05
0
0
0
0
0
0.000120937
5.62252e-05
0
0
0
0
1.38809e-05
4.06811e-05
8.74066e-05
0.000153166
0.000224372
0.00033766
0.000249401
0
0
2.30345e-05
3.18659e-05
2.70769e-05
3.03368e-05
2.29147e-05
0
0
0
0
0
9.48293e-05
4.96209e-05
4.44225e-06
0
0
0
1.16174e-05
3.86778e-05
9.32422e-05
0.000176838
0.000268843
0.000343665
0.000225749
0
0
1.16446e-05
2.24459e-05
2.00286e-05
2.33148e-05
1.70689e-05
5.00891e-07
2.01903e-05
0
0
1.29052e-05
7.81051e-05
4.12438e-05
7.56005e-06
0
0
0
9.14655e-06
3.26484e-05
8.72809e-05
0.000172373
0.000252161
0.000266722
0.000174822
4.67029e-05
0
5.15184e-06
1.30369e-05
1.18454e-05
1.40349e-05
7.70795e-06
2.34924e-05
3.03877e-05
0
0
4.40909e-05
6.79547e-05
3.29773e-05
9.03941e-06
0
0
4.57019e-08
6.76442e-06
2.44011e-05
7.20017e-05
0.000149709
0.000214331
0.000210205
0.00014795
6.78841e-05
1.5141e-05
4.44931e-06
5.90018e-06
3.89918e-06
3.47403e-06
0
6.18868e-06
2.34429e-05
7.40807e-06
3.12116e-05
6.75973e-05
6.23459e-05
2.60233e-05
1.02414e-05
0
0
9.34339e-07
4.71958e-06
1.55108e-05
5.14731e-05
0.000120082
0.000179319
0.000176572
0.000133411
7.68396e-05
2.69868e-05
6.82241e-06
1.79251e-06
0
0
0
0
8.5088e-06
1.3694e-05
5.46936e-05
8.51891e-05
5.98816e-05
2.07653e-05
1.21406e-05
0
0
2.26891e-06
3.38941e-06
7.20558e-06
2.91192e-05
9.02561e-05
0.000152506
0.000156927
0.000125308
8.03935e-05
3.43587e-05
9.62043e-06
0
0
0
0
0
0
1.29344e-05
6.73776e-05
9.74676e-05
5.98652e-05
1.74148e-05
1.52403e-05
0
0
4.02923e-06
3.13611e-06
7.64316e-07
7.84651e-06
6.17505e-05
0.000132417
0.000145466
0.000120641
8.15379e-05
3.82003e-05
1.13503e-05
0
0
0
0
0
0
6.45003e-06
6.95212e-05
0.000104054
6.16478e-05
1.59803e-05
1.96905e-05
0
0
6.07682e-06
4.08603e-06
0
0
3.14901e-05
0.000114467
0.000138832
0.000118139
8.14689e-05
3.97942e-05
1.17242e-05
0
0
0
0
0
0
0
6.30681e-05
0.000104209
6.47117e-05
1.65477e-05
2.55097e-05
0
2.01503e-06
7.95649e-06
5.95459e-06
0
0
0
9.10345e-05
0.000133681
0.000116711
8.02483e-05
3.87673e-05
1.0225e-05
0
0
0
0
0
0
0
5.07174e-05
9.75986e-05
6.85297e-05
1.92392e-05
3.262e-05
3.84521e-06
4.34257e-06
9.27881e-06
8.05992e-06
4.63393e-07
0
0
5.45088e-05
0.000127705
0.000116502
7.87436e-05
3.63031e-05
6.93252e-06
0
0
0
0
0
0
0
3.51802e-05
8.45876e-05
7.25555e-05
2.42287e-05
4.08424e-05
1.07737e-05
6.73113e-06
9.78252e-06
9.73036e-06
5.2364e-06
0
0
0
0.000120198
0.000117737
7.66345e-05
3.24931e-05
2.08192e-06
0
0
0
0
0
0
0
1.87204e-05
6.63191e-05
7.59185e-05
3.16522e-05
5.00453e-05
1.84373e-05
9.55398e-06
9.8027e-06
9.57599e-06
1.0599e-05
0
0
0
0.000108503
0.000120446
7.28052e-05
2.67767e-05
0
0
0
0
0
0
0
0
3.2197e-06
4.50631e-05
7.72023e-05
4.14449e-05
5.97981e-05
2.73431e-05
1.3862e-05
1.0731e-05
6.96962e-06
1.59417e-05
5.36745e-06
0
0
8.01291e-05
0.000122422
6.55573e-05
1.83096e-05
0
0
0
0
0
0
0
0
0
2.35787e-05
7.44428e-05
5.3246e-05
6.99144e-05
3.62204e-05
1.92565e-05
1.46452e-05
7.56579e-06
2.18922e-05
1.79018e-05
0
0
1.04087e-06
0.000118582
5.26252e-05
7.48804e-06
0
0
0
0
0
0
0
0
0
3.86963e-06
6.41243e-05
6.36583e-05
7.67444e-05
4.28541e-05
2.24043e-05
1.84804e-05
2.45005e-05
3.47892e-05
2.79068e-05
1.25176e-05
0
0
0.000113948
3.77247e-05
0
0
0
0
0
0
0
0
0
0
0
4.88788e-05
7.42141e-05
8.24652e-05
4.16651e-05
1.08875e-05
0
0
4.63445e-05
3.45605e-05
2.27421e-05
0
0
9.9382e-05
2.15242e-05
0
0
0
0
0
0
0
0
0
0
0
3.04402e-05
8.43705e-05
8.37399e-05
2.95689e-05
0
0
0
2.47886e-05
3.56981e-05
2.80329e-05
1.34543e-05
0
6.42421e-05
5.13821e-06
0
0
0
0
0
0
0
0
0
0
0
1.1128e-05
8.42712e-05
6.2589e-05
1.15144e-05
0
0
0
1.54051e-05
3.17836e-05
3.03437e-05
2.14691e-05
0
2.63606e-05
0
0
0
0
0
0
0
0
0
0
0
0
0
3.69748e-05
1.97877e-05
0
0
0
1.17678e-05
2.3818e-05
2.84283e-05
3.2185e-05
2.60755e-05
3.58739e-06
3.40663e-06
0
0
0
0
0
0
0
0
0
0
0
0
0
4.7609e-06
2.87218e-06
0
0
0
3.64756e-05
3.41515e-05
3.12029e-05
3.44163e-05
2.89382e-05
1.23182e-05
0
0
0
0
0
0
0
0
0
0
0
0
0
0
8.07699e-08
2.76011e-08
2.96091e-07
2.30029e-06
7.61119e-06
5.58221e-05
3.91646e-05
3.21909e-05
3.5729e-05
3.09316e-05
1.88811e-05
0
0
0
0
0
0
0
0
0
0
0
0
0
0
0
0
2.66172e-05
1.77536e-05
2.13267e-05
6.67218e-05
3.98434e-05
2.71833e-05
3.46602e-05
3.23833e-05
2.4498e-05
0
0
0
0
0
0
0
0
0
0
0
0
0
0
0
0
2.44617e-05
3.37986e-05
3.05591e-05
6.87189e-05
4.01562e-05
2.04104e-05
3.07659e-05
3.24191e-05
2.88432e-05
0
0
0
0
0
0
0
0
0
0
0
0
0
0
0
0
0
3.00325e-05
2.64988e-05
6.59016e-05
3.95388e-05
1.17826e-05
1.55457e-05
2.71248e-05
2.91448e-05
0
0
0
0
0
0
0
0
0
0
0
0
0
0
0
0
0
0
1.69005e-06
4.77268e-05
3.74952e-05
8.66654e-06
3.58735e-06
1.82403e-06
9.36711e-07
7.3097e-07
0
0
0
0
0
0
0
0
0
0
0
0
0
0
0
0
0
0
7.95057e-06
3.58686e-05
1.57608e-05
2.47578e-06
1.53346e-07
4.00923e-08
5.44201e-08
1.00542e-07
8.41904e-08
0
0
0
0
0
1.06364e-08
0
0
0
0
0
0
5.66393e-09
4.54437e-08
0
0
1.52769e-06
7.96185e-06
3.24892e-05
2.9836e-06
7.14172e-09
5.28484e-09
3.37767e-08
8.06457e-08
9.59046e-08
5.1071e-08
0
0
0
0
2.38063e-08
7.25568e-09
0
0
0
0
1.55611e-08
1.95083e-08
1.51814e-07
0
0
8.03302e-07
2.81282e-06
2.39205e-05
2.53294e-06
0
0
2.37722e-08
6.72743e-08
7.65101e-08
6.2117e-08
0
0
8.0841e-08
1.5648e-08
2.28463e-08
8.21653e-09
0
0
0
0
4.30028e-08
2.83993e-08
)
;

boundaryField
{
    inlet
    {
        type            zeroGradient;
    }
    outlet
    {
        type            zeroGradient;
    }
    upperWall
    {
        type            zeroGradient;
    }
    lowerWall
    {
        type            zeroGradient;
    }
    frontAndBack
    {
        type            empty;
    }
}


// ************************************************************************* //
