/*--------------------------------*- C++ -*----------------------------------*\
| =========                 |                                                 |
| \\      /  F ield         | OpenFOAM: The Open Source CFD Toolbox           |
|  \\    /   O peration     | Version:  2112                                  |
|   \\  /    A nd           | Website:  www.openfoam.com                      |
|    \\/     M anipulation  |                                                 |
\*---------------------------------------------------------------------------*/
FoamFile
{
    version     2.0;
    format      ascii;
    arch        "LSB;label=32;scalar=64";
    class       volScalarField;
    location    "0.13";
    object      nut;
}
// * * * * * * * * * * * * * * * * * * * * * * * * * * * * * * * * * * * * * //

dimensions      [0 2 -1 0 0 0 0];

internalField   nonuniform List<scalar> 
12225
(
2.82796e-08
0
0
0
0
0
0
0
0
0
0
0
0
0
0
0
0
0
3.89068e-08
0
0
0
0
0
0
0
0
0
0
0
0
0
0
0
0
0
7.58574e-08
0
0
0
0
0
0
0
0
0
0
0
8.57468e-09
1.66632e-09
0
0
0
0
1.66568e-05
2.1478e-06
6.54442e-07
2.17005e-07
8.48155e-08
5.10909e-08
2.411e-08
6.98007e-09
0
0
0
0
0
0
0
0
0
0
0
0
3.19925e-05
0
0
0
8.17064e-06
1.32851e-05
2.19176e-05
2.7676e-05
0
0
0
0
0
0
0
0
0
0
1.71142e-05
0
0
0
1.55051e-07
6.90696e-06
1.11724e-05
1.53428e-05
2.21056e-05
3.21082e-05
0
0
0
0
0
0
1.29673e-05
0
0
0
0
0
0
8.11393e-06
1.1246e-05
9.76741e-06
1.45999e-05
2.83082e-05
3.64072e-06
0
0
0
0
0
0.000162204
1.63414e-05
0
0
0
0
0
3.12e-06
4.79679e-06
3.25006e-06
3.17915e-06
8.18053e-06
0
0
0
0
0
0
0.000183653
2.22109e-05
0
0
0
0
0
0
0
0
0
0
0
0
0
0
0
0
7.43385e-05
0
0
0
0
0
0
0
0
0
0
0
0
0
0
0
0
0
0
0
0
0
2.02774e-05
3.13632e-06
0
0
0
0
0
0
0
6.18285e-06
1.98521e-06
0
0
0
4.90819e-05
0
0
1.69177e-05
3.56869e-05
8.05775e-06
0
0
0
0
0
0
1.31301e-05
2.43286e-05
1.7466e-05
5.5675e-06
0
0
6.00614e-05
5.53298e-05
2.53e-05
3.88297e-05
7.35959e-05
0
0
0
0
0
0
0
6.63206e-06
4.06858e-06
0
0
0
0
6.83982e-05
5.06777e-05
2.05154e-05
2.4118e-05
7.51587e-05
0
0
0
0
0
0
0
0
0
0
0
0
3.56047e-06
4.59417e-05
4.53659e-05
2.33063e-05
3.037e-05
7.22484e-05
0
0
0
0
0
0
0
0
0
0
0
0
1.82561e-05
5.0724e-05
5.39935e-05
0
0
1.37764e-05
5.27609e-06
0
0
0
0
0
0
0
0
4.12596e-05
7.41178e-05
4.6877e-05
1.51092e-05
7.45758e-06
0
0
0
0
0
0
4.54951e-05
0
0
0
0
0
0
0
0
0
0
5.66655e-05
5.93285e-05
0
0
0
0
5.84341e-05
0.000169615
0.000102803
5.32538e-05
3.59987e-05
5.42267e-05
0
0
0
0
0
0
0
0
0
0
0
3.0407e-05
8.00335e-05
0.000111581
0.000118682
9.02954e-05
3.50387e-05
1.05767e-05
1.41687e-05
2.09018e-05
4.64452e-06
0
0
0
0
0
0
0
0
0
0
2.57489e-06
9.5523e-06
8.10889e-06
3.31129e-05
2.39229e-05
3.64302e-05
4.38745e-05
3.86061e-05
1.21572e-05
0
0
4.22539e-06
1.89084e-05
0
0
0
0
0
0
0
0
2.29943e-05
2.2497e-05
5.29466e-05
6.59608e-05
5.97938e-05
2.87232e-05
1.31272e-05
5.36882e-05
0
2.88111e-05
0
0
0
5.71267e-05
0
0
0
0
0
0
0
8.69848e-06
1.88921e-05
2.93439e-05
4.43593e-05
6.25956e-05
0
0
0
0
0.000142693
0.000155786
0
0
0
0
0
0
0
1.42032e-05
5.66219e-05
7.00064e-05
7.93568e-05
9.38442e-05
0
0
0
0
4.147e-05
4.53704e-05
0
0
0
0
0
0
0
0
0
1.0253e-05
2.18508e-05
1.21217e-05
3.57866e-05
0
0
0
0
2.74861e-05
0
0
0
0
0
2.51455e-05
5.40186e-06
0
0
0
0
0
2.22697e-05
0
0
0
2.85942e-05
3.98731e-05
0
0
0
0
1.67245e-05
3.66187e-05
2.99262e-05
1.16041e-05
0
0
0
0
0
0
0
5.54859e-07
2.48448e-06
1.80351e-06
9.468e-07
8.71173e-07
7.01452e-07
3.2215e-07
1.03491e-07
3.62953e-08
3.40977e-08
4.44312e-08
4.95154e-08
4.96748e-08
4.51788e-08
3.75264e-08
1.3651e-07
0
0
0
0
0
0
2.47726e-10
4.22457e-09
0
0
0
0
2.06563e-09
1.46881e-08
2.28359e-08
2.37916e-08
1.74271e-08
1.18623e-07
0
0
0
0
0
0
0
0
0
0
0
0
0
0
0
0
0
1.03799e-07
0
0
0
0
0
0
0
0
0
0
0
0
0
0
0
0
0
1.04837e-05
1.16586e-05
1.3439e-05
4.45429e-05
6.46037e-05
4.66937e-05
3.6238e-05
2.90462e-05
1.12678e-05
7.90275e-07
0
0
0
0
0
0
0
0
0
0
0
0
0
0
0
0
0
0
0
0
0
0
0
0
0
0
0
0
0
0
0
0
1.37648e-06
1.3203e-06
0
0
0
0
0
0
0
0
0
8.20499e-07
4.01575e-06
5.68576e-06
3.04221e-06
0
0
0
4.08281e-06
4.36601e-06
2.1594e-06
4.5126e-07
0
1.00664e-05
7.43962e-05
0.000146427
0.000210563
0.000250219
0.000207122
0.000103704
3.78114e-05
1.13639e-05
2.64554e-06
4.90126e-07
3.37417e-07
6.21458e-07
8.98322e-07
1.08183e-06
1.17276e-06
1.18751e-06
1.14454e-06
1.05558e-06
9.35735e-07
7.96901e-07
6.46683e-07
4.93336e-07
3.40012e-07
1.88103e-07
3.72677e-08
0
0
0
0
0
0
0
0
0
0
0
0
0
0
0
0
0
0
0
0
0
0
0
0
0
0
0
0
0
0
0
0
0
0
0
0
0
0
0
0
0
0
0
0
0
0
0
0
0
0
0
0
0
0
0
9.91811e-08
0
0
0
0
3.88638e-06
1.03765e-05
1.10575e-05
6.16135e-06
0
0
0
0
0
1.10777e-05
3.75148e-05
3.96585e-05
5.5712e-06
0
0
0
0
0
8.26248e-07
1.35209e-06
0
0
0
0
0
3.06528e-06
6.10958e-06
9.22191e-06
1.76467e-05
0
0
0
0
3.96829e-06
1.01778e-05
1.0153e-05
5.05961e-06
0
0
0
0
0
0
0
0
0
0
0
0
0
0
0
0
0
0
0
0
0
0
0
0
0
0
0
0
0
0
0
0
0
3.559e-06
7.45468e-06
8.71671e-06
6.33555e-06
5.56738e-07
0
0
0
0
0
0
0
7.80743e-07
6.03566e-06
7.25241e-06
2.40231e-06
0
7.51216e-08
0
5.07018e-06
1.92667e-05
1.04537e-05
1.09007e-06
0
1.0131e-05
1.48884e-05
2.28967e-05
3.04384e-05
3.78755e-05
3.76618e-05
2.92906e-05
1.91134e-05
1.06872e-05
5.15319e-06
2.47877e-06
1.60365e-06
1.44246e-06
1.4607e-06
1.48698e-06
1.4791e-06
1.43557e-06
1.35894e-06
1.25159e-06
1.12369e-06
9.70922e-07
7.98518e-07
6.15874e-07
4.26795e-07
2.36218e-07
4.46524e-08
0
0
0
0
0
0
0
0
0
0
0
0
0
0
0
0
0
0
0
0
0
0
0
0
0
0
0
0
0
0
0
0
0
0
0
0
0
0
0
0
0
0
0
0
0
0
0
0
0
0
0
0
0
0
0
3.10075e-07
0
0
0
0
1.4285e-07
5.13001e-06
6.56137e-06
4.77942e-06
2.7364e-07
0
0
0
0
4.11104e-06
8.34039e-06
7.96995e-06
2.24941e-06
0
0
0
0
0
3.45472e-07
1.68004e-06
0
0
0
0
4.77575e-07
5.06822e-06
1.04401e-05
1.79276e-05
3.77676e-05
0
0
0
0
0
0
0
0
0
0
0
0
0
0
0
0
0
0
0
0
0
0
0
0
0
0
0
0
0
0
0
0
0
0
2.28343e-07
9.92656e-07
1.95509e-06
3.03013e-06
4.13219e-06
5.21789e-06
6.27132e-06
7.22896e-06
8.00694e-06
8.44913e-06
8.52066e-06
8.03806e-06
6.46221e-06
3.24408e-06
0
0
0
0
0
0
1.36573e-05
5.21033e-06
0
0
0
0
0
0
0
0
0
0
1.53537e-06
3.50974e-06
4.57469e-06
7.21897e-06
1.16141e-05
1.33253e-05
1.15039e-05
9.03116e-06
6.92727e-06
5.42071e-06
4.44216e-06
3.77705e-06
3.33209e-06
3.02991e-06
2.77788e-06
2.53842e-06
2.27095e-06
1.97287e-06
1.65216e-06
1.33483e-06
1.03148e-06
7.57365e-07
5.14994e-07
2.82649e-07
4.38148e-08
0
0
0
0
0
0
0
0
0
0
0
0
0
0
0
0
0
0
0
0
0
0
0
0
0
0
0
0
0
0
0
0
0
0
0
0
0
0
0
0
0
0
6.23754e-09
3.4534e-09
0
0
0
0
0
0
0
0
0
0
0
8.62605e-07
4.73588e-07
0
0
0
0
1.3339e-06
3.73605e-06
4.02026e-06
2.40124e-06
6.7318e-07
4.3791e-08
7.6487e-07
2.14773e-06
2.375e-06
1.92445e-06
2.26778e-06
1.21054e-06
0
0
0
0
0
0
2.46591e-06
6.15404e-07
0
0
0
6.59776e-06
2.39976e-05
3.60393e-05
3.9681e-05
4.07982e-05
0
0
0
0
0
0
0
0
0
0
0
0
0
0
0
0
0
0
0
0
0
0
0
0
0
0
6.26509e-07
1.92751e-06
3.26665e-06
4.47076e-06
5.46559e-06
6.2657e-06
6.91355e-06
7.45073e-06
7.90608e-06
8.26936e-06
8.54188e-06
8.69332e-06
8.69137e-06
8.52483e-06
8.21694e-06
7.79568e-06
7.35817e-06
7.05627e-06
7.00058e-06
7.11208e-06
7.10221e-06
5.61365e-06
1.67602e-06
0
0
0
0
0
0
0
0
0
0
0
0
0
0
0
0
0
0
0
2.33047e-07
1.70854e-06
4.86784e-06
7.94226e-06
8.47047e-06
5.31475e-06
1.94871e-06
2.53887e-07
0
0
0
2.84754e-07
8.09185e-07
1.50152e-06
2.39842e-06
3.60042e-06
5.20934e-06
7.32183e-06
9.68089e-06
1.12462e-05
9.71462e-06
4.09959e-06
0
0
0
0
0
0
0
0
0
0
0
0
0
0
0
0
0
0
0
0
0
0
0
0
0
0
0
0
0
0
0
0
0
0
0
0
0
0
0
0
0
0
0
0
0
0
0
0
0
0
0
0
0
1.67828e-07
0
0
1.63796e-06
2.65812e-06
0
0
0
0
1.042e-07
2.74865e-06
4.02185e-06
4.00413e-06
3.78486e-06
4.17776e-06
4.6334e-06
4.0482e-06
2.23913e-06
1.10158e-06
2.09667e-06
2.4418e-06
5.35152e-07
0
0
0
0
0
1.8872e-06
2.05175e-06
0
0
0
1.44573e-05
2.55025e-05
2.49278e-05
2.21815e-05
2.23694e-05
0
0
0
0
0
0
0
0
0
0
0
0
0
0
0
0
0
0
0
0
0
0
0
0
0
0
0
8.74621e-08
1.49063e-06
3.00729e-06
4.37945e-06
5.50739e-06
6.4516e-06
7.28887e-06
8.01833e-06
8.62336e-06
9.08245e-06
9.35886e-06
9.44639e-06
9.30447e-06
8.95152e-06
8.42623e-06
7.69817e-06
6.81053e-06
6.06642e-06
5.90821e-06
6.06955e-06
4.68283e-06
0
0
0
0
0
0
0
0
0
0
0
0
0
0
0
4.86079e-06
1.08006e-06
0
0
0
0
1.88021e-06
1.03835e-05
4.15541e-06
6.14467e-07
0
0
0
0
0
1.38379e-07
9.34661e-07
1.71999e-06
2.35113e-06
2.84422e-06
3.29638e-06
3.79734e-06
4.30101e-06
4.55011e-06
4.1654e-06
2.84487e-06
6.4171e-07
0
0
0
0
0
0
0
0
0
0
0
0
0
0
0
0
0
0
0
0
0
0
0
0
0
0
0
0
0
0
0
0
0
0
0
0
0
0
0
0
0
0
0
0
0
0
0
0
0
0
0
0
0
0
1.093e-06
5.88671e-07
2.58679e-06
3.00061e-06
4.77138e-07
0
0
0
2.00103e-06
6.17516e-06
8.35111e-06
7.89981e-06
6.8437e-06
6.85234e-06
8.05928e-06
7.83501e-06
6.00282e-06
6.43199e-06
9.78773e-06
1.25736e-05
6.0134e-06
0
0
0
0
0
6.19389e-06
1.51775e-05
1.07726e-05
0
0
0
1.47238e-05
2.07425e-05
2.17922e-05
2.32551e-05
0
0
0
0
0
0
0
0
0
0
0
0
0
0
0
0
0
0
0
0
0
0
0
0
0
0
0
0
0
0
0
0
0
5.32206e-07
3.74462e-06
6.14945e-06
7.83252e-06
8.89374e-06
9.40296e-06
9.45077e-06
9.12961e-06
8.66702e-06
8.09399e-06
7.29812e-06
6.24031e-06
5.3243e-06
5.61655e-06
5.68756e-06
0
0
0
0
0
0
0
0
0
0
0
0
0
0
2.37001e-06
8.73759e-06
1.0598e-05
5.45073e-06
0
0
1.36788e-07
5.66053e-06
2.10939e-06
0
0
0
0
0
4.43629e-07
1.19221e-06
1.74433e-06
2.00514e-06
1.96283e-06
1.72484e-06
1.49944e-06
1.42573e-06
1.57464e-06
1.88864e-06
2.12283e-06
2.02944e-06
1.39165e-06
1.70649e-07
0
0
0
0
0
0
0
0
0
0
0
0
0
0
0
0
0
0
0
0
0
0
0
0
0
0
0
0
0
0
0
0
0
0
0
0
0
0
0
0
0
0
0
0
0
0
0
0
0
0
0
0
0
0
5.37723e-07
1.14909e-06
2.32452e-06
3.08639e-06
8.67841e-08
0
0
1.62436e-06
5.68126e-06
8.18949e-06
8.85333e-06
8.10475e-06
7.44338e-06
7.61182e-06
8.93997e-06
1.01245e-05
8.93691e-06
5.491e-06
1.0058e-06
1.71532e-06
4.49034e-06
1.64754e-06
0
0
0
0
4.45019e-06
2.15179e-05
0
0
0
0
9.29727e-06
1.97059e-05
2.24933e-05
2.25874e-05
0
0
0
0
0
0
0
0
0
0
0
0
0
0
0
0
0
0
0
0
0
0
0
0
0
0
0
0
0
0
0
0
0
0
0
0
2.11551e-06
6.55702e-06
8.87101e-06
9.83701e-06
9.76209e-06
9.12954e-06
8.34117e-06
7.50913e-06
6.5576e-06
5.43464e-06
4.96069e-06
7.86562e-06
0
0
0
0
0
0
1.8205e-06
3.95842e-06
6.47738e-06
0
0
0
0
0
2.9582e-06
7.90024e-06
1.64934e-05
1.33228e-05
0
8.93889e-07
3.75239e-06
3.11908e-06
8.77411e-07
0
0
1.46236e-07
2.39352e-07
3.5706e-07
9.22165e-07
1.38491e-06
1.39198e-06
1.18364e-06
8.98027e-07
5.90112e-07
4.09515e-07
4.56129e-07
7.34098e-07
1.06915e-06
1.10204e-06
5.68254e-07
0
0
0
0
1.22922e-06
1.41134e-06
1.25293e-06
1.00556e-06
7.33877e-07
4.40226e-07
1.48442e-07
0
0
0
0
0
0
0
0
0
0
0
0
0
0
0
0
0
0
0
0
0
0
0
0
0
0
0
0
0
0
0
0
0
0
0
0
0
0
0
0
0
0
0
0
0
1.62642e-08
9.83157e-07
1.74005e-06
3.10479e-06
2.24763e-06
0
5.03315e-07
3.98745e-06
6.67128e-06
7.97141e-06
8.09777e-06
7.85681e-06
7.46312e-06
7.42695e-06
8.6302e-06
9.70154e-06
6.42109e-06
1.08287e-06
7.77249e-08
3.30257e-06
5.39792e-06
3.51253e-06
0
0
0
0
0
0
0
0
0
0
7.18029e-06
1.97905e-05
2.15829e-05
2.03165e-05
0
0
0
0
0
0
0
0
0
0
0
0
0
2.64549e-07
4.85489e-06
1.07187e-05
1.08686e-05
0
0
0
0
0
0
0
0
0
0
0
0
0
0
0
0
0
0
0
0
0
4.15763e-06
8.06899e-06
9.27064e-06
9.21108e-06
8.53751e-06
7.58859e-06
6.31553e-06
4.50426e-06
3.01847e-06
7.55626e-06
0
0
0
0
0
0
1.08913e-06
5.04661e-06
2.303e-05
3.13483e-06
0
0
0
0
3.04423e-06
4.50288e-06
3.59814e-06
0
0
8.05698e-08
1.67121e-06
1.42747e-06
5.49038e-07
5.30303e-08
7.7661e-08
1.66014e-07
0
0
0
5.60181e-07
8.2116e-07
8.54631e-07
7.37146e-07
5.01484e-07
3.57275e-07
4.30832e-07
6.32564e-07
7.31638e-07
4.79415e-07
0
0
0
0
9.787e-07
1.69629e-06
1.22455e-06
6.93327e-07
2.68589e-07
0
0
0
0
0
0
0
0
0
0
0
0
0
0
0
0
0
0
0
0
0
0
0
0
0
0
0
0
0
0
0
0
0
0
0
0
0
0
0
0
0
0
0
0
0
0
0
0
0
5.93923e-07
1.4744e-06
2.5866e-06
3.68888e-06
2.58038e-06
2.85517e-06
5.76747e-06
7.48914e-06
7.92922e-06
7.73418e-06
7.44141e-06
7.20674e-06
6.99269e-06
6.64783e-06
5.65608e-06
3.11165e-06
2.67697e-06
4.0007e-06
4.81121e-06
4.91307e-06
3.62552e-06
3.51358e-07
0
0
0
0
2.20716e-06
3.47679e-07
0
0
0
9.10194e-06
1.856e-05
1.93405e-05
1.81387e-05
0
0
0
0
0
0
0
0
0
1.40685e-07
5.74068e-06
1.23681e-05
1.83533e-05
1.93791e-05
5.69782e-06
0
0
0
0
0
0
0
0
0
0
0
0
0
0
0
0
0
0
0
0
0
0
1.09845e-06
1.21364e-06
1.73999e-06
4.66664e-06
6.51673e-06
7.07475e-06
6.86869e-06
6.0528e-06
4.41588e-06
1.75687e-06
0
0
0
0
0
0
0
2.45926e-06
7.88413e-06
2.55268e-05
1.47854e-05
0
0
0
8.10711e-07
6.23502e-07
0
0
0
0
0
0
2.94358e-07
4.62181e-07
3.76094e-07
1.69007e-07
0
0
0
0
5.41487e-07
1.10314e-06
1.12275e-06
8.8347e-07
4.89414e-07
1.86321e-07
1.28477e-07
2.35948e-07
3.69991e-07
3.96156e-07
2.52353e-07
0
0
0
0
1.05326e-06
6.40626e-07
8.92459e-08
0
0
0
0
0
0
0
0
0
0
0
0
0
0
0
0
0
0
0
0
0
0
0
0
0
0
0
0
0
0
0
0
0
0
0
0
0
0
0
0
0
0
0
0
0
0
0
0
0
0
0
1.21613e-06
2.17311e-06
3.32041e-06
4.70923e-06
6.11097e-06
8.15895e-06
9.20006e-06
9.29606e-06
9.05741e-06
8.85012e-06
8.54197e-06
7.45255e-06
5.01145e-06
1.98666e-06
7.05067e-07
2.42434e-06
4.57607e-06
4.75991e-06
3.60422e-06
2.43933e-06
5.13178e-07
0
0
0
0
4.99051e-06
7.93867e-06
5.83493e-06
4.24523e-06
5.8133e-06
1.02505e-05
1.53901e-05
1.66292e-05
1.5944e-05
0
0
0
0
0
0
0
0
0
6.01923e-06
9.34936e-06
7.13604e-06
1.24185e-06
0
0
0
0
0
0
0
4.40929e-06
5.08817e-06
3.43417e-06
1.01123e-06
0
9.79851e-08
2.01192e-06
3.62951e-06
4.26984e-06
3.92621e-06
2.42562e-06
0
0
0
0
0
0
1.89958e-06
2.65418e-06
4.28515e-06
5.20132e-06
1.322e-06
4.57767e-06
5.54932e-06
5.28264e-06
4.42689e-06
3.08901e-06
1.04838e-06
0
0
0
0
0
0
4.24939e-06
9.56117e-06
1.78675e-05
2.64203e-05
8.38386e-06
0
0
0
0
0
0
0
0
0
0
0
2.49687e-07
6.00038e-07
2.63157e-07
0
0
0
0
8.58282e-07
1.42413e-06
1.07992e-06
5.25056e-07
0
0
0
0
4.77747e-07
8.6237e-07
8.88477e-07
3.49774e-07
0
0
0
0
1.63818e-06
2.1155e-06
2.60172e-06
2.89731e-06
2.04573e-06
8.17018e-07
0
0
0
0
0
0
0
0
0
0
0
0
0
0
0
0
0
0
0
0
0
0
0
0
0
0
0
0
0
0
0
0
0
0
0
0
0
0
0
0
0
0
0
0
0
0
0
5.67738e-07
1.99135e-06
2.89271e-06
4.22809e-06
7.14262e-06
9.86619e-06
1.09598e-05
1.12707e-05
1.14308e-05
1.17059e-05
1.21201e-05
1.14052e-05
5.92797e-06
0
0
9.06504e-07
4.16716e-06
5.05497e-06
3.27892e-06
1.49313e-06
3.12542e-07
0
4.59326e-07
6.18723e-07
6.06073e-07
6.43045e-06
9.95945e-06
1.00906e-05
8.98222e-06
8.62095e-06
9.16338e-06
1.22514e-05
1.38431e-05
1.36433e-05
0
0
0
0
0
0
0
0
4.29318e-06
4.60939e-06
2.02985e-06
2.78716e-07
5.8256e-08
1.94695e-06
8.79469e-06
1.91349e-05
1.29804e-05
4.89592e-06
2.14431e-06
2.34634e-06
4.20667e-06
6.53503e-06
7.01725e-06
2.81995e-06
0
0
0
0
0
0
4.1593e-06
6.83086e-06
7.58677e-06
6.26385e-06
2.14249e-06
0
0
0
3.47263e-06
5.8494e-06
8.33907e-06
7.56597e-06
1.50456e-06
3.92998e-06
4.01837e-06
3.3519e-06
2.67602e-06
1.70927e-06
2.43617e-07
0
0
0
0
0
4.37419e-06
9.0664e-06
1.23823e-05
1.27987e-05
0
0
0
0
0
0
0
0
0
2.31821e-08
0
0
0
5.21676e-07
4.85119e-07
0
0
0
0
6.93235e-07
1.31757e-06
6.75296e-07
0
0
0
0
0
7.15515e-07
1.08904e-06
8.35597e-07
0
0
0
0
0
0
7.16395e-06
1.6187e-05
1.19559e-05
6.31021e-06
3.1642e-06
1.28607e-06
7.3608e-08
0
0
0
0
0
0
0
0
0
0
0
0
0
0
0
0
0
0
0
0
0
0
0
0
0
0
0
0
0
0
0
0
0
0
0
0
0
0
0
0
0
0
0
0
0
0
1.75605e-06
2.95399e-06
3.89081e-06
6.02839e-06
1.01774e-05
1.21032e-05
1.27204e-05
1.27684e-05
1.24143e-05
1.23906e-05
1.35315e-05
1.22508e-05
0
0
0
2.56362e-06
5.49543e-06
4.02177e-06
9.52576e-07
0
4.68606e-07
2.05392e-06
2.67784e-06
3.44615e-06
7.77942e-06
1.02832e-05
1.13765e-05
1.01584e-05
8.50738e-06
7.84227e-06
9.87232e-06
1.1364e-05
1.12873e-05
0
0
0
0
0
0
0
5.09008e-06
3.18835e-06
0
0
3.84009e-06
9.24954e-06
1.26868e-05
9.59448e-06
3.85055e-06
3.96034e-07
0
1.11641e-06
4.72091e-06
9.75655e-06
1.32685e-05
7.39407e-06
0
0
0
0
0
0
0
0
0
0
0
0
0
0
0
2.9351e-06
7.4428e-06
9.45668e-06
1.01199e-05
1.7502e-06
1.48753e-06
2.61621e-06
2.25107e-06
1.77554e-06
1.44593e-06
8.23614e-07
0
0
0
0
0
2.71471e-06
7.79095e-06
1.10458e-05
1.07522e-05
0
0
0
0
0
0
0
0
0
0
0
0
0
4.05461e-07
1.02249e-06
6.62212e-08
0
0
0
0
1.06021e-06
4.5622e-07
0
0
0
0
1.59004e-08
7.88961e-07
1.00454e-06
6.03261e-07
0
0
0
0
0
0
1.36702e-06
3.26619e-06
1.03847e-05
6.38127e-06
3.16984e-06
1.38455e-06
2.17183e-07
0
0
0
0
0
0
0
0
0
0
0
0
0
0
0
0
0
0
0
0
0
0
0
0
0
0
0
0
0
0
0
0
0
0
0
0
0
0
0
0
0
0
0
0
0
0
7.03023e-07
3.15278e-06
4.22299e-06
5.6904e-06
9.38627e-06
1.29997e-05
1.40429e-05
1.4173e-05
1.33566e-05
1.19476e-05
1.00582e-05
6.27918e-06
0
0
0
0
2.18657e-07
4.85198e-06
1.45918e-06
0
9.02738e-07
3.27859e-06
4.01958e-06
5.22958e-06
8.44411e-06
1.01163e-05
1.14592e-05
1.01193e-05
7.86917e-06
6.8334e-06
8.14426e-06
9.23884e-06
8.55459e-06
0
0
0
0
0
0
1.69502e-06
0
0
0
2.71135e-06
6.7974e-06
4.01363e-06
3.47432e-07
0
0
2.60642e-06
8.4855e-06
1.75368e-05
3.0809e-05
4.76595e-05
5.1562e-05
0
0
0
0
0
0
0
0
0
0
0
0
0
0
1.72321e-06
3.92983e-06
9.96062e-07
6.27044e-06
8.11173e-06
8.42354e-06
3.72228e-06
0
1.30628e-06
1.6294e-06
1.21703e-06
8.56371e-07
5.57825e-07
1.42671e-07
0
0
0
0
3.21287e-07
3.77507e-06
6.54702e-06
7.67455e-06
3.05342e-06
0
0
0
0
1.47543e-06
0
0
0
0
0
0
0
2.88369e-07
1.33174e-06
1.40063e-06
0
0
0
0
8.02449e-07
7.37165e-07
0
0
0
0
3.98062e-08
7.59642e-07
8.85004e-07
5.22269e-07
0
0
0
0
0
0
1.31694e-06
2.4414e-06
1.67715e-06
2.36992e-06
2.66405e-06
1.86289e-06
8.44917e-07
0
0
0
0
0
0
0
0
0
0
0
0
0
0
0
0
0
0
0
0
0
0
0
0
0
0
0
0
0
0
0
0
0
0
0
0
0
0
0
0
0
0
0
0
0
0
0
2.86108e-06
4.73407e-06
6.20033e-06
9.06575e-06
1.33199e-05
1.48989e-05
1.50309e-05
1.39985e-05
1.14811e-05
7.54999e-06
8.16646e-06
7.18886e-07
0
0
0
0
0
2.90216e-06
5.32312e-06
1.00278e-06
1.74754e-06
3.2906e-06
5.75625e-06
8.45768e-06
9.66143e-06
1.08986e-05
9.53578e-06
7.12863e-06
5.98087e-06
6.7044e-06
7.1479e-06
5.68421e-06
0
0
0
1.02688e-06
6.66955e-07
0
0
0
0
0
2.42824e-06
4.26231e-07
0
0
0
2.11071e-06
7.51546e-06
1.57931e-05
2.77213e-05
4.13284e-05
2.2001e-05
0
0
0
0
0
0
0
0
0
0
0
0
2.65259e-07
0
0
2.34137e-06
5.70021e-06
2.86523e-06
0
4.09356e-06
5.8639e-06
5.18853e-06
0
5.62371e-07
1.14584e-06
9.20634e-07
5.25901e-07
1.55331e-07
0
0
0
0
0
9.20417e-07
2.42086e-06
3.03938e-06
3.10596e-06
1.7085e-06
0
0
0
0
0
7.12055e-07
0
0
0
0
0
0
0
8.7524e-07
2.0241e-06
4.14867e-07
0
0
0
3.04098e-09
1.35137e-06
1.86513e-07
0
0
0
0
6.89776e-07
8.60072e-07
5.83765e-07
2.28934e-07
0
0
0
0
0
1.00331e-06
3.46616e-06
3.45101e-06
3.18684e-07
0
1.15581e-06
1.2878e-06
7.64796e-07
7.09846e-08
0
0
0
0
0
0
0
0
0
0
0
0
0
0
0
0
0
0
0
0
0
0
0
0
0
0
0
0
0
0
0
0
0
0
0
0
0
0
0
0
0
0
0
0
0
8.92735e-07
4.86995e-06
6.7422e-06
9.23626e-06
1.30233e-05
1.51824e-05
1.45558e-05
1.11268e-05
2.63269e-06
0
8.62947e-06
4.6902e-06
3.94237e-08
0
0
0
2.70765e-07
8.35893e-06
5.86219e-06
1.60159e-06
5.1838e-07
8.90054e-07
4.94855e-06
7.76556e-06
8.72609e-06
9.88454e-06
8.63561e-06
6.2713e-06
5.17697e-06
5.4077e-06
5.17682e-06
2.85655e-06
0
0
2.74472e-08
5.24139e-06
4.76211e-06
0
0
0
0
0
7.6072e-07
5.14696e-08
0
0
0
5.65176e-07
2.33019e-07
0
0
0
0
0
0
0
0
0
0
0
0
0
0
0
0
6.31997e-07
0
0
6.59066e-08
3.92054e-06
2.94071e-06
0
0
4.01098e-06
6.38722e-06
1.42782e-06
5.23722e-07
5.88456e-07
2.99585e-07
5.09474e-08
0
0
0
0
5.28833e-07
1.63523e-06
2.40008e-06
2.96577e-06
2.87514e-06
2.82234e-06
2.24419e-06
3.08526e-07
0
0
0
0
0
0
0
0
0
0
0
0
0
1.21699e-06
1.89567e-06
0
0
0
0
1.30552e-06
1.00049e-06
0
0
0
0
6.19911e-07
9.72006e-07
8.4361e-07
6.26558e-07
3.5136e-07
0
0
0
0
0
1.62816e-06
3.95408e-06
3.24596e-06
5.29326e-07
2.16708e-07
8.99698e-07
1.00848e-06
6.89943e-07
1.74897e-07
0
0
0
0
0
0
0
0
0
0
0
0
0
0
0
0
0
0
0
0
0
0
0
0
0
0
0
0
0
0
0
0
0
0
0
0
0
0
0
0
5.5925e-07
0
0
0
0
3.86573e-06
6.82546e-06
9.07907e-06
1.18939e-05
1.35185e-05
1.07452e-05
1.10769e-06
0
2.55861e-06
5.6767e-06
2.55707e-06
0
0
0
0
3.28751e-06
6.90766e-06
4.42128e-06
2.35156e-06
1.46138e-06
1.79907e-07
3.32124e-06
7.1944e-06
7.73648e-06
8.47998e-06
7.54932e-06
5.31205e-06
4.29853e-06
4.17664e-06
3.37519e-06
2.57439e-07
1.22544e-07
3.69029e-07
1.23409e-06
6.89451e-06
8.40477e-06
5.00411e-06
0
0
0
0
0
9.25822e-07
6.14049e-07
0
0
0
0
0
0
0
0
0
0
0
0
0
0
0
0
0
0
2.21101e-07
1.25942e-06
1.31156e-06
0
0
0
2.47478e-06
2.57995e-06
0
0
2.87206e-06
8.56346e-06
3.62262e-06
4.19155e-07
0
0
0
0
0
0
0
0
6.87491e-07
1.86605e-06
3.04072e-06
3.55475e-06
3.50949e-06
2.79678e-06
1.48841e-06
3.97077e-07
0
0
0
0
0
0
0
0
0
0
0
0
0
1.39045e-06
7.43045e-07
0
0
0
0
1.4974e-06
3.15274e-07
0
0
0
3.96088e-07
7.85809e-07
7.48606e-07
5.17756e-07
3.195e-07
0
0
0
0
0
0
0
3.02662e-06
5.54582e-06
5.98525e-06
5.12078e-06
3.7781e-06
2.39284e-06
1.17775e-06
1.43783e-07
0
0
0
0
0
0
0
0
0
0
0
0
0
0
0
0
0
0
0
0
0
0
2.00228e-08
0
0
0
0
0
0
0
0
0
0
0
0
0
0
3.94993e-08
4.40447e-07
8.3555e-07
1.75104e-06
0
0
0
3.38929e-07
6.04763e-06
8.43034e-06
1.0089e-05
1.00718e-05
4.92942e-06
0
0
6.34108e-06
5.35488e-06
1.64455e-06
0
0
0
0
0
0
2.23562e-06
3.12363e-06
2.94383e-06
9.8749e-07
1.74827e-06
6.21143e-06
6.98041e-06
6.93053e-06
6.33419e-06
4.21544e-06
3.28202e-06
2.96907e-06
1.83121e-06
0
1.19161e-06
2.24738e-06
3.77891e-06
7.24675e-06
1.04588e-05
9.77639e-06
5.3603e-06
0
0
0
0
0
1.86098e-06
1.39041e-06
0
0
0
0
0
0
0
0
0
0
0
0
0
1.88982e-06
3.49403e-06
3.58568e-06
3.11108e-06
2.35768e-06
2.01646e-06
1.616e-06
2.14377e-07
0
0
2.56456e-06
3.32966e-06
1.15609e-06
0
0
3.77365e-06
2.38477e-06
2.75702e-07
0
0
0
0
0
0
0
0
7.18125e-08
9.27106e-07
1.9423e-06
2.27995e-06
2.44014e-06
2.53039e-06
2.22822e-06
1.43358e-06
0
0
0
0
0
0
0
0
0
0
0
0
0
0
1.02983e-06
0
0
0
0
8.41009e-07
1.01679e-06
0
0
0
0
0
0
0
0
0
0
0
0
0
0
0
0
5.40336e-07
5.99385e-06
1.18322e-05
1.19724e-05
7.95831e-06
3.95741e-06
1.03584e-06
0
0
0
0
0
0
0
0
0
0
0
0
0
0
0
0
0
0
0
0
0
0
0
0
0
0
0
0
0
0
0
0
0
0
0
0
0
1.48883e-07
9.31644e-07
1.2727e-06
2.08927e-06
2.50577e-06
0
0
0
3.54049e-06
6.92449e-06
7.75057e-06
6.19384e-06
5.66236e-07
0
1.46881e-06
8.07188e-06
5.81894e-06
1.72336e-06
0
0
0
0
0
0
0
3.34206e-06
4.27445e-06
2.45879e-06
1.31409e-06
4.75195e-06
6.31447e-06
5.43531e-06
4.94241e-06
2.94639e-06
2.02724e-06
1.70887e-06
5.46775e-07
0
4.84807e-06
4.55937e-06
3.16684e-06
2.94649e-06
4.52959e-06
7.91777e-06
8.26582e-06
5.0667e-06
0
0
0
0
0
1.76073e-06
1.89894e-06
1.81427e-07
0
0
0
0
0
0
0
0
0
0
2.4348e-05
1.64966e-05
1.11694e-05
8.53201e-06
6.2749e-06
3.77045e-06
1.91121e-06
6.51433e-07
0
0
0
5.46659e-07
4.8064e-06
1.19213e-05
0
0
0
2.31285e-06
6.32659e-07
0
0
0
0
0
0
0
0
3.31068e-08
3.2291e-07
9.24733e-07
1.42959e-06
1.66369e-06
1.70419e-06
1.7595e-06
1.49835e-06
5.75047e-07
0
0
0
0
0
0
0
0
0
0
0
0
0
0
3.66698e-07
0
0
0
0
6.65991e-07
1.38366e-07
0
0
0
0
0
0
0
0
0
0
0
0
0
0
0
0
0
1.29282e-06
1.08572e-05
1.34239e-05
8.23388e-06
3.05015e-06
0
0
0
0
0
0
0
0
0
0
0
0
0
0
0
0
0
0
0
0
1.75457e-07
0
0
0
0
2.25912e-07
0
0
0
0
0
0
0
0
0
0
0
3.54651e-07
1.46196e-06
2.10854e-06
2.59281e-06
3.44684e-06
2.56259e-06
0
0
0
4.61247e-06
5.42966e-06
2.96635e-06
0
0
4.70594e-07
6.42973e-06
4.89485e-06
1.60767e-06
0
0
0
0
0
0
0
3.21543e-06
5.27029e-06
4.13545e-06
1.84812e-06
3.335e-06
5.51246e-06
4.36663e-06
3.36183e-06
1.46286e-06
4.85241e-07
2.87937e-07
0
0
7.43256e-07
2.70971e-07
1.94389e-06
2.65112e-06
2.52152e-06
2.21278e-06
4.59829e-06
6.33408e-06
4.55851e-06
0
0
0
0
0
0
0
0
0
0
0
0
0
0
0
0
4.55626e-05
3.80293e-05
2.15448e-05
1.35885e-05
9.02228e-06
5.42789e-06
2.23148e-06
9.76768e-08
0
0
0
0
3.17931e-07
1.08011e-05
8.87836e-06
1.95894e-06
0
4.08577e-06
4.50596e-06
1.32303e-06
7.34048e-08
0
0
0
0
0
9.24016e-08
2.57183e-07
3.59201e-07
3.93043e-07
5.69168e-07
8.24823e-07
9.75004e-07
8.84875e-07
8.27647e-07
8.31768e-07
6.49866e-07
0
0
0
0
0
0
0
0
0
0
0
0
0
0
0
0
0
0
0
0
0
0
0
0
0
0
0
0
0
0
0
0
0
0
0
0
0
0
0
0
6.61428e-06
1.02844e-05
5.639e-06
1.03835e-06
0
0
0
0
0
0
0
0
0
0
0
0
0
0
0
0
0
0
0
6.02267e-08
0
0
0
0
1.05473e-06
2.37819e-06
0
0
0
0
0
0
0
0
0
0
6.06562e-07
1.98588e-06
3.08482e-06
3.74876e-06
4.20721e-06
4.392e-06
1.71074e-06
0
0
6.89067e-07
3.06095e-06
4.3817e-07
0
0
0
0
0
2.13148e-07
0
0
0
0
0
0
0
2.99765e-06
5.87826e-06
5.52634e-06
2.98282e-06
2.44797e-06
4.39079e-06
3.52393e-06
1.81216e-06
0
0
0
0
0
4.81897e-06
2.77159e-06
5.22279e-06
5.32755e-06
4.04405e-06
2.8124e-06
2.20074e-06
3.37527e-06
4.72768e-06
3.48956e-06
5.36669e-07
0
0
0
0
0
0
0
0
0
0
0
0
0
0
1.45254e-05
1.67357e-05
1.12543e-05
6.85998e-06
3.97479e-06
1.76975e-06
0
0
0
0
0
0
5.46871e-06
5.70536e-06
3.05943e-06
9.03716e-07
6.69195e-07
1.06746e-05
5.38538e-06
1.90235e-06
5.90627e-07
1.00637e-07
0
0
1.03112e-07
2.49095e-07
3.36513e-07
4.39768e-07
5.44887e-07
5.2946e-07
5.04698e-07
5.27085e-07
5.00035e-07
3.36413e-07
1.49103e-07
0
0
0
0
0
0
0
0
0
0
0
0
0
0
0
0
0
0
0
0
0
0
0
0
0
0
0
0
0
0
0
0
0
0
0
0
0
0
0
0
0
0
0
3.73355e-06
6.82558e-06
2.3948e-06
0
0
0
0
0
0
0
0
0
0
0
0
0
0
0
0
0
0
0
0
0
0
0
0
3.05474e-06
6.78365e-06
0
0
0
0
0
0
0
0
0
0
7.98291e-07
2.40349e-06
3.85489e-06
5.04918e-06
5.82227e-06
5.81892e-06
4.67907e-06
1.36826e-07
0
0
7.33455e-08
0
0
0
0
0
0
0
1.69327e-06
6.73414e-07
0
0
0
0
0
3.00633e-06
6.17376e-06
6.50994e-06
4.4547e-06
2.28469e-06
3.11125e-06
2.64954e-06
4.74307e-07
0
0
0
0
0
1.97782e-05
7.64495e-06
4.51213e-06
4.47065e-06
3.53436e-06
2.77644e-06
2.27929e-06
2.15191e-06
2.00111e-06
1.85871e-06
1.42302e-06
5.75261e-07
0
0
0
0
0
0
0
0
0
0
0
0
0
4.40043e-06
5.17621e-06
3.60634e-06
2.01194e-06
1.0223e-06
1.3078e-07
0
0
0
5.29135e-07
3.83206e-07
1.92559e-06
2.59614e-06
2.17746e-06
1.51773e-06
1.26235e-06
7.16772e-06
1.13877e-05
4.85193e-06
2.30109e-06
1.23103e-06
7.79921e-07
5.97129e-07
5.07722e-07
5.01049e-07
5.59939e-07
6.04019e-07
6.08026e-07
6.24173e-07
5.61797e-07
4.40585e-07
3.52516e-07
1.70255e-07
0
0
0
0
0
0
0
0
0
0
0
0
0
0
0
0
0
0
0
0
0
0
0
0
0
0
0
0
0
0
0
0
0
0
0
0
0
0
0
0
0
0
0
0
0
0
2.0877e-06
2.91982e-06
0
0
0
0
0
0
0
0
0
0
0
0
0
0
0
0
0
0
0
0
0
0
0
0
9.45645e-06
1.54185e-05
1.30006e-06
0
0
0
0
0
0
0
0
0
8.40223e-07
2.82462e-06
4.2821e-06
5.90081e-06
7.20087e-06
7.90993e-06
7.15033e-06
4.32727e-06
0
0
0
0
0
0
0
0
0
1.08764e-06
6.8755e-06
4.95625e-06
6.47108e-07
0
0
0
0
3.43576e-06
6.29101e-06
7.10416e-06
5.84422e-06
2.84426e-06
2.01369e-06
1.59585e-06
0
0
0
0
0
0
9.47321e-06
1.42372e-05
2.06144e-06
2.65466e-07
7.35002e-08
1.86999e-07
6.58421e-07
1.06558e-06
6.97584e-07
0
0
0
0
0
0
0
0
0
0
0
0
0
0
0
3.73404e-07
1.73183e-06
1.97031e-06
1.26994e-06
6.67526e-07
4.77843e-07
1.97233e-07
0
5.33738e-07
2.99676e-06
2.15518e-06
1.53755e-06
1.68631e-06
1.86355e-06
1.94126e-06
2.4149e-06
7.0764e-06
1.50096e-05
7.56475e-06
4.24011e-06
2.6742e-06
1.90499e-06
1.58964e-06
1.4192e-06
1.24587e-06
1.09086e-06
1.01071e-06
9.74011e-07
8.87787e-07
7.47323e-07
5.46051e-07
3.52709e-07
2.29452e-07
0
0
0
0
0
0
0
0
0
0
0
0
0
0
0
0
0
0
0
0
0
0
0
0
0
0
0
0
0
0
0
0
0
0
0
0
0
0
1.33069e-05
9.88488e-06
2.76281e-06
0
0
0
0
0
0
0
5.31458e-07
0
0
0
0
0
0
0
0
0
0
0
0
0
0
0
0
0
0
0
0
0
0
0
1.85996e-06
2.48355e-05
2.95698e-05
5.15358e-06
0
0
0
0
0
0
0
0
0
6.53158e-07
3.464e-06
4.97802e-06
6.36145e-06
8.21276e-06
9.52232e-06
9.92502e-06
8.04472e-06
3.40501e-06
0
0
0
0
0
0
0
3.91776e-06
9.62361e-06
1.29517e-05
1.09376e-05
4.54042e-06
1.95721e-07
0
0
3.40821e-07
4.24187e-06
6.48786e-06
7.38483e-06
6.85902e-06
3.94967e-06
1.37099e-06
4.30866e-07
0
0
0
0
0
0
0
2.20844e-07
0
0
0
0
0
0
0
0
0
0
0
0
0
0
0
0
0
0
0
0
0
0
3.73931e-08
6.01887e-07
8.05056e-07
8.40443e-07
1.21611e-06
1.5249e-06
1.51023e-06
2.33322e-06
3.65489e-06
2.27435e-06
1.49536e-06
1.42787e-06
1.82481e-06
2.48909e-06
3.77833e-06
9.27203e-06
1.49951e-05
8.55894e-06
5.59236e-06
4.07951e-06
3.09207e-06
2.73235e-06
2.59854e-06
2.40256e-06
2.10749e-06
1.77152e-06
1.50873e-06
1.33499e-06
1.16528e-06
8.75408e-07
4.78082e-07
1.57406e-07
4.7074e-08
0
0
0
0
0
0
0
0
0
0
0
0
0
0
0
0
0
0
0
0
0
0
0
0
0
0
0
0
0
0
0
0
0
0
0
0
0
0
1.23477e-05
1.73367e-05
1.22341e-05
4.93421e-06
0
0
0
0
0
0
0
0
0
0
0
0
0
0
0
0
0
0
0
0
0
0
0
0
0
0
0
0
0
9.07078e-07
3.18862e-06
2.63489e-05
1.94959e-05
4.75673e-06
0
0
0
0
0
0
0
0
0
2.65667e-07
4.08552e-06
6.20233e-06
7.30972e-06
8.97958e-06
1.10041e-05
1.21057e-05
1.18004e-05
8.70407e-06
2.63019e-06
0
1.4326e-05
2.978e-06
0
1.22266e-06
5.7391e-06
9.60661e-06
1.17521e-05
1.28222e-05
1.30426e-05
8.27716e-06
3.19057e-06
0
0
8.71374e-07
5.31339e-06
7.08574e-06
7.47637e-06
7.34754e-06
5.18512e-06
1.32582e-06
0
0
0
0
0
0
0
0
5.36458e-06
4.51437e-06
0
0
0
0
0
0
0
0
0
0
0
0
0
0
0
0
0
0
0
0
2.6135e-07
8.78818e-07
1.10242e-06
1.22962e-06
1.87499e-06
2.85235e-06
4.07398e-06
5.64512e-06
4.2564e-06
2.9591e-06
1.96e-06
1.44153e-06
1.61847e-06
2.64238e-06
5.48488e-06
1.23206e-05
1.21411e-05
8.08749e-06
6.37755e-06
5.43941e-06
4.49826e-06
4.02791e-06
3.89664e-06
3.60341e-06
3.19531e-06
2.74446e-06
2.3106e-06
1.94062e-06
1.65105e-06
1.42492e-06
1.04872e-06
4.507e-07
0
0
0
0
0
0
0
0
0
0
0
0
0
0
0
0
0
0
0
0
0
0
0
5.99203e-07
0
0
0
0
0
0
0
0
0
0
0
0
0
0
0
0
8.67354e-07
1.15632e-05
1.35532e-05
1.05305e-05
3.98562e-06
0
0
0
0
0
0
0
0
0
0
0
0
0
0
0
0
0
0
0
0
0
0
0
0
0
0
0
0
3.52429e-06
0
0
0
0
0
0
0
0
0
0
0
0
0
1.89899e-07
4.3799e-06
7.53254e-06
8.77932e-06
1.00615e-05
1.24063e-05
1.42313e-05
1.48203e-05
1.38496e-05
1.02089e-05
6.27938e-06
4.32488e-06
1.09584e-06
2.57896e-06
5.34934e-06
8.47601e-06
1.06023e-05
1.13575e-05
1.1379e-05
1.12735e-05
9.66186e-06
5.24301e-06
9.45756e-07
0
1.21481e-06
6.65555e-06
8.23047e-06
7.56125e-06
7.27626e-06
6.07073e-06
1.81108e-06
0
0
0
0
0
0
0
3.68006e-06
9.0673e-06
3.35409e-07
0
0
0
0
0
0
0
0
0
0
0
0
0
0
0
0
0
0
0
0
5.0916e-07
1.11473e-06
1.97615e-06
3.84689e-06
5.04339e-06
5.65653e-06
6.15627e-06
4.37751e-06
3.56485e-06
2.8573e-06
2.25832e-06
2.1088e-06
3.26722e-06
7.94137e-06
1.33235e-05
9.29777e-06
7.09942e-06
6.56977e-06
6.53273e-06
6.18242e-06
5.78083e-06
5.42448e-06
4.93213e-06
4.34185e-06
3.76924e-06
3.3012e-06
2.91111e-06
2.50081e-06
2.09605e-06
1.7873e-06
1.3691e-06
6.32761e-07
0
0
0
0
0
0
0
0
0
0
0
0
0
0
0
0
0
0
0
0
0
0
0
7.35121e-07
1.14911e-06
0
0
0
0
0
0
0
0
0
0
0
0
0
0
0
0
1.8833e-06
7.40002e-06
9.44266e-06
7.5073e-06
0
0
0
0
0
0
0
0
0
0
0
0
0
0
0
0
0
0
0
0
0
0
0
0
0
0
3.65275e-07
3.1238e-06
6.72487e-06
0
0
0
0
0
0
0
0
0
0
0
0
0
1.17385e-06
4.64404e-06
8.59438e-06
1.03393e-05
1.14801e-05
1.36166e-05
1.62596e-05
1.74137e-05
1.77664e-05
1.65263e-05
1.35647e-05
0
1.0712e-06
3.62973e-06
6.47323e-06
9.03817e-06
1.03651e-05
1.04754e-05
1.01485e-05
9.77334e-06
8.96494e-06
5.59981e-06
1.516e-06
0
1.50727e-06
8.34186e-06
9.75601e-06
7.87057e-06
6.65385e-06
6.17169e-06
2.48102e-06
0
0
0
0
0
0
0
2.13152e-06
1.14895e-06
0
0
0
0
0
0
0
0
0
0
0
0
0
0
0
0
0
0
0
0
0
6.79767e-08
1.77132e-06
3.74546e-06
7.51563e-06
5.97882e-06
2.43246e-06
3.14887e-06
3.52606e-06
3.48133e-06
3.32174e-06
3.30546e-06
5.36931e-06
1.13352e-05
1.03822e-05
7.8204e-06
6.97228e-06
7.01874e-06
7.52153e-06
7.6555e-06
7.37629e-06
6.80174e-06
6.08497e-06
5.3344e-06
4.64386e-06
4.13303e-06
3.83847e-06
3.54743e-06
3.11101e-06
2.59334e-06
2.16369e-06
1.70633e-06
9.29874e-07
0
0
0
0
0
0
0
0
0
0
0
0
0
0
0
0
0
0
0
0
0
0
0
0
2.60884e-06
0
0
0
0
0
0
0
0
0
0
0
0
0
0
0
0
0
0
3.08932e-06
5.28905e-06
1.72871e-06
0
0
0
0
0
0
0
0
0
0
0
0
0
0
0
0
0
0
0
0
0
0
0
6.25142e-07
1.7321e-06
3.25662e-06
5.99141e-06
9.17464e-06
2.61694e-06
0
0
0
0
0
0
0
0
0
0
0
1.30206e-06
3.06442e-06
5.3622e-06
9.2803e-06
1.15761e-05
1.2806e-05
1.46927e-05
1.76245e-05
1.95544e-05
2.04189e-05
2.07188e-05
1.73433e-05
2.6071e-06
2.37636e-06
4.53632e-06
6.9431e-06
8.97555e-06
9.68872e-06
9.26797e-06
8.69862e-06
8.66285e-06
7.93256e-06
4.47826e-06
9.33559e-07
0
2.08457e-06
1.02501e-05
1.13712e-05
8.51632e-06
5.52565e-06
5.16961e-06
2.78972e-06
0
0
0
0
0
0
0
2.06081e-06
1.20418e-06
0
0
0
0
0
0
0
0
0
0
0
0
0
0
0
0
0
0
0
0
0
0
0
1.70697e-06
1.54928e-06
8.85634e-07
9.94471e-07
1.71927e-06
2.54307e-06
3.24776e-06
4.38437e-06
8.84096e-06
1.04422e-05
8.19369e-06
7.24037e-06
7.50837e-06
8.44328e-06
8.82323e-06
8.24088e-06
7.91922e-06
7.4636e-06
6.83685e-06
6.06344e-06
5.26997e-06
4.70483e-06
4.43823e-06
4.28916e-06
4.02455e-06
3.54964e-06
2.95621e-06
2.41316e-06
1.92354e-06
1.19442e-06
0
0
0
0
0
0
0
0
0
0
0
0
0
0
0
0
0
0
0
0
0
0
0
0
3.10711e-06
1.97431e-06
0
0
0
0
0
0
0
0
0
0
0
0
0
0
0
0
0
0
0
0
0
0
0
0
0
0
0
0
0
0
0
0
0
0
0
0
0
0
0
0
0
0
0
3.15457e-06
4.08434e-06
5.48659e-06
7.81098e-06
1.01826e-05
5.40417e-06
1.2026e-06
1.72124e-06
0
0
0
0
0
0
0
0
0
1.58929e-06
4.81823e-06
6.4315e-06
9.81454e-06
1.23413e-05
1.37103e-05
1.5217e-05
1.79386e-05
2.05019e-05
2.15622e-05
2.20617e-05
1.88179e-05
7.80456e-06
4.26252e-06
5.31604e-06
7.01955e-06
8.42351e-06
8.46186e-06
7.45456e-06
6.62246e-06
7.24817e-06
6.98862e-06
2.56105e-06
0
0
3.24879e-06
1.1629e-05
1.25449e-05
9.14971e-06
3.91236e-06
2.75603e-06
2.02285e-06
0
0
0
0
0
0
0
1.19626e-06
1.42643e-06
0
0
0
0
0
0
0
0
0
0
0
0
0
0
0
0
0
0
0
0
0
0
0
0
4.63862e-07
6.80114e-07
9.57288e-07
1.47051e-06
2.18783e-06
4.4989e-06
1.01083e-05
7.69843e-06
6.19523e-06
6.32283e-06
7.55474e-06
9.00511e-06
8.88186e-06
8.14317e-06
7.65137e-06
7.33876e-06
7.04322e-06
6.44356e-06
5.68622e-06
5.15024e-06
4.9155e-06
4.80732e-06
4.6867e-06
4.41163e-06
3.91059e-06
3.28958e-06
2.66166e-06
2.11633e-06
1.41336e-06
1.54744e-07
0
0
0
0
0
0
0
0
0
0
0
0
0
0
0
0
0
0
0
0
0
0
0
2.23337e-06
3.81532e-06
0
0
0
0
0
0
0
0
0
0
0
0
0
0
0
0
0
0
0
0
0
0
0
0
0
0
0
0
0
0
0
0
0
0
0
0
0
0
1.63598e-06
0
0
0
0
5.13257e-06
6.14811e-06
7.41691e-06
9.22704e-06
1.08638e-05
7.20134e-06
2.29132e-06
0
0
0
0
0
0
0
0
0
0
0
4.50208e-06
7.78632e-06
1.17027e-05
1.48593e-05
1.63568e-05
1.73113e-05
1.91641e-05
2.18464e-05
2.33108e-05
2.35999e-05
2.04213e-05
1.16281e-05
6.70011e-06
6.349e-06
7.22855e-06
7.94499e-06
7.2928e-06
5.75959e-06
4.83596e-06
6.31965e-06
6.476e-06
9.68009e-07
0
0
4.96591e-06
1.23882e-05
1.36936e-05
1.02989e-05
2.53096e-06
0
0
0
0
0
0
0
0
0
1.09652e-06
0
0
0
0
0
0
0
0
0
0
0
0
0
0
0
0
0
0
0
0
0
0
0
0
0
5.95059e-07
1.11042e-06
1.40357e-06
1.84428e-06
4.38607e-06
7.50055e-06
5.7236e-06
4.89736e-06
5.06892e-06
6.20594e-06
7.38028e-06
7.32962e-06
7.11619e-06
6.86985e-06
6.78102e-06
6.6909e-06
6.32721e-06
5.82225e-06
5.42724e-06
5.2212e-06
5.15891e-06
5.1024e-06
4.98319e-06
4.70607e-06
4.19265e-06
3.56922e-06
2.88453e-06
2.23288e-06
1.50447e-06
3.26725e-07
0
0
0
0
0
0
0
0
0
0
0
0
0
0
0
0
0
0
0
0
0
0
0
5.09175e-08
4.31946e-06
1.53311e-06
0
0
0
0
0
0
0
0
0
0
0
0
0
0
0
0
0
0
0
0
0
0
0
0
0
0
0
0
0
0
0
0
0
0
0
0
2.76906e-07
2.60005e-06
2.62503e-06
0
0
0
5.78799e-06
7.37345e-06
8.46329e-06
9.68941e-06
1.07533e-05
7.69746e-06
3.09968e-07
0
0
0
0
0
0
0
5.37887e-06
1.53712e-05
1.85164e-05
1.1834e-05
1.77317e-06
5.63744e-06
1.42927e-05
1.87634e-05
1.98167e-05
1.96205e-05
1.9888e-05
2.15978e-05
2.29991e-05
2.2947e-05
2.01001e-05
1.31676e-05
8.27799e-06
6.72287e-06
6.71916e-06
6.75403e-06
5.53336e-06
3.87123e-06
3.62076e-06
6.29373e-06
6.41723e-06
1.10553e-06
1.4043e-07
2.83146e-07
5.74132e-06
1.09768e-05
1.25249e-05
1.02254e-05
1.4073e-06
0
0
0
0
0
0
0
0
0
4.50091e-07
0
0
0
0
3.77991e-07
5.81136e-07
7.70444e-07
2.39921e-07
0
0
0
0
0
0
0
0
0
0
0
0
0
0
0
0
0
3.21936e-07
9.15151e-07
2.01017e-06
4.35474e-06
4.07266e-06
3.5194e-06
3.51559e-06
3.92822e-06
4.80093e-06
5.59548e-06
5.84544e-06
5.74881e-06
5.59842e-06
5.75515e-06
5.82498e-06
5.67724e-06
5.55109e-06
5.4075e-06
5.23455e-06
5.19191e-06
5.24544e-06
5.24096e-06
5.13495e-06
4.86993e-06
4.35333e-06
3.71962e-06
2.99721e-06
2.19589e-06
1.38308e-06
3.06494e-07
0
0
0
0
0
0
0
0
0
0
0
0
0
0
0
0
0
0
0
0
0
0
0
0
3.28982e-06
4.64538e-06
0
0
0
0
0
0
0
0
0
0
0
0
0
0
0
0
0
0
0
0
0
0
0
0
0
0
0
0
0
0
0
0
0
0
0
0
5.59242e-07
2.91034e-06
4.70983e-06
3.34932e-06
0
0
5.49975e-06
8.06326e-06
9.05185e-06
9.73602e-06
1.04331e-05
7.35596e-06
0
0
0
0
0
0
0
9.41192e-07
1.37242e-05
2.28802e-05
3.02206e-05
3.6887e-05
4.05292e-05
1.43754e-05
1.70499e-05
2.50652e-05
2.43967e-05
2.23591e-05
2.09452e-05
2.12413e-05
2.20006e-05
2.16658e-05
1.91269e-05
1.36494e-05
9.06528e-06
6.83344e-06
6.16828e-06
5.69432e-06
4.36256e-06
3.30481e-06
4.25505e-06
7.60131e-06
7.19018e-06
2.76981e-06
2.39482e-06
2.72142e-06
5.6259e-06
9.26816e-06
1.07358e-05
9.42664e-06
7.855e-07
0
0
0
0
0
0
0
0
0
1.71934e-07
0
0
0
0
7.05983e-07
9.72314e-07
7.20776e-07
2.14956e-07
0
0
0
0
0
0
0
0
0
0
0
0
0
0
0
0
0
0
1.27734e-06
2.55455e-06
2.4713e-06
2.29496e-06
2.48027e-06
3.14105e-06
3.83488e-06
4.30373e-06
4.53746e-06
4.61487e-06
4.59152e-06
4.50518e-06
4.65206e-06
4.91069e-06
5.13246e-06
5.19947e-06
5.10091e-06
5.00066e-06
5.10209e-06
5.26236e-06
5.28378e-06
5.17905e-06
4.9391e-06
4.44034e-06
3.78624e-06
3.02996e-06
2.06525e-06
1.09836e-06
8.80177e-08
0
0
0
0
0
0
0
0
0
0
0
0
0
0
0
0
0
0
0
1.09646e-06
1.00779e-06
0
0
0
4.84978e-07
4.84075e-06
6.88597e-06
0
0
0
0
8.33673e-07
9.85599e-06
1.29766e-05
8.05098e-06
0
0
0
0
0
0
0
0
0
0
0
0
0
0
0
0
0
0
4.84241e-08
0
0
0
0
0
0
0
0
6.26406e-07
2.85883e-06
5.6202e-06
6.13539e-06
4.09445e-06
2.54417e-07
5.15601e-06
8.30763e-06
9.30531e-06
9.45578e-06
9.84221e-06
5.8927e-06
0
0
0
0
0
0
0
3.80335e-06
1.50444e-05
2.36547e-05
3.08648e-05
3.90083e-05
5.09303e-05
6.82474e-05
3.72224e-05
2.87818e-05
2.65385e-05
2.30769e-05
2.08453e-05
2.01788e-05
2.01558e-05
1.97042e-05
1.76355e-05
1.33147e-05
9.07619e-06
6.55035e-06
5.43214e-06
4.72079e-06
3.81219e-06
3.66613e-06
5.50005e-06
8.46907e-06
7.46157e-06
4.17855e-06
4.11143e-06
4.52892e-06
5.41938e-06
7.58164e-06
9.19091e-06
7.35077e-06
0
0
0
0
0
0
0
0
0
0
1.15306e-06
2.18918e-06
2.59192e-06
6.62593e-06
3.54236e-06
2.39601e-06
2.06252e-06
1.34446e-06
4.8607e-07
0
0
0
0
0
0
0
0
0
0
0
0
0
0
0
0
3.09194e-08
6.83177e-07
1.39634e-06
1.83345e-06
2.0638e-06
2.36496e-06
2.68842e-06
2.93635e-06
3.1051e-06
3.2109e-06
3.36347e-06
3.58934e-06
3.79201e-06
3.95791e-06
4.36046e-06
4.76215e-06
4.89619e-06
4.87383e-06
4.82069e-06
4.8104e-06
4.90103e-06
5.04038e-06
5.05608e-06
4.96974e-06
4.78794e-06
4.3652e-06
3.70728e-06
2.92578e-06
1.82969e-06
6.81697e-07
0
0
0
0
0
0
0
0
0
0
0
0
0
0
0
0
0
0
1.93416e-06
3.33006e-06
3.77339e-06
3.15247e-06
1.84366e-06
0
0
0
3.90186e-06
6.94945e-06
0
0
0
0
0
0
6.02906e-06
1.43178e-05
1.15557e-05
0
0
0
0
0
0
0
0
0
0
0
0
0
0
0
0
1.72112e-07
3.29801e-07
0
0
0
0
0
0
0
0
4.70537e-07
2.65207e-06
5.82039e-06
7.56633e-06
7.12743e-06
4.61031e-06
5.77403e-06
8.30284e-06
9.43765e-06
9.01829e-06
9.10027e-06
3.44505e-06
0
0
0
0
0
0
0
9.62715e-06
2.19263e-05
3.05057e-05
3.5676e-05
4.15408e-05
5.09103e-05
6.36545e-05
5.70786e-05
1.70485e-05
1.86925e-05
1.89854e-05
1.83068e-05
1.78186e-05
1.74276e-05
1.70823e-05
1.56201e-05
1.21964e-05
8.34475e-06
5.80914e-06
4.46955e-06
3.71485e-06
3.32861e-06
3.88418e-06
5.96345e-06
8.06738e-06
6.78308e-06
4.6123e-06
4.94839e-06
5.68454e-06
5.75339e-06
6.17648e-06
7.77755e-06
4.68165e-06
0
0
0
0
0
0
0
0
0
0
0
0
0
1.50133e-06
3.51983e-06
1.3195e-06
4.76795e-07
0
0
0
0
0
0
0
0
0
0
0
0
0
0
0
0
2.55285e-07
4.75134e-07
6.74857e-07
9.5859e-07
1.30395e-06
1.61777e-06
1.83489e-06
1.99078e-06
2.24599e-06
2.51245e-06
2.71521e-06
2.9831e-06
3.29092e-06
3.56236e-06
3.69303e-06
3.75861e-06
4.03215e-06
4.22531e-06
4.33776e-06
4.48526e-06
4.5798e-06
4.56896e-06
4.50804e-06
4.50749e-06
4.43006e-06
4.34286e-06
4.24486e-06
3.97146e-06
3.38556e-06
2.60208e-06
1.44017e-06
1.81024e-07
0
0
0
0
0
0
0
0
8.97686e-07
5.55566e-07
0
0
0
0
0
0
0
1.70326e-06
6.96812e-06
7.99198e-06
7.37637e-06
6.2935e-06
5.16633e-06
3.10091e-06
0
0
3.09956e-06
4.54812e-06
2.61455e-06
0
0
0
0
0
0
4.78617e-07
2.85817e-06
9.82495e-07
0
0
0
0
6.60517e-08
0
0
0
0
0
0
0
0
0
0
3.63081e-07
5.51571e-07
0
0
0
0
0
0
0
0
2.27643e-07
2.50423e-06
5.79723e-06
8.23059e-06
8.77011e-06
7.19833e-06
7.09329e-06
8.29462e-06
9.65952e-06
8.70035e-06
8.57115e-06
7.07004e-07
0
0
0
0
0
0
5.42677e-06
2.19956e-05
3.51022e-05
4.60574e-05
5.01099e-05
5.24643e-05
5.75122e-05
6.38367e-05
5.52127e-05
1.33489e-05
3.56285e-06
1.015e-05
1.35133e-05
1.44268e-05
1.42378e-05
1.42116e-05
1.33409e-05
1.05727e-05
7.17431e-06
4.80176e-06
3.4212e-06
2.71063e-06
2.69149e-06
3.59651e-06
5.45769e-06
6.64119e-06
5.46524e-06
4.40197e-06
5.20045e-06
6.34649e-06
6.50943e-06
5.51455e-06
6.12497e-06
1.31334e-06
0
0
0
0
0
0
0
0
0
0
0
0
0
0
2.5896e-06
0
0
0
0
0
0
0
0
0
0
0
0
0
0
0
4.68906e-08
2.06258e-07
2.21861e-07
2.36049e-07
3.43615e-07
5.40485e-07
7.86926e-07
1.06471e-06
1.37498e-06
1.74834e-06
2.28099e-06
2.74656e-06
3.04432e-06
3.21632e-06
3.19089e-06
3.12288e-06
3.09139e-06
3.07637e-06
3.16728e-06
3.49677e-06
3.82949e-06
4.10911e-06
4.24827e-06
4.26562e-06
4.16633e-06
3.95902e-06
3.77107e-06
3.57082e-06
3.48144e-06
3.46681e-06
3.31177e-06
2.80808e-06
2.04202e-06
9.37094e-07
0
0
0
0
0
0
0
0
0
2.75293e-06
1.77558e-06
0
0
4.44467e-07
0
0
0
0
4.81196e-06
1.17953e-05
1.22235e-05
1.06147e-05
9.49319e-06
9.39046e-06
1.0575e-05
7.37467e-06
0
2.97208e-06
3.01161e-06
2.00102e-06
0
0
0
0
0
0
0
0
1.99491e-06
3.22089e-06
3.66135e-06
4.31943e-06
5.12234e-06
4.95991e-06
2.28894e-06
0
0
0
0
0
0
0
0
0
6.31538e-07
7.38869e-07
0
0
0
0
0
0
0
0
7.17537e-08
2.62671e-06
5.98709e-06
8.724e-06
9.7189e-06
8.58692e-06
8.27176e-06
8.4804e-06
1.00353e-05
8.75878e-06
8.3705e-06
0
0
0
0
7.90445e-07
0
0
1.2935e-05
2.28156e-05
3.69345e-05
5.59153e-05
6.95515e-05
7.53374e-05
7.65627e-05
7.41663e-05
5.68671e-05
1.73647e-05
0
2.3385e-06
8.23195e-06
1.03823e-05
1.06149e-05
1.10985e-05
1.08133e-05
8.62485e-06
5.70272e-06
3.61171e-06
2.34822e-06
1.74611e-06
1.9131e-06
2.8716e-06
4.24491e-06
4.71929e-06
4.02453e-06
3.9344e-06
5.04894e-06
6.40256e-06
6.96378e-06
5.63473e-06
5.21352e-06
0
0
0
0
0
0
0
0
0
0
0
0
0
0
0
8.40689e-06
0
0
0
0
0
0
0
0
0
0
0
0
0
0
0
0
0
3.91079e-08
2.48454e-07
5.29888e-07
8.07394e-07
1.08759e-06
1.41946e-06
1.82718e-06
2.2601e-06
2.53159e-06
2.61163e-06
2.57946e-06
2.42536e-06
2.2936e-06
2.31377e-06
2.48201e-06
2.81846e-06
3.38649e-06
3.86776e-06
4.02222e-06
3.97651e-06
3.90584e-06
3.84374e-06
3.67004e-06
3.30611e-06
2.93948e-06
2.69541e-06
2.64167e-06
2.66575e-06
2.53499e-06
2.01905e-06
1.29015e-06
4.48261e-07
0
0
0
0
0
0
0
0
2.81983e-07
4.93037e-06
3.41867e-06
1.91392e-07
1.1345e-06
1.87779e-06
0
0
0
0
7.42411e-06
1.64747e-05
1.57026e-05
1.27968e-05
1.16102e-05
1.27798e-05
1.78517e-05
3.19117e-05
1.28855e-05
3.59418e-06
2.05247e-06
1.06099e-06
0
0
0
0
0
0
0
0
9.16834e-07
3.03325e-06
5.1288e-06
6.81485e-06
7.5923e-06
6.97232e-06
3.6107e-06
0
0
0
0
0
0
0
0
0
1.17789e-06
9.25927e-07
0
0
0
0
0
0
0
0
1.44992e-07
3.14068e-06
6.71837e-06
9.53532e-06
1.0553e-05
9.44819e-06
9.1193e-06
8.91512e-06
1.04665e-05
9.13205e-06
8.23866e-06
0
0
0
0
3.4006e-07
0
0
6.41768e-06
1.32611e-05
2.80906e-05
5.09537e-05
7.34798e-05
9.3307e-05
0.000109066
9.94455e-05
6.3079e-05
2.04288e-05
0
1.65296e-07
4.92525e-06
6.75597e-06
7.08433e-06
8.05041e-06
8.17383e-06
6.33129e-06
3.92898e-06
2.24859e-06
1.21955e-06
7.63247e-07
1.0112e-06
1.8259e-06
2.67505e-06
2.84946e-06
2.79754e-06
3.31777e-06
4.40726e-06
5.55814e-06
6.20293e-06
5.46761e-06
3.93576e-06
0
0
0
0
0
0
0
0
0
0
0
0
0
0
2.01593e-05
2.79974e-05
1.94681e-05
0
0
0
0
0
0
0
0
0
0
0
0
1.18794e-08
1.76683e-07
4.58175e-07
8.29069e-07
1.14551e-06
1.32999e-06
1.39054e-06
1.39205e-06
1.40632e-06
1.47009e-06
1.55775e-06
1.62111e-06
1.66153e-06
1.70031e-06
1.72798e-06
1.79952e-06
1.96572e-06
2.20533e-06
2.52425e-06
2.94788e-06
3.19989e-06
3.26512e-06
3.25813e-06
3.23705e-06
3.26168e-06
3.18172e-06
2.83242e-06
2.32823e-06
2.01064e-06
1.91092e-06
1.92575e-06
1.91697e-06
1.67566e-06
1.09405e-06
5.39498e-07
1.69407e-07
0
0
0
0
0
0
0
0
9.31454e-07
7.14987e-06
5.60986e-06
2.18835e-06
2.90342e-06
3.93775e-06
7.06869e-07
0
0
0
8.87686e-06
2.12644e-05
1.81018e-05
1.36776e-05
1.22794e-05
1.41799e-05
2.0946e-05
3.51173e-05
2.08262e-05
4.4607e-06
1.3856e-06
3.95364e-07
0
0
0
0
0
0
0
0
0
1.63295e-06
3.80198e-06
6.13313e-06
7.4129e-06
6.77714e-06
3.09273e-06
0
0
0
0
0
0
0
0
0
2.31313e-06
1.20578e-06
0
0
0
0
0
0
0
0
5.60646e-07
4.15028e-06
8.14197e-06
1.10219e-05
1.16471e-05
1.02761e-05
9.84491e-06
9.52064e-06
1.08564e-05
9.59398e-06
7.72106e-06
0
0
0
0
0
0
0
0
5.51584e-06
1.91687e-05
4.35357e-05
6.8351e-05
8.98648e-05
0.000119292
0.000131009
7.28644e-05
2.37978e-05
5.02117e-06
2.98512e-06
4.43669e-06
3.9724e-06
3.86996e-06
5.11696e-06
5.39648e-06
3.81878e-06
1.95141e-06
7.10061e-07
0
0
1.23383e-09
6.1969e-07
1.13937e-06
1.38336e-06
1.73902e-06
2.34609e-06
2.98061e-06
3.42191e-06
3.51781e-06
3.40157e-06
0
0
0
0
0
0
0
0
0
0
0
0
0
0
0
3.97892e-06
1.1171e-05
1.28878e-05
0
0
0
0
4.52324e-07
7.06808e-07
6.84473e-07
6.17759e-07
5.99896e-07
6.1518e-07
6.52627e-07
7.24186e-07
8.20798e-07
9.57846e-07
1.16382e-06
1.35447e-06
1.42473e-06
1.38604e-06
1.32253e-06
1.28767e-06
1.27153e-06
1.25371e-06
1.24388e-06
1.26831e-06
1.33302e-06
1.38842e-06
1.46728e-06
1.59463e-06
1.75232e-06
1.97345e-06
2.16908e-06
2.2817e-06
2.36465e-06
2.48085e-06
2.60102e-06
2.66308e-06
2.54586e-06
2.16704e-06
1.72292e-06
1.42732e-06
1.3336e-06
1.34119e-06
1.34367e-06
1.21588e-06
8.17914e-07
3.21326e-07
1.39978e-07
2.56788e-07
1.59853e-07
0
0
0
0
0
0
0
1.53224e-06
8.88264e-06
7.99752e-06
5.38222e-06
5.23307e-06
6.58237e-06
2.8498e-06
1.14028e-06
5.22664e-07
5.55592e-07
8.1379e-06
2.57393e-05
1.84866e-05
1.31781e-05
1.1804e-05
1.38595e-05
2.01906e-05
2.88894e-05
1.93472e-05
4.94512e-06
9.19809e-07
0
0
0
0
0
0
0
0
0
0
5.09801e-07
2.42942e-06
4.87769e-06
6.22743e-06
5.19563e-06
1.31194e-06
0
0
0
0
0
0
0
0
0
4.53513e-06
2.10038e-06
0
0
0
0
0
0
0
0
1.30081e-06
5.43686e-06
1.02022e-05
1.34019e-05
1.34472e-05
1.15233e-05
1.07428e-05
1.02369e-05
1.12222e-05
1.00375e-05
6.74509e-06
0
0
0
0
0
0
0
0
2.26825e-06
9.64053e-06
3.39102e-05
6.3759e-05
8.30251e-05
0.000102667
0.000121587
8.04372e-05
3.11566e-05
1.3387e-05
8.22245e-06
4.86953e-06
1.48511e-06
1.10664e-06
2.40485e-06
2.46244e-06
1.05958e-06
0
0
0
0
0
0
0
2.46659e-07
5.61051e-07
7.50962e-07
6.16456e-07
1.67245e-07
0
1.12682e-06
0
0
0
0
0
0
0
0
0
0
0
0
0
0
0
3.14492e-07
0
0
0
0
0
0
0
2.86988e-07
6.52384e-07
7.76965e-07
7.86383e-07
7.24645e-07
6.0304e-07
4.46835e-07
2.90276e-07
1.73656e-07
1.14708e-07
1.15372e-07
1.75277e-07
3.32781e-07
5.94714e-07
8.66061e-07
1.03306e-06
1.0847e-06
1.10461e-06
1.12072e-06
1.15859e-06
1.21404e-06
1.24321e-06
1.25898e-06
1.35211e-06
1.45598e-06
1.58829e-06
1.74868e-06
1.93999e-06
2.13214e-06
2.15488e-06
1.91526e-06
1.51992e-06
1.23783e-06
1.10208e-06
1.03029e-06
1.01465e-06
1.02191e-06
9.49156e-07
6.6298e-07
2.18745e-07
2.17168e-08
1.86997e-07
5.24068e-07
7.27789e-07
2.26087e-07
0
0
0
0
0
0
2.105e-06
9.52237e-06
1.00626e-05
9.09053e-06
7.87142e-06
9.68733e-06
5.40181e-06
3.08313e-06
2.16991e-06
6.0355e-07
2.82067e-06
2.46649e-05
1.53025e-05
1.14245e-05
1.07636e-05
1.28483e-05
1.79919e-05
2.28673e-05
1.61408e-05
4.80837e-06
5.1428e-07
0
0
0
0
0
0
0
0
0
0
0
1.35901e-06
3.72316e-06
4.64861e-06
2.7758e-06
0
0
0
0
0
0
0
0
0
4.43228e-06
7.98455e-06
5.6165e-06
0
0
0
0
0
0
0
0
1.79649e-06
6.10897e-06
1.22772e-05
1.64571e-05
1.6153e-05
1.33988e-05
1.20321e-05
1.11196e-05
1.1609e-05
1.05121e-05
5.75656e-06
0
0
0
0
0
0
0
3.58262e-06
4.95604e-06
2.50507e-06
1.56588e-05
5.45347e-05
7.87553e-05
8.89771e-05
9.44672e-05
7.40897e-05
3.94884e-05
2.09629e-05
1.09279e-05
3.03715e-06
0
0
0
0
0
0
0
0
0
0
0
0
0
0
0
0
0
0
0
0
0
0
0
0
0
0
0
0
0
0
0
3.76083e-06
4.32091e-06
3.0348e-06
8.66524e-07
0
0
0
0
0
0
0
6.10922e-07
1.11704e-06
1.26678e-06
1.1973e-06
9.99931e-07
7.29163e-07
4.2755e-07
1.24601e-07
0
0
0
0
2.10542e-07
6.01646e-07
8.69451e-07
9.45671e-07
8.73455e-07
7.46249e-07
6.24996e-07
5.08088e-07
3.72709e-07
2.47035e-07
2.1358e-07
3.08978e-07
5.03672e-07
7.33761e-07
9.54106e-07
1.13135e-06
1.15558e-06
9.66263e-07
8.01164e-07
7.9171e-07
8.1582e-07
7.94578e-07
7.45817e-07
7.17336e-07
6.75649e-07
4.67801e-07
0
0
0
0
0
1.96212e-07
0
0
0
0
0
4.62631e-07
0
2.1818e-06
8.70216e-06
1.04586e-05
1.10265e-05
9.90433e-06
1.22733e-05
7.71822e-06
4.61361e-06
3.45806e-06
3.21964e-07
0
9.44841e-06
8.50357e-06
7.61643e-06
8.12644e-06
1.02567e-05
1.41723e-05
1.68722e-05
1.22708e-05
4.20677e-06
3.65449e-07
0
0
0
0
0
0
0
0
0
0
0
9.09263e-07
2.65149e-06
2.44614e-06
0
0
0
0
0
0
0
0
0
8.67576e-07
7.67113e-06
1.02781e-05
1.05441e-05
0
0
0
0
0
0
0
3.84283e-07
4.21606e-07
3.99e-06
1.2166e-05
1.80728e-05
1.79505e-05
1.45073e-05
1.26451e-05
1.13185e-05
1.12474e-05
1.03589e-05
4.91423e-06
0
0
0
0
0
0
0
7.68902e-06
9.26348e-06
4.51711e-06
0
2.82882e-05
7.00327e-05
7.8097e-05
7.41127e-05
5.78181e-05
3.54475e-05
1.8514e-05
6.40096e-06
0
0
0
0
0
0
0
0
0
0
0
0
0
0
0
0
0
0
0
0
0
0
0
0
0
0
0
0
0
0
0
0
4.94414e-06
1.08472e-05
1.36029e-05
1.33178e-05
1.00102e-05
4.48344e-06
0
0
0
0
1.68445e-06
2.54421e-06
3.00778e-06
2.81309e-06
2.25849e-06
1.63449e-06
1.11571e-06
7.80158e-07
6.44946e-07
6.84102e-07
8.38756e-07
1.02704e-06
1.1593e-06
1.14566e-06
9.9576e-07
7.62804e-07
4.84753e-07
1.88503e-07
0
0
0
0
0
0
0
0
0
0
0
0
0
0
0
0
0
0
0
0
0
0
0
0
0
0
0
0
0
0
0
0
3.27428e-06
1.39623e-06
2.92183e-06
8.25472e-06
1.08431e-05
1.12815e-05
1.36027e-05
1.51997e-05
1.01982e-05
6.09957e-06
4.64196e-06
1.2762e-06
0
4.2971e-06
4.82766e-06
4.68041e-06
5.58026e-06
7.40856e-06
1.01236e-05
1.19519e-05
9.80334e-06
4.56506e-06
1.15529e-06
0
0
0
0
0
0
0
0
0
0
0
0
0
0
0
0
0
0
0
0
0
0
0
4.08205e-06
8.26064e-06
9.5832e-06
8.13784e-06
0
0
0
0
0
2.99744e-06
5.85776e-06
1.1257e-06
0
0
8.63792e-06
1.74837e-05
1.85592e-05
1.50607e-05
1.25929e-05
1.0893e-05
1.03608e-05
9.66302e-06
3.939e-06
0
0
0
0
0
0
0
9.80015e-06
1.2227e-05
1.03245e-05
3.75019e-07
0
5.11055e-05
6.94285e-05
6.07582e-05
4.28556e-05
2.37476e-05
9.14094e-06
0
0
0
0
0
0
0
0
0
0
0
0
0
0
0
0
0
0
0
0
0
0
0
0
0
0
0
0
0
0
0
0
0
1.61463e-05
2.22344e-05
2.02022e-05
1.17252e-05
0
0
0
0
0
0
1.05014e-06
3.7528e-06
3.55927e-06
2.44393e-06
1.01407e-06
3.07175e-08
0
5.45332e-07
1.63045e-06
2.73829e-06
3.56127e-06
3.96751e-06
3.92459e-06
3.39273e-06
2.65942e-06
1.91156e-06
1.17916e-06
4.42893e-07
0
0
0
0
0
0
0
0
0
0
0
0
0
0
0
0
0
0
0
0
0
0
0
0
0
0
0
0
0
0
0
0
6.55288e-06
4.89355e-06
3.72938e-06
7.71997e-06
1.01399e-05
9.65123e-06
1.34483e-05
1.7093e-05
1.17094e-05
6.62645e-06
4.11727e-06
8.71838e-07
0
5.73177e-06
4.96994e-06
3.65214e-06
3.64907e-06
4.59601e-06
6.24182e-06
8.11566e-06
8.36642e-06
5.60553e-06
2.64875e-06
1.20557e-06
7.1952e-07
6.14867e-07
5.18749e-07
3.36796e-07
2.02384e-07
2.27747e-07
2.19359e-07
0
0
0
0
0
0
0
0
0
0
0
0
0
0
0
4.59261e-06
6.37233e-06
6.12301e-06
2.25851e-06
0
0
0
0
6.02251e-06
1.83586e-05
1.55109e-05
0
0
0
8.72196e-07
1.31036e-05
1.63185e-05
1.434e-05
1.21684e-05
1.03939e-05
9.36834e-06
8.51634e-06
2.60008e-06
0
0
0
0
0
0
0
1.03997e-05
1.33622e-05
1.3883e-05
1.07034e-05
0
6.20635e-07
5.96187e-05
5.19397e-05
3.32259e-05
1.52607e-05
2.66792e-06
0
0
0
0
0
0
0
0
0
0
0
0
0
0
0
0
0
0
0
0
0
0
0
0
0
0
0
0
0
0
0
0
0
1.83248e-05
2.06313e-06
0
0
0
0
0
0
0
0
0
0
1.00951e-06
6.06356e-07
0
0
0
0
1.34917e-06
3.01388e-06
4.45097e-06
5.26098e-06
5.19765e-06
4.52505e-06
3.49753e-06
2.29781e-06
9.87587e-07
0
0
0
0
0
0
0
0
0
0
0
0
0
0
0
0
0
0
0
0
0
0
0
0
0
0
0
0
0
0
0
0
0
0
8.35366e-06
5.61444e-06
7.39835e-06
8.61207e-06
6.7038e-06
6.6948e-06
1.36706e-05
1.09662e-05
5.33026e-06
1.35647e-06
0
0
3.58864e-06
5.48656e-06
4.39911e-06
3.39312e-06
3.19056e-06
4.01617e-06
6.22428e-06
8.36767e-06
7.42854e-06
4.84138e-06
3.09613e-06
2.30134e-06
1.94754e-06
1.65992e-06
1.33198e-06
9.60006e-07
5.73772e-07
2.15417e-07
0
0
0
0
0
0
0
0
0
0
0
0
0
0
6.82514e-07
2.99111e-06
3.30731e-06
1.92393e-06
0
0
5.50437e-07
1.88487e-06
3.53614e-06
8.08852e-06
1.63062e-05
0
0
0
0
0
6.87487e-06
1.24258e-05
1.17623e-05
9.57003e-06
7.90438e-06
6.71257e-06
5.86306e-06
0
0
0
0
1.04413e-06
0
0
0
1.00677e-05
1.28576e-05
1.42853e-05
1.49502e-05
9.24169e-06
0
2.85027e-05
5.19553e-05
3.27395e-05
1.48716e-05
2.80946e-06
0
0
0
0
0
0
0
0
0
0
0
0
0
0
0
0
0
0
0
0
0
0
0
0
0
0
0
0
0
0
0
0
0
0
0
0
0
0
0
0
0
0
0
0
0
0
0
0
0
0
0
0
0
1.94575e-06
4.96943e-06
4.56953e-06
2.49094e-06
0
0
0
0
0
0
0
0
0
0
0
0
0
0
0
0
0
0
0
0
0
0
0
0
0
0
0
0
0
0
0
0
0
0
0
0
0
2.60975e-06
7.49764e-06
8.24155e-06
7.47651e-06
3.64292e-06
0
1.95468e-06
5.83336e-06
1.45514e-06
0
0
0
0
1.5381e-06
3.88904e-06
4.43157e-06
4.41468e-06
5.03364e-06
7.18953e-06
9.78344e-06
9.56504e-06
7.13538e-06
5.04582e-06
3.81048e-06
3.08616e-06
2.57857e-06
2.12855e-06
1.67012e-06
1.28513e-06
1.04917e-06
7.12834e-07
0
0
0
0
0
0
0
0
0
0
0
0
0
0
3.52873e-07
3.69992e-08
0
0
0
5.91631e-07
1.12931e-06
0
0
0
0
0
0
0
0
1.80279e-06
8.23406e-06
8.11941e-06
6.25498e-06
4.96485e-06
3.6713e-06
2.98245e-06
0
0
0
0
4.04229e-06
0
0
0
9.33102e-06
1.13521e-05
1.30743e-05
1.40179e-05
1.29284e-05
6.31498e-06
0
2.98102e-05
3.29328e-05
1.73274e-05
4.7066e-06
0
0
0
0
0
0
0
0
0
0
0
0
0
0
0
0
0
0
0
0
0
0
0
0
0
0
0
0
0
0
0
0
0
0
0
0
0
0
0
0
6.55751e-06
9.4818e-06
8.3551e-06
2.51527e-06
0
0
0
0
0
0
0
0
0
3.78231e-06
8.18612e-06
8.56995e-06
6.46851e-06
3.04076e-06
0
0
0
0
0
0
0
0
0
0
0
0
0
0
0
0
0
0
0
0
0
0
0
0
0
0
0
0
0
0
0
0
0
0
0
0
0
0
0
0
0
0
0
0
0
0
0
0
0
0
0
3.25383e-07
2.92554e-06
5.84171e-06
9.55888e-06
1.2864e-05
1.28828e-05
1.01032e-05
7.41076e-06
5.85529e-06
5.21979e-06
5.10832e-06
5.22631e-06
5.3854e-06
5.54771e-06
5.7828e-06
6.0201e-06
6.0552e-06
5.80437e-06
4.94882e-06
3.52041e-06
2.04575e-06
5.2202e-07
0
0
0
0
0
0
0
0
0
0
0
0
0
0
0
0
0
0
0
0
0
0
0
0
5.11148e-06
5.18688e-06
3.82891e-06
3.24025e-06
1.76444e-06
1.55564e-06
0
0
0
0
8.5445e-06
1.67743e-06
0
0
7.95005e-06
9.80032e-06
1.11646e-05
1.16617e-05
1.07956e-05
8.02137e-06
2.22793e-06
0
5.1567e-06
4.88069e-06
0
0
0
0
0
0
0
0
0
0
0
0
0
0
0
0
0
0
0
0
0
0
0
0
0
0
0
0
0
0
0
0
0
0
0
0
0
0
0
0
0
0
0
0
0
0
0
0
0
0
0
0
0
0
1.09453e-06
2.47882e-06
2.9287e-06
1.98025e-06
0
0
0
0
0
0
0
0
0
0
0
0
0
0
0
0
0
0
0
0
0
0
0
0
0
0
0
0
0
0
0
0
0
0
0
0
0
0
0
0
0
0
0
0
0
0
0
0
0
0
0
0
0
0
2.00183e-06
7.57444e-06
1.29118e-05
1.56123e-05
1.48021e-05
1.24185e-05
1.03832e-05
9.27644e-06
8.94228e-06
8.97455e-06
8.95413e-06
8.7299e-06
8.38022e-06
7.89555e-06
7.33359e-06
6.78189e-06
6.02419e-06
5.09991e-06
4.34002e-06
3.12221e-06
0
0
0
0
0
0
0
0
0
0
0
0
0
0
0
0
0
0
0
0
0
0
0
0
3.57847e-06
3.3417e-06
2.09269e-06
1.63512e-06
0
8.55486e-07
2.9459e-06
0
0
2.94785e-06
1.36059e-05
7.94376e-06
0
0
5.69893e-06
7.86668e-06
8.70572e-06
8.63649e-06
7.68152e-06
5.65413e-06
2.52092e-06
0
0
0
0
0
0
0
0
0
0
0
0
0
0
0
0
0
0
0
0
0
0
0
0
0
0
0
0
0
0
0
0
0
0
0
0
0
0
0
0
0
0
0
0
0
0
0
0
4.9172e-06
7.60864e-06
6.7381e-06
3.44401e-06
4.91222e-07
0
2.17283e-06
6.05919e-06
9.79085e-06
1.21904e-05
1.25567e-05
1.04252e-05
5.95932e-06
0
0
0
0
0
0
0
0
0
0
0
0
0
0
0
0
0
0
0
0
0
0
0
0
0
0
0
0
0
0
0
0
0
0
0
0
0
0
0
0
0
0
0
0
0
0
0
0
0
0
0
0
0
0
3.62521e-06
9.46595e-06
1.48539e-05
1.81624e-05
1.87736e-05
1.71979e-05
1.45585e-05
1.19285e-05
9.80319e-06
8.25712e-06
7.09611e-06
6.34597e-06
5.98762e-06
5.78674e-06
5.80909e-06
5.9874e-06
6.09942e-06
6.47162e-06
7.55628e-06
7.70741e-06
4.15293e-06
0
0
0
0
0
0
0
0
0
0
0
7.62576e-07
1.89455e-06
1.69938e-06
1.46101e-06
1.88237e-06
1.77153e-06
0
0
0
0
0
0
1.41354e-06
4.4383e-07
0
0
0
2.34403e-07
6.642e-06
9.55569e-06
0
6.27887e-06
1.75591e-05
1.29414e-05
0
0
4.46916e-06
7.30463e-06
7.47253e-06
6.96833e-06
5.77969e-06
4.04468e-06
1.88082e-06
0
0
0
0
0
0
0
0
0
0
0
0
0
0
0
0
0
0
0
0
0
0
0
0
0
0
0
0
0
0
0
0
0
0
0
0
0
0
0
0
0
0
0
0
0
0
0
0
0
0
0
0
0
2.74785e-06
1.26715e-05
1.03119e-05
2.34459e-06
0
0
0
0
0
0
0
0
0
0
3.56061e-07
9.36721e-06
1.5607e-05
1.75734e-05
1.57763e-05
1.13715e-05
5.94367e-06
1.9689e-06
5.78131e-08
0
0
0
0
0
0
0
0
0
0
0
0
2.23931e-06
2.91963e-06
1.56006e-06
0
0
6.32387e-07
2.31811e-06
2.26426e-06
7.78041e-07
0
0
6.28031e-07
2.75529e-07
0
0
0
0
0
0
0
0
0
0
0
0
0
5.32972e-07
5.627e-06
9.91849e-06
1.315e-05
1.50742e-05
1.5475e-05
1.43755e-05
1.24604e-05
1.02552e-05
8.25471e-06
6.5239e-06
4.89039e-06
3.87837e-06
3.41378e-06
3.0932e-06
3.21902e-06
3.5282e-06
4.06307e-06
5.75717e-06
8.12686e-06
8.36742e-06
3.88841e-06
0
0
0
0
0
0
0
0
3.2074e-07
2.41109e-07
1.51705e-06
3.80156e-06
4.93244e-06
6.14024e-06
8.90556e-06
1.17679e-05
1.27432e-05
1.26385e-05
1.27844e-05
0
0
0
8.51243e-07
0
0
0
0
0
8.30015e-08
7.55841e-06
1.28208e-05
4.95136e-06
5.72695e-06
1.68477e-05
1.73332e-05
0
0
4.84779e-06
8.94065e-06
8.34384e-06
7.08011e-06
5.59708e-06
3.98782e-06
2.18237e-06
6.27867e-08
0
0
0
0
0
0
0
0
0
0
0
0
0
0
0
0
0
0
0
0
0
0
0
0
0
0
0
0
0
0
0
0
0
0
0
0
6.07324e-05
5.62712e-05
4.5181e-05
1.40231e-05
0
0
0
0
0
0
0
0
0
0
0
0
1.26932e-06
9.89029e-07
0
0
0
0
0
7.18007e-06
2.29154e-05
2.86625e-05
1.64512e-05
1.35637e-06
0
0
0
0
3.13477e-06
6.54607e-06
8.70401e-06
9.09921e-06
7.89456e-06
5.35606e-06
1.76231e-06
0
0
0
0
0
0
0
9.45343e-07
5.34764e-07
0
0
0
2.97335e-07
0
0
0
0
0
0
0
0
0
0
3.56087e-07
5.39201e-06
9.87213e-06
8.39923e-06
4.9812e-06
2.80644e-06
6.91581e-07
0
0
0
0
0
0
0
0
6.02622e-07
4.79485e-06
7.68155e-06
9.35162e-06
1.0008e-05
9.83387e-06
8.96729e-06
7.73053e-06
6.49832e-06
5.58745e-06
4.46821e-06
2.77645e-06
1.73355e-06
1.0612e-06
5.78537e-07
5.52768e-07
6.9961e-07
2.68988e-06
6.18304e-06
8.27493e-06
7.87226e-06
5.34804e-06
0
1.54638e-07
5.32258e-06
5.11317e-06
2.97413e-06
1.61056e-06
1.97419e-06
3.25907e-06
3.65184e-06
3.98866e-06
4.57909e-06
6.34773e-06
7.16304e-06
8.22161e-06
1.14682e-05
1.32253e-05
1.07406e-05
6.15777e-06
5.10159e-06
1.25243e-05
8.18537e-06
2.79881e-06
0
0
0
0
0
0
0
5.81564e-06
8.65275e-06
7.48118e-06
5.76705e-06
1.759e-05
3.05049e-05
2.86375e-05
0
2.23381e-06
1.15453e-05
1.14998e-05
9.77858e-06
7.84435e-06
5.82835e-06
3.66982e-06
9.75028e-07
0
0
0
0
0
0
0
0
0
0
0
0
0
0
0
0
0
0
0
0
0
0
0
0
0
0
0
0
0
0
0
0
0
0
0
0
5.54137e-05
4.10462e-05
1.45522e-05
0
0
0
0
0
0
0
0
0
0
0
0
0
0
0
0
0
0
0
8.57258e-06
1.93269e-05
2.60024e-05
2.36639e-05
1.40738e-05
3.60774e-06
0
0
0
0
0
0
0
0
0
0
0
0
0
0
0
0
0
0
0
0
0
0
0
0
0
0
0
0
0
0
0
2.7455e-06
4.87593e-06
7.39657e-06
1.15001e-05
1.47161e-05
1.4647e-05
1.2807e-05
1.06954e-05
7.56732e-06
3.91157e-06
6.85134e-07
0
0
0
0
0
0
0
0
1.95216e-06
3.63096e-06
4.43709e-06
4.55506e-06
4.00715e-06
3.11179e-06
2.29093e-06
1.92147e-06
2.11405e-06
1.306e-06
0
2.56298e-07
0
0
0
0
5.02924e-08
1.75007e-06
2.21546e-06
1.59136e-06
0
0
0
7.49249e-06
9.93987e-06
7.11596e-06
4.98879e-06
5.21971e-06
6.40118e-06
7.14774e-06
7.17653e-06
6.64421e-06
8.55267e-06
1.03421e-05
1.15354e-05
1.36887e-05
1.40967e-05
9.60439e-06
2.93703e-06
3.34874e-07
4.15747e-06
1.16257e-06
0
0
0
0
0
0
0
0
2.89709e-06
3.40996e-06
5.25678e-06
7.67898e-06
2.27417e-05
4.47004e-05
4.87238e-05
2.45538e-05
0
1.27233e-05
1.4572e-05
1.28672e-05
1.09269e-05
8.68327e-06
6.0609e-06
2.29297e-06
0
0
0
0
0
0
0
0
0
0
0
0
0
0
0
0
0
0
0
0
0
0
0
0
0
0
0
0
0
0
0
0
0
0
0
0
8.67312e-05
5.83017e-05
0
0
0
0
0
0
0
0
0
0
0
0
0
0
0
0
0
0
1.73613e-06
0
0
0
0
1.52361e-06
3.14027e-06
2.59912e-06
0
0
0
0
0
0
0
0
0
0
0
0
0
0
0
0
0
0
0
0
0
0
0
0
1.45133e-06
2.24654e-06
1.65497e-06
0
0
0
0
2.6922e-06
7.48454e-06
1.09591e-05
1.11624e-05
9.36373e-06
6.89895e-06
4.60491e-06
2.72128e-06
1.3267e-06
4.30002e-07
0
0
0
0
0
0
0
0
0
0
0
3.06315e-07
2.29188e-07
0
0
0
0
3.11545e-07
0
0
0
0
0
0
0
0
0
0
0
0
0
0
2.32272e-07
6.88942e-06
6.93976e-06
6.26266e-06
6.92057e-06
8.61772e-06
9.9522e-06
8.48829e-06
6.53609e-06
8.59636e-06
1.2237e-05
1.42805e-05
1.54565e-05
1.42686e-05
1.0649e-05
4.88597e-06
3.66339e-07
0
0
0
0
0
0
0
0
0
0
0
0
0
8.54847e-06
2.57754e-05
4.54316e-05
4.15365e-05
2.6331e-05
0
9.41649e-06
1.68992e-05
1.59275e-05
1.40651e-05
1.16684e-05
8.78344e-06
4.12944e-06
0
0
0
0
0
0
0
0
0
0
0
0
0
0
0
0
0
0
0
0
0
0
0
0
0
0
0
0
0
0
0
0
0
0
0
0
0
0
0
2.75625e-06
2.63864e-05
3.78604e-05
3.55157e-05
2.18545e-05
5.28037e-06
0
0
0
0
0
0
0
0
0
9.69147e-07
1.5358e-06
0
0
0
0
0
0
0
0
0
0
0
0
0
0
0
0
0
0
7.00531e-07
2.03785e-06
2.96046e-06
3.37252e-06
3.26597e-06
2.73805e-06
2.19854e-06
2.03991e-06
2.33829e-06
2.97991e-06
3.63499e-06
4.20007e-06
4.6033e-06
4.78201e-06
4.79014e-06
4.65034e-06
4.54995e-06
4.19633e-06
3.2819e-06
2.2871e-06
2.31299e-06
3.89067e-06
6.28537e-06
7.77761e-06
8.24653e-06
7.91127e-06
6.81699e-06
5.05779e-06
3.22149e-06
1.65379e-06
5.22494e-07
0
0
0
0
0
0
0
0
0
0
0
0
0
0
0
0
0
0
0
0
9.7944e-08
0
0
0
0
0
2.58389e-06
4.98578e-06
0
0
0
0
0
1.87628e-06
2.66096e-06
3.56579e-06
5.25961e-06
8.66512e-06
1.00342e-05
7.28165e-06
4.9948e-06
7.78115e-06
1.30092e-05
1.5972e-05
1.6862e-05
1.50007e-05
1.12071e-05
6.38126e-06
9.77135e-07
0
0
0
0
0
0
0
0
0
0
0
0
0
0
1.90931e-05
3.0054e-05
2.27605e-05
2.17429e-05
0
0
1.45423e-05
1.82469e-05
1.78918e-05
1.59018e-05
1.26512e-05
6.31824e-06
0
0
0
0
0
0
0
0
0
0
0
0
0
0
0
0
0
0
0
0
0
0
0
0
0
0
0
0
0
0
0
0
0
0
0
0
0
0
0
0
0
0
1.79146e-05
4.63108e-05
6.56007e-05
7.16359e-05
6.64385e-05
5.69367e-05
4.63437e-05
3.41388e-05
2.18402e-05
1.29283e-05
7.98451e-06
4.84236e-06
2.31385e-06
3.40891e-07
0
4.60799e-07
2.3994e-06
4.27687e-06
5.65281e-06
6.63485e-06
7.32833e-06
7.16348e-06
4.52439e-06
4.0658e-07
0
0
0
0
6.36021e-07
1.75694e-06
3.40854e-06
5.32633e-06
7.09427e-06
8.4448e-06
9.1655e-06
8.55786e-06
6.71982e-06
4.87398e-06
3.58802e-06
3.01904e-06
3.04338e-06
3.46876e-06
4.25824e-06
5.14552e-06
5.70956e-06
5.93074e-06
5.94861e-06
5.80629e-06
5.20585e-06
4.55933e-06
4.09771e-06
3.73338e-06
3.39773e-06
3.14417e-06
2.63241e-06
1.97218e-06
1.86123e-06
2.47089e-06
3.15948e-06
3.26719e-06
2.77996e-06
2.12809e-06
1.70973e-06
1.60987e-06
1.37845e-06
5.89835e-07
0
0
0
0
0
0
0
0
0
0
0
0
0
0
0
0
0
0
0
0
0
0
3.96687e-06
1.42738e-05
1.60665e-05
2.8559e-06
0
0
0
1.53705e-06
2.37629e-06
1.29111e-06
6.16626e-07
7.84513e-07
5.74193e-06
7.12315e-06
2.92729e-06
1.45953e-06
7.52076e-06
1.2755e-05
1.64197e-05
1.79194e-05
1.62236e-05
1.2779e-05
8.3397e-06
2.17746e-06
0
0
0
0
0
0
0
0
0
0
0
0
0
0
8.35844e-06
1.37252e-05
2.0502e-05
2.49423e-05
1.93771e-05
0
2.89251e-06
1.1515e-05
1.53669e-05
1.70062e-05
1.7819e-05
1.18228e-05
0
0
0
0
0
0
0
0
0
0
0
0
0
0
0
0
0
0
0
0
0
0
0
0
0
0
0
0
0
0
0
0
0
0
0
0
0
0
0
0
0
0
0
0
8.18313e-07
7.72255e-06
8.71956e-06
7.54392e-06
6.04779e-06
4.77809e-06
3.63552e-06
2.40144e-06
1.11497e-06
1.01251e-07
0
0
5.40645e-08
2.07568e-07
2.38445e-07
2.04138e-07
1.31963e-07
4.61092e-08
0
0
2.00747e-08
5.74503e-08
6.47983e-08
4.48953e-08
1.50412e-08
0
0
0
5.23552e-08
1.42016e-07
2.44933e-07
3.44388e-07
4.25105e-07
4.80898e-07
4.93857e-07
4.6353e-07
4.12848e-07
3.52005e-07
2.88813e-07
2.30147e-07
1.7601e-07
1.26078e-07
7.2333e-08
2.45223e-08
1.03444e-10
5.9673e-09
3.60614e-08
5.67564e-08
3.85327e-08
0
0
0
1.23959e-07
3.00078e-07
4.29495e-07
5.08142e-07
5.88991e-07
5.98499e-07
5.58513e-07
6.02421e-07
8.44664e-07
1.46548e-06
2.28829e-06
2.75868e-06
2.7523e-06
1.22696e-06
0
0
0
0
0
0
0
0
0
0
0
1.5462e-06
6.71163e-07
0
1.79648e-06
1.17708e-06
2.16559e-07
0
0
0
5.50553e-06
1.98977e-05
2.15681e-05
7.47863e-06
0
0
6.83327e-08
5.42138e-06
3.91482e-06
5.62945e-07
0
0
0
0
0
0
1.21579e-05
1.3373e-05
1.46247e-05
1.75418e-05
1.73641e-05
1.50069e-05
1.14019e-05
4.73162e-06
0
0
0
0
0
0
0
0
0
0
0
0
0
0
1.34924e-06
1.05592e-05
2.57747e-05
2.41961e-05
2.07965e-05
0
0
3.39024e-06
5.98905e-06
6.2844e-06
6.1663e-06
3.64105e-06
0
0
0
0
0
0
0
0
0
0
0
0
0
0
0
0
0
0
0
0
0
0
0
0
0
0
0
0
0
0
0
0
4.59142e-08
3.23735e-08
0
0
2.69911e-08
1.79201e-08
2.44273e-09
0
0
0
0
0
0
0
0
0
0
0
0
0
5.75369e-09
8.14503e-09
0
0
0
0
0
2.14712e-08
8.35231e-08
1.16761e-07
8.80291e-08
1.3033e-08
0
0
0
0
0
0
0
0
0
1.01781e-08
4.86148e-08
8.0831e-08
1.12677e-07
1.39404e-07
1.55489e-07
1.58123e-07
1.52161e-07
1.42499e-07
1.33327e-07
1.33394e-07
1.38286e-07
1.35072e-07
1.20171e-07
1.00271e-07
7.98097e-08
5.83104e-08
3.51837e-08
1.46044e-08
0
0
1.13411e-08
4.1381e-08
8.87351e-08
1.37715e-07
1.6182e-07
1.62246e-07
1.43406e-07
1.07133e-07
8.42196e-08
8.16405e-08
6.58106e-08
6.07533e-08
8.59697e-08
6.35348e-08
2.28133e-08
5.35455e-08
5.36729e-08
0
1.57054e-08
1.32641e-07
0
0
0
0
0
0
0
9.55904e-09
0
0
0
0
1.87318e-07
0
0
0
6.2338e-07
1.90433e-05
2.79266e-05
1.75e-05
5.58169e-07
0
1.60885e-06
5.54008e-06
2.05668e-06
0
0
0
0
0
0
2.47757e-05
2.33817e-05
1.7325e-05
1.42409e-05
1.39827e-05
1.53181e-05
1.58921e-05
1.57053e-05
1.17622e-05
0
0
0
0
0
0
0
0
0
0
0
0
0
0
0
1.15669e-05
3.1428e-05
2.67156e-05
1.85914e-05
2.06623e-05
7.29529e-06
7.37639e-06
8.23494e-06
6.67947e-06
5.15795e-06
2.01131e-07
0
0
0
0
0
0
0
0
0
0
0
0
0
0
0
0
0
0
0
0
0
0
0
0
0
0
0
0
3.01466e-09
0
0
1.78904e-08
2.66537e-08
0
0
0
1.46033e-08
3.34128e-09
0
0
0
0
0
0
0
0
0
0
0
0
0
0
0
0
0
0
0
0
0
0
8.5611e-08
2.54183e-07
2.78942e-07
1.32489e-07
0
0
0
0
0
0
0
0
0
0
0
0
0
0
0
0
0
0
0
0
7.84038e-10
4.38031e-08
7.48526e-08
9.02665e-08
8.97744e-08
7.64999e-08
5.6968e-08
4.10058e-08
3.79157e-08
5.3557e-08
8.34624e-08
1.17307e-07
1.5095e-07
1.72754e-07
1.72473e-07
1.63528e-07
1.47165e-07
1.17154e-07
1.00122e-07
9.4556e-08
6.85027e-08
5.83644e-08
7.97711e-08
5.69541e-08
2.6526e-08
7.85008e-08
7.31428e-08
0
7.58275e-08
1.24861e-07
0
0
4.33236e-07
2.99281e-07
0
0
0
0
0
0
0
0
0
0
0
0
0
2.07348e-05
4.66246e-05
3.89536e-05
2.35066e-05
1.02092e-05
1.03042e-06
0
0
0
0
0
0
0
0
1.09011e-05
2.08838e-05
2.26957e-05
2.01058e-05
1.49389e-05
9.57605e-06
3.26747e-06
8.81127e-07
1.85063e-07
0
0
0
0
0
0
0
0
0
0
0
0
0
0
0
1.48248e-06
1.25761e-05
4.11161e-05
2.97845e-05
1.84977e-05
6.59322e-06
2.12393e-06
8.70544e-07
2.82131e-07
9.58657e-08
0
0
0
0
0
0
0
0
0
0
0
0
0
0
0
0
0
0
0
0
0
0
0
0
0
0
0
0
0
0
0
0
0
0
0
0
0
0
0
0
0
0
0
0
0
0
0
0
0
0
0
0
0
0
0
0
0
0
0
0
0
6.11902e-10
1.81303e-07
2.4815e-07
1.39628e-07
0
0
0
0
0
0
0
0
0
0
0
0
0
0
0
0
0
0
0
0
0
0
0
2.48705e-08
4.86956e-08
5.56294e-08
5.49558e-08
5.45597e-08
6.10782e-08
7.90188e-08
1.03586e-07
1.27478e-07
1.48283e-07
1.59031e-07
1.56804e-07
1.50794e-07
1.3902e-07
1.17965e-07
1.06484e-07
9.95232e-08
7.72281e-08
7.05792e-08
8.54203e-08
6.47846e-08
4.79976e-08
9.7807e-08
8.23765e-08
1.34545e-08
1.14856e-07
1.18277e-07
0
0
6.18497e-07
9.0007e-07
0
0
0
0
0
0
0
0
0
0
0
0
1.33675e-07
5.28963e-06
3.07306e-05
5.77213e-05
2.04703e-05
4.46823e-06
6.28706e-08
0
0
0
0
0
0
0
0
2.14618e-06
5.17296e-06
8.54858e-06
1.91467e-05
2.32529e-05
4.47129e-06
8.34608e-07
1.88576e-07
0
0
0
0
0
0
0
0
0
0
0
0
0
0
0
0
9.1628e-07
2.12315e-06
1.44934e-05
4.43991e-05
2.32472e-05
2.37281e-06
3.43378e-07
7.70355e-08
0
0
0
0
0
0
0
0
0
0
0
0
0
5.02373e-08
4.09217e-08
7.35122e-09
0
0
0
0
0
0
0
0
0
0
0
0
0
7.00658e-10
0
0
0
0
0
0
0
0
0
0
0
0
0
0
0
0
0
0
0
0
0
0
0
0
0
0
0
0
0
0
0
0
0
0
4.52483e-08
1.14799e-07
7.7774e-08
0
0
0
0
0
0
0
0
0
0
0
0
0
0
0
0
0
0
0
0
0
0
0
0
1.62712e-08
3.89943e-08
5.11701e-08
5.86565e-08
6.70415e-08
8.03741e-08
9.65219e-08
1.12665e-07
1.27167e-07
1.35461e-07
1.35933e-07
1.34802e-07
1.29898e-07
1.16839e-07
1.11751e-07
1.09029e-07
9.0512e-08
8.7438e-08
1.03107e-07
8.26563e-08
7.3174e-08
1.29831e-07
1.07106e-07
4.2824e-08
1.6912e-07
1.38017e-07
0
0
8.12066e-07
1.7964e-06
0
0
0
0
0
0
0
0
0
0
0
0
3.91675e-07
2.34933e-06
1.6213e-05
4.39723e-05
8.77345e-06
1.55316e-06
0
0
0
0
0
0
0
0
0
1.01266e-06
2.37232e-06
3.8827e-06
8.92766e-06
1.5507e-05
1.57818e-06
1.77942e-07
0
0
0
0
0
0
0
0
0
0
0
0
1.0345e-06
5.06287e-06
4.59398e-06
0
0
1.27557e-06
1.73397e-06
7.59047e-06
2.32574e-05
2.09044e-05
1.06692e-06
0
0
0
0
0
0
0
0
0
0
0
0
0
0
2.50915e-07
2.19487e-07
1.39686e-07
6.55284e-08
3.63564e-09
0
0
0
0
0
0
0
0
0
2.94511e-09
3.65334e-09
3.72682e-09
4.40345e-09
0
0
0
0
0
0
0
0
0
4.74398e-05
7.32438e-05
1.87495e-05
3.45093e-06
9.43975e-07
2.20707e-07
0
0
0
0
0
0
0
0
0
0
0
0
0
0
0
0
0
0
3.09172e-08
6.71275e-05
5.29831e-05
2.76357e-05
9.62624e-06
3.16037e-06
1.18958e-06
1.80268e-08
0
0
0
0
0
0
0
0
0
0
0
0
0
0
0
0
0
0
3.77028e-05
3.34861e-05
3.12259e-05
2.54669e-05
1.52749e-05
6.96475e-06
2.12083e-06
0
0
0
0
0
0
0
0
0
0
0
0
0
0
0
0
0
0
2.45015e-05
2.80764e-05
3.38681e-05
3.73705e-05
3.56061e-05
1.3787e-05
0
3.3188e-05
0
0
0
0
0
0
0
0
0
0
0
0
0
0
0
0
0
2.37452e-05
2.67239e-05
3.19503e-05
3.288e-05
1.78992e-05
0
0
4.44968e-05
2.47749e-05
0
0
0
0
0
0
0
0
0
0
0
0
2.85292e-06
0
0
0
2.07065e-05
2.36544e-05
2.94001e-05
2.67538e-05
0
0
0
5.25797e-05
4.62988e-05
0
0
0
0
0
0
0
0
0
0
0
0
1.28353e-05
0
0
0
1.78613e-05
2.1492e-05
2.80338e-05
1.73744e-05
0
0
0
5.63132e-05
6.44793e-05
7.97007e-06
0
0
0
0
0
0
0
0
0
0
0
1.88614e-05
0
0
0
1.57197e-05
1.98211e-05
2.48001e-05
6.56503e-06
0
0
0
5.47646e-05
7.40971e-05
2.42659e-05
0
0
0
0
0
0
0
0
0
0
0
1.92197e-05
0
0
0
1.37769e-05
1.76328e-05
1.95346e-05
0
0
0
0
4.9811e-05
7.44319e-05
3.73103e-05
0
0
0
0
0
0
0
0
0
0
0
6.33742e-06
0
0
0
1.16263e-05
1.43295e-05
1.33686e-05
0
0
0
3.05957e-06
4.43202e-05
6.93597e-05
4.45404e-05
0
0
0
0
0
0
0
0
0
0
2.15014e-05
0
0
0
0
8.83929e-06
1.03014e-05
8.09757e-06
0
0
0
1.36536e-05
4.00224e-05
6.15735e-05
4.60842e-05
3.57842e-06
0
0
0
0
0
0
0
0
0
2.90676e-05
0
0
0
0
5.53434e-06
6.34866e-06
4.85399e-06
0
0
0
2.27903e-05
3.67271e-05
5.27186e-05
4.27626e-05
9.52208e-06
0
0
0
0
0
0
0
0
0
1.51602e-05
0
0
0
0
2.03693e-06
2.77222e-06
3.68289e-06
3.26537e-06
0
7.82466e-06
2.92243e-05
3.40086e-05
4.30033e-05
3.63174e-05
1.16166e-05
0
0
0
0
0
0
0
0
0
0
0
1.73446e-05
0
0
0
0
3.59312e-06
1.15321e-05
1.51767e-05
2.24066e-05
3.4564e-05
3.14545e-05
3.25009e-05
2.67572e-05
9.81886e-06
0
0
0
0
0
1.0704e-05
2.69014e-05
2.55755e-05
0
0
0
4.06777e-05
0
4.17862e-06
0
0
3.47194e-06
1.85198e-05
3.39883e-05
3.99256e-05
4.02448e-05
2.82342e-05
2.0637e-05
1.37344e-05
4.97158e-06
0
0
0
0
0
2.16552e-05
5.31513e-05
8.13417e-05
0
0
0
5.66219e-05
0
3.94315e-05
0
0
2.53123e-06
2.30523e-05
5.10218e-05
6.06625e-05
4.73551e-05
2.34251e-05
5.01271e-06
0
0
0
0
0
0
0
3.10756e-05
7.03323e-05
8.57846e-05
0
0
2.00814e-05
6.38416e-05
1.29222e-05
7.16449e-05
0
0
2.83342e-07
2.46491e-05
6.48989e-05
8.57579e-05
5.84657e-05
1.64196e-05
0
0
0
2.24328e-06
3.11223e-07
0
0
0
3.94996e-05
8.03903e-05
7.72449e-05
0
0
0.000167738
6.20224e-05
3.31226e-05
9.66922e-05
0
0
0
2.22473e-05
7.30652e-05
0.000116407
7.93884e-05
6.39254e-06
0
0
0
7.05995e-06
6.29749e-06
1.63513e-06
0
0
4.65307e-05
8.5841e-05
6.81136e-05
0
0
0.000133438
5.27148e-05
5.33889e-05
0.000107478
0
0
0
1.57091e-05
7.21847e-05
0.000148774
0.000121898
0
0
0
0
1.29093e-05
1.1991e-05
5.96267e-06
0
0
5.09251e-05
8.87483e-05
6.08011e-05
0
0
8.46311e-05
3.98715e-05
6.82336e-05
9.43515e-05
0
0
0
6.49332e-06
6.06516e-05
0.000164959
0.000204557
0
0
0
0
1.9515e-05
1.71716e-05
1.0385e-05
7.87228e-06
0
5.02185e-05
8.97975e-05
5.51232e-05
1.80461e-05
4.09435e-05
5.11955e-05
2.65717e-05
6.86204e-05
5.57493e-05
0
0
0
0
4.11148e-05
0.000142172
0.00029156
0
0
0
0
2.60263e-05
2.16577e-05
1.50102e-05
1.72978e-05
0
4.09575e-05
8.905e-05
5.08903e-05
5.34013e-05
5.46961e-05
3.02493e-05
1.40217e-05
4.64971e-05
1.1205e-05
0
0
0
0
1.9526e-05
9.03917e-05
0.000205673
0
0
0
5.47495e-06
3.19186e-05
2.5256e-05
1.95949e-05
2.46231e-05
0
2.23253e-05
8.62331e-05
4.78421e-05
7.56063e-05
5.24654e-05
1.71219e-05
2.2394e-06
6.45998e-06
0
0
0
0
0
1.96719e-06
4.22133e-05
8.0477e-05
0
0
0
1.62374e-05
3.62134e-05
2.77443e-05
2.37353e-05
3.01485e-05
0
4.11074e-06
7.99985e-05
4.52476e-05
9.13412e-05
4.73415e-05
8.65826e-06
0
0
0
0
0
0
0
0
1.19622e-05
2.29813e-05
0
0
0
2.55465e-05
3.90417e-05
2.94504e-05
2.72826e-05
3.44813e-05
1.23616e-05
0
6.81387e-05
4.22807e-05
0.000102667
4.25455e-05
3.06976e-06
0
0
0
0
0
0
0
0
0
1.12014e-06
0
0
0
3.29243e-05
4.01748e-05
3.05056e-05
3.00936e-05
3.77409e-05
2.19896e-05
6.81846e-06
4.88307e-05
3.78995e-05
0.000108758
3.86546e-05
0
0
0
0
0
0
0
0
0
0
0
0
0
0
3.79581e-05
3.9345e-05
3.06711e-05
3.18319e-05
3.98254e-05
2.87526e-05
1.67008e-05
2.5535e-05
3.04738e-05
0.000107181
3.57326e-05
0
0
0
0
0
0
0
0
0
0
0
0
0
8.85189e-06
3.95065e-05
3.73062e-05
3.03458e-05
3.26123e-05
4.03727e-05
3.30057e-05
2.43479e-05
9.23813e-06
1.79561e-05
9.47685e-05
3.23628e-05
0
0
0
0
0
0
0
0
0
0
0
0
0
2.2202e-05
4.03548e-05
3.68418e-05
3.25276e-05
3.59959e-05
4.32901e-05
3.84631e-05
3.16467e-05
7.8367e-06
1.32845e-06
7.7753e-05
2.75055e-05
0
0
0
0
0
0
0
0
0
0
0
0
2.54079e-06
2.79132e-05
3.52861e-05
3.30456e-05
3.23073e-05
3.65033e-05
4.23457e-05
3.94241e-05
3.42259e-05
1.08475e-05
0
5.02447e-05
2.24311e-05
0
0
0
0
0
0
0
0
0
0
0
0
1.14833e-05
2.57057e-05
3.0143e-05
3.08799e-05
3.28965e-05
3.71098e-05
4.18358e-05
3.9856e-05
3.5781e-05
1.49445e-05
0
2.84376e-05
1.74661e-05
0
0
0
0
0
0
0
0
0
0
0
0
1.12098e-05
2.02063e-05
2.55491e-05
3.11092e-05
3.32457e-05
3.70708e-05
4.13971e-05
4.00576e-05
3.69857e-05
1.84776e-05
0
1.60668e-05
1.36519e-05
0
0
0
0
0
0
0
0
0
0
0
0
7.28864e-06
1.46604e-05
2.45187e-05
3.22088e-05
3.24475e-05
3.59718e-05
4.09338e-05
4.04916e-05
3.82442e-05
2.18391e-05
0
1.13332e-05
1.13029e-05
0
0
0
0
0
0
0
0
0
0
0
0
3.81294e-06
1.30707e-05
2.47947e-05
3.18828e-05
2.96559e-05
3.40505e-05
4.02224e-05
4.12827e-05
3.98862e-05
2.55943e-05
0
1.05953e-05
9.75803e-06
0
0
0
0
0
0
0
0
0
0
0
0
3.35787e-06
1.25222e-05
2.29744e-05
2.98978e-05
2.45304e-05
3.18435e-05
3.89866e-05
4.21032e-05
4.1764e-05
2.98151e-05
0
1.16302e-05
8.33132e-06
0
0
0
0
0
0
0
0
0
0
0
0
2.44851e-06
9.89079e-06
2.00913e-05
2.7288e-05
1.59863e-05
2.91685e-05
3.71806e-05
4.2609e-05
4.34264e-05
3.39143e-05
0
1.32851e-05
6.67776e-06
0
0
0
4.88755e-06
0
0
0
0
0
0
0
0
9.65671e-09
5.87545e-06
1.78906e-05
2.57615e-05
6.02865e-06
2.56203e-05
3.47798e-05
4.27121e-05
4.45846e-05
3.71978e-05
0
1.5016e-05
4.81013e-06
0
0
0
2.08568e-06
0
0
0
0
0
0
0
0
0
8.0441e-07
1.80952e-05
2.59673e-05
3.60525e-06
2.12448e-05
3.23622e-05
4.25557e-05
4.52068e-05
3.93306e-05
0
1.65184e-05
2.87929e-06
0
0
5.45384e-06
0
0
0
0
0
0
0
0
0
0
0
1.83966e-05
2.38027e-05
1.08206e-05
1.70017e-05
3.03744e-05
4.24957e-05
4.56039e-05
4.04312e-05
0
1.75049e-05
1.17026e-06
0
0
2.21312e-05
0
0
0
0
0
0
0
0
0
0
0
1.44811e-05
1.47308e-05
1.68874e-05
1.39574e-05
2.82782e-05
4.21369e-05
4.58387e-05
4.09009e-05
0
1.75722e-05
1.62584e-07
0
0
4.0246e-05
0
0
0
0
0
0
0
0
0
0
0
5.27284e-06
5.49864e-06
2.28846e-05
1.13455e-05
2.36818e-05
3.97185e-05
4.50635e-05
4.06854e-05
0
1.63322e-05
1.93165e-07
0
0
5.97345e-05
0
0
0
0
0
0
0
0
0
0
2.83508e-08
0
2.5727e-06
2.83027e-05
0
8.21276e-06
3.08196e-05
4.02652e-05
3.81189e-05
0
1.41486e-05
9.15806e-07
0
0
7.76508e-05
0
0
0
0
0
0
0
0
0
0
0
0
0
0
0
0
1.14828e-05
2.72876e-05
2.96813e-05
1.30605e-05
1.10864e-05
9.94404e-07
0
0
4.77423e-05
0
0
0
0
0
0
0
0
0
0
0
0
0
0
0
0
0
1.01288e-05
1.39029e-05
1.53556e-05
4.89584e-06
0
0
0
0
0
0
0
0
0
0
0
0
0
4.39355e-06
0
0
0
0
0
0
0
1.71168e-06
1.90714e-06
3.42422e-06
0
0
0
0
0
0
0
0
0
0
0
0
0
0
5.18977e-06
0
0
2.26493e-06
0
0
0
0
0
0
0
0
0
0
0
0
0
0
0
0
0
0
0
0
0
0
2.02919e-06
5.29812e-06
5.02839e-06
0
0
0
1.59935e-07
0
0
0
0
0
0
0
0
0
0
0
0
0
0
0
0
0
0
3.72681e-06
5.00794e-06
6.22956e-06
2.13538e-07
0
0
1.16649e-06
0
0
0
0
0
0
0
0
0
0
0
0
0
0
0
0
0
1.09508e-07
1.8053e-06
4.36844e-06
6.26004e-06
1.28038e-06
0
8.55602e-07
1.25404e-06
0
0
0
0
0
0
0
0
0
0
0
0
0
0
0
0
0
0
9.77339e-07
3.66333e-06
5.56396e-06
1.82156e-06
0
1.45065e-06
6.03289e-07
0
0
0
0
0
0
6.04899e-08
0
0
0
0
0
0
0
4.95063e-07
5.45602e-07
0
0
5.84301e-07
2.74399e-06
4.52857e-06
1.91148e-06
0
1.62842e-06
0
0
0
0
0
0
0
9.26533e-08
0
0
0
0
0
0
0
1.04846e-06
1.10552e-06
0
0
2.73059e-07
1.88336e-06
3.48746e-06
1.81988e-06
0
1.65455e-06
0
0
0
0
0
0
0
0
0
0
1.76676e-07
0
0
0
0
1.13276e-06
1.34327e-06
0
0
1.17017e-07
1.29313e-06
2.83386e-06
1.79425e-06
0
1.38989e-06
0
0
0
0
0
0
0
0
0
0
2.30544e-07
0
0
0
0
8.05818e-07
1.22116e-06
0
0
1.18917e-07
1.0244e-06
2.50922e-06
1.94334e-06
0
8.21792e-07
0
0
0
0
0
0
0
0
0
0
1.65425e-07
0
0
0
0
3.66937e-07
5.58409e-07
0
0
2.24129e-07
5.68959e-07
1.96441e-06
2.1377e-06
0
1.86212e-07
0
0
0
0
0
4.29887e-08
3.2253e-08
0
0
0
1.03493e-07
0
0
0
0
5.39051e-09
0
0
0
1.47016e-07
2.72959e-08
2.31614e-07
1.95028e-06
1.30128e-06
0
0
0
0
0
1.87675e-08
5.56533e-08
5.07203e-08
0
0
0
1.06266e-07
5.5247e-09
1.4223e-08
0
0
0
0
0
0
1.01036e-07
0
0
8.69014e-07
1.59612e-06
0
0
0
0
0
4.43549e-08
5.8527e-08
4.13295e-08
0
0
0
1.35936e-07
6.07739e-08
2.25811e-08
0
0
0
0
0
1.82502e-08
1.04059e-07
0
0
2.99147e-07
1.0176e-06
0
0
2.32403e-08
1.57178e-08
0
5.42064e-08
5.43276e-08
2.69647e-08
0
0
0
)
;

boundaryField
{
    inlet
    {
        type            calculated;
        value           nonuniform List<scalar> 
30
(
3.96226e-20
5.28951e-20
9.96385e-20
2.11305e-17
0
0
1.48185e-17
1.79132e-16
1.95901e-16
7.6602e-17
0
5.14605e-17
5.69711e-17
5.88287e-17
3.57836e-17
3.58038e-17
4.76708e-18
3.28114e-17
0
0
2.77474e-18
0
0
0
3.1021e-17
2.06865e-17
0
1.4572e-19
1.35657e-19
1.26613e-19
)
;
    }
    outlet
    {
        type            calculated;
        value           nonuniform List<scalar> 
57
(
1.72927e-20
0
0
0
0
0
0
0
0
0
0
0
0
2.3372e-18
2.2055e-17
4.00727e-17
5.40822e-17
6.01147e-17
5.2773e-17
3.11819e-17
6.26722e-18
0
0
0
0
0
0
0
0
0
0
0
0
0
2.49553e-18
1.06493e-18
0
0
0
0
0
0
0
0
0
0
0
0
0
0
0
0
0
0
0
0
0
)
;
    }
    upperWall
    {
        type            nutkWallFunction;
        blending        stepwise;
        Cmu             0.09;
        kappa           0.41;
        E               9.8;
        value           nonuniform List<scalar> 
223
(
0
0
0
0
0
0
0
0
0
0
0
0
0
0
0
0
0
0
0
0
0
0
0
0
0
0
0
0
0
0
0
0
0
0
0
0
0
0
0
0
0
0
0
0
0
0
0
0
0
0
0
0
0
0
0
0
0
0
0
0
0
0
0
0
0
0
0
0
0
0
0
0
0
0
0
0
0
0
0
0
0
0
0
0
0
0
0
0
0
0
0
0
0
0
0
0
0
0
0
0
0
0
0
0
0
0
0
0
1.48386e-07
2.32335e-07
0
0
3.03411e-07
1.05089e-06
9.35751e-07
0
0
0
0
0
0
0
0
0
2.93972e-08
1.28217e-06
1.56896e-06
8.80168e-07
0
0
0
0
0
0
0
0
0
0
0
0
0
0
0
0
0
0
0
0
0
0
0
0
1.69768e-08
5.58423e-08
0
0
0
0
0
0
0
0
0
0
0
0
0
0
0
0
0
0
0
0
0
0
0
0
0
0
0
0
0
0
0
0
0
0
0
0
0
0
0
0
0
0
0
0
0
0
0
0
0
0
0
0
0
0
0
0
0
0
0
0
0
0
0
0
0
0
0
0
0
)
;
    }
    lowerWall
    {
        type            nutkWallFunction;
        blending        stepwise;
        Cmu             0.09;
        kappa           0.41;
        E               9.8;
        value           nonuniform List<scalar> 
250
(
0
0
0
0
0
0
0
0
0
0
0
0
0
0
0
0
0
0
0
0
0
0
0
0
0
0
0
0
0
0
0
0
0
0
0
0
0
0
0
0
0
0
0
0
0
0
8.48995e-07
9.88652e-07
1.36544e-06
1.62125e-06
1.85253e-06
1.83173e-06
1.81774e-06
1.79165e-06
1.90089e-06
2.07506e-06
2.25166e-06
2.41357e-06
2.54752e-06
2.65845e-06
2.68307e-06
2.6786e-06
2.662e-06
2.65045e-06
2.64308e-06
2.63429e-06
2.62009e-06
2.59939e-06
2.57252e-06
2.53832e-06
2.49374e-06
2.43736e-06
2.37006e-06
2.29189e-06
2.20538e-06
2.12943e-06
2.05559e-06
1.99535e-06
1.94323e-06
1.89996e-06
1.86447e-06
1.84642e-06
1.83708e-06
1.83608e-06
1.85816e-06
1.89589e-06
1.92561e-06
1.95776e-06
1.92937e-06
1.93889e-06
1.96125e-06
2.02419e-06
2.12925e-06
2.23859e-06
2.27709e-06
2.3146e-06
2.38454e-06
2.4062e-06
2.4951e-06
2.90898e-06
4.01785e-06
3.85468e-06
3.80757e-06
4.9022e-06
4.69104e-06
3.35928e-06
2.87151e-06
2.81876e-06
2.95942e-06
3.89121e-06
5.87719e-06
8.9053e-06
1.20359e-05
1.30918e-05
1.27882e-05
1.02368e-05
5.80102e-06
2.69926e-06
1.41712e-06
1.02118e-06
9.18171e-07
8.89279e-07
8.35911e-07
7.37941e-07
6.17515e-07
4.61701e-07
2.75782e-07
8.01985e-08
0
0
0
0
0
0
0
0
0
0
0
0
0
0
0
0
0
0
0
0
0
0
0
0
0
0
0
0
0
0
0
0
0
0
0
0
0
0
0
0
0
0
0
0
0
0
0
0
0
0
0
0
0
0
0
0
0
0
0
0
0
0
0
0
2.49475e-07
6.07211e-06
6.95708e-06
6.18387e-06
5.33552e-06
4.54224e-06
3.78773e-06
3.18046e-06
2.93925e-06
2.92049e-06
2.9701e-06
3.35124e-06
5.49179e-06
8.73703e-06
8.93382e-06
8.10556e-06
6.65187e-06
5.50555e-06
4.58464e-06
3.76606e-06
3.00862e-06
2.29918e-06
1.69238e-06
1.27027e-06
1.19281e-06
1.63422e-06
4.22692e-06
7.65347e-06
8.43254e-06
7.99113e-06
5.4157e-06
2.66936e-06
1.31067e-06
4.86151e-07
0
0
0
0
0
0
0
0
0
0
0
0
0
0
0
0
0
0
0
0
0
0
9.69988e-07
1.94683e-06
)
;
    }
    frontAndBack
    {
        type            empty;
    }
}


// ************************************************************************* //
