/*--------------------------------*- C++ -*----------------------------------*\
| =========                 |                                                 |
| \\      /  F ield         | OpenFOAM: The Open Source CFD Toolbox           |
|  \\    /   O peration     | Version:  2112                                  |
|   \\  /    A nd           | Website:  www.openfoam.com                      |
|    \\/     M anipulation  |                                                 |
\*---------------------------------------------------------------------------*/
FoamFile
{
    version     2.0;
    format      ascii;
    arch        "LSB;label=32;scalar=64";
    class       volScalarField;
    location    "0.42";
    object      pPrime2Mean;
}
// * * * * * * * * * * * * * * * * * * * * * * * * * * * * * * * * * * * * * //

dimensions      [0 4 -4 0 0 0 0];

internalField   nonuniform List<scalar> 
12225
(
1.2589e+06
1.24059e+06
1.22141e+06
1.20253e+06
1.18411e+06
1.1662e+06
1.1488e+06
1.13191e+06
1.11551e+06
1.09956e+06
1.084e+06
1.06878e+06
1.05381e+06
1.03899e+06
1.02415e+06
1.00907e+06
993273
975646
1.25895e+06
1.24062e+06
1.22144e+06
1.20255e+06
1.18413e+06
1.16622e+06
1.14882e+06
1.13194e+06
1.11554e+06
1.09959e+06
1.08404e+06
1.06883e+06
1.05387e+06
1.03907e+06
1.02428e+06
1.00928e+06
993676
976690
1.25906e+06
1.24071e+06
1.2215e+06
1.20261e+06
1.18418e+06
1.16627e+06
1.14887e+06
1.13199e+06
1.1156e+06
1.09966e+06
1.08412e+06
1.06893e+06
1.05401e+06
1.03927e+06
1.02456e+06
1.00972e+06
994480
978542
1.25924e+06
1.24084e+06
1.22161e+06
1.2027e+06
1.18427e+06
1.16635e+06
1.14895e+06
1.13208e+06
1.11569e+06
1.09977e+06
1.08426e+06
1.06911e+06
1.05424e+06
1.03958e+06
1.02501e+06
1.01041e+06
995649
980749
1.25952e+06
1.24104e+06
1.22177e+06
1.20284e+06
1.18439e+06
1.16646e+06
1.14907e+06
1.1322e+06
1.11584e+06
1.09994e+06
1.08447e+06
1.06936e+06
1.05457e+06
1.04002e+06
1.02564e+06
1.01134e+06
997110
983129
1.25986e+06
1.24131e+06
1.22198e+06
1.20302e+06
1.18456e+06
1.16663e+06
1.14924e+06
1.13238e+06
1.11604e+06
1.10017e+06
1.08474e+06
1.06971e+06
1.05502e+06
1.04061e+06
1.02645e+06
1.01249e+06
998797
985592
1.26032e+06
1.24166e+06
1.22227e+06
1.20327e+06
1.18478e+06
1.16684e+06
1.14945e+06
1.13261e+06
1.11629e+06
1.10047e+06
1.08511e+06
1.07016e+06
1.05559e+06
1.04136e+06
1.02744e+06
1.01384e+06
1.00066e+06
988097
1.2609e+06
1.24211e+06
1.22264e+06
1.20358e+06
1.18506e+06
1.16711e+06
1.14973e+06
1.13291e+06
1.11663e+06
1.10085e+06
1.08556e+06
1.07072e+06
1.05629e+06
1.04225e+06
1.0286e+06
1.01537e+06
1.00265e+06
990625
1.26159e+06
1.24267e+06
1.2231e+06
1.20398e+06
1.18542e+06
1.16745e+06
1.15007e+06
1.13327e+06
1.11703e+06
1.10133e+06
1.08612e+06
1.07139e+06
1.05712e+06
1.04329e+06
1.02992e+06
1.01704e+06
1.00475e+06
993167
1.26244e+06
1.24335e+06
1.22366e+06
1.20446e+06
1.18586e+06
1.16787e+06
1.1505e+06
1.13372e+06
1.11753e+06
1.10189e+06
1.08679e+06
1.07219e+06
1.05809e+06
1.04449e+06
1.03139e+06
1.01884e+06
1.00692e+06
995718
1.26343e+06
1.24416e+06
1.22434e+06
1.20504e+06
1.18638e+06
1.16837e+06
1.151e+06
1.13426e+06
1.11812e+06
1.10256e+06
1.08757e+06
1.07312e+06
1.0592e+06
1.04581e+06
1.03299e+06
1.02075e+06
1.00916e+06
998275
1.26451e+06
1.24506e+06
1.22507e+06
1.20567e+06
1.18695e+06
1.16892e+06
1.15155e+06
1.13484e+06
1.11875e+06
1.10328e+06
1.08839e+06
1.07408e+06
1.06033e+06
1.04715e+06
1.03456e+06
1.02258e+06
1.01126e+06
1.00062e+06
1.26575e+06
1.24608e+06
1.22591e+06
1.20639e+06
1.1876e+06
1.16953e+06
1.15217e+06
1.13548e+06
1.11946e+06
1.10407e+06
1.0893e+06
1.07512e+06
1.06154e+06
1.04856e+06
1.03619e+06
1.02445e+06
1.01337e+06
1.00295e+06
1.26751e+06
1.24744e+06
1.22701e+06
1.20733e+06
1.18844e+06
1.17033e+06
1.15297e+06
1.13633e+06
1.12037e+06
1.10508e+06
1.09044e+06
1.07643e+06
1.06304e+06
1.05028e+06
1.03814e+06
1.02665e+06
1.0158e+06
1.0056e+06
1.26995e+06
1.24924e+06
1.22844e+06
1.20854e+06
1.18953e+06
1.17137e+06
1.154e+06
1.1374e+06
1.12153e+06
1.10636e+06
1.09187e+06
1.07804e+06
1.06486e+06
1.05233e+06
1.04043e+06
1.02918e+06
1.01856e+06
1.00857e+06
1.27293e+06
1.2515e+06
1.23024e+06
1.21006e+06
1.1909e+06
1.17267e+06
1.15531e+06
1.13876e+06
1.12299e+06
1.10795e+06
1.09363e+06
1.07999e+06
1.06703e+06
1.05473e+06
1.04307e+06
1.03206e+06
1.02166e+06
1.01187e+06
1.27647e+06
1.25419e+06
1.2324e+06
1.2119e+06
1.19257e+06
1.17427e+06
1.15691e+06
1.14043e+06
1.12476e+06
1.10987e+06
1.09573e+06
1.08229e+06
1.06955e+06
1.05747e+06
1.04605e+06
1.03525e+06
1.02506e+06
1.01545e+06
1.28037e+06
1.25708e+06
1.23473e+06
1.21393e+06
1.19445e+06
1.1761e+06
1.15877e+06
1.14237e+06
1.12683e+06
1.1121e+06
1.09813e+06
1.0849e+06
1.07237e+06
1.06051e+06
1.04929e+06
1.03869e+06
1.02869e+06
1.01925e+06
1.2834e+06
1.25938e+06
1.23673e+06
1.21581e+06
1.1963e+06
1.178e+06
1.16075e+06
1.14447e+06
1.12908e+06
1.11452e+06
1.10074e+06
1.0877e+06
1.07537e+06
1.06371e+06
1.05268e+06
1.04226e+06
1.03241e+06
1.02311e+06
1.28242e+06
1.25949e+06
1.23734e+06
1.21671e+06
1.19741e+06
1.17927e+06
1.16218e+06
1.14605e+06
1.13081e+06
1.1164e+06
1.10277e+06
1.08988e+06
1.07768e+06
1.06616e+06
1.05526e+06
1.04495e+06
1.03521e+06
1.02601e+06
1.28097e+06
1.25886e+06
1.23726e+06
1.21699e+06
1.19793e+06
1.17999e+06
1.16305e+06
1.14704e+06
1.13192e+06
1.11761e+06
1.10409e+06
1.09129e+06
1.07919e+06
1.06775e+06
1.05693e+06
1.0467e+06
1.03702e+06
1.02787e+06
1.27931e+06
1.25801e+06
1.23692e+06
1.21699e+06
1.19818e+06
1.18041e+06
1.16361e+06
1.14772e+06
1.13269e+06
1.11847e+06
1.10503e+06
1.0923e+06
1.08027e+06
1.06889e+06
1.05812e+06
1.04794e+06
1.03831e+06
1.0292e+06
1.2779e+06
1.25718e+06
1.23652e+06
1.21688e+06
1.19828e+06
1.18066e+06
1.16397e+06
1.14818e+06
1.13323e+06
1.11908e+06
1.10569e+06
1.09302e+06
1.08103e+06
1.06969e+06
1.05897e+06
1.04882e+06
1.03922e+06
1.03013e+06
1.27669e+06
1.25646e+06
1.23614e+06
1.21674e+06
1.1983e+06
1.18081e+06
1.16421e+06
1.14849e+06
1.13359e+06
1.11949e+06
1.10614e+06
1.09351e+06
1.08156e+06
1.07025e+06
1.05955e+06
1.04943e+06
1.03985e+06
1.03078e+06
1.27567e+06
1.25587e+06
1.23583e+06
1.21661e+06
1.1983e+06
1.18089e+06
1.16436e+06
1.14869e+06
1.13384e+06
1.11977e+06
1.10646e+06
1.09385e+06
1.08192e+06
1.07064e+06
1.05995e+06
1.04985e+06
1.04028e+06
1.03122e+06
1.2749e+06
1.25543e+06
1.23559e+06
1.2165e+06
1.19828e+06
1.18094e+06
1.16446e+06
1.14882e+06
1.134e+06
1.11996e+06
1.10666e+06
1.09408e+06
1.08217e+06
1.07089e+06
1.06022e+06
1.05013e+06
1.04057e+06
1.03152e+06
1.27434e+06
1.25512e+06
1.23542e+06
1.21643e+06
1.19827e+06
1.18097e+06
1.16452e+06
1.14891e+06
1.13411e+06
1.12008e+06
1.1068e+06
1.09422e+06
1.08232e+06
1.07106e+06
1.0604e+06
1.05031e+06
1.04076e+06
1.03171e+06
1.27399e+06
1.25492e+06
1.23531e+06
1.21638e+06
1.19826e+06
1.18098e+06
1.16456e+06
1.14896e+06
1.13417e+06
1.12015e+06
1.10688e+06
1.09431e+06
1.08242e+06
1.07116e+06
1.0605e+06
1.05041e+06
1.04087e+06
1.03183e+06
1.27376e+06
1.25481e+06
1.23526e+06
1.21635e+06
1.19825e+06
1.18099e+06
1.16457e+06
1.14899e+06
1.1342e+06
1.12019e+06
1.10692e+06
1.09436e+06
1.08247e+06
1.07121e+06
1.06056e+06
1.05047e+06
1.04093e+06
1.03189e+06
1.27365e+06
1.25476e+06
1.23523e+06
1.21634e+06
1.19825e+06
1.181e+06
1.16458e+06
1.149e+06
1.13422e+06
1.12021e+06
1.10694e+06
1.09438e+06
1.08249e+06
1.07123e+06
1.06058e+06
1.0505e+06
1.04095e+06
1.03192e+06
824978
824912
824779
824577
824307
823968
823559
823079
822525
821896
821190
820406
819545
818604
817585
816488
815312
814056
812722
811309
809818
808250
806604
804882
803084
801212
799266
797247
795155
792990
790754
788448
786073
783629
781120
778547
775911
773213
770456
767638
764761
761822
758823
755764
752647
749472
746241
742954
739613
736218
732771
729270
725718
722115
718465
714769
711030
707247
703419
699546
695627
691667
687664
683620
679534
675408
671244
667044
662810
658542
654240
649902
645530
641122
636677
632201
627694
623158
618596
614006
609390
604746
600073
595372
590642
585885
581100
576289
571453
566592
561707
556799
551868
546917
541948
536962
531960
526942
521908
516855
511784
506691
501576
496444
491297
486138
480971
475796
470610
465411
460197
454966
449717
444453
439172
433874
428559
423230
417886
412530
407163
401788
396407
391023
385639
380256
374874
369495
364118
358744
353373
348004
342636
337273
331912
326554
321198
315843
310489
305136
299784
294434
289087
283745
278410
273086
267776
262480
257201
251938
246690
241458
236241
231039
225852
220683
215535
210411
205311
200238
195190
190172
185182
180223
175293
170394
165528
160698
155905
151152
146441
141776
137155
132581
128056
123585
119177
114840
110587
106456
825276
825210
825077
824875
824604
824263
823852
823368
822811
822178
821468
820681
819815
818871
817847
816745
815564
814303
812964
811545
810048
808473
806821
805092
803287
801408
799455
797429
795331
793161
790920
788610
786230
783783
781269
778692
776051
773348
770585
767763
764880
761936
758932
755869
752748
749569
746335
743045
739700
736301
732847
729342
725784
722177
718523
714824
711081
707294
703463
699588
695669
691704
687699
683653
679568
675442
671278
667081
662847
658577
654273
649932
645557
641146
636701
632226
627720
623186
618624
614035
609418
604773
600099
595395
590664
585905
581120
576308
571471
566609
561722
556814
551883
546932
541964
536979
531978
526961
521928
516876
511803
506710
501596
496464
491318
486161
480996
475822
470636
465438
460223
454992
449744
444480
439199
433901
428586
423255
417909
412551
407182
401805
396422
391037
385652
380268
374885
369504
364127
358752
353380
348010
342644
337281
331922
326565
321210
315856
310503
305150
299799
294448
289100
283757
278421
273096
267784
262488
257208
251945
246697
241465
236247
231044
225857
220688
215539
210414
205315
200241
195195
190176
185187
180229
175298
170398
165532
160701
155908
151155
146444
141778
137157
132582
128056
123585
119175
114835
110576
106425
825875
825809
825675
825473
825201
824857
824442
823952
823388
822748
822031
821235
820362
819409
818377
817264
816072
814800
813448
812017
810507
808919
807253
805510
803691
801798
799831
797791
795679
793497
791245
788924
786536
784080
781559
778973
776325
773615
770843
768011
765119
762167
759155
756084
752956
749770
746528
743230
739877
736470
733010
729496
725931
722316
718655
714947
711196
707400
703561
699679
695754
691786
687776
683728
679640
675514
671351
667152
662917
658647
654339
649994
645614
641200
636755
632279
627773
623239
618676
614085
609467
604819
600142
595437
590703
585943
581156
576343
571504
566639
561751
556841
551911
546961
541993
537009
532011
526996
521964
516912
511840
506747
501634
496503
491357
486202
481038
475863
470679
465481
460267
455038
449791
444528
439246
433947
428631
423298
417950
412588
407216
401836
396451
391063
385676
380289
374904
369522
364142
358766
353393
348023
342658
337296
331939
326584
321232
315880
310529
305178
299826
294474
289124
283778
278440
273113
267799
262502
257222
251958
246709
241476
236257
231053
225865
220695
215546
210420
205320
200247
195201
190183
185196
180236
175306
170406
165540
160708
155914
151161
146450
141782
137160
132584
128058
123585
119172
114826
110556
106379
826780
826712
826577
826373
826097
825749
825327
824830
824256
823605
822877
822069
821182
820215
819167
818039
816830
815540
814169
812719
811190
809582
807896
806134
804295
802382
800396
798337
796206
794006
791737
789400
786996
784527
781993
779396
776736
774016
771234
768391
765487
762523
759499
756416
753276
750078
746824
743515
740151
736733
733261
729737
726159
722532
718857
715137
711373
707566
703716
699823
695889
691915
687902
683850
679759
675630
671464
667263
663026
658753
654443
650094
645711
641295
636848
632370
627862
623325
618759
614165
609543
604891
600212
595503
590768
586005
581216
576400
571558
566691
561801
556889
551958
547008
542041
537059
532062
527049
522018
516968
511897
506806
501695
496564
491420
486265
481100
475925
470741
465543
460331
455103
449858
444595
439313
434014
428696
423361
418009
412643
407267
401882
396493
391102
385711
380321
374932
369547
364165
358787
353413
348043
342679
337319
331964
326614
321265
315917
310568
305218
299866
294513
289159
283810
278468
273138
267823
262524
257243
251978
246728
241493
236273
231068
225878
220707
215556
210429
205329
200256
195211
190195
185208
180249
175318
170418
165551
160719
155924
151169
146457
141788
137165
132588
128060
123586
119169
114816
110532
106328
827994
827925
827788
827579
827298
826942
826511
826003
825417
824752
824008
823183
822278
821290
820221
819070
817837
816522
815127
813651
812096
810462
808750
806962
805098
803160
801149
799066
796912
794689
792398
790041
787617
785129
782579
779966
777292
774557
771760
768902
765983
763004
759964
756866
753710
750496
747227
743902
740522
737088
733600
730058
726463
722818
719125
715387
711607
707785
703922
700019
696077
692096
688076
684017
679920
675786
671616
667410
663170
658893
654580
650229
645844
641426
636976
632495
627984
623443
618872
614273
609644
604988
600305
595594
590856
586091
581299
576480
571635
566765
561872
556958
552025
547075
542108
537127
532132
527121
522092
517044
511976
506887
501777
496647
491503
486346
481181
476005
470821
465624
460413
455186
449942
444680
439399
434100
428780
423442
418086
412715
407333
401943
396549
391153
385757
380363
374970
369581
364196
358815
353440
348070
342707
337350
332000
326654
321310
315966
310620
305271
299918
294563
289206
283852
278507
273174
267856
262556
257272
252005
246754
241517
236295
231088
225896
220723
215571
210443
205342
200270
195226
190212
185225
180267
175336
170436
165567
160733
155937
151180
146466
141795
137171
132593
128064
123587
119166
114804
110507
106279
829528
829456
829314
829099
828810
828444
828000
827478
826875
826192
825426
824579
823648
822634
821537
820357
819094
817749
816322
814815
813227
811561
809817
807997
806102
804133
802091
799979
797797
795546
793228
790844
788396
785884
783311
780677
777983
775229
772413
769535
766597
763598
760539
757421
754245
751012
747723
744378
740978
737523
734014
730450
726834
723166
719452
715694
711895
708057
704180
700264
696311
692320
688291
684224
680119
675977
671800
667589
663344
659063
654747
650394
646006
641585
637132
632648
628132
623586
619009
614403
609769
605108
600420
595706
590965
586197
581402
576580
571731
566857
561961
557044
552109
547158
542191
537211
532217
527209
522183
517139
512074
506987
501878
496748
491603
486445
481277
476101
470916
465720
460509
455283
450040
444779
439499
434200
428879
423537
418177
412800
407413
402018
396619
391217
385816
380416
375019
369625
364236
358853
353476
348106
342744
337391
332044
326703
321364
316024
310682
305334
299981
294623
289263
283906
278556
273220
267899
262596
257310
252041
246788
241548
236324
231114
225920
220745
215591
210462
205361
200289
195247
190234
185248
180289
175359
170458
165588
160753
155954
151195
146478
141805
137178
132599
128068
123588
119161
114792
110481
106232
831390
831315
831166
830942
830641
830261
829800
829258
828633
827925
827132
826255
825293
824247
823115
821900
820601
819219
817755
816210
814584
812880
811097
809239
807307
805301
803224
801076
798860
796575
794223
791806
789325
786782
784179
781517
778797
776017
773177
770276
767315
764293
761212
758071
754873
751618
748307
744939
741515
738035
734499
730909
727267
723575
719836
716057
712238
708381
704487
700556
696590
692587
688547
684470
680356
676206
672022
667804
663552
659265
654944
650586
646194
641769
637312
632822
628301
623749
619166
614555
609915
605249
600557
595839
591094
586323
581524
576698
571845
566967
562068
557148
552210
547257
542290
537310
532319
527313
522292
517251
512189
507104
501996
496866
491718
486557
481387
476210
471024
465827
460617
455391
450148
444888
439609
434310
428988
423644
418279
412898
407504
402104
396699
391293
385886
380480
375078
369679
364286
358899
353521
348151
342790
337440
332098
326761
321427
316091
310751
305405
300051
294692
289329
283968
278614
273275
267951
262645
257357
252085
246829
241586
236358
231146
225950
220773
215618
210487
205385
200314
195273
190261
185276
180317
175386
170484
165614
160777
155976
151214
146494
141817
137187
132606
128072
123588
119156
114778
110455
106188
833593
833512
833354
833118
832801
832401
831918
831350
830697
829957
829131
828218
827218
826131
824959
823702
822360
820935
819427
817837
816167
814418
812592
810690
808713
806665
804545
802356
800098
797773
795380
792922
790401
787819
785180
782484
779731
776922
774054
771126
768139
765092
761986
758820
755597
752315
748976
745580
742127
738616
735050
731430
727759
724040
720276
716473
712632
708755
704841
700894
696912
692896
688844
684757
680634
676476
672283
668057
663796
659501
655172
650808
646409
641978
637514
633018
628490
623932
619343
614727
610083
605412
600716
595993
591244
586468
581664
576833
571976
567094
562190
557267
552326
547370
542402
537423
532434
527432
522415
517378
512319
507236
502127
496996
491846
486682
481509
476329
471142
465944
460733
455506
450262
445003
439725
434426
429103
423756
418387
413001
407603
402198
396788
391377
385964
380554
375146
369742
364345
358955
353574
348204
342844
337496
332158
326826
321495
316163
310825
305480
300126
294765
289399
284035
278679
273337
268010
262701
257410
252135
246875
241629
236398
231183
225984
220806
215649
210517
205415
200344
195304
190293
185308
180350
175418
170515
165643
160805
156002
151237
146513
141834
137200
132615
128077
123588
119150
114764
110429
106146
836149
836061
835891
835638
835301
834877
834365
833766
833077
832299
831432
830475
829430
828297
827077
825770
824379
822903
821344
819703
817982
816182
814304
812351
810324
808225
806056
803818
801512
799137
796697
794192
791625
789000
786319
783584
780795
777951
775052
772096
769081
766006
762871
759677
756422
753109
749737
746306
742816
739270
735668
732014
728311
724563
720772
716944
713079
709179
705246
701280
697281
693249
689184
685085
680952
676785
672583
668347
664077
659773
655434
651061
646653
642212
637740
633236
628701
624136
619542
614922
610274
605600
600899
596171
591416
586633
581822
576985
572122
567235
562327
557399
552455
547496
542526
537548
532560
527562
522549
517516
512460
507378
502269
497136
491983
486816
481639
476456
471266
466066
460852
455622
450378
445118
439841
434542
429218
423868
418496
413106
407703
402294
396880
391465
386049
380633
375221
369813
364411
359018
353635
348264
342905
337559
332223
326893
321566
316236
310899
305555
300200
294838
289471
284105
278747
273402
268073
262762
257467
252189
246925
241676
236441
231223
226022
220842
215684
210551
205449
200378
195338
190327
185342
180384
175452
170549
165675
160835
156030
151263
146536
141853
137215
132626
128084
123590
119145
114750
110404
106108
839071
838974
838791
838518
838156
837702
837157
836518
835787
834964
834048
833040
831942
830754
829479
828116
826667
825133
823517
821818
820038
818179
816242
814230
812144
809987
807761
805466
803103
800674
798179
795622
793004
790329
787601
784822
781993
779112
776178
773189
770143
767037
763870
760642
757353
754002
750591
747119
743587
739999
736358
732666
728929
725149
721329
717472
713581
709657
705701
701714
697696
693648
689568
685455
681310
677131
672918
668671
664391
660076
655726
651341
646923
642472
637989
633476
628932
624361
619763
615139
610488
605810
601105
596371
591607
586815
581996
577150
572279
567387
562474
557542
552593
547631
542659
537679
532694
527698
522689
517660
512606
507524
502414
497279
492123
486951
481771
476584
471390
466186
460968
455736
450490
445230
439953
434653
429327
423975
418600
413206
407800
402387
396972
391554
386135
380716
375300
369888
364482
359085
353701
348328
342970
337624
332290
326961
321635
316306
310970
305625
300270
294907
289539
284172
278812
273466
268136
262822
257524
252243
246976
241723
236485
231264
226062
220880
215721
210588
205485
200414
195374
190363
185378
180419
175487
170582
165708
160866
156059
151290
146560
141873
137232
132639
128092
123592
119140
114736
110381
106071
842381
842275
842074
841779
841387
840898
840312
839629
838848
837971
836999
835932
834773
833522
832182
830753
829238
827639
825955
824189
822343
820416
818412
816333
814180
811957
809665
807305
804879
802387
799830
797212
794536
791805
789024
786195
783319
780396
777423
774397
771314
768172
764968
761702
758373
754982
751528
748012
744436
740805
737121
733390
729615
725799
721947
718059
714139
710187
706206
702195
698157
694089
689991
685863
681703
677511
673285
669026
664732
660404
656041
651644
647213
642750
638256
633732
629181
624604
620002
615375
610721
606041
601330
596588
591814
587010
582179
577323
572443
567544
562626
557690
552737
547771
542795
537814
532829
527836
522829
517801
512747
507665
502554
497416
492257
487082
481897
476705
471507
466299
461077
455841
450593
445331
440053
434752
429425
424071
418694
413297
407888
402474
397058
391639
386218
380797
375378
369963
364554
359155
353768
348394
343035
337689
332354
327026
321699
316369
311033
305687
300331
294967
289599
284232
278872
273525
268193
262877
257577
252293
247023
241767
236527
231304
226100
220917
215758
210625
205522
200450
195409
190397
185411
180451
175518
170613
165738
160895
156087
151316
146584
141894
137250
132652
128101
123595
119136
114724
110358
106038
846110
845992
845772
845450
845024
844494
843861
843125
842288
841350
840313
839178
837947
836623
835206
833700
832107
830429
828667
826823
824899
822896
820816
818661
816433
814136
811769
809336
806837
804272
801645
798957
796214
793418
790575
787686
784755
781780
778758
775687
772561
769377
766132
762825
759455
756022
752526
748967
745347
741673
737947
734175
730360
726507
722618
718697
714745
710764
706755
702719
698657
694567
690450
686303
682127
677918
673677
669402
665093
660749
656372
651961
647516
643039
638533
633999
629439
624856
620251
615622
610967
606283
601566
596814
592027
587210
582366
577498
572609
567703
562779
557839
552881
547910
542929
537945
532958
527965
522958
517930
512875
507791
502678
497538
492377
487199
482009
476813
471611
466398
461172
455932
450681
445418
440138
434835
429506
424151
418772
413374
407965
402550
397134
391715
386294
380872
375452
370035
364624
359222
353834
348458
343097
337750
332413
327082
321754
316422
311084
305737
300380
295016
289648
284281
278921
273575
268242
262925
257623
252336
247064
241806
236564
231340
226136
220952
215793
210660
205557
200484
195442
190428
185441
180480
175546
170640
165764
160921
156112
151339
146606
141914
137266
132664
128109
123597
119131
114712
110337
106006
850300
850168
849925
849571
849106
848529
847843
847047
846144
845135
844022
842806
841490
840076
838568
836969
835281
833509
831654
829718
827705
825614
823448
821207
818894
816512
814061
811544
808961
806314
803606
800840
798019
795148
792231
789273
786274
783235
780154
777026
773848
770616
767326
763976
760564
757089
753552
749951
746292
742576
738811
734999
731146
727255
723330
719374
715389
711377
707339
703275
699187
695073
690934
686766
682569
678342
674083
669790
665464
661104
656710
652283
647824
643333
638814
634269
629701
625112
620502
615870
611212
606524
601800
597037
592237
587405
582548
577670
572773
567860
562931
557985
553022
548044
543056
538066
533075
528079
523069
518038
512979
507893
502778
497638
492475
487294
482101
476901
471693
466477
461247
456004
450750
445485
440203
434898
429568
424211
418831
413433
408024
402611
397195
391778
386358
380937
375517
370100
364687
359284
353893
348516
343152
337802
332462
327128
321796
316461
311120
305771
300413
295048
289681
284315
278957
273611
268279
262960
257657
252369
247096
241838
236595
231370
226166
220983
215824
210692
205587
200514
195469
190454
185465
180502
175567
170661
165785
160942
156132
151358
146624
141930
137279
132674
128114
123597
119125
114699
110316
105976
855003
854855
854586
854195
853683
853051
852302
851435
850453
849358
848151
846836
845415
843894
842275
840564
838764
836880
834913
832869
830748
828552
826284
823945
821535
819057
816511
813899
811222
808483
805682
802825
799916
796960
793961
790922
787847
784734
781583
778389
775150
771862
768521
765123
761667
758150
754571
750932
747235
743484
739682
735834
731946
728020
724061
720072
716055
712011
707942
703850
699734
695595
691430
687239
683019
678771
674491
670179
665834
661456
657045
652602
648128
643624
639092
634536
629958
625361
620745
616108
611446
606751
602019
597245
592432
587588
582722
577835
572932
568014
563079
558126
553155
548167
543171
538171
533172
528169
523153
518117
513054
507965
502849
497708
492544
487362
482166
476962
471751
466531
461298
456053
450797
445528
440243
434937
429605
424248
418868
413471
408064
402652
397239
391823
386406
380987
375569
370152
364740
359336
353943
348563
343196
337842
332497
327158
321821
316482
311138
305786
300427
295063
289697
284334
278977
273632
268301
262983
257679
252391
247117
241859
236617
231393
226189
221008
215850
210717
205612
200537
195491
190473
185482
180518
175582
170675
165800
160956
156147
151373
146637
141942
137289
132681
128116
123594
119117
114684
110294
105946
860286
860118
859816
859379
858809
858109
857280
856324
855243
854040
852719
851283
849737
848087
846336
844490
842555
840535
838434
836257
834007
831687
829299
826845
824324
821736
819082
816362
813578
810733
807830
804873
801869
798820
795732
792607
789447
786254
783026
779760
776453
773102
769703
766251
762745
759183
755564
751888
748156
744371
740537
736657
732737
728780
724790
720770
716722
712647
708549
704427
700283
696115
691924
687706
683462
679190
674888
670556
666191
661795
657367
652908
648419
643901
639357
634790
630203
625598
620975
616331
611661
606958
602216
597431
592608
587755
582881
577990
573083
568159
563218
558257
553276
548278
543270
538260
533249
528235
523209
518164
513097
508005
502887
497745
492581
487399
482202
476995
471781
466558
461324
456076
450817
445545
440257
434949
429616
424258
418880
413485
408080
402671
397260
391847
386433
381018
375603
370188
364777
359373
353979
348597
343226
337866
332516
327172
321829
316485
311137
305783
300424
295060
289696
284335
278981
273638
268307
262990
257687
252400
247127
241869
236629
231407
226205
221025
215867
210735
205631
200554
195506
190486
185493
180528
175591
170684
165808
160965
156155
151381
146645
141949
137295
132683
128114
123587
119104
114666
110269
105915
866411
866216
865868
865368
864719
863925
862989
861913
860704
859363
857897
856310
854605
852791
850871
848855
846748
844559
842292
839955
837550
835081
832550
829958
827303
824586
821806
818964
816060
813098
810082
807017
803908
800760
797575
794356
791106
787826
784515
781169
777786
774364
770898
767386
763824
760212
756549
752833
749066
745248
741382
737473
733524
729538
725518
721469
717391
713288
709159
705008
700833
696636
692415
688169
683898
679600
675274
670920
666535
662120
657675
653201
648697
644166
639610
635032
630434
625820
621188
616536
611856
607143
602391
597597
592765
587905
583027
578132
573221
568292
563343
558373
553382
548374
543355
538332
533307
528277
523238
518183
513109
508012
502893
497751
492587
487405
482208
477001
471784
466559
461322
456072
450809
445533
440242
434931
429597
424240
418864
413472
408070
402665
397257
391848
386439
381028
375616
370205
364796
359393
353998
348613
343239
337874
332518
327168
321820
316471
311119
305763
300403
295041
289679
284321
278970
273629
268300
262985
257683
252397
247126
241870
236632
231412
226213
221034
215878
210747
205642
200565
195515
190493
185499
180533
175595
170688
165812
160969
156159
151386
146649
141953
137296
132681
128108
123577
119089
114645
110243
105883
873193
872963
872551
871964
871206
870285
869206
867977
866602
865087
863437
861658
859756
857738
855614
853394
851088
848705
846253
843737
841160
838527
835839
833096
830297
827441
824528
821557
818530
815449
812319
809144
805930
802680
799398
796086
792745
789377
785981
782553
779092
775594
772057
768479
764858
761192
757481
753723
749918
746067
742171
738233
734256
730244
726199
722123
718019
713888
709732
705551
701348
697121
692872
688598
684299
679975
675626
671250
666846
662413
657951
653462
648945
644402
639834
635246
630638
626014
621371
616708
612018
607295
602533
597732
592895
588031
583148
578249
573333
568398
563442
558464
553464
548447
543418
538383
533342
528296
523241
518174
513091
507989
502868
497726
492563
487383
482187
476979
471761
466532
461292
456038
450771
445491
440196
434882
429547
424192
418818
413430
408033
402632
397229
391824
386419
381013
375606
370199
364794
359393
353998
348611
343233
337864
332503
327147
321794
316441
311086
305729
300369
295009
289650
284295
278947
273609
268282
262968
257669
252384
247115
241862
236627
231410
226212
221036
215882
210752
205648
200570
195519
190496
185501
180533
175595
170687
165811
160968
156159
151385
146649
141952
137293
132675
128098
123562
119070
114621
110213
105848
880030
879755
879263
878563
877668
876588
875335
873919
872348
870629
868771
866779
864660
862426
860088
857658
855150
852575
849940
847250
844509
841720
838882
835995
833060
830072
827033
823943
820801
817609
814372
811097
807787
804445
801075
797677
794254
790805
787330
783826
780289
776720
773115
769475
765795
762076
758317
754516
750673
746788
742862
738896
734894
730858
726789
722689
718561
714407
710226
706021
701792
697540
693265
688966
684643
680296
675925
671529
667107
662659
658183
653680
649151
644598
640021
635423
630805
626170
621516
616842
612141
607408
602639
597832
592992
588125
583238
578334
573412
568470
563507
558522
553515
548492
543455
538409
533356
528295
523227
518148
513056
507948
502824
497681
492519
487340
482145
476936
471716
466484
461240
455981
450709
445424
440125
434810
429475
424122
418752
413369
407976
402580
397181
391781
386381
380979
375577
370175
364773
359375
353981
348593
343214
337841
332476
327116
321759
316403
311046
305688
300329
294971
289615
284264
278919
273583
268258
262946
257649
252367
247100
241850
236617
231403
226208
221034
215882
210753
205650
200572
195521
190497
185501
180533
175594
170686
165809
160966
156157
151384
146648
141949
137289
132667
128086
123546
119049
114595
110183
105813
886895
886562
885966
885122
884050
882771
881304
879664
877863
875915
873827
871607
869263
866808
864255
861620
858918
856160
853353
850502
847610
844675
841697
838676
835611
832499
829342
826139
822890
819596
816262
812895
809498
806073
802623
799147
795648
792126
788578
785002
781397
777761
774093
770393
766658
762887
759080
755235
751354
747435
743478
739485
735458
731397
727306
723184
719034
714857
710655
706428
702177
697903
693606
689286
684942
680574
676184
671770
667332
662869
658380
653866
649326
644763
640177
635570
630943
626297
621632
616946
612234
607492
602715
597904
593061
588191
583300
578389
573460
568511
563541
558551
553539
548511
543468
538415
533351
528279
523199
518110
513009
507895
502767
497623
492461
487282
482087
476877
471654
466419
461170
455907
450630
445341
440039
434721
429387
424037
418671
413293
407906
402514
397120
391725
386329
380932
375534
370136
364739
359343
353951
348565
343184
337810
332443
327080
321720
316362
311004
305647
300290
294934
289582
284233
278891
273557
268235
262925
257629
252349
247085
241837
236607
231395
226203
221031
215881
210755
205653
200576
195524
190500
185504
180535
175595
170686
165809
160965
156157
151383
146646
141947
137284
132660
128075
123531
119030
114571
110154
105779
893780
893373
892641
891611
890318
888793
887066
885161
883097
880891
878557
876103
873536
870866
868108
865280
862397
859470
856506
853507
850475
847405
844297
841148
837961
834733
831466
828159
824812
821425
818004
814554
811078
807577
804053
800506
796938
793348
789734
786093
782425
778728
775002
771246
767458
763638
759785
755899
751979
748026
744038
740018
735965
731881
727766
723623
719452
715255
711033
706786
702516
698222
693907
689568
685205
680820
676412
671982
667530
663054
658553
654028
649479
644906
640311
635695
631058
626402
621726
617028
612305
607553
602769
597953
593106
588233
583336
578420
573483
568527
563552
558557
553542
548510
543463
538404
533334
528253
523164
518065
512957
507837
502704
497557
492393
487213
482017
476806
471580
466341
461088
455820
450540
445247
439942
434624
429290
423943
418581
413209
407827
402440
397051
391660
386268
380876
375482
370088
364695
359303
353914
348529
343149
337776
332407
327043
321682
316324
310966
305610
300255
294902
289552
284207
278867
273535
268214
262906
257612
252334
247072
241828
236600
231391
226201
221032
215884
210759
205659
200583
195532
190508
185511
180542
175601
170691
165813
160970
156160
151386
146649
141947
137283
132656
128068
123520
119014
114551
110129
105748
900694
900188
899276
898008
896436
894610
892572
890361
888005
885528
882942
880256
877474
874604
871657
868651
865602
862520
859411
856276
853112
849916
846684
843417
840116
836782
833415
830014
826577
823106
819606
816081
812533
808964
805373
801762
798130
794479
790804
787105
783380
779627
775848
772040
768204
764339
760443
756517
752560
748573
744556
740508
736429
732321
728185
724021
719830
715613
711372
707107
702819
698509
694176
689821
685442
681041
676618
672174
667708
663220
658709
654173
649614
645032
640428
635802
631156
626491
621804
617095
612361
607599
602807
597985
593133
588256
583354
578432
573489
568527
563546
558547
553529
548495
543445
538382
533306
528220
523124
518018
512903
507776
502638
497486
492320
487138
481940
476726
471497
466254
460997
455727
450444
445149
439842
434522
429190
423845
418488
413120
407744
402362
396977
391591
386203
380814
375425
370036
364647
359259
353873
348491
343113
337741
332373
327010
321649
316291
310935
305581
300228
294878
289530
284187
278849
273519
268200
262894
257602
252326
247067
241824
236599
231393
226205
221038
215892
210769
205671
200596
195547
190523
185526
180556
175615
170704
165826
160981
156171
151396
146657
141954
137288
132658
128067
123516
119006
114537
110110
105724
907656
907014
905858
904275
902351
900161
897772
895233
892577
889826
886991
884079
881094
878037
874917
871748
868546
865321
862077
858814
855527
852212
848867
845491
842087
838656
835198
831711
828193
824647
821075
817483
813870
810238
806588
802918
799229
795522
791793
788041
784264
780462
776634
772780
768900
764992
761057
757094
753103
749085
745038
740963
736860
732729
728571
724387
720177
715941
711682
707400
703095
698770
694422
690053
685660
681244
676807
672350
667872
663372
658850
654305
649736
645145
640532
635897
631243
626567
621870
617150
612405
607633
602833
598005
593148
588265
583359
578431
573483
568515
563530
558527
553507
548471
543418
538352
533273
528183
523081
517969
512848
507715
502571
497414
492244
487059
481858
476641
471410
466163
460904
455631
450346
445049
439741
434422
429091
423748
418395
413031
407660
402283
396903
391520
386136
380752
375367
369981
364597
359213
353832
348453
343079
337710
332344
326982
321623
316266
310912
305560
300210
294862
289517
284175
278839
273511
268194
262890
257600
252327
247070
241830
236607
231402
226217
221052
215908
210788
205691
200618
195570
190547
185551
180581
175639
170727
165848
161002
156190
151414
146674
141969
137301
132669
128075
123521
119007
114534
110102
105711
914704
913855
912352
910348
907993
905397
902637
899764
896809
893790
890714
887584
884405
881175
877895
874579
871238
867882
864514
861132
857730
854306
850857
847384
843887
840367
836826
833260
829670
826056
822421
818767
815096
811408
807703
803980
800240
796482
792704
788904
785081
781234
777363
773468
769548
765603
761632
757635
753612
749564
745490
741389
737262
733110
728931
724727
720498
716246
711970
707671
703352
699012
694650
690267
685862
681433
676984
672514
668024
663513
658981
654425
649847
645247
640625
635982
631319
626634
621927
617196
612441
607660
602852
598016
593154
588266
583355
578422
573469
568497
563508
558503
553480
548442
543387
538318
533237
528143
523037
517920
512793
507655
502505
497344
492169
486979
481775
476556
471321
466073
460811
455537
450251
444953
439644
434325
428995
423654
418304
412945
407578
402206
396829
391451
386071
380691
375310
369929
364549
359170
353793
348420
343050
337684
332321
326962
321604
316249
310897
305547
300199
294854
289511
284172
278838
273512
268197
262896
257610
252339
247084
241846
236625
231422
226238
221075
215933
210815
205720
200649
195603
190583
185587
180617
175675
170762
165881
161033
156220
151442
146700
141994
137323
132690
128094
123537
119020
114543
110107
105711
921900
920703
918689
916152
913307
910279
907143
903942
900697
897420
894113
890779
887418
884026
880601
877150
873683
870209
866729
863238
859733
856210
852668
849106
845526
841927
838311
834675
831020
827344
823651
819942
816219
812479
808725
804954
801167
797364
793542
789699
785835
781948
778038
774106
770150
766171
762168
758141
754090
750014
745914
741789
737640
733467
729268
725046
720800
716531
712239
707926
703592
699238
694863
690468
686050
681610
677148
672667
668166
663645
659102
654537
649949
645340
640710
636059
631387
626693
621976
617236
612471
607681
602865
598022
593153
588260
583344
578407
573450
568475
563483
558475
553451
548410
543354
538283
533198
528102
522992
517872
512740
507597
502442
497275
492096
486903
481695
476472
471235
465985
460721
455446
450159
444861
439552
434233
428904
423565
418218
412862
407500
402131
396759
391385
386009
380633
375257
369881
364506
359132
353761
348392
343026
337664
332305
326947
321592
316239
310889
305542
300196
294853
289513
284177
278846
273523
268212
262914
257631
252364
247111
241874
236654
231452
226270
221108
215968
210851
205759
200690
195647
190629
185634
180664
175722
170808
165925
161076
156261
151481
146737
142029
137357
132722
128124
123566
119046
114567
110126
105725
929385
927548
924808
921625
918245
914777
911272
907756
904238
900720
897200
893677
890148
886607
883049
879476
875896
872315
868733
865145
861547
857937
854313
850673
847018
843349
839666
835968
832253
828523
824777
821018
817247
813461
809662
805847
802018
798174
794312
790431
786530
782607
778663
774697
770710
766700
762668
758613
754536
750436
746312
742165
737995
733802
729586
725345
721083
716798
712492
708164
703817
699450
695063
690655
686226
681775
677302
672810
668299
663767
659214
654639
650043
645426
640787
636128
631447
626744
622019
617269
612496
607697
602873
598023
593149
588250
583330
578389
573428
568451
563457
558447
553420
548377
543319
538246
533160
528060
522949
517824
512688
507541
502382
497211
492027
486830
481619
476393
471154
465902
460637
455361
450073
444775
439466
434147
428819
423482
418137
412785
407426
402062
396694
391324
385952
380581
375209
369838
364468
359100
353735
348371
343009
337651
332294
326939
321586
316236
310888
305543
300200
294860
289523
284191
278864
273545
268238
262944
257666
252401
247150
241913
236693
231492
226311
221150
216012
210897
205806
200741
195701
190685
185691
180722
175779
170863
165979
161128
156311
151530
146784
142074
137401
132765
128167
123607
119086
114605
110161
105756
937436
934352
930604
926686
922758
918862
915011
911204
907436
903699
899987
896294
892612
888936
885256
881574
877893
874216
870542
866868
863189
859502
855805
852096
848376
844645
840903
837148
833381
829600
825808
822004
818189
814361
810521
806667
802800
798918
795021
791105
787170
783215
779240
775245
771229
767192
763134
759055
754953
750830
746685
742518
738329
734118
729884
725627
721350
717050
712730
708389
704028
699648
695249
690830
686391
681929
677446
672943
668422
663880
659318
654734
650129
645504
640857
636190
631501
626790
622055
617297
612516
607709
602877
598021
593141
588238
583314
578369
573406
568426
563430
558418
553389
548345
543284
538210
533121
528020
522905
517778
512639
507488
502325
497150
491962
486761
481547
476319
471078
465824
460558
455281
449994
444695
439386
434068
428741
423406
418063
412713
407358
401998
396635
391269
385902
380535
375168
369803
364438
359076
353715
348356
342999
337643
332289
326936
321586
316238
310892
305549
300209
294872
289540
284212
278891
273577
268275
262986
257711
252449
247198
241961
236742
231541
226361
221201
216065
210952
205863
200801
195764
190749
185757
180787
175843
170927
166041
161188
156370
151586
146839
142127
137453
132818
128220
123661
119140
114656
110210
105801
946224
940912
935923
931262
926812
922523
918358
914292
910302
906372
902491
898646
894829
891031
887243
883463
879691
875928
872174
868423
864672
860918
857156
853387
849610
845825
842031
838225
834410
830586
826751
822907
819052
815187
811309
807420
803518
799603
795674
791727
787762
783778
779775
775753
771711
767650
763568
759466
755343
751199
747035
742849
738643
734414
730164
725893
721601
717288
712954
708600
704227
699835
695424
690995
686544
682073
677580
673067
668536
663985
659414
654822
650209
645575
640921
636246
631549
626829
622086
617321
612531
607717
602879
598017
593132
588225
583297
578349
573384
568402
563404
558390
553359
548312
543250
538174
533083
527980
522863
517734
512592
507437
502271
497093
491902
486698
481481
476251
471008
465752
460486
455208
449920
444622
439314
433996
428670
423336
417996
412649
407297
401941
396582
391221
385859
380496
375135
369775
364416
359059
353703
348348
342993
337640
332288
326938
321589
316244
310901
305561
300224
294891
289563
284241
278926
273619
268322
263037
257766
252504
247254
242016
236797
231597
226417
221259
216125
211013
205926
200867
195832
190818
185827
180857
175912
170994
166106
161252
156432
151647
146899
142187
137513
132878
128282
123724
119203
114719
110271
105860
955182
946766
940584
935271
930380
925758
921326
917038
912860
908766
904737
900761
896825
892919
889035
885170
881321
877484
873658
869840
866027
862212
858394
854572
850746
846914
843073
839223
835366
831501
827629
823748
819858
815959
812048
808126
804193
800247
796288
792313
788321
784311
780283
776236
772171
768087
763983
759860
755717
751554
747372
743169
738946
734702
730436
726150
721844
717519
713172
708805
704419
700016
695594
691154
686693
682211
677709
673187
668646
664086
659506
654905
650284
645643
640981
636297
631592
626864
622113
617340
612543
607722
602877
598010
593120
588209
583278
578328
573360
568376
563376
558360
553327
548278
543214
538136
533044
527938
522819
517688
512543
507386
502217
497036
491841
486635
481415
476183
470938
465682
460415
455137
449849
444551
439243
433926
428602
423270
417931
412588
407240
401888
396533
391177
385820
380463
375107
369753
364400
359048
353696
348344
342992
337641
332291
326943
321597
316255
310915
305578
300245
294916
289594
284278
278970
273670
268380
263100
257830
252569
247318
242080
236860
231661
226483
221328
216195
211085
206001
200944
195910
190896
185905
180934
175987
171067
166178
161322
156501
151715
146966
142254
137582
132950
128356
123800
119281
114797
110348
105935
960678
951811
944898
939047
933769
928849
924175
919684
915331
911083
906918
902819
898773
894766
890791
886843
882920
879012
875118
871235
867361
863489
859618
855747
851873
847995
844109
840216
836317
832415
828507
824591
820667
816733
812789
808835
804871
800896
796908
792905
788886
784850
780797
776727
772638
768531
764406
760262
756099
751917
747717
743497
739258
734997
730716
726415
722095
717756
713396
709016
704618
700202
695768
691317
686846
682353
677841
673309
668759
664189
659599
654990
650360
645710
641040
636348
631634
626897
622138
617356
612552
607724
602874
598001
593107
588193
583258
578306
573336
568349
563347
558329
553294
548243
543177
538097
533003
527895
522774
517640
512493
507334
502163
496978
491781
486572
481350
476117
470871
465614
460346
455068
449780
444483
439176
433860
428537
423207
417872
412532
407188
401841
396491
391140
385789
380437
375087
369739
364392
359044
353695
348346
342996
337647
332299
326954
321612
316272
310935
305602
300273
294949
289632
284324
279023
273731
268446
263169
257901
252640
247387
242148
236930
231733
226557
221404
216275
211167
206085
201029
195994
190979
185985
181012
176063
171141
166250
161392
156570
151783
147034
142325
137657
133029
128439
123886
119368
114885
110436
106023
965024
956301
949071
942838
937233
932039
927133
922441
917910
913507
909203
904978
900817
896707
892638
888603
884598
880615
876651
872703
868764
864833
860906
856982
853059
849132
845199
841260
837319
833376
829430
825477
821516
817547
813568
809580
805584
801578
797559
793525
789478
785415
781337
777241
773128
768997
764849
760682
756498
752297
748078
743841
739584
735306
731008
726692
722357
718003
713629
709236
704823
700394
695948
691485
687002
682498
677975
673433
668872
664292
659693
655074
650435
645776
641096
636395
631672
626927
622159
617369
612558
607724
602867
597990
593092
588174
583237
578282
573310
568321
563317
558296
553260
548207
543139
538057
532961
527851
522728
517592
512444
507282
502109
496922
491723
486512
481289
476054
470807
465550
460282
455004
449717
444420
439114
433800
428479
423152
417820
412485
407145
401803
396459
391113
385767
380422
375078
369735
364392
359047
353700
348351
343003
337656
332311
326970
321631
316295
310961
305631
300305
294985
289672
284370
279076
273789
268507
263232
257965
252703
247449
242211
236994
231800
226628
221479
216353
211248
206168
201112
196073
191054
186055
181078
176126
171203
166310
161451
156626
151840
147093
142387
137725
133102
128517
123967
119451
114968
110520
106109
968742
960358
953052
946589
940731
935301
930183
925299
920597
916038
911593
907240
902962
898745
894577
890451
886360
882299
878260
874241
870236
866243
862259
858281
854306
850327
846343
842356
838371
834387
830401
826409
822409
818401
814386
810363
806333
802293
798241
794177
790099
786008
781902
777780
773642
769485
765312
761122
756916
752694
748456
744200
739924
735629
731313
726980
722629
718259
713871
709462
705036
700592
696133
691656
687161
682646
678112
673558
668987
664396
659786
655157
650507
645838
641149
636439
631707
626952
622176
617379
612560
607720
602858
597977
593076
588155
583215
578258
573283
568293
563286
558263
553225
548170
543100
538016
532918
527807
522682
517544
512394
507231
502056
496868
491667
486455
481231
475995
470748
465491
460223
454946
449659
444363
439060
433748
428430
423107
417779
412448
407114
401776
396437
391097
385756
380416
375078
369739
364399
359055
353708
348360
343013
337669
332328
326991
321656
316322
310990
305662
300339
295020
289709
284410
279121
273837
268556
263281
258014
252752
247498
242262
237048
231857
226690
221546
216424
211322
206244
201185
196141
191115
186110
181127
176173
171247
166353
161491
156666
151880
147135
142435
137779
133163
128583
124036
119521
115039
110591
106183
972110
964083
956830
950257
944224
938604
933301
928243
923379
918670
914087
909605
905208
900881
896611
892389
888209
884064
879946
875853
871779
867720
863675
859640
855609
851577
847541
843506
839475
835447
831418
827384
823343
819295
815241
811182
807116
803041
798956
794859
790751
786630
782495
778345
774179
769996
765796
761581
757352
753108
748849
744574
740279
735965
731631
727279
722910
718524
714120
709696
705255
700797
696323
691832
687323
682796
678250
673685
669102
664500
659878
655237
650577
645898
641199
636479
631737
626974
622189
617384
612559
607713
602847
597962
593058
588134
583192
578233
573256
568263
563254
558230
553189
548133
543062
537976
532876
527763
522636
517497
512345
507181
502005
496816
491614
486401
481176
475940
470694
465436
460169
454893
449608
444315
439014
433706
428392
423073
417749
412423
407093
401761
396427
391092
385757
380422
375087
369751
364411
359067
353720
348372
343027
337687
332350
327017
321684
316352
311021
305693
300369
295050
289739
284441
279152
273868
268585
263309
258041
252779
247527
242294
237084
231898
226737
221599
216482
211383
206305
201242
196192
191158
186145
181157
176198
171271
166375
161512
156685
151900
147159
142465
137817
133207
128632
124087
119572
115091
110644
106239
975266
967564
960425
953823
947683
941922
936466
931255
926242
921392
916675
912068
907552
903114
898740
894421
890148
885915
881715
877543
873395
869267
865157
861060
856970
852880
848791
844706
840628
836554
832481
828403
824319
820229
816134
812037
807934
803824
799703
795573
791431
787279
783115
778936
774740
770529
766301
762060
757807
753540
749259
744963
740648
736313
731960
727588
723201
718797
714375
709936
705479
701006
696516
692011
687488
682948
678389
673812
669216
664602
659968
655316
650644
645954
641244
636514
631764
626992
622200
617387
612556
607705
602835
597947
593039
588114
583169
578207
573229
568234
563223
558196
553154
548096
543023
537936
532835
527720
522592
517452
512299
507134
501956
496767
491565
486351
481126
475891
470644
465388
460122
454847
449565
444275
438977
433674
428365
423051
417732
412410
407086
401758
396429
391099
385768
380437
375104
369768
364427
359082
353734
348388
343046
337709
332376
327046
321714
316381
311049
305719
300393
295070
289756
284456
279166
273879
268591
263312
258044
252783
247535
242305
237100
231919
226764
221633
216521
211425
206346
201279
196222
191180
186159
181165
176202
171274
166377
161512
156684
151901
147165
142477
137835
133232
128661
124118
119603
115121
110676
106274
978288
970868
963866
957286
951092
945232
939655
934314
929170
924190
919346
914618
909988
905440
900962
896543
892176
887853
883568
879314
875089
870887
866707
862543
858389
854240
850095
845958
841829
837707
833586
829462
825333
821199
817064
812927
808786
804638
800481
796315
792140
787955
783759
779549
775324
771082
766825
762557
758278
753987
749683
745365
741029
736673
732298
727907
723500
719077
714638
710181
705709
701219
696714
692193
687655
683100
678528
673938
669329
664702
660056
655391
650708
646007
641287
636547
631787
627007
622208
617389
612552
607696
602823
597931
593021
588093
583147
578183
573202
568204
563192
558163
553119
548060
542986
537897
532795
527680
522551
517409
512255
507089
501911
496722
491520
486306
481081
475846
470601
465346
460082
454810
449531
444245
438953
433655
428351
423042
417729
412411
407091
401768
396443
391116
385789
380459
375126
369789
364446
359099
353752
348407
343068
337735
332405
327075
321742
316406
311070
305737
300406
295077
289758
284454
279161
273868
268574
263291
258022
252765
247520
242295
237094
231918
226769
221644
216536
211443
206364
201293
196230
191181
186153
181153
176187
171257
166359
161493
156665
151884
147152
142470
137835
133237
128670
124128
119613
115130
110685
106288
981221
974041
967180
960651
954440
948518
942851
937404
932146
927049
922089
917247
912506
907850
903270
898753
894291
889878
885505
881168
876862
872584
868329
864093
859872
855659
851456
847262
843080
838905
834733
830559
826383
822205
818027
813849
809668
805481
801286
797085
792874
788655
784425
780183
775925
771653
767367
763070
758764
754447
750120
745778
741419
737041
732645
728232
723805
719363
714905
710431
705941
701435
696914
692376
687823
683253
678667
674063
669441
664801
660142
655465
650770
646057
641327
636578
631810
627022
622215
617390
612548
607688
602811
597917
593004
588073
583125
578159
573176
568176
563162
558132
553086
548026
542950
537861
532758
527641
522512
517370
512215
507049
501871
496681
491479
486266
481043
475808
470565
465312
460051
454783
449508
444228
438941
433649
428351
423047
417738
412425
407108
401788
396466
391142
385816
380486
375151
369811
364466
359119
353772
348430
343094
337763
332433
327101
321764
316423
311081
305743
300405
295068
289741
284432
279134
273837
268537
263250
257979
252726
247487
242267
237068
231895
226750
221630
216526
211436
206356
201282
196214
191160
186128
181124
176156
171224
166325
161458
156631
151852
147124
142448
137818
133225
128660
124119
119604
115121
110677
106282
984091
977116
970389
963926
957725
951770
946039
940508
935154
929954
924889
919941
915095
910337
905656
901042
896487
891983
887523
883101
878714
874357
870025
865716
861424
857145
852878
848625
844384
840151
835923
831697
827472
823246
819023
814801
810578
806350
802116
797876
793630
789374
785109
780833
776544
772239
767923
763597
759263
754920
750567
746200
741818
737417
732998
728563
724115
719652
715176
710684
706177
701654
697115
692561
687991
683406
678805
674187
669551
664898
660226
655537
650831
646108
641367
636609
631833
627038
622225
617394
612547
607683
602802
597904
592988
588055
583104
578136
573151
568150
563134
558102
553055
547993
542917
537827
532724
527607
522477
517334
512180
507013
501835
496646
491445
486233
481010
475778
470536
465287
460030
454767
449498
444223
438943
433657
428365
423066
417761
412451
407136
401818
396498
391174
385848
380516
375177
369834
364487
359140
353795
348456
343121
337790
332457
327121
321777
316428
311080
305735
300388
295042
289707
284391
279089
273788
268484
263193
257922
252671
247438
242222
237026
231853
226709
221592
216491
211403
206324
201248
196178
191121
186086
181081
176111
171178
166279
161412
156586
151809
147083
142411
137785
133196
128634
124094
119579
115096
110653
106262
986914
980114
973512
967122
960946
954978
949205
943611
938179
932892
927733
922688
917744
912889
908112
903403
898756
894162
889615
885109
880640
876203
871794
867410
863045
858698
854366
850049
845745
841451
837164
832882
828604
824328
820056
815787
811517
807245
802970
798690
794404
790111
785809
781498
777174
772838
768491
764135
759772
755401
751021
746629
742222
737797
733355
728899
724429
719945
715449
710939
706414
701873
697317
692746
688160
683559
678943
674310
669661
664995
660311
655610
650893
646160
641410
636643
631859
627057
622237
617401
612549
607680
602796
597894
592975
588039
583086
578116
573129
568126
563108
558075
553027
547965
542888
537797
532693
527576
522446
517304
512149
506983
501806
496617
491416
486206
480985
475755
470518
465272
460021
454763
449500
444233
438959
433679
428391
423096
417794
412486
407172
401855
396534
391210
385880
380545
375202
369856
364508
359161
353819
348481
343146
337812
332475
327131
321779
316422
311066
305712
300357
295002
289659
284336
279029
273725
268419
263126
257855
252607
247379
242167
236970
231796
226651
221534
216434
211347
206269
201193
196122
191066
186033
181029
176059
171125
166225
161359
156534
151758
147035
142365
137741
133154
128594
124055
119541
115061
110621
106234
989700
983052
976563
970246
964106
958140
952342
946701
941207
935846
930605
925474
920440
915494
910625
905826
901089
896407
891774
887185
882634
878117
873631
869171
864734
860317
855918
851534
847165
842808
838460
834120
829785
825456
821132
816811
812492
808172
803851
799527
795199
790866
786525
782177
777819
773451
769072
764686
760293
755892
751484
747065
742632
738183
733718
729239
724747
720242
715725
711196
706653
702094
697521
692933
688331
683714
679083
674436
669773
665094
660399
655687
650959
646216
641457
636682
631890
627082
622256
617414
612556
607683
602794
597888
592966
588027
583071
578098
573109
568105
563085
558051
553003
547940
542862
537772
532668
527550
522421
517279
512124
506959
501782
496594
491395
486186
480969
475743
470510
465270
460024
454773
449517
444256
438988
433713
428429
423137
417836
412528
407215
401897
396574
391246
385912
380571
375225
369876
364527
359181
353839
348501
343164
337826
332483
327132
321771
316403
311038
305676
300314
294951
289600
284270
278959
273653
268348
263055
257784
252540
247315
242103
236906
231729
226580
221459
216358
211272
206195
201120
196052
190999
185970
180970
176003
171069
166168
161303
156478
151703
146980
142311
137688
133102
128544
124007
119496
115019
110586
106205
992227
985701
979306
973055
966953
960999
955191
949522
943984
938568
933264
928063
922956
917933
912986
908109
903293
898534
893824
889159
884534
879945
875387
870859
866355
861873
857410
852965
848536
844119
839715
835319
830931
826550
822175
817805
813437
809071
804705
800338
795969
791595
787217
782833
778441
774041
769632
765216
760793
756364
751928
747482
743023
738551
734065
729565
725051
720527
715990
711443
706882
702307
697717
693113
688495
683864
679218
674558
669883
665193
660486
655765
651028
646276
641508
636725
631926
627111
622279
617431
612568
607690
602796
597887
592961
588018
583059
578084
573094
568088
563067
558032
552983
547919
542842
537751
532647
527530
522401
517259
512105
506940
501765
496578
491382
486177
480963
475742
470515
465281
460042
454797
449547
444290
439027
433755
428473
423182
417882
412573
407259
401938
396611
391278
385938
380593
375244
369893
364543
359196
353853
348512
343171
337828
332481
327123
321754
316376
311000
305631
300262
294894
289538
284202
278886
273579
268276
262985
257716
252474
247251
242038
236837
231656
226502
221374
216269
211182
206107
201035
195972
190925
185902
180909
175946
171013
166112
161246
156422
151647
146924
142253
137630
133043
128486
123952
119446
114977
110552
106180
994711
988291
981982
975793
969730
963793
957982
952293
946721
941260
935902
930640
925466
920373
915354
910403
905513
900678
895894
891156
886459
881799
877172
872575
868004
863457
858932
854425
849936
845461
840999
836548
832106
827673
823247
818826
814410
809997
805585
801174
796762
792347
787930
783508
779081
774647
770206
765759
761306
756847
752382
747908
743423
738927
734418
729897
725363
720818
716262
711695
707116
702524
697918
693298
688666
684020
679361
674687
670000
665298
660581
655850
651103
646342
641567
636776
631970
627147
622309
617456
612587
607704
602805
597891
592961
588015
583053
578076
573083
568076
563054
558019
552969
547905
542828
537737
532633
527516
522387
517246
512094
506930
501756
496572
491380
486180
480971
475757
470535
465308
460074
454835
449589
444336
439075
433804
428524
423233
417931
412621
407303
401978
396645
391305
385960
380612
375260
369907
364555
359206
353859
348513
343167
337820
332468
327107
321730
316344
310957
305579
300206
294836
289476
284136
278816
273509
268209
262920
257655
252415
247192
241977
236771
231583
226422
221286
216175
211086
206011
200943
195886
190847
185834
180848
175890
170960
166059
161192
156368
151592
146867
142195
137569
132982
128426
123896
119397
114937
110524
106164
997513
991198
984974
978849
972827
966912
961103
955399
949797
944292
938881
933557
928314
923148
918052
913022
908051
903135
898269
893449
888671
883931
879225
874551
869905
865284
860687
856110
851551
847009
842482
837968
833464
828971
824486
820009
815537
811069
806605
802143
797682
793220
788757
784292
779823
775350
770872
766388
761899
757406
752906
748399
743884
739359
734823
730277
725719
721151
716573
711985
707385
702773
698149
693512
688863
684201
679527
674839
670138
665423
660695
655952
651195
646424
641639
636839
632024
627195
622349
617489
612614
607725
602821
597902
592967
588017
583053
578073
573078
568069
563047
558010
552960
547896
542819
537728
532625
527509
522380
517241
512090
506928
501758
496579
491392
486198
480997
475789
470574
465353
460125
454889
449645
444393
439132
433862
428581
423288
417984
412670
407346
402014
396673
391326
385977
380625
375271
369917
364562
359207
353855
348503
343151
337800
332445
327080
321699
316304
310908
305522
300146
294776
289416
284074
278751
273443
268145
262859
257596
252359
247136
241918
236706
231512
226342
221198
216080
210986
205910
200847
195797
190768
185765
180788
175836
170908
166008
161140
156315
151539
146811
142136
137508
132919
128364
123840
119350
114902
110505
106160
1.00064e+06
994423
988281
982220
976243
970352
964550
958835
953207
947664
942201
936817
931507
926267
921092
915978
910922
905919
900965
896056
891189
886361
881569
876809
872078
867374
862696
858039
853403
848785
844184
839597
835024
830462
825911
821368
816833
812305
807781
803262
798745
794229
789714
785199
780683
776164
771642
767117
762587
758053
753514
748970
744419
739861
735294
730718
726133
721539
716935
712322
707699
703065
698419
693763
689095
684415
679724
675020
670303
665574
660831
656076
651307
646524
641728
636918
632094
627255
622402
617534
612653
607757
602847
597922
592983
588029
583061
578078
573081
568071
563047
558010
552959
547895
542818
537728
532625
527510
522384
517246
512098
506941
501776
496605
491427
486241
481049
475848
470638
465421
460194
454959
449714
444461
439197
433925
428642
423347
418037
412715
407382
402040
396691
391338
385985
380631
375275
369920
364561
359200
353840
348481
343124
337768
332411
327043
321657
316256
310853
305462
300084
294716
289358
284016
278690
273381
268084
262800
257539
252304
247081
241860
236645
231444
226266
221114
215989
210889
205811
200750
195707
190689
185696
180728
175782
170857
165958
161090
156265
151487
146758
142078
137447
132858
128305
123787
119308
114874
110494
106167
1.00407e+06
997951
991887
985887
979953
974089
968297
962576
956927
951349
945841
940400
935024
929711
924457
919260
914116
909022
903975
898973
894012
889089
884203
879349
874526
869731
864962
860218
855495
850793
846109
841442
836790
832152
827526
822911
818305
813708
809118
804534
799954
795378
790806
786235
781664
777094
772522
767949
763374
758795
754213
749627
745037
740441
735838
731229
726612
721987
717355
712713
708063
703404
698735
694056
689367
684667
679955
675233
670499
665752
660994
656224
651441
646646
641837
637016
632181
627333
622471
617595
612706
607803
602886
597956
593011
588053
583081
578095
573096
568084
563059
558021
552970
547906
542829
537740
532640
527527
522404
517271
512129
506978
501823
496662
491494
486318
481132
475936
470729
465510
460281
455042
449793
444535
439268
433992
428704
423400
418081
412748
407404
402053
396698
391341
385985
380629
375272
369915
364551
359184
353817
348452
343089
337728
332365
326993
321603
316198
310792
305399
300022
294657
289302
283961
278635
273324
268027
262743
257482
252247
247025
241804
236586
231381
226198
221040
215908
210802
205721
200661
195624
190614
185631
180670
175729
170808
165910
161043
156217
151440
146708
142025
137392
132803
128252
123742
119274
114855
110493
106185
1.00778e+06
1.00174e+06
995750
989805
983913
978075
972294
966570
960905
955297
949748
944255
938818
933436
928106
922826
917595
912411
907270
902172
897113
892092
887106
882153
877232
872339
867474
862634
857818
853024
848249
843494
838756
834033
829325
824630
819946
815274
810610
805955
801307
796664
792027
787394
782764
778136
773509
768883
764257
759629
755000
750369
745735
741097
736455
731808
727156
722497
717832
713160
708480
703793
699097
694393
689679
684956
680223
675479
670725
665961
661185
656399
651601
646791
641969
637135
632289
627430
622558
617674
612776
607866
602942
598006
593056
588093
583117
578129
573127
568113
563087
558049
552998
547936
542861
537776
532679
527571
522454
517328
512193
507053
501909
496759
491600
486432
481250
476054
470842
465617
460379
455132
449876
444610
439336
434052
428754
423438
418105
412761
407408
402051
396692
391333
385975
380616
375258
369898
364530
359157
353783
348412
343043
337675
332306
326929
321536
316131
310726
305335
299960
294599
289248
283909
278583
273271
267973
262688
257425
252190
246968
241748
236530
231323
226138
220977
215840
210729
205644
200584
195552
190548
185569
180615
175678
170760
165865
160999
156174
151398
146666
141980
137345
132757
128210
123706
119250
114844
110499
106210
1.01169e+06
1.00572e+06
999789
993894
988039
982225
976456
970731
965053
959421
953836
948298
942806
937360
931959
926603
921289
916017
910785
905592
900436
895316
890230
885176
880153
875160
870194
865254
860340
855448
850578
845729
840898
836085
831289
826508
821741
816987
812244
807512
802789
798075
793368
788668
783973
779282
774596
769912
765230
760549
755869
751188
746507
741824
737139
732451
727759
723063
718363
713657
708945
704227
699502
694770
690030
685282
680525
675759
670984
666200
661406
656602
651787
646962
642125
637278
632419
627549
622666
617772
612866
607948
603018
598075
593120
588153
583174
578182
573180
568166
563140
558104
553056
547998
542929
537850
532761
527662
522554
517437
512312
507183
502050
496908
491755
486587
481402
476197
470974
465736
460486
455225
449955
444678
439391
434094
428781
423450
418104
412749
407390
402028
396666
391305
385945
380586
375227
369864
364493
359114
353733
348355
342979
337605
332231
326849
321457
316055
310655
305268
299897
294540
289194
283858
278534
273222
267922
262635
257369
252131
246908
241689
236474
231269
226085
220923
215783
210667
205579
200519
195489
190488
185512
180561
175628
170714
165821
160958
156134
151361
146630
141943
137307
132719
128176
123680
119233
114840
110511
106241
1.01565e+06
1.00975e+06
1.00386e+06
998011
992188
986396
980638
974914
969226
963574
957959
952382
946843
941342
935879
930453
925064
919711
914394
909112
903864
898649
893467
888315
883193
878100
873034
867995
862981
857991
853024
848079
843154
838249
833362
828492
823638
818800
813975
809162
804362
799572
794793
790022
785259
780503
775753
771008
766268
761531
756797
752064
747334
742603
737872
733141
728408
723672
718934
714192
709447
704696
699941
695179
690412
685638
680856
676067
671270
666465
661651
656828
651996
647154
642303
637441
632570
627688
622795
617892
612977
608052
603115
598167
593208
588238
583258
578267
573267
568257
563237
558208
553169
548121
543064
537997
532921
527835
522739
517630
512512
507387
502256
497113
491955
486778
481579
476356
471113
465852
460578
455294
450002
444704
439400
434088
428761
423420
418066
412705
407341
401976
396610
391246
385885
380526
375168
369804
364430
359045
353657
348273
342892
337514
332137
326757
321370
315975
310583
305202
299836
294483
289142
283811
278489
273177
267876
262586
257316
252073
246848
241630
236418
231217
226036
220874
215733
210616
205524
200463
195434
190433
185459
180509
175579
170669
165780
160920
156100
151329
146601
141912
137277
132690
128151
123661
119223
114842
110527
106274
1.01861e+06
1.01274e+06
1.00689e+06
1.00107e+06
995265
989488
983738
978015
972322
966659
961027
955427
949858
944321
938818
933346
927908
922501
917127
911785
906473
901193
895943
890721
885529
880364
875227
870115
865029
859967
854928
849911
844916
839941
834986
830049
825129
820225
815337
810464
805604
800756
795920
791095
786279
781472
776672
771880
767094
762313
757537
752764
747994
743227
738460
733695
728929
724162
719394
714625
709852
705076
700296
695512
690723
685928
681128
676320
671506
666685
661855
657018
652173
647319
642456
637584
632703
627813
622913
618004
613085
608156
603216
598267
593309
588341
583366
578382
573391
568392
563384
558367
553342
548307
543264
538209
533142
528060
522962
517847
512719
507581
502436
497279
492105
486910
481691
476445
471173
465882
460578
455268
449957
444644
439330
434011
428682
423342
417990
412631
407269
401903
396536
391170
385807
380447
375086
369721
364345
358957
353568
348181
342801
337423
332046
326671
321293
315908
310524
305148
299786
294437
289100
283772
278452
273140
267837
262546
257273
252024
246796
241578
236369
231172
225993
220832
215692
210575
205482
200417
195387
190384
185409
180461
175533
170626
165741
160885
156067
151300
146574
141886
137250
132664
128128
123643
119214
114842
110540
106304
1.02052e+06
1.01467e+06
1.00884e+06
1.00303e+06
997244
991476
985732
980012
974317
968648
963006
957392
951807
946250
940722
935225
929756
924318
918909
913530
908181
902860
897568
892304
887067
881858
876675
871517
866385
861277
856192
851130
846089
841069
836069
831088
826126
821180
816251
811337
806438
801552
796679
791817
786966
782125
777293
772470
767653
762843
758039
753239
748443
743650
738860
734072
729284
724497
719709
714920
710130
705337
700541
695742
690938
686130
681317
676498
671673
666841
662002
657155
652302
647440
642571
637693
632808
627914
623012
618101
613182
608254
603317
598372
593418
588458
583490
578517
573536
568549
563553
558546
553528
548500
543458
538402
533328
528235
523121
517990
512843
507685
502521
497347
492158
486946
481709
476444
471151
465836
460511
455184
449863
444546
439232
433915
428593
423261
417917
412564
407205
401840
396473
391105
385740
380376
375012
369646
364269
358883
353494
348110
342732
337356
331981
326611
321240
315864
310485
305113
299754
294407
289072
283746
278427
273114
267811
262519
257243
251991
246760
241542
236334
231140
225962
220801
215663
210548
205454
200385
195352
190347
185371
180423
175497
170593
165711
160858
156043
151279
146555
141866
137231
132646
128112
123632
119208
114844
110554
106335
1.02187e+06
1.01604e+06
1.01022e+06
1.00442e+06
998644
992883
987143
981425
975729
970056
964408
958786
953189
947619
942076
936561
931073
925613
920181
914777
909401
904053
898732
893438
888172
882931
877717
872527
867363
862222
857105
852010
846937
841886
836854
831842
826849
821873
816914
811972
807044
802131
797231
792343
787467
782602
777747
772900
768062
763230
758406
753586
748771
743961
739153
734348
729544
724742
719940
715137
710334
705529
700722
695912
691099
686282
681460
676633
671801
666962
662117
657266
652408
647543
642670
637791
632904
628010
623109
618201
613285
608362
603431
598492
593545
588590
583629
578662
573687
568704
563711
558704
553683
548647
543595
538527
533439
528328
523196
518044
512875
507694
502512
497325
492124
486903
481657
476380
471074
465745
460409
455079
449758
444446
439138
433828
428514
423190
417853
412506
407150
401787
396419
391051
385683
380317
374951
369584
364209
358825
353439
348057
342682
337308
331936
326568
321203
315832
310458
305089
299731
294385
289051
283725
278407
273095
267791
262500
257223
251967
246735
241516
236308
231116
225939
220777
215640
210527
205434
200363
195325
190317
185340
180392
175468
170566
165687
160837
156024
151262
146539
141851
137217
132633
128101
123624
119205
114848
110567
106364
1.02282e+06
1.017e+06
1.01119e+06
1.0054e+06
999629
993873
988136
982419
976723
971048
965396
959768
954164
948586
943032
937505
932004
926529
921081
915661
910267
904899
899559
894245
888957
883695
878459
873247
868060
862897
857757
852639
847544
842470
837416
832382
827367
822370
817390
812427
807479
802546
797627
792721
787827
782945
778073
773210
768356
763509
758670
753837
749008
744185
739365
734547
729732
724919
720106
715294
710482
705668
700854
696037
691218
686396
681570
676739
671903
667061
662214
657361
652502
647636
642763
637884
632997
628105
623206
618302
613391
608473
603545
598609
593662
588707
583746
578777
573799
568812
563811
558794
553761
548712
543647
538567
533464
528337
523188
518018
512832
507637
502443
497248
492041
486816
481564
476284
470974
465645
460310
454984
449671
444367
439066
433763
428454
423135
417802
412458
407105
401743
396376
391008
385639
380272
374906
369538
364165
358785
353402
348022
342648
337276
331905
326539
321175
315808
310439
305071
299714
294368
289034
283709
278391
273080
267777
262486
257208
251951
246717
241497
236289
231099
225921
220759
215623
210512
205421
200346
195304
190294
185315
180367
175445
170545
165668
160820
156010
151248
146527
141840
137206
132623
128093
123618
119203
114852
110578
106390
1.02348e+06
1.01767e+06
1.01187e+06
1.00608e+06
1.00032e+06
994563
988828
983112
977415
971739
966085
960453
954845
949260
943700
938164
932654
927170
921711
916279
910873
905493
900139
894811
889508
884232
878980
873753
868550
863371
858215
853082
847971
842881
837812
832762
827732
822720
817725
812748
807786
802839
797907
792988
788082
783187
778303
773429
768564
763707
758857
754014
749177
744343
739515
734689
729866
725045
720225
715406
710587
705768
700949
696129
691307
686483
681656
676825
671989
667148
662300
657448
652589
647723
642849
637967
633079
628184
623286
618384
613476
608560
603633
598694
593743
588782
583813
578834
573845
568846
563832
558802
553759
548701
543625
538534
533420
528282
523123
517943
512748
507548
502350
497150
491940
486712
481460
476183
470880
465558
460232
454914
449609
444312
439016
433716
428410
423093
417763
412421
407069
401709
396344
390976
385608
380242
374875
369507
364135
358757
353376
347998
342625
337253
331884
326519
321155
315790
310424
305058
299701
294356
289022
283697
278379
273068
267766
262476
257198
251940
246704
241483
236275
231086
225908
220746
215610
210500
205411
200334
195289
190277
185296
180348
175427
170528
165653
160807
155999
151237
146517
141831
137197
132615
128086
123614
119202
114855
110588
106414
1.02393e+06
1.01813e+06
1.01233e+06
1.00655e+06
1.00079e+06
995035
989302
983586
977890
972213
966557
960923
955311
949723
944158
938617
933101
927610
922144
916704
911290
905901
900538
895201
889888
884602
879340
874102
868889
863699
858532
853388
848266
843165
838085
833025
827984
822962
817957
812970
807998
803042
798101
793173
788258
783355
778463
773581
768709
763844
758988
754138
749293
744454
739619
734787
729959
725132
720307
715483
710659
705837
701017
696196
691375
686553
681727
676898
672064
667223
662375
657520
652658
647788
642909
638022
633128
628231
623332
618432
613525
608609
603679
598733
593772
588801
583819
578827
573828
568818
563792
558754
553703
548640
543560
538461
533338
528194
523032
517851
512656
507455
502255
497056
491846
486620
481372
476101
470807
465494
460177
454867
449568
444275
438983
433685
428378
423062
417734
412393
407043
401684
396320
390954
385588
380222
374855
369486
364115
358738
353359
347982
342608
337238
331869
326504
321139
315775
310412
305048
299691
294346
289012
283687
278370
273060
267759
262469
257191
251933
246696
241473
236265
231076
225898
220736
215600
210491
205403
200326
195277
190264
185282
180334
175413
170516
165642
160798
155990
151229
146508
141824
137191
132610
128082
123611
119201
114857
110595
106434
1.02423e+06
1.01843e+06
1.01264e+06
1.00686e+06
1.0011e+06
995351
989619
983904
978207
972530
966873
961238
955624
950033
944465
938920
933400
927905
922435
916990
911570
906175
900806
895462
890144
884850
879581
874337
869116
863919
858745
853594
848465
843356
838269
833202
828154
823124
818113
813119
808141
803179
798231
793298
788377
783468
778571
773684
768806
763937
759076
754222
749373
744529
739689
734854
730022
725191
720363
715535
710709
705885
701064
696244
691426
686606
681783
676955
672120
667276
662424
657563
652695
647819
642934
638043
633146
628248
623349
618447
613538
608617
603679
598723
593754
588774
583781
578779
573773
568757
563726
558683
553627
548562
543479
538376
533252
528106
522945
517766
512574
507375
502176
496977
491770
486548
481305
476041
470754
465450
460140
454836
449540
444250
438960
433663
428356
423039
417711
412372
407022
401665
396303
390939
385574
380210
374843
369473
364101
358725
353347
347970
342597
337226
331858
326493
321127
315763
310402
305040
299684
294339
289005
283680
278363
273054
267753
262464
257186
251927
246689
241466
236258
231068
225890
220729
215592
210484
205396
200319
195270
190255
185272
180322
175403
170507
165634
160791
155984
151222
146502
141819
137187
132606
128078
123608
119200
114859
110601
106450
1.02443e+06
1.01863e+06
1.01284e+06
1.00706e+06
1.0013e+06
995554
989823
984108
978412
972734
967077
961440
955825
950232
944662
939116
933594
928095
922622
917174
911750
906352
900979
895631
890308
885011
879737
874488
869263
864062
858883
853727
848593
843480
838388
833315
828263
823229
818213
813215
808233
803267
798315
793378
788454
783542
778641
773750
768870
763998
759134
754277
749425
744578
739736
734898
730064
725231
720400
715571
710743
705918
701095
696275
691459
686641
681818
676988
672149
667299
662441
657575
652703
647823
642933
638038
633141
628241
623340
618436
613521
608594
603650
598687
593710
588724
583727
578724
573714
568693
563659
558612
553555
548490
543405
538300
533177
528034
522876
517700
512511
507315
502116
496918
491714
486495
481258
476000
470719
465421
460116
454815
449521
444231
438942
433646
428339
423022
417694
412355
407007
401652
396292
390929
385565
380202
374835
369465
364092
358716
353339
347962
342589
337218
331850
326484
321118
315755
310394
305034
299679
294334
288999
283674
278358
273050
267749
262460
257183
251924
246685
241461
236253
231063
225885
220724
215587
210478
205391
200314
195265
190249
185264
180314
175396
170500
165628
160786
155979
151217
146497
141816
137184
132603
128076
123606
119200
114860
110604
106462
1.02455e+06
1.01875e+06
1.01296e+06
1.00719e+06
1.00142e+06
995677
989946
984232
978536
972858
967200
961563
955947
950353
944782
939234
933711
928211
922736
917285
911860
906459
901084
895734
890408
885108
879832
874580
869352
864148
858966
853807
848670
843554
838459
833384
828329
823292
818273
813272
808288
803320
798366
793427
788501
783586
778683
773791
768909
764037
759171
754311
749457
744609
739766
734926
730090
725256
720424
715593
710764
705939
701116
696295
691476
686656
681831
676996
672153
667299
662437
657568
652692
647811
642922
638026
633127
628225
623320
618412
613493
608560
603612
598647
593669
588680
583679
578675
573664
568641
563607
558560
553501
548435
543348
538244
533123
527983
522828
517655
512469
507274
502076
496878
491675
486459
481226
475973
470696
465402
460101
454800
449507
444218
438929
433634
428327
423009
417681
412343
406997
401643
396284
390922
385560
380197
374831
369460
364086
358710
353333
347956
342583
337212
331844
326478
321113
315750
310389
305030
299676
294331
288996
283670
278355
273047
267747
262458
257181
251921
246682
241457
236249
231059
225882
220721
215584
210474
205387
200310
195261
190245
185259
180308
175390
170496
165624
160782
155976
151213
146493
141813
137182
132601
128074
123605
119199
114860
110607
106471
1.02461e+06
1.01881e+06
1.01303e+06
1.00725e+06
1.00149e+06
995744
990013
984299
978602
972925
967267
961629
956013
950419
944847
939298
933774
928273
922797
917345
911919
906517
901141
895789
890462
885160
879883
874630
869400
864194
859011
853851
848712
843594
838498
833421
828363
823325
818305
813303
808317
803348
798394
793453
788526
783610
778706
773814
768931
764058
759193
754333
749478
744629
739785
734945
730109
725274
720442
715611
710782
705955
701130
696306
691484
686661
681833
676995
672148
667293
662429
657559
652682
647798
642907
638011
633112
628208
623300
618389
613467
608532
603582
598617
593638
588648
583647
578642
573630
568607
563573
558526
553466
548398
543311
538208
533089
527952
522798
517629
512444
507250
502052
496853
491651
486436
481206
475956
470682
465391
460091
454792
449498
444209
438920
433626
428319
423001
417673
412336
406990
401637
396279
390918
385556
380194
374827
369456
364083
358706
353329
347953
342580
337209
331840
326474
321109
315746
310386
305027
299674
294329
288993
283668
278353
273045
267745
262456
257179
251919
246680
241455
236247
231057
225879
220718
215581
210471
205384
200308
195259
190243
185256
180303
175386
170492
165621
160780
155974
151211
146491
141812
137181
132600
128072
123604
119198
114861
110608
106477
1.02464e+06
1.01884e+06
1.01305e+06
1.00728e+06
1.00152e+06
995771
990040
984326
978629
972952
967294
961656
956039
950445
944873
939324
933799
928298
922822
917370
911943
906541
901164
895812
890484
885182
879904
874650
869420
864213
859030
853868
848729
843611
838513
833436
828378
823339
818318
813315
808329
803358
798404
793463
788534
783618
778714
773820
768938
764064
759198
754338
749483
744633
739789
734949
730112
725277
720445
715614
710784
705957
701131
696306
691482
686658
681828
676989
672141
667284
662421
657551
652673
647790
642899
638003
633103
628198
623289
618375
613452
608516
603566
598601
593623
588632
583632
578626
573613
568589
563556
558509
553448
548379
543293
538190
533072
527936
522784
517616
512433
507239
502040
496841
491639
486425
481196
475948
470675
465385
460087
454788
449494
444205
438916
433622
428315
422997
417669
412332
406987
401634
396277
390916
385554
380192
374826
369455
364081
358705
353327
347951
342578
337207
331839
326472
321107
315744
310384
305026
299672
294328
288992
283666
278351
273044
267744
262456
257179
251919
246679
241454
236246
231056
225878
220718
215580
210470
205382
200307
195258
190242
185254
180301
175384
170491
165620
160778
155973
151210
146489
141811
137180
132599
128072
123603
119198
114860
110609
106478
102645
98674.4
94529.1
90241.6
85825.7
81291.9
76650.2
71909.6
67080.6
62178.1
57216.3
52201.9
47147
42083.2
37053.9
32094.2
27236.6
22526.7
18021.6
13791.6
9920.46
6503.55
3638.12
1485.25
198.62
102506
98528.6
94384.1
90099
85686.6
81156.6
76519.2
71783.1
66958.7
62061.6
57104.9
52094.3
47043.3
41984.2
36960.4
32006.7
27155.9
22453.4
17956.1
13734.4
9872.07
6464.18
3609.09
1466.86
192.555
102383
98382.3
94231.6
89945.9
85535.7
81009.4
76376.4
71645
66826.2
61935.2
56983.8
51977.2
46929.8
41874.7
36855.9
31908.6
27065.1
22370.9
17882.6
13670.1
9817.77
6420.07
3576.87
1447.08
186.277
102280
98254.6
94094.7
89806.3
85396.8
80873.3
76244.3
71517.4
66703.8
61818.4
56871.4
51867.7
46823.1
41771.1
36756.5
31814.8
26978.4
22292.2
17812.4
13608.7
9765.92
6377.93
3546.09
1428.05
180.572
102193
98145.6
93974.7
89682.2
85272.1
80750.9
76125.6
71402.8
66594
61713.4
56769.7
51767.9
46724.8
41674.8
36663.4
31726.7
26896.8
22218.1
17746.4
13551
9717.3
6338.37
3517.2
1410.25
175.523
102118
98050.3
93868.1
89570.6
85159.3
80639.7
76017.4
71298.5
66493.9
61617.3
56675.8
51675
46632.9
41584.4
36575.7
31643.5
26819.6
22148
17684
13496.7
9671.43
6301.02
3489.84
1393.44
171.015
102052
97967
93774.1
89471.3
85058.1
80539.7
75919.8
71204
66403.1
61529.6
56589.5
51589
46547.4
41500
36493.5
31565.4
26747.1
22082.1
17625.6
13445.8
9628.57
6266.11
3464.22
1377.73
167.015
101992
97893
93690.1
89382
84966.7
80448.5
75830.4
71117
66319
61447.7
56508.3
51507.7
46466.7
41420.5
36416.4
31492
26679
22020.3
17570.8
13398.4
9588.62
6233.58
3440.26
1362.98
163.48
101939
97826.3
93614.1
89300.6
84882.7
80364.3
75747.1
71035.6
66239.8
61369.9
56430.8
51430.2
46389.9
41345.5
36343.9
31423.3
26615.2
21962.4
17519.7
13354.4
9551.63
6203.48
3417.99
1349.17
160.379
101889
97765.4
93544.3
89225
84803.9
80284.6
75667.8
70957.4
66163.1
61293.9
56355
51354.8
46315.9
41273.9
36275.5
31358.8
26555.5
21908.4
17472.2
13313.8
9517.51
6175.72
3397.4
1336.28
157.682
101844
97709.5
93479.2
89153.7
84728.6
80207.6
75590.4
70880.5
66087
61218.3
56279.8
51280.5
46243.8
41205.4
36210.9
31298.4
26499.9
21858.3
17428.2
13276.4
9486.23
6150.24
3378.44
1324.3
155.364
101802
97657.3
93417.9
89085.5
84655.8
80131.9
75513.5
70803.4
66010.3
61141.9
56204
51206.5
46173
41139.3
36149.7
31241.8
26448.2
21812
17387.8
13242.2
9457.75
6127.01
3361.1
1313.21
153.403
101763
97607.8
93359.5
89019.7
84584.5
80056.8
75436.2
70725.3
65932.2
61064.1
56127.4
51132.3
46103.4
41075.5
36091.7
31188.9
26400.3
21769.4
17350.9
13211.3
9432.1
6106.07
3345.45
1303.08
151.782
101724
97560
93303.2
88955.8
84514.6
79982.1
75358.5
70646.2
65852.6
60985
56049.7
51058.1
46034.8
41013.9
36036.6
31139.5
26356.1
21730.4
17317.4
13183.6
9409.34
6087.47
3331.55
1293.97
150.482
101685
97513
93248.4
88893.5
84446.1
79908.4
75281
70566.6
65772.1
60904.9
55971.6
50984.4
45967.7
40954.7
35984.6
31093.5
26315.5
21695
17287.5
13159.2
9389.52
6071.29
3319.48
1285.97
149.485
101646
97466.2
93194.5
88832.8
84379.3
79836
75204.5
70487.4
65691.8
60825
55894.2
50912.1
45902.7
40898.2
35935.8
31050.9
26278.4
21663.2
17261
13138
9372.66
6057.6
3309.3
1279.16
148.767
101606
97419.6
93141.7
88773.7
84314.6
79766
75130.1
70410.2
65613.2
60746.8
55818.8
50842.4
45840.8
40845
35890.4
31011.8
26244.8
21634.8
17237.9
13120.1
9358.79
6046.44
3301.07
1273.62
148.304
101566
97373.8
93090.5
88716.9
84252.7
79699.3
75059.3
70336.4
65537.9
60672
55747.1
50776.5
45782.9
40795.7
35848.8
30976.4
26214.7
21609.9
17218.3
13105.4
9347.86
6037.83
3294.79
1269.4
148.065
101527
97330.4
93042.2
88663.7
84194.8
79637.2
74993.6
70267.9
65468
60602.7
55680.9
50716.2
45730.3
40751.3
35811.5
30944.9
26188.2
21588.5
17202
13093.9
9339.83
6031.75
3290.46
1266.54
148.016
101493
97291.2
92998.6
88615.8
84142.9
79581.6
74934.7
70206.6
65405.5
60540.8
55622
50662.9
45684
40712.4
35778.9
30917.5
26165.5
21570.6
17189
13085.3
9334.58
6028.11
3287.99
1264.99
148.121
101465
97259
92962.3
88575.5
84098.8
79534.2
74884.5
70154.4
65352.3
60488.1
55572.1
50617.9
45645.2
40679.7
35751.5
30894.5
26146.5
21556.1
17179.2
13079.6
9331.97
6026.79
3287.28
1264.7
148.341
101447
97236.8
92936
88545.2
84065
79497.3
74844.8
70112.8
65309.9
60446.3
55532.4
50582.3
45614.5
40653.9
35729.6
30876
26131.4
21545
17172.4
13076.6
9331.77
6027.58
3288.16
1265.58
148.634
101443
97227.5
92922.3
88527.4
84043.4
79472.4
74817.3
70083.3
65279.7
60416.3
55504
50556.7
45592.5
40635.1
35713.4
30862.1
26120.2
21537.2
17168.3
13076
9333.72
6030.24
3290.46
1267.54
148.96
101453
97233.2
92923.5
88524
84035.9
79461.3
74803.1
70067.2
65262.7
60399
55487.2
50541.5
45579.2
40623.5
35703.1
30852.9
26112.9
21532.5
17166.8
13077.5
9337.52
6034.49
3293.96
1270.44
149.278
101479
97255.2
92940.7
88536.3
84043.7
79464.8
74803.1
70064.9
65259.1
60394.4
55482.2
50536.5
45574.5
40618.8
35698.2
30848.2
26109.1
21530.6
17167.6
13080.7
9342.85
6040.01
3298.44
1274.17
149.555
101521
97293.1
92973.8
88564.5
84066.8
79483.2
74817.3
70076.5
65268.7
60402.3
55488.5
50541.3
45577.9
40620.7
35698.7
30847.8
26108.6
21531.3
17170.2
13085.3
9349.33
6046.5
3303.64
1278.57
149.761
101577
97345.3
93021.6
88607.2
84104.4
79515.6
74845.2
70101.3
65290.9
60421.8
55505.2
50555
45588.7
40628.6
35704
30851.3
26111.3
21534.3
17174.5
13091
9356.64
6053.67
3309.35
1283.5
149.88
101650
97415.5
93087.4
88668.1
84160
79565.6
74890.2
70142.2
65328.1
60455.1
55534
50579.1
45608
40643.3
35714.9
30859.2
26117.3
21539.9
17180.7
13098.2
9365.28
6062.02
3316.01
1289.38
149.904
101737
97500.7
93169.5
88746.3
84233.5
79634
74953.8
70201.4
65382.3
60503.6
55576.2
50614.5
45636.7
40665.8
35731.9
30872
26127.1
21548.2
17188.8
13106.8
9374.92
6071.16
3323.38
1296.06
149.771
101823
97587.1
93254.9
88830.1
84314.5
79711.5
75028.2
70271.6
65446.9
60561.5
55626.5
50657.1
45671.6
40693.5
35753.5
30888.5
26139.8
21558.5
17198.1
13115.7
9384.47
6080.01
3330.64
1302.8
149.496
101899
97666.8
93336.3
88912.4
84396.5
79792.7
75108.2
70348.5
65518.1
60625.5
55682.2
50704.4
45710.9
40725.3
35778.8
30908
26154.8
21570.5
17208.3
13124.9
9393.76
6088.36
3337.62
1309.4
149.115
101960
97733.6
93407.2
88987.2
84473.7
79871.9
75188.7
70427.2
65591.6
60691.8
55739.9
50754
45752.8
40760
35806.8
30929.9
26171.7
21583.8
17219.3
13134.4
9402.79
6096.16
3344.3
1315.66
148.681
102002
97783
93463.3
89049.9
84541.4
79944.2
75264.6
70502.9
65663.2
60756.8
55797
50804
45796.1
40796.7
35837.1
30954
26190.5
21598.6
17231.2
13144.2
9411.74
6103.57
3350.75
1321.44
148.26
102022
97813.2
93502.3
89098.1
84596.7
80006.4
75332
70571.5
65729.4
60817.5
55851
50852.5
45839.6
40834.7
35869.2
30980.1
26211.3
21615.1
17244.5
13155
9421
6110.88
3357.14
1326.67
147.932
102023
97824.9
93524.6
89131.3
84638.9
80056.7
75388.4
70630.6
65787.6
60871.9
55900.5
50898.6
45882.6
40873.4
35903.1
31008.5
26234.6
21633.8
17259.5
13167
9431.09
6118.53
3363.73
1331.34
147.783
102009
97821.8
93532.8
89151.4
84669
80095.2
75433.3
70679
65836.8
60919
55944.9
50942
45924.9
40912.9
35938.8
31039.5
26260.8
21655.3
17277
13181.2
9442.61
6127.03
3370.85
1335.52
147.902
101988
97810.2
93532.1
89162.1
84689.6
80123.7
75467.8
70717.5
65877.4
60959.6
55984.9
50983.1
45966.7
40953.2
35976.6
31073.5
26290.5
21680.4
17297.7
13198.1
9456.24
6137.02
3378.91
1339.35
148.377
101966
97796.9
93529
89168.8
84704.8
80145.7
75495
70748.9
65911.8
60995.7
56022.3
51023.4
46009
40995.2
36017.1
31111.4
26324.6
21709.9
17322.4
13218.5
9472.65
6149.13
3388.27
1343.07
149.291
101950
97788.9
93530.2
89177.9
84720.4
80165.8
75519
70776.9
65943.6
61030.4
56059.9
51065
46053.3
41040.2
36061.4
31153.9
26363.8
21744.4
17351.9
13243.2
9492.48
6164.02
3399.34
1346.98
150.718
101944
97791.6
93541.5
89195.4
84742.2
80190
75545.4
70806.7
65977.3
61067.8
56101.2
51110.6
46101.7
41089.5
36110.7
31202
26408.9
21784.8
17386.8
13272.7
9516.32
6182.26
3412.48
1351.5
152.72
101951
97808.5
93567.2
89226.1
84775.7
80224
75579.9
70843.5
66017.7
61112.2
56149.7
51162.9
46156.2
41145.1
36166.4
31256.8
26460.7
21831.7
17427.7
13307.5
9544.62
6204.28
3428.02
1357.09
155.351
101973
97841.2
93609.4
89273.1
84825
80272.4
75627.7
70892.3
66069.2
61167.5
56209.1
51224.6
46219
41208.7
36229.8
31319
26519.9
21885.5
17475
13348
9577.75
6230.46
3446.23
1364.14
158.667
102006
97887.9
93666.7
89335.4
84889.2
80335.6
75689.6
70954
66132.4
61233.8
56278.4
51294.6
46288.7
41278.6
36298.9
31386.4
26583.8
21943.9
17526.7
13392.4
9614.3
6259.7
3466.42
1372.65
162.541
102047
97943.4
93733
89407.2
84962.9
80408.6
75761.2
71024.4
66203.3
61306.6
56353
51368.6
46361.5
41350.6
36369.5
31454.5
26648.3
22002.8
17579.1
13437.6
9651.74
6289.87
3487.23
1382.16
166.703
102093
98004.6
93804.9
89484.5
85042.3
80487.9
75839
71100.6
66279.1
61383.4
56430.4
51444.3
46435.5
41423.1
36440.1
31522.2
26711.9
22060.9
17630.9
13482.3
9689.02
6320.09
3508.11
1392.32
171.035
102143
98069.6
93880.2
89564.9
85124.7
80570.7
75920.2
71179.7
66357.3
61461.9
56508.5
51520
46509.2
41494.9
36509.5
31588.2
26773.8
22117.4
17681.2
13525.8
9725.47
6349.76
3528.67
1402.78
175.44
102195
98137.1
93957.2
89646.4
85208.1
80654.6
76002.5
71259.6
66435.8
61540
56585.6
51594.4
46581.4
41564.8
36576.7
31651.8
26833.1
22171.5
17729.5
13567.6
9760.54
6378.44
3548.59
1413.25
179.835
102248
98205.8
94034.4
89727.6
85290.8
80737.7
76083.9
71338.6
66513.1
61616.3
56660.5
51666.5
46651
41631.9
36641
31712.5
26889.6
22222.9
17775.3
13607.4
9793.9
6405.8
3567.64
1423.5
184.151
102303
98275
94110.9
89807.5
85371.9
80818.9
76163.2
71415.4
66588
61690
56732.4
51735.6
46717.5
41695.8
36701.9
31769.8
26942.8
22271.3
17818.4
13644.8
9825.34
6431.64
3585.65
1433.39
188.335
102357
98344
94185.8
89885.1
85450.3
80897.1
76239.5
71489.3
66659.8
61760.2
56800.7
51801.1
46780.5
41756
36759.1
31823.7
26992.6
22316.6
17858.7
13679.9
9854.75
6455.84
3602.54
1442.82
192.348
102412
98412
94258.6
89959.8
85525.5
80971.7
76312.2
71559.6
66728
61826.7
56865.2
51862.8
46839.6
41812.6
36812.6
31874
27039
22358.8
17896.2
13712.7
9882.13
6478.37
3618.31
1451.73
196.163
102467
98478.7
94328.7
90031.1
85596.9
81042.3
76380.8
71626.1
66792.3
61889.2
56925.7
51920.7
46894.9
41865.3
36862.5
31920.8
27082.1
22398
17931
13743.1
9907.5
6499.25
3632.97
1460.08
199.763
102521
98543.8
94396
90099
85664.6
81108.8
76445.4
71688.7
66852.7
61947.8
56982.2
51974.8
46946.4
41914.4
36908.8
31964.2
27122
22434.4
17963.2
13771.3
9930.96
6518.57
3646.53
1467.91
203.135
102576
98606.7
94460.1
90163
85728
81170.9
76505.7
71747.1
66909
62002.2
57034.7
52024.9
46994
41959.9
36951.6
32004.3
27158.9
22468
17992.9
13797.4
9952.56
6536.35
3659.01
1475.25
206.266
102630
98667.8
94521.3
90223.5
85787.8
81229.1
76562
71801.6
66961.6
62052.9
57083.5
52071.6
47038.3
42002.1
36991.1
32041.3
27192.8
22499
18020.4
13821.5
9972.54
6552.8
3670.6
1482.2
209.178
102686
98726.6
94578.9
90279.8
85843
81282.9
76614.1
71852
67010.2
62099.7
57128.5
52114.7
47079.1
42040.9
37027.4
32075.4
27224
22527.5
18045.6
13843.7
9990.87
6567.89
3681.17
1488.62
211.793
102732
98773.9
94624.5
90324
85886.2
81324.8
76654.6
71891.1
67047.8
62135.9
57163.3
52147.9
47110.5
42070.8
37055.2
32101.5
27247.9
22549.3
18064.8
13860.6
10004.9
6579.6
3689.51
1493.9
213.92
)
;

boundaryField
{
    inlet
    {
        type            calculated;
        value           nonuniform List<scalar> 
30
(
1.2589e+06
1.25895e+06
1.25906e+06
1.25924e+06
1.25952e+06
1.25986e+06
1.26032e+06
1.2609e+06
1.26159e+06
1.26244e+06
1.26343e+06
1.26451e+06
1.26575e+06
1.26751e+06
1.26995e+06
1.27293e+06
1.27647e+06
1.28037e+06
1.2834e+06
1.28242e+06
1.28097e+06
1.27931e+06
1.2779e+06
1.27669e+06
1.27567e+06
1.2749e+06
1.27434e+06
1.27399e+06
1.27376e+06
1.27365e+06
)
;
    }
    outlet
    {
        type            calculated;
        value           uniform 0;
    }
    upperWall
    {
        type            calculated;
        value           nonuniform List<scalar> 
223
(
1.27365e+06
1.25476e+06
1.23523e+06
1.21634e+06
1.19825e+06
1.181e+06
1.16458e+06
1.149e+06
1.13422e+06
1.12021e+06
1.10694e+06
1.09438e+06
1.08249e+06
1.07123e+06
1.06058e+06
1.0505e+06
1.04095e+06
1.03192e+06
1.02464e+06
1.01884e+06
1.01305e+06
1.00728e+06
1.00152e+06
995771
990040
984326
978629
972952
967294
961656
956039
950445
944873
939324
933799
928298
922822
917370
911943
906541
901164
895812
890484
885182
879904
874650
869420
864213
859030
853868
848729
843611
838513
833436
828378
823339
818318
813315
808329
803358
798404
793463
788534
783618
778714
773820
768938
764064
759198
754338
749483
744633
739789
734949
730112
725277
720445
715614
710784
705957
701131
696306
691482
686658
681828
676989
672141
667284
662421
657551
652673
647790
642899
638003
633103
628198
623289
618375
613452
608516
603566
598601
593623
588632
583632
578626
573613
568589
563556
558509
553448
548379
543293
538190
533072
527936
522784
517616
512433
507239
502040
496841
491639
486425
481196
475948
470675
465385
460087
454788
449494
444205
438916
433622
428315
422997
417669
412332
406987
401634
396277
390916
385554
380192
374826
369455
364081
358705
353327
347951
342578
337207
331839
326472
321107
315744
310384
305026
299672
294328
288992
283666
278351
273044
267744
262456
257179
251919
246679
241454
236246
231056
225878
220718
215580
210470
205382
200307
195258
190242
185254
180301
175384
170491
165620
160778
155973
151210
146489
141811
137180
132599
128072
123603
119198
114860
110609
106478
102732
98773.9
94624.5
90324
85886.2
81324.8
76654.6
71891.1
67047.8
62135.9
57163.3
52147.9
47110.5
42070.8
37055.2
32101.5
27247.9
22549.3
18064.8
13860.6
10004.9
6579.6
3689.51
1493.9
213.92
)
;
    }
    lowerWall
    {
        type            calculated;
        value           nonuniform List<scalar> 
250
(
1.2589e+06
1.24059e+06
1.22141e+06
1.20253e+06
1.18411e+06
1.1662e+06
1.1488e+06
1.13191e+06
1.11551e+06
1.09956e+06
1.084e+06
1.06878e+06
1.05381e+06
1.03899e+06
1.02415e+06
1.00907e+06
993273
975646
824978
825276
825875
826780
827994
829528
831390
833593
836149
839071
842381
846110
850300
855003
860286
866411
873193
880030
886895
893780
900694
907656
914704
921900
929385
937436
946224
824978
824912
824779
824577
824307
823968
823559
823079
822525
821896
821190
820406
819545
818604
817585
816488
815312
814056
812722
811309
809818
808250
806604
804882
803084
801212
799266
797247
795155
792990
790754
788448
786073
783629
781120
778547
775911
773213
770456
767638
764761
761822
758823
755764
752647
749472
746241
742954
739613
736218
732771
729270
725718
722115
718465
714769
711030
707247
703419
699546
695627
691667
687664
683620
679534
675408
671244
667044
662810
658542
654240
649902
645530
641122
636677
632201
627694
623158
618596
614006
609390
604746
600073
595372
590642
585885
581100
576289
571453
566592
561707
556799
551868
546917
541948
536962
531960
526942
521908
516855
511784
506691
501576
496444
491297
486138
480971
475796
470610
465411
460197
454966
449717
444453
439172
433874
428559
423230
417886
412530
407163
401788
396407
391023
385639
380256
374874
369495
364118
358744
353373
348004
342636
337273
331912
326554
321198
315843
310489
305136
299784
294434
289087
283745
278410
273086
267776
262480
257201
251938
246690
241458
236241
231039
225852
220683
215535
210411
205311
200238
195190
190172
185182
180223
175293
170394
165528
160698
155905
151152
146441
141776
137155
132581
128056
123585
119177
114840
110587
106456
102645
98674.4
94529.1
90241.6
85825.7
81291.9
76650.2
71909.6
67080.6
62178.1
57216.3
52201.9
47147
42083.2
37053.9
32094.2
27236.6
22526.7
18021.6
13791.6
9920.46
6503.55
3638.12
1485.25
198.62
)
;
    }
    frontAndBack
    {
        type            empty;
    }
}


// ************************************************************************* //
