/*--------------------------------*- C++ -*----------------------------------*\
| =========                 |                                                 |
| \\      /  F ield         | OpenFOAM: The Open Source CFD Toolbox           |
|  \\    /   O peration     | Version:  2112                                  |
|   \\  /    A nd           | Website:  www.openfoam.com                      |
|    \\/     M anipulation  |                                                 |
\*---------------------------------------------------------------------------*/
FoamFile
{
    version     2.0;
    format      ascii;
    arch        "LSB;label=32;scalar=64";
    class       volScalarField;
    location    "0.052";
    object      s;
}
// * * * * * * * * * * * * * * * * * * * * * * * * * * * * * * * * * * * * * //

dimensions      [0 0 0 0 0 0 0];

internalField   nonuniform List<scalar> 
12225
(
1
1
1
1
1
1
1
1
1
1
1
1
1
1
1
1
1
1
1
1
1
1
1
1
1
1
1
1
1
1
1
1
1
1
1
1
1
1
1
1
1
1
1
1
1
1
1
1
1
1
1
1
1
1
1
1
1
1
1
1
1
1
1
1
1
1
1
1
1
1
1
1
1
1
1
1
1
1
1
1
1
1
1
1
1
1
1
1
1
1
1
1
1
1
1
1
1
1
1
1
1
1
1
1
1
1
1
1
1
1
1
1
1
1
1
1
1
1
1
1
1
1
1
1
1
1
1
1
1
1
1
1
1
1
1
1
1
1
1
1
1
1
1
1
1
1
1
1
1
1
1
1
1
1
1
1
1
1
1
1
1
1
1
1
1
1
1
1
1
1
1
1
1
1
1
1
1
1
1
1
1
1
1
1
1
1
1
1
1
1
1
1
1
1
1
1
1
1
1
1
1
1
1
1
1
1
1
1
1
1
1
1
1
1
1
1
1
1
1
1
1
1
1
1
1
1
1
1
1
1
1
1
1
1
1
1
1
1
1
1
1
1
1
1
1
1
1
1
1
1
1
1
1
1
1
1
1
1
1
1
1
1
1
1
1
1
1
1
1
1
1
1
1
1
1
1
1
1
1
1
1
1
1
1
1
1
1
1
1
1
1
1
1
1
1
1
1
1
1
1
1
1
1
1
1
1
1
1
1
1
1
1
1
1
1
1
1
1
1
1
1
1
1
1
1
1
1
1
1
1
1
1
1
1
1
1
1
1
1
1
1
1
1
1
1
1
1
1
1
1
1
1
1
1
1
1
1
1
1
1
1
1
1
1
1
1
1
1
1
1
1
1
1
1
1
1
1
1
1
1
1
1
1
1
1
1
1
1
1
1
1
1
1
1
1
1
1
1
1
1
1
1
1
1
1
1
1
1
1
1
1
1
1
1
1
1
1
1
1
1
1
1
1
1
1
1
1
1
1
1
1
1
1
1
1
1
1
1
1
1
1
1
1
1
1
1
1
1
1
1
1
1
1
1
1
1
1
1
1
1
1
1
1
1
1
1
1
1
1
1
1
1
1
1
1
1
1
1
1
1
1
1
1
1
1
1
1
1
1
1
1
1
1
1
1
1
1
1
1
1
1
1
1
1
1
1
1
1
1
1
1
1
1
1
1
1
1
1
1
1
1
1
1
1
1
1
1
1
1
1
1
1
1
1
1
1
1
1
1
1
0.660507
0.657257
0.660062
0.663455
0.665425
0.686155
0.697687
0.701912
0.709043
0.711658
0.712191
0.713323
0.716538
0.720281
0.723042
0.725583
0.727845
0.728652
0.728474
0.726656
0.72122
0.71348
0.701339
0.684723
0.66549
0.645422
0.623808
0.601191
0.581289
0.564374
0.548887
0.535983
0.524494
0.516996
0.515206
0.516313
0.519433
0.532479
0.548114
0.577328
0.616068
0.65125
0.670807
0.654875
0.65493
0.668179
0.668496
0.667859
0.66808
0.66878
0.668754
0.666995
0.665527
0.666857
0.66997
0.673816
0.677261
0.682464
0.686925
0.690022
0.69269
0.700155
0.714101
0.7239
0.726518
0.726458
0.724969
0.720731
0.721904
0.740859
0.810117
0.859847
0.878563
0.882883
0.881847
0.876274
0.868245
0.859995
0.853185
0.848354
0.844941
0.842059
0.83985
0.839121
0.838982
0.838991
0.839165
0.839624
0.840395
0.841401
0.84253
0.843738
0.845066
0.846541
0.848094
0.849567
0.850799
0.851726
0.852451
0.853126
0.853619
0.853805
0.853886
0.853957
0.853993
0.854039
0.85416
0.854259
0.854354
0.854426
0.854507
0.854588
0.85462
0.854618
0.854605
0.854591
0.854541
0.854486
0.854408
0.854337
0.854261
0.854193
0.85412
0.854039
0.85397
0.853989
0.854423
0.855636
0.858296
0.863254
0.870599
0.879288
0.888108
0.895056
0.899104
0.901534
0.903167
0.904428
0.905526
0.906546
0.907517
0.908442
0.909227
0.90974
0.910077
0.910584
0.911767
0.913999
0.916287
0.917913
0.918606
0.918661
0.918203
0.915686
0.909142
0.900641
0.889274
0.877298
0.868494
0.864154
0.862171
0.858699
0.852991
0.847791
0.840659
0.826216
0.792118
0.694943
0.511318
0.332026
0.189837
0.0962484
0.0439342
0.0183605
0.00711273
0.00255958
0.000858523
0.000293369
0.000164933
-0.0199111
0.663928
0.661462
0.655732
0.638249
0.642472
0.665394
0.687797
0.694427
0.703462
0.717361
0.725245
0.72789
0.7285
0.728328
0.727213
0.726406
0.725207
0.717473
0.689387
0.63464
0.555399
0.503194
0.464659
0.434054
0.414095
0.399452
0.39019
0.381628
0.376333
0.37383
0.372962
0.373534
0.374348
0.374605
0.374437
0.37398
0.373914
0.376172
0.390261
0.43824
0.514194
0.604007
0.667397
0.665323
0.651605
0.651395
0.649046
0.629627
0.603134
0.585241
0.572954
0.569135
0.569403
0.575593
0.583327
0.593962
0.603959
0.613671
0.624978
0.636728
0.644382
0.656445
0.69402
0.740869
0.746014
0.735658
0.728426
0.731964
0.767378
0.837706
0.871135
0.879717
0.880236
0.877047
0.868328
0.853391
0.839758
0.833238
0.828905
0.827276
0.826871
0.827547
0.830701
0.835056
0.839107
0.841972
0.843671
0.84547
0.848254
0.852147
0.857292
0.864347
0.869028
0.870482
0.870895
0.870977
0.870618
0.868943
0.865995
0.862703
0.859104
0.854455
0.851059
0.847677
0.845772
0.845002
0.844888
0.845978
0.847545
0.849183
0.850669
0.852167
0.853493
0.854402
0.855165
0.855707
0.856061
0.856423
0.856667
0.856868
0.857473
0.858438
0.859707
0.861065
0.861951
0.861824
0.859417
0.852288
0.840794
0.826492
0.813744
0.808266
0.808223
0.815449
0.839835
0.861412
0.875668
0.884718
0.890402
0.894162
0.897049
0.899822
0.902934
0.906467
0.910032
0.912737
0.91397
0.914112
0.913519
0.910803
0.909194
0.909159
0.910553
0.918249
0.928117
0.930867
0.930589
0.928721
0.924315
0.91863
0.911027
0.901686
0.892164
0.884748
0.880672
0.8787
0.876478
0.871884
0.862104
0.841986
0.791555
0.750052
0.715258
0.70066
0.66869
0.640883
0.588772
0.548577
0.51824
0.438208
0.65783
0.657738
0.659213
0.667498
0.685231
0.701522
0.699851
0.698732
0.703021
0.723405
0.726885
0.714607
0.689475
0.684323
0.670864
0.633711
0.575065
0.50759
0.450031
0.419528
0.40701
0.401751
0.400004
0.39995
0.403929
0.408295
0.413219
0.422366
0.430918
0.438633
0.444885
0.447854
0.448871
0.447966
0.442843
0.436111
0.429546
0.426733
0.426138
0.432457
0.464246
0.533379
0.638146
0.664894
0.661309
0.654229
0.650026
0.644168
0.629232
0.614246
0.606452
0.586938
0.573732
0.573277
0.575443
0.583317
0.594077
0.602654
0.611132
0.622674
0.632555
0.641929
0.663491
0.747363
0.814444
0.822714
0.82131
0.835632
0.863948
0.875812
0.877955
0.87625
0.867576
0.847902
0.832026
0.823435
0.81991
0.818849
0.81905
0.822479
0.825454
0.828449
0.834337
0.842291
0.850876
0.860855
0.872693
0.880921
0.884845
0.886464
0.886727
0.884375
0.876549
0.867096
0.860122
0.849948
0.833183
0.812881
0.791236
0.772506
0.758972
0.749643
0.743215
0.738893
0.735558
0.733637
0.732792
0.732905
0.734316
0.737115
0.741096
0.746115
0.752085
0.757229
0.761948
0.766314
0.770021
0.773889
0.777942
0.782641
0.788746
0.796026
0.805113
0.817728
0.83412
0.853558
0.873836
0.890077
0.899525
0.902323
0.8981
0.869942
0.820873
0.783632
0.768934
0.767428
0.771201
0.788842
0.810242
0.823993
0.832021
0.837985
0.844342
0.852085
0.862469
0.876391
0.892934
0.908161
0.918291
0.922284
0.922299
0.917838
0.909189
0.906905
0.907592
0.913305
0.927584
0.93872
0.945597
0.949508
0.951419
0.951905
0.95142
0.947432
0.932073
0.915461
0.906197
0.902132
0.900556
0.899416
0.897377
0.893572
0.883035
0.870247
0.860134
0.856172
0.851365
0.850337
0.847667
0.827369
0.705939
0.694966
0.711047
0.719724
0.710906
0.703088
0.652135
0.639658
0.657116
0.660713
0.627923
0.586457
0.542617
0.524286
0.49912
0.472318
0.449139
0.436878
0.4311
0.429506
0.437667
0.45401
0.475469
0.503225
0.535641
0.564952
0.589506
0.607613
0.621433
0.628198
0.630998
0.631294
0.624062
0.616942
0.60533
0.591992
0.576628
0.563831
0.551737
0.545399
0.54311
0.55112
0.594456
0.635471
0.647864
0.651297
0.650676
0.649966
0.648262
0.646621
0.642878
0.640696
0.638008
0.631312
0.625747
0.623735
0.623862
0.625527
0.630366
0.635904
0.638998
0.64315
0.657962
0.738931
0.837431
0.86059
0.865695
0.872394
0.876263
0.876293
0.871961
0.856543
0.833255
0.821069
0.815573
0.813631
0.813356
0.816299
0.820295
0.825688
0.833741
0.843668
0.859468
0.878797
0.887941
0.892861
0.894452
0.894181
0.889798
0.885498
0.879938
0.865846
0.842473
0.809208
0.769159
0.742956
0.720353
0.709806
0.705886
0.704436
0.704228
0.706376
0.707934
0.708575
0.707936
0.705179
0.701471
0.697677
0.693325
0.689298
0.685996
0.684205
0.683482
0.683672
0.685246
0.688036
0.691521
0.695689
0.700421
0.70623
0.713547
0.721965
0.730063
0.736254
0.741694
0.74899
0.762648
0.789412
0.829891
0.876209
0.914611
0.934072
0.938063
0.929932
0.876957
0.808681
0.772963
0.758178
0.755071
0.7555
0.759734
0.768003
0.774253
0.78147
0.78992
0.79987
0.815258
0.840621
0.873438
0.903875
0.922793
0.92938
0.92937
0.923741
0.911158
0.907312
0.908451
0.916562
0.932714
0.944379
0.953125
0.958407
0.960329
0.96042
0.958887
0.949969
0.931496
0.920633
0.916991
0.916919
0.919406
0.9224
0.922666
0.921431
0.914012
0.902196
0.895916
0.894074
0.894083
0.893835
0.803536
0.763371
0.747805
0.718623
0.640953
0.620635
0.611319
0.596107
0.574281
0.545376
0.517028
0.503218
0.492351
0.48667
0.478728
0.473668
0.471607
0.488153
0.516825
0.562705
0.619286
0.664321
0.707109
0.741971
0.766021
0.788161
0.800797
0.814073
0.821416
0.827421
0.830164
0.831269
0.828241
0.821969
0.812815
0.79959
0.781969
0.760446
0.736721
0.71082
0.684659
0.661744
0.650333
0.647043
0.651566
0.651927
0.651403
0.649601
0.645515
0.637686
0.626369
0.613859
0.604639
0.601455
0.601271
0.602175
0.605861
0.615724
0.624751
0.637007
0.648862
0.656725
0.672245
0.745
0.846259
0.871276
0.875175
0.876404
0.875803
0.870469
0.851653
0.827825
0.816297
0.811477
0.809962
0.809804
0.812889
0.817631
0.826398
0.83967
0.861377
0.888052
0.899922
0.904459
0.905528
0.904535
0.897088
0.890899
0.881948
0.865307
0.836306
0.782762
0.738481
0.717228
0.707641
0.704537
0.704272
0.710103
0.722026
0.735069
0.745459
0.749444
0.750882
0.751429
0.752053
0.753611
0.754526
0.753105
0.745296
0.73169
0.713028
0.697008
0.688028
0.682821
0.680783
0.681414
0.68372
0.687209
0.691514
0.696645
0.703035
0.711282
0.721562
0.730466
0.734395
0.735678
0.736606
0.73821
0.741698
0.752289
0.78725
0.853956
0.915931
0.950597
0.957278
0.950241
0.908993
0.827305
0.781801
0.762763
0.756948
0.756053
0.756511
0.758806
0.764956
0.77808
0.794455
0.811137
0.832123
0.862049
0.896292
0.922456
0.933829
0.935033
0.930897
0.916207
0.907594
0.906085
0.907444
0.915759
0.934409
0.948379
0.957186
0.961155
0.961851
0.960816
0.953379
0.936224
0.926862
0.924425
0.924917
0.929736
0.936304
0.938089
0.93758
0.93276
0.918426
0.909296
0.906599
0.906266
0.79092
0.714009
0.666088
0.639147
0.621869
0.602346
0.577418
0.554789
0.535409
0.519074
0.511062
0.507956
0.507599
0.519228
0.537726
0.577269
0.646407
0.70733
0.768209
0.816976
0.848376
0.881539
0.902679
0.922287
0.936324
0.949303
0.956369
0.964229
0.967873
0.970521
0.971743
0.97213
0.971608
0.970425
0.968457
0.965425
0.961175
0.95526
0.947382
0.9369
0.923534
0.906972
0.887711
0.866642
0.847829
0.833168
0.815303
0.792094
0.759773
0.705271
0.652069
0.613539
0.5911
0.58071
0.577763
0.578075
0.583204
0.595633
0.607298
0.628327
0.648043
0.65858
0.677719
0.761027
0.85555
0.874656
0.876256
0.875952
0.871602
0.854624
0.830332
0.815792
0.809844
0.807853
0.807466
0.809828
0.814178
0.823409
0.842077
0.872842
0.900134
0.911059
0.914622
0.915055
0.91245
0.90357
0.893661
0.877799
0.851404
0.797772
0.740862
0.716437
0.706428
0.704226
0.707519
0.717895
0.739329
0.764723
0.773462
0.775326
0.770923
0.758336
0.752265
0.749568
0.749713
0.756498
0.765721
0.779025
0.791782
0.798822
0.801231
0.787642
0.760045
0.730472
0.707959
0.697012
0.692126
0.691816
0.694002
0.697692
0.702773
0.709666
0.71911
0.731373
0.74383
0.748345
0.746399
0.742878
0.739416
0.737663
0.738147
0.74437
0.774514
0.85853
0.929839
0.960588
0.963936
0.956301
0.91874
0.837126
0.791282
0.771889
0.767025
0.767499
0.772388
0.786042
0.800072
0.813836
0.827635
0.84614
0.873583
0.905183
0.929937
0.940968
0.942139
0.938089
0.92125
0.910312
0.907658
0.907912
0.911047
0.924381
0.943368
0.955773
0.961545
0.96265
0.961466
0.952825
0.936248
0.928232
0.926532
0.927382
0.93313
0.94041
0.942705
0.942417
0.938334
0.923926
0.913198
0.910277
0.75279
0.681303
0.654009
0.633965
0.611602
0.58871
0.566871
0.551611
0.541038
0.537413
0.545803
0.572797
0.618542
0.681202
0.747534
0.808705
0.850079
0.890385
0.917018
0.940454
0.954636
0.967936
0.976471
0.981812
0.986643
0.989006
0.991021
0.992059
0.992781
0.993106
0.993241
0.993487
0.993712
0.993958
0.99424
0.994567
0.994716
0.994781
0.994755
0.994298
0.993561
0.992377
0.990696
0.98848
0.985678
0.982011
0.976761
0.96821
0.952099
0.911729
0.811548
0.704108
0.640438
0.61026
0.599069
0.597212
0.602558
0.610314
0.615551
0.631032
0.650568
0.661671
0.684351
0.776807
0.859643
0.875087
0.876023
0.873544
0.86086
0.837469
0.818735
0.81012
0.806857
0.805891
0.807304
0.810861
0.819251
0.837751
0.870651
0.901616
0.917317
0.921768
0.922353
0.920028
0.91191
0.900519
0.88206
0.845965
0.779558
0.7275
0.707305
0.701767
0.701701
0.711285
0.731706
0.772372
0.786365
0.788075
0.775061
0.745404
0.710226
0.684661
0.660053
0.643671
0.636488
0.644214
0.663946
0.700607
0.750497
0.79205
0.815545
0.825632
0.829286
0.821899
0.800545
0.768091
0.738716
0.722581
0.715909
0.713995
0.714286
0.716091
0.720652
0.729936
0.745009
0.764583
0.773534
0.77157
0.763297
0.750268
0.740525
0.737012
0.737568
0.746706
0.797666
0.893585
0.948721
0.968098
0.968171
0.958216
0.919289
0.852277
0.817902
0.810744
0.812656
0.823048
0.845282
0.864998
0.879045
0.88658
0.891948
0.902731
0.923677
0.941055
0.948472
0.94895
0.945395
0.929234
0.916822
0.91401
0.914598
0.918317
0.931512
0.948608
0.959373
0.963672
0.96405
0.961883
0.94992
0.933879
0.9262
0.924377
0.925177
0.931361
0.94004
0.942908
0.942661
0.938375
0.923496
0.913727
0.746484
0.679337
0.654715
0.633341
0.609677
0.589321
0.579127
0.576524
0.591452
0.628988
0.687784
0.752816
0.807609
0.855098
0.893158
0.926038
0.944229
0.963777
0.972827
0.981858
0.985926
0.989064
0.990732
0.991581
0.992148
0.99239
0.992499
0.992528
0.992528
0.992499
0.99258
0.992741
0.993093
0.993479
0.993942
0.994787
0.99553
0.996175
0.997025
0.997641
0.998181
0.998586
0.998821
0.998965
0.998939
0.998668
0.998065
0.996785
0.993871
0.986169
0.961843
0.887757
0.773395
0.700355
0.667281
0.657147
0.659832
0.659154
0.652866
0.64935
0.657077
0.668119
0.691751
0.784461
0.860119
0.874859
0.875014
0.867488
0.846733
0.824871
0.811574
0.805856
0.803909
0.804567
0.807663
0.813593
0.827454
0.857388
0.890499
0.91702
0.926359
0.927917
0.9264
0.920616
0.910068
0.892564
0.854623
0.786738
0.726678
0.703233
0.69717
0.697359
0.708985
0.738831
0.782626
0.794516
0.793693
0.771761
0.732457
0.699739
0.68532
0.668095
0.638106
0.610643
0.585008
0.572582
0.567671
0.575686
0.605979
0.680855
0.767394
0.811382
0.832072
0.838285
0.838441
0.832974
0.816699
0.786981
0.760855
0.747749
0.742449
0.739364
0.736463
0.736074
0.741888
0.762176
0.789884
0.800588
0.800335
0.791592
0.767628
0.747938
0.738328
0.736668
0.740059
0.766912
0.861929
0.93412
0.966433
0.975118
0.972894
0.961887
0.930946
0.904879
0.897163
0.897883
0.902957
0.910489
0.917788
0.929104
0.940807
0.947451
0.950874
0.955353
0.958808
0.95948
0.958896
0.955644
0.944068
0.934947
0.933242
0.934058
0.93797
0.948779
0.959412
0.965248
0.966718
0.966137
0.96094
0.943398
0.929364
0.923303
0.922211
0.923573
0.932029
0.941259
0.943721
0.943057
0.936501
0.92083
0.738074
0.682714
0.661997
0.639602
0.619766
0.613342
0.62652
0.670697
0.731268
0.786412
0.834211
0.877365
0.910604
0.938209
0.957739
0.97094
0.978899
0.984957
0.98756
0.989133
0.989726
0.989971
0.990014
0.989248
0.988319
0.987449
0.986652
0.986187
0.985909
0.985824
0.985997
0.986351
0.98681
0.987326
0.987638
0.98834
0.989121
0.990304
0.992085
0.99412
0.996229
0.997666
0.998653
0.999197
0.99952
0.999672
0.999748
0.999707
0.999435
0.998487
0.994964
0.981739
0.936403
0.820155
0.742881
0.714196
0.712935
0.711294
0.701719
0.672245
0.665243
0.669186
0.691013
0.783802
0.85895
0.873997
0.872387
0.857248
0.834485
0.815511
0.805222
0.800791
0.800116
0.802926
0.807471
0.816095
0.839392
0.870131
0.90071
0.925532
0.932521
0.932872
0.929723
0.92053
0.905453
0.876514
0.818481
0.740237
0.703955
0.693348
0.692342
0.700233
0.727412
0.782943
0.802219
0.803219
0.785471
0.753053
0.742231
0.741253
0.753204
0.756394
0.727573
0.669792
0.60169
0.56903
0.55561
0.550874
0.558874
0.589073
0.669863
0.753915
0.807044
0.832681
0.84006
0.840542
0.838078
0.828204
0.801797
0.776924
0.763267
0.758174
0.756635
0.754596
0.753688
0.759011
0.788123
0.819129
0.82765
0.826868
0.816195
0.783682
0.755824
0.740851
0.737054
0.739122
0.758026
0.841746
0.926384
0.964284
0.97974
0.981886
0.979381
0.969725
0.958744
0.955468
0.955835
0.957598
0.960041
0.96396
0.969145
0.972928
0.974279
0.974299
0.973325
0.971722
0.970785
0.968818
0.965011
0.962848
0.961058
0.960618
0.960837
0.96181
0.964664
0.968565
0.97004
0.969928
0.96763
0.955883
0.936399
0.925881
0.922675
0.922831
0.927052
0.939622
0.946167
0.947021
0.944978
0.93276
0.735706
0.696222
0.687504
0.669793
0.662317
0.681002
0.733233
0.792174
0.842222
0.879178
0.914736
0.938762
0.959568
0.971452
0.980644
0.984993
0.987346
0.988437
0.988779
0.988866
0.988323
0.987169
0.985692
0.984375
0.983625
0.982847
0.982456
0.982254
0.982184
0.982363
0.982752
0.983486
0.98423
0.985032
0.985443
0.986049
0.986337
0.986564
0.986852
0.987529
0.989259
0.992587
0.995732
0.997744
0.998943
0.99953
0.999784
0.999883
0.999921
0.99988
0.999544
0.997829
0.989134
0.942636
0.820338
0.757897
0.744564
0.742999
0.73959
0.725171
0.685224
0.675694
0.687123
0.772154
0.8542
0.871805
0.867027
0.847165
0.82452
0.808188
0.799561
0.796609
0.797221
0.800325
0.806459
0.820662
0.850565
0.87999
0.906207
0.929249
0.937455
0.937146
0.932091
0.920936
0.900787
0.856663
0.783877
0.716426
0.692257
0.6871
0.688553
0.707899
0.758681
0.803174
0.811844
0.808235
0.78561
0.771068
0.782575
0.831193
0.845058
0.847113
0.832488
0.796133
0.697701
0.597359
0.55759
0.54793
0.55004
0.566821
0.63012
0.727881
0.79181
0.825151
0.838239
0.841044
0.840669
0.836345
0.818151
0.791305
0.773593
0.766382
0.765344
0.765763
0.766732
0.769306
0.786108
0.826975
0.846983
0.850217
0.847948
0.83262
0.792886
0.760712
0.742982
0.738199
0.740036
0.757959
0.837502
0.925283
0.965793
0.982441
0.988448
0.988558
0.987078
0.985129
0.983982
0.984018
0.984324
0.984992
0.986378
0.987368
0.987588
0.987341
0.985559
0.981651
0.979231
0.9776
0.976714
0.976585
0.976778
0.977218
0.977083
0.975554
0.974477
0.974314
0.974262
0.973999
0.972506
0.96556
0.945958
0.931176
0.92524
0.924658
0.927288
0.939787
0.950856
0.95386
0.953388
0.946483
0.738836
0.717137
0.731545
0.730993
0.729749
0.75487
0.815142
0.871093
0.905266
0.929833
0.954737
0.968074
0.978651
0.983776
0.986752
0.987856
0.98822
0.98829
0.987805
0.986616
0.984567
0.982476
0.980385
0.978412
0.976481
0.974834
0.973518
0.972655
0.97236
0.973096
0.974728
0.976642
0.979166
0.981846
0.983776
0.985106
0.985733
0.985989
0.986066
0.985975
0.985978
0.986777
0.989687
0.994254
0.997105
0.998706
0.999481
0.999814
0.99993
0.999963
0.999956
0.999774
0.998252
0.985498
0.892109
0.785877
0.757282
0.755009
0.752746
0.747699
0.730484
0.696772
0.694217
0.73842
0.839096
0.866317
0.862035
0.839744
0.816765
0.801524
0.793749
0.791772
0.792599
0.796089
0.804681
0.827097
0.858825
0.887043
0.910784
0.930921
0.940425
0.940816
0.935424
0.922714
0.896777
0.842667
0.763559
0.70352
0.683606
0.680055
0.686087
0.714671
0.779719
0.815582
0.822012
0.813425
0.796444
0.798123
0.835328
0.859739
0.864241
0.864143
0.85825
0.840104
0.782411
0.655174
0.573119
0.548878
0.549011
0.560518
0.613054
0.718704
0.788027
0.824125
0.838432
0.842095
0.841857
0.837963
0.821808
0.799207
0.784646
0.776924
0.774372
0.774227
0.775274
0.779476
0.793942
0.834399
0.86193
0.869677
0.869231
0.863228
0.836901
0.794109
0.761247
0.743694
0.739471
0.74197
0.7633
0.848061
0.930178
0.969958
0.985464
0.992157
0.994455
0.994883
0.994937
0.994875
0.994546
0.994474
0.994549
0.994618
0.994568
0.994214
0.99278
0.988763
0.985579
0.984071
0.983738
0.983899
0.984845
0.985641
0.985669
0.984557
0.981177
0.979247
0.978505
0.97778
0.976093
0.970392
0.952306
0.935817
0.928654
0.927599
0.929602
0.941448
0.956524
0.962692
0.963539
0.960655
0.745647
0.736534
0.773457
0.779052
0.781685
0.812259
0.868926
0.917141
0.940878
0.956422
0.972943
0.980696
0.985159
0.987125
0.987868
0.987989
0.987815
0.986832
0.984544
0.981148
0.976744
0.972271
0.9674
0.962251
0.957476
0.954046
0.951706
0.950392
0.949943
0.951144
0.953629
0.957447
0.962507
0.969364
0.976839
0.981645
0.984464
0.98567
0.985998
0.985908
0.985503
0.985152
0.985686
0.988826
0.993962
0.997212
0.998828
0.999556
0.999855
0.999956
0.999981
0.999974
0.999754
0.99679
0.954902
0.816129
0.763833
0.760347
0.757678
0.751352
0.737292
0.707619
0.701187
0.730148
0.822633
0.85773
0.855516
0.833506
0.809599
0.794595
0.787218
0.785361
0.785987
0.79024
0.804407
0.838744
0.868766
0.893625
0.914818
0.932205
0.94218
0.94343
0.939769
0.927167
0.900084
0.844858
0.762059
0.698701
0.677038
0.67372
0.680645
0.710183
0.777324
0.827437
0.830411
0.823326
0.807663
0.81271
0.842908
0.865133
0.866943
0.866233
0.863064
0.851493
0.807286
0.681115
0.585783
0.553562
0.549919
0.559395
0.608719
0.717823
0.791402
0.829012
0.841557
0.843412
0.842626
0.837838
0.821455
0.801615
0.78998
0.785478
0.784868
0.785373
0.787653
0.792929
0.807478
0.848103
0.880242
0.891733
0.892097
0.887532
0.868259
0.827765
0.788568
0.758158
0.743303
0.740801
0.745189
0.775623
0.869783
0.940357
0.975091
0.989228
0.994802
0.997247
0.998075
0.998246
0.998236
0.99811
0.997936
0.997821
0.997678
0.997369
0.996527
0.993748
0.990472
0.98883
0.988453
0.988569
0.989391
0.990166
0.99024
0.989555
0.986209
0.983063
0.981744
0.980822
0.97896
0.97332
0.955739
0.939776
0.933104
0.932295
0.934453
0.946527
0.963261
0.971967
0.974747
0.974028
0.752522
0.747687
0.800988
0.821587
0.827924
0.848339
0.89882
0.941236
0.960105
0.971147
0.981131
0.985376
0.987231
0.987819
0.987909
0.987572
0.98604
0.982069
0.976022
0.969371
0.963157
0.956563
0.950769
0.945846
0.941874
0.939018
0.937523
0.936746
0.936497
0.937369
0.939108
0.942007
0.945881
0.950528
0.959089
0.970414
0.979412
0.984018
0.985707
0.986026
0.98559
0.984781
0.984398
0.985007
0.98955
0.99489
0.997852
0.999176
0.999707
0.999908
0.999976
0.99999
0.99997
0.999467
0.991222
0.895145
0.78082
0.765315
0.76202
0.743382
0.725416
0.707251
0.705143
0.734457
0.823222
0.852111
0.84901
0.825479
0.801408
0.787069
0.780216
0.778042
0.778237
0.782232
0.79924
0.83953
0.877441
0.901233
0.918673
0.933644
0.943508
0.945612
0.94378
0.934686
0.909433
0.853622
0.769097
0.702637
0.672894
0.667442
0.671116
0.69698
0.765045
0.824673
0.840891
0.837691
0.823334
0.821277
0.832418
0.85067
0.859998
0.863444
0.862327
0.852582
0.811183
0.686861
0.588738
0.55505
0.55249
0.564145
0.624403
0.743128
0.811655
0.835636
0.842445
0.843168
0.841262
0.83261
0.814449
0.802059
0.794156
0.791248
0.791183
0.792842
0.799436
0.807386
0.822278
0.859939
0.897422
0.915545
0.918205
0.914612
0.89511
0.856242
0.817603
0.780417
0.753661
0.742989
0.742497
0.751221
0.80196
0.896159
0.953473
0.981214
0.992583
0.996861
0.998589
0.999182
0.999318
0.999325
0.999272
0.999126
0.999007
0.998808
0.998344
0.996822
0.99404
0.992397
0.99193
0.991967
0.992449
0.992978
0.993021
0.992507
0.989593
0.985956
0.984306
0.983295
0.981381
0.975721
0.959352
0.946388
0.941816
0.941717
0.944808
0.957554
0.971049
0.979242
0.983989
0.984174
0.759758
0.758308
0.827781
0.849196
0.857602
0.877644
0.917213
0.954648
0.970521
0.978205
0.984328
0.986927
0.987833
0.988004
0.987748
0.986437
0.982055
0.974927
0.967861
0.960554
0.953438
0.946959
0.941592
0.937604
0.934972
0.933046
0.932078
0.931686
0.93168
0.932275
0.933512
0.935852
0.940035
0.944123
0.949949
0.959731
0.971202
0.979956
0.984465
0.985759
0.985679
0.984687
0.983845
0.98362
0.985264
0.991463
0.996282
0.998574
0.999506
0.99984
0.999954
0.999989
0.999994
0.999934
0.998472
0.973982
0.830972
0.771233
0.769618
0.75497
0.726564
0.713519
0.716258
0.758804
0.829632
0.84625
0.840857
0.81573
0.793422
0.78023
0.773667
0.771339
0.771138
0.773515
0.787596
0.830574
0.873583
0.903466
0.922041
0.934901
0.944336
0.947409
0.946856
0.941856
0.924501
0.874141
0.787118
0.714531
0.67594
0.660741
0.661894
0.674308
0.730162
0.808984
0.838377
0.847109
0.845209
0.840289
0.841195
0.845018
0.855167
0.858822
0.856119
0.839875
0.778833
0.641257
0.57318
0.554956
0.556353
0.57759
0.668498
0.776011
0.822613
0.837779
0.841358
0.84046
0.835449
0.821978
0.811075
0.803756
0.801782
0.802109
0.803467
0.808239
0.822636
0.832424
0.84241
0.867613
0.906018
0.932704
0.941362
0.940502
0.928429
0.890568
0.850397
0.809184
0.772035
0.749806
0.743705
0.745395
0.764277
0.842979
0.923749
0.967006
0.987164
0.995314
0.998238
0.999276
0.999626
0.999709
0.999711
0.999671
0.99958
0.999462
0.999211
0.998486
0.99652
0.995024
0.994502
0.994481
0.994691
0.994959
0.994956
0.99449
0.991876
0.988124
0.986324
0.985323
0.983555
0.978354
0.965094
0.956303
0.953888
0.954279
0.958177
0.969215
0.97861
0.984018
0.988901
0.990367
0.765209
0.76068
0.830446
0.880037
0.883764
0.892449
0.923291
0.956721
0.974604
0.982181
0.986198
0.987726
0.988079
0.988087
0.987098
0.983588
0.976897
0.968973
0.961347
0.954
0.947243
0.941598
0.937305
0.934179
0.932217
0.930914
0.930227
0.93006
0.93028
0.930706
0.931561
0.933165
0.937032
0.941944
0.947022
0.95608
0.968136
0.978181
0.983673
0.985217
0.985309
0.984372
0.982875
0.982598
0.983207
0.988231
0.994455
0.997718
0.999182
0.999742
0.999925
0.999981
0.999996
0.999993
0.999822
0.995865
0.937538
0.799362
0.772439
0.777746
0.765124
0.752294
0.761041
0.803284
0.833267
0.836351
0.82715
0.803654
0.785832
0.774525
0.768076
0.764422
0.762921
0.763379
0.769825
0.802594
0.858461
0.897683
0.920488
0.934357
0.943842
0.948436
0.94877
0.946845
0.937593
0.90766
0.824801
0.739995
0.686687
0.662563
0.654179
0.658116
0.679259
0.754643
0.817313
0.841746
0.848975
0.851282
0.852985
0.857482
0.859118
0.856791
0.845028
0.806308
0.696294
0.601737
0.56583
0.558663
0.564911
0.60283
0.714795
0.796468
0.830426
0.838613
0.838295
0.83443
0.823862
0.815902
0.810623
0.809597
0.810288
0.812238
0.816477
0.825491
0.845972
0.861885
0.871501
0.887327
0.915025
0.943347
0.959711
0.963185
0.960539
0.941498
0.896873
0.849451
0.801084
0.764355
0.747811
0.745815
0.752147
0.794748
0.889214
0.948861
0.978898
0.992114
0.997282
0.999062
0.999641
0.999826
0.999865
0.999862
0.999833
0.999766
0.99963
0.999285
0.998172
0.996918
0.996374
0.996298
0.996367
0.996467
0.996431
0.995945
0.993414
0.989691
0.987848
0.986926
0.985443
0.981018
0.972192
0.967527
0.966757
0.967568
0.972207
0.979487
0.984852
0.988233
0.991575
0.993527
0.774314
0.764851
0.823052
0.884073
0.908028
0.912985
0.926492
0.953836
0.973489
0.982119
0.986224
0.988027
0.988465
0.988282
0.987273
0.984022
0.977333
0.969484
0.961839
0.954525
0.947823
0.942183
0.937906
0.934751
0.932704
0.931417
0.930583
0.930271
0.930338
0.930631
0.9314
0.932823
0.936164
0.941612
0.94669
0.955449
0.967554
0.977911
0.98359
0.985141
0.9848
0.983003
0.980854
0.980322
0.981169
0.986865
0.993616
0.997296
0.998993
0.999668
0.999902
0.999974
0.999994
0.999998
0.999989
0.999614
0.991697
0.903278
0.787941
0.775968
0.785244
0.789607
0.799782
0.819225
0.83102
0.830026
0.818374
0.796924
0.780764
0.769597
0.762151
0.756666
0.752879
0.751729
0.753324
0.765227
0.811475
0.874368
0.91141
0.931118
0.94231
0.948031
0.949841
0.949422
0.945776
0.931473
0.884016
0.782924
0.71269
0.672229
0.654828
0.647164
0.651537
0.672247
0.72874
0.795851
0.82792
0.839569
0.84811
0.848272
0.843575
0.828046
0.78905
0.692764
0.611515
0.576771
0.563216
0.565063
0.582718
0.659304
0.773483
0.824375
0.836891
0.837016
0.833314
0.822273
0.815365
0.812188
0.812511
0.814468
0.818526
0.824801
0.834711
0.847858
0.864317
0.882818
0.897847
0.91179
0.930933
0.953242
0.970517
0.978339
0.979142
0.975833
0.958248
0.907997
0.845961
0.791009
0.758297
0.748441
0.749845
0.769156
0.84874
0.927015
0.968594
0.98778
0.995647
0.998568
0.999535
0.999832
0.999918
0.999933
0.999928
0.999904
0.999838
0.999673
0.999131
0.998227
0.997728
0.997607
0.997621
0.997643
0.997576
0.997018
0.994419
0.990896
0.989136
0.988323
0.987099
0.983534
0.979055
0.977388
0.977426
0.97885
0.983733
0.98767
0.990087
0.991687
0.993584
0.995207
0.782267
0.77342
0.801718
0.875295
0.909438
0.925599
0.935922
0.950063
0.969168
0.98044
0.985579
0.987819
0.98859
0.988606
0.987997
0.98578
0.979912
0.972238
0.964708
0.95748
0.950856
0.9451
0.940634
0.937259
0.934871
0.93353
0.93241
0.932213
0.932391
0.932959
0.934384
0.936424
0.940608
0.947265
0.953586
0.963602
0.975262
0.983267
0.98545
0.985392
0.984212
0.980444
0.978198
0.978284
0.980111
0.986604
0.99341
0.99719
0.998947
0.99965
0.999896
0.999972
0.999993
0.999999
0.999999
0.999987
0.999506
0.989421
0.890291
0.785276
0.77787
0.789844
0.804659
0.818663
0.823297
0.821378
0.810287
0.792192
0.777425
0.765903
0.756542
0.749029
0.743486
0.74076
0.740719
0.74485
0.766275
0.827467
0.885774
0.920352
0.937854
0.946465
0.949746
0.950314
0.949359
0.943957
0.923455
0.859961
0.760725
0.698227
0.663215
0.649148
0.6404
0.642103
0.652316
0.678873
0.722561
0.756423
0.775383
0.770331
0.751847
0.711258
0.644514
0.600897
0.582512
0.571087
0.57314
0.585723
0.628341
0.741978
0.816
0.837619
0.838773
0.834901
0.821793
0.812245
0.809697
0.810036
0.812111
0.818003
0.82911
0.843612
0.860997
0.876939
0.8912
0.905964
0.921256
0.935583
0.949348
0.963433
0.976202
0.98447
0.987256
0.987125
0.984082
0.96946
0.913949
0.833714
0.77872
0.754898
0.751922
0.76022
0.813298
0.903279
0.956616
0.982557
0.9936
0.997833
0.999318
0.999789
0.999926
0.999961
0.999964
0.999958
0.999932
0.999857
0.999619
0.999039
0.998652
0.998529
0.998519
0.998509
0.998396
0.997757
0.995119
0.991856
0.990242
0.989591
0.988574
0.986466
0.984976
0.984668
0.98493
0.986621
0.990591
0.993183
0.994396
0.994824
0.995304
0.996234
0.796423
0.783031
0.791494
0.844954
0.901758
0.924995
0.938924
0.949467
0.962145
0.975469
0.98343
0.986955
0.988368
0.988714
0.988616
0.987891
0.985377
0.979421
0.971102
0.963562
0.956926
0.950981
0.946225
0.942482
0.939626
0.938051
0.936697
0.936675
0.937034
0.938114
0.940454
0.943463
0.949937
0.956616
0.96353
0.973828
0.982446
0.985749
0.986089
0.985365
0.981962
0.977757
0.977161
0.977783
0.980799
0.988827
0.994868
0.997944
0.999271
0.999766
0.999931
0.999981
0.999995
0.999999
1
1
0.999985
0.999425
0.988379
0.888796
0.788094
0.780242
0.794182
0.807888
0.80852
0.804437
0.792098
0.781123
0.769908
0.758983
0.749581
0.741584
0.735495
0.732098
0.731384
0.732929
0.743519
0.785694
0.851279
0.899389
0.927775
0.942336
0.948597
0.950379
0.950385
0.948816
0.941244
0.915857
0.848242
0.751365
0.690863
0.660335
0.644106
0.636075
0.630984
0.632224
0.636248
0.645349
0.64393
0.637047
0.621406
0.603506
0.592369
0.582906
0.580183
0.585596
0.600032
0.634412
0.723933
0.807606
0.839843
0.844341
0.839738
0.824765
0.811
0.807049
0.806995
0.808545
0.813315
0.8261
0.849441
0.869712
0.886059
0.902065
0.917648
0.932216
0.945464
0.956838
0.966492
0.974874
0.982299
0.98807
0.991066
0.991632
0.991172
0.987766
0.970991
0.900967
0.812756
0.767678
0.755802
0.758956
0.789993
0.880178
0.944171
0.976852
0.991295
0.99699
0.999036
0.999711
0.999913
0.999969
0.99998
0.999979
0.99997
0.999938
0.999832
0.999508
0.999234
0.999139
0.99912
0.999088
0.998945
0.998266
0.995675
0.992741
0.991269
0.990628
0.990006
0.989354
0.989068
0.989107
0.989718
0.992184
0.994816
0.9963
0.996943
0.997126
0.997201
0.997298
0.863228
0.806636
0.795895
0.810504
0.871158
0.916195
0.93683
0.948463
0.959214
0.969205
0.978204
0.984581
0.987423
0.988482
0.988688
0.988594
0.98797
0.98612
0.982144
0.975793
0.96912
0.96238
0.957062
0.952182
0.948761
0.946478
0.945241
0.945456
0.946377
0.9488
0.9519
0.956948
0.963845
0.968756
0.977292
0.983732
0.986455
0.986922
0.986437
0.984105
0.978197
0.976678
0.976974
0.979015
0.985579
0.993533
0.997585
0.999186
0.999736
0.999917
0.999974
0.999992
0.999998
0.999999
1
1
1
0.999981
0.999356
0.98815
0.894256
0.798319
0.778528
0.779389
0.784074
0.784231
0.779392
0.767589
0.757361
0.748184
0.740067
0.733293
0.728206
0.725232
0.724379
0.725004
0.730592
0.755386
0.817959
0.874529
0.913257
0.93486
0.945509
0.949667
0.950534
0.950247
0.947872
0.938602
0.911246
0.846728
0.757725
0.695553
0.662372
0.643333
0.632929
0.626657
0.619957
0.616106
0.609767
0.603115
0.596397
0.592049
0.590273
0.593971
0.607921
0.633549
0.662441
0.726267
0.808455
0.844856
0.852757
0.848241
0.831722
0.811593
0.80491
0.803949
0.804768
0.809093
0.82106
0.848785
0.878095
0.900175
0.91661
0.93093
0.943794
0.954233
0.963566
0.972567
0.980769
0.986713
0.990428
0.99269
0.993875
0.994114
0.99397
0.993002
0.987607
0.960416
0.865216
0.790309
0.763347
0.762026
0.77984
0.85736
0.931749
0.970902
0.988798
0.996057
0.99872
0.999614
0.99989
0.999967
0.999986
0.999989
0.999986
0.999973
0.999925
0.999756
0.999582
0.999519
0.999498
0.999457
0.999302
0.998626
0.996179
0.993616
0.992268
0.991675
0.991412
0.99133
0.99139
0.991898
0.993646
0.99569
0.997148
0.997973
0.998318
0.9984
0.998403
0.998369
0.933947
0.852848
0.808431
0.810835
0.828679
0.886426
0.926691
0.945007
0.956595
0.96577
0.973325
0.979514
0.984656
0.987371
0.988386
0.988591
0.988536
0.988175
0.987148
0.984617
0.981708
0.976788
0.972917
0.968758
0.965777
0.963358
0.962307
0.962625
0.963772
0.965686
0.96905
0.973355
0.976875
0.981882
0.985481
0.98732
0.987641
0.987277
0.985403
0.97921
0.976186
0.976381
0.978263
0.98422
0.993479
0.997634
0.999176
0.999721
0.999908
0.99997
0.99999
0.999997
0.999999
1
1
1
1
1
0.999975
0.999279
0.987956
0.898378
0.804801
0.777644
0.769109
0.767721
0.765566
0.758943
0.749443
0.74092
0.733441
0.727217
0.722765
0.720319
0.719545
0.719755
0.722461
0.735365
0.782509
0.846443
0.894716
0.925258
0.941038
0.947978
0.950274
0.95052
0.94995
0.946907
0.936711
0.907801
0.850537
0.781304
0.716938
0.675724
0.651489
0.63738
0.625977
0.618805
0.612737
0.607774
0.608822
0.613628
0.624341
0.643928
0.686493
0.714938
0.750583
0.813796
0.849956
0.860595
0.857622
0.844344
0.815669
0.803675
0.800531
0.800642
0.80364
0.8145
0.844496
0.882445
0.913324
0.936649
0.952685
0.964037
0.971342
0.975699
0.979807
0.985026
0.989514
0.992674
0.994605
0.99558
0.995869
0.995861
0.995707
0.995166
0.993038
0.982052
0.924978
0.82319
0.775802
0.767184
0.777433
0.839521
0.920587
0.965317
0.986372
0.995129
0.998404
0.999516
0.999862
0.999962
0.999988
0.999993
0.999993
0.999988
0.999966
0.99988
0.99978
0.999742
0.999723
0.999681
0.99953
0.998892
0.996669
0.994441
0.993268
0.992805
0.992706
0.992762
0.993175
0.994499
0.996112
0.997446
0.998361
0.998869
0.999077
0.999119
0.999114
0.999075
0.937647
0.933666
0.862474
0.82111
0.824649
0.843369
0.897619
0.93401
0.951196
0.962121
0.970086
0.975921
0.980536
0.984405
0.987098
0.988178
0.988483
0.988478
0.98834
0.987808
0.986962
0.985223
0.983113
0.981198
0.979283
0.978071
0.977376
0.977575
0.978226
0.979681
0.981495
0.983468
0.985543
0.987182
0.988157
0.988209
0.987908
0.986242
0.980139
0.975363
0.975454
0.977359
0.983509
0.993467
0.997587
0.999156
0.999716
0.999906
0.999969
0.99999
0.999997
0.999999
1
1
1
1
1
1
0.999999
0.999965
0.999118
0.98681
0.906562
0.808732
0.775524
0.764539
0.759728
0.754249
0.746922
0.739123
0.731828
0.725651
0.720948
0.718011
0.716894
0.716849
0.717865
0.723521
0.74485
0.808181
0.869426
0.910774
0.934343
0.945465
0.949639
0.950658
0.950577
0.949602
0.945936
0.935217
0.909143
0.858546
0.807563
0.760143
0.717444
0.686173
0.665437
0.652608
0.65082
0.654094
0.663237
0.683121
0.706231
0.744903
0.776353
0.794062
0.82855
0.857669
0.868678
0.86762
0.858436
0.827989
0.805973
0.797761
0.796416
0.797701
0.805722
0.831364
0.880775
0.920962
0.950262
0.966769
0.975629
0.981156
0.98455
0.986624
0.988644
0.99104
0.993325
0.994996
0.995953
0.996364
0.996464
0.996445
0.996337
0.996023
0.994999
0.99006
0.963037
0.865079
0.793764
0.774919
0.78008
0.827588
0.911538
0.960562
0.984237
0.994288
0.998109
0.999423
0.999836
0.999956
0.999988
0.999995
0.999996
0.999994
0.999984
0.999941
0.999888
0.999867
0.999851
0.999813
0.999674
0.999094
0.997126
0.995226
0.994251
0.993915
0.993889
0.994058
0.994896
0.996318
0.99753
0.998444
0.99904
0.999365
0.999499
0.999528
0.999526
0.999502
0.936717
0.934238
0.926252
0.86618
0.832611
0.836771
0.85579
0.905911
0.938446
0.955132
0.965579
0.972713
0.977692
0.981449
0.984301
0.986741
0.987916
0.988333
0.988433
0.9884
0.988272
0.987942
0.987286
0.986712
0.985907
0.985368
0.985107
0.985199
0.985476
0.986048
0.986766
0.987593
0.988277
0.988647
0.988627
0.988315
0.986683
0.980697
0.974103
0.973982
0.975842
0.982632
0.993167
0.997508
0.999144
0.99972
0.999911
0.999972
0.999991
0.999997
0.999999
1
1
1
1
1
1
1
1
0.999998
0.999932
0.998459
0.984631
0.910726
0.813131
0.774467
0.76147
0.75448
0.747276
0.739544
0.732167
0.725858
0.72102
0.717812
0.716067
0.715618
0.715858
0.717832
0.726167
0.753866
0.826372
0.885462
0.92171
0.940507
0.948584
0.95098
0.951262
0.95087
0.949273
0.944737
0.933714
0.905024
0.866229
0.831395
0.796208
0.771582
0.755278
0.744947
0.746189
0.751365
0.762825
0.777778
0.795619
0.815954
0.825199
0.842924
0.865033
0.874902
0.875046
0.870087
0.846073
0.814039
0.797769
0.791998
0.791747
0.795993
0.814337
0.8662
0.918852
0.952966
0.970222
0.97907
0.984007
0.987319
0.989347
0.990501
0.991748
0.993385
0.994921
0.99595
0.996439
0.996593
0.996602
0.996559
0.996388
0.996141
0.995581
0.993213
0.97951
0.908717
0.816947
0.785202
0.785677
0.820611
0.904553
0.956661
0.982426
0.993551
0.997841
0.999335
0.999809
0.999948
0.999986
0.999996
0.999997
0.999997
0.999992
0.999971
0.999945
0.999934
0.999921
0.999888
0.999766
0.99925
0.997538
0.995954
0.995178
0.994953
0.994967
0.995257
0.996332
0.997527
0.998424
0.999047
0.999436
0.999644
0.999732
0.999754
0.999754
0.999743
0.933595
0.921884
0.924587
0.911303
0.856132
0.840995
0.846113
0.864679
0.908623
0.939976
0.956896
0.967175
0.973935
0.97868
0.981978
0.98436
0.986391
0.987611
0.988164
0.98835
0.988409
0.988396
0.988337
0.988202
0.988082
0.987884
0.987879
0.987925
0.988047
0.98827
0.988543
0.988783
0.988869
0.988809
0.98838
0.986575
0.980533
0.972147
0.971657
0.973599
0.981
0.992616
0.997354
0.999112
0.999718
0.999914
0.999974
0.999992
0.999998
0.999999
1
1
1
1
1
1
1
1
1
1
0.999995
0.999834
0.997667
0.982903
0.914866
0.816947
0.775103
0.758729
0.749342
0.741993
0.734164
0.727272
0.721904
0.718247
0.716204
0.715409
0.71534
0.715828
0.718576
0.728781
0.760633
0.838908
0.896873
0.929671
0.945163
0.951589
0.953162
0.953164
0.952454
0.949965
0.943701
0.926947
0.895553
0.867595
0.845498
0.821778
0.808353
0.799981
0.799649
0.801539
0.806087
0.816133
0.830734
0.846988
0.858877
0.871363
0.877795
0.878504
0.876206
0.862904
0.826254
0.801978
0.789408
0.785546
0.786404
0.797234
0.838953
0.906391
0.947661
0.968262
0.979105
0.984655
0.987835
0.99011
0.991488
0.992249
0.993186
0.994503
0.995685
0.996355
0.996591
0.996633
0.996611
0.996422
0.996006
0.995871
0.995566
0.994394
0.987103
0.943473
0.842701
0.798277
0.794717
0.819651
0.899189
0.954093
0.981192
0.993007
0.997622
0.999254
0.999782
0.99994
0.999984
0.999996
0.999998
0.999998
0.999996
0.999986
0.999974
0.999968
0.999958
0.999931
0.999824
0.99937
0.997899
0.996609
0.996017
0.995878
0.995925
0.99633
0.99743
0.998355
0.998999
0.999419
0.999669
0.999801
0.999858
0.999875
0.999876
0.999872
0.929898
0.914869
0.913183
0.914854
0.888595
0.851817
0.848499
0.853656
0.869593
0.904738
0.93777
0.955926
0.966831
0.973855
0.978585
0.981844
0.984282
0.986118
0.987282
0.98791
0.98822
0.988339
0.988395
0.988413
0.988421
0.988441
0.988488
0.98857
0.988668
0.988763
0.988889
0.988877
0.988714
0.988024
0.985729
0.978959
0.969157
0.968467
0.970637
0.978723
0.991782
0.997091
0.999038
0.9997
0.999911
0.999974
0.999993
0.999998
0.999999
1
1
1
1
1
1
1
1
1
1
1
1
0.999984
0.999679
0.996939
0.981559
0.919046
0.821034
0.776126
0.756691
0.746179
0.739264
0.732213
0.725088
0.720143
0.717179
0.715776
0.715452
0.715576
0.716396
0.719835
0.731485
0.76702
0.849548
0.905924
0.935776
0.948916
0.954335
0.955754
0.955605
0.954451
0.950729
0.940526
0.911109
0.88473
0.865033
0.846564
0.83383
0.823543
0.822889
0.825641
0.835365
0.856568
0.873152
0.877325
0.877065
0.878242
0.877844
0.875147
0.865115
0.836408
0.809185
0.790979
0.780876
0.778744
0.783797
0.807844
0.878184
0.935057
0.963481
0.977821
0.985005
0.988185
0.990006
0.991559
0.992537
0.993102
0.993987
0.99518
0.996105
0.996512
0.996618
0.996599
0.996451
0.995624
0.994787
0.994875
0.995035
0.994615
0.990783
0.96477
0.871307
0.813341
0.805174
0.823255
0.895458
0.952156
0.98026
0.992605
0.997461
0.999194
0.999761
0.999934
0.999983
0.999995
0.999998
0.999999
0.999998
0.999993
0.999988
0.999985
0.999977
0.999954
0.999862
0.999461
0.998208
0.997182
0.996746
0.99667
0.996747
0.997251
0.998218
0.998914
0.999368
0.999646
0.999806
0.999889
0.999925
0.999938
0.99994
0.999938
0.928177
0.912547
0.908989
0.909058
0.893049
0.863867
0.853868
0.854867
0.859597
0.871794
0.896961
0.929751
0.951145
0.96389
0.971922
0.977196
0.980818
0.983466
0.985384
0.986648
0.987425
0.987865
0.988102
0.988257
0.988315
0.988387
0.988486
0.988548
0.988663
0.988649
0.98852
0.988072
0.986821
0.98355
0.974991
0.964704
0.964405
0.96698
0.976127
0.990781
0.99675
0.99893
0.999668
0.999902
0.999972
0.999992
0.999998
0.999999
1
1
1
1
1
1
1
1
1
1
1
1
1
0.999999
0.99996
0.999495
0.996257
0.980533
0.922154
0.824929
0.777662
0.756026
0.744466
0.737789
0.73226
0.726208
0.720767
0.717746
0.716397
0.716166
0.716517
0.717799
0.721941
0.735008
0.774875
0.859093
0.913089
0.940223
0.951855
0.956386
0.957705
0.957515
0.956058
0.951081
0.933805
0.905744
0.883601
0.866989
0.853473
0.853412
0.859105
0.875325
0.892096
0.891059
0.887738
0.880145
0.871653
0.864036
0.858368
0.84721
0.82173
0.80608
0.793801
0.780044
0.773047
0.774134
0.785163
0.836983
0.913176
0.955777
0.97734
0.986545
0.989941
0.991066
0.99172
0.992552
0.993104
0.993614
0.994568
0.995646
0.996323
0.996559
0.996561
0.996428
0.995965
0.993993
0.992641
0.992805
0.99391
0.994136
0.992278
0.976366
0.899236
0.829852
0.816542
0.829593
0.894344
0.951645
0.979917
0.992396
0.997354
0.999148
0.999744
0.999928
0.999981
0.999995
0.999998
0.999999
0.999999
0.999997
0.999995
0.999992
0.999987
0.999968
0.999887
0.99953
0.998471
0.997671
0.997359
0.997323
0.997425
0.997979
0.998765
0.999282
0.999598
0.999783
0.999884
0.999937
0.99996
0.999969
0.999971
0.999971
0.932017
0.912601
0.904912
0.892547
0.887105
0.868956
0.861576
0.859016
0.860395
0.864184
0.87239
0.889654
0.912826
0.940634
0.957129
0.967407
0.973967
0.978449
0.981644
0.983879
0.985382
0.986392
0.986983
0.987425
0.98767
0.987824
0.987974
0.987946
0.987784
0.987327
0.986234
0.983796
0.978585
0.966862
0.959138
0.959602
0.962873
0.973679
0.989808
0.996391
0.998803
0.999625
0.999889
0.999968
0.999991
0.999998
0.999999
1
1
1
1
1
1
1
1
1
1
1
1
1
1
1
0.999995
0.999924
0.99929
0.995613
0.979598
0.924707
0.828415
0.7794
0.755615
0.743608
0.736898
0.732822
0.728616
0.724483
0.720465
0.718516
0.718064
0.718546
0.72034
0.725282
0.739902
0.784403
0.867609
0.918405
0.943225
0.953846
0.957614
0.95873
0.958577
0.957144
0.951905
0.938177
0.919603
0.905305
0.905588
0.911779
0.918387
0.915598
0.906887
0.891898
0.867628
0.844728
0.82849
0.821221
0.816749
0.807449
0.797697
0.790495
0.780936
0.770852
0.769025
0.772749
0.796552
0.874956
0.942252
0.974577
0.986234
0.990297
0.991695
0.992086
0.992396
0.99298
0.993397
0.993912
0.994891
0.995895
0.996413
0.996504
0.996419
0.996039
0.995072
0.991891
0.989863
0.990003
0.991666
0.99328
0.992512
0.982702
0.922823
0.847338
0.829292
0.838733
0.895369
0.952006
0.980066
0.992444
0.997364
0.999144
0.999739
0.999925
0.99998
0.999995
0.999998
0.999999
0.999999
0.999999
0.999998
0.999996
0.999991
0.999975
0.999903
0.999583
0.998694
0.998079
0.99786
0.997848
0.99797
0.99852
0.999136
0.999518
0.99974
0.999863
0.99993
0.999963
0.999978
0.999984
0.999986
0.999986
0.940316
0.953466
0.959305
0.934063
0.925198
0.899571
0.879066
0.870954
0.866007
0.866442
0.868752
0.873569
0.883925
0.896348
0.917541
0.938975
0.955696
0.966084
0.972852
0.977354
0.98043
0.982463
0.983881
0.984736
0.985347
0.985652
0.985496
0.98492
0.983495
0.98105
0.976106
0.967138
0.956222
0.953471
0.954612
0.958945
0.972255
0.989153
0.996093
0.998676
0.999576
0.999871
0.999963
0.99999
0.999997
0.999999
1
1
1
1
1
1
1
1
1
1
1
1
1
1
1
1
1
0.999989
0.999876
0.999072
0.995007
0.978832
0.926821
0.831388
0.780523
0.755662
0.743105
0.736755
0.733329
0.731139
0.728956
0.72678
0.723294
0.72186
0.722252
0.724377
0.72992
0.745757
0.792546
0.873418
0.921273
0.944561
0.954609
0.958064
0.958865
0.958767
0.957853
0.954815
0.946217
0.943808
0.942674
0.939814
0.931836
0.91478
0.874547
0.834536
0.817585
0.813956
0.811849
0.810575
0.808083
0.801684
0.795737
0.787091
0.774439
0.767956
0.768049
0.776488
0.824089
0.91546
0.964216
0.983314
0.989985
0.991841
0.992345
0.992478
0.992664
0.993145
0.993511
0.994091
0.995173
0.996093
0.996424
0.996411
0.996132
0.995373
0.993817
0.989774
0.987302
0.987323
0.988698
0.991939
0.992011
0.986025
0.941405
0.864698
0.843032
0.849716
0.89808
0.953041
0.980497
0.992603
0.997413
0.999157
0.999742
0.999925
0.99998
0.999994
0.999998
0.999999
0.999999
0.999999
0.999999
0.999997
0.999993
0.999979
0.999914
0.999621
0.998881
0.998415
0.998266
0.998267
0.998404
0.998914
0.999387
0.999669
0.999827
0.999912
0.999956
0.999978
0.999988
0.999991
0.999993
0.999993
0.993494
0.989303
0.989407
0.991745
0.994397
0.994672
0.992362
0.972131
0.91701
0.88645
0.876013
0.876326
0.878782
0.883008
0.89066
0.900396
0.913962
0.928885
0.943448
0.954488
0.963474
0.969017
0.972844
0.974851
0.976102
0.975734
0.974205
0.970428
0.964634
0.957508
0.950269
0.947777
0.948415
0.95069
0.956741
0.973447
0.98934
0.996021
0.998601
0.999536
0.999854
0.999957
0.999988
0.999997
0.999999
1
1
1
1
1
1
1
1
1
1
1
1
1
1
1
1
1
1
0.999999
0.99998
0.999824
0.998888
0.994651
0.978959
0.932648
0.837119
0.783651
0.756772
0.74371
0.737092
0.73457
0.73355
0.733285
0.732864
0.73175
0.728826
0.728425
0.730314
0.735772
0.751268
0.794046
0.869902
0.917703
0.9417
0.952498
0.956788
0.957823
0.957688
0.956773
0.955141
0.952625
0.946991
0.933032
0.898085
0.836604
0.808503
0.803514
0.806632
0.813865
0.81806
0.818797
0.817453
0.809982
0.801345
0.787559
0.773178
0.767539
0.768789
0.787503
0.867121
0.945901
0.978045
0.989045
0.991946
0.992485
0.99256
0.99261
0.992761
0.993198
0.993572
0.994336
0.995486
0.996224
0.996381
0.996243
0.995512
0.994357
0.992301
0.988162
0.985366
0.985179
0.986039
0.989943
0.991186
0.987697
0.956403
0.883056
0.859203
0.863591
0.903708
0.955295
0.981433
0.992956
0.997532
0.999194
0.999752
0.999927
0.999979
0.999994
0.999998
0.999999
0.999999
0.999999
0.999999
0.999998
0.999994
0.999981
0.999922
0.999654
0.999058
0.998718
0.998623
0.998633
0.998781
0.999224
0.999573
0.999776
0.999886
0.999944
0.999973
0.999986
0.999993
0.999995
0.999996
0.999997
0.999833
0.999439
0.999142
0.999161
0.999341
0.999451
0.99935
0.998437
0.994492
0.98315
0.958105
0.932932
0.906646
0.894262
0.893983
0.895799
0.899605
0.905947
0.911549
0.918893
0.925256
0.930803
0.936191
0.939426
0.941109
0.94078
0.939472
0.938847
0.939168
0.940198
0.942317
0.945142
0.950084
0.960325
0.979934
0.99126
0.996506
0.998702
0.999549
0.999853
0.999955
0.999987
0.999996
0.999999
1
1
1
1
1
1
1
1
1
1
1
1
1
1
1
1
1
1
1
1
0.999997
0.999971
0.999788
0.998823
0.99482
0.980941
0.943586
0.851463
0.791067
0.760512
0.745667
0.738844
0.736424
0.736227
0.736458
0.738403
0.738833
0.738077
0.736492
0.737894
0.7427
0.755954
0.792292
0.848772
0.898258
0.926775
0.941793
0.948166
0.949085
0.948259
0.944808
0.934784
0.910199
0.850998
0.81045
0.7935
0.794221
0.80045
0.820404
0.848928
0.862728
0.865308
0.861758
0.844505
0.818428
0.791397
0.773165
0.768273
0.773765
0.814191
0.917247
0.968507
0.987016
0.99189
0.992771
0.992667
0.992588
0.992614
0.992778
0.99323
0.993656
0.994599
0.995748
0.996279
0.996299
0.995885
0.994409
0.992884
0.990966
0.987449
0.984228
0.983675
0.984193
0.987614
0.990093
0.988182
0.966632
0.902259
0.877997
0.880778
0.912848
0.959003
0.982912
0.993515
0.997729
0.999257
0.999769
0.99993
0.999979
0.999994
0.999998
0.999999
0.999999
0.999999
0.999999
0.999998
0.999995
0.999982
0.999928
0.999677
0.999217
0.99898
0.998926
0.998944
0.9991
0.99946
0.999708
0.999851
0.999926
0.999964
0.999983
0.999992
0.999996
0.999997
0.999998
0.999999
0.999997
0.999985
0.999959
0.999952
0.999957
0.999958
0.99995
0.999898
0.999638
0.998687
0.995996
0.990152
0.981924
0.965651
0.948036
0.932388
0.920686
0.915666
0.915836
0.91709
0.919692
0.922041
0.924443
0.926347
0.927454
0.929259
0.931133
0.935032
0.938447
0.945383
0.953802
0.962503
0.977355
0.988246
0.994471
0.997628
0.999064
0.999657
0.999883
0.999962
0.999989
0.999997
0.999999
1
1
1
1
1
1
1
1
1
1
1
1
1
1
1
1
1
1
1
1
1
1
0.999996
0.999966
0.999779
0.998897
0.995483
0.984432
0.955242
0.87654
0.804624
0.767707
0.749543
0.741569
0.73861
0.738374
0.739001
0.741313
0.744624
0.745695
0.745328
0.746092
0.749974
0.760507
0.78963
0.82137
0.855025
0.884998
0.898097
0.898221
0.893866
0.878825
0.852063
0.820519
0.794256
0.784056
0.785953
0.797313
0.832313
0.885567
0.910374
0.911722
0.907847
0.894812
0.862688
0.825247
0.792039
0.772755
0.771188
0.785991
0.865355
0.949563
0.982314
0.99125
0.993065
0.993014
0.992552
0.992319
0.992386
0.992707
0.993211
0.993817
0.995008
0.996
0.996288
0.996182
0.99521
0.992565
0.990851
0.98975
0.987216
0.983766
0.982727
0.983014
0.985795
0.989071
0.988071
0.972897
0.91965
0.897391
0.89933
0.924585
0.964032
0.984925
0.994268
0.997992
0.999341
0.999792
0.999935
0.999979
0.999993
0.999997
0.999999
0.999999
0.999999
0.999998
0.999998
0.999994
0.999982
0.99993
0.999698
0.999352
0.999195
0.999167
0.999191
0.99935
0.999625
0.999802
0.999901
0.999952
0.999977
0.999989
0.999995
0.999997
0.999999
0.999999
0.999999
1
1
0.999999
0.999998
0.999998
0.999998
0.999997
0.999994
0.999979
0.999912
0.999683
0.999073
0.997867
0.995151
0.991631
0.985619
0.979788
0.97129
0.963009
0.957311
0.95346
0.951126
0.951397
0.952561
0.955579
0.95905
0.964494
0.970494
0.977112
0.983039
0.988149
0.992364
0.995543
0.997659
0.998892
0.999524
0.999812
0.999932
0.999977
0.999993
0.999998
0.999999
1
1
1
1
1
1
1
1
1
1
1
1
1
1
1
1
1
1
1
1
1
1
1
1
0.999995
0.999965
0.9998
0.999079
0.996452
0.988414
0.966553
0.908784
0.826351
0.77954
0.755774
0.744962
0.740856
0.740267
0.740933
0.743623
0.747192
0.750397
0.751645
0.753129
0.756783
0.766922
0.782959
0.802845
0.821232
0.827878
0.827562
0.823629
0.815801
0.805087
0.784926
0.775837
0.778099
0.793206
0.846549
0.916931
0.934254
0.927957
0.919906
0.911699
0.894568
0.861274
0.82185
0.786523
0.772802
0.776055
0.812567
0.918764
0.972946
0.98922
0.993125
0.993496
0.993047
0.991867
0.991597
0.99175
0.992366
0.993124
0.994129
0.995446
0.996171
0.996249
0.995907
0.993816
0.990037
0.988475
0.988207
0.987198
0.983761
0.982178
0.982276
0.984394
0.988111
0.987749
0.976821
0.934536
0.916254
0.917922
0.937762
0.969928
0.9873
0.995152
0.998297
0.999434
0.999815
0.999938
0.999978
0.999992
0.999996
0.999998
0.999998
0.999998
0.999998
0.999996
0.999993
0.999981
0.99993
0.999718
0.999467
0.999367
0.999356
0.999385
0.999541
0.999743
0.999867
0.999934
0.999969
0.999986
0.999993
0.999997
0.999998
0.999999
1
1
1
1
1
1
1
1
1
1
0.999999
0.999995
0.99998
0.999933
0.999817
0.999527
0.999071
0.998201
0.996772
0.995647
0.993642
0.991804
0.99074
0.989867
0.989938
0.990445
0.991563
0.992826
0.994152
0.995423
0.996543
0.99749
0.998272
0.998897
0.999359
0.999664
0.999841
0.999932
0.999973
0.99999
0.999997
0.999999
1
1
1
1
1
1
1
1
1
1
1
1
1
1
1
1
1
1
1
1
1
1
1
1
1
1
0.999999
0.999995
0.999969
0.99984
0.999313
0.997488
0.99204
0.976951
0.942382
0.859698
0.798455
0.765578
0.749795
0.743261
0.741561
0.741769
0.74372
0.748706
0.752312
0.754421
0.756757
0.762606
0.770694
0.779556
0.789498
0.795157
0.795654
0.794663
0.791149
0.778306
0.767162
0.769093
0.785248
0.852695
0.93358
0.95389
0.947265
0.923153
0.904361
0.891909
0.874399
0.846017
0.805999
0.777246
0.773069
0.787206
0.868409
0.955078
0.984239
0.992369
0.993916
0.993654
0.992249
0.991344
0.99119
0.991319
0.991992
0.993162
0.994616
0.995849
0.996233
0.996147
0.995276
0.991443
0.986957
0.985716
0.986585
0.986986
0.984437
0.981996
0.981883
0.983564
0.987426
0.987371
0.979333
0.946832
0.93352
0.935214
0.950718
0.975846
0.989698
0.996042
0.998595
0.99952
0.999833
0.999938
0.999975
0.999989
0.999994
0.999996
0.999996
0.999996
0.999995
0.999994
0.99999
0.999978
0.999926
0.999736
0.999562
0.999503
0.999501
0.999537
0.999681
0.999825
0.99991
0.999957
0.99998
0.999991
0.999996
0.999998
0.999999
0.999999
1
1
1
1
1
1
1
1
1
1
1
1
0.999999
0.999996
0.999989
0.999968
0.999927
0.99985
0.999665
0.999524
0.999307
0.999019
0.998832
0.998769
0.998805
0.998935
0.999095
0.999256
0.999407
0.999542
0.999657
0.999753
0.999831
0.999893
0.999938
0.999968
0.999985
0.999993
0.999997
0.999999
1
1
1
1
1
1
1
1
1
1
1
1
1
1
1
1
1
1
1
1
1
1
1
1
1
1
1
1
1
0.999999
0.999996
0.999976
0.999887
0.999541
0.99839
0.994969
0.985803
0.964036
0.90891
0.830311
0.78296
0.758217
0.747031
0.742704
0.741923
0.74265
0.746433
0.751151
0.75444
0.759837
0.764903
0.7714
0.778599
0.78134
0.78106
0.778349
0.765804
0.756682
0.758637
0.775241
0.850457
0.94095
0.967329
0.964371
0.940863
0.880321
0.841999
0.831694
0.828631
0.813815
0.782126
0.768228
0.773391
0.814626
0.92758
0.975176
0.989705
0.993802
0.994285
0.993575
0.991897
0.991205
0.991106
0.991247
0.992004
0.993583
0.99527
0.99612
0.996203
0.995863
0.994014
0.9879
0.982879
0.982077
0.984352
0.986786
0.985094
0.982044
0.98172
0.983089
0.98687
0.987021
0.981022
0.957018
0.948519
0.950266
0.962242
0.981232
0.991908
0.996856
0.998858
0.999589
0.999843
0.999934
0.99997
0.999984
0.99999
0.999992
0.999992
0.999991
0.99999
0.999988
0.999983
0.99997
0.999918
0.999757
0.999643
0.999612
0.999615
0.999655
0.99978
0.999881
0.999939
0.999971
0.999987
0.999994
0.999997
0.999999
0.999999
1
1
1
1
1
1
1
1
1
1
1
1
1
1
1
0.999999
0.999998
0.999996
0.999991
0.999978
0.999965
0.99995
0.999929
0.999909
0.999909
0.999919
0.999933
0.999944
0.999954
0.999963
0.999971
0.999978
0.999984
0.999989
0.999993
0.999996
0.999998
0.999999
1
1
1
1
1
1
1
1
1
1
1
1
1
1
1
1
1
1
1
1
1
1
1
1
1
1
1
1
1
1
1
1
1
1
0.999997
0.999984
0.999929
0.999726
0.999064
0.997123
0.992038
0.97917
0.952118
0.883872
0.816084
0.776371
0.755794
0.74654
0.742622
0.741938
0.742331
0.743848
0.746993
0.751987
0.757753
0.759888
0.759455
0.75687
0.747751
0.745799
0.748688
0.767767
0.851944
0.945221
0.97621
0.976932
0.962941
0.899181
0.814349
0.776778
0.767763
0.768898
0.768759
0.759486
0.762551
0.785033
0.880832
0.959843
0.98455
0.992129
0.994474
0.994582
0.993456
0.991808
0.991188
0.991125
0.991394
0.992518
0.994519
0.995881
0.996195
0.996057
0.995164
0.991518
0.983209
0.977641
0.977218
0.980746
0.986444
0.985815
0.982418
0.981812
0.983169
0.986606
0.986827
0.982332
0.965541
0.960938
0.962649
0.971827
0.985775
0.993773
0.997534
0.999069
0.999635
0.99984
0.999919
0.999954
0.999973
0.999981
0.999983
0.999983
0.999982
0.99998
0.999978
0.999973
0.999959
0.999903
0.999779
0.999711
0.999697
0.999703
0.999747
0.999848
0.999919
0.999959
0.999981
0.999991
0.999996
0.999998
0.999999
0.999999
1
1
1
1
1
1
1
1
1
1
1
1
1
1
1
1
1
1
1
0.999999
0.999998
0.999998
0.999997
0.999996
0.999996
0.999997
0.999997
0.999998
0.999998
0.999999
0.999999
0.999999
0.999999
1
1
1
1
1
1
1
1
1
1
1
1
1
1
1
1
1
1
1
1
1
1
1
1
1
1
1
1
1
1
1
1
1
1
1
1
1
1
1
1
0.999998
0.999991
0.999961
0.999853
0.999512
0.998529
0.995915
0.989584
0.974867
0.945253
0.878259
0.817629
0.780173
0.759058
0.749017
0.744703
0.742089
0.740705
0.740403
0.740171
0.739369
0.736608
0.736316
0.737764
0.745528
0.773994
0.872727
0.95262
0.982525
0.986882
0.979981
0.93708
0.837528
0.780636
0.754213
0.745794
0.744892
0.745496
0.749817
0.763878
0.828462
0.940027
0.977495
0.988864
0.993218
0.994863
0.99486
0.993476
0.991925
0.991416
0.991437
0.992073
0.993882
0.995604
0.99616
0.996117
0.99562
0.993669
0.986541
0.978928
0.974943
0.972802
0.97552
0.984854
0.986722
0.983416
0.98218
0.983474
0.986636
0.986826
0.983488
0.972577
0.970658
0.972206
0.979108
0.989244
0.995216
0.998064
0.999223
0.999649
0.999815
0.999887
0.999927
0.99995
0.999961
0.999965
0.999965
0.999964
0.999959
0.999954
0.999948
0.999933
0.99988
0.9998
0.999764
0.999759
0.999768
0.999818
0.999896
0.999946
0.999973
0.999987
0.999994
0.999997
0.999999
0.999999
1
1
1
1
1
1
1
1
1
1
1
1
1
1
1
1
1
1
1
1
1
1
1
1
1
1
1
1
1
1
1
1
1
1
1
1
1
1
1
1
1
1
1
1
1
1
1
1
1
1
1
1
1
1
1
1
1
1
1
1
1
1
1
1
1
1
1
1
1
1
1
1
1
1
1
0.999999
0.999995
0.999981
0.999931
0.999775
0.99933
0.998163
0.995328
0.98891
0.975237
0.947222
0.898785
0.844341
0.804157
0.779558
0.764855
0.755602
0.749305
0.746621
0.747107
0.749847
0.757415
0.776155
0.827801
0.914566
0.965628
0.987748
0.993158
0.99074
0.970728
0.886891
0.807103
0.763447
0.744112
0.738187
0.737868
0.740287
0.749528
0.788628
0.90601
0.968404
0.984703
0.990543
0.993711
0.995015
0.995205
0.994205
0.992846
0.992338
0.992582
0.993938
0.995508
0.996147
0.99611
0.995748
0.994602
0.990271
0.980679
0.976773
0.974149
0.970195
0.970357
0.980163
0.987387
0.985065
0.983025
0.984119
0.986765
0.986915
0.984433
0.97823
0.977814
0.979173
0.984341
0.991806
0.996336
0.998472
0.999302
0.999619
0.999747
0.999825
0.999877
0.999906
0.999918
0.999925
0.999927
0.999928
0.999925
0.999921
0.999916
0.999903
0.999859
0.999813
0.999797
0.999797
0.999814
0.999875
0.999932
0.999965
0.999982
0.999991
0.999995
0.999998
0.999999
0.999999
0.999999
0.999999
0.999999
0.999999
1
1
1
1
1
1
1
1
1
1
1
1
1
1
1
1
1
1
1
1
1
1
1
1
1
1
1
1
1
1
1
1
1
1
1
1
1
1
1
1
1
1
1
1
1
1
1
1
1
1
1
1
1
1
1
1
1
1
1
1
1
1
1
1
1
1
1
1
1
1
1
1
1
0.999998
0.999992
0.999971
0.999909
0.999735
0.999285
0.9982
0.995747
0.990384
0.976532
0.957396
0.935031
0.909955
0.87917
0.849594
0.83723
0.837624
0.84265
0.855015
0.884252
0.925696
0.959776
0.981909
0.993102
0.996701
0.996165
0.989408
0.94851
0.853305
0.789494
0.755134
0.740373
0.736385
0.736618
0.741693
0.768862
0.867853
0.955154
0.981701
0.987454
0.991138
0.99393
0.995069
0.995433
0.995337
0.994679
0.994437
0.99503
0.995789
0.996135
0.996093
0.995699
0.995029
0.992183
0.982952
0.978142
0.975907
0.973621
0.969225
0.965565
0.972176
0.986832
0.986907
0.984901
0.98543
0.987036
0.98711
0.985453
0.982747
0.982893
0.984131
0.988029
0.993745
0.997208
0.998746
0.999298
0.999451
0.999515
0.999658
0.999767
0.999811
0.999825
0.999832
0.999841
0.999853
0.999865
0.999864
0.99986
0.999852
0.999831
0.999812
0.99981
0.999818
0.999863
0.999919
0.999955
0.999976
0.999987
0.999993
0.999996
0.999998
0.999998
0.999999
0.999999
0.999999
0.999999
0.999998
1
1
1
1
1
1
1
1
1
1
1
1
1
1
1
1
1
1
1
1
1
1
1
1
1
1
1
1
1
1
1
1
1
1
1
1
1
1
1
1
1
1
1
1
1
1
1
1
1
1
1
1
1
1
1
1
1
1
1
1
1
1
1
1
1
1
1
1
1
1
1
1
1
1
0.999999
0.999997
0.99999
0.999969
0.999912
0.999765
0.999416
0.9986
0.996477
0.991206
0.986911
0.982745
0.972718
0.960265
0.957139
0.957903
0.960801
0.967939
0.977642
0.986662
0.993319
0.997194
0.998687
0.998654
0.996735
0.984515
0.925458
0.838489
0.782157
0.752477
0.739854
0.737377
0.740171
0.758812
0.834668
0.940385
0.977893
0.986636
0.988287
0.991286
0.994002
0.995082
0.995463
0.995616
0.995673
0.995793
0.996005
0.996111
0.996013
0.99548
0.995137
0.993483
0.986132
0.979552
0.977362
0.975682
0.972809
0.968671
0.961678
0.96286
0.982168
0.988617
0.986211
0.986518
0.98765
0.987646
0.986881
0.986058
0.986333
0.987315
0.990524
0.995211
0.99782
0.998846
0.999137
0.99916
0.999243
0.999448
0.999557
0.999594
0.999603
0.999612
0.999636
0.999667
0.999711
0.999756
0.999783
0.999789
0.999789
0.999793
0.99981
0.999856
0.999905
0.999942
0.999966
0.999981
0.999989
0.999993
0.999996
0.999997
0.999998
0.999998
0.999998
0.999998
0.999998
0.999997
1
1
1
1
1
1
1
1
1
1
1
1
1
1
1
1
1
1
1
1
1
1
1
1
1
1
1
1
1
1
1
1
1
1
1
1
1
1
1
1
1
1
1
1
1
1
1
1
1
1
1
1
1
1
1
1
1
1
1
1
1
1
1
1
1
1
1
1
1
1
1
1
1
1
1
1
0.999999
0.999997
0.999991
0.999975
0.999934
0.999836
0.99957
0.998769
0.998139
0.997565
0.995947
0.993943
0.993692
0.993845
0.994464
0.995843
0.997312
0.998515
0.999296
0.999617
0.999609
0.99913
0.996031
0.980402
0.914754
0.833239
0.780389
0.753468
0.745266
0.746005
0.757921
0.808966
0.924621
0.973256
0.986561
0.987848
0.988431
0.991088
0.993977
0.994984
0.995416
0.995643
0.9958
0.995936
0.995955
0.995728
0.995257
0.995043
0.994197
0.989541
0.98144
0.978608
0.977308
0.975701
0.972227
0.967265
0.960046
0.954744
0.969299
0.990101
0.988427
0.987312
0.988076
0.988329
0.988096
0.987961
0.988144
0.988919
0.992423
0.996319
0.99817
0.99877
0.998808
0.998804
0.998843
0.999001
0.999054
0.999032
0.998994
0.999
0.999079
0.99926
0.999447
0.999582
0.999658
0.999698
0.99973
0.99977
0.999822
0.999875
0.99992
0.999951
0.999971
0.999983
0.999989
0.999993
0.999995
0.999996
0.999996
0.999996
0.999996
0.999996
0.999996
0.999994
1
1
1
1
1
1
1
1
1
1
1
1
1
1
1
1
1
1
1
1
1
1
1
1
1
1
1
1
1
1
1
1
1
1
1
1
1
1
1
1
1
1
1
1
1
1
1
1
1
1
1
1
1
1
1
1
1
1
1
1
1
1
1
1
1
1
1
1
1
1
1
1
1
1
1
1
1
1
0.999999
0.999998
0.999994
0.999985
0.99996
0.99988
0.999823
0.999766
0.999596
0.999496
0.999485
0.9995
0.999563
0.999693
0.999813
0.999893
0.999919
0.999908
0.999796
0.999132
0.995681
0.978775
0.911326
0.832891
0.787293
0.768423
0.765623
0.771571
0.804829
0.907923
0.966896
0.986802
0.989584
0.987794
0.987354
0.990623
0.993615
0.994602
0.995111
0.995408
0.995516
0.995434
0.995242
0.994998
0.994864
0.994441
0.992014
0.98419
0.980266
0.978581
0.978161
0.976324
0.971974
0.965379
0.958123
0.950608
0.95255
0.982604
0.990411
0.989179
0.988587
0.988708
0.988653
0.988693
0.988929
0.990388
0.994389
0.997195
0.998313
0.998517
0.99847
0.998229
0.998119
0.998063
0.997841
0.997558
0.997447
0.997541
0.998075
0.998665
0.999073
0.99934
0.999503
0.999606
0.999684
0.999756
0.999824
0.999882
0.999926
0.999954
0.999972
0.999982
0.999988
0.999991
0.999992
0.999993
0.999993
0.999993
0.999992
0.999991
0.99999
0.999988
1
1
1
1
1
1
1
1
1
1
1
1
1
1
1
1
1
1
1
1
1
1
1
1
1
1
1
1
1
1
1
1
1
1
1
1
1
1
1
1
1
1
1
1
1
1
1
1
1
1
1
1
1
1
1
1
1
1
1
1
1
1
1
1
1
1
1
1
1
1
1
1
1
1
1
1
1
1
1
1
1
0.999999
0.999997
0.999993
0.99999
0.999984
0.999979
0.999978
0.999978
0.99998
0.999986
0.999989
0.999991
0.99999
0.999986
0.999961
0.999826
0.99913
0.995651
0.978792
0.916356
0.854874
0.820829
0.809608
0.81048
0.82921
0.906351
0.963715
0.986507
0.992137
0.990697
0.985229
0.985313
0.990174
0.992936
0.993843
0.994311
0.994533
0.994619
0.994679
0.994704
0.994703
0.994487
0.993045
0.988317
0.982664
0.980215
0.979836
0.980008
0.977361
0.971743
0.963774
0.954799
0.947242
0.945104
0.956709
0.98737
0.99007
0.990037
0.989649
0.98937
0.989492
0.990328
0.99316
0.996162
0.997803
0.998335
0.998356
0.998127
0.997781
0.997599
0.99712
0.996409
0.995982
0.99591
0.996183
0.997216
0.998149
0.998757
0.999132
0.99936
0.999513
0.999632
0.999734
0.999819
0.999883
0.999927
0.999956
0.999973
0.999982
0.999986
0.999987
0.999987
0.999987
0.999986
0.999983
0.999981
0.99998
0.999979
0.999976
1
1
1
1
1
1
1
1
1
1
1
1
1
1
1
1
1
1
1
1
1
1
1
1
1
1
1
1
1
1
1
1
1
1
1
1
1
1
1
1
1
1
1
1
1
1
1
1
1
1
1
1
1
1
1
1
1
1
1
1
1
1
1
1
1
1
1
1
1
1
1
1
1
1
1
1
1
1
1
1
1
1
1
1
1
0.999999
0.999999
0.999999
1
1
1
1
0.999999
0.999998
0.999994
0.999973
0.999878
0.999429
0.997341
0.988372
0.952675
0.91045
0.889716
0.886223
0.891621
0.927791
0.968038
0.987547
0.993969
0.993774
0.988201
0.981654
0.982643
0.98882
0.991918
0.993161
0.993677
0.993963
0.994288
0.99452
0.994591
0.994504
0.993728
0.991298
0.986325
0.982574
0.981645
0.982316
0.981284
0.977759
0.971604
0.962559
0.951511
0.942758
0.938709
0.943451
0.969548
0.988233
0.990279
0.990864
0.991318
0.991887
0.993484
0.995614
0.997268
0.99805
0.998269
0.99819
0.997791
0.997465
0.996908
0.995901
0.994936
0.994411
0.994376
0.99498
0.996641
0.997789
0.998476
0.998898
0.999183
0.999399
0.999572
0.999709
0.999811
0.999883
0.999929
0.999957
0.999971
0.999978
0.99998
0.99998
0.99998
0.999976
0.999968
0.999963
0.999961
0.999959
0.999959
0.999954
1
1
1
1
1
1
1
1
1
1
1
1
1
1
1
1
1
1
1
1
1
1
1
1
1
1
1
1
1
1
1
1
1
1
1
1
1
1
1
1
1
1
1
1
1
1
1
1
1
1
1
1
1
1
1
1
1
1
1
1
1
1
1
1
1
1
1
1
1
1
1
1
1
1
1
1
1
1
1
1
1
1
1
1
1
1
1
1
1
1
1
1
1
0.999999
0.999997
0.999988
0.999947
0.999755
0.998884
0.995156
0.981473
0.967442
0.962187
0.961879
0.965253
0.97914
0.990853
0.995754
0.996124
0.993906
0.982443
0.976472
0.978514
0.986909
0.991349
0.992953
0.993534
0.993847
0.994244
0.994531
0.994609
0.994466
0.993512
0.9907
0.986102
0.984279
0.984523
0.983712
0.981798
0.978163
0.972009
0.961999
0.949382
0.937789
0.933288
0.934077
0.945659
0.974506
0.988037
0.990654
0.991949
0.993421
0.995068
0.99657
0.997571
0.998033
0.998062
0.997828
0.997284
0.996846
0.996043
0.994661
0.99327
0.992694
0.992847
0.994356
0.996263
0.99742
0.998155
0.998662
0.999039
0.999328
0.999545
0.999704
0.999815
0.999888
0.999932
0.999956
0.999968
0.999972
0.999972
0.999971
0.999964
0.999943
0.999927
0.999921
0.999919
0.999919
0.999919
0.999915
1
1
1
1
1
1
1
1
1
1
1
1
1
1
1
1
1
1
1
1
1
1
1
1
1
1
1
1
1
1
1
1
1
1
1
1
1
1
1
1
1
1
1
1
1
1
1
1
1
1
1
1
1
1
1
1
1
1
1
1
1
1
1
1
1
1
1
1
1
1
1
1
1
1
1
1
1
1
1
1
1
1
1
1
1
1
1
1
1
1
1
1
1
1
0.999999
0.999994
0.999973
0.999878
0.999453
0.997496
0.992259
0.989089
0.988349
0.98852
0.99026
0.994777
0.997481
0.997771
0.996798
0.989528
0.973006
0.969211
0.97513
0.986238
0.991172
0.992912
0.99353
0.993871
0.994444
0.994864
0.99492
0.994743
0.993727
0.990869
0.988159
0.987533
0.986552
0.98451
0.982742
0.979161
0.972582
0.962377
0.948384
0.935397
0.930381
0.929613
0.933218
0.947732
0.973033
0.986722
0.990895
0.993204
0.995061
0.996519
0.997408
0.997628
0.997456
0.996901
0.996204
0.995491
0.994517
0.992463
0.991009
0.99084
0.991983
0.994443
0.996128
0.997238
0.998014
0.998583
0.999007
0.999322
0.999553
0.999718
0.999829
0.999897
0.999935
0.999953
0.99996
0.999961
0.99996
0.999952
0.99992
0.999875
0.99985
0.999843
0.999843
0.999849
0.999855
0.999847
1
1
1
1
1
1
1
1
1
1
1
1
1
1
1
1
1
1
1
1
1
1
1
1
1
1
1
1
1
1
1
1
1
1
1
1
1
1
1
1
1
1
1
1
1
1
1
1
1
1
1
1
1
1
1
1
1
1
1
1
1
1
1
1
1
1
1
1
1
1
1
1
1
1
1
1
1
1
1
1
1
1
1
1
1
1
1
1
1
1
1
1
1
1
1
0.999998
0.99999
0.999954
0.999788
0.998982
0.997685
0.997181
0.997146
0.997287
0.997992
0.998862
0.998848
0.998301
0.994214
0.975708
0.96014
0.961047
0.974157
0.986185
0.991191
0.993023
0.9938
0.994302
0.995117
0.995677
0.996041
0.996017
0.995366
0.99366
0.99253
0.990933
0.988565
0.986903
0.984965
0.980845
0.974315
0.964191
0.949328
0.934712
0.929453
0.928163
0.928556
0.933812
0.94709
0.96634
0.981787
0.989059
0.992638
0.994725
0.995695
0.995558
0.994959
0.993562
0.992565
0.991738
0.990676
0.988956
0.98861
0.989678
0.992353
0.994617
0.996175
0.99725
0.998022
0.998597
0.999031
0.999359
0.999596
0.999756
0.999854
0.999908
0.999935
0.999946
0.999949
0.999948
0.999943
0.999916
0.999831
0.999754
0.999717
0.99971
0.999712
0.999732
0.99975
0.999732
1
1
1
1
1
1
1
1
1
1
1
1
1
1
1
1
1
1
1
1
1
1
1
1
1
1
1
1
1
1
1
1
1
1
1
1
1
1
1
1
1
1
1
1
1
1
1
1
1
1
1
1
1
1
1
1
1
1
1
1
1
1
1
1
1
1
1
1
1
1
1
1
1
1
1
1
1
1
1
1
1
1
1
1
1
1
1
1
1
1
1
1
1
1
1
1
0.999998
0.99999
0.999948
0.999778
0.999649
0.999619
0.999623
0.99966
0.999629
0.9995
0.999055
0.99633
0.979686
0.947656
0.943693
0.955498
0.976289
0.986806
0.991641
0.993736
0.994779
0.99549
0.996419
0.997377
0.997674
0.997657
0.997395
0.996755
0.996062
0.994868
0.99323
0.99148
0.988018
0.983942
0.97771
0.968166
0.954722
0.937908
0.9302
0.928134
0.927844
0.92908
0.93424
0.94397
0.956095
0.968488
0.977371
0.982961
0.984963
0.983994
0.982389
0.982243
0.985231
0.986236
0.986041
0.98619
0.987663
0.990318
0.993027
0.994971
0.996347
0.997353
0.998113
0.998701
0.999151
0.999475
0.999687
0.999813
0.999881
0.999914
0.999928
0.999931
0.999931
0.999928
0.999911
0.999845
0.999677
0.999548
0.999489
0.99948
0.999488
0.999525
0.999547
0.999496
1
1
1
1
1
1
1
1
1
1
1
1
1
1
1
1
1
1
1
1
1
1
1
1
1
1
1
1
1
1
1
1
1
1
1
1
1
1
1
1
1
1
1
1
1
1
1
1
1
1
1
1
1
1
1
1
1
1
1
1
1
1
1
1
1
1
1
1
1
1
1
1
1
1
1
1
1
1
1
1
1
1
1
1
1
1
1
1
1
1
1
1
1
1
1
1
1
0.999999
0.999994
0.999985
0.999982
0.999978
0.999961
0.9999
0.999712
0.999186
0.997105
0.984219
0.933996
0.914957
0.926917
0.962192
0.98038
0.988519
0.993235
0.995341
0.996175
0.997188
0.997885
0.998104
0.998128
0.998069
0.99787
0.99752
0.997102
0.996558
0.995755
0.994446
0.992151
0.988112
0.982531
0.974358
0.962388
0.945888
0.933456
0.929478
0.928535
0.928606
0.930528
0.934983
0.941377
0.948643
0.955619
0.961139
0.964727
0.96755
0.97165
0.977258
0.981557
0.982968
0.983939
0.98566
0.988365
0.991552
0.993837
0.995451
0.996665
0.997624
0.998396
0.998983
0.999386
0.999637
0.999782
0.999857
0.999891
0.999903
0.999905
0.999904
0.9999
0.999886
0.999846
0.999715
0.999412
0.999176
0.999057
0.99903
0.999037
0.99907
0.999073
0.99891
1
1
1
1
1
1
1
1
1
1
1
1
1
1
1
1
1
1
1
1
1
1
1
1
1
1
1
1
1
1
1
1
1
1
1
1
1
1
1
1
1
1
1
1
1
1
1
1
1
1
1
1
1
1
1
1
1
1
1
1
1
1
1
1
1
1
1
1
1
1
1
1
1
1
1
1
1
1
1
1
1
1
1
1
1
1
1
1
1
1
1
1
1
1
1
1
1
0.999999
0.999997
0.999994
0.999992
0.999984
0.999936
0.999703
0.998992
0.997081
0.987979
0.934973
0.88356
0.882249
0.920685
0.964876
0.983371
0.991102
0.994572
0.996149
0.997129
0.997706
0.998079
0.998175
0.998177
0.998103
0.997905
0.997595
0.997221
0.996747
0.996087
0.995178
0.993755
0.991121
0.986665
0.980031
0.971264
0.958189
0.94084
0.932747
0.930234
0.929708
0.93042
0.933386
0.937396
0.941828
0.947027
0.952284
0.957667
0.963554
0.970378
0.977062
0.980484
0.982055
0.983733
0.986369
0.99002
0.992681
0.994573
0.996048
0.997244
0.998192
0.99888
0.999331
0.999606
0.99976
0.999836
0.999865
0.999871
0.999867
0.999847
0.999828
0.999813
0.999785
0.999718
0.999516
0.999003
0.998555
0.998282
0.99818
0.998132
0.998107
0.998054
0.997626
1
1
1
1
1
1
1
1
1
1
1
1
1
1
1
1
1
1
1
1
1
1
1
1
1
1
1
1
1
1
1
1
1
1
1
1
1
1
1
1
1
1
1
1
1
1
1
1
1
1
1
1
1
1
1
1
1
1
1
1
1
1
1
1
1
1
1
1
1
1
1
1
1
1
1
1
1
1
1
1
1
1
1
1
1
1
1
1
1
1
1
1
1
1
1
1
0.999998
0.999994
0.999981
0.999976
0.99997
0.999945
0.999782
0.999051
0.996922
0.989811
0.947277
0.864566
0.838105
0.844599
0.895906
0.956724
0.982739
0.991574
0.99472
0.99624
0.997182
0.997689
0.998001
0.998075
0.998057
0.997928
0.997688
0.997373
0.996999
0.99655
0.995984
0.995259
0.99429
0.992932
0.990671
0.985731
0.977556
0.968477
0.955208
0.940084
0.934241
0.932343
0.932041
0.933718
0.937468
0.941358
0.946067
0.951441
0.957457
0.964029
0.971458
0.977635
0.980466
0.982105
0.984586
0.988594
0.991659
0.993861
0.995617
0.997028
0.998098
0.998843
0.999319
0.999598
0.999747
0.999815
0.999836
0.999837
0.999819
0.999746
0.999675
0.999637
0.999608
0.999555
0.999428
0.999059
0.998198
0.997431
0.996884
0.996621
0.99643
0.996261
0.996098
0.995303
1
1
1
1
1
1
1
1
1
1
1
1
1
1
1
1
1
1
1
1
1
1
1
1
1
1
1
1
1
1
1
1
1
1
1
1
1
1
1
1
1
1
1
1
1
1
1
1
1
1
1
1
1
1
1
1
1
1
1
1
1
1
1
1
1
1
1
1
1
1
1
1
1
1
1
1
1
1
1
1
1
1
1
1
1
1
1
1
1
1
1
1
1
1
0.999999
0.999995
0.999979
0.999931
0.999887
0.999882
0.999874
0.999814
0.999401
0.99752
0.992009
0.973884
0.905073
0.837872
0.805159
0.792264
0.816416
0.915902
0.972815
0.989354
0.99372
0.995465
0.996434
0.997013
0.997324
0.997422
0.997348
0.997063
0.996656
0.996198
0.995696
0.995157
0.994667
0.994241
0.993863
0.993123
0.991889
0.989982
0.985246
0.975748
0.967441
0.955987
0.943557
0.938247
0.936536
0.936397
0.939003
0.942896
0.947409
0.95312
0.95981
0.967736
0.974989
0.978645
0.980809
0.983226
0.987462
0.990882
0.993368
0.995365
0.996945
0.998102
0.998876
0.999348
0.99961
0.99974
0.999792
0.999804
0.999798
0.999749
0.999572
0.999381
0.999263
0.999194
0.999113
0.998943
0.998524
0.997505
0.996181
0.995128
0.994299
0.99378
0.993337
0.99312
0.992836
0.991805
1
1
1
1
1
1
1
1
1
1
1
1
1
1
1
1
1
1
1
1
1
1
1
1
1
1
1
1
1
1
1
1
1
1
1
1
1
1
1
1
1
1
1
1
1
1
1
1
1
1
1
1
1
1
1
1
1
1
1
1
1
1
1
1
1
1
1
1
1
1
1
1
1
1
1
1
1
1
1
1
1
1
1
1
1
1
1
1
1
1
1
1
1
0.999998
0.999988
0.999944
0.99976
0.999514
0.999488
0.999534
0.999553
0.999473
0.998677
0.994812
0.986323
0.968368
0.916783
0.859703
0.810016
0.775667
0.773057
0.836937
0.945789
0.980868
0.989366
0.99211
0.993573
0.994602
0.99513
0.995303
0.995084
0.994503
0.993649
0.992709
0.991735
0.990768
0.990234
0.990078
0.99063
0.991439
0.991799
0.991075
0.989442
0.984952
0.975241
0.968265
0.959404
0.952048
0.947109
0.945327
0.945301
0.94902
0.953862
0.960193
0.967161
0.973051
0.977247
0.980104
0.98256
0.986876
0.990509
0.99319
0.995353
0.99703
0.998217
0.998975
0.99941
0.999633
0.999731
0.999762
0.999763
0.999737
0.999601
0.999187
0.998755
0.998437
0.99821
0.997961
0.997403
0.996172
0.994582
0.992904
0.99133
0.990066
0.988832
0.988092
0.987842
0.987844
0.988257
0.987978
1
1
1
1
1
1
1
1
1
1
1
1
1
1
1
1
1
1
1
1
1
1
1
1
1
1
1
1
1
1
1
1
1
1
1
1
1
1
1
1
1
1
1
1
1
1
1
1
1
1
1
1
1
1
1
1
1
1
1
1
1
1
1
1
1
1
1
1
1
1
1
1
1
1
1
1
1
1
1
1
1
1
1
1
1
1
1
1
1
1
1
0.999999
0.999997
0.999977
0.999874
0.999487
0.998179
0.997743
0.997868
0.998325
0.998696
0.998691
0.997959
0.993441
0.98361
0.972707
0.966324
0.95448
0.904225
0.81311
0.771557
0.786199
0.895863
0.961383
0.977805
0.983248
0.98624
0.98835
0.989538
0.989896
0.989461
0.988325
0.986531
0.984465
0.982372
0.980369
0.979194
0.978845
0.980146
0.983276
0.98751
0.989814
0.990433
0.989137
0.985225
0.976294
0.97199
0.965409
0.962325
0.960556
0.960028
0.962076
0.966272
0.969332
0.974476
0.977274
0.980515
0.983282
0.987151
0.99064
0.993409
0.995638
0.997322
0.998458
0.999136
0.999491
0.99965
0.999705
0.999714
0.999696
0.999579
0.999083
0.997995
0.997075
0.996094
0.994814
0.993033
0.99076
0.988266
0.985795
0.983611
0.982406
0.982073
0.982077
0.982199
0.982513
0.98332
0.984514
0.986665
0.985956
1
1
1
1
1
1
1
1
1
1
1
1
1
1
1
1
1
1
1
1
1
1
1
1
1
1
1
1
1
1
1
1
1
1
1
1
1
1
1
1
1
1
1
1
1
1
1
1
1
1
1
1
1
1
1
1
1
1
1
1
1
1
1
1
1
1
1
1
1
1
1
1
1
1
1
1
1
1
1
1
1
1
1
1
1
0.999999
0.999999
0.999999
0.999998
0.999998
0.999997
0.999995
0.999965
0.999771
0.998876
0.996159
0.992174
0.991958
0.992573
0.994527
0.996499
0.99717
0.996679
0.99179
0.983329
0.981154
0.981951
0.981989
0.974962
0.928493
0.808939
0.775671
0.830752
0.924335
0.952192
0.962512
0.968877
0.973384
0.976128
0.977211
0.976735
0.974735
0.971242
0.967073
0.962808
0.958702
0.955657
0.954468
0.954641
0.95942
0.968472
0.980606
0.987501
0.989944
0.990007
0.986258
0.979316
0.976335
0.973249
0.971967
0.971546
0.972176
0.974856
0.976491
0.980372
0.982118
0.985314
0.988546
0.991743
0.994311
0.996416
0.997911
0.998839
0.999326
0.999542
0.999622
0.999637
0.999604
0.999399
0.998679
0.996687
0.993625
0.989812
0.985395
0.981111
0.977871
0.975929
0.975064
0.974856
0.974903
0.97534
0.977149
0.978625
0.979738
0.980808
0.981828
0.98241
0.984262
0.983879
0.971901
1
1
1
1
1
1
1
1
1
1
1
1
1
1
1
1
1
1
1
1
1
1
1
1
1
1
1
1
1
1
1
1
1
1
1
1
1
1
1
1
1
1
1
1
1
1
1
1
1
1
1
1
1
1
1
1
1
1
1
1
1
1
1
1
1
1
1
1
1
1
1
1
1
1
1
1
1
0.999999
0.999997
0.999996
0.999996
0.999996
0.999996
0.999995
0.999994
0.999991
0.999989
0.999985
0.999982
0.999981
0.999978
0.999948
0.99965
0.998007
0.991426
0.985426
0.985914
0.986469
0.988123
0.992172
0.994853
0.995638
0.994816
0.989188
0.985206
0.985173
0.986415
0.987037
0.98567
0.974127
0.89822
0.782359
0.781326
0.858407
0.900319
0.91674
0.92953
0.93862
0.94486
0.947982
0.948345
0.945522
0.939832
0.932429
0.924834
0.917533
0.910925
0.906063
0.904089
0.905806
0.917049
0.939189
0.967905
0.98451
0.990579
0.991517
0.989355
0.984462
0.982371
0.981072
0.980626
0.980666
0.982368
0.984024
0.986911
0.98868
0.991523
0.994052
0.996139
0.997599
0.998586
0.999103
0.99933
0.999383
0.999319
0.998891
0.997445
0.993729
0.987982
0.9815
0.97639
0.973151
0.971136
0.970078
0.969734
0.969873
0.970459
0.97185
0.972912
0.973934
0.97513
0.976912
0.977138
0.977091
0.974527
0.97271
0.965573
0.961708
0.94674
0.852927
1
1
1
1
1
1
1
1
1
1
1
1
1
1
1
1
1
1
1
1
1
1
1
1
1
1
1
1
1
1
1
1
1
1
1
1
1
1
1
1
1
1
1
1
1
1
1
1
1
1
1
1
1
1
1
1
1
1
1
1
1
1
1
1
1
1
1
1
1
1
1
1
1
1
1
0.999997
0.999987
0.999962
0.999933
0.999926
0.999925
0.999925
0.999925
0.99992
0.999906
0.999884
0.999862
0.999834
0.99983
0.999832
0.99982
0.999463
0.996756
0.983598
0.978339
0.980948
0.989226
0.992374
0.993107
0.994183
0.994597
0.993994
0.991102
0.988137
0.987685
0.987912
0.988383
0.988427
0.987624
0.981535
0.949359
0.815244
0.743394
0.763606
0.80616
0.821585
0.840391
0.858927
0.87171
0.879813
0.883133
0.880622
0.873528
0.864503
0.853585
0.841787
0.831596
0.821332
0.812115
0.807816
0.811346
0.836622
0.885988
0.945313
0.977564
0.990579
0.993897
0.994207
0.992391
0.991397
0.991047
0.991012
0.991909
0.993122
0.994481
0.995579
0.996836
0.997739
0.99839
0.998766
0.998918
0.998896
0.998472
0.997141
0.993744
0.988992
0.982806
0.976404
0.969966
0.96195
0.956588
0.955073
0.947931
0.935148
0.917906
0.903208
0.887102
0.876291
0.865185
0.862706
0.856462
0.852465
0.835316
0.817593
0.78021
0.762998
0.725093
0.701325
0.618304
0.334057
1
1
1
1
1
1
1
1
1
1
1
1
1
1
1
1
1
1
1
1
1
1
1
1
1
1
1
1
1
1
1
1
1
1
1
1
1
1
1
1
1
1
1
1
1
1
1
1
1
1
1
1
1
1
1
1
1
1
1
1
1
1
1
1
1
1
1
1
1
1
1
1
1
1
0.999988
0.99989
0.999638
0.999288
0.999155
0.999148
0.999166
0.999198
0.999194
0.999151
0.999028
0.998704
0.998631
0.998653
0.998735
0.998948
0.998799
0.992987
0.967254
0.964862
0.975263
0.985348
0.990118
0.99259
0.993279
0.993475
0.993149
0.991935
0.990188
0.989452
0.988486
0.986229
0.985278
0.985178
0.984372
0.978927
0.954538
0.842756
0.714388
0.691322
0.705534
0.712661
0.705964
0.696554
0.701478
0.713154
0.721722
0.723052
0.718204
0.712399
0.705531
0.695333
0.685661
0.674646
0.66313
0.651774
0.645941
0.661335
0.710842
0.797078
0.887911
0.946352
0.976742
0.99085
0.995704
0.995967
0.995696
0.995782
0.995918
0.996137
0.996355
0.996501
0.996588
0.996128
0.994821
0.99222
0.987382
0.977699
0.961147
0.935079
0.893653
0.830222
0.750004
0.657414
0.561645
0.470321
0.385227
0.310442
0.247607
0.189829
0.136721
0.091427
0.0564423
0.0320639
0.0166367
0.00779191
0.00332971
0.00166873
0.00115872
0.000787234
0.000518783
0.000335791
0.00021026
0.000131556
7.28234e-05
-0.0150213
1
1
1
1
1
1
1
1
1
1
1
1
1
1
1
1
1
1
1
1
1
1
1
1
1
1
1
1
1
1
1
1
1
1
1
1
1
1
1
1
1
1
1
1
1
1
1
1
1
1
1
1
1
1
1
1
1
1
1
1
1
1
1
1
1
1
1
1
1
1
1
1
1
0.999988
0.999768
0.998232
0.997
0.99691
0.996987
0.996964
0.996664
0.996167
0.995723
0.995272
0.994558
0.993458
0.991843
0.989469
0.985429
0.977161
0.964898
0.953347
0.952724
0.961248
0.971238
0.976713
0.980396
0.983536
0.986028
0.987381
0.987971
0.987992
0.987941
0.987348
0.985453
0.983087
0.979506
0.971521
0.953385
0.934089
0.894251
0.774979
0.683309
0.668103
0.680823
0.688764
0.678619
0.638541
0.5951
0.566454
0.54931
0.536343
0.528556
0.525286
0.524568
0.524822
0.53051
0.541268
0.555568
0.567354
0.577213
0.590406
0.623486
0.688077
0.749258
0.783483
0.806957
0.826798
0.844059
0.856432
0.860676
0.861495
0.855841
0.842694
0.82935
0.802892
0.77017
0.724565
0.664591
0.588545
0.49799
0.38805
0.272932
0.1664
0.0808915
0.0332105
0.011601
0.00362563
0.00111885
0.000454212
0.000267766
0.000145292
7.24487e-05
3.39624e-05
1.54372e-05
7.00181e-06
3.21284e-06
1.48426e-06
6.8334e-07
3.17437e-07
1.5922e-07
9.36771e-08
6.04292e-08
3.92804e-08
2.51263e-08
1.57261e-08
9.49303e-09
5.4955e-09
2.68726e-09
-2.6779e-07
0.0393266
0.0700185
0.072737
0.0686748
0.0609749
0.0477774
0.034046
0.0224963
0.013777
0.00787296
0.00424147
0.00216555
0.0010583
0.000497546
0.000228191
0.000101233
4.42504e-05
1.84899e-05
7.69874e-06
2.94798e-06
1.08198e-06
4.44864e-07
1.95016e-07
7.57658e-08
3.32836e-08
0.486931
0.541051
0.55565
0.552415
0.532106
0.484339
0.431235
0.36416
0.283358
0.201241
0.132895
0.0832065
0.0493612
0.0277949
0.0149212
0.00765429
0.00377119
0.00178448
0.000816285
0.00035947
0.000153927
6.33292e-05
2.54557e-05
1.00035e-05
3.14991e-06
0.850633
0.870705
0.888838
0.901424
0.907101
0.908497
0.907078
0.901186
0.882782
0.826719
0.673277
0.48676
0.323013
0.199905
0.116431
0.0642088
0.0337275
0.0169357
0.00817306
0.00379645
0.00170714
0.000741894
0.000312562
0.000131335
4.27929e-05
0.908698
0.924532
0.939206
0.952065
0.962513
0.969729
0.973548
0.974842
0.974879
0.972854
0.962369
0.917852
0.753196
0.513168
0.323144
0.189916
0.105121
0.0552081
0.0277272
0.0133761
0.00623663
0.00281274
0.00122727
0.000537036
0.000180516
0.909983
0.921753
0.938917
0.953557
0.965428
0.974836
0.981837
0.986297
0.988292
0.988585
0.987797
0.981985
0.953479
0.831522
0.574731
0.362891
0.213897
0.118851
0.0628232
0.0317815
0.0154922
0.00729323
0.00331023
0.00151062
0.000524896
0.910337
0.912222
0.921411
0.940087
0.956292
0.969263
0.979194
0.986223
0.990484
0.992324
0.992552
0.991688
0.985436
0.954773
0.824397
0.564807
0.355637
0.209962
0.117433
0.0626371
0.0320776
0.0158218
0.00748752
0.003568
0.00128193
0.910685
0.910335
0.911624
0.919513
0.940078
0.958285
0.972203
0.98237
0.989173
0.992966
0.99435
0.994378
0.992929
0.983758
0.940957
0.772202
0.517563
0.323633
0.191177
0.107402
0.0577505
0.0298338
0.0147128
0.00731824
0.00271751
0.913186
0.910376
0.910204
0.912014
0.921782
0.943943
0.962674
0.976571
0.98614
0.99203
0.994902
0.995653
0.995391
0.992475
0.97669
0.907567
0.687463
0.452543
0.281069
0.165594
0.0931216
0.0502146
0.0257268
0.0133248
0.00510544
0.920083
0.913949
0.912322
0.912746
0.917327
0.935076
0.956057
0.971821
0.983045
0.990453
0.994663
0.996343
0.996519
0.99563
0.989428
0.959914
0.837954
0.588234
0.382906
0.235599
0.137989
0.0773658
0.041025
0.0220472
0.00869448
0.933057
0.924317
0.921311
0.921167
0.923457
0.935325
0.955199
0.970794
0.98207
0.989717
0.994407
0.996689
0.997264
0.997022
0.99451
0.981181
0.923765
0.727959
0.493194
0.315956
0.1922
0.111739
0.0611578
0.0340068
0.0137726
0.955299
0.948381
0.945782
0.945434
0.946151
0.950422
0.962075
0.973682
0.983043
0.989901
0.994436
0.996932
0.997811
0.997814
0.996803
0.99059
0.962336
0.848183
0.608105
0.405436
0.255676
0.153859
0.0867602
0.0498213
0.0206896
0.97452
0.974527
0.974539
0.974572
0.974647
0.974947
0.976293
0.980908
0.986747
0.991571
0.995121
0.997318
0.998268
0.998395
0.997995
0.995079
0.980972
0.922615
0.730525
0.504261
0.329318
0.204947
0.118924
0.0704311
0.0299557
0.986
0.987811
0.989138
0.989635
0.989647
0.989448
0.989436
0.989665
0.991041
0.994053
0.996411
0.997969
0.998729
0.998887
0.99873
0.997376
0.990433
0.960798
0.844819
0.613308
0.415064
0.266989
0.15927
0.0971688
0.04228
0.992446
0.99418
0.995326
0.995742
0.995747
0.995412
0.995088
0.995088
0.995331
0.996423
0.997816
0.998735
0.999204
0.999318
0.999255
0.998637
0.995331
0.980792
0.92316
0.737162
0.515184
0.342323
0.209723
0.131645
0.058533
0.995451
0.99686
0.997737
0.998085
0.998116
0.997954
0.997632
0.99757
0.997637
0.998035
0.99878
0.999286
0.999548
0.999618
0.999593
0.999321
0.99781
0.990992
0.963367
0.857945
0.629947
0.432619
0.27188
0.175364
0.079587
0.996757
0.997893
0.998622
0.998965
0.999042
0.999009
0.998867
0.998827
0.998856
0.999042
0.999411
0.999656
0.999779
0.999811
0.999801
0.999681
0.99901
0.995909
0.983019
0.933151
0.761442
0.538192
0.346487
0.22941
0.106182
0.997378
0.99831
0.998963
0.999324
0.999459
0.999479
0.999464
0.999458
0.999475
0.99957
0.999741
0.999851
0.999903
0.999916
0.999911
0.999859
0.999562
0.998161
0.992178
0.96839
0.876811
0.655751
0.433062
0.294213
0.138808
0.997836
0.998582
0.999158
0.999508
0.999675
0.999734
0.999749
0.999758
0.999776
0.99983
0.999899
0.999942
0.999962
0.999966
0.999964
0.999941
0.999808
0.999166
0.996345
0.98477
0.939632
0.783066
0.530192
0.369544
0.177698
0.998519
0.998938
0.999379
0.999658
0.999803
0.999864
0.999884
0.999895
0.999917
0.999944
0.999966
0.99998
0.999987
0.999988
0.999987
0.999976
0.999915
0.999613
0.998245
0.992448
0.969231
0.883318
0.637259
0.45457
0.222805
0.999128
0.999315
0.999598
0.999786
0.999885
0.99993
0.999949
0.999961
0.999973
0.999983
0.99999
0.999994
0.999996
0.999996
0.999995
0.99999
0.999961
0.999815
0.999128
0.99612
0.983703
0.93617
0.749167
0.548222
0.273599
0.999522
0.999605
0.999765
0.999876
0.999936
0.999965
0.999979
0.999986
0.999992
0.999995
0.999997
0.999998
0.999999
0.999999
0.999998
0.999996
0.999982
0.999907
0.999547
0.997911
0.990938
0.963263
0.838939
0.643792
0.328224
0.999752
0.99979
0.999873
0.999932
0.999966
0.999983
0.999991
0.999995
0.999997
0.999999
0.999999
1
1
1
0.999999
0.999998
0.999991
0.999951
0.999751
0.99881
0.994662
0.977598
0.900684
0.732608
0.383461
0.999877
0.999894
0.999935
0.999965
0.999983
0.999992
0.999996
0.999998
0.999999
1
1
1
1
1
1
0.999999
0.999995
0.999972
0.999854
0.999278
0.996651
0.985479
0.936068
0.804988
0.442111
0.999941
0.99995
0.999969
0.999983
0.999991
0.999996
0.999998
0.999999
1
1
1
1
1
1
1
1
0.999997
0.999983
0.999909
0.999533
0.997761
0.989998
0.955738
0.854268
0.501383
0.999973
0.999977
0.999986
0.999992
0.999996
0.999998
0.999999
1
1
1
1
1
1
1
1
1
0.999998
0.999989
0.99994
0.999679
0.998411
0.992705
0.967369
0.886806
0.553285
0.999988
0.999991
0.999994
0.999997
0.999998
0.999999
1
1
1
1
1
1
1
1
1
1
0.999999
0.999993
0.999957
0.999765
0.998805
0.994375
0.974515
0.90819
0.595072
0.999995
0.999996
0.999998
0.999999
0.999999
1
1
1
1
1
1
1
1
1
1
1
0.999999
0.999995
0.999968
0.999818
0.999049
0.995426
0.979009
0.922238
0.626884
0.999998
0.999999
0.999999
1
1
1
1
1
1
1
1
1
1
1
1
1
0.999999
0.999996
0.999975
0.999854
0.999218
0.996162
0.982164
0.932396
0.65242
0.999999
1
1
1
1
1
1
1
1
1
1
1
1
1
1
1
1
0.999997
0.999979
0.999875
0.999321
0.996611
0.984071
0.938651
0.669831
1
1
1
1
1
1
1
1
1
1
1
1
1
1
1
1
1
0.999997
0.99998
0.999883
0.999359
0.996774
0.984722
0.940781
0.676518
1
1
1
1
1
1
1
1
1
1
1
1
1
1
1
1
1
0.999997
0.99998
0.999883
0.999359
0.996776
0.984729
0.940868
0.677518
1
1
1
1
1
1
1
1
1
1
1
1
1
1
1
1
1
0.999997
0.999979
0.999878
0.999334
0.996668
0.984261
0.939461
0.674923
1
1
1
1
1
1
1
1
1
1
1
1
1
1
1
1
0.999999
0.999996
0.999977
0.999868
0.999291
0.996502
0.983641
0.937846
0.672492
1
1
1
1
1
1
1
1
1
1
1
1
1
1
1
1
0.999999
0.999996
0.999975
0.999859
0.999257
0.996401
0.98338
0.937668
0.67521
1
1
1
1
1
1
1
1
1
1
1
1
1
1
1
1
0.999999
0.999996
0.999975
0.99986
0.999276
0.996561
0.984427
0.942191
0.692096
0.999999
0.999999
0.999999
0.999999
0.999999
0.999999
0.999999
0.999999
1
1
1
1
1
1
1
1
0.999999
0.999996
0.999978
0.999879
0.999386
0.99716
0.987524
0.95366
0.730733
0.999998
0.999998
0.999998
0.999998
0.999998
0.999998
0.999998
0.999999
0.999999
0.999999
1
1
1
1
1
1
1
0.999998
0.999986
0.999921
0.999598
0.998159
0.992071
0.969835
0.789876
0.999996
0.999995
0.999995
0.999995
0.999995
0.999996
0.999996
0.999997
0.999998
0.999999
0.999999
0.999999
0.999999
1
1
1
1
0.999999
0.999993
0.999959
0.99979
0.999028
0.995809
0.983321
0.850936
0.999992
0.999991
0.99999
0.99999
0.99999
0.99999
0.999991
0.999993
0.999995
0.999997
0.999998
0.999999
0.999999
0.999999
0.999999
1
0.999999
0.999999
0.999996
0.99998
0.999896
0.999499
0.997761
0.99048
0.893135
0.999986
0.999984
0.999981
0.99998
0.999979
0.999979
0.99998
0.999984
0.99999
0.999994
0.999996
0.999997
0.999998
0.999998
0.999999
0.999999
0.999999
0.999999
0.999998
0.999989
0.999941
0.999704
0.998603
0.993629
0.916014
0.999976
0.999973
0.999967
0.999962
0.99996
0.99996
0.999961
0.999967
0.999979
0.999987
0.999992
0.999994
0.999995
0.999997
0.999998
0.999998
0.999999
0.999999
0.999998
0.999992
0.999958
0.99978
0.998915
0.994803
0.92555
0.999955
0.999954
0.999945
0.999934
0.999928
0.999926
0.999927
0.999934
0.999955
0.999972
0.999983
0.999988
0.999991
0.999993
0.999995
0.999997
0.999998
0.999998
0.999997
0.999992
0.999963
0.999805
0.999018
0.995176
0.928621
0.999921
0.999921
0.999916
0.999896
0.999878
0.99987
0.999869
0.999875
0.999903
0.999939
0.999961
0.999974
0.999982
0.999987
0.99999
0.999993
0.999995
0.999996
0.999995
0.999991
0.999963
0.99981
0.999037
0.995228
0.928962
0.999866
0.99987
0.999867
0.999846
0.999806
0.999782
0.999774
0.999777
0.999803
0.999869
0.999917
0.999947
0.999964
0.999974
0.999981
0.999986
0.999989
0.999991
0.999991
0.999987
0.999959
0.999804
0.999012
0.995122
0.928066
0.999773
0.999785
0.999784
0.999767
0.999705
0.999645
0.999619
0.999619
0.999642
0.999734
0.99983
0.999892
0.99993
0.99995
0.999962
0.99997
0.999977
0.999981
0.999981
0.999978
0.999952
0.999796
0.999003
0.99512
0.928303
0.999585
0.99962
0.999622
0.999607
0.999533
0.99943
0.999378
0.999372
0.999397
0.99952
0.999682
0.999796
0.999869
0.999907
0.999924
0.999936
0.99995
0.999961
0.999965
0.999964
0.999941
0.999801
0.999086
0.995571
0.932785
0.999124
0.999236
0.999258
0.999248
0.999181
0.999041
0.998966
0.998957
0.998998
0.999194
0.999445
0.99963
0.999756
0.999827
0.999854
0.999868
0.999893
0.999923
0.99994
0.999942
0.999929
0.999827
0.99928
0.99648
0.941418
0.998047
0.998347
0.998476
0.998481
0.998437
0.998307
0.998258
0.998274
0.998417
0.998775
0.999101
0.999371
0.999562
0.999665
0.999707
0.99974
0.999795
0.999859
0.999903
0.999915
0.999906
0.999824
0.999347
0.996802
0.944767
0.99597
0.996539
0.99694
0.997083
0.997078
0.99702
0.99701
0.997095
0.997473
0.997994
0.998472
0.99888
0.999172
0.999346
0.999449
0.999542
0.999654
0.999766
0.999842
0.999868
0.999863
0.999783
0.999298
0.996676
0.943372
0.992834
0.993553
0.994075
0.994366
0.994469
0.994612
0.994974
0.995599
0.996354
0.997125
0.997815
0.998354
0.99872
0.998954
0.999123
0.999281
0.999445
0.999595
0.999696
0.999734
0.999731
0.999626
0.998982
0.995601
0.932887
0.989429
0.990523
0.991509
0.992297
0.992899
0.993493
0.99419
0.994985
0.995795
0.996558
0.997209
0.99769
0.998029
0.9983
0.998523
0.998687
0.998804
0.998905
0.999002
0.999067
0.999046
0.998746
0.997351
0.99088
0.893759
0.987668
0.988925
0.989969
0.990782
0.991482
0.992208
0.992985
0.993763
0.99441
0.994878
0.995247
0.995536
0.995656
0.995575
0.995509
0.995571
0.995468
0.994375
0.993084
0.992675
0.992832
0.992368
0.984653
0.946478
0.698865
0.977669
0.981072
0.982993
0.984101
0.984709
0.985029
0.985181
0.984751
0.983818
0.983172
0.981972
0.980025
0.978821
0.978802
0.977962
0.972455
0.965143
0.962719
0.963433
0.960951
0.941302
0.862821
0.63669
0.467125
0.242178
0.892356
0.915413
0.92609
0.929563
0.929292
0.926246
0.919171
0.91152
0.90385
0.895399
0.890554
0.888949
0.881531
0.865258
0.847441
0.827787
0.792597
0.722649
0.61111
0.471286
0.328024
0.208869
0.121482
0.070348
0.0315562
0.393639
0.502349
0.574565
0.590129
0.583501
0.561485
0.539835
0.525428
0.512937
0.502522
0.491495
0.467642
0.422591
0.364945
0.300554
0.233111
0.168991
0.113166
0.0699855
0.0395228
0.0204585
0.00978694
0.00443984
0.0019241
0.000871569
0.0507808
0.116595
0.137721
0.139732
0.139482
0.136115
0.131115
0.125131
0.117564
0.103871
0.0816343
0.0589096
0.0391079
0.0236298
0.0130241
0.00649328
0.00303246
0.00131455
0.000491932
0.000168588
7.85003e-05
3.29814e-05
1.39651e-05
6.18978e-06
6.18032e-06
0.00447353
0.014318
0.0173526
0.0166405
0.0151842
0.0125987
0.00772458
0.0035799
0.00136929
0.000415838
0.000111247
4.69442e-05
1.98973e-05
7.17751e-06
2.5341e-06
8.54271e-07
3.44924e-07
1.33715e-07
1.10382e-07
2.67607e-08
2.0822e-08
3.74237e-09
4.39207e-09
3.66009e-12
1.70874e-08
)
;

boundaryField
{
    inlet
    {
        type            fixedValue;
        value           uniform 1;
    }
    outlet
    {
        type            inletOutlet;
        inletValue      uniform 0;
        value           nonuniform List<scalar> 
57
(
3.32836e-08
3.14991e-06
4.27929e-05
0.000180516
0.000524896
0.00128193
0.00271751
0.00510544
0.00869448
0.0137726
0.0206896
0.0299557
0.04228
0.058533
0.079587
0.106182
0.138808
0.177698
0.222805
0.273599
0.328224
0.383461
0.442111
0.501383
0.553285
0.595072
0.626884
0.65242
0.669831
0.676518
0.677518
0.674923
0.672492
0.67521
0.692096
0.730733
0.789876
0.850936
0.893135
0.916014
0.92555
0.928621
0.928962
0.928066
0.928303
0.932785
0.941418
0.944767
0.943372
0.932887
0.893759
0.698865
0.242178
0.0315562
0.000871569
6.18032e-06
1.70874e-08
)
;
    }
    upperWall
    {
        type            zeroGradient;
    }
    lowerWall
    {
        type            zeroGradient;
    }
    frontAndBack
    {
        type            empty;
    }
}


// ************************************************************************* //
