/*--------------------------------*- C++ -*----------------------------------*\
| =========                 |                                                 |
| \\      /  F ield         | OpenFOAM: The Open Source CFD Toolbox           |
|  \\    /   O peration     | Version:  2112                                  |
|   \\  /    A nd           | Website:  www.openfoam.com                      |
|    \\/     M anipulation  |                                                 |
\*---------------------------------------------------------------------------*/
FoamFile
{
    version     2.0;
    format      ascii;
    arch        "LSB;label=32;scalar=64";
    class       surfaceScalarField;
    location    "0.16";
    object      ddtCorrDdt0(phi);
}
// * * * * * * * * * * * * * * * * * * * * * * * * * * * * * * * * * * * * * //

dimensions      [0 3 -2 0 0 0 0];

oriented        oriented;

internalField   nonuniform List<scalar> 
3067
(
3.48296e-10
-3.51328e-10
1.89841e-09
-1.5564e-09
6.2187e-09
-4.3297e-09
1.66786e-08
-1.04723e-08
4.1258e-08
-2.45928e-08
1.00658e-07
-5.94128e-08
2.58186e-07
-1.5754e-07
-4.25135e-07
6.83309e-07
-4.96373e-11
-3.04371e-10
-1.06726e-10
-1.50455e-09
-1.35016e-10
-4.3086e-09
-9.22663e-12
-1.06066e-08
1.26698e-10
-2.47384e-08
-1.03361e-09
-5.82635e-08
-1.40937e-08
-1.44492e-07
-3.78408e-07
-6.08329e-08
1.40637e-11
-3.21466e-10
3.93094e-11
-1.53443e-09
3.83256e-11
-4.31316e-09
-9.34334e-11
-1.04813e-08
-6.92175e-10
-2.41472e-08
-3.41351e-09
-5.55507e-08
-1.48792e-08
-1.33036e-07
-3.3302e-07
-6.02777e-08
-4.22677e-12
-3.19306e-10
-4.03785e-11
-1.50169e-09
-2.00281e-10
-4.15751e-09
-7.39097e-10
-9.94754e-09
-2.31093e-09
-2.25812e-08
-6.85378e-09
-5.10147e-08
-2.08445e-08
-1.19053e-07
-2.88238e-07
-6.56348e-08
-2.88769e-11
-2.91806e-10
-1.63064e-10
-1.36996e-09
-5.46676e-10
-3.77725e-09
-1.52067e-09
-8.97764e-09
-3.89955e-09
-2.02072e-08
-9.78911e-09
-4.51309e-08
-2.54435e-08
-1.03406e-07
-2.44452e-07
-6.92369e-08
-4.69652e-11
-2.45939e-10
-2.61019e-10
-1.15783e-09
-8.38438e-10
-3.20248e-09
-2.18356e-09
-7.63588e-09
-5.17844e-09
-1.72163e-08
-1.19694e-08
-3.83448e-08
-2.84354e-08
-8.69456e-08
-2.02334e-07
-7.05598e-08
-7.47427e-11
-1.72231e-10
-4.06969e-10
-8.27594e-10
-1.27404e-09
-2.33841e-09
-3.22092e-09
-5.69281e-09
-7.39536e-09
-1.30464e-08
-1.64662e-08
-2.92791e-08
-3.74428e-08
-6.59749e-08
-1.50474e-07
-8.93099e-08
-7.37327e-11
-9.97482e-11
-3.87979e-10
-5.15767e-10
-1.2003e-09
-1.5296e-09
-3.0596e-09
-3.83789e-09
-7.18267e-09
-8.92826e-09
-1.63223e-08
-2.01452e-08
-3.73166e-08
-4.49871e-08
-1.01914e-07
-8.58845e-08
-2.47369e-11
-7.69449e-11
-2.10179e-10
-3.3396e-10
-8.11082e-10
-9.33319e-10
-2.38297e-09
-2.2711e-09
-6.08434e-09
-5.23239e-09
-1.46967e-08
-1.15392e-08
-3.38774e-08
-2.58135e-08
-5.56723e-08
-8.0128e-08
-8.04022e-11
-4.18634e-10
-1.35638e-09
-3.63132e-09
-8.86684e-09
-2.04083e-08
-4.62232e-08
-1.01897e-07
8.62932e-06
-8.62933e-06
1.50215e-05
-6.39214e-06
1.77426e-05
-2.72116e-06
1.71704e-05
5.72214e-07
1.47032e-05
2.46721e-06
1.19353e-05
2.76789e-06
9.5048e-06
2.43053e-06
7.56302e-06
1.9418e-06
6.05455e-06
1.50849e-06
4.8765e-06
1.17807e-06
3.93968e-06
9.36844e-07
3.17952e-06
7.60183e-07
2.54784e-06
6.31689e-07
1.8552e-06
6.92663e-07
1.22908e-06
6.26124e-07
6.47247e-07
5.81843e-07
8.63313e-08
5.60918e-07
-5.04025e-07
5.90353e-07
-9.50897e-07
4.46864e-07
-1.40675e-06
4.55843e-07
-1.87328e-06
4.66517e-07
-2.34184e-06
4.68539e-07
-2.81553e-06
4.73669e-07
-3.29197e-06
4.76425e-07
-3.76703e-06
4.75037e-07
-4.23682e-06
4.69779e-07
-4.69827e-06
4.61429e-07
-5.14983e-06
4.51551e-07
-5.58965e-06
4.39813e-07
-6.01103e-06
4.2137e-07
-6.40741e-06
3.96368e-07
-6.77436e-06
3.66948e-07
-7.10773e-06
3.33366e-07
-7.40184e-06
2.94108e-07
-7.64519e-06
2.43347e-07
-7.83235e-06
1.8716e-07
-7.96612e-06
1.33771e-07
-8.04545e-06
7.93374e-08
-8.06696e-06
2.15142e-08
-8.02631e-06
-4.06494e-08
-7.90738e-06
-1.18925e-07
-7.69208e-06
-2.15284e-07
-7.37893e-06
-3.13146e-07
-6.95912e-06
-4.198e-07
-6.42155e-06
-5.37561e-07
-5.76395e-06
-6.57586e-07
-4.98705e-06
-7.7688e-07
-4.09269e-06
-8.94348e-07
-3.08552e-06
-1.00716e-06
-1.07298e-06
-2.01254e-06
4.17804e-06
-1.28074e-05
6.55552e-06
-8.76963e-06
6.47744e-06
-2.64308e-06
4.9908e-06
2.05885e-06
3.25102e-06
4.20699e-06
1.98297e-06
4.03595e-06
1.28271e-06
3.1308e-06
9.08755e-07
2.31577e-06
6.93767e-07
1.7235e-06
5.39908e-07
1.33195e-06
4.05175e-07
1.0716e-06
2.78914e-07
8.86465e-07
1.58911e-07
7.5171e-07
1.29261e-08
8.38663e-07
-1.38408e-07
7.7747e-07
-2.94026e-07
7.37468e-07
-4.29176e-07
6.96069e-07
-6.32154e-07
7.93328e-07
-8.49499e-07
6.642e-07
-1.06346e-06
6.69787e-07
-1.2876e-06
6.90643e-07
-1.51985e-06
7.00773e-07
-1.75938e-06
7.13186e-07
-2.00345e-06
7.20478e-07
-2.24752e-06
7.19089e-07
-2.49238e-06
7.14618e-07
-2.73676e-06
7.05794e-07
-2.97695e-06
6.91732e-07
-3.21123e-06
6.74083e-07
-3.43659e-06
6.46721e-07
-3.65033e-06
6.10098e-07
-3.85036e-06
5.66972e-07
-4.03309e-06
5.16095e-07
-4.19844e-06
4.59451e-07
-4.34273e-06
3.87635e-07
-4.463e-06
3.0743e-07
-4.55988e-06
2.3066e-07
-4.63283e-06
1.52282e-07
-4.67874e-06
6.74361e-08
-4.69577e-06
-2.36177e-08
-4.67977e-06
-1.34917e-07
-4.62682e-06
-2.68233e-07
-4.53687e-06
-4.03086e-07
-4.40552e-06
-5.51132e-07
-4.21935e-06
-7.23725e-07
-3.98583e-06
-8.91095e-07
-3.69952e-06
-1.06318e-06
-3.35237e-06
-1.24149e-06
-2.94454e-06
-1.41497e-06
-1.53385e-06
-2.48367e-06
1.11779e-06
-1.39252e-05
1.30954e-06
-8.96139e-06
9.48746e-07
-2.28229e-06
1.58341e-07
2.84926e-06
-3.1528e-07
4.68061e-06
-3.78811e-07
4.09949e-06
-2.5536e-07
3.00736e-06
-1.35643e-07
2.19607e-06
-5.4836e-08
1.64271e-06
-2.39959e-08
1.30113e-06
-3.27047e-08
1.08033e-06
-6.05895e-08
9.14369e-07
-1.00831e-07
7.91968e-07
-1.6141e-07
8.99256e-07
-2.34746e-07
8.50816e-07
-3.2409e-07
8.26818e-07
-4.50448e-07
8.22427e-07
-4.96279e-07
8.39155e-07
-6.37297e-07
8.0521e-07
-7.67509e-07
7.99987e-07
-8.95564e-07
8.18685e-07
-1.02454e-06
8.29729e-07
-1.15545e-06
8.44083e-07
-1.2863e-06
8.51308e-07
-1.41586e-06
8.48635e-07
-1.5461e-06
8.44849e-07
-1.67653e-06
8.36202e-07
-1.80425e-06
8.19443e-07
-1.92551e-06
7.95328e-07
-2.04148e-06
7.62686e-07
-2.15161e-06
7.20223e-07
-2.2532e-06
6.68552e-07
-2.34305e-06
6.05949e-07
-2.42075e-06
5.37147e-07
-2.48834e-06
4.55218e-07
-2.54778e-06
3.66872e-07
-2.59698e-06
2.79859e-07
-2.6316e-06
1.86905e-07
-2.64864e-06
8.44786e-08
-2.64658e-06
-2.56671e-08
-2.62453e-06
-1.56959e-07
-2.58717e-06
-3.05594e-07
-2.53536e-06
-4.54882e-07
-2.46375e-06
-6.22736e-07
-2.37076e-06
-8.16706e-07
-2.26173e-06
-1.00011e-06
-2.13022e-06
-1.19468e-06
-1.97017e-06
-1.40153e-06
-1.78818e-06
-1.59696e-06
-1.7493e-06
-1.57272e-06
-1.2455e-07
-1.38006e-05
-4.88336e-07
-8.59761e-06
-7.964e-07
-1.97423e-06
-1.08027e-06
3.13312e-06
-1.01833e-06
4.61868e-06
-7.70729e-07
3.8519e-06
-5.17111e-07
2.75375e-06
-3.6238e-07
2.04135e-06
-2.71615e-07
1.55196e-06
-2.2923e-07
1.25876e-06
-2.18745e-07
1.06986e-06
-2.20447e-07
9.16089e-07
-2.33807e-07
8.05342e-07
-2.56584e-07
9.22046e-07
-2.89046e-07
8.83287e-07
-3.37163e-07
8.74941e-07
-3.88173e-07
8.73437e-07
-4.32939e-07
8.83918e-07
-4.93582e-07
8.65845e-07
-5.60232e-07
8.66627e-07
-6.28689e-07
8.8713e-07
-7.07352e-07
9.08378e-07
-7.83444e-07
9.2016e-07
-8.52388e-07
9.20237e-07
-9.21488e-07
9.1772e-07
-9.9188e-07
9.15227e-07
-1.06296e-06
9.07268e-07
-1.13024e-06
8.86713e-07
-1.19209e-06
8.57168e-07
-1.25094e-06
8.21524e-07
-1.30587e-06
7.75147e-07
-1.35514e-06
7.17821e-07
-1.39703e-06
6.47835e-07
-1.42529e-06
5.65401e-07
-1.45105e-06
4.80978e-07
-1.47945e-06
3.95271e-07
-1.50085e-06
3.01267e-07
-1.51167e-06
1.97721e-07
-1.50986e-06
8.26693e-08
-1.49114e-06
-4.43815e-08
-1.46072e-06
-1.87368e-07
-1.42724e-06
-3.39077e-07
-1.38409e-06
-4.98026e-07
-1.32914e-06
-6.77673e-07
-1.26957e-06
-8.7627e-07
-1.20415e-06
-1.06552e-06
-1.12882e-06
-1.27001e-06
-1.04273e-06
-1.4876e-06
-9.5364e-07
-1.68604e-06
-1.85666e-06
-8.46281e-07
-5.14735e-07
-1.32859e-05
-8.80424e-07
-8.23192e-06
-1.17028e-06
-1.68438e-06
-1.23123e-06
3.19407e-06
-1.01782e-06
4.40528e-06
-7.37566e-07
3.57165e-06
-5.19164e-07
2.53536e-06
-3.95583e-07
1.91778e-06
-3.19881e-07
1.47627e-06
-2.80136e-07
1.21903e-06
-2.61705e-07
1.05145e-06
-2.50883e-07
9.05281e-07
-2.51757e-07
8.06229e-07
-2.56001e-07
9.26301e-07
-2.65141e-07
8.92434e-07
-2.89816e-07
8.99621e-07
-3.15884e-07
8.99505e-07
-3.3568e-07
9.03712e-07
-3.64479e-07
8.94638e-07
-3.98796e-07
9.00936e-07
-4.34675e-07
9.22998e-07
-4.67886e-07
9.41578e-07
-4.99075e-07
9.51337e-07
-5.3471e-07
9.5586e-07
-5.74052e-07
9.5705e-07
-6.15269e-07
9.56432e-07
-6.55518e-07
9.47506e-07
-6.91194e-07
9.22381e-07
-7.23811e-07
8.89777e-07
-7.54185e-07
8.51891e-07
-7.807e-07
8.01657e-07
-8.03811e-07
7.40927e-07
-8.23475e-07
6.67495e-07
-8.43857e-07
5.8578e-07
-8.65599e-07
5.02718e-07
-8.80768e-07
4.10439e-07
-8.88328e-07
3.08827e-07
-8.8822e-07
1.97614e-07
-8.79485e-07
7.3936e-08
-8.54405e-07
-6.94587e-08
-8.2457e-07
-2.172e-07
-7.98622e-07
-3.65021e-07
-7.61243e-07
-5.35399e-07
-7.17116e-07
-7.21795e-07
-6.77014e-07
-9.16365e-07
-6.31839e-07
-1.11068e-06
-5.82014e-07
-1.31982e-06
-5.31149e-07
-1.53846e-06
-4.83528e-07
-1.73365e-06
-1.91458e-06
-4.25598e-07
-3.9576e-07
-1.28901e-05
-8.69091e-07
-7.7586e-06
-1.10589e-06
-1.44758e-06
-1.06656e-06
3.15474e-06
-8.42509e-07
4.18123e-06
-6.10298e-07
3.33944e-06
-4.46977e-07
2.37205e-06
-3.51789e-07
1.8226e-06
-2.88306e-07
1.4128e-06
-2.51999e-07
1.18273e-06
-2.2919e-07
1.02865e-06
-2.14156e-07
8.90258e-07
-2.11248e-07
8.0333e-07
-2.08988e-07
9.2405e-07
-2.07516e-07
8.90967e-07
-2.08913e-07
9.01021e-07
-2.10162e-07
9.00754e-07
-2.15781e-07
9.0933e-07
-2.29552e-07
9.08404e-07
-2.48353e-07
9.19731e-07
-2.68728e-07
9.43365e-07
-2.84661e-07
9.57502e-07
-3.00471e-07
9.67138e-07
-3.23033e-07
9.78413e-07
-3.48412e-07
9.82419e-07
-3.75015e-07
9.83026e-07
-3.98706e-07
9.71189e-07
-4.18628e-07
9.42295e-07
-4.3723e-07
9.08374e-07
-4.53175e-07
8.67831e-07
-4.65823e-07
8.143e-07
-4.76364e-07
7.51464e-07
-4.84999e-07
6.76128e-07
-4.97501e-07
5.9828e-07
-5.10376e-07
5.15591e-07
-5.1568e-07
4.15743e-07
-5.15625e-07
3.08772e-07
-5.10693e-07
1.92682e-07
-5.00353e-07
6.35976e-08
-4.89301e-07
-8.05087e-08
-4.78072e-07
-2.28426e-07
-4.60148e-07
-3.82943e-07
-4.29118e-07
-5.66425e-07
-3.95349e-07
-7.5556e-07
-3.68851e-07
-9.42857e-07
-3.35966e-07
-1.14357e-06
-3.01284e-07
-1.3545e-06
-2.70053e-07
-1.56969e-06
-2.42735e-07
-1.76096e-06
-1.94804e-06
-2.09268e-07
-4.55407e-07
-1.24347e-05
-7.29574e-07
-7.48444e-06
-8.91069e-07
-1.28609e-06
-8.34055e-07
3.09772e-06
-6.48454e-07
3.99563e-06
-4.72931e-07
3.16392e-06
-3.55958e-07
2.25508e-06
-2.81936e-07
1.74859e-06
-2.28285e-07
1.35916e-06
-1.96711e-07
1.15117e-06
-1.73924e-07
1.00587e-06
-1.59944e-07
8.76287e-07
-1.52343e-07
7.95736e-07
-1.40893e-07
9.12607e-07
-1.33597e-07
8.83675e-07
-1.26212e-07
8.93638e-07
-1.19955e-07
8.94497e-07
-1.21003e-07
9.10376e-07
-1.28468e-07
9.15865e-07
-1.40285e-07
9.31543e-07
-1.53969e-07
9.57042e-07
-1.67036e-07
9.70561e-07
-1.80932e-07
9.81026e-07
-1.97724e-07
9.95197e-07
-2.15653e-07
1.00034e-06
-2.33551e-07
1.00092e-06
-2.48124e-07
9.85756e-07
-2.60214e-07
9.54378e-07
-2.7139e-07
9.19545e-07
-2.79964e-07
8.76401e-07
-2.86116e-07
8.20448e-07
-2.90713e-07
7.56058e-07
-2.9396e-07
6.79372e-07
-2.98045e-07
6.02363e-07
-3.01484e-07
5.19029e-07
-3.01356e-07
4.15614e-07
-2.98162e-07
3.05578e-07
-2.921e-07
1.86619e-07
-2.82762e-07
5.42605e-08
-2.76684e-07
-8.6586e-08
-2.71202e-07
-2.33906e-07
-2.57746e-07
-3.96398e-07
-2.41286e-07
-5.82882e-07
-2.24928e-07
-7.71915e-07
-2.07669e-07
-9.60112e-07
-1.8355e-07
-1.16768e-06
-1.59284e-07
-1.37876e-06
-1.39781e-07
-1.58919e-06
-1.23237e-07
-1.7775e-06
-1.96825e-06
-1.03031e-07
-3.72376e-07
-1.20624e-05
-6.04198e-07
-7.25262e-06
-7.47032e-07
-1.14326e-06
-7.05858e-07
3.05654e-06
-5.58863e-07
3.84864e-06
-4.20876e-07
3.02594e-06
-3.2958e-07
2.16379e-06
-2.64467e-07
1.68349e-06
-2.12834e-07
1.30753e-06
-1.8336e-07
1.12171e-06
-1.60367e-07
9.8289e-07
-1.43382e-07
8.59312e-07
-1.29576e-07
7.81938e-07
-1.11375e-07
8.94413e-07
-1.00247e-07
8.72551e-07
-9.23191e-08
8.85713e-07
-8.75539e-08
8.89732e-07
-8.97003e-08
9.1252e-07
-9.86409e-08
9.248e-07
-1.12875e-07
9.45772e-07
-1.30001e-07
9.7416e-07
-1.49053e-07
9.89604e-07
-1.70034e-07
1.002e-06
-1.92877e-07
1.01803e-06
-2.16611e-07
1.02407e-06
-2.39315e-07
1.02361e-06
-2.5805e-07
1.00448e-06
-2.74704e-07
9.71025e-07
-2.89983e-07
9.34818e-07
-3.01906e-07
8.88319e-07
-3.11013e-07
8.29551e-07
-3.18048e-07
7.63089e-07
-3.23435e-07
6.84755e-07
-3.27514e-07
6.0644e-07
-3.29646e-07
5.21159e-07
-3.2911e-07
4.15076e-07
-3.25162e-07
3.01629e-07
-3.17679e-07
1.79136e-07
-3.06157e-07
4.27393e-08
-2.96181e-07
-9.65616e-08
-2.86403e-07
-2.43682e-07
-2.67973e-07
-4.14826e-07
-2.55019e-07
-5.95834e-07
-2.4475e-07
-7.82182e-07
-2.22753e-07
-9.82105e-07
-1.9461e-07
-1.19582e-06
-1.6824e-07
-1.40512e-06
-1.43444e-07
-1.61398e-06
-1.21918e-07
-1.79903e-06
-1.99397e-06
-9.619e-08
-2.85863e-07
-1.17765e-05
-4.74328e-07
-7.06417e-06
-5.91942e-07
-1.02565e-06
-5.63903e-07
3.0285e-06
-4.53345e-07
3.73808e-06
-3.49861e-07
2.92245e-06
-2.80934e-07
2.09487e-06
-2.24814e-07
1.62737e-06
-1.77313e-07
1.26004e-06
-1.48621e-07
1.09302e-06
-1.23689e-07
9.57966e-07
-1.03391e-07
8.39021e-07
-8.62861e-08
7.6484e-07
-6.69255e-08
8.75058e-07
-5.46053e-08
8.60234e-07
-4.83585e-08
8.79468e-07
-4.63417e-08
8.87713e-07
-4.95191e-08
9.15694e-07
-5.86278e-08
9.33903e-07
-7.27123e-08
9.59849e-07
-8.97943e-08
9.91234e-07
-1.09571e-07
1.00937e-06
-1.31301e-07
1.02372e-06
-1.53964e-07
1.04068e-06
-1.76519e-07
1.04661e-06
-1.96695e-07
1.04378e-06
-2.13453e-07
1.02123e-06
-2.28504e-07
9.86069e-07
-2.41301e-07
9.47609e-07
-2.50769e-07
8.97782e-07
-2.57438e-07
8.36215e-07
-2.61808e-07
7.67455e-07
-2.64331e-07
6.87275e-07
-2.64264e-07
6.06369e-07
-2.61465e-07
5.18358e-07
-2.56684e-07
4.10293e-07
-2.4898e-07
2.93924e-07
-2.37866e-07
1.68021e-07
-2.22954e-07
2.78268e-08
-2.05343e-07
-1.14172e-07
-1.85443e-07
-2.63581e-07
-1.6019e-07
-4.40078e-07
-1.38062e-07
-6.17959e-07
-1.18527e-07
-8.01715e-07
-9.08947e-08
-1.00973e-06
-6.89656e-08
-1.21775e-06
-5.24643e-08
-1.42162e-06
-2.79044e-08
-1.63854e-06
-5.11881e-09
-1.82181e-06
-2.01825e-06
1.91638e-08
-1.80819e-06
-9.96831e-06
-2.94019e-06
-5.93217e-06
-3.25919e-06
-7.06657e-07
-2.83314e-06
2.60245e-06
-2.16823e-06
3.07317e-06
-1.64031e-06
2.39453e-06
-1.26919e-06
1.72376e-06
-9.42654e-07
1.30084e-06
-6.64506e-07
9.81906e-07
-4.75794e-07
9.04322e-07
-3.10258e-07
7.92443e-07
-1.91832e-07
7.20606e-07
-1.14675e-07
6.87691e-07
-3.34869e-08
7.93877e-07
1.07453e-08
8.16006e-07
1.68314e-08
8.73382e-07
7.58524e-09
8.96956e-07
-1.14962e-08
9.3477e-07
-4.60312e-08
9.6843e-07
-9.03414e-08
1.00415e-06
-1.39283e-07
1.04016e-06
-1.91777e-07
1.06185e-06
-2.44287e-07
1.07621e-06
-2.92123e-07
1.08851e-06
-3.32217e-07
1.08669e-06
-3.61004e-07
1.07255e-06
-3.81716e-07
1.04193e-06
-3.96478e-07
1.00082e-06
-4.03325e-07
9.54448e-07
-4.03058e-07
8.97508e-07
-3.97137e-07
8.30287e-07
-3.86727e-07
7.5704e-07
-3.73168e-07
6.73712e-07
-3.54767e-07
5.87964e-07
-3.32268e-07
4.95856e-07
-3.08075e-07
3.86098e-07
-2.81021e-07
2.66869e-07
-2.50396e-07
1.37394e-07
-2.16154e-07
-6.41583e-09
-1.76265e-07
-1.54061e-07
-1.32074e-07
-3.07771e-07
-8.57575e-08
-4.86394e-07
-3.98009e-08
-6.63914e-07
3.35936e-09
-8.44873e-07
4.65521e-08
-1.05292e-06
8.12494e-08
-1.25244e-06
1.06796e-07
-1.44716e-06
1.3368e-07
-1.66542e-06
1.5648e-07
-1.8446e-06
-2.03781e-06
1.76042e-07
-2.18134e-06
-7.78698e-06
-3.58801e-06
-4.5255e-06
-3.87894e-06
-4.15737e-07
-3.31657e-06
2.04007e-06
-2.53529e-06
2.29189e-06
-1.87813e-06
1.73737e-06
-1.37801e-06
1.22366e-06
-9.70876e-07
8.93716e-07
-6.75807e-07
6.86849e-07
-3.96854e-07
6.25383e-07
-1.60871e-07
5.56473e-07
-3.18489e-08
5.91596e-07
4.85681e-08
6.07283e-07
1.21187e-07
7.21265e-07
1.38632e-07
7.98564e-07
1.22441e-07
8.89572e-07
9.96109e-08
9.19782e-07
6.73487e-08
9.67024e-07
2.15909e-08
1.01418e-06
-3.08205e-08
1.05655e-06
-8.50152e-08
1.09434e-06
-1.38849e-07
1.11567e-06
-1.89324e-07
1.12667e-06
-2.30852e-07
1.13002e-06
-2.61828e-07
1.11765e-06
-2.84196e-07
1.09491e-06
-2.9964e-07
1.05737e-06
-3.08463e-07
1.00963e-06
-3.10353e-07
9.56329e-07
-3.06583e-07
8.93731e-07
-2.98393e-07
8.22091e-07
-2.8665e-07
7.45291e-07
-2.72195e-07
6.59252e-07
-2.53626e-07
5.69391e-07
-2.31525e-07
4.73752e-07
-2.07645e-07
3.62214e-07
-1.812e-07
2.40422e-07
-1.51308e-07
1.07501e-07
-1.17791e-07
-3.99338e-08
-7.81011e-08
-1.93752e-07
-3.24651e-08
-3.53407e-07
1.58358e-08
-5.34694e-07
6.75768e-08
-7.15653e-07
1.20216e-07
-8.9751e-07
1.70081e-07
-1.10278e-06
2.14863e-07
-1.29722e-06
2.51879e-07
-1.48417e-06
2.82931e-07
-1.69647e-06
3.06147e-07
-1.86782e-06
-2.05429e-06
3.22622e-07
-2.44582e-06
-5.34117e-06
-4.10459e-06
-2.86674e-06
-4.41747e-06
-1.02859e-07
-3.59009e-06
1.21268e-06
-2.43302e-06
1.13482e-06
-1.52139e-06
8.25742e-07
-9.49877e-07
6.52153e-07
-6.56636e-07
6.00485e-07
-4.99138e-07
5.29363e-07
-3.47748e-07
4.74007e-07
-2.55144e-07
4.63881e-07
-1.39732e-07
4.76194e-07
-3.6166e-08
5.03724e-07
2.0834e-08
6.6427e-07
3.1374e-08
7.88025e-07
3.90916e-08
8.81852e-07
3.61446e-08
9.22724e-07
1.36517e-08
9.89509e-07
-2.23944e-08
1.05021e-06
-6.27038e-08
1.09684e-06
-1.02697e-07
1.13432e-06
-1.40574e-07
1.15354e-06
-1.72578e-07
1.15866e-06
-1.95078e-07
1.1525e-06
-2.11472e-07
1.13403e-06
-2.22711e-07
1.10613e-06
-2.2807e-07
1.06271e-06
-2.28901e-07
1.01045e-06
-2.25524e-07
9.52943e-07
-2.18784e-07
8.86982e-07
-2.0939e-07
8.12691e-07
-1.97696e-07
7.33592e-07
-1.83844e-07
6.45396e-07
-1.6659e-07
5.52131e-07
-1.46287e-07
4.53446e-07
-1.23979e-07
3.39903e-07
-9.89681e-08
2.15409e-07
-7.04127e-08
7.89434e-08
-3.80823e-08
-7.22651e-08
-1.94312e-10
-2.31641e-07
4.36753e-08
-3.97276e-07
9.12643e-08
-5.82283e-07
1.43544e-07
-7.6793e-07
1.99215e-07
-9.53179e-07
2.53213e-07
-1.15678e-06
3.04793e-07
-1.3488e-06
3.51228e-07
-1.53061e-06
3.89342e-07
-1.73458e-06
4.16405e-07
-1.89488e-06
-2.07121e-06
4.33335e-07
-2.47851e-06
-2.86266e-06
-4.33336e-06
-1.0119e-06
-3.9013e-06
-5.34932e-07
-2.36074e-06
-3.27877e-07
-1.22076e-06
-5.15995e-09
-6.02905e-07
2.07885e-07
-2.84114e-07
3.33369e-07
-1.55673e-07
4.72055e-07
-1.01804e-07
4.75505e-07
-1.3708e-07
5.09294e-07
-2.0602e-07
5.32831e-07
-2.23379e-07
4.93561e-07
-2.29246e-07
5.09597e-07
-2.43538e-07
6.78565e-07
-2.09668e-07
7.54155e-07
-1.53769e-07
8.25949e-07
-1.34039e-07
9.02986e-07
-1.36825e-07
9.92284e-07
-1.47153e-07
1.06053e-06
-1.58408e-07
1.10809e-06
-1.67283e-07
1.14318e-06
-1.73795e-07
1.16003e-06
-1.77322e-07
1.16217e-06
-1.77256e-07
1.15242e-06
-1.7597e-07
1.13273e-06
-1.72129e-07
1.10228e-06
-1.66259e-07
1.05683e-06
-1.59506e-07
1.00369e-06
-1.51635e-07
9.45061e-07
-1.42757e-07
8.78096e-07
-1.32908e-07
8.02834e-07
-1.21814e-07
7.22491e-07
-1.09043e-07
6.32619e-07
-9.33903e-08
5.36474e-07
-7.49313e-08
4.34983e-07
-5.41845e-08
3.19153e-07
-3.04125e-08
1.91635e-07
-2.8876e-09
5.14164e-08
2.85216e-08
-1.03676e-07
6.48324e-08
-2.67952e-07
1.06462e-07
-4.38906e-07
1.52089e-07
-6.27909e-07
2.02324e-07
-8.18163e-07
2.56638e-07
-1.00749e-06
3.10884e-07
-1.21102e-06
3.64123e-07
-1.40203e-06
4.14326e-07
-1.58081e-06
4.5704e-07
-1.77729e-06
4.8754e-07
-1.92538e-06
-2.08986e-06
5.06185e-07
-2.44571e-06
-4.16957e-07
-2.13446e-06
-1.32316e-06
-1.31144e-06
-1.35796e-06
-7.1227e-07
-9.27057e-07
-3.50496e-07
-3.66937e-07
-1.4783e-07
5.22112e-09
-2.05769e-08
2.06121e-07
1.23212e-08
4.39166e-07
4.31628e-08
4.44673e-07
1.77716e-08
5.34694e-07
-3.14005e-08
5.82011e-07
-1.25871e-07
5.88037e-07
-2.26611e-07
6.1034e-07
-2.93006e-07
7.44962e-07
-3.05069e-07
7.66215e-07
-3.07072e-07
8.27946e-07
-3.01477e-07
8.97381e-07
-2.87504e-07
9.78299e-07
-2.67744e-07
1.04075e-06
-2.45283e-07
1.08561e-06
-2.21422e-07
1.1193e-06
-1.97513e-07
1.13611e-06
-1.76642e-07
1.14128e-06
-1.58848e-07
1.13461e-06
-1.42363e-07
1.11623e-06
-1.2673e-07
1.08663e-06
-1.13553e-07
1.04364e-06
-1.02299e-07
9.92422e-07
-9.18478e-08
9.34599e-07
-8.17778e-08
8.68016e-07
-7.16205e-08
7.92668e-07
-6.06833e-08
7.11546e-07
-4.85105e-08
6.2044e-07
-3.39812e-08
5.21939e-07
-1.66232e-08
4.1762e-07
3.37181e-09
2.99154e-07
2.66821e-08
1.68321e-07
5.38625e-08
2.42334e-08
8.48931e-08
-1.34708e-07
1.20301e-07
-3.03361e-07
1.60374e-07
-4.78979e-07
2.04103e-07
-6.71637e-07
2.51927e-07
-8.65986e-07
3.03335e-07
-1.0589e-06
3.5533e-07
-1.26301e-06
4.06867e-07
-1.45357e-06
4.56297e-07
-1.63023e-06
4.9955e-07
-1.82054e-06
5.30594e-07
-1.95642e-06
-2.10937e-06
5.50102e-07
4.86976e-07
-9.0394e-07
6.25572e-07
-1.46176e-06
2.22911e-07
-9.55308e-07
-3.33566e-08
-6.70794e-07
-8.68717e-08
-3.13424e-07
-7.14743e-08
-1.01761e-08
-7.18884e-08
2.06538e-07
-1.14522e-08
3.78733e-07
-1.75984e-08
4.50822e-07
-1.90739e-08
5.36172e-07
-3.44844e-08
5.97423e-07
-6.37974e-08
6.1735e-07
-1.04554e-07
6.51096e-07
-1.64695e-07
8.051e-07
-2.22198e-07
8.23714e-07
-2.87944e-07
8.93687e-07
-3.03151e-07
9.12581e-07
-2.86807e-07
9.61948e-07
-2.58232e-07
1.01217e-06
-2.25393e-07
1.05276e-06
-1.93226e-07
1.08713e-06
-1.63434e-07
1.1063e-06
-1.37695e-07
1.11554e-06
-1.16615e-07
1.11352e-06
-9.83486e-08
1.09795e-06
-8.20332e-08
1.0703e-06
-6.82906e-08
1.02989e-06
-5.6421e-08
9.80544e-07
-4.53213e-08
9.23492e-07
-3.45538e-08
8.57243e-07
-2.35479e-08
7.81657e-07
-1.16627e-08
6.99656e-07
9.62703e-10
6.07811e-07
1.54645e-08
5.07434e-07
3.29804e-08
4.00101e-07
5.33056e-08
2.78826e-07
7.69099e-08
1.44715e-07
1.04124e-07
-2.98257e-09
1.34835e-07
-1.6542e-07
1.69523e-07
-3.3805e-07
2.08448e-07
-5.17904e-07
2.50475e-07
-7.13664e-07
2.96156e-07
-9.11666e-07
3.44485e-07
-1.10722e-06
3.93144e-07
-1.31167e-06
4.41628e-07
-1.50205e-06
4.8769e-07
-1.67629e-06
5.2812e-07
-1.86097e-06
5.56695e-07
-1.98499e-06
-2.12763e-06
5.74958e-07
5.35187e-07
-7.55829e-07
5.34547e-08
-9.80042e-07
-9.93209e-08
-8.02541e-07
-3.42319e-07
-4.27802e-07
-5.67454e-07
-8.82911e-08
-7.1681e-07
1.3918e-07
-7.88769e-07
2.78499e-07
-7.76425e-07
3.66391e-07
-7.38097e-07
4.12494e-07
-6.48909e-07
4.46984e-07
-5.22291e-07
4.70801e-07
-4.031e-07
4.98155e-07
-2.78668e-07
5.26658e-07
-3.40648e-07
8.67073e-07
-1.58507e-07
6.41564e-07
-5.81148e-08
7.93283e-07
-6.15971e-09
8.60612e-07
2.54315e-08
9.30343e-07
4.42791e-08
9.93307e-07
5.45306e-08
1.0425e-06
6.10338e-08
1.08061e-06
6.36355e-08
1.10369e-06
6.76929e-08
1.11146e-06
7.52594e-08
1.10594e-06
8.51213e-08
1.08808e-06
9.88516e-08
1.05656e-06
1.18163e-07
1.01057e-06
1.43744e-07
9.54951e-07
1.76726e-07
8.905e-07
2.15848e-07
8.18112e-07
2.59717e-07
7.37781e-07
3.08083e-07
6.51285e-07
3.59519e-07
5.5637e-07
4.13756e-07
4.53193e-07
4.72559e-07
3.41296e-07
5.36051e-07
2.1533e-07
6.04842e-07
7.59213e-08
6.79632e-07
-7.77746e-08
7.59094e-07
-2.44884e-07
8.4685e-07
-4.25807e-07
9.4234e-07
-6.13394e-07
1.04239e-06
-8.13709e-07
1.14557e-06
-1.01485e-06
1.25054e-06
-1.21219e-06
1.34708e-06
-1.40821e-06
1.4414e-06
-1.59637e-06
1.5178e-06
-1.75269e-06
1.57635e-06
-1.91951e-06
1.60422e-06
-2.01287e-06
-2.11959e-06
1.59617e-06
-2.1482e-07
-6.01854e-07
-4.27108e-07
-7.67765e-07
-5.67458e-07
-6.62202e-07
-6.08018e-07
-3.8725e-07
-5.88322e-07
-1.07991e-07
-5.48932e-07
9.97881e-08
-5.03524e-07
2.33089e-07
-4.56572e-07
3.19437e-07
-4.13978e-07
3.69897e-07
-3.77316e-07
4.10316e-07
-3.42288e-07
4.35767e-07
-3.12992e-07
4.68852e-07
-2.47478e-07
4.61136e-07
3.97982e-08
5.79787e-07
-2.44597e-07
9.25947e-07
-8.06348e-08
6.29307e-07
-1.77895e-08
7.97753e-07
3.22509e-08
8.80287e-07
9.51518e-08
9.30392e-07
1.60936e-07
9.76696e-07
2.25385e-07
1.01614e-06
2.86944e-07
1.04211e-06
3.45508e-07
1.05288e-06
4.01662e-07
1.04977e-06
4.56216e-07
1.03351e-06
5.0919e-07
1.00357e-06
5.59655e-07
9.60087e-07
6.08373e-07
9.06223e-07
6.55423e-07
8.43441e-07
7.00652e-07
7.72875e-07
7.44428e-07
6.93999e-07
7.8753e-07
6.08179e-07
8.30499e-07
5.13397e-07
8.74106e-07
4.09582e-07
9.17794e-07
2.97606e-07
9.60676e-07
1.72445e-07
1.00362e-06
3.29728e-08
1.04929e-06
-1.23448e-07
1.09788e-06
-2.93476e-07
1.15045e-06
-4.78374e-07
1.20829e-06
-6.71232e-07
1.27001e-06
-8.7543e-07
1.33324e-06
-1.07808e-06
1.40176e-06
-1.28071e-06
1.46332e-06
-1.46976e-06
1.52361e-06
-1.65666e-06
1.56977e-06
-1.79885e-06
1.60798e-06
-1.95773e-06
1.62523e-06
-2.03012e-06
-2.10649e-06
1.61213e-06
-1.63696e-07
-4.98446e-07
-3.17438e-07
-6.14032e-07
-4.43038e-07
-5.36611e-07
-5.00894e-07
-3.29401e-07
-5.03303e-07
-1.05585e-07
-4.74892e-07
7.13734e-08
-4.33106e-07
1.91301e-07
-3.84265e-07
2.70592e-07
-3.35727e-07
3.21354e-07
-2.84159e-07
3.58741e-07
-2.31184e-07
3.82785e-07
-1.61116e-07
3.98777e-07
-1.07516e-07
4.07527e-07
-1.84751e-07
6.57011e-07
1.22894e-07
6.1829e-07
8.89389e-08
6.63249e-07
1.84752e-07
7.01926e-07
2.90862e-07
7.74163e-07
3.90107e-07
8.31133e-07
4.92168e-07
8.74621e-07
5.98986e-07
9.09312e-07
7.07549e-07
9.33537e-07
8.15187e-07
9.45233e-07
9.20402e-07
9.44543e-07
1.02222e-06
9.31676e-07
1.11906e-06
9.06727e-07
1.20928e-06
8.69848e-07
1.29265e-06
8.22846e-07
1.36866e-06
7.67426e-07
1.43667e-06
7.04859e-07
1.49636e-06
6.34305e-07
1.54831e-06
5.56227e-07
1.5919e-06
4.69802e-07
1.62696e-06
3.74522e-07
1.65522e-06
2.69346e-07
1.67563e-06
1.52033e-07
1.68892e-06
1.96742e-08
1.69559e-06
-1.30113e-07
1.69753e-06
-2.95418e-07
1.69491e-06
-4.7576e-07
1.68841e-06
-6.64725e-07
1.67995e-06
-8.66978e-07
1.66883e-06
-1.06695e-06
1.6575e-06
-1.26938e-06
1.63851e-06
-1.45077e-06
1.61893e-06
-1.63708e-06
1.58425e-06
-1.76417e-06
1.54119e-06
-1.91467e-06
1.48544e-06
-1.97438e-06
-2.01117e-06
1.39011e-06
-1.51595e-07
-4.12495e-07
-2.69863e-07
-4.95773e-07
-3.70227e-07
-4.36255e-07
-4.23199e-07
-2.76436e-07
-4.31664e-07
-9.71255e-08
-4.11103e-07
5.08083e-08
-3.75529e-07
1.55721e-07
-3.31697e-07
2.26755e-07
-2.848e-07
2.7445e-07
-2.34438e-07
3.08372e-07
-1.8445e-07
3.32789e-07
-1.39382e-07
3.53699e-07
-1.00301e-07
3.68436e-07
3.3742e-08
5.22957e-07
1.06864e-07
5.45156e-07
1.84876e-07
5.85223e-07
2.68717e-07
6.18071e-07
3.7274e-07
6.70126e-07
4.83398e-07
7.20461e-07
5.98512e-07
7.59494e-07
7.18787e-07
7.89024e-07
8.42269e-07
8.10042e-07
9.66418e-07
8.21071e-07
1.08932e-06
8.21633e-07
1.20953e-06
8.11456e-07
1.32531e-06
7.90934e-07
1.43514e-06
7.60004e-07
1.53793e-06
7.20055e-07
1.63303e-06
6.72323e-07
1.71998e-06
6.17906e-07
1.79812e-06
5.56161e-07
1.86698e-06
4.87357e-07
1.92591e-06
4.10874e-07
1.9739e-06
3.26533e-07
2.01092e-06
2.32322e-07
2.03574e-06
1.27215e-07
2.04778e-06
7.63037e-09
2.04453e-06
-1.26864e-07
2.02618e-06
-2.77063e-07
1.99122e-06
-4.40806e-07
1.94157e-06
-6.15069e-07
1.8747e-06
-8.0011e-07
1.79412e-06
-9.86368e-07
1.70109e-06
-1.17635e-06
1.59298e-06
-1.34266e-06
1.47987e-06
-1.52397e-06
1.34975e-06
-1.63405e-06
1.21094e-06
-1.77586e-06
1.06146e-06
-1.82491e-06
-1.82802e-06
8.78293e-07
-1.44686e-07
-3.37054e-07
-2.41537e-07
-3.98931e-07
-3.26934e-07
-3.50866e-07
-3.7611e-07
-2.27267e-07
-3.88184e-07
-8.50573e-08
-3.73594e-07
3.62112e-08
-3.43223e-07
1.25345e-07
-3.03596e-07
1.8712e-07
-2.59345e-07
2.3019e-07
-2.12437e-07
2.61456e-07
-1.63477e-07
2.83819e-07
-1.1192e-07
3.02132e-07
-5.71776e-08
3.13684e-07
3.48227e-08
4.30945e-07
1.11589e-07
4.68376e-07
1.97147e-07
4.99651e-07
2.8573e-07
5.29473e-07
3.86952e-07
5.6889e-07
4.97284e-07
6.10115e-07
6.12857e-07
6.43908e-07
7.3276e-07
6.69108e-07
8.55833e-07
6.86957e-07
9.80152e-07
6.96741e-07
1.10398e-06
6.97792e-07
1.2257e-06
6.89727e-07
1.34377e-06
6.72861e-07
1.45665e-06
6.4712e-07
1.56314e-06
6.13558e-07
1.66238e-06
5.73083e-07
1.7536e-06
5.2668e-07
1.83614e-06
4.73623e-07
1.9092e-06
4.14292e-07
1.97217e-06
3.47908e-07
2.0238e-06
2.74902e-07
2.06351e-06
1.92613e-07
2.08994e-06
1.00778e-07
2.10207e-06
-4.49792e-09
2.09739e-06
-1.22185e-07
2.07505e-06
-2.5472e-07
2.03254e-06
-3.98296e-07
1.97099e-06
-5.53519e-07
1.88692e-06
-7.16035e-07
1.78233e-06
-8.81784e-07
1.658e-06
-1.05201e-06
1.51281e-06
-1.19747e-06
1.35492e-06
-1.36608e-06
1.17509e-06
-1.45423e-06
9.93284e-07
-1.59406e-06
7.87078e-07
-1.61871e-06
-1.61816e-06
5.77208e-07
-1.38664e-07
-2.68957e-07
-2.20516e-07
-3.17087e-07
-2.9654e-07
-2.7485e-07
-3.43215e-07
-1.806e-07
-3.58303e-07
-6.99775e-08
-3.48843e-07
2.6743e-08
-3.23114e-07
9.96076e-08
-2.86671e-07
1.50668e-07
-2.44811e-07
1.88321e-07
-1.99324e-07
2.15958e-07
-1.50076e-07
2.34561e-07
-9.73245e-08
2.4937e-07
-4.2638e-08
2.58987e-07
3.29417e-08
3.55353e-07
1.13875e-07
3.87429e-07
2.00596e-07
4.12916e-07
2.91452e-07
4.38602e-07
3.90874e-07
4.69454e-07
4.98507e-07
5.02468e-07
6.12046e-07
5.30356e-07
7.30008e-07
5.51134e-07
8.5124e-07
5.65714e-07
9.74042e-07
5.73929e-07
1.09686e-06
5.74964e-07
1.21799e-06
5.68593e-07
1.33599e-06
5.54856e-07
1.44926e-06
5.33841e-07
1.55665e-06
5.06169e-07
1.65701e-06
4.72718e-07
1.74954e-06
4.34151e-07
1.83335e-06
3.89814e-07
1.90766e-06
3.39984e-07
1.97172e-06
2.83842e-07
2.02432e-06
2.22307e-07
2.06464e-06
1.52294e-07
2.09133e-06
7.40884e-08
2.10334e-06
-1.65079e-08
2.09834e-06
-1.17185e-07
2.07522e-06
-2.31597e-07
2.03151e-06
-3.54582e-07
1.96732e-06
-4.89333e-07
1.88024e-06
-6.2895e-07
1.77051e-06
-7.72052e-07
1.63847e-06
-9.19973e-07
1.48368e-06
-1.04268e-06
1.3118e-06
-1.19421e-06
1.11765e-06
-1.26008e-06
9.22247e-07
-1.39866e-06
6.97364e-07
-1.39384e-06
-1.41213e-06
4.91323e-07
-1.63269e-07
-1.95005e-07
-2.4848e-07
-2.31884e-07
-3.31772e-07
-1.91567e-07
-3.83211e-07
-1.2917e-07
-4.02293e-07
-5.09052e-08
-3.94513e-07
1.89525e-08
-3.6816e-07
7.32431e-08
-3.24403e-07
1.06899e-07
-2.78496e-07
1.42402e-07
-2.23889e-07
1.61339e-07
-1.65376e-07
1.76035e-07
-1.02249e-07
1.86231e-07
-3.87751e-08
1.955e-07
4.02113e-08
2.76352e-07
1.36879e-07
2.90746e-07
2.3727e-07
3.12509e-07
3.42699e-07
3.33157e-07
4.54762e-07
3.57374e-07
5.73989e-07
3.83225e-07
6.9936e-07
4.04971e-07
8.28932e-07
4.21549e-07
9.6112e-07
4.33514e-07
1.09418e-06
4.40855e-07
1.22648e-06
4.42662e-07
1.35613e-06
4.38939e-07
1.4816e-06
4.29376e-07
1.60111e-06
4.14335e-07
1.71349e-06
3.93782e-07
1.81733e-06
3.68875e-07
1.91198e-06
3.39503e-07
1.9961e-06
3.05692e-07
2.06938e-06
2.6671e-07
2.13066e-06
2.22569e-07
2.17918e-06
1.73784e-07
2.21374e-06
1.17737e-07
2.23338e-06
5.44511e-08
2.2369e-06
-2.00274e-08
2.22245e-06
-1.02733e-07
2.18873e-06
-1.97879e-07
2.13395e-06
-2.998e-07
2.05769e-06
-4.13066e-07
1.95808e-06
-5.29336e-07
1.83516e-06
-6.4913e-07
1.68748e-06
-7.72295e-07
1.51691e-06
-8.72116e-07
1.32602e-06
-1.00332e-06
1.11327e-06
-1.04733e-06
9.01669e-07
-1.18707e-06
6.59835e-07
-1.15202e-06
-1.20393e-06
4.51622e-07
-1.49314e-07
-1.31584e-07
-2.30245e-07
-1.50965e-07
-2.95908e-07
-1.25916e-07
-3.40676e-07
-8.44149e-08
-3.5778e-07
-3.38144e-08
-3.50767e-07
1.19261e-08
-3.25161e-07
4.76227e-08
-2.91293e-07
7.30166e-08
-2.45456e-07
9.65507e-08
-1.95098e-07
1.10967e-07
-1.41537e-07
1.22459e-07
-8.29095e-08
1.27588e-07
-1.65908e-08
1.29167e-07
4.29313e-08
2.16813e-07
1.34299e-07
1.99361e-07
2.21386e-07
2.25403e-07
3.17635e-07
2.3689e-07
4.14207e-07
2.60784e-07
5.15207e-07
2.82208e-07
6.20517e-07
2.99646e-07
7.27819e-07
3.14235e-07
8.35671e-07
3.2565e-07
9.429e-07
3.33617e-07
1.04823e-06
3.37328e-07
1.15023e-06
3.36935e-07
1.24769e-06
3.3191e-07
1.33917e-06
3.22847e-07
1.42373e-06
3.09223e-07
1.5004e-06
2.92201e-07
1.56875e-06
2.71155e-07
1.62749e-06
2.46962e-07
1.67689e-06
2.17311e-07
1.71576e-06
1.83703e-07
1.74412e-06
1.45424e-07
1.76065e-06
1.01209e-07
1.76495e-06
5.01558e-08
1.75611e-06
-1.11871e-08
1.73305e-06
-7.96746e-08
1.69516e-06
-1.59983e-07
1.64125e-06
-2.45887e-07
1.57109e-06
-3.42903e-07
1.4831e-06
-4.41346e-07
1.37784e-06
-5.43873e-07
1.2525e-06
-6.4695e-07
1.11101e-06
-7.30622e-07
9.5235e-07
-8.44666e-07
7.79423e-07
-8.74415e-07
6.08484e-07
-1.01614e-06
4.10843e-07
-9.54398e-07
-1.04304e-06
2.49929e-07
-1.447e-07
-6.70222e-08
-2.21032e-07
-7.4644e-08
-2.83557e-07
-6.34041e-08
-3.26455e-07
-4.15307e-08
-3.44076e-07
-1.62086e-08
-3.38743e-07
6.57747e-09
-3.16114e-07
2.49785e-08
-2.82092e-07
3.89787e-08
-2.35969e-07
5.04113e-08
-1.83746e-07
5.87283e-08
-1.26172e-07
6.48698e-08
-6.76817e-08
6.90809e-08
-1.40644e-08
7.55344e-08
9.28343e-08
1.09896e-07
1.77849e-07
1.14327e-07
2.68763e-07
1.3447e-07
3.77463e-07
1.28171e-07
4.70828e-07
1.67401e-07
5.75962e-07
1.77057e-07
6.89539e-07
1.86054e-07
8.07713e-07
1.96048e-07
9.29622e-07
2.03731e-07
1.05455e-06
2.08681e-07
1.1812e-06
2.1067e-07
1.30836e-06
2.09774e-07
1.43449e-06
2.05777e-07
1.55792e-06
1.99411e-07
1.67652e-06
1.90628e-07
1.78964e-06
1.79078e-07
1.89598e-06
1.6482e-07
1.99326e-06
1.49682e-07
2.08129e-06
1.29285e-07
2.15762e-06
1.07378e-07
2.22246e-06
8.05861e-08
2.27245e-06
5.12224e-08
2.30671e-06
1.58936e-08
2.32233e-06
-2.68059e-08
2.31772e-06
-7.50597e-08
2.29094e-06
-1.33202e-07
2.23899e-06
-1.93933e-07
2.15941e-06
-2.63323e-07
2.04859e-06
-3.30528e-07
1.90629e-06
-4.01567e-07
1.72553e-06
-4.66193e-07
1.51532e-06
-5.2041e-07
1.26417e-06
-5.93518e-07
9.90598e-07
-6.00849e-07
6.9867e-07
-7.2422e-07
3.48781e-07
-6.04522e-07
-7.53953e-07
5.96823e-08
-1.68922e-07
-2.43569e-07
-3.06976e-07
-3.48511e-07
-3.64724e-07
-3.58151e-07
-3.33178e-07
-2.94206e-07
-2.43801e-07
-1.85079e-07
-1.20217e-07
-5.1145e-08
2.43813e-08
1.3427e-07
2.48589e-07
3.83051e-07
5.11214e-07
6.78608e-07
8.55659e-07
1.04171e-06
1.23775e-06
1.44148e-06
1.65016e-06
1.86082e-06
2.0706e-06
2.27637e-06
2.47578e-06
2.66641e-06
2.84549e-06
3.01031e-06
3.15999e-06
3.28928e-06
3.39666e-06
3.47725e-06
3.52847e-06
3.54436e-06
3.51756e-06
3.4425e-06
3.3093e-06
3.11537e-06
2.85204e-06
2.52151e-06
2.11995e-06
1.65376e-06
1.13334e-06
5.39824e-07
-6.10281e-08
-7.85252e-07
-1.38978e-06
-2.14374e-06
-7.68527e-07
-1.24401e-06
5.90885e-07
-1.35942e-06
1.67117e-06
-1.08031e-06
2.53525e-06
-8.64124e-07
3.87209e-06
-1.33693e-06
3.93907e-06
-6.70906e-08
3.29481e-06
6.44096e-07
3.03098e-06
2.63681e-07
3.11681e-06
-8.60221e-08
2.24332e-06
-1.77655e-06
-1.95113e-06
-1.06487e-06
-2.07111e-06
-2.07114e-07
-1.93809e-06
3.52667e-07
-1.42395e-06
7.14695e-07
-1.69904e-06
1.33625e-06
-6.88742e-07
1.19698e-06
7.83172e-07
7.1853e-07
7.42014e-07
5.03297e-07
1.29006e-07
3.28418e-06
-1.19809e-06
-2.32575e-06
-8.27104e-07
-2.44211e-06
-3.78694e-07
-2.38652e-06
-3.81945e-08
-1.76448e-06
9.84281e-08
-1.83574e-06
4.33536e-07
-1.02393e-06
4.00763e-07
8.15754e-07
8.67428e-08
1.05594e-06
-2.2506e-07
4.40611e-07
3.88395e-06
-6.53124e-07
-2.5189e-06
-4.66923e-07
-2.62831e-06
-2.37866e-07
-2.6156e-06
-5.22634e-08
-1.95011e-06
-8.52167e-09
-1.87955e-06
1.45146e-07
-1.17766e-06
9.3043e-08
8.67684e-07
-1.1001e-07
1.25892e-06
-4.02743e-07
7.33174e-07
4.27746e-06
-3.25756e-07
-2.61874e-06
-2.32544e-07
-2.72153e-06
-1.13087e-07
-2.73507e-06
-1.32313e-08
-2.04998e-06
-1.37467e-08
-1.87909e-06
5.15219e-08
-1.24296e-06
-9.55839e-09
9.28629e-07
-1.48253e-07
1.39756e-06
-3.87048e-07
9.71844e-07
4.5476e-06
-1.56726e-07
-2.67129e-06
-1.09541e-07
-2.76871e-06
-4.4084e-08
-2.80054e-06
9.84763e-09
-2.10392e-06
-6.55863e-09
-1.86273e-06
2.01377e-08
-1.26969e-06
-3.54675e-08
9.84133e-07
-1.32089e-07
1.49415e-06
-3.13959e-07
1.15362e-06
4.73573e-06
-7.44006e-08
-2.69991e-06
-4.54449e-08
-2.79767e-06
-3.47528e-09
-2.84252e-06
2.25426e-08
-2.12995e-06
1.60371e-09
-1.84182e-06
5.91515e-09
-1.27401e-06
-4.04096e-08
1.03038e-06
-1.10298e-07
1.56402e-06
-2.42592e-07
1.28585e-06
4.86014e-06
-5.31173e-08
-2.74299e-06
-6.31597e-09
-2.84447e-06
5.41574e-08
-2.903e-06
7.22695e-08
-2.14806e-06
1.83439e-08
-1.78792e-06
-4.31362e-09
-1.25137e-06
-9.14619e-08
1.11746e-06
-2.14403e-07
1.68695e-06
-4.30743e-07
1.50213e-06
5.04249e-06
6.46745e-08
-2.7885e-06
1.0537e-07
-2.88516e-06
1.39088e-07
-2.93672e-06
1.26433e-07
-2.13541e-06
4.67052e-08
-1.70822e-06
-1.44886e-08
-1.19018e-06
-1.25903e-07
1.22882e-06
-2.67375e-07
1.82841e-06
-4.86995e-07
1.72169e-06
5.20711e-06
2.07665e-07
-2.82012e-06
2.23694e-07
-2.90119e-06
2.25126e-07
-2.93816e-06
1.83692e-07
-2.09398e-06
8.01634e-08
-1.60472e-06
-1.38348e-08
-1.09619e-06
-1.56339e-07
1.37126e-06
-3.17431e-07
1.98949e-06
-5.30691e-07
1.93489e-06
5.35718e-06
3.38203e-07
-2.8357e-06
3.29364e-07
-2.89235e-06
3.03129e-07
-2.91193e-06
2.38859e-07
-2.02972e-06
1.16093e-07
-1.48198e-06
-1.99931e-09
-9.781e-07
-1.71608e-07
1.5408e-06
-3.50446e-07
2.16832e-06
-5.58127e-07
2.14251e-06
5.49887e-06
4.37692e-07
-2.84006e-06
4.11898e-07
-2.86656e-06
3.67211e-07
-2.86725e-06
2.87675e-07
-1.95018e-06
1.52116e-07
-1.34645e-06
1.84546e-08
-8.44443e-07
-1.70517e-07
1.72971e-06
-3.62919e-07
2.36072e-06
-5.76282e-07
2.35582e-06
5.64508e-06
5.04003e-07
-2.83787e-06
4.69287e-07
-2.83184e-06
4.15255e-07
-2.81323e-06
3.27378e-07
-1.86231e-06
1.85672e-07
-1.20477e-06
4.3821e-08
-7.02596e-07
-1.57146e-07
1.93061e-06
-3.59219e-07
2.56279e-06
-5.87613e-07
2.58414e-06
5.80318e-06
5.43541e-07
-2.83132e-06
5.04734e-07
-2.79304e-06
4.47829e-07
-2.75634e-06
3.56507e-07
-1.77099e-06
2.14128e-07
-1.06243e-06
7.01911e-08
-5.58664e-07
-1.37183e-07
2.13788e-06
-3.46055e-07
2.77165e-06
-5.83814e-07
2.82178e-06
5.96597e-06
5.64991e-07
-2.82135e-06
5.22589e-07
-2.75064e-06
4.66754e-07
-2.70052e-06
3.75121e-07
-1.67937e-06
2.33692e-07
-9.21049e-07
9.39003e-08
-4.1888e-07
-1.15689e-07
2.34736e-06
-3.29863e-07
2.98582e-06
-5.63104e-07
3.05488e-06
6.12581e-06
1.57206e-06
-2.79725e-06
1.40527e-06
-2.58385e-06
1.28783e-06
-2.58311e-06
1.05069e-06
-1.44224e-06
6.33187e-07
-5.036e-07
3.46994e-07
-1.32701e-07
-2.09935e-07
2.90414e-06
-8.25854e-07
3.60172e-06
-1.32579e-06
3.55464e-06
6.5448e-06
1.54271e-06
-2.72785e-06
1.31876e-06
-2.35991e-06
1.17835e-06
-2.44272e-06
9.05247e-07
-1.16915e-06
4.73916e-07
-7.23367e-08
2.60933e-07
8.02653e-08
-2.46217e-07
3.41111e-06
-7.53386e-07
4.10888e-06
-1.08259e-06
3.88363e-06
6.86435e-06
1.25442e-06
-2.59217e-06
9.84153e-07
-2.08965e-06
7.97354e-07
-2.25595e-06
5.16243e-07
-8.88058e-07
1.192e-07
3.2463e-07
-2.58439e-08
2.25294e-07
-3.99021e-07
3.78408e-06
-7.4629e-07
4.45613e-06
-9.0413e-07
4.04123e-06
7.01087e-06
6.62472e-07
-2.37637e-06
3.51689e-07
-1.77888e-06
1.36647e-07
-2.04094e-06
-1.09698e-07
-6.4173e-07
-3.90891e-07
6.05741e-07
-4.5293e-07
2.87323e-07
-6.33716e-07
3.96464e-06
-7.66174e-07
4.58858e-06
-7.39339e-07
4.01413e-06
6.93522e-06
3.07188e-07
-2.10636e-06
-4.70543e-08
-1.42466e-06
-2.63017e-07
-1.82501e-06
-5.35291e-07
-3.69471e-07
-7.54484e-07
8.2485e-07
-7.76312e-07
3.09147e-07
-8.29133e-07
4.01723e-06
-7.82606e-07
4.54205e-06
-5.78626e-07
3.80989e-06
6.63273e-06
1.71207e-07
-1.78626e-06
-1.82119e-07
-1.07135e-06
-3.8873e-07
-1.61843e-06
-7.22611e-07
-3.56012e-08
-9.09679e-07
1.01183e-06
-9.30346e-07
3.29819e-07
-9.09474e-07
3.99613e-06
-7.3718e-07
4.36975e-06
-3.90484e-07
3.46294e-06
6.09567e-06
7.04747e-08
-1.40514e-06
-2.46818e-07
-7.54071e-07
-4.91287e-07
-1.374e-06
-8.84467e-07
3.57572e-07
-9.79927e-07
1.10719e-06
-1.01919e-06
3.69097e-07
-9.27149e-07
3.90382e-06
-5.92427e-07
4.03503e-06
-1.03517e-07
2.97373e-06
5.29712e-06
-4.94955e-08
-1.10574e-06
-2.68498e-07
-5.35087e-07
-4.85912e-07
-1.15664e-06
-7.82767e-07
6.54423e-07
-7.35123e-07
1.05942e-06
-7.36909e-07
3.70916e-07
-6.36609e-07
3.80315e-06
-2.91059e-07
3.68947e-06
1.73508e-07
2.50881e-06
4.62228e-06
-4.74289e-07
-5.71785e-07
-6.89615e-07
-3.19782e-07
-1.12838e-06
-7.17899e-07
-1.49889e-06
1.0249e-06
-1.15722e-06
7.17689e-07
-1.24156e-06
4.55229e-07
-8.54924e-07
3.41628e-06
4.06678e-08
2.79382e-06
8.19532e-07
1.72971e-06
3.43938e-06
-2.71553e-06
-3.03531e-06
-3.75321e-06
-2.72832e-06
-2.01063e-06
-1.55542e-06
1.86086e-06
4.65467e-06
6.38438e-06
)
;

boundaryField
{
    inlet
    {
        type            calculated;
        value           uniform 0;
    }
    outlet
    {
        type            calculated;
        value           nonuniform List<scalar> 
25
(
8.73444e-07
-5.37613e-07
-8.24868e-07
-7.96286e-07
-6.57207e-07
-5.02101e-07
-3.6701e-07
-6.13106e-07
-6.51617e-07
-6.80765e-07
-6.99822e-07
-7.22495e-07
-7.45711e-07
-7.46609e-07
-7.22958e-07
-1.74479e-06
-1.40215e-06
-1.05067e-06
-6.63705e-07
-2.76142e-07
1.46558e-07
6.95007e-07
8.48316e-07
2.0024e-06
9.82376e-06
)
;
    }
    upperWall
    {
        type            calculated;
        value           uniform 0;
    }
    lowerWall
    {
        type            calculated;
        value           uniform 0;
    }
    frontAndBack
    {
        type            empty;
        value           nonuniform List<scalar> 0();
    }
}


// ************************************************************************* //
