/*--------------------------------*- C++ -*----------------------------------*\
| =========                 |                                                 |
| \\      /  F ield         | OpenFOAM: The Open Source CFD Toolbox           |
|  \\    /   O peration     | Version:  2112                                  |
|   \\  /    A nd           | Website:  www.openfoam.com                      |
|    \\/     M anipulation  |                                                 |
\*---------------------------------------------------------------------------*/
FoamFile
{
    version     2.0;
    format      ascii;
    arch        "LSB;label=32;scalar=64";
    class       volVectorField;
    location    "0.11";
    object      ddtCorrDdt0(U);
}
// * * * * * * * * * * * * * * * * * * * * * * * * * * * * * * * * * * * * * //

dimensions      [0 1 -2 0 0 0 0];

internalField   nonuniform List<vector> 
1580
(
(-0.000289991 -0.000378715 0)
(0.000689071 -0.00176829 0)
(9.45742e-05 -0.00293699 0)
(0.00552717 -0.00634432 0)
(0.00380225 -0.00827219 0)
(0.0304101 -0.0186556 0)
(0.0248484 -0.0257662 0)
(0.160319 -0.0728117 0)
(-3.23479e-05 -0.000713124 0)
(-2.61515e-05 -0.00264735 0)
(-3.72534e-05 -0.0056266 0)
(0.000349951 -0.0101366 0)
(0.000314344 -0.0173137 0)
(0.00324597 -0.0295409 0)
(0.000421663 -0.0554741 0)
(0.00339835 -0.114264 0)
(4.61117e-06 -0.000865004 0)
(5.46965e-05 -0.00296207 0)
(0.000159663 -0.00599609 0)
(0.000384893 -0.0105395 0)
(0.00061715 -0.0177611 0)
(0.00144724 -0.0301386 0)
(9.13803e-05 -0.0544702 0)
(-0.00541343 -0.108201 0)
(5.36537e-06 -0.000895895 0)
(2.32217e-05 -0.00305466 0)
(5.14315e-05 -0.00613354 0)
(3.79064e-05 -0.0106721 0)
(-0.000233067 -0.0177493 0)
(-0.00114003 -0.029646 0)
(-0.00486781 -0.0521762 0)
(-0.0180627 -0.100848 0)
(-1.96621e-06 -0.000891005 0)
(-3.91023e-05 -0.00300875 0)
(-0.000158045 -0.00597971 0)
(-0.000499281 -0.0102921 0)
(-0.00139815 -0.01691 0)
(-0.00375688 -0.0278754 0)
(-0.00976186 -0.0476654 0)
(-0.0280496 -0.0907248 0)
(-6.1986e-06 -0.000811911 0)
(-9.30216e-05 -0.00273733 0)
(-0.000354487 -0.00543085 0)
(-0.00101268 -0.00932292 0)
(-0.0024967 -0.0152491 0)
(-0.00584378 -0.024995 0)
(-0.0137869 -0.042182 0)
(-0.0357348 -0.0789191 0)
(-1.08781e-05 -0.000650702 0)
(-0.000136461 -0.0022102 0)
(-0.000504102 -0.00442534 0)
(-0.00139177 -0.00767552 0)
(-0.00332165 -0.0126622 0)
(-0.00756716 -0.0208779 0)
(-0.0170571 -0.0355387 0)
(-0.0418076 -0.0647761 0)
(-1.09189e-05 -0.000444265 0)
(-0.000141183 -0.00153535 0)
(-0.000512171 -0.00314294 0)
(-0.00141491 -0.00559185 0)
(-0.00347287 -0.00940627 0)
(-0.00811441 -0.0157723 0)
(-0.0188088 -0.0268187 0)
(-0.0452162 -0.0484248 0)
(8.05947e-06 -0.000219561 0)
(-7.14398e-05 -0.000866615 0)
(-0.000340785 -0.00191574 0)
(-0.00108314 -0.00360987 0)
(-0.00310828 -0.00617285 0)
(-0.00735919 -0.0104578 0)
(-0.0190102 -0.0177705 0)
(-0.0437057 -0.0309282 0)
(0.000124055 -0.000108939 0)
(-0.000330911 -0.000430769 0)
(-0.000312827 -0.000763127 0)
(-0.00240014 -0.00156994 0)
(-0.00387616 -0.00221918 0)
(-0.0124447 -0.00429611 0)
(-0.0251959 -0.00614963 0)
(-0.0640786 -0.0116214 0)
(0.174905 -0.669948 0)
(2.5059 -2.13896 0)
(7.04799 -2.15913 0)
(10.0905 -1.26017 -2.38531e-18)
(10.9572 -0.0833665 0)
(10.403 0.724606 0)
(9.19395 1.17345 0)
(7.76472 1.32349 0)
(6.37945 1.27815 -1.57986e-18)
(5.17052 1.13782 1.64337e-18)
(4.17077 0.979046 8.55428e-19)
(3.36646 0.833912 0)
(2.72451 0.711847 0)
(2.1356 0.601727 0)
(1.59048 0.51169 0)
(1.14235 0.456456 0)
(0.780933 0.425675 0)
(0.485552 0.392333 0)
(0.206489 0.324495 0)
(-0.0755851 0.297926 -1.34703e-18)
(-0.37765 0.271496 0)
(-0.702222 0.260936 1.29234e-18)
(-1.06012 0.250213 0)
(-1.45472 0.233415 0)
(-1.87975 0.206828 0)
(-2.33727 0.172898 0)
(-2.82943 0.116925 -1.12726e-18)
(-3.31242 0.0237536 -1.09493e-18)
(-3.7509 -0.0913072 0)
(-4.13743 -0.23019 0)
(-4.39491 -0.40199 0)
(-4.49329 -0.587617 1.00519e-18)
(-4.39704 -0.763737 -9.87219e-19)
(-4.08913 -0.90988 9.75129e-19)
(-3.57505 -1.00064 0)
(-2.88672 -1.00457 -9.66959e-19)
(-2.09273 -0.888171 -9.68404e-19)
(-1.30518 -0.62088 9.70795e-19)
(-0.681765 -0.170866 0)
(-0.42997 0.482892 0)
(-0.789554 1.34537 0)
(-2.00716 2.38714 -1.85158e-18)
(-4.29592 3.53215 0)
(-7.96071 4.67055 0)
(-13.2234 5.77951 1.48306e-18)
(-19.6651 6.70937 0)
(-27.5723 7.36474 1.11813e-18)
(-35.7928 7.47469 0)
(-45.0508 7.21019 0)
(-54.0738 5.96935 0)
(0.0990203 -2.09402 0)
(1.39812 -4.28393 0)
(4.15751 -4.37905 0)
(5.25307 -2.76974 3.4425e-18)
(4.78913 -0.405307 3.7334e-18)
(3.87467 1.35972 0)
(2.96211 2.33302 0)
(2.16296 2.6726 0)
(1.53551 2.60637 2.23153e-18)
(1.07839 2.32431 -2.30959e-18)
(0.753048 1.98754 1.18946e-18)
(0.52579 1.66658 0)
(0.370487 1.39174 2.58586e-18)
(0.251935 1.13922 0)
(0.159371 0.922544 2.05758e-18)
(0.101228 0.76692 0)
(0.0732321 0.654141 0)
(0.0311464 0.571919 0)
(-0.121429 0.566388 0)
(-0.229865 0.607107 5.611e-18)
(-0.375809 0.657062 0)
(-0.57635 0.730281 -5.38507e-18)
(-0.847131 0.819471 0)
(-1.20093 0.911709 0)
(-1.64521 0.995206 0)
(-2.19697 1.07479 3.23329e-18)
(-2.84845 1.13671 1.56232e-18)
(-3.58358 1.14671 4.49361e-18)
(-4.40706 1.09285 0)
(-5.28809 0.941115 2.95452e-18)
(-6.19157 0.721736 0)
(-7.09807 0.411934 1.38923e-18)
(-7.9641 0.0416827 1.37613e-18)
(-8.75906 -0.34558 -1.36108e-18)
(-9.46529 -0.717949 0)
(-10.073 -1.0198 4.05938e-18)
(-10.5994 -1.17783 1.35991e-18)
(-11.091 -1.12233 1.36954e-18)
(-11.6342 -0.781507 0)
(-12.3595 -0.0808303 0)
(-13.447 1.06287 0)
(-15.1162 2.67176 2.61949e-18)
(-17.5773 4.65157 0)
(-21.0113 6.91232 0)
(-25.6828 9.31815 -2.11373e-18)
(-31.5891 11.4983 -2.0422e-18)
(-38.676 13.203 -1.60308e-18)
(-46.3822 14.0038 -1.53858e-18)
(-55.0218 14.1013 0)
(-63.5661 13.0001 0)
(-0.441092 -2.2704 0)
(-0.283623 -5.07271 -8.47935e-18)
(1.01248 -5.14269 -9.15896e-18)
(1.26878 -2.99754 0)
(1.12433 -0.140601 -6.56223e-21)
(0.958257 1.87365 0)
(0.737078 2.86774 5.72382e-18)
(0.469071 3.12381 0)
(0.241069 2.9505 -6.1959e-18)
(0.0765525 2.54152 0)
(-0.0350592 2.11427 -3.28719e-18)
(-0.110108 1.72805 0)
(-0.148079 1.40803 2.02497e-21)
(-0.1642 1.12995 0)
(-0.179178 0.903424 -8.47521e-18)
(-0.18987 0.745612 0)
(-0.193803 0.627461 -5.43507e-18)
(-0.215258 0.541496 0)
(-0.234349 0.555615 0)
(-0.25756 0.611901 -5.12071e-18)
(-0.294891 0.698604 5.03834e-18)
(-0.373566 0.821804 9.8493e-18)
(-0.515942 0.977348 0)
(-0.742792 1.15163 0)
(-1.0635 1.32692 0)
(-1.52434 1.49805 -4.42052e-18)
(-2.05683 1.64346 -4.27835e-18)
(-2.68092 1.72736 -4.07026e-18)
(-3.41422 1.72773 0)
(-4.24576 1.64835 -4.0403e-18)
(-5.15061 1.49058 0)
(-6.123 1.23285 -7.61521e-18)
(-7.18588 0.893096 0)
(-8.28356 0.520209 0)
(-9.41374 0.150114 0)
(-10.5647 -0.152907 -3.70141e-18)
(-11.7497 -0.29571 0)
(-12.9956 -0.194865 -7.51961e-18)
(-14.3575 0.26009 0)
(-15.9112 1.16945 0)
(-17.8438 2.62361 0)
(-20.3342 4.67081 0)
(-23.5365 7.18413 -7.35024e-18)
(-27.5956 10.0857 0)
(-32.7167 13.2923 -6.51522e-18)
(-39.0062 16.1503 2.8356e-18)
(-46.4104 18.4018 5.26409e-18)
(-54.1039 19.7038 2.09868e-18)
(-62.9455 19.8919 0)
(-70.959 18.2695 3.23317e-18)
(-0.851473 -2.01898 0)
(-1.49109 -5.17354 1.2129e-17)
(-1.12253 -5.3142 1.30116e-17)
(-1.29383 -3.07464 0)
(-1.22193 -0.212125 -7.37756e-18)
(-1.00401 1.84456 -7.59068e-18)
(-0.864531 2.8921 -7.78407e-18)
(-0.833128 3.12923 -8.24987e-18)
(-0.777805 2.9842 8.31242e-18)
(-0.709158 2.54466 8.50314e-18)
(-0.638664 2.11267 0)
(-0.594669 1.72309 0)
(-0.545244 1.38892 -4.69719e-18)
(-0.479206 1.10964 0)
(-0.436596 0.885767 7.46314e-18)
(-0.393528 0.733876 0)
(-0.360306 0.61833 -1.09146e-20)
(-0.361535 0.550509 7.02958e-18)
(-0.322062 0.550858 0)
(-0.291494 0.603991 0)
(-0.272341 0.704524 -6.61234e-18)
(-0.287583 0.855056 -6.47066e-18)
(-0.35685 1.05109 -6.34057e-18)
(-0.496944 1.28146 -6.17998e-18)
(-0.727288 1.5379 6.00492e-18)
(-1.14804 1.78256 0)
(-1.55012 1.96518 1.11923e-17)
(-2.02779 2.1005 -5.41982e-18)
(-2.60927 2.14891 0)
(-3.30628 2.12093 -5.26623e-18)
(-4.09755 1.99061 0)
(-4.88674 1.76278 4.97504e-18)
(-5.91976 1.48752 0)
(-7.04606 1.15575 4.82565e-18)
(-8.27913 0.819575 -9.63607e-18)
(-9.62241 0.550487 0)
(-11.1036 0.454197 0)
(-12.7518 0.617453 4.99286e-18)
(-14.6141 1.15672 0)
(-16.7109 2.22413 0)
(-19.3135 3.92508 1.02964e-17)
(-22.5336 6.30304 0)
(-26.499 9.19371 1.98032e-17)
(-31.2724 12.4901 0)
(-37.0433 16.2072 -1.49225e-19)
(-43.7906 19.5923 -8.08543e-18)
(-51.8364 22.0662 -1.38298e-17)
(-59.3924 23.3284 0)
(-68.9527 24.1422 0)
(-79.4787 23.0733 5.20713e-19)
(-1.08341 -1.62724 0)
(-2.21927 -4.99268 -1.70267e-17)
(-2.47702 -5.25468 1.79812e-17)
(-3.0002 -3.094 0)
(-2.92379 -0.331549 0)
(-2.5403 1.71254 9.90838e-18)
(-2.17625 2.74487 0)
(-1.89465 3.09155 1.04645e-17)
(-1.55906 2.91776 -1.04547e-17)
(-1.26892 2.46108 -1.06132e-17)
(-1.02069 2.04665 1.08872e-17)
(-0.872417 1.67558 -5.59853e-18)
(-0.753779 1.33886 -5.80426e-18)
(-0.630669 1.07393 0)
(-0.563667 0.856795 9.1536e-18)
(-0.480907 0.712822 0)
(-0.415129 0.601993 -9.90976e-21)
(-0.425147 0.549346 -8.50486e-18)
(-0.354937 0.539572 0)
(-0.299258 0.595228 0)
(-0.260698 0.706394 0)
(-0.256238 0.8745 0)
(-0.2981 1.09369 1.53629e-17)
(-0.387899 1.35327 -1.73726e-20)
(-0.557393 1.61878 -7.27632e-18)
(-0.699499 1.87295 -7.04152e-18)
(-0.952406 2.104 -6.80144e-18)
(-1.2823 2.2796 1.32007e-17)
(-1.7335 2.37189 0)
(-2.3102 2.39124 1.28117e-17)
(-3.00945 2.33473 -6.2184e-18)
(-3.93043 2.17092 -1.21132e-17)
(-4.90601 1.9108 0)
(-5.98512 1.61774 -5.92637e-18)
(-7.20529 1.3284 2.37193e-17)
(-8.59372 1.11207 0)
(-10.1935 1.07965 1.21735e-17)
(-12.0475 1.31683 0)
(-14.1954 1.93155 0)
(-16.6155 3.11541 -1.27619e-17)
(-19.6989 5.01621 -1.28516e-17)
(-23.4383 7.62997 0)
(-27.9873 10.774 2.72847e-20)
(-33.2445 14.3401 0)
(-39.6162 18.341 1.09468e-17)
(-46.585 21.9191 -1.59815e-19)
(-55.1564 24.7858 1.4441e-17)
(-65.0917 26.6121 -4.8695e-18)
(-76.1116 27.3973 2.90222e-18)
(-87.7873 26.2619 -1.40733e-18)
(-1.18204 -1.29367 0)
(-2.6317 -4.75241 2.31835e-17)
(-3.3375 -5.12537 -2.3838e-17)
(-4.15478 -3.05724 0)
(-4.16169 -0.408053 2.42877e-17)
(-3.72897 1.57993 0)
(-3.14721 2.56053 0)
(-2.6447 3.02735 0)
(-2.09571 2.80441 1.18058e-17)
(-1.58837 2.34046 0)
(-1.18805 1.95689 -1.213e-17)
(-0.960305 1.61692 6.20742e-18)
(-0.795637 1.2872 6.40731e-18)
(-0.649916 1.04391 1.02874e-17)
(-0.59256 0.83757 -9.93701e-18)
(-0.48252 0.689593 0)
(-0.394499 0.576545 9.46956e-18)
(-0.265324 0.518448 -9.20456e-18)
(-0.164935 0.518107 0)
(-0.0944985 0.580612 0)
(-0.0546737 0.700218 -8.75828e-18)
(-0.0489046 0.878685 0)
(-0.081904 1.109 -8.41864e-18)
(-0.143467 1.38104 1.64731e-17)
(-0.262594 1.65971 0)
(-0.254988 1.91921 -8.0059e-21)
(-0.416667 2.16612 -7.55303e-18)
(-0.651904 2.36814 -7.31937e-18)
(-1.00701 2.49143 0)
(-1.48239 2.54435 -1.41502e-17)
(-2.08969 2.52012 6.89534e-18)
(-2.99129 2.39397 1.34774e-17)
(-3.84886 2.16507 0)
(-4.83667 1.90458 0)
(-5.99615 1.65845 -3.61299e-20)
(-7.37197 1.49494 0)
(-9.027 1.5279 -2.76763e-17)
(-11.0256 1.83959 0)
(-13.3922 2.5526 0)
(-16.3346 3.85508 -5.27618e-21)
(-19.7388 5.86729 0)
(-23.8061 8.63574 0)
(-28.7275 11.932 -1.37658e-17)
(-34.3043 15.6642 0)
(-41.0865 19.9382 0)
(-49.6148 23.8884 7.64565e-18)
(-59.2861 26.9019 1.77582e-19)
(-70.5491 29.0066 1.92741e-18)
(-82.2472 29.971 8.87792e-19)
(-92.8366 28.4528 9.96673e-19)
(-1.20791 -1.03671 0)
(-2.85484 -4.56297 2.98142e-17)
(-3.88313 -4.99276 0)
(-4.93812 -2.99674 2.88056e-17)
(-5.05106 -0.452258 -2.7514e-17)
(-4.60085 1.47051 0)
(-3.8392 2.44841 0)
(-3.13662 2.88995 0)
(-2.39629 2.68104 -1.20831e-17)
(-1.71624 2.22246 -1.21665e-17)
(-1.20482 1.87368 1.23654e-17)
(-0.927415 1.56577 -1.26253e-17)
(-0.741505 1.25076 0)
(-0.601398 1.01998 -1.03698e-17)
(-0.45538 0.80957 0)
(-0.311341 0.664762 -9.78976e-18)
(-0.197466 0.554936 -9.63079e-18)
(0.0134859 0.494754 9.45461e-18)
(0.12006 0.499593 9.36644e-18)
(0.187695 0.569004 0)
(0.213336 0.695181 9.14662e-18)
(0.206983 0.880023 9.03244e-18)
(0.168951 1.11595 0)
(0.113357 1.39353 6.90385e-21)
(0.0214325 1.6685 0)
(-0.0133177 1.93525 8.30892e-18)
(-0.141942 2.2003 8.08087e-18)
(-0.336361 2.41973 0)
(-0.626472 2.56264 7.76946e-18)
(-1.02169 2.63699 2.27707e-17)
(-1.52575 2.64374 0)
(-2.21562 2.53347 0)
(-2.94617 2.31656 -1.43803e-17)
(-3.83541 2.08229 1.44096e-17)
(-4.92424 1.87116 -1.46298e-17)
(-6.26712 1.75158 0)
(-7.94503 1.83938 3.07156e-17)
(-10.0368 2.21421 0)
(-12.5762 3.00322 0)
(-15.8579 4.39629 1.63462e-17)
(-19.5306 6.50382 0)
(-23.9427 9.39397 0)
(-29.2902 12.8104 1.483e-17)
(-35.3511 16.6943 0)
(-42.8181 21.179 1.05167e-17)
(-52.5117 25.3648 -6.19212e-18)
(-62.9624 28.5749 -2.46536e-18)
(-73.8393 30.716 0)
(-85.4591 31.5959 3.46109e-18)
(-95.1865 29.8024 -4.72521e-18)
(-1.21041 -0.85253 0)
(-2.98317 -4.42074 -3.43113e-17)
(-4.24681 -4.87317 0)
(-5.49439 -2.92954 -4.42411e-20)
(-5.7128 -0.475273 0)
(-5.26236 1.38065 0)
(-4.34799 2.3452 0)
(-3.45887 2.7562 0)
(-2.54668 2.5606 1.11572e-17)
(-1.73296 2.11306 2.24837e-17)
(-1.14282 1.79924 -1.14189e-17)
(-0.836191 1.51867 -8.24922e-21)
(-0.591166 1.21489 -1.19693e-17)
(-0.439786 1.0013 0)
(-0.212698 0.783808 0)
(-0.0356065 0.640727 9.26108e-18)
(0.100726 0.528062 9.15193e-18)
(0.28964 0.471616 0)
(0.376719 0.487625 -9.00279e-18)
(0.42158 0.564249 1.7829e-17)
(0.418394 0.696406 -1.76063e-17)
(0.386844 0.885993 8.68162e-18)
(0.330225 1.12549 1.70514e-17)
(0.262864 1.40615 -8.34719e-18)
(0.178712 1.67996 1.62933e-17)
(0.0957302 1.9497 0)
(-0.0194666 2.22583 0)
(-0.190379 2.45783 0)
(-0.426006 2.61528 -7.34195e-18)
(-0.746774 2.70575 -1.42834e-17)
(-1.14142 2.73349 1.38387e-17)
(-1.63886 2.64137 0)
(-2.24224 2.44299 1.33555e-17)
(-3.02338 2.23829 -1.33088e-17)
(-4.02515 2.06544 -1.33477e-17)
(-5.3095 1.99487 -1.35707e-17)
(-6.97352 2.14475 -1.39418e-17)
(-9.11147 2.59178 0)
(-11.7789 3.47387 0)
(-15.1997 4.95366 -1.48053e-17)
(-19.1628 7.15866 0)
(-24.0013 10.1864 0)
(-29.8969 13.7424 -1.3201e-17)
(-36.6343 17.8061 0)
(-44.9681 22.5797 -9.50635e-18)
(-55.1908 26.9442 7.0435e-18)
(-65.975 30.2206 0)
(-76.2999 32.4092 0)
(-87.6954 33.1797 5.72336e-19)
(-96.7305 31.1098 0)
(-1.20135 -0.723442 0)
(-3.0579 -4.30875 0)
(-4.50053 -4.76723 0)
(-5.90863 -2.8655 -1.1082e-16)
(-6.22933 -0.489351 6.79179e-17)
(-5.79227 1.29868 0)
(-4.74169 2.23109 -2.8886e-17)
(-3.67002 2.62966 0)
(-2.59316 2.44031 0)
(-1.67149 2.0091 -1.41333e-17)
(-1.02504 1.72841 -2.86964e-17)
(-0.668794 1.47175 2.92325e-17)
(-0.347116 1.17617 1.50758e-17)
(-0.158313 0.955224 0)
(0.0666115 0.754902 0)
(0.261498 0.618798 0)
(0.400175 0.507186 0)
(0.536997 0.456112 0)
(0.582374 0.483054 0)
(0.584519 0.566915 1.88058e-20)
(0.536742 0.704611 2.17414e-17)
(0.46539 0.89778 -4.26136e-17)
(0.374882 1.13949 -4.16419e-17)
(0.279711 1.4208 0)
(0.186915 1.69577 -1.96575e-17)
(0.0778259 1.96703 0)
(-0.0384428 2.24809 0)
(-0.191894 2.48843 0)
(-0.3825 2.65664 0)
(-0.636118 2.75932 1.66479e-17)
(-0.93149 2.80005 -3.2169e-17)
(-1.29155 2.7276 0)
(-1.7785 2.55728 0)
(-2.44829 2.38913 0)
(-3.34776 2.26368 -1.49635e-17)
(-4.54384 2.25507 1.52156e-17)
(-6.14725 2.4854 0)
(-8.27275 3.02927 3.14721e-17)
(-10.994 4.03014 0)
(-14.4586 5.6353 -1.62474e-17)
(-18.6598 7.98119 3.24817e-17)
(-23.8952 11.1939 0)
(-30.3156 14.933 0)
(-37.6978 19.2153 2.66153e-17)
(-46.6045 24.2869 -2.29344e-17)
(-57.0386 28.8466 1.87958e-17)
(-67.5979 32.0916 1.52942e-17)
(-77.4628 34.3432 1.14022e-17)
(-88.743 35.015 5.58234e-18)
(-97.3346 32.6316 -3.3125e-18)
(-1.11996 -0.341103 -2.58086e-17)
(-3.18815 -3.97414 0)
(-5.08007 -4.47921 0)
(-6.86895 -2.71366 3.08623e-17)
(-7.41878 -0.529204 -3.26569e-17)
(-6.98149 1.08977 1.68788e-17)
(-5.54341 1.93286 3.48838e-17)
(-4.09432 2.30772 0)
(-2.59263 2.14109 1.89048e-17)
(-1.45696 1.77351 0)
(-0.72277 1.57835 2.02954e-17)
(-0.240449 1.36926 -3.57991e-22)
(0.173254 1.07846 0)
(0.419638 0.756667 -8.93575e-18)
(0.578391 0.695675 -1.76475e-17)
(0.760353 0.584356 -1.73867e-17)
(0.859343 0.482136 -1.7149e-17)
(0.886126 0.444934 0)
(0.834678 0.488489 0)
(0.743825 0.584226 -1.64877e-17)
(0.608417 0.729578 0)
(0.461788 0.926316 1.60054e-17)
(0.308471 1.16888 1.57276e-17)
(0.165179 1.44676 0)
(0.0549192 1.72242 0)
(-0.0679802 1.99534 0)
(-0.192286 2.27818 1.43093e-17)
(-0.320268 2.52493 -1.39365e-17)
(-0.461281 2.70263 0)
(-0.641878 2.81613 -1.32785e-17)
(-0.842732 2.86718 3.39376e-20)
(-1.0921 2.81715 1.25867e-17)
(-1.4696 2.68416 -1.23771e-17)
(-2.02964 2.56151 0)
(-2.8229 2.49506 2.48156e-17)
(-3.91778 2.56309 0)
(-5.43712 2.8937 -1.28168e-17)
(-7.51333 3.5582 -3.97378e-17)
(-10.2289 4.69651 0)
(-13.7025 6.4573 2.81559e-17)
(-18.0601 8.98554 -2.85296e-17)
(-23.5651 12.4182 0)
(-30.336 16.3631 0)
(-38.0881 20.8597 -1.28919e-17)
(-47.1915 26.1891 1.16233e-17)
(-57.5977 30.8623 -2.00825e-17)
(-67.6824 34.0202 -1.69579e-17)
(-77.305 36.3316 -1.23787e-17)
(-88.7335 36.8917 -5.71559e-18)
(-97.1586 34.1752 2.61432e-18)
(-0.826503 0.133804 2.73818e-17)
(-3.07332 -3.28437 0)
(-5.69389 -3.78754 0)
(-8.22907 -2.30905 1.64838e-17)
(-9.13729 -0.537221 1.7627e-17)
(-8.47366 0.768127 -1.85568e-17)
(-6.59481 1.36679 -1.94829e-17)
(-4.94071 1.59105 1.02592e-17)
(-2.5817 1.41033 -2.14187e-17)
(-1.32968 1.25296 0)
(-0.666058 1.22689 0)
(-0.0557085 1.11441 -1.66539e-20)
(0.333072 0.881753 0)
(0.661731 0.575188 2.01878e-17)
(0.868659 0.625746 9.89084e-18)
(0.932159 0.553204 1.93808e-17)
(0.952546 0.484777 9.50722e-18)
(0.890201 0.475832 0)
(0.756222 0.536412 0)
(0.583845 0.645693 -9.05129e-18)
(0.379779 0.795932 8.89277e-18)
(0.175747 0.991049 0)
(-0.022203 1.2256 8.55209e-18)
(-0.177866 1.48915 0)
(-0.292812 1.76058 0)
(-0.402646 2.03211 -7.93293e-18)
(-0.516001 2.31094 -1.53976e-17)
(-0.612212 2.55822 1.49706e-17)
(-0.710738 2.74024 0)
(-0.83384 2.86041 1.41571e-17)
(-0.974098 2.91872 2.75129e-17)
(-1.15613 2.89195 -1.34074e-17)
(-1.45387 2.80269 3.56424e-20)
(-1.92261 2.73305 0)
(-2.61574 2.7366 0)
(-3.59946 2.89638 0)
(-5.00877 3.34951 1.34048e-17)
(-6.98474 4.16151 1.3744e-17)
(-9.60786 5.46239 0)
(-13.0287 7.41524 0)
(-17.4008 10.1724 1.45858e-17)
(-22.9537 13.8635 0)
(-29.8067 18.0329 0)
(-37.5957 22.7286 -2.72978e-17)
(-46.6854 28.2892 1.25377e-17)
(-56.9257 32.9898 0)
(-66.5398 36.0329 0)
(-76.2558 38.4485 0)
(-88.1563 38.8572 0)
(-96.4593 35.729 -2.20238e-18)
(-0.0447894 0.821504 0)
(-2.46603 -2.37192 -1.49273e-17)
(-5.87158 -2.88215 0)
(-9.05928 -1.73353 -8.67732e-18)
(-9.74304 -0.582764 -1.85385e-17)
(-8.23413 0.153786 -9.76561e-18)
(-6.49164 0.627188 1.02574e-17)
(-4.65157 0.964068 -1.06534e-17)
(-3.11392 1.00782 1.11685e-17)
(-2.21796 0.911558 5.7616e-18)
(-1.70422 0.913198 0)
(-0.746557 0.797183 -1.23705e-17)
(-0.280415 0.672699 0)
(-0.0104365 0.648858 -2.08645e-17)
(0.304063 0.576616 1.0208e-17)
(0.429206 0.514034 0)
(0.479405 0.487089 9.81908e-18)
(0.434828 0.511256 0)
(0.322297 0.590423 0)
(0.164535 0.711584 9.31361e-18)
(-0.0150383 0.865409 2.89986e-22)
(-0.204711 1.05571 8.96851e-18)
(-0.372874 1.27984 8.03681e-22)
(-0.500814 1.5284 -8.58414e-18)
(-0.604598 1.79238 0)
(-0.693071 2.06181 -7.16152e-21)
(-0.783141 2.33584 -7.91836e-18)
(-0.856342 2.5813 -7.68935e-18)
(-0.930139 2.76569 0)
(-1.02207 2.89097 -2.17555e-17)
(-1.13294 2.95617 -1.40792e-17)
(-1.28197 2.95006 -6.83482e-18)
(-1.53731 2.89938 1.34052e-17)
(-1.94685 2.87789 0)
(-2.56775 2.94637 0)
(-3.46076 3.19354 0)
(-4.76879 3.76624 0)
(-6.63166 4.72217 0)
(-9.11485 6.18714 0)
(-12.4244 8.33621 0)
(-16.6829 11.3234 -2.21498e-17)
(-22.076 15.2762 0)
(-28.7677 19.6684 -7.21718e-18)
(-36.3626 24.5582 1.22261e-19)
(-45.2995 30.3375 1.28561e-17)
(-55.2919 35.0369 0)
(-64.543 38.0232 0)
(-74.7011 40.643 0)
(-87.2226 40.8542 3.32322e-18)
(-94.985 37.1866 2.16915e-18)
(1.71801 0.585542 0)
(-1.27001 -1.59546 1.56833e-17)
(-5.57998 -1.77732 0)
(-7.78926 -1.39249 -8.97325e-18)
(-6.98175 -0.950391 -9.6237e-18)
(-5.43736 -0.422511 1.02037e-17)
(-4.26195 0.00795219 -1.06429e-17)
(-3.03044 0.277774 -5.50205e-18)
(-2.84946 0.581115 -1.13542e-17)
(-2.37142 0.683148 2.49658e-21)
(-1.9015 0.779175 -5.98377e-18)
(-1.48651 0.739743 0)
(-1.21749 0.575498 0)
(-1.05535 0.551005 5.25418e-18)
(-0.551681 0.468491 -5.1783e-18)
(-0.349495 0.450925 0)
(-0.24082 0.469297 4.99413e-18)
(-0.214494 0.521022 0)
(-0.238817 0.617868 0)
(-0.309679 0.751203 -4.74498e-18)
(-0.391906 0.909654 -9.32295e-18)
(-0.504697 1.10032 -9.14445e-18)
(-0.59792 1.31714 -8.95653e-18)
(-0.683591 1.55596 8.75704e-18)
(-0.759495 1.81693 0)
(-0.828101 2.08405 4.15645e-18)
(-0.899154 2.3546 4.03988e-18)
(-0.957055 2.59853 7.84974e-18)
(-1.01648 2.78486 0)
(-1.09003 2.91504 3.70403e-18)
(-1.18403 2.98744 0)
(-1.3132 3.00031 1.04588e-17)
(-1.54435 2.98361 0)
(-1.90878 3.00602 -3.35604e-18)
(-2.47933 3.13505 0)
(-3.30308 3.46367 0)
(-4.52333 4.14966 0)
(-6.27404 5.24032 0)
(-8.59457 6.86664 0)
(-11.7559 9.20809 7.23766e-18)
(-15.8133 12.4046 7.45185e-18)
(-20.8709 16.608 0)
(-27.2359 21.2256 1.10659e-19)
(-34.5165 26.3202 1.42684e-17)
(-43.2343 32.322 -6.61667e-18)
(-52.9393 37.0075 0)
(-62.0188 40.0379 4.84629e-18)
(-72.939 42.9595 3.22719e-18)
(-85.8403 42.812 -4.65487e-18)
(-92.2468 38.4102 2.03985e-18)
(2.28763 0.75614 0)
(-0.525389 -0.499823 4.10946e-18)
(-1.88661 -0.994434 0)
(-2.82836 -1.19207 4.59124e-18)
(-2.84636 -1.13812 9.84466e-18)
(-2.73557 -0.651264 0)
(-2.48206 -0.20186 -2.71484e-18)
(-1.95826 0.167328 5.65383e-18)
(-1.65447 0.444295 0)
(-1.42887 0.521504 -8.91051e-18)
(-1.10703 0.534531 6.10245e-18)
(-1.3124 0.561712 0)
(-1.27207 0.509015 -1.6318e-18)
(-1.15674 0.503027 2.6367e-18)
(-0.998778 0.451324 2.61404e-18)
(-0.89825 0.406615 -2.57659e-18)
(-0.788514 0.436271 -5.06334e-18)
(-0.701724 0.502005 0)
(-0.632944 0.610692 0)
(-0.602204 0.755547 4.8169e-18)
(-0.586955 0.922929 0)
(-0.614751 1.11707 0)
(-0.645123 1.33412 2.27309e-18)
(-0.691783 1.5728 0)
(-0.74904 1.83578 0)
(-0.809575 2.10264 4.22702e-18)
(-0.872942 2.37024 6.16447e-18)
(-0.921336 2.61269 0)
(-0.970912 2.80038 -1.93558e-18)
(-1.0288 2.93508 1.88223e-18)
(-1.10853 3.01444 0)
(-1.21809 3.04481 -3.54422e-18)
(-1.42554 3.05801 1.72687e-18)
(-1.74211 3.12252 1.71521e-18)
(-2.27854 3.31013 0)
(-3.04507 3.71282 0)
(-4.17934 4.50333 0)
(-5.80922 5.71705 1.73992e-18)
(-7.95275 7.49811 0)
(-10.9347 10.0258 -7.37104e-18)
(-14.7487 13.3926 3.66975e-18)
(-19.2918 17.822 0)
(-25.2324 22.6806 7.45555e-18)
(-32.1542 28.0027 0)
(-40.6442 34.2598 -6.57289e-18)
(-50.2243 38.9485 0)
(-59.3334 42.0952 -6.79897e-18)
(-70.9935 45.3687 -2.95961e-18)
(-83.6744 44.6128 1.79031e-18)
(-88.0388 39.2635 -3.69785e-18)
(1.68612 0.00217061 0)
(1.65232 -0.408659 -4.3242e-18)
(1.89623 -0.927235 0)
(0.0795247 -0.999945 -4.81754e-18)
(-0.556995 -0.786702 0)
(-1.10181 -0.461365 0)
(-1.37614 -0.166631 2.90382e-18)
(-1.2897 0.124267 0)
(-1.09742 0.392625 0)
(-0.922297 0.484381 3.25013e-18)
(-0.669286 0.532649 0)
(-0.624956 0.562567 0)
(-0.600771 0.492757 1.79382e-18)
(-0.506742 0.411327 2.91815e-18)
(-0.734248 0.380796 2.88796e-18)
(-0.761117 0.384401 2.83492e-18)
(-0.697039 0.416207 0)
(-0.620235 0.482696 0)
(-0.542281 0.59785 0)
(-0.495395 0.752099 0)
(-0.469742 0.928909 0)
(-0.490413 1.13034 0)
(-0.520387 1.3511 -2.52145e-18)
(-0.57861 1.58973 0)
(-0.637104 1.85497 0)
(-0.707258 2.12249 0)
(-0.773815 2.38745 -2.2815e-18)
(-0.816446 2.62833 0)
(-0.857321 2.81641 2.15033e-18)
(-0.897327 2.95451 2.08497e-18)
(-0.958759 3.03922 0)
(-1.04193 3.08429 0)
(-1.21218 3.12383 -1.91829e-18)
(-1.47415 3.22612 1.8892e-18)
(-1.97885 3.46676 0)
(-2.67953 3.93598 0)
(-3.71122 4.82079 0)
(-5.19248 6.14626 -1.92303e-18)
(-7.14602 8.07047 0)
(-9.90263 10.7768 0)
(-13.4613 14.2959 -4.02841e-18)
(-17.3971 18.9373 0)
(-22.9078 24.0399 0)
(-29.4803 29.5987 0)
(-37.7292 36.1437 0)
(-47.4599 40.9013 0)
(-56.8481 44.1976 2.43243e-18)
(-68.558 47.679 0)
(-80.4783 46.1211 0)
(-82.6351 39.6576 1.79363e-18)
(0.113025 -0.138965 8.06307e-18)
(0.49538 -0.355262 0)
(0.506386 -0.676033 9.28572e-18)
(0.590867 -0.747857 -1.00763e-17)
(0.570385 -0.514656 -5.49353e-18)
(0.349328 -0.257475 -5.96404e-18)
(0.181693 -0.0150648 6.40994e-18)
(0.170975 0.182928 0)
(0.245411 0.361379 0)
(0.363839 0.457743 -7.60814e-18)
(0.500062 0.499068 0)
(0.627005 0.518589 0)
(0.702861 0.475966 0)
(0.778582 0.424858 0)
(0.811332 0.440581 0)
(0.820894 0.450034 7.20129e-18)
(0.788967 0.461127 0)
(0.710865 0.515489 0)
(0.618089 0.627927 0)
(0.501545 0.794075 7.02836e-18)
(0.370884 0.985973 -6.9726e-18)
(0.221947 1.19832 0)
(0.0583425 1.42081 -6.83342e-18)
(-0.107776 1.66006 0)
(-0.25322 1.92693 0)
(-0.374562 2.17857 0)
(-0.46831 2.43535 -6.41903e-18)
(-0.526246 2.67229 6.29195e-18)
(-0.561168 2.85823 -6.16014e-18)
(-0.578055 2.99884 0)
(-0.59634 3.08643 5.89558e-18)
(-0.622213 3.15392 0)
(-0.697655 3.24353 5.6776e-18)
(-0.860735 3.38388 -5.60879e-18)
(-1.16219 3.70397 5.57214e-18)
(-1.65751 4.30932 0)
(-2.42348 5.37292 -5.59131e-18)
(-3.53128 6.90218 0)
(-5.0576 9.08295 0)
(-7.26176 12.1076 -1.13923e-17)
(-10.1958 16.0499 0)
(-13.6955 21.1895 0)
(-18.6318 26.6337 0)
(-24.5453 32.5984 0)
(-32.2053 39.7124 0)
(-41.9399 44.5924 0)
(-51.4398 48.2245 0)
(-62.0803 51.6447 -1.36249e-17)
(-71.9088 48.1524 0)
(-70.8733 39.6396 -1.55307e-17)
(-0.0436827 -0.238704 -1.85586e-17)
(-0.147956 -0.448519 0)
(-0.363846 -0.614413 -3.17477e-17)
(-0.65918 -0.718147 2.27598e-17)
(-0.97435 -0.69072 1.22807e-17)
(-1.19615 -0.49228 2.62873e-17)
(-1.25692 -0.216591 -1.40053e-17)
(-1.1838 0.0245132 0)
(-1.04003 0.19498 0)
(-0.88904 0.290525 8.06987e-18)
(-0.755483 0.326837 -8.36465e-18)
(-0.651674 0.340687 0)
(-0.564012 0.347198 0)
(-0.465222 0.372743 -7.30345e-18)
(-0.372514 0.378093 0)
(-0.33049 0.407936 -1.42299e-17)
(-0.307929 0.466995 -1.3934e-17)
(-0.277296 0.570101 0)
(-0.260081 0.71254 1.33791e-17)
(-0.219403 0.888579 -1.31433e-17)
(-0.182705 1.09101 1.28517e-17)
(-0.121067 1.30665 0)
(-0.0762651 1.5366 1.22241e-17)
(-0.00650433 1.76814 0)
(0.0489351 2.00743 -1.146e-17)
(0.120788 2.2394 0)
(0.21496 2.46224 2.14955e-17)
(0.314344 2.66772 -2.0725e-17)
(0.434692 2.82874 1.00091e-17)
(0.546781 2.96599 0)
(0.667577 3.05165 -7.43568e-20)
(0.754022 3.15074 8.82339e-18)
(0.808729 3.253 -8.59967e-18)
(0.791799 3.47485 8.33759e-18)
(0.691837 3.9192 -8.1207e-18)
(0.534768 4.58762 0)
(0.110822 5.84449 7.81912e-18)
(-0.545007 7.50078 0)
(-1.41663 9.99696 0)
(-2.95159 13.4251 8.1159e-18)
(-4.68548 17.3805 0)
(-7.67505 23.1836 0)
(-12.0869 29.2066 -5.98388e-18)
(-16.1605 35.8145 0)
(-22.6011 44.3963 0)
(-30.0674 48.9369 0)
(-35.9996 52.9976 0)
(-43.4658 55.9529 1.64159e-17)
(-49.1563 47.6778 0)
(-44.7752 36.3996 1.76696e-17)
(-0.0418675 -0.213604 8.47775e-18)
(-0.131913 -0.365715 0)
(-0.315316 -0.511173 9.83499e-18)
(-0.566553 -0.595469 -1.07083e-17)
(-0.831312 -0.55206 0)
(-1.03313 -0.382816 -1.24923e-17)
(-1.12294 -0.163271 6.61809e-18)
(-1.10684 0.0306171 0)
(-1.0269 0.168891 -7.36443e-18)
(-0.926228 0.257975 7.75663e-18)
(-0.825581 0.305989 8.11933e-18)
(-0.737066 0.341231 8.47339e-18)
(-0.668874 0.359267 4.36737e-18)
(-0.630659 0.400241 7.01956e-21)
(-0.5965 0.38702 -7.10194e-18)
(-0.544408 0.399211 6.97623e-18)
(-0.501463 0.452052 1.37252e-17)
(-0.453757 0.54695 0)
(-0.394734 0.676296 -6.63541e-18)
(-0.297914 0.835136 0)
(-0.17014 1.02005 6.31066e-18)
(0.00140946 1.21389 0)
(0.205984 1.43114 -6.00317e-18)
(0.447625 1.64232 -5.83823e-18)
(0.726242 1.86992 1.14083e-17)
(1.03172 2.08375 0)
(1.38048 2.29063 -1.06849e-17)
(1.74669 2.48496 1.03112e-17)
(2.15168 2.63553 -4.92817e-18)
(2.54427 2.78186 -9.47658e-18)
(2.93979 2.86725 -9.19451e-18)
(3.28732 2.99922 -8.84615e-18)
(3.54918 3.13019 8.39691e-18)
(3.79321 3.39478 0)
(3.83999 3.88646 -7.75193e-18)
(3.91476 4.58744 0)
(3.79358 5.94837 -7.1416e-18)
(3.55766 7.62037 0)
(3.46482 10.301 0)
(2.68342 13.8189 6.83755e-18)
(2.36094 17.8834 -5.71352e-18)
(1.49859 24.4423 0)
(-0.511483 30.4426 1.10322e-18)
(-1.10806 37.741 0)
(-5.15248 47.2464 5.30835e-18)
(-9.30583 50.902 6.64714e-18)
(-12.438 56.9094 0)
(-19.7941 59.6924 0)
(-27.7122 45.8574 -1.33845e-17)
(-23.2345 31.5313 0)
(-0.0591589 -0.189287 1.73878e-20)
(-0.148323 -0.307968 0)
(-0.307192 -0.418149 4.56226e-18)
(-0.51228 -0.468218 9.90974e-18)
(-0.721851 -0.428218 -5.36857e-18)
(-0.883561 -0.30618 0)
(-0.964224 -0.148276 -6.19964e-18)
(-0.964037 -0.00192851 0)
(-0.911911 0.108849 6.93544e-18)
(-0.838944 0.183815 0)
(-0.762929 0.226782 0)
(-0.698881 0.249455 -8.01456e-18)
(-0.636539 0.255144 -4.14271e-18)
(-0.58374 0.27132 1.02346e-17)
(-0.538881 0.310754 6.81027e-18)
(-0.483075 0.355903 -6.71302e-18)
(-0.420009 0.412605 0)
(-0.352211 0.500433 0)
(-0.261621 0.614242 -6.39024e-18)
(-0.13607 0.751433 -6.24503e-18)
(0.0266203 0.912751 -6.14586e-18)
(0.236746 1.07755 0)
(0.485828 1.27326 3.21662e-20)
(0.787716 1.45337 5.71118e-18)
(1.13138 1.66335 0)
(1.52511 1.84854 0)
(1.96493 2.0378 -5.17504e-18)
(2.44046 2.21461 4.99859e-18)
(2.96473 2.34912 4.85489e-18)
(3.48704 2.5073 9.34861e-18)
(4.03064 2.58987 0)
(4.5382 2.76977 0)
(5.00852 2.91972 -8.31891e-18)
(5.47304 3.24118 0)
(5.79209 3.777 1.14378e-17)
(6.24165 4.48269 0)
(6.54896 5.9454 7.11068e-18)
(6.95025 7.49861 0)
(7.67817 10.3273 0)
(7.88443 13.8001 0)
(9.12018 17.8209 3.35603e-18)
(9.66743 24.9248 2.09913e-18)
(9.63644 30.3669 5.12299e-18)
(11.3887 38.8672 0)
(7.94859 49.3522 -7.59532e-18)
(5.18685 51.9297 -6.77412e-18)
(1.23075 61.1152 3.87983e-18)
(-10.2281 64.4227 -1.19666e-17)
(-24.8277 44.6212 1.31175e-17)
(-16.423 26.4442 0)
(-0.0734834 -0.165253 -7.43533e-18)
(-0.160648 -0.258631 0)
(-0.302761 -0.344128 -4.32832e-18)
(-0.479422 -0.381204 -2.343e-18)
(-0.656764 -0.351908 5.06243e-18)
(-0.79439 -0.26064 0)
(-0.867428 -0.138077 0)
(-0.875877 -0.018721 0)
(-0.840577 0.0763413 0)
(-0.785061 0.143987 0)
(-0.723341 0.188254 0)
(-0.665695 0.216293 0)
(-0.610282 0.237969 0)
(-0.555855 0.251751 -3.24386e-18)
(-0.500193 0.28279 -1.61756e-18)
(-0.43969 0.325907 0)
(-0.365884 0.374551 0)
(-0.286105 0.449402 -3.10651e-18)
(-0.17816 0.543748 0)
(-0.0438415 0.659887 3.02083e-18)
(0.131953 0.796467 0)
(0.348195 0.935744 0)
(0.604069 1.10586 2.84578e-18)
(0.917279 1.25683 0)
(1.26119 1.44387 2.67336e-18)
(1.67478 1.59756 -2.59389e-18)
(2.11411 1.76913 2.54233e-18)
(2.6113 1.91849 -7.32119e-18)
(3.14759 2.04211 0)
(3.68847 2.19557 -2.2563e-18)
(4.2843 2.27582 0)
(4.82154 2.48162 2.07702e-18)
(5.41184 2.61915 0)
(5.97816 2.99481 1.8937e-18)
(6.47505 3.49421 -1.89126e-18)
(7.21 4.20546 -1.69274e-18)
(7.74201 5.66363 0)
(8.67955 7.00964 0)
(9.85629 9.99487 0)
(10.6424 13.0874 0)
(13.0499 17.0987 1.42023e-18)
(13.9305 24.5991 -2.04076e-18)
(15.3093 29.058 0)
(18.3895 39.7661 0)
(13.6966 50.8658 1.3584e-18)
(12.341 53.2373 0)
(7.36345 67.9083 -5.55867e-18)
(-8.86258 70.0077 1.15776e-17)
(-30.4784 42.873 -9.59606e-18)
(-9.12975 20.1077 0)
(-0.0836334 -0.140939 0)
(-0.167675 -0.214052 0)
(-0.297133 -0.279776 0)
(-0.453406 -0.308111 2.33765e-18)
(-0.609524 -0.285691 0)
(-0.732757 -0.215793 0)
(-0.802986 -0.120154 0)
(-0.819366 -0.0247303 0)
(-0.79681 0.0536727 0)
(-0.75303 0.111855 0)
(-0.701163 0.152328 0)
(-0.648408 0.179425 0)
(-0.596807 0.200518 0)
(-0.541119 0.218005 0)
(-0.480512 0.244183 1.59047e-18)
(-0.415059 0.281939 0)
(-0.334972 0.325105 0)
(-0.247863 0.388928 3.06214e-18)
(-0.129236 0.46692 0)
(0.00699719 0.566399 2.962e-18)
(0.190785 0.677853 0)
(0.404309 0.798521 0)
(0.66291 0.937742 2.79365e-18)
(0.975644 1.06797 0)
(1.31265 1.22614 -2.65418e-18)
(1.73363 1.35206 2.57533e-18)
(2.15819 1.50779 2.49798e-18)
(2.66808 1.62068 2.41802e-18)
(3.19476 1.74592 0)
(3.74437 1.86937 2.24719e-18)
(4.36943 1.95685 0)
(4.9141 2.16098 -2.06894e-18)
(5.60512 2.26629 0)
(6.21349 2.69551 -1.88753e-18)
(6.87777 3.07996 -1.78479e-18)
(7.81122 3.83309 1.69067e-18)
(8.47912 5.17591 0)
(9.92731 6.2847 0)
(11.2803 9.47363 0)
(12.6748 11.8223 0)
(16.0147 16.1895 9.3046e-19)
(16.8227 23.7225 0)
(20.3591 26.8442 0)
(23.8461 41.3298 0)
(18.6823 51.1188 6.95006e-19)
(20.6584 54.997 0)
(13.2933 80.8749 1.72958e-18)
(-7.04404 74.8062 0)
(-30.6196 32.6513 9.57875e-18)
(14.0015 10.559 0)
(-0.0913752 -0.113185 0)
(-0.171839 -0.171352 0)
(-0.28986 -0.217422 0)
(-0.428273 -0.236118 0)
(-0.566679 -0.218099 0)
(-0.678815 -0.167113 0)
(-0.748176 -0.0966377 0)
(-0.772339 -0.0247932 0)
(-0.760887 0.0354646 0)
(-0.727496 0.0819131 0)
(-0.683902 0.114972 0)
(-0.635182 0.139254 0)
(-0.586315 0.157821 0)
(-0.528932 0.176019 0)
(-0.465796 0.200146 0)
(-0.39536 0.231155 0)
(-0.311006 0.269429 0)
(-0.217386 0.319801 0)
(-0.091064 0.383377 0)
(0.0461539 0.464479 0)
(0.236553 0.55009 0)
(0.445234 0.654586 0)
(0.708172 0.755657 0)
(1.01487 0.8745 0)
(1.34916 0.989433 0)
(1.77158 1.09994 0)
(2.18279 1.22674 0)
(2.70778 1.30618 0)
(3.21442 1.4363 0)
(3.7861 1.50656 0)
(4.42392 1.62377 0)
(4.98308 1.78121 0)
(5.77802 1.87193 0)
(6.39203 2.33107 0)
(7.28121 2.53072 0)
(8.33353 3.39798 0)
(9.18281 4.45329 0)
(11.2082 5.35729 0)
(12.5122 8.788 0)
(15.0681 9.83879 0)
(18.8469 15.3714 0)
(20.0851 21.9007 0)
(27.1442 23.3463 0)
(29.217 43.8493 0)
(29.0589 47.7741 0)
(35.4178 55.7021 0)
(23.0982 103.248 0)
(5.88814 80.4427 0)
(-2.20544 5.22903 0)
(79.2781 -11.5244 0)
(-0.0981901 -0.082877 0)
(-0.176017 -0.125535 0)
(-0.281272 -0.155662 0)
(-0.405571 -0.166263 0)
(-0.529954 -0.151738 0)
(-0.632921 -0.117359 0)
(-0.700542 -0.0691888 0)
(-0.729732 -0.0199972 0)
(-0.727373 0.0225244 0)
(-0.701956 0.0559097 -3.34798e-18)
(-0.664813 0.0809384 0)
(-0.619703 0.100394 0)
(-0.573126 0.117353 0)
(-0.51363 0.131218 0)
(-0.449232 0.151796 0)
(-0.373558 0.175369 0)
(-0.286671 0.208871 0)
(-0.186326 0.243702 -3.16348e-18)
(-0.0556383 0.295545 0)
(0.0833766 0.354525 -3.09777e-18)
(0.278526 0.418352 0)
(0.48111 0.503713 0)
(0.749937 0.57037 0)
(1.04148 0.678563 0)
(1.3822 0.747042 0)
(1.79287 0.85179 -2.81383e-18)
(2.20239 0.935007 0)
(2.73827 0.999972 5.37292e-18)
(3.21956 1.11656 0)
(3.83357 1.14044 5.07571e-18)
(4.45034 1.2868 0)
(5.06747 1.36388 0)
(5.93863 1.46869 4.53639e-18)
(6.5437 1.89914 0)
(7.73399 1.91496 4.04592e-18)
(8.74415 2.92142 0)
(9.99731 3.5032 0)
(12.4233 4.40481 0)
(13.6184 7.78916 0)
(17.9906 7.46652 0)
(20.9817 14.5921 0)
(24.9419 18.4441 0)
(34.3312 20.0857 0)
(34.9127 44.7151 0)
(48.0796 40.2458 0)
(50.8673 57.2112 1.82931e-18)
(52.8701 116.212 0)
(57.8541 85.6746 0)
(70.5773 -19.9872 0)
(224.824 -65.4393 0)
(-0.100548 -0.0535273 7.78124e-18)
(-0.180682 -0.0736036 0)
(-0.28021 -0.0908999 0)
(-0.396385 -0.0967208 0)
(-0.509913 -0.0870076 0)
(-0.604924 -0.0669418 0)
(-0.66838 -0.0384675 -5.65744e-18)
(-0.698307 -0.0106106 0)
(-0.699761 0.0141713 0)
(-0.677492 0.0338733 3.33599e-18)
(-0.644284 0.0494748 0)
(-0.597419 0.0612625 -3.69266e-18)
(-0.554714 0.0734119 0)
(-0.490957 0.0815109 3.13587e-18)
(-0.429073 0.0961583 3.12323e-18)
(-0.33387 0.109916 0)
(-0.257123 0.140141 0)
(-0.156385 0.167296 5.97069e-18)
(-0.0370607 0.204593 0)
(0.0940234 0.245491 2.80471e-21)
(0.290697 0.291475 0)
(0.470136 0.351755 0)
(0.749611 0.400566 -5.41597e-18)
(1.00069 0.478385 0)
(1.36681 0.523494 5.15459e-18)
(1.7474 0.602541 -2.50095e-18)
(2.18118 0.656506 0)
(2.73506 0.706644 -9.42891e-18)
(3.1969 0.800046 0)
(3.91882 0.785575 -4.39225e-18)
(4.46533 0.947848 4.19984e-18)
(5.295 0.916044 0)
(6.12988 1.07981 -3.83094e-18)
(6.91233 1.34122 3.56792e-18)
(8.35237 1.25992 -6.68044e-18)
(9.22275 2.37984 -2.98354e-18)
(11.4162 2.15229 0)
(13.3536 3.78499 0)
(15.9086 5.6755 0)
(20.856 5.24009 -1.05725e-18)
(23.9559 13.2825 -1.23645e-19)
(34.4953 12.0538 0)
(39.3683 18.7126 0)
(54.0518 38.6476 0)
(78.2105 26.6461 1.80279e-18)
(72.9056 61.9895 -4.87904e-18)
(165.808 105.791 0)
(207.257 62.5436 0)
(194.482 -33.1176 0)
(396.258 -145.197 0)
(-0.128868 -0.0191412 -8.05023e-18)
(-0.206782 -0.0253442 0)
(-0.312118 -0.0300752 0)
(-0.421323 -0.0297986 0)
(-0.528532 -0.0266568 0)
(-0.617849 -0.0196945 0)
(-0.676564 -0.0108726 5.5043e-18)
(-0.707418 -0.00100996 0)
(-0.704965 0.00682428 0)
(-0.686385 0.013153 0)
(-0.648396 0.0175019 0)
(-0.608684 0.0215736 3.48702e-18)
(-0.557604 0.0246234 0)
(-0.503627 0.0279774 -2.91985e-18)
(-0.420639 0.0357308 -2.88723e-18)
(-0.333088 0.0388289 0)
(-0.214749 0.0557922 0)
(-0.0587568 0.0683647 -2.70179e-18)
(0.101113 0.0861281 0)
(0.342563 0.0999854 2.57415e-18)
(0.565063 0.11882 0)
(0.914457 0.151344 0)
(1.25172 0.174414 4.74089e-18)
(1.71012 0.218711 0)
(2.21097 0.225337 -4.45109e-18)
(2.73142 0.263063 4.29986e-18)
(3.44339 0.286676 0)
(3.98406 0.290405 3.98637e-18)
(4.92064 0.394602 0)
(5.54266 0.298094 0)
(6.52879 0.488043 -3.48262e-18)
(7.54049 0.296679 0)
(8.13032 0.520927 0)
(10.2545 0.685266 -2.90014e-18)
(10.2942 0.131008 2.67092e-18)
(13.4831 1.84565 2.38981e-18)
(15.4721 -0.2366 0)
(16.746 2.86569 0)
(27.3208 2.73267 0)
(24.5705 -0.118316 8.13102e-19)
(43.2622 12.957 8.17136e-20)
(56.6246 -2.58469 0)
(55.3465 16.1671 0)
(128.199 30.746 0)
(124.713 -17.7983 -1.41916e-18)
(158.995 85.2604 2.59448e-18)
(402.284 94.2029 0)
(473.606 -137.001 0)
(296.061 -159.374 0)
(121.694 -18.6027 0)
(-64.3365 3.52697 0)
(-80.8608 3.11523 -8.24471e-18)
(-96.7742 2.11628 0)
(-119.455 0.812896 5.64858e-17)
(-138.846 -0.711132 1.57758e-16)
(-162.835 -8.59997 1.19739e-16)
(-170.597 -17.8974 0)
(-147.943 -16.515 2.08894e-16)
(-163.955 -50.4888 -5.51822e-16)
(79.716 -26.1875 -1.85291e-16)
(-74.4909 10.9694 0)
(-89.1652 8.49792 3.1002e-17)
(-107.486 6.15279 -2.9023e-17)
(-129.879 5.05858 -1.17483e-16)
(-149.659 2.65958 1.18217e-17)
(-163.881 -6.333 -3.37816e-16)
(-180.573 -24.241 0)
(-156.11 -30.1479 -2.93083e-16)
(-131.349 -69.4475 0)
(22.7273 -65.3257 2.62824e-16)
(-81.5721 17.1241 0)
(-98.406 17.2477 0)
(-118.685 15.4465 2.77097e-17)
(-140.643 13.6248 4.68206e-17)
(-159.21 9.63931 -6.52542e-17)
(-172.582 -1.21905 9.90779e-17)
(-187.161 -24.0893 0)
(-159.686 -38.5043 0)
(-131.259 -88.5941 -1.92745e-17)
(32.5853 -93.0175 -1.11913e-16)
(-90.8738 21.7627 0)
(-108.796 23.0194 0)
(-130.966 21.6974 2.20444e-17)
(-151.488 18.9225 0)
(-168.369 14.1058 -7.55761e-17)
(-183.098 2.24839 1.19813e-16)
(-193.584 -24.9149 0)
(-165.326 -45.5237 -2.24467e-16)
(-126.009 -105.879 -1.50092e-17)
(40.2765 -105.759 1.50941e-16)
(-98.8171 25.223 0)
(-116.039 27.152 0)
(-139.153 25.7532 8.46837e-18)
(-157.355 21.9694 0)
(-171.573 16.8885 0)
(-188.481 4.15544 0)
(-195.031 -25.9208 -2.26365e-16)
(-168.865 -50.4715 2.82263e-16)
(-118.061 -118.606 4.52225e-17)
(45.4859 -115.014 0)
(-102.892 27.3924 0)
(-120.101 29.9635 0)
(-143.179 28.3865 1.47405e-16)
(-158.618 23.7803 0)
(-169.833 18.7592 0)
(-188.604 5.41757 0)
(-191.993 -26.7523 4.2639e-16)
(-166.596 -53.8498 3.65205e-16)
(-114.688 -127.118 5.29956e-18)
(47.7135 -121.244 0)
(-104.676 28.844 0)
(-122.245 31.8963 0)
(-144.515 30.0846 0)
(-157.226 24.8579 0)
(-166.057 20.0133 -1.15267e-16)
(-186.153 6.25826 8.85659e-17)
(-187.393 -27.3751 -2.12168e-16)
(-161.203 -56.0109 7.58327e-18)
(-113.998 -132.751 -6.66197e-18)
(48.1355 -125.464 0)
(-105.938 30.3833 0)
(-123.935 33.9061 0)
(-144.462 31.7443 -5.57602e-17)
(-153.719 25.8213 0)
(-160.509 21.3181 -1.83246e-17)
(-181.997 7.16711 7.12088e-17)
(-180.893 -28.0228 0)
(-153.227 -58.0587 -8.88326e-16)
(-113.743 -138.581 2.50927e-18)
(47.6326 -129.909 0)
(-106.703 32.3302 1.05219e-17)
(-124.744 36.2664 0)
(-141.184 33.4252 6.00642e-17)
(-146.147 26.7 0)
(-152.24 22.9677 3.66398e-17)
(-174.815 8.35168 -8.07757e-17)
(-170.331 -28.9125 1.94604e-16)
(-140.865 -60.5053 4.47795e-16)
(-114.099 -144.998 2.88406e-17)
(45.5304 -135.343 1.28913e-16)
(-106.725 34.2895 -8.31234e-18)
(-123.521 38.358 0)
(-134.492 34.6141 -1.26283e-17)
(-136.507 27.3973 0)
(-143.382 24.6701 -3.87919e-17)
(-165.328 9.49359 2.14506e-16)
(-158.013 -29.9523 -4.46576e-16)
(-129.29 -62.1736 0)
(-114.535 -151.02 2.41418e-17)
(42.2602 -140.711 -1.33194e-16)
(-105.595 36.1353 -3.73724e-18)
(-119.446 39.977 0)
(-125.163 35.3632 4.61428e-18)
(-125.813 28.0386 0)
(-133.892 26.3546 -6.07365e-17)
(-153.372 10.3929 -2.95656e-16)
(-145.308 -31.5151 2.33525e-16)
(-117.743 -63.1839 -2.05346e-16)
(-113.933 -156.545 -4.22924e-17)
(37.936 -145.959 0)
(-102.721 37.6874 -2.69623e-18)
(-112.723 41.0902 0)
(-114.187 35.8009 -9.70858e-18)
(-114.415 28.6804 0)
(-123.566 27.9309 7.5396e-17)
(-140.12 10.8379 1.67958e-16)
(-134.501 -32.6805 1.13739e-16)
(-104.342 -64.3625 4.03347e-16)
(-111.995 -161.391 1.513e-17)
(32.6854 -150.992 0)
(-97.9633 38.8333 6.53443e-18)
(-103.976 41.7001 0)
(-101.98 35.9662 1.02558e-17)
(-102.502 29.3265 0)
(-112.924 29.3461 0)
(-128.329 11.4512 0)
(-124.267 -33.7015 -1.06955e-16)
(-88.854 -65.0307 -3.05274e-16)
(-108.486 -165.732 -1.28145e-17)
(26.4141 -155.742 0)
(-91.5772 39.5767 0)
(-93.6145 41.7249 0)
(-88.9477 35.8505 -1.26543e-17)
(-90.6641 29.9541 0)
(-103.348 30.6989 0)
(-117.308 12.3184 4.46462e-17)
(-111.745 -35.4666 6.05577e-17)
(-69.874 -65.3865 1.6773e-16)
(-103.256 -169.188 5.60706e-18)
(18.8789 -160.168 2.09368e-17)
(-83.5556 39.8867 0)
(-83.1832 41.6111 0)
(-76.1836 35.681 0)
(-80.0861 30.8268 0)
(-95.1856 32.3381 0)
(-104.434 12.6559 -5.31512e-17)
(-96.2061 -37.4584 -6.67775e-17)
(-46.3173 -65.6684 -6.94873e-17)
(-95.8584 -171.469 5.54029e-18)
(9.93033 -163.988 -2.28593e-17)
(-66.2597 39.5032 0)
(-61.2908 40.4687 -2.03302e-17)
(-53.187 35.5678 0)
(-63.1748 33.2523 0)
(-79.7039 35.2338 0)
(-74.6442 12.2009 -6.24972e-17)
(-58.5769 -40.7564 0)
(3.96127 -65.9451 0)
(-81.3554 -177.816 0)
(-9.26826 -169.531 0)
(-34.2282 37.6017 4.71108e-17)
(-25.9128 37.4944 2.27232e-17)
(-26.0876 36.2714 5.9386e-17)
(-44.7389 37.9137 0)
(-51.5577 36.0352 9.85295e-17)
(-3.86891 5.86795 -7.0415e-17)
(37.2994 -51.2788 0)
(86.3725 -64.7634 0)
(-48.9847 -171.202 0)
(-40.323 -170.396 0)
(-8.8149 34.2751 -4.72742e-17)
(-4.36998 36.2862 0)
(-14.9052 40.0255 -5.81927e-17)
(-23.9787 40.389 0)
(14.9122 24.8366 -3.06012e-16)
(128.778 -15.0959 4.32628e-16)
(138.214 -62.5596 0)
(149.903 -55.5818 -3.97744e-16)
(-16.8148 -152.454 -5.66088e-16)
(-70.4693 -164.961 0)
(6.29636 31.3114 0)
(5.91543 37.2742 0)
(-1.58182 41.6646 -1.22753e-16)
(47.8445 26.2436 0)
(157.286 -7.77485 4.38883e-16)
(261.013 -38.1027 -6.23307e-16)
(197.64 -59.3949 0)
(187.93 -38.7632 3.97968e-16)
(20.1263 -132.559 5.60948e-16)
(-91.6059 -152.887 0)
(24.3397 27.2458 0)
(25.4305 33.7173 -8.64013e-17)
(73.9114 24.342 1.26436e-16)
(202.649 -13.7384 0)
(303.898 -43.6987 -4.6524e-16)
(326.238 -39.9096 3.23564e-16)
(216.993 -43.449 0)
(197.06 -21.4334 0)
(65.442 -111.136 1.03521e-15)
(-91.1381 -136.428 0)
(63.8333 21.2716 0)
(112.588 8.95156 8.82624e-17)
(242.544 -25.9594 0)
(362.593 -56.6197 0)
(374.858 -51.1199 -2.53838e-16)
(302.823 -20.5869 6.93085e-16)
(195.369 -24.3039 0)
(197.649 -9.41256 -8.57841e-16)
(121.086 -92.6186 -2.02129e-15)
(-67.2005 -117.41 0)
(190.842 -2.43695 0)
(297.085 -50.7593 0)
(413.541 -80.7461 0)
(408.646 -60.2164 0)
(288.945 -18.9402 5.15348e-16)
(224.729 3.15349 -6.98587e-16)
(178.763 -14.0723 7.89524e-16)
(204.599 -6.3682 8.52633e-16)
(182.667 -77.5565 9.89338e-16)
(-28.0864 -95.8651 4.09173e-16)
(417.168 -64.5274 0)
(432.45 -87.3243 0)
(347.984 -65.488 -4.09932e-16)
(254.96 -23.5596 0)
(188.433 2.87772 -7.06978e-16)
(193.429 9.1971 -1.01933e-15)
(184.168 -14.222 -1.14779e-15)
(215.127 -8.82176 0)
(222.989 -66.9626 0)
(-4.70515 -77.7753 -5.81864e-16)
(493.106 -121.269 0)
(305.821 -40.629 0)
(177.651 -7.11079 2.92833e-16)
(138.391 6.77755 0)
(139.916 11.608 4.81801e-16)
(190.649 3.5112 1.40204e-15)
(198.615 -17.8409 8.1232e-16)
(227.614 -12.7174 -1.84797e-15)
(252.184 -58.976 1.99186e-15)
(4.45335 -60.2213 0)
(60.7822 32.6993 0)
(31.3379 25.7317 -1.38813e-16)
(64.3352 6.23761 0)
(103.761 -3.3121 0)
(136.467 -5.12705 -3.54005e-16)
(206.931 -15.4223 -4.89704e-16)
(217.772 -24.3318 -5.77025e-16)
(236.895 -19.5514 1.34503e-15)
(281.606 -49.813 -2.03754e-17)
(-2.31495 -30.1459 0)
)
;

boundaryField
{
    inlet
    {
        type            calculated;
        value           uniform (0 0 0);
    }
    outlet
    {
        type            calculated;
        value           nonuniform List<vector> 
25
(
(79.716 -26.1875 -1.85291e-16)
(22.7273 -65.3257 2.62824e-16)
(32.5853 -93.0175 -1.11913e-16)
(40.2765 -105.759 1.50941e-16)
(45.4859 -115.014 0)
(47.7135 -121.244 0)
(48.1355 -125.464 0)
(47.6326 -129.909 0)
(45.5304 -135.343 1.28913e-16)
(42.2602 -140.711 -1.33194e-16)
(37.936 -145.959 0)
(32.6854 -150.992 0)
(26.4141 -155.742 0)
(18.8789 -160.168 2.09368e-17)
(9.93033 -163.988 -2.28593e-17)
(-9.26826 -169.531 0)
(-40.323 -170.396 0)
(-70.4693 -164.961 0)
(-91.6059 -152.887 0)
(-91.1381 -136.428 0)
(-67.2005 -117.41 0)
(-28.0864 -95.8651 4.09173e-16)
(-4.70515 -77.7753 -5.81864e-16)
(4.45335 -60.2213 0)
(-2.31495 -30.1459 0)
)
;
    }
    upperWall
    {
        type            calculated;
        value           uniform (0 0 0);
    }
    lowerWall
    {
        type            calculated;
        value           uniform (0 0 0);
    }
    frontAndBack
    {
        type            empty;
    }
}


// ************************************************************************* //
