/*--------------------------------*- C++ -*----------------------------------*\
| =========                 |                                                 |
| \\      /  F ield         | OpenFOAM: The Open Source CFD Toolbox           |
|  \\    /   O peration     | Version:  2112                                  |
|   \\  /    A nd           | Website:  www.openfoam.com                      |
|    \\/     M anipulation  |                                                 |
\*---------------------------------------------------------------------------*/
FoamFile
{
    version     2.0;
    format      ascii;
    arch        "LSB;label=32;scalar=64";
    class       volVectorField;
    location    "0.11";
    object      U_0;
}
// * * * * * * * * * * * * * * * * * * * * * * * * * * * * * * * * * * * * * //

dimensions      [0 1 -1 0 0 0 0];

internalField   nonuniform List<vector> 
1580
(
(9.99909 0.000729115 0)
(9.99857 0.00275222 0)
(9.99893 0.00406496 0)
(9.99664 0.00735006 0)
(9.99546 0.00645689 0)
(9.98524 0.0143345 0)
(9.98368 0.00278778 0)
(9.94956 0.0340612 0)
(10.0001 0.00072785 0)
(10.0005 0.00244744 0)
(10.0015 0.00445137 0)
(10.0031 0.00659823 0)
(10.0059 0.00824492 0)
(10.0089 0.0104465 0)
(10.016 0.0105004 0)
(10.0121 0.0155834 0)
(10 0.000419505 0)
(10.0002 0.00136472 0)
(10.0007 0.00253665 0)
(10.0019 0.00390313 0)
(10.0041 0.00522288 0)
(10.0074 0.00687554 0)
(10.0135 0.00766775 0)
(10.0186 0.0127491 0)
(10 0.000205967 0)
(10.0001 0.000705647 0)
(10.0005 0.00137961 0)
(10.0015 0.00220996 0)
(10.0035 0.00308308 0)
(10.0069 0.00416023 0)
(10.013 0.00502222 0)
(10.0214 0.00952846 0)
(10 4.96356e-05 0)
(10.0001 0.000168228 0)
(10.0005 0.000329862 0)
(10.0014 0.000538801 0)
(10.0034 0.000788057 0)
(10.0071 0.00123814 0)
(10.0133 0.00185492 0)
(10.0231 0.00547939 0)
(10 -0.000105816 0)
(10.0001 -0.000364692 0)
(10.0005 -0.000724883 0)
(10.0015 -0.00118582 0)
(10.0036 -0.00166935 0)
(10.0075 -0.0019074 0)
(10.0141 -0.00170996 0)
(10.0247 0.0010744 0)
(10 -0.000307799 0)
(10.0002 -0.0010619 0)
(10.0007 -0.00209114 0)
(10.0018 -0.00335253 0)
(10.0042 -0.00464134 0)
(10.0085 -0.00558307 0)
(10.0154 -0.00587764 0)
(10.0266 -0.0039646 0)
(10 -0.000662366 0)
(10.0003 -0.00213194 0)
(10.001 -0.00393115 0)
(10.0027 -0.00595009 0)
(10.0057 -0.00793108 0)
(10.0107 -0.00951895 0)
(10.0179 -0.0103581 0)
(10.0294 -0.0094144 0)
(10.0002 -0.00126558 0)
(10.0011 -0.0043898 0)
(10.003 -0.00792725 0)
(10.006 -0.011241 0)
(10.0101 -0.0138776 0)
(10.0157 -0.0157159 0)
(10.0219 -0.0165758 0)
(10.033 -0.0160282 0)
(9.99777 -0.00163407 0)
(9.99648 -0.00496336 0)
(9.99456 -0.00832804 0)
(9.98915 -0.0113367 0)
(9.97762 -0.0138763 0)
(9.9596 -0.0160181 0)
(9.93157 -0.0177407 0)
(9.89642 -0.0189003 0)
(-0.0870056 0.1384 0)
(-0.41379 0.22993 0)
(-0.853858 0.261453 0)
(-1.25566 0.251393 8.46359e-20)
(-1.58794 0.21761 0)
(-1.85522 0.1848 0)
(-2.07482 0.157592 0)
(-2.25643 0.135972 0)
(-2.40763 0.117797 6.96244e-20)
(-2.53288 0.101599 -7.4871e-20)
(-2.63582 0.0865381 -3.99652e-20)
(-2.71943 0.0723949 0)
(-2.78638 0.0591905 0)
(-2.84633 0.0452218 0)
(-2.89701 0.0303202 0)
(-2.93125 0.0157804 0)
(-2.94919 0.00140889 0)
(-2.95077 -0.0131838 0)
(-2.93762 -0.0277475 0)
(-2.91105 -0.0409516 5.34575e-20)
(-2.87098 -0.0534493 0)
(-2.81783 -0.0649916 -4.3738e-20)
(-2.75205 -0.0756345 0)
(-2.6743 -0.0852931 0)
(-2.58531 -0.0939524 0)
(-2.48595 -0.101509 0)
(-2.37723 -0.107878 1.58015e-20)
(-2.26021 -0.113072 1.00379e-20)
(-2.13597 -0.117138 0)
(-2.00577 -0.119994 0)
(-1.8708 -0.121718 0)
(-1.73224 -0.122428 1.18859e-20)
(-1.59122 -0.122238 -1.68841e-20)
(-1.44881 -0.121324 2.16318e-20)
(-1.30587 -0.119896 0)
(-1.16309 -0.1182 -3.03191e-20)
(-1.02093 -0.116542 -3.42488e-20)
(-0.879506 -0.115269 3.79083e-20)
(-0.738563 -0.114765 0)
(-0.59742 -0.115419 0)
(-0.454911 -0.117631 0)
(-0.309492 -0.121668 -1.0041e-19)
(-0.158953 -0.127591 0)
(-0.000817543 -0.135027 0)
(0.168578 -0.144128 1.15386e-19)
(0.347484 -0.154005 0)
(0.545239 -0.163969 1.24272e-19)
(0.74072 -0.168372 0)
(0.980123 -0.175247 0)
(1.16392 -0.149635 0)
(-0.116089 0.365945 0)
(-0.417863 0.517031 0)
(-0.750936 0.574834 0)
(-0.992274 0.546046 -1.22364e-19)
(-1.15757 0.475185 -1.39914e-19)
(-1.28034 0.409488 0)
(-1.38077 0.357085 0)
(-1.46562 0.31555 0)
(-1.53741 0.279863 -9.92213e-20)
(-1.59684 0.246809 1.06208e-19)
(-1.64452 0.214974 -5.69449e-20)
(-1.68137 0.184301 0)
(-1.70855 0.155254 -1.25955e-19)
(-1.72956 0.123994 0)
(-1.74202 0.0898417 -9.93945e-20)
(-1.74411 0.0562615 0)
(-1.73637 0.0235335 0)
(-1.71936 -0.00787447 0)
(-1.69335 -0.0374012 0)
(-1.65466 -0.0654638 -2.24427e-19)
(-1.60501 -0.0927006 0)
(-1.54472 -0.118553 1.84002e-19)
(-1.47414 -0.142725 0)
(-1.39377 -0.165022 0)
(-1.3042 -0.185373 0)
(-1.20606 -0.203608 -6.21692e-20)
(-1.10008 -0.21948 -2.19168e-20)
(-0.98696 -0.232879 -4.41541e-20)
(-0.867533 -0.243882 0)
(-0.74276 -0.252417 1.09206e-21)
(-0.613462 -0.25853 0)
(-0.480472 -0.262343 1.42498e-20)
(-0.344595 -0.264019 2.35022e-20)
(-0.206588 -0.263818 -3.0135e-20)
(-0.0671018 -0.262083 0)
(0.0733228 -0.259212 1.24728e-19)
(0.214287 -0.255703 4.77268e-20)
(0.355579 -0.252153 5.07482e-20)
(0.497265 -0.249264 0)
(0.639691 -0.247768 0)
(0.783611 -0.248505 0)
(0.930132 -0.252324 1.39559e-19)
(1.08096 -0.259977 0)
(1.23777 -0.271557 0)
(1.4033 -0.287002 -1.60353e-19)
(1.57824 -0.30526 -1.64037e-19)
(1.76763 -0.32439 -1.73094e-19)
(1.96336 -0.33982 -1.75927e-19)
(2.18743 -0.352571 0)
(2.38653 -0.33761 0)
(-0.0736497 0.506416 0)
(-0.252319 0.66621 2.87075e-19)
(-0.431613 0.717863 3.19966e-19)
(-0.53801 0.65524 0)
(-0.606745 0.553611 -9.895e-22)
(-0.665946 0.471163 0)
(-0.722714 0.411343 -2.41423e-19)
(-0.775629 0.365012 0)
(-0.821911 0.323816 2.80051e-19)
(-0.85956 0.283984 0)
(-0.887878 0.244378 1.57602e-19)
(-0.907142 0.205551 0)
(-0.918429 0.168686 -9.04312e-23)
(-0.923653 0.129101 0)
(-0.920125 0.0860526 4.1146e-19)
(-0.907188 0.0438823 0)
(-0.88464 0.00281747 2.5217e-19)
(-0.852565 -0.0369209 0)
(-0.811046 -0.074323 0)
(-0.759603 -0.110208 2.05931e-19)
(-0.698837 -0.144797 -1.88845e-19)
(-0.629399 -0.177656 -3.38713e-19)
(-0.551841 -0.208384 0)
(-0.466751 -0.23668 0)
(-0.374704 -0.262399 0)
(-0.276306 -0.285442 8.50679e-20)
(-0.172043 -0.30561 6.43559e-20)
(-0.0625169 -0.322723 4.13736e-20)
(0.0515783 -0.336723 0)
(0.169546 -0.347637 -1.49315e-21)
(0.290787 -0.355573 0)
(0.414728 -0.360703 -8.28568e-20)
(0.540905 -0.363257 0)
(0.668885 -0.363552 0)
(0.798324 -0.362026 0)
(0.928975 -0.359157 -1.12329e-19)
(1.06069 -0.355547 0)
(1.19345 -0.35192 -2.81447e-19)
(1.32744 -0.34915 0)
(1.46301 -0.348193 0)
(1.60093 -0.35011 0)
(1.74227 -0.355953 0)
(1.8886 -0.366684 -3.93249e-19)
(2.04141 -0.382476 0)
(2.20317 -0.403514 -4.3015e-19)
(2.37453 -0.428433 2.25588e-19)
(2.5604 -0.454928 4.64842e-19)
(2.75332 -0.477831 2.42653e-19)
(2.97255 -0.496999 0)
(3.17261 -0.491985 5.08533e-19)
(-0.0261218 0.560174 0)
(-0.100835 0.718044 -4.11511e-19)
(-0.174673 0.762757 -4.56386e-19)
(-0.204776 0.685846 0)
(-0.22684 0.577049 2.824e-19)
(-0.255478 0.494309 3.08113e-19)
(-0.288311 0.435818 3.33215e-19)
(-0.319778 0.389187 3.57753e-19)
(-0.34448 0.345256 -3.81577e-19)
(-0.359998 0.301252 -4.04546e-19)
(-0.366494 0.256768 0)
(-0.364901 0.212851 0)
(-0.356881 0.171186 2.3306e-19)
(-0.342016 0.126451 0)
(-0.317252 0.0778522 -3.65353e-19)
(-0.284217 0.0302586 0)
(-0.242767 -0.0160775 2.56049e-22)
(-0.193134 -0.0611724 -3.15697e-19)
(-0.135666 -0.104169 0)
(-0.0702176 -0.145171 0)
(0.002607 -0.18432 2.48606e-19)
(0.0820807 -0.221258 2.23231e-19)
(0.167545 -0.255619 1.96917e-19)
(0.25839 -0.287113 1.69492e-19)
(0.35402 -0.315585 -1.41435e-19)
(0.453705 -0.341006 0)
(0.557361 -0.363297 -1.6849e-19)
(0.664477 -0.382178 5.58187e-20)
(0.774247 -0.397526 0)
(0.886375 -0.409507 -9.00924e-23)
(1.00042 -0.418206 0)
(1.11593 -0.423816 5.33917e-20)
(1.23268 -0.426653 0)
(1.35059 -0.427104 1.01706e-19)
(1.4696 -0.42565 -2.48351e-19)
(1.58973 -0.422808 0)
(1.71107 -0.419241 0)
(1.83386 -0.415743 1.84028e-19)
(1.95848 -0.413251 0)
(2.08533 -0.412863 0)
(2.21535 -0.415853 4.62841e-19)
(2.34977 -0.423433 0)
(2.49021 -0.436687 1.03588e-18)
(2.63808 -0.45578 0)
(2.79569 -0.480903 1.85044e-21)
(2.96339 -0.510801 -5.91208e-19)
(3.14603 -0.542341 -1.23206e-18)
(3.33553 -0.570299 0)
(3.55075 -0.593639 0)
(3.75339 -0.597843 -5.02914e-21)
(0.0110911 0.5696 0)
(0.00973935 0.726909 5.81659e-19)
(0.00564791 0.769216 -6.38503e-19)
(0.0224237 0.689516 0)
(0.0283422 0.582819 0)
(0.0197912 0.503279 -4.11141e-19)
(0.00549471 0.446257 0)
(-0.00693957 0.398619 -4.65657e-19)
(-0.0109042 0.351682 4.92443e-19)
(-0.00476548 0.30384 5.17959e-19)
(0.0102238 0.255451 -5.41882e-19)
(0.0319818 0.207876 2.81928e-19)
(0.0583215 0.163175 2.93187e-19)
(0.0919236 0.115464 0)
(0.136216 0.0636771 -4.53511e-19)
(0.187301 0.0129225 0)
(0.24561 -0.0365273 -2.5264e-22)
(0.310493 -0.0842875 3.86663e-19)
(0.381208 -0.129891 0)
(0.458351 -0.173401 0)
(0.541201 -0.214719 0)
(0.628908 -0.253484 0)
(0.720763 -0.289383 -4.78594e-19)
(0.816176 -0.322155 -3.65169e-22)
(0.91456 -0.35173 1.71976e-19)
(1.01566 -0.378111 1.37139e-19)
(1.11903 -0.401086 1.02687e-19)
(1.2239 -0.420393 -1.35566e-19)
(1.32966 -0.435997 0)
(1.4363 -0.448116 4.74192e-22)
(1.5435 -0.456898 -3.31122e-20)
(1.65133 -0.462595 -1.29461e-19)
(1.75979 -0.465492 0)
(1.86884 -0.465977 -1.2392e-19)
(1.9786 -0.464592 6.05257e-19)
(2.08931 -0.461878 0)
(2.20126 -0.458532 4.02125e-19)
(2.3149 -0.455386 0)
(2.43077 -0.453383 0)
(2.54935 -0.453671 -5.27623e-19)
(2.67173 -0.457697 -5.65025e-19)
(2.79939 -0.466793 0)
(2.93394 -0.482083 -7.80654e-22)
(3.07676 -0.503719 0)
(3.22984 -0.531792 6.97038e-19)
(3.39353 -0.56505 1.24568e-21)
(3.57215 -0.600051 1.52393e-18)
(3.76147 -0.632834 -7.95293e-19)
(3.9783 -0.659462 8.31385e-19)
(4.18871 -0.670695 -8.67264e-19)
(0.0377095 0.562627 0)
(0.0856858 0.721244 -7.9795e-19)
(0.128131 0.763497 8.57178e-19)
(0.17536 0.68504 0)
(0.200117 0.582104 -9.72954e-19)
(0.206584 0.505368 0)
(0.208082 0.448946 0)
(0.212764 0.399826 0)
(0.22771 0.349976 -5.80447e-19)
(0.253376 0.29899 0)
(0.287312 0.247884 6.26016e-19)
(0.326121 0.198111 -3.23061e-19)
(0.367412 0.151777 -3.33292e-19)
(0.415909 0.102448 -5.28643e-19)
(0.475576 0.0489572 5.06114e-19)
(0.540488 -0.00335183 0)
(0.61168 -0.0543974 -4.55331e-19)
(0.688579 -0.103712 4.26758e-19)
(0.771387 -0.150815 0)
(0.859258 -0.195542 0)
(0.951271 -0.237807 3.34102e-19)
(1.04644 -0.277272 0)
(1.14403 -0.313679 2.64584e-19)
(1.24349 -0.346799 -4.54805e-19)
(1.34425 -0.37659 0)
(1.44635 -0.403112 -6.11622e-22)
(1.54903 -0.426081 1.12746e-19)
(1.65136 -0.445227 7.4864e-20)
(1.75326 -0.460627 0)
(1.85471 -0.472517 -1.29439e-21)
(1.95558 -0.481065 3.66407e-20)
(2.05623 -0.486551 1.43177e-19)
(2.15679 -0.489275 0)
(2.25734 -0.489639 0)
(2.3582 -0.488213 5.6516e-22)
(2.4598 -0.485554 0)
(2.56264 -0.482387 -8.83668e-19)
(2.66739 -0.479563 0)
(2.77477 -0.478074 0)
(2.88588 -0.479139 -3.04365e-23)
(3.00191 -0.484187 0)
(3.12385 -0.494553 0)
(3.25326 -0.511416 -6.93394e-19)
(3.39157 -0.534904 0)
(3.54041 -0.565156 0)
(3.70202 -0.601249 8.10494e-19)
(3.88053 -0.639081 -1.02271e-21)
(4.07283 -0.6756 9.06396e-19)
(4.29284 -0.704855 -9.58808e-19)
(4.50951 -0.721251 -1.00547e-18)
(0.0556341 0.551323 0)
(0.137049 0.712095 -1.03877e-18)
(0.210855 0.755507 0)
(0.278445 0.67917 -1.1166e-18)
(0.316466 0.579459 1.13925e-18)
(0.334614 0.504538 0)
(0.349455 0.448055 0)
(0.369044 0.397414 0)
(0.400348 0.345148 6.25871e-19)
(0.442392 0.291843 6.45092e-19)
(0.491628 0.239004 -6.62805e-19)
(0.543498 0.188062 6.78915e-19)
(0.595715 0.140973 0)
(0.654891 0.090888 5.50628e-19)
(0.725941 0.0363271 0)
(0.803241 -0.0170428 5.01426e-19)
(0.886097 -0.0689777 4.75293e-19)
(0.973839 -0.119079 -4.48094e-19)
(1.06698 -0.166906 -4.17773e-19)
(1.16375 -0.212185 0)
(1.26317 -0.254805 -3.52641e-19)
(1.36422 -0.294456 -3.16212e-19)
(1.46621 -0.33093 0)
(1.56861 -0.364015 6.70501e-22)
(1.67089 -0.393723 0)
(1.77303 -0.420085 -1.61352e-19)
(1.87427 -0.442759 -1.20479e-19)
(1.97389 -0.461549 0)
(2.07216 -0.47661 -3.85002e-20)
(2.16903 -0.488168 3.7958e-21)
(2.2645 -0.49642 0)
(2.35893 -0.501663 0)
(2.45255 -0.504179 -2.28904e-19)
(2.54564 -0.504389 2.97961e-19)
(2.6387 -0.502892 -3.62532e-19)
(2.73234 -0.500258 0)
(2.82724 -0.497227 9.62193e-19)
(2.92424 -0.494665 0)
(3.02424 -0.493594 0)
(3.12874 -0.495262 6.29905e-19)
(3.23895 -0.5011 0)
(3.35571 -0.512462 0)
(3.48077 -0.53055 7.61457e-19)
(3.61561 -0.555489 0)
(3.76205 -0.587474 8.5485e-19)
(3.92321 -0.625766 -9.09583e-19)
(4.10315 -0.665914 -9.72948e-19)
(4.29742 -0.70523 0)
(4.51794 -0.736224 -1.10768e-18)
(4.73737 -0.755741 1.18052e-18)
(0.0683258 0.541503 0)
(0.172894 0.703335 1.21559e-18)
(0.268998 0.747576 0)
(0.351573 0.673171 1.41289e-21)
(0.400378 0.576086 0)
(0.429158 0.502364 0)
(0.456781 0.445539 0)
(0.490977 0.393474 0)
(0.537967 0.339185 -5.96682e-19)
(0.595231 0.284063 -1.22206e-18)
(0.658442 0.23003 6.24832e-19)
(0.721979 0.178456 -8.66198e-22)
(0.784416 0.130832 6.57149e-19)
(0.855665 0.0800348 0)
(0.939812 0.0246586 0)
(1.03114 -0.0295191 -4.80371e-19)
(1.12725 -0.0821388 -4.56131e-19)
(1.2272 -0.132878 0)
(1.3309 -0.181211 4.00649e-19)
(1.43681 -0.226793 -7.37053e-19)
(1.54398 -0.26956 6.70994e-19)
(1.65144 -0.309233 -3.00044e-19)
(1.7586 -0.345645 -5.30026e-19)
(1.86492 -0.378593 2.28789e-19)
(1.96993 -0.408129 -3.80373e-19)
(2.07352 -0.43426 0)
(2.17488 -0.456604 0)
(2.27368 -0.475056 0)
(2.37029 -0.489808 3.63308e-20)
(2.46467 -0.501068 -2.67292e-21)
(2.55692 -0.509062 7.69067e-20)
(2.64735 -0.514103 0)
(2.73629 -0.516475 2.1451e-19)
(2.82418 -0.516619 -2.78733e-19)
(2.91168 -0.515156 -3.39834e-19)
(2.99952 -0.512669 -3.96187e-19)
(3.08852 -0.509915 -4.4781e-19)
(3.17969 -0.507779 0)
(3.2741 -0.507323 0)
(3.37331 -0.509806 -5.82475e-19)
(3.47864 -0.516621 0)
(3.59126 -0.529176 0)
(3.71324 -0.548725 -6.94129e-19)
(3.84619 -0.575399 0)
(3.99239 -0.609528 -7.7139e-19)
(4.15464 -0.650446 8.14027e-19)
(4.33681 -0.693196 0)
(4.53332 -0.735448 0)
(4.75432 -0.768474 9.52794e-19)
(4.97697 -0.791026 0)
(0.0775852 0.534091 0)
(0.198497 0.695585 0)
(0.311436 0.740191 0)
(0.406167 0.667416 4.41603e-18)
(0.464909 0.572411 -2.88558e-18)
(0.504459 0.499442 0)
(0.545573 0.442045 1.4219e-18)
(0.595391 0.388578 0)
(0.658837 0.332558 0)
(0.73181 0.275958 7.6349e-19)
(0.809466 0.220899 1.55597e-18)
(0.886798 0.168609 -1.59915e-18)
(0.962789 0.120389 -8.27131e-19)
(1.05 0.0688196 0)
(1.15149 0.0125295 0)
(1.25936 -0.042441 0)
(1.37093 -0.0956116 0)
(1.48507 -0.146809 0)
(1.60113 -0.195485 0)
(1.71795 -0.24124 2.1101e-21)
(1.83467 -0.284044 -8.22402e-19)
(1.9504 -0.32365 1.46549e-18)
(2.06466 -0.35992 1.28374e-18)
(2.1769 -0.392659 0)
(2.28673 -0.421938 4.56473e-19)
(2.39388 -0.447745 0)
(2.49759 -0.469698 0)
(2.59794 -0.487775 0)
(2.6952 -0.50218 0)
(2.78939 -0.513112 5.06181e-21)
(2.88072 -0.520817 -1.80056e-19)
(2.96946 -0.52563 0)
(3.05607 -0.527855 0)
(3.1411 -0.527957 0)
(3.22529 -0.526587 -3.9077e-19)
(3.3095 -0.524342 4.52951e-19)
(3.39466 -0.522003 0)
(3.48187 -0.520482 1.12834e-18)
(3.57238 -0.520887 0)
(3.66767 -0.5245 -6.56936e-19)
(3.76931 -0.532703 1.39395e-18)
(3.87886 -0.546963 0)
(3.99875 -0.568585 0)
(4.13078 -0.597698 1.61828e-18)
(4.27746 -0.634736 -1.69464e-18)
(4.44104 -0.679101 1.77391e-18)
(4.62466 -0.725167 1.85597e-18)
(4.8224 -0.770927 1.93618e-18)
(5.04308 -0.80684 2.01744e-18)
(5.26888 -0.832579 -2.08831e-18)
(0.100789 0.50734 8.56883e-19)
(0.262035 0.672005 0)
(0.413577 0.719853 0)
(0.533635 0.652677 -1.13751e-18)
(0.612512 0.5628 1.26092e-18)
(0.674372 0.491326 -6.87337e-19)
(0.744223 0.432285 -1.49749e-18)
(0.827049 0.375587 0)
(0.925013 0.316092 -8.70464e-19)
(1.02841 0.257004 0)
(1.13276 0.200355 -9.85893e-19)
(1.23653 0.146807 3.05341e-21)
(1.33821 0.097394 0)
(1.45139 0.0445689 4.4077e-19)
(1.57917 -0.0125853 8.59558e-19)
(1.70945 -0.0681987 8.28846e-19)
(1.83964 -0.121502 7.92437e-19)
(1.96869 -0.172552 0)
(2.09571 -0.220897 0)
(2.22042 -0.266124 6.57204e-19)
(2.34223 -0.308212 0)
(2.46068 -0.346965 -5.41789e-19)
(2.57551 -0.382296 -4.79115e-19)
(2.68631 -0.414035 0)
(2.79299 -0.442258 0)
(2.89508 -0.466948 0)
(2.99245 -0.487795 -2.04735e-19)
(3.08547 -0.504836 1.34513e-19)
(3.17436 -0.518276 0)
(3.25938 -0.528314 -4.03948e-21)
(3.34087 -0.535217 -9.47543e-22)
(3.41926 -0.539346 1.40801e-19)
(3.49514 -0.541032 -2.05905e-19)
(3.56916 -0.540767 0)
(3.64223 -0.53923 6.57417e-19)
(3.71529 -0.537025 0)
(3.78936 -0.534954 -4.41165e-19)
(3.8656 -0.533956 -1.47799e-18)
(3.9454 -0.535162 0)
(4.03018 -0.539882 1.1751e-18)
(4.12171 -0.549516 -1.26324e-18)
(4.22185 -0.565589 0)
(4.33327 -0.589428 0)
(4.45786 -0.621111 -7.58645e-19)
(4.59797 -0.661109 8.02949e-19)
(4.75557 -0.708803 -1.69968e-18)
(4.9328 -0.757911 -1.79753e-18)
(5.12417 -0.806721 -1.89863e-18)
(5.33802 -0.84529 -2.00804e-18)
(5.55992 -0.873226 2.1113e-18)
(0.131708 0.445991 -9.08254e-19)
(0.35455 0.614119 0)
(0.564635 0.673251 0)
(0.726122 0.618314 -6.03957e-19)
(0.851546 0.535367 -6.74808e-19)
(0.979768 0.461745 7.4999e-19)
(1.1304 0.394311 8.19068e-19)
(1.30298 0.328874 -4.41811e-19)
(1.48786 0.2646 9.54298e-19)
(1.65592 0.205378 0)
(1.81417 0.148922 0)
(1.95939 0.0955308 3.66392e-21)
(2.09223 0.0467009 0)
(2.23189 -0.005338 -9.6505e-19)
(2.38094 -0.0608432 -4.75237e-19)
(2.52409 -0.114323 -9.07267e-19)
(2.66082 -0.165237 -4.3667e-19)
(2.7913 -0.213735 0)
(2.91545 -0.259527 0)
(3.0337 -0.302271 3.51538e-19)
(3.14588 -0.341917 -3.21101e-19)
(3.25219 -0.37829 0)
(3.35252 -0.411284 -2.54872e-19)
(3.44685 -0.440702 0)
(3.53523 -0.466677 0)
(3.61777 -0.48923 1.46196e-19)
(3.69496 -0.508081 2.20248e-19)
(3.76715 -0.523323 -1.44471e-19)
(3.83472 -0.53514 0)
(3.89815 -0.543742 7.15101e-21)
(3.958 -0.549407 1.58912e-19)
(4.01487 -0.552512 -1.50272e-19)
(4.06945 -0.553407 -6.38473e-22)
(4.1225 -0.55261 0)
(4.175 -0.550824 0)
(4.22791 -0.548635 0)
(4.28224 -0.54686 4.67315e-19)
(4.33917 -0.546467 5.21213e-19)
(4.40011 -0.548595 0)
(4.46649 -0.554582 0)
(4.54024 -0.565875 6.65369e-19)
(4.62332 -0.584045 0)
(4.71847 -0.610412 0)
(4.8276 -0.644914 -1.58476e-18)
(4.95282 -0.688037 8.34399e-19)
(5.09622 -0.739019 0)
(5.25901 -0.79099 0)
(5.43676 -0.842596 0)
(5.63783 -0.883653 0)
(5.84939 -0.913116 -1.07072e-18)
(0.148373 0.403481 0)
(0.428009 0.543168 5.01893e-19)
(0.688902 0.61617 0)
(0.909377 0.572195 3.19048e-19)
(1.13591 0.486625 7.0812e-19)
(1.39814 0.401258 3.87006e-19)
(1.67626 0.323011 -4.20685e-19)
(1.95531 0.251346 4.57404e-19)
(2.21263 0.185182 -4.82848e-19)
(2.44036 0.12668 -2.57424e-19)
(2.64531 0.0748043 0)
(2.81927 0.0275928 5.7812e-19)
(2.96992 -0.0158685 0)
(3.12287 -0.0626666 9.76926e-19)
(3.27829 -0.113247 -4.77729e-19)
(3.42078 -0.161858 0)
(3.55176 -0.208379 -4.39401e-19)
(3.67281 -0.252895 0)
(3.78463 -0.295099 0)
(3.88787 -0.334547 -3.60597e-19)
(3.9828 -0.371092 3.16751e-21)
(4.07012 -0.404548 -2.93452e-19)
(4.14995 -0.434768 2.64151e-21)
(4.22256 -0.4616 2.22986e-19)
(4.28837 -0.485193 0)
(4.34811 -0.505582 -1.80353e-21)
(4.40222 -0.522493 1.09988e-19)
(4.45114 -0.536011 7.16103e-20)
(4.49548 -0.546327 0)
(4.53595 -0.553667 -1.17849e-20)
(4.57324 -0.558306 -8.20264e-20)
(4.60809 -0.56062 -7.78585e-20)
(4.64122 -0.560958 2.25425e-19)
(4.6734 -0.559859 0)
(4.7056 -0.558046 0)
(4.73874 -0.556069 0)
(4.77373 -0.554765 0)
(4.81173 -0.55514 0)
(4.85409 -0.558347 0)
(4.90229 -0.565762 0)
(4.95832 -0.578884 -1.02111e-18)
(5.02407 -0.599318 0)
(5.10228 -0.628388 -3.84235e-19)
(5.19483 -0.665863 -1.49888e-21)
(5.30375 -0.712277 8.53032e-19)
(5.43138 -0.766665 0)
(5.57839 -0.82168 0)
(5.74181 -0.87642 0)
(5.92993 -0.920389 1.04116e-18)
(6.13069 -0.951544 1.09159e-18)
(0.14703 0.24108 0)
(0.46761 0.446487 -5.26886e-19)
(0.801913 0.549443 0)
(1.20554 0.489425 3.27339e-19)
(1.66612 0.383132 3.60329e-19)
(2.1111 0.290601 -3.9903e-19)
(2.49631 0.213216 4.32236e-19)
(2.82535 0.147443 2.28368e-19)
(3.10234 0.0917424 4.93424e-19)
(3.34775 0.042367 3.36327e-21)
(3.55959 -0.00311299 2.72234e-19)
(3.74092 -0.0451427 0)
(3.89731 -0.0826901 0)
(4.0537 -0.122749 -2.47154e-19)
(4.20496 -0.165573 2.37297e-19)
(4.33825 -0.207339 0)
(4.45682 -0.248237 -2.18854e-19)
(4.56274 -0.28791 0)
(4.65708 -0.32578 0)
(4.74073 -0.361323 1.8005e-19)
(4.81453 -0.394322 3.32445e-19)
(4.87916 -0.42456 2.99137e-19)
(4.93547 -0.451883 2.6405e-19)
(4.98396 -0.476082 -2.27506e-19)
(5.0258 -0.49733 0)
(5.06135 -0.515654 -7.65624e-20)
(5.0913 -0.530764 -5.69145e-20)
(5.11633 -0.542758 -7.31093e-20)
(5.13729 -0.551828 0)
(5.15504 -0.55819 1.89466e-21)
(5.17036 -0.562099 0)
(5.18401 -0.563914 1.1945e-19)
(5.19667 -0.563969 0)
(5.20908 -0.562815 -7.50842e-20)
(5.22208 -0.561183 0)
(5.23646 -0.559598 0)
(5.25307 -0.558924 0)
(5.27302 -0.560207 0)
(5.2976 -0.564622 0)
(5.32827 -0.573596 3.24353e-19)
(5.36708 -0.588654 3.47441e-19)
(5.41567 -0.611426 0)
(5.47671 -0.643275 -9.26182e-22)
(5.55212 -0.683802 8.24906e-19)
(5.64398 -0.733636 -4.32625e-19)
(5.75503 -0.791568 0)
(5.88573 -0.849886 4.78935e-19)
(6.03484 -0.908195 5.02876e-19)
(6.20998 -0.955455 -1.58789e-18)
(6.39915 -0.988219 5.50815e-19)
(-0.036389 0.356947 0)
(0.496655 0.377043 -1.36571e-19)
(1.25357 0.396414 0)
(2.03184 0.311355 -1.64257e-19)
(2.68914 0.215516 -3.65312e-19)
(3.20711 0.143955 0)
(3.60571 0.0884268 1.06565e-19)
(3.92145 0.040986 -2.32738e-19)
(4.17684 -0.00239415 0)
(4.3914 -0.0416642 3.93872e-19)
(4.5708 -0.0766342 -2.78261e-19)
(4.72855 -0.109873 0)
(4.8652 -0.14107 7.498e-20)
(4.99945 -0.175346 -1.24683e-19)
(5.13036 -0.212052 -1.21646e-19)
(5.2446 -0.247425 1.1488e-19)
(5.34345 -0.282424 2.22151e-19)
(5.42837 -0.316852 0)
(5.50023 -0.350035 0)
(5.56003 -0.381405 -1.82934e-19)
(5.6093 -0.410747 0)
(5.64883 -0.43777 0)
(5.68007 -0.462271 -6.56773e-20)
(5.70389 -0.484049 0)
(5.72167 -0.503182 0)
(5.73317 -0.519648 -7.59485e-20)
(5.73965 -0.53322 -8.40696e-20)
(5.74207 -0.544007 0)
(5.74136 -0.552167 8.18372e-21)
(5.7384 -0.557883 1.18336e-21)
(5.7339 -0.561377 0)
(5.72858 -0.562978 -4.06715e-20)
(5.72296 -0.563001 2.94896e-20)
(5.71775 -0.561986 3.82134e-20)
(5.71344 -0.560676 0)
(5.7108 -0.559608 0)
(5.71063 -0.55968 0)
(5.714 -0.561975 6.95196e-20)
(5.72218 -0.567683 0)
(5.73652 -0.5783 -3.30259e-19)
(5.75912 -0.595333 1.775e-19)
(5.79116 -0.620421 0)
(5.83527 -0.655033 3.98847e-19)
(5.89349 -0.698631 0)
(5.96811 -0.751995 -4.41257e-19)
(6.06247 -0.813648 0)
(6.17709 -0.875582 -7.2948e-19)
(6.31213 -0.937887 -5.10526e-19)
(6.47403 -0.988715 5.36543e-19)
(6.6501 -1.02271 -8.36389e-19)
(0.772262 -0.013366 0)
(1.45554 0.0198337 1.43352e-19)
(2.62248 0.0789551 0)
(3.51745 0.0509159 1.71729e-19)
(4.15931 0.0187804 0)
(4.6248 -0.00161228 0)
(4.96688 -0.0236813 -1.13785e-19)
(5.22606 -0.0493944 0)
(5.42851 -0.0781057 0)
(5.59145 -0.107013 -1.41526e-19)
(5.72214 -0.134901 0)
(5.83023 -0.162288 0)
(5.92068 -0.188176 -8.24281e-20)
(6.00687 -0.215719 -1.34154e-19)
(6.09344 -0.245662 -1.31448e-19)
(6.16812 -0.2757 -1.26932e-19)
(6.22976 -0.30588 0)
(6.279 -0.335833 0)
(6.31661 -0.364977 0)
(6.34352 -0.392777 0)
(6.36132 -0.419018 0)
(6.37106 -0.443391 0)
(6.37411 -0.465658 7.28072e-20)
(6.37139 -0.485591 0)
(6.36413 -0.503233 0)
(6.3523 -0.518422 0)
(6.33701 -0.530916 3.08362e-20)
(6.31909 -0.540903 0)
(6.29927 -0.548515 -9.09149e-21)
(6.2783 -0.553895 1.68608e-21)
(6.25668 -0.557235 0)
(6.235 -0.558838 0)
(6.21359 -0.559004 -3.27618e-20)
(6.19313 -0.558258 4.25027e-20)
(6.17359 -0.557366 0)
(6.15588 -0.556884 0)
(6.14083 -0.557743 0)
(6.1294 -0.561064 -7.71959e-20)
(6.1228 -0.568059 0)
(6.12224 -0.580292 0)
(6.12981 -0.599256 -1.9701e-19)
(6.14622 -0.626589 0)
(6.17407 -0.663899 0)
(6.21556 -0.710519 0)
(6.27333 -0.767456 0)
(6.35137 -0.832939 0)
(6.45049 -0.898716 2.69249e-19)
(6.57118 -0.965122 0)
(6.719 -1.01954 0)
(6.88029 -1.05425 3.03142e-19)
(9.94112 -0.0132838 -2.37814e-19)
(9.90896 -0.0389708 0)
(9.77091 -0.069462 -2.75551e-19)
(9.64425 -0.101959 3.21361e-19)
(9.54459 -0.119225 1.89052e-19)
(9.44256 -0.126582 2.16714e-19)
(9.3352 -0.132063 -2.42131e-19)
(9.22952 -0.139493 0)
(9.12978 -0.150132 0)
(9.03692 -0.163611 3.14307e-19)
(8.94889 -0.179043 0)
(8.86592 -0.195369 0)
(8.78703 -0.212033 0)
(8.70394 -0.229936 0)
(8.61306 -0.254461 0)
(8.52234 -0.281859 -3.01614e-19)
(8.43234 -0.309323 0)
(8.34359 -0.335902 0)
(8.25651 -0.361466 0)
(8.17107 -0.38595 -2.4973e-19)
(8.08733 -0.40924 2.30967e-19)
(8.00531 -0.431095 0)
(7.92496 -0.451359 1.87451e-19)
(7.84633 -0.469807 0)
(7.76916 -0.486233 0)
(7.69405 -0.500456 0)
(7.62081 -0.512439 8.17576e-20)
(7.54941 -0.522329 -5.25877e-20)
(7.47979 -0.530157 2.27531e-20)
(7.41204 -0.536001 0)
(7.3461 -0.540026 3.80801e-20)
(7.28215 -0.542513 0)
(7.22017 -0.543699 9.92464e-20)
(7.16056 -0.544316 -1.29559e-19)
(7.10334 -0.545046 1.59566e-19)
(7.04888 -0.546129 0)
(6.99772 -0.548738 -2.18379e-19)
(6.9505 -0.554159 0)
(6.90823 -0.563679 0)
(6.87181 -0.578985 -6.06446e-19)
(6.84311 -0.601714 0)
(6.82282 -0.633564 0)
(6.81384 -0.676254 0)
(6.81799 -0.728585 0)
(6.83837 -0.792387 0)
(6.87962 -0.865015 0)
(6.943 -0.938128 0)
(7.02873 -1.01162 -1.02143e-18)
(7.14084 -1.07153 0)
(7.26535 -1.1057 -1.08245e-18)
(10.0396 0.0232726 5.47246e-19)
(10.0707 0.0564237 0)
(10.1115 0.106088 9.56838e-19)
(10.1596 0.138471 -7.2543e-19)
(10.2004 0.142578 -4.22298e-19)
(10.2229 0.12858 -9.58073e-19)
(10.2279 0.107354 5.2865e-19)
(10.2211 0.0838224 0)
(10.2071 0.059193 0)
(10.1879 0.0335131 -3.36304e-19)
(10.1646 0.00741802 3.47753e-19)
(10.1373 -0.0191437 0)
(10.1072 -0.0453943 0)
(10.067 -0.0762617 3.09081e-19)
(10.0132 -0.109589 0)
(9.95554 -0.142893 5.95739e-19)
(9.89374 -0.176516 5.56247e-19)
(9.82625 -0.209958 0)
(9.75282 -0.242704 -4.92523e-19)
(9.67374 -0.274305 4.66978e-19)
(9.58956 -0.304447 -4.25717e-19)
(9.50093 -0.332773 0)
(9.40829 -0.359016 -3.35425e-19)
(9.31232 -0.382957 0)
(9.21343 -0.404485 2.3087e-19)
(9.1123 -0.423579 0)
(9.0094 -0.440156 -2.69473e-19)
(8.90528 -0.454227 1.69434e-19)
(8.80061 -0.465835 -3.69752e-20)
(8.69587 -0.475171 0)
(8.59167 -0.482437 2.25539e-21)
(8.48833 -0.487957 1.07696e-19)
(8.3866 -0.492168 -1.50232e-19)
(8.28653 -0.495533 1.9248e-19)
(8.1894 -0.498889 -2.32561e-19)
(8.09538 -0.502947 0)
(8.00486 -0.508984 3.05965e-19)
(7.91845 -0.518156 0)
(7.83657 -0.53173 0)
(7.75995 -0.551832 3.95048e-19)
(7.69011 -0.579611 0)
(7.62731 -0.616931 0)
(7.57611 -0.666817 -4.83351e-19)
(7.5362 -0.726567 0)
(7.51082 -0.80113 0)
(7.50474 -0.884666 0)
(7.51738 -0.969233 0)
(7.54924 -1.05444 1.11028e-18)
(7.60414 -1.12176 0)
(7.67036 -1.15173 1.10764e-18)
(10.0319 0.0216128 -2.55783e-19)
(10.05 0.0428686 0)
(10.0808 0.0699012 -3.05476e-19)
(10.1233 0.0843997 3.53731e-19)
(10.1671 0.0812899 0)
(10.2026 0.0674102 4.56708e-19)
(10.2275 0.0496984 -2.47783e-19)
(10.2439 0.0310014 0)
(10.2541 0.0116695 2.90189e-19)
(10.2592 -0.00868789 -3.16898e-19)
(10.2595 -0.0297819 -3.37312e-19)
(10.2549 -0.0518575 -3.48292e-19)
(10.246 -0.0737223 -1.80192e-19)
(10.2325 -0.0996442 -7.94055e-21)
(10.2126 -0.125622 2.89472e-19)
(10.1856 -0.150095 -2.79302e-19)
(10.1522 -0.175109 -5.47641e-19)
(10.1126 -0.200815 0)
(10.0668 -0.226609 2.4975e-19)
(10.0147 -0.251908 0)
(9.95665 -0.276327 -1.99797e-19)
(9.89305 -0.299526 0)
(9.8242 -0.321253 1.57278e-19)
(9.7505 -0.341296 1.34527e-19)
(9.67237 -0.359514 -2.29909e-19)
(9.59022 -0.375863 0)
(9.50452 -0.390203 1.31796e-19)
(9.41571 -0.402551 -8.24038e-20)
(9.32438 -0.412915 1.45672e-20)
(9.23093 -0.421487 -1.84366e-20)
(9.13598 -0.428433 -6.20753e-20)
(9.03981 -0.434058 -1.07858e-19)
(8.94311 -0.438778 1.54184e-19)
(8.84607 -0.443 0)
(8.74931 -0.44766 -2.36689e-19)
(8.65304 -0.453252 0)
(8.55769 -0.461027 -3.11932e-19)
(8.46384 -0.472067 0)
(8.37163 -0.487658 0)
(8.28147 -0.510168 4.06005e-19)
(8.19493 -0.540406 -4.41544e-19)
(8.11011 -0.581177 0)
(8.03262 -0.635836 -1.03384e-20)
(7.95906 -0.700231 0)
(7.89532 -0.783404 5.42573e-19)
(7.84543 -0.874105 5.59097e-19)
(7.81088 -0.968863 0)
(7.79432 -1.06718 0)
(7.8091 -1.14317 -5.66027e-19)
(7.84217 -1.16794 0)
(10.0341 0.016861 -2.05211e-21)
(10.0501 0.0312839 0)
(10.0759 0.0502444 -1.45499e-19)
(10.1116 0.0620588 -3.27401e-19)
(10.1495 0.0622426 1.86591e-19)
(10.1821 0.0539029 0)
(10.2069 0.0413854 2.32077e-19)
(10.2248 0.02701 0)
(10.2373 0.0114551 -2.73203e-19)
(10.2451 -0.00515986 0)
(10.2486 -0.0224728 0)
(10.2481 -0.0400158 3.29341e-19)
(10.244 -0.057189 1.70924e-19)
(10.2349 -0.0760935 -4.1931e-19)
(10.2195 -0.099161 -2.77598e-19)
(10.1985 -0.123081 2.68683e-19)
(10.1718 -0.147166 0)
(10.1395 -0.171231 0)
(10.1014 -0.194976 2.29706e-19)
(10.0574 -0.218018 2.07426e-19)
(10.0078 -0.240104 1.94543e-19)
(9.95285 -0.260984 0)
(9.89276 -0.280494 -4.57886e-21)
(9.82791 -0.298473 -1.31666e-19)
(9.75866 -0.314803 0)
(9.68543 -0.329452 0)
(9.60863 -0.3423 5.88269e-20)
(9.52871 -0.353426 -3.54063e-20)
(9.44612 -0.362807 -1.43529e-20)
(9.36132 -0.370669 1.81864e-20)
(9.27475 -0.377137 0)
(9.18676 -0.382506 0)
(9.09783 -0.387203 -1.52588e-19)
(9.00809 -0.391553 0)
(8.91797 -0.396539 3.53399e-19)
(8.82741 -0.402452 0)
(8.73652 -0.410759 3.09884e-19)
(8.64546 -0.422328 0)
(8.55382 -0.438446 0)
(8.46153 -0.461922 0)
(8.36957 -0.492772 2.16131e-19)
(8.27476 -0.535289 2.3901e-19)
(8.18431 -0.592055 4.95385e-19)
(8.09073 -0.658633 0)
(8.00599 -0.749405 -8.19692e-19)
(7.93079 -0.845464 -5.58076e-19)
(7.87364 -0.950768 2.91795e-19)
(7.83602 -1.06435 -5.84518e-19)
(7.84911 -1.15239 5.66177e-19)
(7.881 -1.17081 0)
(10.0366 0.0115393 2.25902e-19)
(10.0527 0.0226211 0)
(10.0764 0.037421 1.3808e-19)
(10.1079 0.0475269 7.83727e-20)
(10.1413 0.048736 -1.76054e-19)
(10.1708 0.0425761 0)
(10.194 0.0322653 0)
(10.2112 0.0199014 0)
(10.2234 0.00631541 0)
(10.2311 -0.0081934 0)
(10.2348 -0.0233029 0)
(10.2346 -0.0387259 0)
(10.231 -0.0542119 0)
(10.223 -0.07177 1.31301e-19)
(10.2091 -0.0915939 6.36144e-20)
(10.1899 -0.11176 0)
(10.1652 -0.132008 0)
(10.1351 -0.152229 1.1221e-19)
(10.0993 -0.172264 0)
(10.0579 -0.191812 -1.02321e-19)
(10.011 -0.210639 0)
(9.95883 -0.228499 0)
(9.90165 -0.245251 -7.42434e-20)
(9.83974 -0.260738 0)
(9.77348 -0.274856 -4.95217e-20)
(9.70324 -0.287563 3.85868e-20)
(9.6294 -0.298762 -3.00082e-20)
(9.55242 -0.308541 5.08189e-20)
(9.47268 -0.316843 0)
(9.39067 -0.323907 -6.29589e-21)
(9.30673 -0.32979 0)
(9.22124 -0.334814 2.82331e-20)
(9.1346 -0.33932 0)
(9.04684 -0.343614 4.91733e-20)
(8.95843 -0.348627 -5.80006e-20)
(8.86903 -0.354474 -6.8885e-20)
(8.77882 -0.362865 0)
(8.68761 -0.374169 0)
(8.59461 -0.390034 0)
(8.49999 -0.413276 0)
(8.40369 -0.44299 1.09408e-19)
(8.30228 -0.485852 -2.37889e-19)
(8.20483 -0.542001 0)
(8.09807 -0.609218 0)
(8.00408 -0.707181 1.34946e-19)
(7.9147 -0.807566 0)
(7.849 -0.928053 -4.42606e-19)
(7.79855 -1.06041 5.86298e-19)
(7.82878 -1.16139 -2.89796e-19)
(7.85807 -1.16724 0)
(10.0389 0.00609681 0)
(10.0554 0.0148187 0)
(10.0777 0.0262332 0)
(10.106 0.0342586 -7.82458e-20)
(10.1361 0.0354185 0)
(10.1632 0.030583 0)
(10.185 0.0221498 0)
(10.2016 0.0118309 0)
(10.2134 0.000386688 0)
(10.2209 -0.0118358 0)
(10.2244 -0.0245636 0)
(10.2241 -0.0375511 0)
(10.2206 -0.050482 0)
(10.2131 -0.0651546 0)
(10.1998 -0.0817289 -6.2601e-20)
(10.1814 -0.0986002 0)
(10.1576 -0.115597 0)
(10.1284 -0.132595 -1.10567e-19)
(10.0936 -0.14946 0)
(10.0533 -0.165953 -9.64255e-20)
(10.0076 -0.18186 0)
(9.95665 -0.196969 0)
(9.90074 -0.211168 -6.96697e-20)
(9.8401 -0.224309 0)
(9.7751 -0.236331 4.91082e-20)
(9.70606 -0.247162 -3.83035e-20)
(9.63338 -0.256763 -2.7262e-20)
(9.55748 -0.26518 -1.60991e-20)
(9.47869 -0.272376 0)
(9.39754 -0.278578 6.27234e-21)
(9.31425 -0.28377 0)
(9.22927 -0.288353 -2.81703e-20)
(9.14287 -0.29247 0)
(9.05505 -0.296548 -4.91301e-20)
(8.96634 -0.301329 -5.91868e-20)
(8.87602 -0.306823 6.89108e-20)
(8.78459 -0.315004 0)
(8.69131 -0.325441 0)
(8.59536 -0.340688 0)
(8.49712 -0.362805 0)
(8.39506 -0.390372 1.13489e-19)
(8.28674 -0.433241 0)
(8.18124 -0.486342 0)
(8.05972 -0.554372 0)
(7.95695 -0.659173 1.43817e-19)
(7.84667 -0.760918 0)
(7.77023 -0.90597 1.51605e-19)
(7.69617 -1.06524 0)
(7.74425 -1.16772 2.92655e-19)
(7.7243 -1.13815 0)
(10.0414 -9.74326e-05 0)
(10.0581 0.00639187 0)
(10.079 0.0146831 0)
(10.1044 0.0204909 0)
(10.1313 0.0213026 0)
(10.1561 0.017639 0)
(10.1767 0.0111533 0)
(10.1925 0.00308658 0)
(10.2037 -0.00592293 0)
(10.2107 -0.0156022 0)
(10.2139 -0.0257085 0)
(10.2134 -0.0360237 0)
(10.2098 -0.0462511 0)
(10.2023 -0.0578731 0)
(10.1893 -0.0711219 0)
(10.1711 -0.0846587 0)
(10.1476 -0.0983037 0)
(10.1187 -0.111956 0)
(10.0843 -0.125509 0)
(10.0444 -0.138798 0)
(9.99918 -0.151627 0)
(9.9487 -0.163847 0)
(9.89325 -0.175346 0)
(9.83301 -0.186017 0)
(9.76839 -0.19582 0)
(9.69963 -0.204657 0)
(9.62716 -0.212566 0)
(9.55134 -0.219496 0)
(9.47248 -0.225513 0)
(9.39111 -0.230735 0)
(9.30734 -0.235157 0)
(9.2217 -0.239207 0)
(9.13424 -0.242789 0)
(9.04504 -0.246586 0)
(8.95454 -0.250903 0)
(8.86167 -0.255877 0)
(8.76741 -0.263622 0)
(8.66992 -0.272598 0)
(8.56907 -0.287104 0)
(8.46466 -0.30702 0)
(8.35345 -0.331577 0)
(8.23588 -0.374369 0)
(8.11531 -0.420421 0)
(7.97434 -0.490347 0)
(7.85276 -0.599128 0)
(7.70109 -0.694085 0)
(7.5968 -0.87395 0)
(7.47472 -1.07936 0)
(7.49726 -1.16115 0)
(7.31077 -1.04934 0)
(10.044 -0.00682104 0)
(10.06 -0.00232023 0)
(10.0791 0.00324427 0)
(10.1012 0.00704529 0)
(10.1248 0.0074472 0)
(10.1468 0.00479086 0)
(10.1654 0.000163966 0)
(10.1796 -0.00562128 0)
(10.1896 -0.01212 0)
(10.1954 -0.019166 1.28672e-19)
(10.1976 -0.0265832 0)
(10.1962 -0.0341897 0)
(10.1919 -0.0417945 0)
(10.1835 -0.0503624 0)
(10.1696 -0.0601281 0)
(10.1507 -0.0701942 0)
(10.1265 -0.0803741 0)
(10.0968 -0.090591 1.10371e-19)
(10.0616 -0.100755 0)
(10.021 -0.110768 9.74345e-20)
(9.9751 -0.12046 0)
(9.92395 -0.129766 0)
(9.86779 -0.138559 0)
(9.80681 -0.146795 0)
(9.74137 -0.154415 0)
(9.67167 -0.161334 4.02236e-20)
(9.59815 -0.16762 0)
(9.52104 -0.173141 -3.33707e-20)
(9.44069 -0.178068 0)
(9.35752 -0.182357 1.61669e-20)
(9.27156 -0.186097 0)
(9.1834 -0.189623 0)
(9.09276 -0.192692 9.27473e-20)
(8.99999 -0.196221 0)
(8.90508 -0.199942 1.44373e-19)
(8.80696 -0.204425 0)
(8.70688 -0.211465 0)
(8.60153 -0.218732 0)
(8.49265 -0.232407 0)
(8.37723 -0.248944 0)
(8.25258 -0.270675 0)
(8.12108 -0.311505 0)
(7.97513 -0.34807 0)
(7.81313 -0.420658 0)
(7.65071 -0.522995 0)
(7.44572 -0.610447 -4.50401e-19)
(7.28154 -0.814293 0)
(7.04094 -1.05139 0)
(6.92091 -1.11416 0)
(6.42325 -0.892514 0)
(10.0415 -0.0138824 -2.38392e-19)
(10.0522 -0.0102064 0)
(10.0658 -0.00641601 0)
(10.0822 -0.00403753 0)
(10.0999 -0.00383014 0)
(10.1167 -0.00547529 0)
(10.1306 -0.00828809 2.06699e-19)
(10.1407 -0.0117527 0)
(10.1467 -0.0156989 0)
(10.1488 -0.0199978 -1.28186e-19)
(10.1475 -0.0245668 0)
(10.1427 -0.0292665 1.42511e-19)
(10.1353 -0.0340143 0)
(10.1236 -0.0394151 -1.20064e-19)
(10.106 -0.045532 -1.18089e-19)
(10.0828 -0.0518318 0)
(10.0546 -0.0584823 0)
(10.0212 -0.0654364 -2.07894e-19)
(9.98278 -0.0724649 0)
(9.93923 -0.0794282 -5.20196e-22)
(9.89048 -0.0862044 0)
(9.83659 -0.0927647 0)
(9.77761 -0.0990152 1.30302e-19)
(9.71365 -0.104934 0)
(9.64497 -0.110465 -9.17076e-20)
(9.57161 -0.115551 3.544e-20)
(9.49401 -0.120243 0)
(9.41213 -0.12441 5.83863e-20)
(9.32647 -0.128226 0)
(9.23708 -0.131548 -1.39873e-20)
(9.14418 -0.134546 3.56793e-20)
(9.04819 -0.137387 0)
(8.94858 -0.1398 -7.83905e-20)
(8.84626 -0.142857 9.94419e-20)
(8.74008 -0.145519 -2.40274e-19)
(8.63039 -0.149532 -1.40732e-19)
(8.51673 -0.154872 0)
(8.39658 -0.160427 0)
(8.27203 -0.172564 0)
(8.13576 -0.183397 -2.22186e-19)
(7.99206 -0.203872 -2.43335e-19)
(7.83014 -0.236009 0)
(7.64992 -0.263047 0)
(7.4507 -0.334678 0)
(7.19899 -0.408633 -3.31506e-19)
(6.93136 -0.488488 6.92276e-19)
(6.59489 -0.701553 0)
(5.99922 -0.892608 0)
(5.54182 -0.921708 0)
(4.67728 -0.611153 0)
(9.85484 -0.0188931 2.46604e-19)
(9.8289 -0.0178204 0)
(9.80818 -0.0166228 0)
(9.79164 -0.0159201 0)
(9.77816 -0.0159525 0)
(9.76559 -0.0165964 0)
(9.75209 -0.0176075 -2.01102e-19)
(9.73624 -0.0188088 0)
(9.71798 -0.0201501 0)
(9.69691 -0.0216009 0)
(9.67401 -0.023125 0)
(9.64846 -0.0246953 -1.34573e-19)
(9.62216 -0.0262301 0)
(9.58855 -0.0280311 1.11798e-19)
(9.5472 -0.0301204 1.09139e-19)
(9.50042 -0.03223 0)
(9.44733 -0.0346268 0)
(9.38756 -0.0373216 9.38597e-20)
(9.32107 -0.0401341 0)
(9.24776 -0.0429649 -8.05991e-20)
(9.16763 -0.0457436 0)
(9.0808 -0.0484712 0)
(8.98735 -0.0510948 -1.14068e-19)
(8.88771 -0.053604 0)
(8.78195 -0.0559807 7.92062e-20)
(8.67074 -0.0581304 -6.11719e-20)
(8.55415 -0.0601676 0)
(8.4329 -0.0619265 -2.46063e-20)
(8.30724 -0.0636316 0)
(8.17742 -0.0650396 0)
(8.04449 -0.0662837 -2.95916e-20)
(7.90736 -0.0675475 0)
(7.76829 -0.0681719 0)
(7.62486 -0.0699757 -8.08008e-20)
(7.47841 -0.0701424 9.69868e-20)
(7.32938 -0.0725602 1.12783e-19)
(7.17066 -0.0747472 0)
(7.01282 -0.0754494 0)
(6.8365 -0.0857176 0)
(6.65089 -0.0835508 1.73147e-19)
(6.45637 -0.101103 1.88314e-19)
(6.2022 -0.11741 0)
(5.96328 -0.116134 0)
(5.62726 -0.196165 0)
(5.18189 -0.194526 2.49477e-19)
(4.7836 -0.241704 -2.62464e-19)
(4.01238 -0.532101 0)
(2.77083 -0.46304 0)
(1.80098 -0.0152469 0)
(1.17606 0.198711 0)
(1.50289 -0.123425 0)
(2.03275 -0.0825612 1.54554e-19)
(2.59971 -0.0335017 0)
(3.22915 0.014403 6.62858e-18)
(3.89067 0.0838958 1.26905e-17)
(4.60343 0.152949 5.67874e-18)
(5.36219 0.264829 0)
(6.07997 0.359812 3.78987e-18)
(6.80866 0.477578 -5.15807e-18)
(7.52195 0.649201 -1.81417e-18)
(2.72634 -0.32099 0)
(3.20466 -0.283954 9.75321e-18)
(3.72526 -0.228229 -4.6848e-18)
(4.30973 -0.172728 -1.39125e-17)
(4.9304 -0.0921563 -3.12331e-19)
(5.59647 -0.0123551 -1.57961e-17)
(6.27875 0.118323 0)
(6.99832 0.25212 -5.387e-18)
(7.58489 0.383316 0)
(8.30311 0.630622 2.58535e-18)
(3.49886 -0.482643 0)
(3.94693 -0.455914 0)
(4.43703 -0.412533 6.52628e-18)
(4.99034 -0.365704 6.33711e-18)
(5.57054 -0.284372 -6.0848e-18)
(6.19404 -0.202464 5.53836e-18)
(6.8252 -0.0612911 0)
(7.4889 0.0909954 0)
(8.03016 0.248369 -4.27242e-18)
(8.64549 0.548083 -1.53024e-18)
(4.07636 -0.594119 0)
(4.51043 -0.574286 0)
(4.9837 -0.536812 8.65487e-18)
(5.51795 -0.492451 0)
(6.06549 -0.408013 -8.04638e-18)
(6.65594 -0.323769 7.33097e-18)
(7.24768 -0.173355 0)
(7.86026 -0.00576044 -4.7273e-18)
(8.36262 0.174072 1.15643e-17)
(8.88204 0.51261 2.05108e-18)
(4.51113 -0.669199 0)
(4.93607 -0.654028 0)
(5.39709 -0.620091 -8.37186e-20)
(5.91521 -0.575677 0)
(6.43513 -0.488438 0)
(6.99742 -0.402297 0)
(7.56236 -0.245328 -8.10782e-18)
(8.13528 -0.0682802 6.28561e-18)
(8.61112 0.128043 -7.51106e-18)
(9.04509 0.492874 0)
(4.8273 -0.71997 0)
(5.24224 -0.70738 0)
(5.69283 -0.6753 -1.33832e-17)
(6.19542 -0.629949 0)
(6.69182 -0.540518 0)
(7.22995 -0.453242 0)
(7.77669 -0.29177 2.0084e-17)
(8.31667 -0.108338 7.48107e-18)
(8.77874 0.0991074 -4.33974e-18)
(9.15196 0.481501 0)
(5.04876 -0.754124 0)
(5.45507 -0.743324 0)
(5.89697 -0.712325 0)
(6.38532 -0.665968 0)
(6.86252 -0.574946 1.53233e-17)
(7.38128 -0.487116 -1.4205e-17)
(7.91437 -0.322531 -1.23457e-17)
(8.42766 -0.13486 -8.23765e-20)
(8.88067 0.0801055 1.01077e-17)
(9.22008 0.474582 0)
(5.28064 -0.789316 0)
(5.67709 -0.780399 0)
(6.10817 -0.750373 6.58239e-18)
(6.57813 -0.702716 0)
(7.03298 -0.609968 -1.24328e-17)
(7.53002 -0.521873 1.14104e-17)
(8.04684 -0.353918 0)
(8.52953 -0.162146 -1.40432e-17)
(8.9713 0.0608115 -9.46166e-20)
(9.28633 0.46772 0)
(5.56346 -0.831744 -6.66685e-18)
(5.94626 -0.824966 0)
(6.35951 -0.795628 -1.38025e-17)
(6.80002 -0.745869 0)
(7.2246 -0.651084 6.36084e-18)
(7.69345 -0.563361 -5.79939e-18)
(8.18498 -0.391049 4.85083e-18)
(8.62699 -0.194229 7.14018e-18)
(9.05344 0.0378135 -4.08013e-18)
(9.35625 0.459424 1.27134e-18)
(5.84408 -0.873564 3.4278e-18)
(6.21025 -0.868534 0)
(6.59953 -0.839044 7.00657e-18)
(7.005 -0.786812 0)
(7.39834 -0.690366 -6.44723e-18)
(7.83725 -0.603443 1.16327e-17)
(8.29775 -0.42657 -9.58636e-18)
(8.70298 -0.225172 0)
(9.11452 0.0145275 -1.97071e-18)
(9.41369 0.450817 -1.29813e-18)
(6.11933 -0.914379 3.46379e-18)
(6.46396 -0.910446 0)
(6.8232 -0.879898 3.50394e-18)
(7.19061 -0.825201 0)
(7.55276 -0.727619 -6.37961e-18)
(7.95935 -0.641659 -1.15245e-17)
(8.38594 -0.459582 4.73332e-18)
(8.76188 -0.255403 -3.48453e-18)
(9.15659 -0.00903788 3.97821e-18)
(9.45733 0.441707 0)
(6.38414 -0.953581 -3.48901e-18)
(6.70179 -0.949933 0)
(7.02691 -0.917711 -3.54611e-18)
(7.35502 -0.860839 0)
(7.68614 -0.762608 6.41096e-18)
(8.05896 -0.677565 5.713e-18)
(8.45488 -0.49057 2.3053e-18)
(8.80435 -0.284244 7.04993e-18)
(9.17793 -0.0323021 -2.01148e-18)
(9.48554 0.432058 0)
(6.63297 -0.990582 3.54107e-18)
(6.9197 -0.986447 0)
(7.20839 -0.952136 1.7611e-18)
(7.49684 -0.893482 0)
(7.79779 -0.79505 0)
(8.13845 -0.710627 0)
(8.50877 -0.520139 -2.33646e-18)
(8.82986 -0.311425 -5.32612e-18)
(9.17605 -0.0552849 9.73512e-19)
(9.49618 0.421797 0)
(6.86174 -1.02492 0)
(7.11545 -1.01967 0)
(7.36626 -0.982872 -1.7725e-18)
(7.61599 -0.922817 0)
(7.88963 -0.82474 0)
(8.20322 -0.741809 1.39251e-18)
(8.54723 -0.547646 1.14923e-18)
(8.83601 -0.336545 2.67488e-18)
(9.14671 -0.0779013 -5.12809e-19)
(9.48647 0.410828 1.44026e-19)
(7.06834 -1.05593 0)
(7.2875 -1.04912 0)
(7.50093 -1.00992 0)
(7.71576 -0.949498 0)
(7.96687 -0.852675 0)
(8.25528 -0.772069 -1.50767e-18)
(8.56766 -0.57283 -1.2415e-18)
(8.81843 -0.360074 -9.51472e-19)
(9.08494 -0.0997044 -5.18654e-19)
(9.45327 0.398883 -1.555e-19)
(7.40505 -1.10554 0)
(7.55668 -1.09517 -1.69433e-18)
(7.70398 -1.05204 0)
(7.86383 -0.994054 0)
(8.08067 -0.90108 0)
(8.31603 -0.824029 -1.27872e-18)
(8.55717 -0.612901 0)
(8.72624 -0.401943 0)
(8.90589 -0.135503 0)
(9.34377 0.373986 0)
(7.73576 -1.14835 3.39253e-18)
(7.79259 -1.13509 1.70639e-18)
(7.86626 -1.09065 3.25929e-18)
(7.97316 -1.04348 0)
(8.14725 -0.954683 2.83638e-18)
(8.27539 -0.877245 -1.21087e-18)
(8.33757 -0.636406 0)
(8.36354 -0.434129 0)
(8.39625 -0.172455 0)
(8.98279 0.331394 0)
(7.86351 -1.16077 -3.40111e-18)
(7.86638 -1.14966 0)
(7.9122 -1.11295 -3.27387e-18)
(7.98685 -1.07903 0)
(8.07743 -0.98132 -8.44016e-18)
(7.99149 -0.877113 7.42206e-18)
(7.81567 -0.603103 0)
(7.7669 -0.425195 -2.89584e-18)
(7.66939 -0.197126 -1.38857e-18)
(8.43862 0.281703 0)
(7.88161 -1.15998 0)
(7.85497 -1.15484 0)
(7.88403 -1.12749 -6.39052e-18)
(7.87043 -1.08682 0)
(7.72932 -0.943052 1.11209e-17)
(7.36934 -0.796275 -9.71306e-18)
(7.03209 -0.520094 0)
(7.00615 -0.395174 2.87988e-18)
(6.80891 -0.213158 1.37793e-18)
(7.75853 0.222998 0)
(7.8261 -1.15152 0)
(7.76112 -1.14773 -6.6371e-18)
(7.69665 -1.10613 6.44663e-18)
(7.42962 -1.013 0)
(6.97355 -0.802057 -1.09544e-17)
(6.4603 -0.651637 4.80353e-18)
(6.08503 -0.420861 0)
(6.18006 -0.360616 0)
(5.92466 -0.225815 2.48255e-18)
(7.01363 0.157513 0)
(7.62442 -1.12101 0)
(7.43262 -1.09644 6.69596e-18)
(7.08922 -0.980375 0)
(6.48855 -0.807118 0)
(5.84076 -0.582467 -5.32064e-18)
(5.39996 -0.49428 9.31891e-18)
(5.12623 -0.3366 0)
(5.4093 -0.334695 -5.43712e-18)
(5.09038 -0.236594 -4.89427e-18)
(6.2681 0.08661 0)
(7.02762 -1.01488 0)
(6.50126 -0.910449 0)
(5.80841 -0.689822 0)
(5.05695 -0.501805 0)
(4.56811 -0.369016 1.07788e-17)
(4.44357 -0.382497 -9.28317e-18)
(4.28599 -0.28341 7.04335e-18)
(4.72522 -0.317214 5.41934e-18)
(4.31978 -0.244614 2.41168e-18)
(5.57972 0.0121196 1.82875e-18)
(5.75112 -0.750174 0)
(4.85913 -0.559554 0)
(4.22166 -0.375908 -1.84598e-17)
(3.86526 -0.303966 0)
(3.71743 -0.271073 -1.54198e-17)
(3.7926 -0.330402 -1.3214e-17)
(3.65893 -0.259064 -1.00531e-17)
(4.19898 -0.303197 0)
(3.70644 -0.246867 0)
(5.06374 -0.0534217 -2.5703e-18)
(3.73177 -0.296772 0)
(3.08951 -0.173396 0)
(2.9296 -0.180037 1.32815e-17)
(2.95528 -0.222008 0)
(3.0147 -0.234846 1.11876e-17)
(3.19346 -0.301112 1.93662e-17)
(3.04537 -0.242471 7.50226e-18)
(3.69513 -0.294158 -1.17446e-17)
(3.09293 -0.246889 5.49323e-18)
(4.58292 -0.122547 0)
(1.19411 0.0790105 0)
(1.48675 -0.0563872 -1.00273e-17)
(1.72948 -0.129139 0)
(1.87805 -0.159222 0)
(1.97974 -0.16155 -8.10396e-18)
(2.20383 -0.202082 -7.04593e-18)
(1.97149 -0.153616 -5.52281e-18)
(2.84046 -0.234837 8.69733e-18)
(1.99915 -0.168408 1.51905e-19)
(3.77376 -0.184869 0)
)
;

boundaryField
{
    inlet
    {
        type            fixedValue;
        value           uniform (10 0 0);
    }
    outlet
    {
        type            zeroGradient;
    }
    upperWall
    {
        type            noSlip;
    }
    lowerWall
    {
        type            noSlip;
    }
    frontAndBack
    {
        type            empty;
    }
}


// ************************************************************************* //
